4 0.846667 0.381667 0.086667 0.056667
4 0.832500 0.508333 0.046667 0.070000
4 0.867500 0.456667 0.073333 0.043333
4 0.840000 0.481667 0.038333 0.051667
4 0.776667 0.430000 0.180833 0.346667
4 0.790000 0.731667 0.115000 0.203333
4 0.855000 0.473333 0.062500 0.048333
4 0.886667 0.566667 0.095000 0.065000
4 0.806667 0.481667 0.095833 0.116667
4 0.845000 0.410000 0.044167 0.033333
4 0.425833 0.503333 0.072500 0.038333
4 0.191667 0.536667 0.257500 0.096667
4 0.255833 0.505000 0.064167 0.056667
4 0.640833 0.550000 0.058333 0.045000
4 0.422500 0.618333 0.083333 0.146667
4 0.723333 0.515000 0.087500 0.078333
4 0.680000 0.561667 0.097500 0.130000
4 0.359167 0.570000 0.235833 0.103333
4 0.703333 0.605000 0.164167 0.113333
4 0.285000 0.613333 0.088333 0.196667
3 0.592500 0.513333 0.009167 0.015000
3 0.595000 0.508333 0.010833 0.023333
2 0.799167 0.571667 0.011667 0.025000
3 0.400833 0.528333 0.010000 0.016667
3 0.576667 0.545000 0.017500 0.031667
3 0.823333 0.341667 0.009167 0.023333
2 0.795833 0.510000 0.020833 0.080000
3 0.235000 0.571667 0.007500 0.015000
2 0.320833 0.506667 0.035000 0.105000
3 0.526667 0.573333 0.007500 0.015000
3 0.195833 0.475000 0.008333 0.016667
2 0.317500 0.440000 0.027500 0.016667
2 0.328333 0.485000 0.021667 0.090000
2 0.431667 0.610000 0.020833 0.080000
3 0.177500 0.446667 0.013333 0.015000
3 0.275833 0.536667 0.008333 0.016667
2 0.288333 0.448333 0.048333 0.043333
2 0.334167 0.578333 0.021667 0.090000
2 0.349167 0.568333 0.011667 0.066667
2 0.510000 0.528333 0.011667 0.066667
2 0.177500 0.593333 0.020833 0.080000
3 0.309167 0.558333 0.017500 0.031667
2 0.113333 0.498333 0.021667 0.090000
2 0.456667 0.550000 0.020833 0.080000
3 0.797500 0.536667 0.009167 0.016667
3 0.445833 0.596667 0.014167 0.025000
2 0.796667 0.483333 0.030833 0.051667
3 0.039167 0.468333 0.007500 0.018333
2 0.721667 0.513333 0.017500 0.116667
3 0.660000 0.550000 0.007500 0.018333
3 0.352500 0.578333 0.006667 0.018333
3 0.039167 0.538333 0.011667 0.020000
3 0.252500 0.491667 0.009167 0.016667
3 0.369167 0.558333 0.010833 0.013333
2 0.498333 0.441667 0.015833 0.068333
2 0.515833 0.491667 0.026667 0.035000
2 0.669167 0.615000 0.034167 0.100000
3 0.057500 0.468333 0.008333 0.016667
3 0.334167 0.561667 0.008333 0.021667
2 0.329167 0.463333 0.034167 0.038333
3 0.227500 0.543333 0.009167 0.023333
2 0.310833 0.593333 0.023333 0.106667
3 0.414167 0.506667 0.014167 0.025000
3 0.046667 0.461667 0.008333 0.016667
3 0.725000 0.473333 0.007500 0.018333
3 0.097500 0.531667 0.017500 0.031667
2 0.490833 0.498333 0.048333 0.043333
3 0.285833 0.570000 0.017500 0.031667
3 0.805833 0.500000 0.010833 0.023333
3 0.460833 0.501667 0.009167 0.015000
3 0.151667 0.483333 0.008333 0.016667
2 0.343333 0.518333 0.058333 0.076667
2 0.215833 0.536667 0.027500 0.016667
3 0.218333 0.520000 0.011667 0.020000
2 0.255833 0.480000 0.020833 0.028333
2 0.685833 0.523333 0.020000 0.021667
2 0.718333 0.605000 0.010833 0.091667
3 0.765833 0.586667 0.007500 0.018333
2 0.390000 0.525000 0.035000 0.105000
3 0.423333 0.581667 0.007500 0.015000
2 0.310833 0.591667 0.026667 0.035000
2 0.728333 0.500000 0.029167 0.038333
3 0.405833 0.486667 0.008333 0.016667
2 0.632500 0.520000 0.058333 0.076667
3 0.304167 0.486667 0.009167 0.015000
2 0.745833 0.533333 0.009167 0.031667
2 0.809167 0.523333 0.029167 0.038333
2 0.504167 0.465000 0.020000 0.021667
3 0.150833 0.583333 0.008333 0.016667
2 0.820833 0.566667 0.010000 0.031667
2 0.711667 0.568333 0.019167 0.046667
2 0.472500 0.483333 0.048333 0.025000
3 0.339167 0.483333 0.006667 0.018333
3 0.365833 0.471667 0.008333 0.016667
3 0.636667 0.541667 0.008333 0.021667
3 0.513333 0.525000 0.015833 0.051667
3 0.234167 0.471667 0.008333 0.016667
2 0.596667 0.483333 0.011667 0.025000
2 0.096667 0.508333 0.015833 0.068333
2 0.256667 0.560000 0.014167 0.015000
2 0.295000 0.546667 0.013333 0.070000
2 0.205000 0.438333 0.014167 0.015000
2 0.513333 0.511667 0.020000 0.021667
3 0.264167 0.478333 0.007500 0.016667
3 0.523333 0.466667 0.007500 0.015000
2 0.495000 0.420000 0.011667 0.025000
3 0.260833 0.523333 0.013333 0.015000
2 0.405833 0.523333 0.048333 0.043333
2 0.120000 0.583333 0.097500 0.053333
3 0.806667 0.553333 0.009167 0.016667
3 0.754167 0.516667 0.015833 0.051667
2 0.589167 0.535000 0.009167 0.040000
2 0.280000 0.443333 0.011667 0.066667
3 0.713333 0.580000 0.010000 0.020000
2 0.455833 0.496667 0.021667 0.090000
3 0.726667 0.503333 0.013333 0.015000
3 0.068333 0.506667 0.011667 0.020000
2 0.466667 0.508333 0.030833 0.051667
2 0.079167 0.490000 0.058333 0.076667
2 0.239167 0.450000 0.020833 0.080000
3 0.211667 0.516667 0.008333 0.016667
3 0.545833 0.466667 0.014167 0.025000
2 0.405000 0.698333 0.023333 0.041667
3 0.742500 0.415000 0.006667 0.018333
3 0.788333 0.345000 0.013333 0.031667
3 0.338333 0.368333 0.009167 0.015000
2 0.278333 0.650000 0.011667 0.066667
2 0.741667 0.418333 0.023333 0.106667
2 0.460833 0.705000 0.010000 0.031667
2 0.511667 0.350000 0.029167 0.038333
2 0.549167 0.431667 0.026667 0.035000
2 0.273333 0.420000 0.013333 0.070000
2 0.539167 0.691667 0.023333 0.106667
2 0.195000 0.330000 0.097500 0.053333
2 0.516667 0.356667 0.020000 0.021667
3 0.695000 0.731667 0.009167 0.023333
2 0.300000 0.698333 0.048333 0.043333
3 0.795833 0.400000 0.009167 0.018333
2 0.725833 0.716667 0.020000 0.021667
3 0.693333 0.276667 0.014167 0.025000
3 0.727500 0.685000 0.009167 0.023333
2 0.340833 0.681667 0.030833 0.051667
2 0.671667 0.366667 0.009167 0.031667
2 0.665000 0.690000 0.034167 0.100000
3 0.570000 0.671667 0.008333 0.016667
3 0.316667 0.686667 0.008333 0.016667
2 0.689167 0.380000 0.011667 0.025000
3 0.224167 0.770000 0.009167 0.016667
2 0.550833 0.693333 0.015833 0.068333
3 0.484167 0.718333 0.007500 0.016667
3 0.356667 0.656667 0.007500 0.015000
2 0.636667 0.408333 0.027500 0.016667
2 0.696667 0.430000 0.029167 0.038333
3 0.277500 0.281667 0.010000 0.020000
3 0.369167 0.408333 0.009167 0.023333
3 0.512500 0.656667 0.013333 0.015000
3 0.435833 0.331667 0.007500 0.018333
2 0.216667 0.703333 0.027500 0.016667
2 0.156667 0.385000 0.048333 0.043333
2 0.803333 0.626667 0.019167 0.046667
2 0.730833 0.631667 0.009167 0.040000
3 0.304167 0.735000 0.009167 0.018333
2 0.498333 0.321667 0.035000 0.105000
3 0.410833 0.678333 0.007500 0.018333
2 0.675833 0.625000 0.023333 0.106667
2 0.690833 0.621667 0.097500 0.053333
2 0.200000 0.686667 0.013333 0.070000
3 0.680833 0.425000 0.009167 0.018333
2 0.661667 0.260000 0.097500 0.053333
3 0.534167 0.623333 0.006667 0.018333
2 0.528333 0.346667 0.011667 0.025000
3 0.749167 0.673333 0.011667 0.030000
2 0.461667 0.285000 0.035000 0.105000
2 0.483333 0.386667 0.097500 0.053333
3 0.487500 0.275000 0.007500 0.016667
2 0.024167 0.583333 0.019167 0.046667
2 0.733333 0.598333 0.017500 0.116667
3 0.796667 0.386667 0.014167 0.025000
2 0.364167 0.735000 0.058333 0.076667
2 0.535000 0.721667 0.020000 0.021667
3 0.322500 0.686667 0.013333 0.015000
2 0.579167 0.466667 0.021667 0.090000
3 0.799167 0.393333 0.010000 0.016667
3 0.691667 0.368333 0.009167 0.015000
3 0.280833 0.405000 0.011667 0.030000
2 0.713333 0.645000 0.023333 0.106667
2 0.285833 0.771667 0.023333 0.041667
3 0.310833 0.795000 0.009167 0.016667
3 0.660000 0.381667 0.007500 0.016667
2 0.765000 0.381667 0.014167 0.015000
3 0.615833 0.396667 0.007500 0.015000
2 0.218333 0.383333 0.045833 0.021667
3 0.540833 0.723333 0.007500 0.016667
3 0.285833 0.251667 0.007500 0.018333
3 0.602500 0.645000 0.010000 0.020000
3 0.798333 0.736667 0.008333 0.016667
3 0.450833 0.648333 0.010000 0.016667
3 0.475833 0.805000 0.010000 0.020000
2 0.762500 0.336667 0.022500 0.023333
2 0.769167 0.440000 0.010833 0.091667
3 0.342500 0.871667 0.009167 0.016667
3 0.796667 0.733333 0.010833 0.013333
3 0.790833 0.645000 0.013333 0.031667
2 0.542500 0.663333 0.022500 0.023333
2 0.279167 0.763333 0.027500 0.016667
2 0.695833 0.675000 0.034167 0.038333
2 0.682500 0.688333 0.035000 0.105000
3 0.344167 0.368333 0.009167 0.015000
2 0.342500 0.830000 0.009167 0.040000
3 0.752500 0.335000 0.007500 0.015000
3 0.460833 0.666667 0.009167 0.016667
2 0.790833 0.615000 0.020833 0.080000
2 0.304167 0.780000 0.023333 0.041667
3 0.515000 0.748333 0.009167 0.016667
3 0.761667 0.601667 0.007500 0.016667
2 0.725000 0.293333 0.097500 0.053333
2 0.226667 0.381667 0.029167 0.038333
3 0.551667 0.390000 0.007500 0.018333
2 0.703333 0.410000 0.010833 0.091667
2 0.431667 0.381667 0.015833 0.068333
3 0.481667 0.811667 0.011667 0.020000
3 0.505000 0.258333 0.007500 0.015000
3 0.723333 0.615000 0.008333 0.016667
3 0.768333 0.333333 0.011667 0.030000
3 0.442500 0.810000 0.007500 0.015000
3 0.649167 0.713333 0.009167 0.015000
3 0.516667 0.405000 0.009167 0.018333
2 0.358333 0.653333 0.026667 0.035000
2 0.636667 0.426667 0.058333 0.076667
3 0.451667 0.648333 0.007500 0.016667
2 0.756667 0.571667 0.011667 0.066667
2 0.395000 0.818333 0.058333 0.076667
3 0.480833 0.380000 0.009167 0.023333
3 0.601667 0.998333 0.007500 0.001667
3 0.679167 0.636667 0.007500 0.015000
3 0.715000 0.653333 0.014167 0.025000
3 0.650000 0.680000 0.007500 0.016667
2 0.275833 0.743333 0.020000 0.021667
3 0.735000 0.720000 0.008333 0.016667
3 0.395000 0.360000 0.007500 0.018333
3 0.770833 0.355000 0.010833 0.013333
3 0.733333 0.690000 0.009167 0.016667
2 0.637500 0.428333 0.009167 0.031667
2 0.366667 0.361667 0.058333 0.076667
3 0.525833 0.398333 0.015833 0.051667
2 0.365833 0.388333 0.015833 0.068333
2 0.791667 0.663333 0.030833 0.051667
2 0.429167 0.748333 0.022500 0.023333
2 0.674167 0.645000 0.023333 0.041667
2 0.744167 0.376667 0.029167 0.038333
3 0.793333 0.715000 0.011667 0.020000
3 0.778333 0.608333 0.011667 0.030000
2 0.696667 0.655000 0.034167 0.100000
2 0.799167 0.438333 0.010833 0.091667
3 0.294167 0.285000 0.010833 0.023333
2 0.700833 0.420000 0.045833 0.021667
2 0.591667 0.306667 0.034167 0.038333
3 0.480000 0.778333 0.010833 0.023333
2 0.555833 0.733333 0.020833 0.028333
3 0.245000 0.360000 0.008333 0.021667
3 0.665833 0.363333 0.008333 0.016667
3 0.778333 0.648333 0.011667 0.030000
2 0.649167 0.441667 0.030833 0.051667
2 0.643333 0.343333 0.026667 0.035000
3 0.514167 0.598333 0.013333 0.015000
3 0.719167 0.420000 0.009167 0.016667
2 0.755833 0.698333 0.023333 0.041667
2 0.397500 0.408333 0.030833 0.051667
3 0.729167 0.411667 0.007500 0.018333
2 0.615833 0.373333 0.035000 0.105000
2 0.635000 0.320000 0.097500 0.053333
3 0.248333 0.675000 0.009167 0.015000
2 0.585000 0.536667 0.035000 0.105000
2 0.302500 0.750000 0.021667 0.090000
3 0.239167 0.375000 0.011667 0.030000
2 0.355000 0.405000 0.023333 0.041667
2 0.558333 0.378333 0.010833 0.091667
2 0.242500 0.723333 0.011667 0.066667
3 0.307500 0.403333 0.007500 0.015000
3 0.296667 0.738333 0.013333 0.031667
2 0.247500 0.713333 0.010833 0.091667
3 0.778333 0.413333 0.009167 0.016667
2 0.709167 0.441667 0.009167 0.031667
2 0.274167 0.710000 0.034167 0.038333
2 0.420833 0.778333 0.011667 0.025000
2 0.720833 0.418333 0.019167 0.046667
2 0.440833 0.665000 0.029167 0.038333
2 0.476667 0.275000 0.029167 0.038333
3 0.645833 0.680000 0.008333 0.016667
2 0.843333 0.316667 0.011667 0.025000
2 0.756667 0.411667 0.009167 0.031667
3 0.468333 0.358333 0.013333 0.031667
2 0.357500 0.720000 0.013333 0.070000
3 0.428333 0.811667 0.008333 0.016667
2 0.735000 0.583333 0.097500 0.053333
3 0.777500 0.390000 0.008333 0.016667
2 0.665833 0.596667 0.035000 0.105000
3 0.445000 0.368333 0.013333 0.015000
2 0.413333 0.800000 0.045833 0.021667
2 0.682500 0.686667 0.026667 0.035000
3 0.290833 0.783333 0.007500 0.016667
3 0.764167 0.393333 0.009167 0.018333
2 0.253333 0.300000 0.019167 0.046667
2 0.320000 0.713333 0.048333 0.025000
2 0.462500 0.393333 0.034167 0.100000
2 0.406667 0.690000 0.023333 0.041667
2 0.654167 0.591667 0.014167 0.015000
2 0.348333 0.251667 0.020833 0.080000
2 0.237500 0.333333 0.010000 0.031667
2 0.495000 0.351667 0.009167 0.031667
2 0.751667 0.353333 0.019167 0.046667
3 0.789167 0.418333 0.007500 0.018333
3 0.633333 0.410000 0.009167 0.016667
2 0.328333 0.715000 0.010833 0.091667
2 0.391667 0.670000 0.011667 0.066667
3 0.496667 0.326667 0.008333 0.016667
2 0.675833 0.431667 0.014167 0.015000
3 0.705833 0.355000 0.010000 0.020000
3 0.810000 0.428333 0.007500 0.018333
2 0.531667 0.721667 0.097500 0.053333
