4 0.770833 0.470000 0.175000 0.281667
4 0.851667 0.521667 0.047500 0.063333
4 0.790000 0.446667 0.168333 0.243333
4 0.844167 0.708333 0.107500 0.078333
4 0.849167 0.553333 0.144167 0.151667
4 0.820000 0.450000 0.091667 0.116667
4 0.882500 0.521667 0.051667 0.056667
4 0.840833 0.393333 0.075000 0.025000
4 0.795833 0.448333 0.167500 0.101667
4 0.833333 0.398333 0.094167 0.171667
4 0.090000 0.448333 0.115833 0.226667
4 0.089167 0.550000 0.178333 0.151667
4 0.073333 0.488333 0.064167 0.123333
4 0.416667 0.570000 0.046667 0.101667
4 0.761667 0.478333 0.118333 0.041667
4 0.120000 0.513333 0.073333 0.040000
4 0.310000 0.523333 0.107500 0.036667
4 0.720000 0.455000 0.154167 0.233333
4 0.204167 0.495000 0.057500 0.043333
4 0.323333 0.526667 0.101667 0.076667
2 0.500000 0.456667 0.015833 0.068333
2 0.736667 0.503333 0.020833 0.080000
3 0.524167 0.576667 0.008333 0.021667
3 0.715000 0.531667 0.011667 0.020000
3 0.309167 0.546667 0.007500 0.015000
3 0.445000 0.531667 0.008333 0.021667
3 0.608333 0.628333 0.007500 0.018333
2 0.256667 0.546667 0.030833 0.051667
3 0.320000 0.530000 0.013333 0.015000
3 0.582500 0.516667 0.013333 0.031667
3 0.116667 0.463333 0.017500 0.031667
2 0.095000 0.540000 0.010833 0.091667
2 0.090000 0.531667 0.022500 0.023333
3 0.552500 0.541667 0.008333 0.016667
2 0.310833 0.535000 0.097500 0.053333
3 0.138333 0.496667 0.010000 0.016667
3 0.270000 0.488333 0.008333 0.016667
3 0.532500 0.545000 0.015833 0.051667
3 0.039167 0.536667 0.007500 0.015000
3 0.175833 0.581667 0.006667 0.018333
3 0.752500 0.483333 0.010000 0.020000
2 0.759167 0.558333 0.034167 0.038333
2 0.085833 0.555000 0.048333 0.043333
3 0.247500 0.505000 0.011667 0.020000
3 0.492500 0.423333 0.010833 0.023333
2 0.239167 0.553333 0.020833 0.080000
3 0.181667 0.501667 0.007500 0.018333
2 0.096667 0.596667 0.026667 0.035000
2 0.349167 0.460000 0.011667 0.025000
3 0.195833 0.510000 0.008333 0.016667
3 0.283333 0.456667 0.007500 0.015000
3 0.487500 0.430000 0.007500 0.018333
2 0.445833 0.478333 0.035000 0.105000
2 0.640000 0.516667 0.048333 0.043333
3 0.755000 0.581667 0.009167 0.016667
2 0.810833 0.591667 0.020000 0.021667
3 0.632500 0.516667 0.008333 0.016667
2 0.741667 0.518333 0.009167 0.040000
2 0.036667 0.463333 0.015833 0.068333
2 0.284167 0.531667 0.020833 0.080000
2 0.117500 0.453333 0.010000 0.031667
3 0.168333 0.485000 0.007500 0.015000
2 0.172500 0.545000 0.026667 0.035000
3 0.475000 0.505000 0.009167 0.023333
3 0.077500 0.486667 0.007500 0.015000
2 0.755833 0.536667 0.017500 0.116667
3 0.104167 0.510000 0.011667 0.020000
2 0.437500 0.616667 0.030833 0.051667
3 0.797500 0.528333 0.011667 0.030000
3 0.303333 0.535000 0.008333 0.016667
2 0.189167 0.560000 0.027500 0.016667
3 0.173333 0.573333 0.014167 0.025000
3 0.624167 0.613333 0.010000 0.020000
3 0.782500 0.560000 0.007500 0.018333
2 0.364167 0.530000 0.011667 0.025000
3 0.345000 0.483333 0.009167 0.023333
3 0.559167 0.490000 0.006667 0.018333
2 0.172500 0.435000 0.029167 0.038333
2 0.275000 0.441667 0.045833 0.021667
3 0.050000 0.483333 0.009167 0.016667
3 0.536667 0.540000 0.009167 0.023333
3 0.331667 0.490000 0.009167 0.023333
2 0.115833 0.571667 0.020000 0.021667
3 0.597500 0.460000 0.007500 0.015000
2 0.201667 0.500000 0.019167 0.046667
3 0.328333 0.550000 0.010000 0.016667
2 0.699167 0.486667 0.020833 0.028333
2 0.158333 0.575000 0.017500 0.116667
3 0.812500 0.553333 0.007500 0.018333
3 0.741667 0.486667 0.010000 0.016667
3 0.385000 0.498333 0.009167 0.016667
2 0.730000 0.546667 0.048333 0.043333
3 0.823333 0.670000 0.007500 0.015000
3 0.518333 0.511667 0.010000 0.020000
3 0.710833 0.571667 0.008333 0.016667
2 0.572500 0.560000 0.034167 0.038333
2 0.495000 0.561667 0.020833 0.028333
2 0.220000 0.540000 0.020000 0.021667
2 0.767500 0.571667 0.097500 0.053333
3 0.481667 0.555000 0.009167 0.018333
2 0.058333 0.561667 0.010000 0.031667
3 0.301667 0.566667 0.007500 0.018333
2 0.509167 0.468333 0.015833 0.068333
2 0.079167 0.495000 0.011667 0.025000
2 0.490833 0.508333 0.010000 0.031667
2 0.248333 0.553333 0.009167 0.040000
3 0.478333 0.456667 0.011667 0.020000
2 0.765000 0.506667 0.097500 0.053333
2 0.616667 0.548333 0.020000 0.021667
3 0.632500 0.463333 0.013333 0.015000
2 0.444167 0.498333 0.013333 0.070000
3 0.322500 0.490000 0.007500 0.015000
2 0.076667 0.588333 0.010833 0.091667
2 0.500000 0.463333 0.029167 0.038333
2 0.156667 0.428333 0.009167 0.040000
2 0.401667 0.478333 0.097500 0.053333
2 0.442500 0.608333 0.022500 0.023333
2 0.753333 0.578333 0.010833 0.091667
2 0.179167 0.570000 0.023333 0.041667
3 0.167500 0.531667 0.015833 0.051667
2 0.566667 0.495000 0.097500 0.053333
3 0.477500 0.528333 0.009167 0.016667
3 0.775833 0.425000 0.009167 0.023333
2 0.310833 0.406667 0.014167 0.015000
3 0.691667 0.668333 0.008333 0.016667
3 0.456667 0.883333 0.013333 0.031667
2 0.628333 0.398333 0.010833 0.091667
2 0.330000 0.265000 0.022500 0.023333
2 0.685000 0.670000 0.020833 0.080000
2 0.666667 0.641667 0.035000 0.105000
2 0.529167 0.470000 0.034167 0.100000
3 0.695833 0.345000 0.007500 0.018333
2 0.672500 0.390000 0.020833 0.028333
3 0.680000 0.641667 0.013333 0.031667
2 0.695000 0.241667 0.015833 0.068333
3 0.670833 0.361667 0.007500 0.016667
2 0.229167 0.623333 0.058333 0.076667
3 0.641667 0.350000 0.008333 0.016667
3 0.431667 0.743333 0.010000 0.016667
3 0.272500 0.321667 0.009167 0.016667
3 0.825000 0.418333 0.017500 0.031667
3 0.700833 0.431667 0.015833 0.051667
2 0.541667 0.386667 0.027500 0.016667
3 0.489167 0.296667 0.011667 0.020000
2 0.795000 0.615000 0.015833 0.068333
3 0.589167 0.336667 0.013333 0.015000
3 0.485833 0.775000 0.014167 0.025000
2 0.332500 0.655000 0.030833 0.051667
2 0.515833 0.788333 0.021667 0.090000
2 0.699167 0.418333 0.026667 0.035000
2 0.515000 0.698333 0.021667 0.090000
3 0.267500 0.750000 0.013333 0.015000
3 0.790833 0.678333 0.007500 0.015000
3 0.591667 0.758333 0.008333 0.016667
3 0.349167 0.740000 0.013333 0.031667
2 0.649167 0.396667 0.029167 0.038333
2 0.371667 0.676667 0.048333 0.025000
2 0.750833 0.371667 0.010833 0.091667
3 0.522500 0.760000 0.007500 0.018333
2 0.664167 0.628333 0.023333 0.106667
3 0.675000 0.345000 0.010000 0.016667
3 0.299167 0.653333 0.011667 0.030000
3 0.805000 0.640000 0.009167 0.018333
3 0.534167 0.411667 0.009167 0.016667
2 0.761667 0.438333 0.010833 0.091667
3 0.648333 0.445000 0.010833 0.023333
2 0.283333 0.725000 0.027500 0.016667
2 0.640833 0.355000 0.048333 0.043333
3 0.452500 0.730000 0.010000 0.016667
2 0.674167 0.673333 0.010000 0.031667
2 0.610833 0.615000 0.035000 0.105000
3 0.684167 0.348333 0.011667 0.020000
2 0.615833 0.290000 0.020000 0.021667
2 0.728333 0.676667 0.019167 0.046667
2 0.713333 0.625000 0.034167 0.100000
3 0.496667 0.400000 0.010000 0.016667
3 0.570000 0.638333 0.011667 0.020000
3 0.495833 0.365000 0.010000 0.016667
2 0.758333 0.333333 0.030833 0.051667
2 0.715833 0.443333 0.022500 0.023333
3 0.665833 0.361667 0.007500 0.015000
3 0.774167 0.395000 0.009167 0.016667
2 0.385000 0.705000 0.020833 0.080000
3 0.783333 0.893333 0.010833 0.023333
2 0.455000 0.228333 0.019167 0.046667
3 0.345833 0.723333 0.007500 0.018333
3 0.458333 0.361667 0.008333 0.016667
2 0.349167 0.311667 0.027500 0.016667
2 0.226667 0.831667 0.020833 0.080000
3 0.320833 0.713333 0.017500 0.031667
2 0.771667 0.380000 0.058333 0.076667
2 0.639167 0.408333 0.022500 0.023333
3 0.583333 0.435000 0.007500 0.018333
2 0.554167 0.666667 0.014167 0.015000
2 0.762500 0.681667 0.034167 0.038333
2 0.422500 0.373333 0.009167 0.031667
3 0.545833 0.315000 0.010000 0.020000
3 0.625833 0.395000 0.011667 0.030000
3 0.530833 0.651667 0.008333 0.016667
3 0.662500 0.345000 0.008333 0.016667
3 0.473333 0.365000 0.013333 0.015000
2 0.330833 0.691667 0.009167 0.040000
2 0.435000 0.790000 0.048333 0.025000
2 0.721667 0.420000 0.023333 0.041667
3 0.346667 0.790000 0.009167 0.023333
2 0.763333 0.705000 0.011667 0.025000
2 0.515000 0.246667 0.015833 0.068333
3 0.339167 0.863333 0.008333 0.016667
2 0.713333 0.381667 0.029167 0.038333
2 0.549167 0.688333 0.011667 0.066667
3 0.654167 0.621667 0.010000 0.016667
2 0.715000 0.786667 0.026667 0.035000
3 0.765833 0.670000 0.009167 0.023333
2 0.722500 0.358333 0.009167 0.031667
3 0.794167 0.643333 0.010000 0.020000
2 0.540000 0.366667 0.013333 0.070000
3 0.787500 0.418333 0.010833 0.023333
3 0.351667 0.310000 0.010000 0.016667
2 0.280833 0.728333 0.011667 0.066667
3 0.378333 0.748333 0.008333 0.021667
2 0.558333 0.670000 0.020000 0.021667
2 0.626667 0.613333 0.048333 0.043333
3 0.465833 0.811667 0.008333 0.016667
2 0.780000 0.426667 0.026667 0.035000
2 0.668333 0.310000 0.020833 0.028333
2 0.646667 0.411667 0.048333 0.025000
2 0.450833 0.771667 0.013333 0.070000
2 0.388333 0.698333 0.045833 0.021667
3 0.568333 0.301667 0.008333 0.021667
3 0.595000 0.745000 0.017500 0.031667
2 0.787500 0.393333 0.034167 0.038333
3 0.440833 0.795000 0.009167 0.023333
2 0.640833 0.416667 0.048333 0.043333
2 0.145833 0.705000 0.020833 0.080000
2 0.822500 0.700000 0.010000 0.031667
3 0.355833 0.405000 0.009167 0.016667
2 0.804167 0.730000 0.026667 0.035000
3 0.659167 0.435000 0.013333 0.015000
2 0.585000 0.568333 0.034167 0.038333
2 0.753333 0.353333 0.015833 0.068333
3 0.733333 0.585000 0.009167 0.015000
2 0.529167 0.366667 0.020000 0.021667
2 0.329167 0.763333 0.034167 0.038333
2 0.570000 0.170000 0.017500 0.116667
2 0.299167 0.411667 0.034167 0.100000
2 0.511667 0.293333 0.015833 0.068333
2 0.675000 0.645000 0.026667 0.035000
2 0.635833 0.435000 0.023333 0.106667
2 0.525000 0.290000 0.048333 0.043333
3 0.573333 0.385000 0.008333 0.016667
2 0.421667 0.326667 0.011667 0.066667
3 0.678333 0.433333 0.010000 0.016667
2 0.440833 0.825000 0.058333 0.076667
2 0.226667 0.671667 0.017500 0.116667
2 0.570000 0.733333 0.020833 0.028333
2 0.704167 0.228333 0.020833 0.080000
3 0.346667 0.765000 0.009167 0.016667
3 0.500000 0.343333 0.009167 0.018333
2 0.686667 0.370000 0.021667 0.090000
3 0.431667 0.685000 0.017500 0.031667
2 0.666667 0.615000 0.010000 0.031667
2 0.490833 0.386667 0.014167 0.015000
2 0.475000 0.198333 0.023333 0.041667
2 0.432500 0.403333 0.034167 0.100000
3 0.796667 0.400000 0.011667 0.030000
3 0.430000 0.758333 0.008333 0.021667
2 0.273333 0.346667 0.058333 0.076667
3 0.658333 0.383333 0.011667 0.020000
2 0.276667 0.680000 0.020833 0.080000
2 0.301667 0.483333 0.034167 0.100000
3 0.800000 0.395000 0.013333 0.015000
2 0.595833 0.603333 0.013333 0.070000
2 0.590833 0.355000 0.034167 0.100000
3 0.396667 0.345000 0.009167 0.015000
2 0.333333 0.631667 0.009167 0.040000
3 0.525000 0.265000 0.013333 0.031667
2 0.673333 0.420000 0.020000 0.021667
3 0.768333 0.593333 0.008333 0.016667
3 0.647500 0.716667 0.013333 0.031667
2 0.425833 0.648333 0.034167 0.038333
3 0.678333 0.728333 0.008333 0.016667
3 0.643333 0.440000 0.008333 0.016667
2 0.688333 0.265000 0.034167 0.038333
2 0.796667 0.668333 0.020833 0.080000
2 0.685000 0.625000 0.010000 0.031667
2 0.547500 0.376667 0.048333 0.043333
2 0.501667 0.785000 0.035000 0.105000
2 0.460833 0.696667 0.045833 0.021667
3 0.699167 0.690000 0.007500 0.018333
3 0.267500 0.278333 0.007500 0.015000
2 0.260000 0.723333 0.013333 0.070000
3 0.581667 0.658333 0.009167 0.023333
2 0.265000 0.745000 0.021667 0.090000
2 0.224167 0.681667 0.097500 0.053333
2 0.636667 0.438333 0.013333 0.070000
2 0.750000 0.345000 0.020833 0.080000
3 0.815000 0.395000 0.007500 0.018333
3 0.789167 0.735000 0.007500 0.015000
3 0.720000 0.636667 0.010000 0.020000
2 0.458333 0.853333 0.023333 0.041667
2 0.729167 0.383333 0.020833 0.080000
2 0.665833 0.646667 0.017500 0.116667
3 0.379167 0.703333 0.010833 0.023333
3 0.540833 0.723333 0.007500 0.015000
3 0.813333 0.621667 0.007500 0.016667
2 0.506667 0.801667 0.011667 0.066667
3 0.477500 0.623333 0.008333 0.021667
3 0.295000 0.676667 0.009167 0.015000
2 0.716667 0.668333 0.058333 0.076667
3 0.786667 0.691667 0.008333 0.021667
2 0.703333 0.460000 0.010833 0.091667
3 0.748333 0.445000 0.009167 0.015000
3 0.684167 0.631667 0.010000 0.016667
2 0.491667 0.358333 0.048333 0.025000
2 0.596667 0.316667 0.029167 0.038333
2 0.771667 0.595000 0.027500 0.016667
3 0.261667 0.800000 0.017500 0.031667
2 0.678333 0.718333 0.010833 0.091667
3 0.540833 0.998333 0.007500 0.001667
3 0.519167 0.265000 0.007500 0.018333
