4 0.822500 0.641667 0.088333 0.185000
4 0.865000 0.713333 0.074167 0.108333
4 0.884167 0.590000 0.041667 0.101667
4 0.782500 0.618333 0.155833 0.213333
4 0.843333 0.518333 0.062500 0.136667
4 0.851667 0.516667 0.144167 0.281667
4 0.852500 0.475000 0.090000 0.073333
4 0.896667 0.533333 0.057500 0.015000
4 0.832500 0.703333 0.084167 0.166667
4 0.845000 0.585000 0.160833 0.178333
4 0.050000 0.558333 0.100000 0.058333
4 0.471667 0.523333 0.118333 0.063333
4 0.111667 0.591667 0.063333 0.071667
4 0.100833 0.533333 0.190000 0.046667
4 0.296667 0.648333 0.118333 0.198333
4 0.623333 0.605000 0.095000 0.125000
4 0.025833 0.573333 0.051667 0.066667
4 0.290000 0.626667 0.228333 0.241667
4 0.072500 0.731667 0.140000 0.328333
4 0.467500 0.546667 0.075000 0.063333
3 0.631667 0.496667 0.009167 0.016667
3 0.721667 0.470000 0.009167 0.016667
3 0.384167 0.570000 0.009167 0.023333
3 0.571667 0.523333 0.007500 0.015000
3 0.611667 0.526667 0.010000 0.016667
2 0.233333 0.578333 0.023333 0.106667
3 0.379167 0.510000 0.011667 0.030000
3 0.409167 0.590000 0.007500 0.016667
2 0.485833 0.553333 0.023333 0.041667
2 0.215000 0.448333 0.045833 0.021667
2 0.402500 0.461667 0.014167 0.015000
3 0.755000 0.503333 0.009167 0.016667
3 0.096667 0.526667 0.009167 0.018333
3 0.798333 0.478333 0.013333 0.031667
2 0.447500 0.531667 0.035000 0.105000
2 0.417500 0.481667 0.022500 0.023333
3 0.278333 0.553333 0.013333 0.015000
3 0.260833 0.483333 0.009167 0.015000
2 0.673333 0.446667 0.015833 0.068333
3 0.201667 0.571667 0.008333 0.021667
3 0.605000 0.465000 0.007500 0.018333
2 0.771667 0.523333 0.020833 0.080000
3 0.053333 0.558333 0.008333 0.016667
3 0.482500 0.460000 0.017500 0.031667
2 0.155000 0.486667 0.011667 0.025000
3 0.042500 0.495000 0.011667 0.020000
3 0.665000 0.470000 0.013333 0.015000
2 0.815833 0.458333 0.019167 0.046667
2 0.372500 0.566667 0.020000 0.021667
2 0.354167 0.568333 0.029167 0.038333
3 0.810000 0.500000 0.006667 0.018333
3 0.168333 0.586667 0.008333 0.016667
3 0.083333 0.585000 0.008333 0.016667
3 0.145000 0.580000 0.010833 0.023333
3 0.036667 0.550000 0.009167 0.016667
2 0.353333 0.466667 0.009167 0.040000
2 0.211667 0.441667 0.017500 0.116667
2 0.475833 0.403333 0.020833 0.080000
3 0.270000 0.515000 0.011667 0.030000
2 0.335833 0.413333 0.020833 0.080000
2 0.657500 0.568333 0.027500 0.016667
3 0.760000 0.556667 0.007500 0.018333
2 0.090833 0.578333 0.023333 0.041667
2 0.593333 0.460000 0.023333 0.041667
3 0.689167 0.568333 0.017500 0.031667
2 0.105000 0.448333 0.019167 0.046667
2 0.614167 0.505000 0.022500 0.023333
3 0.502500 0.516667 0.008333 0.021667
2 0.139167 0.551667 0.011667 0.025000
3 0.574167 0.576667 0.009167 0.016667
2 0.460833 0.436667 0.027500 0.016667
2 0.497500 0.553333 0.011667 0.025000
3 0.210000 0.463333 0.008333 0.016667
2 0.329167 0.585000 0.030833 0.051667
3 0.710833 0.476667 0.009167 0.015000
3 0.450833 0.583333 0.011667 0.020000
3 0.670000 0.486667 0.017500 0.031667
3 0.650833 0.580000 0.015833 0.051667
3 0.236667 0.588333 0.009167 0.016667
3 0.453333 0.586667 0.007500 0.016667
2 0.197500 0.573333 0.021667 0.090000
2 0.724167 0.496667 0.020833 0.080000
2 0.108333 0.590000 0.009167 0.031667
2 0.641667 0.478333 0.009167 0.031667
2 0.701667 0.453333 0.014167 0.015000
3 0.550833 0.471667 0.011667 0.030000
3 0.801667 0.585000 0.013333 0.031667
2 0.473333 0.465000 0.048333 0.025000
2 0.547500 0.516667 0.020833 0.080000
2 0.675000 0.546667 0.010833 0.091667
3 0.147500 0.598333 0.007500 0.018333
2 0.070000 0.510000 0.048333 0.043333
3 0.359167 0.588333 0.017500 0.031667
2 0.665000 0.513333 0.017500 0.116667
3 0.090000 0.495000 0.013333 0.031667
2 0.321667 0.446667 0.010000 0.031667
3 0.609167 0.555000 0.007500 0.015000
2 0.634167 0.438333 0.020833 0.080000
3 0.322500 0.515000 0.007500 0.015000
2 0.159167 0.461667 0.010000 0.031667
3 0.394167 0.548333 0.013333 0.015000
3 0.499167 0.553333 0.007500 0.015000
2 0.686667 0.465000 0.097500 0.053333
2 0.500000 0.575000 0.023333 0.106667
3 0.487500 0.530000 0.010000 0.016667
2 0.171667 0.541667 0.030833 0.051667
2 0.153333 0.578333 0.019167 0.046667
3 0.106667 0.531667 0.007500 0.015000
3 0.426667 0.541667 0.011667 0.030000
2 0.606667 0.550000 0.048333 0.043333
3 0.127500 0.448333 0.007500 0.015000
3 0.115000 0.516667 0.009167 0.015000
2 0.772500 0.540000 0.019167 0.046667
2 0.235833 0.546667 0.009167 0.031667
2 0.814167 0.565000 0.017500 0.116667
2 0.750000 0.535000 0.029167 0.038333
3 0.677500 0.485000 0.008333 0.016667
3 0.746667 0.560000 0.009167 0.016667
2 0.134167 0.563333 0.019167 0.046667
3 0.210000 0.575000 0.009167 0.016667
2 0.147500 0.483333 0.015833 0.068333
3 0.210833 0.508333 0.009167 0.016667
3 0.464167 0.328333 0.013333 0.015000
3 0.265000 0.725000 0.013333 0.031667
3 0.620833 0.290000 0.009167 0.015000
3 0.329167 0.681667 0.009167 0.023333
2 0.375000 0.700000 0.020000 0.021667
2 0.731667 0.691667 0.097500 0.053333
2 0.662500 0.451667 0.034167 0.100000
3 0.645833 0.680000 0.008333 0.016667
2 0.287500 0.416667 0.030833 0.051667
3 0.720833 0.338333 0.008333 0.016667
3 0.755000 0.610000 0.007500 0.018333
3 0.655833 0.403333 0.009167 0.016667
3 0.457500 0.223333 0.008333 0.016667
2 0.705000 0.641667 0.009167 0.040000
3 0.656667 0.660000 0.009167 0.016667
2 0.722500 0.813333 0.010833 0.091667
2 0.780833 0.875000 0.015833 0.068333
2 0.686667 0.661667 0.029167 0.038333
3 0.485833 0.640000 0.008333 0.016667
3 0.655833 0.671667 0.009167 0.023333
3 0.333333 0.333333 0.009167 0.016667
2 0.550833 0.663333 0.026667 0.035000
3 0.341667 0.636667 0.013333 0.031667
3 0.685000 0.395000 0.007500 0.015000
3 0.551667 0.391667 0.008333 0.016667
2 0.660000 0.426667 0.011667 0.066667
3 0.681667 0.711667 0.009167 0.023333
2 0.745833 0.355000 0.034167 0.038333
2 0.808333 0.385000 0.020833 0.028333
2 0.802500 0.361667 0.045833 0.021667
2 0.540833 0.681667 0.021667 0.090000
3 0.270833 0.380000 0.010000 0.020000
2 0.687500 0.275000 0.011667 0.025000
3 0.691667 0.670000 0.007500 0.018333
3 0.796667 0.638333 0.007500 0.018333
2 0.234167 0.348333 0.020000 0.021667
3 0.551667 0.663333 0.007500 0.015000
3 0.741667 0.746667 0.007500 0.018333
3 0.679167 0.701667 0.014167 0.025000
2 0.259167 0.743333 0.029167 0.038333
2 0.779167 0.310000 0.020833 0.080000
2 0.492500 0.293333 0.020833 0.028333
2 0.167500 0.371667 0.011667 0.066667
3 0.475000 0.800000 0.008333 0.021667
2 0.333333 0.701667 0.020833 0.028333
2 0.450000 0.661667 0.029167 0.038333
3 0.279167 0.720000 0.009167 0.018333
2 0.245000 0.396667 0.014167 0.015000
2 0.315833 0.183333 0.023333 0.106667
3 0.458333 0.345000 0.008333 0.016667
2 0.737500 0.343333 0.020000 0.021667
3 0.689167 0.606667 0.008333 0.016667
2 0.722500 0.386667 0.023333 0.041667
2 0.735000 0.648333 0.048333 0.025000
2 0.500833 0.270000 0.045833 0.021667
3 0.540000 0.735000 0.008333 0.016667
3 0.256667 0.768333 0.009167 0.016667
2 0.695833 0.731667 0.010000 0.031667
2 0.712500 0.820000 0.034167 0.100000
3 0.695833 0.350000 0.006667 0.018333
3 0.535833 0.386667 0.009167 0.016667
2 0.442500 0.683333 0.026667 0.035000
3 0.724167 0.776667 0.007500 0.015000
3 0.494167 0.716667 0.011667 0.020000
2 0.358333 0.753333 0.009167 0.040000
3 0.427500 0.375000 0.007500 0.016667
2 0.564167 0.715000 0.013333 0.070000
3 0.740833 0.333333 0.010000 0.020000
2 0.491667 0.275000 0.023333 0.041667
2 0.253333 0.261667 0.058333 0.076667
2 0.708333 0.613333 0.011667 0.066667
2 0.295833 0.373333 0.026667 0.035000
3 0.780000 0.323333 0.007500 0.015000
3 0.261667 0.798333 0.009167 0.016667
3 0.656667 0.696667 0.013333 0.015000
2 0.300000 0.678333 0.035000 0.105000
2 0.709167 0.625000 0.023333 0.106667
2 0.675833 0.318333 0.097500 0.053333
3 0.529167 0.356667 0.009167 0.023333
3 0.719167 0.641667 0.008333 0.016667
2 0.758333 0.636667 0.011667 0.025000
2 0.755000 0.591667 0.019167 0.046667
2 0.420833 0.720000 0.020000 0.021667
2 0.277500 0.220000 0.097500 0.053333
2 0.285833 0.698333 0.011667 0.066667
2 0.664167 0.478333 0.034167 0.100000
3 0.777500 0.606667 0.009167 0.015000
2 0.574167 0.411667 0.048333 0.025000
2 0.460833 0.315000 0.045833 0.021667
3 0.667500 0.666667 0.009167 0.018333
2 0.714167 0.626667 0.030833 0.051667
3 0.780833 0.415000 0.010833 0.013333
3 0.694167 0.636667 0.009167 0.015000
2 0.271667 0.260000 0.014167 0.015000
2 0.689167 0.423333 0.010833 0.091667
2 0.527500 0.380000 0.020833 0.080000
2 0.632500 0.328333 0.048333 0.043333
3 0.484167 0.756667 0.006667 0.018333
3 0.531667 0.405000 0.009167 0.016667
3 0.454167 0.298333 0.009167 0.016667
3 0.705833 0.323333 0.011667 0.020000
2 0.684167 0.356667 0.011667 0.066667
2 0.310000 0.243333 0.015833 0.068333
3 0.561667 0.431667 0.010000 0.020000
2 0.654167 0.576667 0.035000 0.105000
2 0.802500 0.883333 0.019167 0.046667
2 0.724167 0.600000 0.011667 0.025000
3 0.573333 0.635000 0.007500 0.018333
3 0.268333 0.733333 0.007500 0.015000
2 0.703333 0.648333 0.020000 0.021667
3 0.570000 0.635000 0.010833 0.023333
2 0.779167 0.625000 0.009167 0.040000
3 0.355000 0.323333 0.015833 0.051667
2 0.465000 0.366667 0.010833 0.091667
2 0.715000 0.365000 0.030833 0.051667
2 0.693333 0.290000 0.020833 0.028333
2 0.181667 0.686667 0.097500 0.053333
3 0.655833 0.416667 0.006667 0.018333
2 0.658333 0.371667 0.023333 0.106667
2 0.327500 0.235000 0.010000 0.031667
3 0.571667 0.635000 0.007500 0.018333
3 0.652500 0.416667 0.007500 0.015000
3 0.695000 0.343333 0.010000 0.016667
2 0.266667 0.291667 0.020833 0.080000
3 0.663333 0.398333 0.008333 0.016667
2 0.682500 0.623333 0.026667 0.035000
3 0.557500 0.673333 0.008333 0.021667
3 0.337500 0.645000 0.009167 0.016667
3 0.482500 0.333333 0.008333 0.016667
3 0.449167 0.653333 0.007500 0.015000
2 0.656667 0.623333 0.034167 0.038333
3 0.690000 0.630000 0.013333 0.031667
2 0.326667 0.645000 0.045833 0.021667
3 0.505000 0.815000 0.014167 0.025000
3 0.696667 0.711667 0.007500 0.018333
2 0.705000 0.371667 0.023333 0.041667
2 0.771667 0.353333 0.029167 0.038333
3 0.524167 0.683333 0.010833 0.023333
2 0.323333 0.398333 0.023333 0.106667
3 0.795000 0.420000 0.011667 0.030000
3 0.808333 0.618333 0.007500 0.015000
2 0.525000 0.233333 0.048333 0.043333
2 0.332500 0.368333 0.010833 0.091667
3 0.785000 0.333333 0.010833 0.013333
2 0.485833 0.706667 0.020833 0.080000
2 0.275000 0.406667 0.020833 0.080000
2 0.278333 0.241667 0.035000 0.105000
3 0.240833 0.370000 0.008333 0.016667
3 0.732500 0.346667 0.007500 0.015000
3 0.786667 0.348333 0.007500 0.018333
2 0.395000 0.705000 0.010833 0.091667
3 0.555000 0.820000 0.010833 0.023333
2 0.395000 0.705000 0.010833 0.091667
2 0.283333 0.641667 0.058333 0.076667
3 0.672500 0.421667 0.007500 0.015000
2 0.493333 0.278333 0.030833 0.051667
2 0.554167 0.998333 0.010833 0.001667
3 0.444167 0.141667 0.011667 0.020000
3 0.793333 0.710000 0.010833 0.013333
3 0.662500 0.386667 0.007500 0.015000
3 0.665833 0.701667 0.009167 0.018333
2 0.535833 0.413333 0.020833 0.080000
2 0.622500 0.393333 0.011667 0.025000
3 0.701667 0.373333 0.010000 0.016667
2 0.542500 0.706667 0.034167 0.100000
3 0.799167 0.380000 0.010000 0.016667
3 0.143333 0.653333 0.007500 0.015000
3 0.252500 0.765000 0.009167 0.016667
3 0.493333 0.320000 0.008333 0.016667
3 0.251667 0.396667 0.017500 0.031667
3 0.798333 0.385000 0.011667 0.030000
3 0.668333 0.636667 0.011667 0.030000
3 0.485000 0.861667 0.010833 0.023333
2 0.482500 0.388333 0.045833 0.021667
3 0.609167 0.390000 0.010000 0.020000
2 0.296667 0.410000 0.034167 0.100000
2 0.254167 0.346667 0.029167 0.038333
2 0.549167 0.643333 0.058333 0.076667
2 0.668333 0.405000 0.014167 0.015000
2 0.620833 0.418333 0.021667 0.090000
3 0.645833 0.633333 0.010000 0.016667
3 0.799167 0.380000 0.010000 0.016667
2 0.654167 0.381667 0.015833 0.068333
3 0.636667 0.670000 0.010000 0.020000
2 0.605000 0.356667 0.048333 0.043333
2 0.470833 0.768333 0.029167 0.038333
2 0.377500 0.760000 0.027500 0.016667
3 0.379167 0.363333 0.009167 0.015000
3 0.343333 0.371667 0.011667 0.020000
2 0.239167 0.390000 0.021667 0.090000
3 0.453333 0.298333 0.010833 0.023333
2 0.423333 0.365000 0.058333 0.076667
3 0.460833 0.405000 0.008333 0.016667
2 0.670833 0.360000 0.020833 0.028333
2 0.323333 0.736667 0.009167 0.031667
2 0.769167 0.358333 0.011667 0.066667
3 0.310000 0.383333 0.007500 0.018333
2 0.387500 0.656667 0.015833 0.068333
