4 0.819167 0.700000 0.066667 0.153333
4 0.798333 0.400000 0.141667 0.080000
4 0.837500 0.530000 0.072500 0.088333
4 0.801667 0.376667 0.152500 0.243333
4 0.818333 0.606667 0.145000 0.141667
4 0.835833 0.496667 0.110833 0.101667
4 0.798333 0.595000 0.081667 0.038333
4 0.824167 0.451667 0.136667 0.255000
4 0.814167 0.423333 0.145833 0.116667
4 0.873333 0.516667 0.103333 0.170000
4 0.170000 0.520000 0.041667 0.073333
4 0.679167 0.506667 0.106667 0.093333
4 0.368333 0.636667 0.414167 0.205000
4 0.407500 0.501667 0.106667 0.036667
4 0.028333 0.513333 0.057500 0.053333
4 0.716667 0.548333 0.075833 0.096667
4 0.340833 0.458333 0.157500 0.210000
4 0.038333 0.660000 0.077500 0.328333
4 0.269167 0.438333 0.083333 0.170000
4 0.603333 0.555000 0.061667 0.168333
3 0.495833 0.476667 0.011667 0.020000
3 0.385833 0.460000 0.010833 0.013333
3 0.455833 0.535000 0.014167 0.025000
2 0.451667 0.565000 0.020000 0.021667
2 0.599167 0.498333 0.034167 0.100000
2 0.605000 0.496667 0.020000 0.021667
3 0.710833 0.553333 0.009167 0.023333
3 0.118333 0.498333 0.010000 0.016667
2 0.615833 0.425000 0.019167 0.046667
3 0.215000 0.521667 0.007500 0.016667
2 0.035000 0.531667 0.022500 0.023333
2 0.150833 0.523333 0.020833 0.080000
2 0.760000 0.411667 0.035000 0.105000
2 0.351667 0.473333 0.035000 0.105000
2 0.757500 0.540000 0.022500 0.023333
2 0.523333 0.515000 0.015833 0.068333
3 0.315833 0.545000 0.017500 0.031667
2 0.280000 0.573333 0.097500 0.053333
2 0.280833 0.616667 0.021667 0.090000
2 0.700000 0.486667 0.027500 0.016667
2 0.293333 0.528333 0.027500 0.016667
2 0.527500 0.573333 0.048333 0.025000
2 0.135000 0.578333 0.034167 0.038333
2 0.703333 0.473333 0.019167 0.046667
3 0.775000 0.585000 0.008333 0.016667
2 0.525833 0.526667 0.011667 0.066667
3 0.346667 0.601667 0.011667 0.020000
2 0.255833 0.598333 0.048333 0.025000
3 0.074167 0.515000 0.010833 0.013333
2 0.579167 0.568333 0.015833 0.068333
2 0.813333 0.535000 0.034167 0.038333
2 0.368333 0.560000 0.022500 0.023333
3 0.191667 0.523333 0.009167 0.023333
3 0.085000 0.560000 0.007500 0.018333
3 0.204167 0.536667 0.011667 0.020000
2 0.526667 0.515000 0.010833 0.091667
3 0.690833 0.521667 0.009167 0.023333
2 0.502500 0.533333 0.020000 0.021667
3 0.453333 0.538333 0.009167 0.023333
3 0.040833 0.523333 0.009167 0.016667
3 0.295000 0.526667 0.007500 0.015000
2 0.175833 0.453333 0.010000 0.031667
2 0.350833 0.596667 0.026667 0.035000
2 0.436667 0.616667 0.023333 0.106667
2 0.470000 0.578333 0.009167 0.031667
3 0.716667 0.578333 0.010833 0.023333
3 0.140833 0.538333 0.007500 0.015000
3 0.545833 0.535000 0.010833 0.023333
2 0.071667 0.561667 0.020833 0.028333
3 0.686667 0.556667 0.014167 0.025000
2 0.690833 0.536667 0.009167 0.031667
2 0.541667 0.550000 0.023333 0.041667
3 0.080000 0.473333 0.013333 0.031667
3 0.380833 0.478333 0.010833 0.023333
3 0.568333 0.538333 0.010833 0.023333
2 0.335000 0.506667 0.058333 0.076667
3 0.344167 0.463333 0.009167 0.023333
3 0.517500 0.550000 0.014167 0.025000
2 0.200000 0.456667 0.019167 0.046667
2 0.377500 0.506667 0.011667 0.066667
3 0.646667 0.593333 0.008333 0.021667
3 0.596667 0.593333 0.017500 0.031667
3 0.478333 0.561667 0.010000 0.016667
2 0.723333 0.586667 0.026667 0.035000
3 0.629167 0.513333 0.011667 0.030000
2 0.142500 0.473333 0.023333 0.106667
2 0.203333 0.615000 0.023333 0.041667
3 0.330833 0.450000 0.007500 0.015000
2 0.505000 0.580000 0.011667 0.066667
2 0.275000 0.580000 0.017500 0.116667
2 0.776667 0.483333 0.027500 0.016667
3 0.337500 0.473333 0.009167 0.018333
2 0.745833 0.465000 0.029167 0.038333
3 0.170000 0.450000 0.007500 0.015000
3 0.487500 0.466667 0.015833 0.051667
3 0.390833 0.488333 0.008333 0.016667
2 0.780000 0.558333 0.030833 0.051667
3 0.646667 0.533333 0.008333 0.016667
2 0.013333 0.466667 0.027500 0.038333
3 0.811667 0.675000 0.010833 0.023333
3 0.197500 0.501667 0.009167 0.016667
3 0.790833 0.503333 0.010833 0.023333
2 0.460000 0.453333 0.045833 0.021667
2 0.569167 0.468333 0.023333 0.106667
3 0.627500 0.470000 0.013333 0.031667
3 0.710833 0.530000 0.010000 0.016667
3 0.426667 0.558333 0.008333 0.016667
2 0.033333 0.551667 0.034167 0.038333
2 0.220833 0.505000 0.020833 0.028333
2 0.645833 0.568333 0.014167 0.015000
3 0.500833 0.566667 0.009167 0.016667
2 0.681667 0.528333 0.034167 0.038333
2 0.429167 0.576667 0.058333 0.076667
3 0.674167 0.463333 0.011667 0.030000
3 0.538333 0.511667 0.011667 0.020000
2 0.430833 0.551667 0.030833 0.051667
3 0.816667 0.553333 0.010000 0.020000
2 0.390000 0.535000 0.035000 0.105000
2 0.296667 0.516667 0.014167 0.015000
2 0.133333 0.520000 0.035000 0.105000
2 0.210833 0.626667 0.034167 0.100000
2 0.561667 0.450000 0.058333 0.076667
3 0.290833 0.275000 0.008333 0.016667
3 0.793333 0.715000 0.011667 0.020000
3 0.560000 0.653333 0.008333 0.016667
2 0.699167 0.370000 0.058333 0.076667
2 0.218333 0.701667 0.023333 0.041667
3 0.642500 0.631667 0.013333 0.031667
2 0.805000 0.416667 0.020833 0.080000
2 0.524167 0.261667 0.014167 0.015000
2 0.505000 0.325000 0.020833 0.080000
2 0.315000 0.325000 0.045833 0.021667
2 0.773333 0.693333 0.097500 0.053333
3 0.585000 0.438333 0.010000 0.016667
3 0.646667 0.400000 0.008333 0.016667
3 0.282500 0.753333 0.008333 0.021667
3 0.398333 0.700000 0.017500 0.031667
3 0.765833 0.721667 0.007500 0.018333
3 0.404167 0.715000 0.010833 0.023333
3 0.785000 0.370000 0.009167 0.016667
3 0.453333 0.731667 0.008333 0.016667
3 0.790000 0.403333 0.008333 0.016667
2 0.614167 0.370000 0.030833 0.051667
3 0.309167 0.715000 0.008333 0.016667
3 0.740833 0.333333 0.009167 0.018333
2 0.418333 0.741667 0.020833 0.080000
2 0.524167 0.711667 0.030833 0.051667
3 0.546667 0.631667 0.011667 0.020000
3 0.230000 0.593333 0.011667 0.020000
2 0.411667 0.723333 0.022500 0.023333
2 0.808333 0.420000 0.011667 0.025000
2 0.595000 0.773333 0.048333 0.025000
2 0.575833 0.635000 0.015833 0.068333
2 0.481667 0.318333 0.020000 0.021667
2 0.475000 0.836667 0.026667 0.035000
3 0.444167 0.325000 0.008333 0.021667
3 0.475833 0.303333 0.009167 0.018333
3 0.525000 0.395000 0.010000 0.020000
2 0.270000 0.716667 0.027500 0.016667
3 0.701667 0.376667 0.009167 0.023333
3 0.350000 0.735000 0.010833 0.013333
3 0.808333 0.618333 0.007500 0.018333
3 0.691667 0.631667 0.009167 0.023333
2 0.587500 0.328333 0.048333 0.025000
2 0.762500 0.336667 0.023333 0.041667
3 0.313333 0.718333 0.007500 0.015000
3 0.324167 0.726667 0.008333 0.016667
3 0.641667 0.348333 0.007500 0.015000
2 0.517500 0.273333 0.009167 0.040000
3 0.727500 0.620000 0.008333 0.016667
2 0.457500 0.341667 0.020833 0.080000
2 0.366667 0.411667 0.011667 0.066667
3 0.612500 0.680000 0.007500 0.018333
3 0.688333 0.421667 0.007500 0.015000
3 0.340833 0.306667 0.013333 0.015000
2 0.690000 0.663333 0.034167 0.100000
3 0.479167 0.321667 0.010000 0.020000
3 0.644167 0.410000 0.013333 0.015000
3 0.307500 0.671667 0.007500 0.015000
2 0.517500 0.765000 0.023333 0.041667
2 0.320833 0.381667 0.020833 0.028333
3 0.306667 0.810000 0.007500 0.015000
2 0.280000 0.775000 0.029167 0.038333
2 0.671667 0.441667 0.023333 0.041667
3 0.457500 0.221667 0.007500 0.016667
3 0.712500 0.235000 0.013333 0.031667
3 0.566667 0.293333 0.010833 0.013333
3 0.419167 0.351667 0.009167 0.018333
3 0.340000 0.650000 0.009167 0.018333
3 0.639167 0.411667 0.008333 0.016667
2 0.495000 0.358333 0.011667 0.025000
2 0.496667 0.776667 0.035000 0.105000
3 0.766667 0.641667 0.008333 0.016667
2 0.469167 0.311667 0.023333 0.106667
3 0.482500 0.331667 0.007500 0.015000
2 0.710000 0.290000 0.097500 0.053333
3 0.517500 0.260000 0.010833 0.013333
2 0.679167 0.611667 0.058333 0.076667
3 0.694167 0.340000 0.010833 0.013333
2 0.301667 0.435000 0.010833 0.091667
2 0.346667 0.413333 0.021667 0.090000
3 0.630833 0.356667 0.008333 0.016667
2 0.357500 0.710000 0.022500 0.023333
3 0.530000 0.361667 0.009167 0.015000
3 0.751667 0.628333 0.008333 0.016667
2 0.510000 0.295000 0.048333 0.025000
2 0.665000 0.323333 0.019167 0.046667
3 0.757500 0.715000 0.007500 0.018333
2 0.435833 0.443333 0.021667 0.090000
2 0.270000 0.371667 0.013333 0.070000
2 0.416667 0.395000 0.020833 0.080000
2 0.690833 0.621667 0.097500 0.053333
2 0.620000 0.405000 0.021667 0.090000
2 0.650000 0.700000 0.020833 0.080000
2 0.435000 0.366667 0.026667 0.035000
3 0.298333 0.738333 0.009167 0.016667
3 0.617500 0.646667 0.009167 0.016667
2 0.762500 0.616667 0.020000 0.021667
2 0.229167 0.215000 0.034167 0.038333
2 0.306667 0.698333 0.010000 0.031667
3 0.665000 0.398333 0.008333 0.016667
2 0.768333 0.343333 0.020000 0.021667
2 0.603333 0.295000 0.015833 0.068333
3 0.761667 0.366667 0.010000 0.016667
3 0.530833 0.376667 0.015833 0.051667
2 0.730000 0.403333 0.045833 0.021667
3 0.619167 0.391667 0.015833 0.051667
2 0.574167 0.163333 0.048333 0.025000
3 0.518333 0.263333 0.009167 0.016667
2 0.479167 0.290000 0.020833 0.080000
2 0.406667 0.663333 0.011667 0.066667
3 0.679167 0.353333 0.008333 0.021667
2 0.680000 0.681667 0.034167 0.038333
2 0.780000 0.396667 0.013333 0.070000
2 0.700833 0.366667 0.011667 0.025000
2 0.495833 0.283333 0.013333 0.070000
2 0.530000 0.648333 0.010000 0.031667
2 0.793333 0.633333 0.027500 0.016667
3 0.759167 0.600000 0.013333 0.015000
2 0.473333 0.818333 0.011667 0.025000
2 0.747500 0.366667 0.020000 0.021667
2 0.228333 0.676667 0.048333 0.025000
2 0.595833 0.738333 0.020833 0.028333
2 0.540833 0.278333 0.015833 0.068333
2 0.753333 0.433333 0.030833 0.051667
2 0.675000 0.338333 0.015833 0.068333
3 0.530833 0.648333 0.007500 0.015000
2 0.800000 0.440000 0.023333 0.041667
2 0.336667 0.818333 0.020833 0.080000
3 0.761667 0.606667 0.008333 0.021667
3 0.244167 0.703333 0.008333 0.016667
3 0.520833 0.226667 0.009167 0.016667
3 0.271667 0.380000 0.007500 0.018333
2 0.645000 0.318333 0.034167 0.038333
3 0.464167 0.690000 0.009167 0.016667
3 0.511667 0.355000 0.007500 0.016667
2 0.451667 0.353333 0.020833 0.028333
2 0.732500 0.343333 0.035000 0.105000
2 0.293333 0.801667 0.034167 0.038333
2 0.341667 0.670000 0.014167 0.015000
2 0.420833 0.406667 0.010000 0.031667
3 0.525000 0.636667 0.017500 0.031667
3 0.714167 0.305000 0.010000 0.016667
3 0.349167 0.706667 0.007500 0.015000
2 0.735000 0.303333 0.097500 0.053333
2 0.506667 0.795000 0.009167 0.031667
3 0.309167 0.723333 0.008333 0.016667
2 0.332500 0.340000 0.020833 0.080000
2 0.315000 0.325000 0.045833 0.021667
3 0.320000 0.351667 0.008333 0.016667
2 0.620000 0.285000 0.011667 0.025000
2 0.491667 0.676667 0.023333 0.106667
2 0.787500 0.410000 0.011667 0.025000
2 0.269167 0.305000 0.015833 0.068333
2 0.383333 0.378333 0.030833 0.051667
3 0.645833 0.400000 0.009167 0.018333
2 0.269167 0.851667 0.020833 0.080000
3 0.508333 0.253333 0.014167 0.025000
2 0.799167 0.640000 0.023333 0.106667
3 0.582500 0.751667 0.010000 0.020000
3 0.528333 0.416667 0.008333 0.016667
3 0.379167 0.763333 0.011667 0.030000
2 0.792500 0.365000 0.030833 0.051667
3 0.705833 0.660000 0.007500 0.015000
2 0.736667 0.645000 0.011667 0.025000
2 0.413333 0.838333 0.011667 0.025000
2 0.446667 0.371667 0.014167 0.015000
2 0.235000 0.231667 0.023333 0.106667
2 0.470000 0.775000 0.020833 0.080000
2 0.470833 0.610000 0.020833 0.028333
3 0.696667 0.368333 0.010000 0.016667
3 0.245000 0.365000 0.009167 0.023333
3 0.538333 0.355000 0.011667 0.020000
2 0.579167 0.703333 0.048333 0.043333
3 0.709167 0.340000 0.006667 0.018333
2 0.508333 0.795000 0.020833 0.080000
2 0.663333 0.658333 0.022500 0.023333
3 0.756667 0.371667 0.009167 0.016667
3 0.544167 0.296667 0.009167 0.016667
3 0.709167 0.633333 0.009167 0.018333
2 0.297500 0.270000 0.058333 0.076667
3 0.631667 0.383333 0.007500 0.018333
2 0.375833 0.351667 0.045833 0.021667
2 0.300000 0.675000 0.019167 0.046667
3 0.770833 0.413333 0.015833 0.051667
2 0.402500 0.693333 0.010000 0.031667
3 0.435833 0.335000 0.008333 0.021667
3 0.739167 0.658333 0.007500 0.018333
2 0.313333 0.361667 0.026667 0.035000
3 0.570000 0.696667 0.009167 0.016667
2 0.635833 0.635000 0.010000 0.031667
3 0.322500 0.698333 0.007500 0.018333
3 0.590000 0.746667 0.008333 0.016667
3 0.335833 0.381667 0.010000 0.016667
2 0.410000 0.688333 0.009167 0.031667
3 0.660000 0.360000 0.009167 0.016667
3 0.384167 0.383333 0.014167 0.025000
3 0.314167 0.383333 0.009167 0.018333
2 0.688333 0.670000 0.020833 0.028333
3 0.499167 0.301667 0.008333 0.016667
