4 0.785833 0.716667 0.165000 0.296667
4 0.887500 0.525000 0.055833 0.063333
4 0.816667 0.640000 0.115000 0.098333
4 0.834167 0.701667 0.150000 0.170000
4 0.875000 0.575000 0.065833 0.025000
4 0.812500 0.518333 0.135833 0.263333
4 0.826667 0.521667 0.079167 0.111667
4 0.861667 0.688333 0.101667 0.161667
4 0.886667 0.541667 0.075833 0.091667
4 0.797500 0.791667 0.224167 0.395000
4 0.233333 0.493333 0.057500 0.050000
4 0.729167 0.556667 0.043333 0.033333
4 0.583333 0.555000 0.247500 0.068333
4 0.385000 0.613333 0.055833 0.123333
4 0.289167 0.630000 0.100833 0.241667
4 0.578333 0.495000 0.109167 0.118333
4 0.241667 0.648333 0.097500 0.170000
4 0.417500 0.506667 0.067500 0.036667
4 0.040833 0.500000 0.081667 0.050000
4 0.157500 0.583333 0.080833 0.165000
2 0.585833 0.548333 0.017500 0.116667
2 0.767500 0.516667 0.048333 0.043333
2 0.342500 0.453333 0.019167 0.046667
3 0.510833 0.471667 0.009167 0.016667
2 0.013333 0.550000 0.026667 0.038333
2 0.759167 0.515000 0.048333 0.025000
2 0.151667 0.630000 0.010833 0.091667
2 0.578333 0.523333 0.048333 0.025000
3 0.393333 0.468333 0.008333 0.016667
3 0.497500 0.556667 0.006667 0.018333
3 0.413333 0.495000 0.010000 0.016667
2 0.597500 0.563333 0.097500 0.053333
3 0.487500 0.528333 0.008333 0.016667
2 0.804167 0.581667 0.026667 0.035000
2 0.438333 0.465000 0.019167 0.046667
2 0.419167 0.558333 0.034167 0.038333
2 0.093333 0.440000 0.035000 0.105000
3 0.455833 0.473333 0.015833 0.051667
2 0.070833 0.481667 0.048333 0.025000
3 0.823333 0.358333 0.007500 0.015000
2 0.086667 0.503333 0.020833 0.028333
3 0.664167 0.520000 0.010000 0.016667
2 0.241667 0.561667 0.020000 0.021667
2 0.225833 0.601667 0.030833 0.051667
3 0.399167 0.510000 0.014167 0.025000
2 0.721667 0.500000 0.014167 0.015000
2 0.809167 0.596667 0.020833 0.080000
2 0.345000 0.571667 0.034167 0.038333
3 0.617500 0.503333 0.013333 0.031667
2 0.386667 0.491667 0.023333 0.041667
3 0.558333 0.523333 0.007500 0.015000
3 0.416667 0.556667 0.007500 0.018333
3 0.197500 0.481667 0.006667 0.018333
3 0.037500 0.571667 0.009167 0.018333
3 0.820000 0.533333 0.007500 0.015000
2 0.115000 0.473333 0.011667 0.025000
2 0.330000 0.498333 0.009167 0.040000
3 0.294167 0.593333 0.009167 0.016667
3 0.791667 0.458333 0.009167 0.015000
2 0.611667 0.508333 0.017500 0.116667
2 0.755000 0.461667 0.048333 0.025000
2 0.400833 0.456667 0.097500 0.053333
2 0.643333 0.531667 0.048333 0.025000
2 0.578333 0.511667 0.026667 0.035000
2 0.086667 0.463333 0.015833 0.068333
3 0.229167 0.563333 0.007500 0.018333
3 0.136667 0.563333 0.007500 0.016667
2 0.237500 0.560000 0.019167 0.046667
2 0.040000 0.618333 0.020833 0.080000
3 0.385000 0.586667 0.007500 0.016667
3 0.245833 0.490000 0.013333 0.031667
3 0.285000 0.475000 0.007500 0.015000
3 0.819167 0.466667 0.010833 0.013333
3 0.768333 0.533333 0.008333 0.016667
3 0.467500 0.521667 0.017500 0.031667
2 0.560833 0.466667 0.034167 0.038333
2 0.785833 0.541667 0.015833 0.068333
2 0.658333 0.553333 0.019167 0.046667
2 0.390833 0.578333 0.011667 0.066667
2 0.209167 0.491667 0.011667 0.066667
2 0.372500 0.531667 0.035000 0.105000
2 0.499167 0.470000 0.011667 0.025000
2 0.420833 0.518333 0.011667 0.066667
3 0.112500 0.483333 0.014167 0.025000
3 0.565833 0.471667 0.011667 0.030000
3 0.790000 0.511667 0.008333 0.016667
3 0.212500 0.551667 0.015833 0.051667
2 0.161667 0.465000 0.020833 0.080000
2 0.412500 0.540000 0.022500 0.023333
3 0.241667 0.551667 0.007500 0.015000
2 0.621667 0.436667 0.097500 0.053333
2 0.604167 0.416667 0.035000 0.105000
2 0.715000 0.468333 0.011667 0.025000
3 0.580833 0.553333 0.009167 0.016667
3 0.289167 0.466667 0.010000 0.020000
3 0.114167 0.450000 0.013333 0.015000
2 0.718333 0.548333 0.027500 0.016667
2 0.443333 0.655000 0.021667 0.090000
3 0.316667 0.528333 0.008333 0.016667
2 0.734167 0.491667 0.014167 0.015000
2 0.196667 0.468333 0.017500 0.116667
3 0.567500 0.586667 0.008333 0.016667
2 0.792500 0.495000 0.014167 0.015000
3 0.695833 0.508333 0.014167 0.025000
2 0.407500 0.486667 0.035000 0.105000
2 0.024167 0.415000 0.035000 0.105000
2 0.588333 0.563333 0.021667 0.090000
2 0.135833 0.565000 0.020833 0.080000
3 0.390000 0.556667 0.008333 0.016667
3 0.100000 0.538333 0.010833 0.023333
3 0.303333 0.598333 0.006667 0.018333
2 0.339167 0.563333 0.015833 0.068333
2 0.265000 0.600000 0.023333 0.106667
2 0.302500 0.561667 0.097500 0.053333
3 0.302500 0.508333 0.010000 0.016667
3 0.390000 0.538333 0.011667 0.020000
3 0.131667 0.535000 0.013333 0.015000
3 0.134167 0.520000 0.008333 0.021667
3 0.161667 0.445000 0.011667 0.030000
2 0.592500 0.595000 0.023333 0.106667
2 0.648333 0.455000 0.019167 0.046667
2 0.653333 0.563333 0.014167 0.015000
3 0.495000 0.715000 0.010000 0.020000
3 0.340833 0.671667 0.007500 0.015000
2 0.545000 0.308333 0.011667 0.025000
2 0.654167 0.403333 0.035000 0.105000
3 0.644167 0.630000 0.009167 0.018333
2 0.521667 0.255000 0.048333 0.025000
3 0.786667 0.353333 0.008333 0.021667
3 0.483333 0.300000 0.007500 0.015000
2 0.710833 0.590000 0.019167 0.046667
2 0.390833 0.341667 0.015833 0.068333
2 0.572500 0.386667 0.034167 0.100000
3 0.774167 0.603333 0.009167 0.018333
2 0.791667 0.660000 0.009167 0.031667
3 0.697500 0.366667 0.007500 0.015000
3 0.800000 0.641667 0.008333 0.016667
3 0.223333 0.405000 0.010833 0.013333
2 0.790833 0.628333 0.020833 0.080000
3 0.650833 0.635000 0.013333 0.031667
3 0.305833 0.690000 0.013333 0.015000
3 0.697500 0.368333 0.007500 0.016667
2 0.767500 0.700000 0.027500 0.016667
3 0.299167 0.645000 0.010833 0.013333
2 0.454167 0.713333 0.027500 0.016667
2 0.618333 0.290000 0.014167 0.015000
2 0.696667 0.345000 0.009167 0.040000
2 0.335833 0.860000 0.014167 0.015000
2 0.278333 0.756667 0.010833 0.091667
3 0.580000 0.760000 0.009167 0.016667
2 0.335833 0.293333 0.010833 0.091667
2 0.566667 0.380000 0.010000 0.031667
3 0.643333 0.626667 0.014167 0.025000
3 0.423333 0.751667 0.007500 0.018333
3 0.395000 0.358333 0.008333 0.016667
3 0.345000 0.638333 0.007500 0.018333
2 0.273333 0.691667 0.013333 0.070000
3 0.449167 0.371667 0.010833 0.023333
2 0.445833 0.768333 0.019167 0.046667
3 0.748333 0.603333 0.008333 0.016667
3 0.637500 0.388333 0.010000 0.016667
3 0.261667 0.391667 0.009167 0.015000
3 0.538333 0.680000 0.010833 0.023333
2 0.784167 0.630000 0.045833 0.021667
3 0.664167 0.348333 0.013333 0.015000
2 0.473333 0.321667 0.048333 0.025000
3 0.692500 0.411667 0.007500 0.015000
3 0.635833 0.636667 0.009167 0.016667
2 0.656667 0.725000 0.013333 0.070000
2 0.726667 0.333333 0.011667 0.066667
2 0.640833 0.656667 0.010000 0.031667
2 0.520833 0.680000 0.029167 0.038333
2 0.796667 0.606667 0.020833 0.080000
2 0.466667 0.300000 0.027500 0.016667
3 0.283333 0.401667 0.006667 0.018333
2 0.444167 0.368333 0.015833 0.068333
2 0.445000 0.400000 0.026667 0.035000
2 0.305000 0.418333 0.026667 0.035000
3 0.679167 0.648333 0.009167 0.016667
3 0.778333 0.671667 0.013333 0.015000
2 0.724167 0.390000 0.058333 0.076667
2 0.525000 0.641667 0.013333 0.070000
3 0.805833 0.631667 0.010000 0.020000
3 0.455000 0.665000 0.009167 0.016667
2 0.604167 0.313333 0.010000 0.031667
2 0.516667 0.341667 0.019167 0.046667
3 0.649167 0.445000 0.009167 0.016667
3 0.737500 0.695000 0.007500 0.016667
3 0.407500 0.705000 0.007500 0.018333
3 0.444167 0.671667 0.009167 0.016667
2 0.795833 0.651667 0.023333 0.041667
3 0.338333 0.643333 0.007500 0.015000
3 0.673333 0.406667 0.009167 0.015000
2 0.335833 0.363333 0.009167 0.040000
2 0.558333 0.731667 0.058333 0.076667
3 0.618333 0.370000 0.009167 0.018333
2 0.378333 0.728333 0.013333 0.070000
3 0.781667 0.373333 0.009167 0.015000
3 0.700833 0.273333 0.009167 0.016667
2 0.354167 0.693333 0.029167 0.038333
3 0.432500 0.806667 0.008333 0.016667
3 0.485000 0.281667 0.013333 0.015000
3 0.459167 0.666667 0.013333 0.031667
2 0.490833 0.783333 0.026667 0.035000
3 0.228333 0.391667 0.017500 0.031667
3 0.786667 0.336667 0.007500 0.015000
3 0.310000 0.370000 0.008333 0.016667
3 0.326667 0.381667 0.007500 0.016667
2 0.300000 0.675000 0.019167 0.046667
2 0.451667 0.680000 0.026667 0.035000
2 0.776667 0.403333 0.048333 0.025000
2 0.670833 0.350000 0.026667 0.035000
2 0.683333 0.618333 0.048333 0.025000
3 0.282500 0.645000 0.008333 0.021667
2 0.778333 0.638333 0.045833 0.021667
3 0.361667 0.723333 0.008333 0.021667
3 0.520000 0.276667 0.008333 0.016667
2 0.735833 0.651667 0.020833 0.028333
2 0.330833 0.365000 0.019167 0.046667
3 0.566667 0.690000 0.007500 0.018333
3 0.688333 0.271667 0.008333 0.016667
2 0.648333 0.660000 0.011667 0.066667
2 0.690833 0.290000 0.026667 0.035000
2 0.610000 0.331667 0.048333 0.043333
3 0.624167 0.655000 0.008333 0.016667
3 0.300833 0.673333 0.010000 0.020000
3 0.615833 0.326667 0.013333 0.031667
3 0.485833 0.313333 0.006667 0.018333
2 0.616667 0.640000 0.011667 0.025000
3 0.693333 0.620000 0.006667 0.018333
3 0.474167 0.803333 0.013333 0.015000
2 0.736667 0.661667 0.027500 0.016667
2 0.408333 0.435000 0.034167 0.100000
2 0.290000 0.255000 0.009167 0.040000
2 0.519167 0.395000 0.034167 0.038333
3 0.552500 0.645000 0.013333 0.015000
2 0.236667 0.315000 0.011667 0.066667
3 0.696667 0.718333 0.010000 0.020000
2 0.399167 0.710000 0.048333 0.043333
2 0.708333 0.696667 0.011667 0.025000
3 0.428333 0.358333 0.008333 0.016667
2 0.801667 0.610000 0.020833 0.028333
3 0.427500 0.380000 0.008333 0.021667
2 0.456667 0.360000 0.045833 0.021667
2 0.685000 0.690000 0.034167 0.100000
3 0.730833 0.720000 0.009167 0.016667
2 0.770000 0.325000 0.048333 0.043333
2 0.340833 0.645000 0.058333 0.076667
2 0.563333 0.733333 0.034167 0.038333
3 0.659167 0.328333 0.006667 0.018333
2 0.324167 0.638333 0.011667 0.066667
3 0.792500 0.648333 0.007500 0.015000
2 0.685000 0.426667 0.048333 0.025000
3 0.684167 0.430000 0.009167 0.016667
3 0.670833 0.361667 0.008333 0.016667
3 0.307500 0.340000 0.007500 0.015000
3 0.638333 0.398333 0.010000 0.016667
3 0.313333 0.756667 0.009167 0.015000
3 0.301667 0.280000 0.007500 0.016667
2 0.675000 0.348333 0.015833 0.068333
2 0.465000 0.131667 0.011667 0.025000
3 0.220000 0.656667 0.009167 0.016667
2 0.769167 0.388333 0.019167 0.046667
2 0.540000 0.670000 0.048333 0.025000
3 0.336667 0.383333 0.008333 0.016667
2 0.303333 0.323333 0.015833 0.068333
2 0.342500 0.711667 0.045833 0.021667
2 0.265000 0.336667 0.048333 0.025000
2 0.404167 0.751667 0.013333 0.070000
3 0.802500 0.643333 0.010000 0.016667
2 0.575000 0.628333 0.009167 0.031667
3 0.728333 0.671667 0.007500 0.016667
3 0.510833 0.276667 0.007500 0.018333
3 0.635833 0.618333 0.009167 0.015000
2 0.305833 0.408333 0.022500 0.023333
2 0.684167 0.720000 0.023333 0.106667
2 0.769167 0.331667 0.020833 0.028333
2 0.770833 0.388333 0.015833 0.068333
2 0.517500 0.260000 0.027500 0.016667
3 0.651667 0.416667 0.010000 0.016667
2 0.673333 0.473333 0.010833 0.091667
3 0.326667 0.238333 0.010833 0.023333
2 0.247500 0.375000 0.015833 0.068333
2 0.780000 0.383333 0.048333 0.025000
2 0.679167 0.451667 0.013333 0.070000
2 0.305833 0.755000 0.019167 0.046667
3 0.320833 0.173333 0.013333 0.015000
3 0.355000 0.281667 0.008333 0.016667
3 0.573333 0.383333 0.007500 0.015000
2 0.673333 0.706667 0.015833 0.068333
2 0.590833 0.780000 0.010833 0.091667
2 0.529167 0.313333 0.023333 0.106667
3 0.337500 0.228333 0.013333 0.031667
3 0.697500 0.621667 0.008333 0.016667
3 0.340833 0.650000 0.008333 0.016667
3 0.291667 0.233333 0.008333 0.016667
2 0.571667 0.643333 0.013333 0.070000
3 0.318333 0.286667 0.008333 0.021667
2 0.279167 0.398333 0.014167 0.015000
3 0.386667 0.373333 0.007500 0.015000
2 0.570000 0.443333 0.030833 0.051667
2 0.690833 0.998333 0.048333 0.001667
2 0.665833 0.315000 0.035000 0.105000
2 0.292500 0.761667 0.010000 0.031667
2 0.654167 0.656667 0.097500 0.053333
3 0.665000 0.395000 0.007500 0.015000
3 0.435000 0.688333 0.010833 0.013333
2 0.298333 0.380000 0.048333 0.025000
2 0.275000 0.373333 0.014167 0.015000
2 0.311667 0.231667 0.014167 0.015000
2 0.516667 0.308333 0.048333 0.025000
3 0.701667 0.375000 0.009167 0.016667
3 0.750833 0.713333 0.013333 0.015000
2 0.290000 0.890000 0.021667 0.090000
2 0.580833 0.353333 0.019167 0.046667
3 0.590000 0.621667 0.010833 0.013333
2 0.709167 0.288333 0.019167 0.046667
2 0.250000 0.648333 0.010000 0.031667
2 0.545000 0.690000 0.034167 0.100000
3 0.743333 0.608333 0.017500 0.031667
