4 0.840833 0.720000 0.109167 0.148333
4 0.858333 0.523333 0.028333 0.035000
4 0.804167 0.645000 0.067500 0.160000
4 0.865833 0.625000 0.076667 0.038333
4 0.878333 0.566667 0.040000 0.070000
4 0.871667 0.520000 0.108333 0.058333
4 0.822500 0.533333 0.076667 0.213333
4 0.857500 0.605000 0.135000 0.031667
4 0.882500 0.511667 0.080000 0.053333
4 0.885833 0.545000 0.080833 0.103333
4 0.030000 0.420000 0.060000 0.163333
4 0.680000 0.558333 0.053333 0.060000
4 0.370833 0.460000 0.231667 0.163333
4 0.674167 0.645000 0.111667 0.283333
4 0.562500 0.431667 0.120000 0.171667
4 0.613333 0.523333 0.076667 0.023333
4 0.161667 0.533333 0.115833 0.088333
4 0.380000 0.431667 0.162500 0.163333
4 0.707500 0.438333 0.090833 0.180000
4 0.291667 0.633333 0.202500 0.203333
3 0.366667 0.500000 0.009167 0.015000
3 0.324167 0.456667 0.011667 0.030000
3 0.603333 0.598333 0.013333 0.031667
3 0.721667 0.485000 0.010000 0.016667
2 0.697500 0.493333 0.048333 0.025000
2 0.769167 0.428333 0.058333 0.076667
3 0.160833 0.515000 0.008333 0.016667
3 0.685000 0.516667 0.008333 0.016667
3 0.050833 0.580000 0.010000 0.020000
3 0.659167 0.576667 0.007500 0.015000
2 0.793333 0.520000 0.017500 0.116667
2 0.104167 0.468333 0.020833 0.028333
3 0.623333 0.593333 0.008333 0.016667
3 0.821667 0.475000 0.011667 0.030000
2 0.296667 0.573333 0.017500 0.116667
2 0.191667 0.538333 0.017500 0.116667
2 0.017500 0.476667 0.029167 0.038333
3 0.324167 0.493333 0.011667 0.030000
2 0.754167 0.471667 0.023333 0.041667
2 0.639167 0.486667 0.048333 0.025000
2 0.093333 0.473333 0.030833 0.051667
3 0.744167 0.546667 0.017500 0.031667
2 0.143333 0.490000 0.058333 0.076667
3 0.773333 0.508333 0.010000 0.020000
2 0.675000 0.616667 0.030833 0.051667
3 0.747500 0.510000 0.007500 0.016667
2 0.411667 0.451667 0.017500 0.116667
2 0.171667 0.515000 0.058333 0.076667
3 0.134167 0.455000 0.013333 0.015000
2 0.370000 0.496667 0.015833 0.068333
2 0.811667 0.491667 0.015833 0.068333
2 0.249167 0.495000 0.015833 0.068333
2 0.399167 0.458333 0.035000 0.105000
2 0.114167 0.536667 0.058333 0.076667
2 0.501667 0.620000 0.021667 0.090000
3 0.109167 0.585000 0.015833 0.051667
3 0.535000 0.578333 0.009167 0.016667
3 0.516667 0.546667 0.010000 0.016667
3 0.115833 0.555000 0.008333 0.021667
3 0.295000 0.500000 0.008333 0.021667
2 0.558333 0.458333 0.027500 0.016667
3 0.279167 0.506667 0.008333 0.016667
2 0.468333 0.521667 0.013333 0.070000
2 0.111667 0.508333 0.034167 0.100000
3 0.288333 0.536667 0.008333 0.016667
2 0.330000 0.436667 0.034167 0.038333
2 0.654167 0.480000 0.011667 0.025000
3 0.114167 0.556667 0.009167 0.016667
3 0.678333 0.510000 0.008333 0.021667
3 0.185000 0.476667 0.008333 0.021667
2 0.119167 0.461667 0.048333 0.043333
3 0.761667 0.493333 0.009167 0.016667
3 0.324167 0.455000 0.010000 0.020000
3 0.083333 0.491667 0.010000 0.016667
3 0.099167 0.466667 0.008333 0.021667
2 0.437500 0.608333 0.023333 0.106667
3 0.770000 0.508333 0.008333 0.016667
2 0.251667 0.553333 0.034167 0.038333
2 0.342500 0.628333 0.021667 0.090000
2 0.451667 0.563333 0.023333 0.106667
3 0.657500 0.581667 0.008333 0.016667
2 0.036667 0.483333 0.017500 0.116667
2 0.675000 0.536667 0.022500 0.023333
3 0.045000 0.540000 0.017500 0.031667
2 0.075000 0.616667 0.010833 0.091667
2 0.708333 0.515000 0.023333 0.106667
2 0.091667 0.511667 0.013333 0.070000
2 0.555000 0.515000 0.058333 0.076667
3 0.536667 0.580000 0.017500 0.031667
2 0.490833 0.533333 0.022500 0.023333
2 0.439167 0.460000 0.020833 0.080000
2 0.256667 0.536667 0.010833 0.091667
3 0.435833 0.591667 0.013333 0.031667
2 0.465000 0.380000 0.058333 0.076667
3 0.153333 0.466667 0.006667 0.018333
3 0.821667 0.568333 0.011667 0.020000
3 0.052500 0.516667 0.010000 0.020000
3 0.238333 0.563333 0.008333 0.016667
3 0.542500 0.558333 0.008333 0.016667
2 0.150000 0.466667 0.034167 0.038333
2 0.782500 0.610000 0.021667 0.090000
2 0.448333 0.521667 0.009167 0.040000
3 0.180000 0.603333 0.010000 0.016667
3 0.102500 0.580000 0.008333 0.021667
2 0.220833 0.500000 0.045833 0.021667
2 0.498333 0.588333 0.017500 0.116667
2 0.128333 0.506667 0.020833 0.080000
3 0.031667 0.516667 0.011667 0.030000
3 0.219167 0.526667 0.011667 0.020000
2 0.140833 0.576667 0.048333 0.025000
2 0.586667 0.485000 0.097500 0.053333
2 0.481667 0.480000 0.017500 0.116667
2 0.537500 0.593333 0.020000 0.021667
3 0.190833 0.508333 0.007500 0.018333
3 0.392500 0.548333 0.007500 0.016667
2 0.435000 0.571667 0.027500 0.016667
3 0.236667 0.451667 0.009167 0.016667
3 0.029167 0.523333 0.013333 0.015000
3 0.461667 0.526667 0.008333 0.016667
2 0.762500 0.518333 0.009167 0.031667
3 0.402500 0.548333 0.006667 0.018333
2 0.274167 0.610000 0.021667 0.090000
2 0.401667 0.688333 0.019167 0.046667
2 0.412500 0.360000 0.023333 0.106667
2 0.611667 0.288333 0.027500 0.016667
3 0.500833 0.343333 0.007500 0.016667
2 0.331667 0.598333 0.035000 0.105000
3 0.828333 0.423333 0.010000 0.016667
2 0.564167 0.395000 0.026667 0.035000
2 0.710000 0.998333 0.009167 0.001667
2 0.760000 0.631667 0.020833 0.028333
2 0.735000 0.663333 0.048333 0.025000
3 0.314167 0.658333 0.007500 0.015000
3 0.580833 0.621667 0.015833 0.051667
2 0.704167 0.290000 0.020833 0.080000
2 0.730000 0.436667 0.011667 0.025000
3 0.285833 0.798333 0.014167 0.025000
2 0.725000 0.791667 0.010000 0.031667
3 0.644167 0.326667 0.010833 0.023333
2 0.358333 0.730000 0.010833 0.091667
2 0.440833 0.713333 0.034167 0.038333
2 0.427500 0.701667 0.026667 0.035000
3 0.273333 0.666667 0.008333 0.016667
3 0.389167 0.731667 0.010000 0.016667
3 0.622500 0.656667 0.010833 0.023333
2 0.451667 0.748333 0.013333 0.070000
3 0.670000 0.365000 0.009167 0.023333
3 0.429167 0.756667 0.009167 0.023333
3 0.352500 0.388333 0.009167 0.023333
3 0.459167 0.881667 0.007500 0.018333
3 0.792500 0.726667 0.008333 0.016667
3 0.428333 0.648333 0.008333 0.016667
2 0.315000 0.298333 0.022500 0.023333
2 0.759167 0.341667 0.045833 0.021667
2 0.630833 0.620000 0.097500 0.053333
3 0.301667 0.403333 0.011667 0.030000
2 0.645000 0.425000 0.023333 0.041667
3 0.454167 0.665000 0.011667 0.020000
3 0.680000 0.423333 0.006667 0.018333
3 0.558333 0.320000 0.007500 0.015000
2 0.643333 0.356667 0.011667 0.025000
3 0.270833 0.320000 0.013333 0.015000
3 0.802500 0.643333 0.010000 0.020000
2 0.735000 0.725000 0.030833 0.051667
2 0.390000 0.380000 0.020000 0.021667
3 0.318333 0.640000 0.007500 0.018333
3 0.754167 0.388333 0.006667 0.018333
3 0.591667 0.745000 0.009167 0.016667
3 0.651667 0.336667 0.009167 0.023333
3 0.550833 0.420000 0.007500 0.015000
2 0.493333 0.765000 0.020833 0.028333
3 0.651667 0.653333 0.008333 0.016667
3 0.763333 0.336667 0.008333 0.016667
2 0.447500 0.305000 0.022500 0.023333
3 0.607500 0.325000 0.007500 0.015000
2 0.588333 0.770000 0.021667 0.090000
3 0.761667 0.416667 0.010000 0.020000
2 0.157500 0.391667 0.011667 0.066667
2 0.280833 0.393333 0.011667 0.025000
3 0.830000 0.415000 0.008333 0.016667
3 0.351667 0.660000 0.009167 0.015000
3 0.239167 0.761667 0.009167 0.018333
3 0.791667 0.395000 0.006667 0.018333
2 0.695000 0.713333 0.011667 0.066667
2 0.720833 0.610000 0.020833 0.080000
2 0.533333 0.358333 0.009167 0.031667
2 0.715000 0.648333 0.021667 0.090000
2 0.520000 0.378333 0.019167 0.046667
3 0.449167 0.715000 0.010833 0.023333
2 0.765833 0.623333 0.021667 0.090000
3 0.706667 0.281667 0.008333 0.016667
3 0.718333 0.368333 0.009167 0.018333
3 0.305000 0.663333 0.008333 0.016667
2 0.355833 0.641667 0.097500 0.053333
2 0.616667 0.650000 0.023333 0.041667
3 0.658333 0.370000 0.008333 0.016667
3 0.362500 0.613333 0.008333 0.016667
2 0.315833 0.688333 0.020833 0.028333
3 0.389167 0.755000 0.007500 0.016667
2 0.625000 0.415000 0.020833 0.080000
3 0.776667 0.416667 0.008333 0.016667
3 0.466667 0.330000 0.007500 0.015000
2 0.438333 0.148333 0.023333 0.041667
2 0.650000 0.618333 0.017500 0.116667
3 0.268333 0.725000 0.006667 0.018333
3 0.753333 0.311667 0.010833 0.023333
3 0.630000 0.655000 0.009167 0.015000
3 0.453333 0.366667 0.017500 0.031667
2 0.470000 0.363333 0.013333 0.070000
2 0.545000 0.295000 0.011667 0.066667
3 0.226667 0.386667 0.008333 0.016667
3 0.312500 0.385000 0.008333 0.016667
2 0.702500 0.395000 0.034167 0.100000
3 0.389167 0.650000 0.009167 0.016667
3 0.599167 0.328333 0.007500 0.015000
3 0.455000 0.643333 0.009167 0.016667
2 0.544167 0.425000 0.023333 0.106667
3 0.713333 0.728333 0.008333 0.016667
2 0.767500 0.665000 0.034167 0.038333
3 0.465833 0.141667 0.009167 0.023333
3 0.728333 0.375000 0.010833 0.013333
3 0.282500 0.435000 0.007500 0.015000
2 0.725000 0.775000 0.009167 0.040000
2 0.290833 0.755000 0.013333 0.070000
3 0.310000 0.383333 0.008333 0.016667
2 0.343333 0.371667 0.015833 0.068333
3 0.609167 0.348333 0.008333 0.016667
2 0.711667 0.428333 0.020000 0.021667
2 0.547500 0.218333 0.020833 0.028333
3 0.333333 0.333333 0.009167 0.016667
3 0.432500 0.751667 0.017500 0.031667
3 0.514167 0.423333 0.006667 0.018333
2 0.430833 0.305000 0.035000 0.105000
2 0.372500 0.326667 0.058333 0.076667
2 0.260833 0.755000 0.020833 0.080000
3 0.550833 0.710000 0.017500 0.031667
3 0.437500 0.746667 0.007500 0.015000
2 0.695000 0.691667 0.010833 0.091667
3 0.680000 0.430000 0.011667 0.030000
3 0.250833 0.655000 0.008333 0.021667
3 0.306667 0.693333 0.006667 0.018333
2 0.335833 0.646667 0.017500 0.116667
2 0.482500 0.765000 0.009167 0.031667
3 0.680000 0.340000 0.008333 0.016667
2 0.637500 0.628333 0.026667 0.035000
2 0.550833 0.700000 0.020833 0.080000
3 0.280000 0.438333 0.010833 0.023333
2 0.637500 0.743333 0.020833 0.080000
2 0.769167 0.456667 0.021667 0.090000
3 0.636667 0.385000 0.010833 0.013333
2 0.485000 0.298333 0.020833 0.028333
3 0.699167 0.635000 0.008333 0.021667
3 0.342500 0.870000 0.010000 0.016667
3 0.487500 0.681667 0.007500 0.018333
2 0.670000 0.678333 0.027500 0.016667
2 0.475000 0.381667 0.045833 0.021667
3 0.268333 0.686667 0.013333 0.015000
2 0.470000 0.626667 0.023333 0.106667
2 0.604167 0.388333 0.020000 0.021667
3 0.551667 0.726667 0.007500 0.018333
2 0.690833 0.661667 0.015833 0.068333
3 0.765833 0.366667 0.017500 0.031667
3 0.729167 0.381667 0.009167 0.023333
3 0.604167 0.368333 0.009167 0.016667
3 0.834167 0.416667 0.007500 0.015000
2 0.540833 0.623333 0.020833 0.080000
3 0.496667 0.365000 0.007500 0.015000
3 0.765000 0.641667 0.011667 0.020000
2 0.768333 0.660000 0.019167 0.046667
3 0.365000 0.285000 0.014167 0.025000
3 0.798333 0.368333 0.010833 0.013333
2 0.523333 0.360000 0.027500 0.016667
2 0.416667 0.400000 0.030833 0.051667
3 0.681667 0.618333 0.011667 0.020000
3 0.225833 0.705000 0.009167 0.015000
2 0.399167 0.745000 0.020833 0.080000
3 0.685000 0.356667 0.010000 0.020000
3 0.749167 0.316667 0.013333 0.031667
3 0.320000 0.713333 0.010833 0.013333
2 0.430000 0.340000 0.027500 0.016667
3 0.463333 0.875000 0.013333 0.015000
3 0.627500 0.651667 0.008333 0.016667
2 0.339167 0.283333 0.011667 0.066667
3 0.595833 0.743333 0.006667 0.018333
2 0.670833 0.630000 0.022500 0.023333
3 0.248333 0.678333 0.009167 0.016667
3 0.803333 0.645000 0.008333 0.016667
3 0.622500 0.405000 0.011667 0.030000
2 0.690833 0.725000 0.017500 0.116667
3 0.299167 0.671667 0.013333 0.015000
2 0.721667 0.358333 0.035000 0.105000
2 0.548333 0.648333 0.011667 0.025000
2 0.760000 0.443333 0.013333 0.070000
2 0.280000 0.726667 0.022500 0.023333
2 0.291667 0.756667 0.011667 0.025000
3 0.752500 0.368333 0.009167 0.018333
2 0.334167 0.228333 0.027500 0.016667
3 0.462500 0.701667 0.010000 0.016667
2 0.692500 0.686667 0.034167 0.100000
2 0.756667 0.776667 0.045833 0.021667
2 0.690833 0.701667 0.020833 0.080000
2 0.429167 0.671667 0.048333 0.043333
3 0.690833 0.611667 0.009167 0.015000
2 0.317500 0.391667 0.026667 0.035000
2 0.418333 0.360000 0.017500 0.116667
2 0.643333 0.711667 0.020833 0.080000
2 0.456667 0.298333 0.048333 0.043333
3 0.650000 0.391667 0.009167 0.016667
3 0.550000 0.655000 0.007500 0.016667
2 0.682500 0.383333 0.020000 0.021667
3 0.645833 0.678333 0.007500 0.015000
3 0.441667 0.791667 0.007500 0.018333
2 0.535000 0.703333 0.022500 0.023333
3 0.774167 0.606667 0.009167 0.023333
3 0.686667 0.633333 0.015833 0.051667
2 0.253333 0.660000 0.048333 0.043333
2 0.297500 0.743333 0.023333 0.106667
3 0.831667 0.413333 0.009167 0.023333
2 0.500833 0.830000 0.023333 0.041667
2 0.689167 0.335000 0.010000 0.031667
