4 0.861667 0.645000 0.051667 0.020000
4 0.859167 0.546667 0.085000 0.141667
4 0.840833 0.423333 0.091667 0.080000
4 0.905000 0.510000 0.050000 0.056667
4 0.768333 0.526667 0.136667 0.085000
4 0.825000 0.516667 0.076667 0.123333
4 0.881667 0.591667 0.064167 0.030000
4 0.825833 0.441667 0.083333 0.125000
4 0.777500 0.425000 0.210833 0.135000
4 0.859167 0.555000 0.138333 0.140000
4 0.110000 0.446667 0.064167 0.048333
4 0.328333 0.418333 0.189167 0.375000
4 0.434167 0.578333 0.082500 0.141667
4 0.524167 0.556667 0.060000 0.120000
4 0.037500 0.533333 0.075000 0.088333
4 0.351667 0.431667 0.243333 0.233333
4 0.764167 0.455000 0.137500 0.218333
4 0.571667 0.465000 0.066667 0.081667
4 0.534167 0.623333 0.079167 0.195000
4 0.173333 0.466667 0.057500 0.043333
3 0.041667 0.533333 0.008333 0.016667
3 0.392500 0.488333 0.010833 0.023333
2 0.487500 0.486667 0.011667 0.066667
3 0.223333 0.550000 0.007500 0.016667
3 0.376667 0.518333 0.007500 0.018333
2 0.226667 0.548333 0.011667 0.066667
2 0.036667 0.513333 0.045833 0.021667
2 0.683333 0.580000 0.034167 0.100000
2 0.460000 0.441667 0.027500 0.016667
3 0.220833 0.561667 0.017500 0.031667
2 0.608333 0.571667 0.048333 0.025000
2 0.588333 0.528333 0.034167 0.100000
2 0.787500 0.611667 0.010833 0.091667
3 0.265000 0.458333 0.009167 0.016667
2 0.104167 0.536667 0.021667 0.090000
2 0.622500 0.571667 0.013333 0.070000
3 0.055833 0.528333 0.010000 0.016667
2 0.371667 0.543333 0.017500 0.116667
3 0.529167 0.535000 0.009167 0.018333
2 0.482500 0.450000 0.014167 0.015000
3 0.351667 0.548333 0.008333 0.021667
3 0.225833 0.565000 0.011667 0.030000
3 0.728333 0.550000 0.008333 0.016667
2 0.180000 0.550000 0.010000 0.031667
3 0.406667 0.448333 0.017500 0.031667
2 0.072500 0.556667 0.023333 0.041667
3 0.708333 0.541667 0.011667 0.030000
3 0.801667 0.470000 0.010833 0.013333
2 0.026667 0.478333 0.045833 0.021667
2 0.412500 0.603333 0.020833 0.080000
2 0.220000 0.571667 0.023333 0.106667
3 0.067500 0.475000 0.007500 0.015000
3 0.622500 0.580000 0.009167 0.023333
2 0.645000 0.470000 0.017500 0.116667
2 0.695000 0.588333 0.026667 0.035000
2 0.238333 0.453333 0.011667 0.025000
2 0.080000 0.455000 0.058333 0.076667
3 0.480833 0.436667 0.009167 0.016667
3 0.725833 0.523333 0.010833 0.023333
3 0.460000 0.440000 0.009167 0.016667
2 0.250000 0.570000 0.026667 0.035000
2 0.462500 0.583333 0.048333 0.025000
3 0.361667 0.586667 0.010000 0.020000
2 0.677500 0.546667 0.034167 0.100000
3 0.150833 0.526667 0.017500 0.031667
2 0.713333 0.498333 0.048333 0.043333
2 0.012500 0.495000 0.025000 0.043333
3 0.541667 0.491667 0.015833 0.051667
3 0.130000 0.541667 0.010000 0.016667
2 0.803333 0.525000 0.023333 0.041667
2 0.165833 0.426667 0.029167 0.038333
2 0.453333 0.391667 0.058333 0.076667
3 0.144167 0.485000 0.017500 0.031667
3 0.169167 0.571667 0.010000 0.020000
2 0.559167 0.586667 0.010833 0.091667
3 0.326667 0.470000 0.013333 0.015000
3 0.348333 0.475000 0.010000 0.016667
2 0.079167 0.475000 0.020000 0.021667
2 0.160833 0.511667 0.010000 0.031667
3 0.036667 0.540000 0.007500 0.015000
2 0.229167 0.598333 0.048333 0.025000
2 0.466667 0.461667 0.011667 0.066667
2 0.433333 0.495000 0.048333 0.025000
3 0.369167 0.546667 0.009167 0.015000
2 0.706667 0.480000 0.019167 0.046667
2 0.470000 0.453333 0.045833 0.021667
2 0.020000 0.481667 0.011667 0.066667
3 0.162500 0.533333 0.011667 0.020000
2 0.648333 0.445000 0.097500 0.053333
3 0.783333 0.560000 0.008333 0.016667
3 0.428333 0.621667 0.013333 0.015000
3 0.622500 0.528333 0.009167 0.016667
2 0.580833 0.536667 0.027500 0.016667
3 0.365000 0.468333 0.009167 0.016667
3 0.812500 0.525000 0.010833 0.023333
2 0.039167 0.515000 0.017500 0.116667
3 0.739167 0.496667 0.013333 0.031667
2 0.519167 0.516667 0.097500 0.053333
3 0.565000 0.593333 0.006667 0.018333
2 0.546667 0.565000 0.023333 0.041667
2 0.701667 0.495000 0.045833 0.021667
3 0.454167 0.598333 0.007500 0.015000
2 0.490833 0.423333 0.035000 0.105000
2 0.295000 0.550000 0.013333 0.070000
3 0.155000 0.536667 0.010000 0.020000
3 0.197500 0.601667 0.013333 0.015000
2 0.440833 0.590000 0.017500 0.116667
2 0.567500 0.545000 0.011667 0.025000
2 0.200833 0.595000 0.020000 0.021667
2 0.744167 0.471667 0.011667 0.025000
2 0.248333 0.495000 0.020833 0.080000
3 0.272500 0.458333 0.007500 0.015000
2 0.154167 0.490000 0.045833 0.021667
2 0.602500 0.558333 0.011667 0.025000
2 0.713333 0.523333 0.048333 0.043333
2 0.189167 0.555000 0.045833 0.021667
2 0.676667 0.551667 0.048333 0.025000
2 0.428333 0.608333 0.014167 0.015000
3 0.290000 0.475000 0.008333 0.021667
2 0.270000 0.465000 0.048333 0.043333
2 0.389167 0.528333 0.048333 0.025000
3 0.692500 0.453333 0.006667 0.018333
3 0.692500 0.648333 0.009167 0.016667
3 0.776667 0.655000 0.009167 0.023333
3 0.492500 0.738333 0.008333 0.016667
2 0.793333 0.715000 0.048333 0.043333
2 0.463333 0.653333 0.026667 0.035000
3 0.713333 0.380000 0.009167 0.016667
3 0.777500 0.603333 0.007500 0.015000
2 0.488333 0.743333 0.020833 0.028333
2 0.775833 0.706667 0.045833 0.021667
2 0.246667 0.696667 0.010000 0.031667
3 0.334167 0.250000 0.014167 0.025000
2 0.459167 0.093333 0.011667 0.066667
2 0.460000 0.875000 0.020000 0.021667
2 0.427500 0.710000 0.097500 0.053333
2 0.551667 0.688333 0.045833 0.021667
3 0.677500 0.370000 0.007500 0.018333
3 0.331667 0.710000 0.007500 0.018333
2 0.382500 0.673333 0.020833 0.080000
2 0.447500 0.855000 0.034167 0.038333
2 0.693333 0.240000 0.035000 0.105000
2 0.294167 0.393333 0.045833 0.021667
2 0.741667 0.591667 0.045833 0.021667
3 0.344167 0.695000 0.010833 0.023333
3 0.359167 0.716667 0.013333 0.015000
2 0.558333 0.646667 0.011667 0.066667
3 0.338333 0.860000 0.009167 0.015000
3 0.554167 0.328333 0.015833 0.051667
2 0.446667 0.656667 0.011667 0.025000
3 0.682500 0.616667 0.010000 0.020000
2 0.317500 0.350000 0.035000 0.105000
2 0.508333 0.818333 0.023333 0.041667
2 0.741667 0.316667 0.097500 0.053333
3 0.743333 0.406667 0.008333 0.016667
3 0.743333 0.410000 0.008333 0.021667
2 0.513333 0.716667 0.014167 0.015000
3 0.521667 0.405000 0.010000 0.020000
3 0.320833 0.650000 0.009167 0.016667
3 0.709167 0.651667 0.007500 0.018333
2 0.810000 0.408333 0.030833 0.051667
3 0.618333 0.678333 0.013333 0.031667
3 0.300000 0.401667 0.014167 0.025000
3 0.158333 0.411667 0.009167 0.018333
2 0.685833 0.350000 0.009167 0.040000
2 0.192500 0.385000 0.011667 0.025000
2 0.724167 0.371667 0.013333 0.070000
3 0.738333 0.415000 0.009167 0.016667
3 0.678333 0.671667 0.009167 0.023333
2 0.559167 0.430000 0.014167 0.015000
2 0.682500 0.386667 0.026667 0.035000
2 0.799167 0.405000 0.010000 0.031667
2 0.329167 0.653333 0.026667 0.035000
3 0.775833 0.323333 0.009167 0.016667
2 0.628333 0.373333 0.097500 0.053333
3 0.572500 0.720000 0.007500 0.018333
3 0.760000 0.390000 0.007500 0.018333
2 0.745833 0.720000 0.009167 0.031667
2 0.532500 0.275000 0.022500 0.023333
3 0.310000 0.668333 0.015833 0.051667
3 0.790000 0.351667 0.010000 0.020000
2 0.269167 0.648333 0.015833 0.068333
2 0.440833 0.408333 0.011667 0.025000
3 0.485833 0.770000 0.014167 0.025000
3 0.247500 0.698333 0.007500 0.018333
3 0.730000 0.380000 0.008333 0.016667
3 0.509167 0.318333 0.007500 0.015000
2 0.353333 0.340000 0.048333 0.043333
2 0.633333 0.345000 0.020833 0.028333
2 0.029167 0.610000 0.009167 0.031667
3 0.391667 0.691667 0.010833 0.023333
3 0.254167 0.645000 0.008333 0.016667
3 0.291667 0.686667 0.015833 0.051667
3 0.455833 0.753333 0.007500 0.018333
2 0.643333 0.708333 0.021667 0.090000
2 0.297500 0.263333 0.015833 0.068333
3 0.741667 0.688333 0.007500 0.018333
3 0.278333 0.725000 0.011667 0.030000
3 0.442500 0.346667 0.010833 0.023333
2 0.648333 0.416667 0.013333 0.070000
3 0.405000 0.726667 0.010833 0.023333
3 0.387500 0.756667 0.011667 0.020000
3 0.790000 0.330000 0.008333 0.016667
2 0.541667 0.620000 0.014167 0.015000
2 0.787500 0.721667 0.023333 0.106667
3 0.647500 0.421667 0.007500 0.018333
3 0.710833 0.415000 0.007500 0.015000
3 0.568333 0.296667 0.007500 0.016667
2 0.592500 0.560000 0.019167 0.046667
2 0.360000 0.360000 0.048333 0.025000
3 0.657500 0.358333 0.009167 0.016667
3 0.735000 0.660000 0.011667 0.030000
2 0.780000 0.415000 0.023333 0.041667
3 0.727500 0.640000 0.008333 0.016667
2 0.760833 0.686667 0.022500 0.023333
2 0.355000 0.405000 0.023333 0.106667
3 0.301667 0.645000 0.013333 0.031667
2 0.455833 0.361667 0.048333 0.043333
3 0.387500 0.388333 0.007500 0.015000
3 0.670833 0.645000 0.017500 0.031667
2 0.785000 0.433333 0.010833 0.091667
2 0.503333 0.746667 0.023333 0.106667
3 0.663333 0.678333 0.013333 0.031667
2 0.418333 0.680000 0.020833 0.080000
3 0.384167 0.376667 0.013333 0.031667
3 0.727500 0.446667 0.007500 0.015000
3 0.782500 0.376667 0.008333 0.016667
3 0.504167 0.271667 0.008333 0.016667
3 0.777500 0.645000 0.013333 0.031667
3 0.444167 0.346667 0.008333 0.016667
2 0.445000 0.150000 0.009167 0.031667
2 0.596667 0.570000 0.011667 0.025000
2 0.271667 0.645000 0.011667 0.066667
3 0.520000 0.436667 0.017500 0.031667
3 0.763333 0.713333 0.011667 0.020000
3 0.317500 0.411667 0.010000 0.020000
2 0.810000 0.611667 0.010000 0.031667
2 0.285833 0.696667 0.034167 0.038333
3 0.665833 0.420000 0.008333 0.016667
2 0.351667 0.323333 0.023333 0.106667
2 0.741667 0.301667 0.034167 0.038333
2 0.694167 0.431667 0.045833 0.021667
3 0.282500 0.440000 0.008333 0.021667
3 0.317500 0.713333 0.007500 0.018333
2 0.744167 0.323333 0.034167 0.038333
3 0.489167 0.285000 0.007500 0.015000
3 0.528333 0.361667 0.013333 0.015000
3 0.760000 0.606667 0.011667 0.030000
2 0.688333 0.233333 0.035000 0.105000
3 0.201667 0.661667 0.009167 0.016667
3 0.599167 0.740000 0.010000 0.016667
3 0.290833 0.273333 0.008333 0.016667
3 0.619167 0.380000 0.006667 0.018333
2 0.796667 0.393333 0.015833 0.068333
2 0.660833 0.663333 0.020833 0.028333
3 0.501667 0.396667 0.007500 0.018333
3 0.573333 0.665000 0.006667 0.018333
2 0.563333 0.420000 0.030833 0.051667
2 0.793333 0.413333 0.014167 0.015000
3 0.640833 0.625000 0.009167 0.016667
2 0.570000 0.763333 0.034167 0.100000
2 0.675000 0.265000 0.045833 0.021667
2 0.320833 0.220000 0.045833 0.021667
3 0.745000 0.698333 0.013333 0.015000
2 0.320000 0.390000 0.015833 0.068333
3 0.784167 0.893333 0.009167 0.016667
3 0.176667 0.391667 0.008333 0.016667
2 0.631667 0.590000 0.035000 0.105000
2 0.240833 0.670000 0.034167 0.100000
3 0.732500 0.591667 0.011667 0.030000
2 0.464167 0.721667 0.048333 0.025000
2 0.656667 0.390000 0.020833 0.028333
2 0.442500 0.418333 0.010833 0.091667
3 0.796667 0.660000 0.009167 0.016667
2 0.691667 0.666667 0.026667 0.035000
3 0.252500 0.341667 0.009167 0.016667
3 0.170000 0.385000 0.009167 0.018333
2 0.453333 0.130000 0.034167 0.038333
3 0.781667 0.448333 0.010000 0.020000
2 0.712500 0.635000 0.023333 0.041667
3 0.655833 0.395000 0.007500 0.016667
2 0.665833 0.708333 0.010833 0.091667
2 0.735833 0.353333 0.023333 0.106667
3 0.704167 0.721667 0.009167 0.016667
3 0.685833 0.616667 0.010000 0.016667
3 0.307500 0.726667 0.008333 0.016667
2 0.668333 0.625000 0.011667 0.025000
3 0.712500 0.686667 0.009167 0.015000
3 0.771667 0.596667 0.009167 0.016667
3 0.666667 0.706667 0.008333 0.021667
3 0.628333 0.338333 0.010833 0.023333
3 0.685000 0.373333 0.011667 0.030000
2 0.798333 0.400000 0.011667 0.025000
2 0.693333 0.611667 0.027500 0.016667
3 0.480000 0.701667 0.007500 0.015000
2 0.651667 0.370000 0.014167 0.015000
2 0.263333 0.786667 0.034167 0.100000
2 0.312500 0.411667 0.048333 0.043333
3 0.762500 0.703333 0.013333 0.031667
2 0.274167 0.653333 0.019167 0.046667
2 0.692500 0.715000 0.017500 0.116667
3 0.780833 0.346667 0.007500 0.016667
2 0.289167 0.820000 0.010833 0.091667
3 0.758333 0.366667 0.011667 0.020000
2 0.670000 0.435000 0.029167 0.038333
3 0.658333 0.698333 0.009167 0.018333
2 0.687500 0.348333 0.045833 0.021667
2 0.465833 0.240000 0.011667 0.066667
2 0.722500 0.346667 0.010000 0.031667
3 0.423333 0.346667 0.007500 0.015000
3 0.544167 0.298333 0.009167 0.023333
2 0.298333 0.715000 0.009167 0.031667
2 0.533333 0.703333 0.020833 0.080000
2 0.450000 0.780000 0.009167 0.031667
2 0.335000 0.780000 0.022500 0.023333
2 0.284167 0.786667 0.026667 0.035000
3 0.300833 0.743333 0.015833 0.051667
2 0.704167 0.411667 0.034167 0.100000
2 0.671667 0.388333 0.035000 0.105000
3 0.540833 0.723333 0.007500 0.018333
