4 0.840833 0.613333 0.115833 0.206667
4 0.856667 0.455000 0.065000 0.025000
4 0.735833 0.570000 0.237500 0.161667
4 0.854167 0.523333 0.116667 0.110000
4 0.822500 0.533333 0.106667 0.078333
4 0.737500 0.481667 0.264167 0.125000
4 0.870833 0.655000 0.065000 0.031667
4 0.841667 0.501667 0.085833 0.098333
4 0.820000 0.523333 0.076667 0.038333
4 0.876667 0.630000 0.081667 0.061667
4 0.230000 0.568333 0.146667 0.041667
4 0.045000 0.541667 0.090833 0.078333
4 0.610000 0.653333 0.150000 0.288333
4 0.458333 0.530000 0.074167 0.028333
4 0.343333 0.555000 0.082500 0.030000
4 0.360000 0.520000 0.065833 0.028333
4 0.294167 0.486667 0.057500 0.071667
4 0.681667 0.518333 0.056667 0.071667
4 0.138333 0.530000 0.077500 0.093333
4 0.275000 0.511667 0.050000 0.068333
2 0.315833 0.506667 0.034167 0.038333
2 0.780000 0.561667 0.017500 0.116667
3 0.729167 0.551667 0.009167 0.016667
2 0.065000 0.518333 0.023333 0.106667
2 0.535833 0.508333 0.097500 0.053333
2 0.372500 0.481667 0.029167 0.038333
2 0.091667 0.458333 0.020833 0.080000
3 0.192500 0.440000 0.008333 0.016667
3 0.223333 0.575000 0.010000 0.016667
2 0.368333 0.501667 0.011667 0.025000
2 0.630000 0.511667 0.048333 0.025000
2 0.809167 0.573333 0.026667 0.035000
3 0.781667 0.550000 0.009167 0.016667
3 0.070833 0.588333 0.011667 0.030000
3 0.428333 0.528333 0.009167 0.018333
2 0.332500 0.575000 0.030833 0.051667
3 0.603333 0.630000 0.008333 0.016667
3 0.047500 0.495000 0.007500 0.015000
2 0.246667 0.575000 0.017500 0.116667
3 0.588333 0.558333 0.015833 0.051667
3 0.766667 0.585000 0.009167 0.016667
3 0.658333 0.548333 0.007500 0.015000
2 0.119167 0.613333 0.013333 0.070000
3 0.032500 0.476667 0.008333 0.016667
3 0.697500 0.460000 0.014167 0.025000
2 0.476667 0.470000 0.029167 0.038333
2 0.269167 0.516667 0.034167 0.100000
2 0.094167 0.521667 0.029167 0.038333
3 0.618333 0.620000 0.011667 0.030000
3 0.240000 0.581667 0.010000 0.020000
2 0.780000 0.530000 0.020833 0.028333
3 0.335000 0.550000 0.008333 0.016667
2 0.559167 0.503333 0.026667 0.035000
3 0.620833 0.471667 0.009167 0.016667
2 0.606667 0.500000 0.021667 0.090000
2 0.035000 0.531667 0.070000 0.053333
2 0.086667 0.546667 0.020833 0.080000
3 0.371667 0.566667 0.008333 0.016667
2 0.133333 0.478333 0.048333 0.043333
2 0.243333 0.501667 0.019167 0.046667
3 0.487500 0.421667 0.015833 0.051667
2 0.130000 0.496667 0.027500 0.016667
3 0.485833 0.450000 0.009167 0.018333
2 0.310833 0.543333 0.045833 0.021667
2 0.655833 0.513333 0.011667 0.066667
2 0.656667 0.541667 0.023333 0.106667
2 0.812500 0.645000 0.034167 0.100000
2 0.680833 0.556667 0.010833 0.091667
2 0.515833 0.563333 0.019167 0.046667
2 0.163333 0.433333 0.029167 0.038333
3 0.235833 0.483333 0.009167 0.016667
3 0.505833 0.601667 0.011667 0.020000
3 0.336667 0.501667 0.008333 0.021667
2 0.421667 0.501667 0.022500 0.023333
2 0.352500 0.435000 0.015833 0.068333
3 0.123333 0.518333 0.015833 0.051667
3 0.137500 0.466667 0.007500 0.015000
2 0.661667 0.565000 0.020833 0.028333
2 0.147500 0.591667 0.020833 0.028333
2 0.310833 0.581667 0.014167 0.015000
2 0.467500 0.448333 0.048333 0.043333
3 0.805000 0.578333 0.006667 0.018333
2 0.373333 0.541667 0.048333 0.043333
3 0.727500 0.530000 0.009167 0.023333
3 0.286667 0.581667 0.009167 0.023333
2 0.325000 0.608333 0.022500 0.023333
3 0.658333 0.515000 0.008333 0.016667
2 0.632500 0.533333 0.023333 0.106667
3 0.535833 0.485000 0.008333 0.016667
2 0.595833 0.585000 0.020000 0.021667
3 0.612500 0.503333 0.007500 0.018333
3 0.161667 0.435000 0.010833 0.013333
2 0.446667 0.575000 0.011667 0.066667
3 0.730833 0.466667 0.011667 0.020000
2 0.385000 0.458333 0.011667 0.066667
3 0.242500 0.600000 0.013333 0.031667
2 0.405833 0.511667 0.026667 0.035000
3 0.513333 0.573333 0.017500 0.031667
3 0.763333 0.526667 0.017500 0.031667
2 0.628333 0.566667 0.019167 0.046667
2 0.197500 0.536667 0.023333 0.041667
2 0.135000 0.538333 0.045833 0.021667
2 0.777500 0.575000 0.023333 0.106667
3 0.820000 0.683333 0.013333 0.031667
2 0.188333 0.448333 0.023333 0.041667
3 0.040833 0.470000 0.007500 0.015000
3 0.498333 0.438333 0.008333 0.016667
3 0.149167 0.468333 0.010000 0.020000
2 0.510833 0.558333 0.009167 0.040000
2 0.151667 0.500000 0.014167 0.015000
2 0.687500 0.496667 0.020833 0.080000
2 0.431667 0.565000 0.026667 0.035000
2 0.217500 0.520000 0.013333 0.070000
2 0.244167 0.530000 0.048333 0.043333
2 0.437500 0.605000 0.048333 0.025000
3 0.676667 0.555000 0.017500 0.031667
3 0.478333 0.400000 0.015833 0.051667
2 0.618333 0.578333 0.048333 0.043333
2 0.295000 0.543333 0.014167 0.015000
2 0.299167 0.515000 0.013333 0.070000
2 0.086667 0.558333 0.009167 0.031667
3 0.267500 0.591667 0.006667 0.018333
3 0.465000 0.878333 0.009167 0.016667
3 0.672500 0.441667 0.010000 0.016667
3 0.810000 0.628333 0.007500 0.015000
2 0.566667 0.611667 0.035000 0.105000
2 0.480000 0.266667 0.023333 0.106667
3 0.742500 0.283333 0.010000 0.020000
2 0.500833 0.388333 0.045833 0.021667
2 0.708333 0.631667 0.009167 0.040000
2 0.660000 0.651667 0.048333 0.025000
2 0.490000 0.371667 0.015833 0.068333
3 0.806667 0.631667 0.007500 0.018333
2 0.445833 0.406667 0.010833 0.091667
3 0.550000 0.681667 0.010000 0.020000
3 0.604167 0.998333 0.010833 0.001667
2 0.810000 0.408333 0.009167 0.031667
2 0.443333 0.355000 0.010000 0.031667
3 0.811667 0.400000 0.006667 0.018333
3 0.238333 0.335000 0.008333 0.016667
2 0.719167 0.630000 0.011667 0.025000
2 0.302500 0.235000 0.048333 0.043333
2 0.381667 0.710000 0.097500 0.053333
3 0.645000 0.356667 0.011667 0.020000
3 0.515833 0.810000 0.008333 0.016667
3 0.300833 0.278333 0.009167 0.015000
2 0.713333 0.631667 0.020833 0.080000
3 0.535833 0.741667 0.015833 0.051667
2 0.675833 0.620000 0.017500 0.116667
2 0.685000 0.345000 0.010000 0.031667
2 0.531667 0.385000 0.048333 0.043333
2 0.503333 0.298333 0.023333 0.106667
2 0.714167 0.626667 0.030833 0.051667
3 0.745833 0.375000 0.009167 0.016667
3 0.710833 0.998333 0.007500 0.001667
2 0.513333 0.616667 0.015833 0.068333
2 0.642500 0.688333 0.023333 0.106667
2 0.695833 0.400000 0.010833 0.091667
3 0.750000 0.643333 0.007500 0.018333
2 0.292500 0.718333 0.034167 0.100000
2 0.225000 0.380000 0.011667 0.025000
2 0.672500 0.383333 0.034167 0.100000
2 0.749167 0.640000 0.026667 0.035000
2 0.257500 0.745000 0.058333 0.076667
3 0.315833 0.253333 0.009167 0.016667
2 0.750000 0.606667 0.015833 0.068333
3 0.644167 0.415000 0.014167 0.025000
2 0.773333 0.810000 0.013333 0.070000
3 0.216667 0.630000 0.010833 0.013333
3 0.224167 0.768333 0.009167 0.018333
3 0.734167 0.436667 0.007500 0.016667
3 0.645000 0.386667 0.009167 0.023333
2 0.705833 0.705000 0.009167 0.040000
3 0.735000 0.695000 0.006667 0.018333
2 0.782500 0.366667 0.048333 0.043333
2 0.399167 0.641667 0.011667 0.066667
2 0.709167 0.358333 0.030833 0.051667
3 0.564167 0.670000 0.007500 0.015000
3 0.555000 0.680000 0.009167 0.018333
3 0.730833 0.303333 0.008333 0.016667
2 0.708333 0.430000 0.009167 0.031667
2 0.253333 0.776667 0.011667 0.025000
2 0.653333 0.615000 0.011667 0.025000
2 0.739167 0.713333 0.023333 0.106667
3 0.746667 0.375000 0.008333 0.016667
2 0.719167 0.435000 0.023333 0.041667
3 0.690833 0.638333 0.015833 0.051667
2 0.234167 0.343333 0.058333 0.076667
3 0.524167 0.361667 0.008333 0.016667
2 0.267500 0.646667 0.010000 0.031667
2 0.649167 0.676667 0.022500 0.023333
3 0.435000 0.726667 0.007500 0.018333
3 0.703333 0.425000 0.011667 0.020000
2 0.785833 0.668333 0.009167 0.040000
2 0.773333 0.376667 0.035000 0.105000
3 0.470000 0.120000 0.013333 0.015000
3 0.647500 0.681667 0.013333 0.031667
3 0.569167 0.671667 0.009167 0.016667
2 0.724167 0.658333 0.023333 0.106667
2 0.712500 0.631667 0.020833 0.028333
3 0.158333 0.413333 0.009167 0.016667
2 0.552500 0.675000 0.022500 0.023333
2 0.145833 0.365000 0.058333 0.076667
2 0.704167 0.585000 0.015833 0.068333
3 0.191667 0.648333 0.007500 0.016667
2 0.304167 0.705000 0.034167 0.038333
2 0.685000 0.613333 0.058333 0.076667
2 0.293333 0.288333 0.010000 0.031667
3 0.380000 0.366667 0.008333 0.016667
3 0.233333 0.386667 0.007500 0.015000
2 0.511667 0.221667 0.027500 0.016667
3 0.649167 0.441667 0.006667 0.018333
3 0.240000 0.360000 0.017500 0.031667
3 0.687500 0.403333 0.008333 0.016667
2 0.711667 0.311667 0.015833 0.068333
3 0.245000 0.356667 0.008333 0.016667
3 0.543333 0.648333 0.010833 0.013333
3 0.580833 0.423333 0.009167 0.016667
2 0.494167 0.256667 0.011667 0.025000
3 0.704167 0.665000 0.011667 0.030000
2 0.241667 0.743333 0.035000 0.105000
2 0.754167 0.360000 0.034167 0.038333
2 0.411667 0.723333 0.022500 0.023333
3 0.779167 0.326667 0.009167 0.023333
3 0.467500 0.723333 0.007500 0.015000
3 0.767500 0.678333 0.010000 0.016667
2 0.305000 0.600000 0.035000 0.105000
3 0.544167 0.685000 0.013333 0.031667
2 0.650833 0.428333 0.029167 0.038333
2 0.435833 0.351667 0.011667 0.066667
2 0.558333 0.413333 0.058333 0.076667
3 0.470000 0.356667 0.009167 0.018333
2 0.285000 0.358333 0.048333 0.043333
3 0.810833 0.631667 0.006667 0.018333
3 0.750833 0.716667 0.013333 0.031667
2 0.366667 0.641667 0.010000 0.031667
2 0.306667 0.310000 0.035000 0.105000
3 0.470833 0.245000 0.013333 0.031667
3 0.589167 0.630000 0.008333 0.016667
2 0.265833 0.735000 0.015833 0.068333
2 0.635833 0.435000 0.022500 0.023333
2 0.291667 0.825000 0.010833 0.091667
2 0.714167 0.676667 0.021667 0.090000
2 0.501667 0.768333 0.019167 0.046667
2 0.760833 0.601667 0.023333 0.106667
3 0.655000 0.621667 0.007500 0.018333
3 0.573333 0.178333 0.011667 0.030000
2 0.770000 0.343333 0.010000 0.031667
2 0.708333 0.336667 0.022500 0.023333
2 0.689167 0.673333 0.097500 0.053333
3 0.559167 0.668333 0.009167 0.016667
3 0.532500 0.401667 0.007500 0.015000
2 0.406667 0.348333 0.011667 0.025000
3 0.308333 0.661667 0.008333 0.016667
3 0.559167 0.666667 0.009167 0.018333
3 0.653333 0.626667 0.011667 0.030000
3 0.682500 0.708333 0.008333 0.016667
3 0.793333 0.715000 0.011667 0.020000
2 0.320000 0.628333 0.011667 0.066667
2 0.285000 0.781667 0.020000 0.021667
2 0.594167 0.740000 0.010000 0.031667
2 0.290000 0.890000 0.021667 0.090000
2 0.453333 0.708333 0.029167 0.038333
3 0.475000 0.326667 0.007500 0.018333
3 0.727500 0.721667 0.008333 0.016667
2 0.200833 0.715000 0.058333 0.076667
3 0.524167 0.708333 0.007500 0.015000
3 0.768333 0.591667 0.007500 0.015000
3 0.242500 0.223333 0.007500 0.018333
2 0.735000 0.655000 0.011667 0.025000
3 0.261667 0.695000 0.009167 0.015000
2 0.281667 0.775000 0.009167 0.031667
3 0.157500 0.636667 0.011667 0.020000
3 0.552500 0.758333 0.006667 0.018333
2 0.274167 0.868333 0.020833 0.080000
2 0.260833 0.835000 0.010833 0.091667
3 0.695833 0.625000 0.011667 0.030000
2 0.679167 0.656667 0.015833 0.068333
2 0.635000 0.630000 0.011667 0.025000
2 0.630833 0.616667 0.058333 0.076667
2 0.657500 0.440000 0.027500 0.016667
3 0.824167 0.416667 0.013333 0.031667
3 0.765000 0.748333 0.013333 0.031667
3 0.481667 0.756667 0.010833 0.023333
3 0.705000 0.660000 0.009167 0.016667
3 0.662500 0.413333 0.008333 0.016667
2 0.707500 0.596667 0.035000 0.105000
2 0.377500 0.700000 0.014167 0.015000
2 0.665833 0.395000 0.097500 0.053333
2 0.325000 0.670000 0.034167 0.100000
3 0.808333 0.433333 0.006667 0.018333
2 0.450833 0.370000 0.022500 0.023333
2 0.255833 0.693333 0.034167 0.038333
2 0.715833 0.335000 0.011667 0.066667
2 0.550833 0.630000 0.015833 0.068333
2 0.651667 0.433333 0.027500 0.016667
2 0.561667 0.786667 0.023333 0.041667
3 0.750000 0.641667 0.008333 0.016667
2 0.300833 0.351667 0.045833 0.021667
2 0.480833 0.441667 0.017500 0.116667
2 0.778333 0.436667 0.009167 0.031667
3 0.680000 0.383333 0.010833 0.013333
2 0.576667 0.998333 0.058333 0.001667
3 0.797500 0.736667 0.009167 0.018333
2 0.485000 0.706667 0.029167 0.038333
2 0.323333 0.658333 0.097500 0.053333
3 0.796667 0.373333 0.014167 0.025000
2 0.327500 0.325000 0.029167 0.038333
2 0.470833 0.588333 0.020833 0.080000
2 0.536667 0.998333 0.015833 0.001667
2 0.779167 0.568333 0.020833 0.080000
3 0.529167 0.355000 0.009167 0.016667
2 0.778333 0.883333 0.020833 0.028333
3 0.541667 0.708333 0.009167 0.016667
3 0.365833 0.663333 0.007500 0.015000
3 0.778333 0.610000 0.008333 0.016667
3 0.787500 0.730000 0.015833 0.051667
2 0.531667 0.393333 0.048333 0.025000
2 0.332500 0.831667 0.020833 0.080000
2 0.473333 0.323333 0.021667 0.090000
