4 0.710833 0.655000 0.365000 0.131667
4 0.881667 0.633333 0.070000 0.063333
4 0.816667 0.405000 0.102500 0.048333
4 0.893333 0.596667 0.072500 0.100000
4 0.800833 0.401667 0.108333 0.188333
4 0.874167 0.505000 0.058333 0.043333
4 0.836667 0.341667 0.032500 0.046667
4 0.828333 0.510000 0.054167 0.053333
4 0.869167 0.518333 0.060000 0.028333
4 0.889167 0.580000 0.057500 0.050000
4 0.465000 0.458333 0.052500 0.045000
4 0.070833 0.598333 0.086667 0.140000
4 0.387500 0.576667 0.176667 0.138333
4 0.188333 0.520000 0.106667 0.086667
4 0.345833 0.583333 0.065833 0.068333
4 0.287500 0.525000 0.032500 0.021667
4 0.631667 0.556667 0.083333 0.063333
4 0.315000 0.415000 0.143333 0.226667
4 0.693333 0.515000 0.073333 0.038333
4 0.135000 0.495000 0.042500 0.085000
2 0.690833 0.478333 0.020833 0.028333
2 0.644167 0.460000 0.009167 0.031667
2 0.474167 0.521667 0.034167 0.100000
2 0.745000 0.581667 0.009167 0.031667
3 0.708333 0.533333 0.010833 0.023333
3 0.197500 0.573333 0.007500 0.018333
2 0.371667 0.591667 0.020833 0.080000
3 0.178333 0.483333 0.007500 0.018333
2 0.545000 0.498333 0.022500 0.023333
3 0.570000 0.536667 0.010000 0.020000
3 0.205000 0.588333 0.011667 0.020000
3 0.169167 0.608333 0.009167 0.018333
3 0.305000 0.575000 0.011667 0.020000
3 0.340833 0.533333 0.010833 0.013333
3 0.495833 0.473333 0.013333 0.015000
2 0.225000 0.546667 0.034167 0.038333
3 0.487500 0.576667 0.007500 0.015000
3 0.465000 0.525000 0.008333 0.016667
3 0.468333 0.511667 0.007500 0.018333
3 0.194167 0.475000 0.014167 0.025000
3 0.349167 0.475000 0.008333 0.016667
2 0.034167 0.498333 0.069167 0.053333
2 0.797500 0.513333 0.023333 0.106667
3 0.185833 0.491667 0.008333 0.016667
3 0.807500 0.600000 0.015833 0.051667
3 0.330833 0.535000 0.009167 0.016667
3 0.500833 0.508333 0.009167 0.016667
2 0.655833 0.541667 0.021667 0.090000
3 0.604167 0.590000 0.007500 0.015000
2 0.485833 0.480000 0.034167 0.038333
2 0.330000 0.636667 0.010833 0.091667
2 0.577500 0.483333 0.015833 0.068333
2 0.433333 0.616667 0.045833 0.021667
3 0.572500 0.493333 0.008333 0.016667
3 0.758333 0.461667 0.013333 0.031667
2 0.628333 0.510000 0.015833 0.068333
2 0.327500 0.493333 0.013333 0.070000
2 0.075000 0.581667 0.013333 0.070000
3 0.321667 0.508333 0.007500 0.015000
2 0.360833 0.553333 0.048333 0.025000
3 0.655833 0.508333 0.007500 0.015000
3 0.146667 0.481667 0.008333 0.016667
3 0.470833 0.593333 0.010833 0.023333
2 0.301667 0.481667 0.010833 0.091667
3 0.057500 0.506667 0.007500 0.015000
3 0.687500 0.531667 0.010000 0.020000
2 0.505000 0.476667 0.026667 0.035000
2 0.635000 0.463333 0.023333 0.106667
2 0.248333 0.545000 0.030833 0.051667
3 0.104167 0.505000 0.007500 0.015000
3 0.368333 0.526667 0.009167 0.018333
3 0.440000 0.500000 0.010000 0.020000
2 0.160000 0.601667 0.009167 0.031667
3 0.539167 0.596667 0.009167 0.015000
2 0.348333 0.458333 0.009167 0.040000
3 0.398333 0.455000 0.010833 0.013333
3 0.652500 0.563333 0.011667 0.030000
3 0.372500 0.471667 0.011667 0.030000
2 0.456667 0.536667 0.013333 0.070000
2 0.468333 0.573333 0.045833 0.021667
3 0.453333 0.581667 0.009167 0.016667
3 0.218333 0.540000 0.009167 0.015000
3 0.139167 0.596667 0.009167 0.016667
2 0.371667 0.523333 0.045833 0.021667
2 0.240000 0.486667 0.027500 0.016667
3 0.360000 0.468333 0.010000 0.020000
3 0.157500 0.575000 0.009167 0.018333
3 0.195000 0.558333 0.011667 0.030000
3 0.680833 0.480000 0.007500 0.018333
2 0.756667 0.571667 0.014167 0.015000
3 0.429167 0.530000 0.007500 0.015000
3 0.449167 0.608333 0.013333 0.031667
3 0.695000 0.581667 0.009167 0.016667
3 0.797500 0.553333 0.009167 0.016667
2 0.559167 0.555000 0.034167 0.100000
3 0.476667 0.590000 0.007500 0.015000
3 0.815833 0.621667 0.014167 0.025000
3 0.255833 0.551667 0.010000 0.020000
2 0.323333 0.635000 0.023333 0.106667
2 0.529167 0.546667 0.011667 0.066667
2 0.230000 0.528333 0.020000 0.021667
2 0.796667 0.566667 0.020833 0.028333
3 0.055833 0.491667 0.013333 0.015000
2 0.373333 0.496667 0.030833 0.051667
3 0.502500 0.465000 0.010833 0.023333
3 0.240000 0.476667 0.014167 0.025000
2 0.130833 0.468333 0.035000 0.105000
2 0.477500 0.528333 0.048333 0.025000
2 0.650833 0.520000 0.020833 0.080000
3 0.286667 0.493333 0.006667 0.018333
2 0.425000 0.596667 0.029167 0.038333
3 0.327500 0.541667 0.013333 0.031667
2 0.734167 0.543333 0.017500 0.116667
2 0.520000 0.546667 0.023333 0.106667
3 0.520833 0.555000 0.007500 0.016667
3 0.165833 0.561667 0.008333 0.021667
2 0.010833 0.513333 0.022500 0.016667
2 0.542500 0.578333 0.020833 0.028333
2 0.770000 0.558333 0.023333 0.106667
3 0.677500 0.533333 0.007500 0.015000
2 0.339167 0.538333 0.026667 0.035000
3 0.400833 0.493333 0.009167 0.015000
3 0.464167 0.841667 0.010833 0.013333
3 0.674167 0.436667 0.009167 0.018333
3 0.230833 0.400000 0.008333 0.016667
2 0.305000 0.673333 0.009167 0.040000
2 0.439167 0.343333 0.029167 0.038333
3 0.289167 0.768333 0.008333 0.016667
2 0.670833 0.633333 0.045833 0.021667
3 0.711667 0.691667 0.008333 0.021667
2 0.667500 0.645000 0.009167 0.031667
3 0.285000 0.331667 0.007500 0.015000
3 0.562500 0.755000 0.015833 0.051667
3 0.339167 0.710000 0.009167 0.016667
3 0.697500 0.768333 0.007500 0.018333
2 0.449167 0.686667 0.034167 0.100000
3 0.521667 0.366667 0.015833 0.051667
3 0.557500 0.370000 0.009167 0.016667
2 0.441667 0.413333 0.021667 0.090000
3 0.691667 0.376667 0.007500 0.015000
3 0.353333 0.403333 0.009167 0.016667
3 0.750833 0.626667 0.009167 0.018333
3 0.619167 0.391667 0.015833 0.051667
3 0.533333 0.411667 0.011667 0.020000
3 0.475000 0.800000 0.008333 0.021667
3 0.465833 0.331667 0.009167 0.016667
3 0.662500 0.390000 0.007500 0.018333
2 0.721667 0.725000 0.023333 0.106667
2 0.267500 0.333333 0.097500 0.053333
3 0.459167 0.400000 0.010833 0.013333
2 0.406667 0.686667 0.009167 0.040000
2 0.518333 0.656667 0.011667 0.025000
3 0.694167 0.346667 0.009167 0.015000
2 0.242500 0.695000 0.017500 0.116667
2 0.640833 0.375000 0.019167 0.046667
2 0.451667 0.736667 0.015833 0.068333
3 0.770833 0.403333 0.007500 0.016667
2 0.575000 0.616667 0.010000 0.031667
3 0.741667 0.745000 0.008333 0.016667
3 0.664167 0.406667 0.013333 0.015000
2 0.690833 0.611667 0.020833 0.028333
2 0.516667 0.426667 0.030833 0.051667
3 0.751667 0.420000 0.013333 0.031667
3 0.648333 0.440000 0.008333 0.016667
3 0.524167 0.256667 0.014167 0.025000
3 0.656667 0.371667 0.010833 0.023333
3 0.697500 0.366667 0.007500 0.015000
3 0.656667 0.351667 0.010833 0.023333
3 0.709167 0.375000 0.008333 0.016667
2 0.447500 0.713333 0.020833 0.028333
2 0.704167 0.385000 0.048333 0.043333
3 0.605833 0.345000 0.011667 0.030000
3 0.779167 0.333333 0.007500 0.016667
2 0.685000 0.358333 0.009167 0.040000
2 0.440833 0.718333 0.009167 0.040000
3 0.282500 0.765000 0.008333 0.016667
2 0.312500 0.236667 0.027500 0.016667
3 0.143333 0.655000 0.008333 0.016667
2 0.758333 0.681667 0.020833 0.080000
2 0.142500 0.670000 0.027500 0.016667
2 0.797500 0.376667 0.009167 0.040000
2 0.473333 0.220000 0.017500 0.116667
2 0.315833 0.793333 0.034167 0.038333
3 0.710833 0.613333 0.009167 0.016667
2 0.788333 0.635000 0.020833 0.028333
3 0.784167 0.683333 0.007500 0.016667
3 0.553333 0.426667 0.017500 0.031667
2 0.291667 0.355000 0.034167 0.038333
3 0.705833 0.355000 0.009167 0.016667
3 0.428333 0.358333 0.007500 0.015000
3 0.219167 0.665000 0.008333 0.016667
3 0.710833 0.630000 0.006667 0.018333
3 0.786667 0.415000 0.007500 0.015000
2 0.358333 0.595000 0.015833 0.068333
3 0.339167 0.715000 0.009167 0.016667
3 0.304167 0.643333 0.007500 0.016667
3 0.790833 0.641667 0.013333 0.015000
2 0.469167 0.298333 0.009167 0.040000
2 0.355833 0.638333 0.013333 0.070000
2 0.305000 0.390000 0.027500 0.016667
3 0.442500 0.776667 0.008333 0.021667
2 0.712500 0.641667 0.009167 0.031667
3 0.530000 0.391667 0.008333 0.016667
2 0.370000 0.748333 0.045833 0.021667
2 0.591667 0.998333 0.020833 0.001667
2 0.695833 0.690000 0.013333 0.070000
2 0.642500 0.386667 0.048333 0.025000
2 0.293333 0.711667 0.027500 0.016667
2 0.728333 0.731667 0.021667 0.090000
3 0.305000 0.666667 0.008333 0.021667
2 0.309167 0.380000 0.023333 0.041667
3 0.572500 0.386667 0.009167 0.016667
2 0.649167 0.415000 0.014167 0.015000
2 0.500833 0.273333 0.027500 0.016667
3 0.814167 0.635000 0.008333 0.021667
2 0.770833 0.573333 0.020833 0.080000
2 0.450833 0.766667 0.009167 0.040000
2 0.469167 0.823333 0.020000 0.021667
2 0.715000 0.410000 0.026667 0.035000
2 0.526667 0.345000 0.034167 0.038333
2 0.350833 0.710000 0.029167 0.038333
2 0.347500 0.268333 0.009167 0.040000
2 0.539167 0.313333 0.045833 0.021667
2 0.811667 0.700000 0.011667 0.066667
3 0.722500 0.350000 0.014167 0.025000
2 0.438333 0.735000 0.014167 0.015000
3 0.301667 0.673333 0.007500 0.018333
2 0.555833 0.648333 0.011667 0.066667
3 0.692500 0.693333 0.009167 0.023333
3 0.295833 0.283333 0.008333 0.016667
2 0.555833 0.396667 0.013333 0.070000
3 0.624167 0.653333 0.007500 0.015000
3 0.478333 0.743333 0.008333 0.016667
3 0.783333 0.610000 0.008333 0.016667
3 0.435833 0.743333 0.009167 0.023333
3 0.760833 0.601667 0.009167 0.018333
3 0.341667 0.668333 0.013333 0.031667
3 0.279167 0.735000 0.009167 0.023333
2 0.564167 0.653333 0.019167 0.046667
2 0.246667 0.666667 0.011667 0.025000
2 0.523333 0.283333 0.020833 0.028333
2 0.764167 0.323333 0.058333 0.076667
2 0.263333 0.700000 0.020000 0.021667
3 0.713333 0.681667 0.007500 0.015000
2 0.749167 0.405000 0.027500 0.016667
3 0.348333 0.303333 0.009167 0.018333
2 0.210833 0.641667 0.023333 0.106667
3 0.419167 0.840000 0.009167 0.016667
3 0.491667 0.350000 0.015833 0.051667
2 0.380833 0.791667 0.021667 0.090000
3 0.721667 0.610000 0.010833 0.013333
3 0.777500 0.391667 0.007500 0.018333
2 0.626667 0.365000 0.048333 0.043333
3 0.717500 0.416667 0.008333 0.016667
2 0.408333 0.705000 0.013333 0.070000
3 0.225000 0.346667 0.009167 0.018333
3 0.631667 0.356667 0.006667 0.018333
3 0.750833 0.315000 0.009167 0.018333
2 0.718333 0.470000 0.034167 0.100000
3 0.667500 0.616667 0.007500 0.015000
3 0.677500 0.356667 0.011667 0.020000
3 0.515833 0.311667 0.008333 0.016667
2 0.768333 0.388333 0.013333 0.070000
3 0.479167 0.723333 0.017500 0.031667
3 0.487500 0.773333 0.010833 0.013333
2 0.775000 0.358333 0.010833 0.091667
2 0.308333 0.448333 0.020833 0.028333
2 0.661667 0.396667 0.035000 0.105000
3 0.260833 0.731667 0.009167 0.023333
2 0.795000 0.578333 0.035000 0.105000
3 0.634167 0.403333 0.017500 0.031667
2 0.648333 0.661667 0.048333 0.043333
3 0.330000 0.391667 0.009167 0.016667
2 0.299167 0.416667 0.030833 0.051667
3 0.560000 0.270000 0.007500 0.015000
2 0.299167 0.321667 0.009167 0.040000
2 0.710000 0.375000 0.020833 0.080000
3 0.366667 0.296667 0.011667 0.030000
2 0.659167 0.311667 0.097500 0.053333
3 0.646667 0.673333 0.014167 0.025000
2 0.214167 0.380000 0.045833 0.021667
3 0.728333 0.601667 0.007500 0.018333
2 0.405833 0.668333 0.048333 0.025000
2 0.585000 0.310000 0.048333 0.043333
2 0.428333 0.338333 0.023333 0.041667
2 0.649167 0.365000 0.019167 0.046667
2 0.264167 0.895000 0.020833 0.080000
2 0.730000 0.436667 0.011667 0.025000
3 0.358333 0.645000 0.008333 0.016667
2 0.575000 0.766667 0.030833 0.051667
3 0.243333 0.705000 0.009167 0.016667
2 0.780833 0.398333 0.011667 0.066667
3 0.640833 0.680000 0.009167 0.018333
3 0.750000 0.665000 0.017500 0.031667
2 0.673333 0.650000 0.026667 0.035000
3 0.620833 0.400000 0.009167 0.023333
2 0.233333 0.695000 0.029167 0.038333
2 0.687500 0.686667 0.023333 0.106667
3 0.485833 0.380000 0.013333 0.031667
2 0.650000 0.345000 0.022500 0.023333
2 0.759167 0.675000 0.023333 0.041667
2 0.312500 0.761667 0.020000 0.021667
2 0.645000 0.358333 0.035000 0.105000
3 0.456667 0.883333 0.013333 0.031667
2 0.607500 0.778333 0.022500 0.023333
2 0.190000 0.685000 0.010833 0.091667
3 0.620000 0.376667 0.014167 0.025000
3 0.598333 0.576667 0.007500 0.016667
3 0.704167 0.411667 0.008333 0.021667
2 0.658333 0.650000 0.020833 0.028333
3 0.754167 0.623333 0.008333 0.016667
3 0.755833 0.333333 0.011667 0.020000
3 0.625833 0.406667 0.014167 0.025000
3 0.753333 0.378333 0.015833 0.051667
3 0.315000 0.760000 0.006667 0.018333
2 0.482500 0.376667 0.020000 0.021667
3 0.621667 0.391667 0.009167 0.016667
2 0.749167 0.376667 0.048333 0.025000
3 0.768333 0.330000 0.011667 0.020000
2 0.315000 0.665000 0.011667 0.066667
