4 0.846667 0.475000 0.090833 0.038333
4 0.879167 0.603333 0.042500 0.110000
4 0.820833 0.391667 0.120000 0.060000
4 0.812500 0.633333 0.237500 0.168333
4 0.829167 0.301667 0.077500 0.170000
4 0.829167 0.353333 0.165833 0.256667
4 0.779167 0.680000 0.236667 0.116667
4 0.840833 0.568333 0.075833 0.141667
4 0.809167 0.656667 0.092500 0.063333
4 0.850000 0.348333 0.065000 0.056667
4 0.543333 0.440000 0.192500 0.306667
4 0.223333 0.593333 0.058333 0.133333
4 0.339167 0.630000 0.349167 0.276667
4 0.396667 0.500000 0.163333 0.125000
4 0.789167 0.541667 0.058333 0.025000
4 0.465833 0.506667 0.055000 0.031667
4 0.498333 0.485000 0.152500 0.190000
4 0.482500 0.528333 0.128333 0.033333
4 0.399167 0.483333 0.060833 0.060000
4 0.431667 0.621667 0.081667 0.156667
3 0.633333 0.526667 0.015833 0.051667
2 0.608333 0.531667 0.019167 0.046667
2 0.475833 0.580000 0.022500 0.023333
2 0.238333 0.433333 0.020833 0.028333
3 0.468333 0.405000 0.009167 0.018333
2 0.560833 0.543333 0.048333 0.025000
3 0.315000 0.596667 0.009167 0.015000
2 0.085000 0.555000 0.015833 0.068333
2 0.326667 0.480000 0.034167 0.100000
2 0.059167 0.521667 0.030833 0.051667
3 0.740833 0.556667 0.009167 0.018333
3 0.080833 0.591667 0.017500 0.031667
2 0.538333 0.470000 0.017500 0.116667
2 0.270000 0.521667 0.097500 0.053333
2 0.710000 0.510000 0.058333 0.076667
2 0.508333 0.506667 0.097500 0.053333
3 0.503333 0.576667 0.015833 0.051667
2 0.124167 0.456667 0.097500 0.053333
2 0.283333 0.450000 0.034167 0.038333
3 0.617500 0.606667 0.007500 0.015000
2 0.179167 0.485000 0.048333 0.043333
3 0.105000 0.580000 0.010833 0.013333
2 0.304167 0.511667 0.034167 0.038333
2 0.035833 0.560000 0.020000 0.021667
2 0.500833 0.473333 0.022500 0.023333
2 0.698333 0.441667 0.011667 0.025000
3 0.825833 0.360000 0.007500 0.018333
3 0.475000 0.505000 0.010833 0.013333
2 0.695000 0.586667 0.029167 0.038333
3 0.772500 0.468333 0.008333 0.016667
3 0.625833 0.576667 0.006667 0.018333
2 0.608333 0.505000 0.048333 0.025000
3 0.465000 0.488333 0.009167 0.016667
3 0.093333 0.541667 0.011667 0.030000
2 0.700000 0.510000 0.021667 0.090000
2 0.805833 0.328333 0.048333 0.043333
2 0.023333 0.555000 0.047500 0.043333
3 0.205000 0.525000 0.011667 0.020000
3 0.184167 0.535000 0.007500 0.015000
2 0.457500 0.595000 0.010833 0.091667
2 0.388333 0.546667 0.009167 0.040000
3 0.426667 0.583333 0.014167 0.025000
3 0.791667 0.568333 0.010000 0.020000
2 0.568333 0.560000 0.019167 0.046667
3 0.232500 0.483333 0.009167 0.015000
2 0.071667 0.513333 0.017500 0.116667
3 0.280000 0.516667 0.015833 0.051667
3 0.076667 0.566667 0.010000 0.020000
3 0.558333 0.473333 0.009167 0.016667
2 0.646667 0.465000 0.023333 0.106667
2 0.621667 0.435000 0.011667 0.066667
3 0.135000 0.500000 0.009167 0.016667
3 0.829167 0.550000 0.008333 0.016667
3 0.620000 0.473333 0.015833 0.051667
2 0.494167 0.536667 0.009167 0.040000
3 0.805000 0.516667 0.010833 0.013333
3 0.272500 0.598333 0.009167 0.016667
3 0.332500 0.445000 0.009167 0.015000
3 0.091667 0.575000 0.010000 0.016667
3 0.403333 0.526667 0.011667 0.030000
3 0.243333 0.568333 0.009167 0.016667
2 0.569167 0.490000 0.020833 0.080000
3 0.475000 0.578333 0.008333 0.021667
2 0.714167 0.596667 0.030833 0.051667
3 0.162500 0.560000 0.009167 0.016667
2 0.155000 0.538333 0.020000 0.021667
3 0.803333 0.550000 0.007500 0.016667
2 0.594167 0.551667 0.010833 0.091667
2 0.150000 0.525000 0.034167 0.038333
2 0.183333 0.533333 0.020833 0.080000
2 0.265833 0.546667 0.034167 0.038333
2 0.477500 0.588333 0.020000 0.021667
3 0.527500 0.575000 0.007500 0.015000
3 0.078333 0.586667 0.013333 0.031667
2 0.435833 0.580000 0.045833 0.021667
3 0.622500 0.551667 0.007500 0.018333
3 0.535833 0.510000 0.010833 0.013333
2 0.726667 0.536667 0.019167 0.046667
2 0.698333 0.550000 0.010000 0.031667
2 0.451667 0.575000 0.029167 0.038333
3 0.078333 0.510000 0.015833 0.051667
3 0.306667 0.546667 0.007500 0.016667
2 0.310833 0.581667 0.014167 0.015000
2 0.673333 0.501667 0.023333 0.041667
3 0.162500 0.480000 0.009167 0.016667
2 0.438333 0.551667 0.010833 0.091667
2 0.755000 0.465000 0.029167 0.038333
3 0.340000 0.615000 0.009167 0.016667
3 0.503333 0.531667 0.009167 0.023333
3 0.454167 0.508333 0.007500 0.016667
3 0.308333 0.526667 0.014167 0.025000
3 0.097500 0.563333 0.009167 0.015000
3 0.535833 0.590000 0.007500 0.016667
3 0.812500 0.496667 0.017500 0.031667
2 0.450833 0.606667 0.034167 0.100000
3 0.290000 0.506667 0.007500 0.015000
2 0.789167 0.501667 0.015833 0.068333
3 0.483333 0.586667 0.009167 0.016667
2 0.022500 0.528333 0.010000 0.031667
3 0.445000 0.511667 0.008333 0.016667
2 0.560833 0.556667 0.097500 0.053333
2 0.375000 0.578333 0.022500 0.023333
3 0.440833 0.896667 0.013333 0.031667
2 0.541667 0.350000 0.097500 0.053333
3 0.679167 0.673333 0.008333 0.021667
2 0.410000 0.686667 0.022500 0.023333
2 0.687500 0.365000 0.027500 0.016667
2 0.677500 0.620000 0.010000 0.031667
3 0.672500 0.421667 0.007500 0.016667
2 0.668333 0.706667 0.097500 0.053333
3 0.685833 0.376667 0.007500 0.018333
3 0.491667 0.306667 0.008333 0.016667
2 0.300000 0.710000 0.034167 0.038333
3 0.534167 0.283333 0.007500 0.018333
3 0.533333 0.356667 0.007500 0.015000
2 0.376667 0.736667 0.011667 0.025000
3 0.536667 0.421667 0.010000 0.020000
2 0.702500 0.448333 0.021667 0.090000
2 0.186667 0.400000 0.022500 0.023333
3 0.463333 0.703333 0.008333 0.016667
3 0.790000 0.403333 0.007500 0.015000
3 0.570833 0.695000 0.008333 0.016667
2 0.416667 0.333333 0.020833 0.080000
3 0.397500 0.323333 0.009167 0.018333
3 0.484167 0.831667 0.008333 0.021667
2 0.700833 0.390000 0.011667 0.025000
2 0.705833 0.788333 0.048333 0.043333
3 0.394167 0.378333 0.010833 0.013333
2 0.640833 0.631667 0.020000 0.021667
2 0.399167 0.343333 0.020833 0.080000
3 0.522500 0.765000 0.008333 0.021667
2 0.374167 0.790000 0.034167 0.100000
2 0.283333 0.708333 0.029167 0.038333
3 0.723333 0.776667 0.009167 0.016667
2 0.655833 0.411667 0.021667 0.090000
2 0.591667 0.326667 0.035000 0.105000
3 0.245833 0.376667 0.008333 0.016667
3 0.645833 0.393333 0.009167 0.016667
3 0.308333 0.701667 0.006667 0.018333
3 0.653333 0.633333 0.007500 0.015000
2 0.356667 0.623333 0.011667 0.066667
3 0.640000 0.676667 0.010833 0.013333
2 0.407500 0.750000 0.020833 0.080000
2 0.284167 0.708333 0.045833 0.021667
2 0.551667 0.240000 0.021667 0.090000
3 0.344167 0.231667 0.007500 0.016667
2 0.635833 0.630000 0.009167 0.031667
2 0.295833 0.226667 0.045833 0.021667
3 0.715000 0.431667 0.013333 0.031667
3 0.715833 0.328333 0.007500 0.015000
3 0.259167 0.318333 0.007500 0.018333
2 0.357500 0.245000 0.011667 0.025000
3 0.456667 0.201667 0.007500 0.015000
2 0.233333 0.790000 0.021667 0.090000
2 0.734167 0.701667 0.010000 0.031667
2 0.306667 0.740000 0.013333 0.070000
2 0.727500 0.366667 0.015833 0.068333
3 0.274167 0.825000 0.011667 0.030000
3 0.324167 0.691667 0.009167 0.023333
3 0.233333 0.386667 0.007500 0.018333
3 0.554167 0.708333 0.009167 0.015000
2 0.640833 0.398333 0.045833 0.021667
3 0.691667 0.658333 0.010000 0.020000
2 0.516667 0.631667 0.010000 0.031667
2 0.602500 0.393333 0.013333 0.070000
2 0.632500 0.336667 0.048333 0.025000
3 0.667500 0.665000 0.009167 0.015000
3 0.756667 0.416667 0.010833 0.023333
2 0.350833 0.346667 0.010833 0.091667
2 0.600000 0.773333 0.013333 0.070000
3 0.526667 0.411667 0.011667 0.030000
2 0.683333 0.366667 0.022500 0.023333
2 0.661667 0.395000 0.009167 0.040000
3 0.738333 0.601667 0.007500 0.015000
2 0.727500 0.711667 0.023333 0.106667
3 0.535833 0.306667 0.009167 0.016667
2 0.776667 0.643333 0.017500 0.116667
2 0.270833 0.338333 0.011667 0.025000
3 0.320000 0.350000 0.007500 0.016667
2 0.414167 0.390000 0.030833 0.051667
2 0.783333 0.885000 0.011667 0.025000
3 0.728333 0.355000 0.007500 0.018333
3 0.470833 0.371667 0.007500 0.015000
2 0.196667 0.735000 0.022500 0.023333
2 0.786667 0.725000 0.020000 0.021667
2 0.751667 0.353333 0.019167 0.046667
3 0.586667 0.368333 0.007500 0.015000
3 0.484167 0.718333 0.007500 0.016667
3 0.344167 0.636667 0.007500 0.018333
2 0.687500 0.273333 0.045833 0.021667
2 0.555000 0.750000 0.023333 0.106667
2 0.698333 0.615000 0.019167 0.046667
3 0.668333 0.635000 0.007500 0.018333
3 0.706667 0.355000 0.007500 0.015000
2 0.701667 0.658333 0.023333 0.106667
2 0.459167 0.391667 0.030833 0.051667
2 0.539167 0.441667 0.014167 0.015000
2 0.405833 0.721667 0.020833 0.080000
2 0.684167 0.608333 0.045833 0.021667
2 0.677500 0.661667 0.011667 0.025000
3 0.711667 0.343333 0.007500 0.015000
3 0.812500 0.621667 0.009167 0.016667
2 0.323333 0.405000 0.010833 0.091667
3 0.280000 0.733333 0.008333 0.016667
3 0.720833 0.660000 0.010833 0.023333
2 0.635833 0.641667 0.029167 0.038333
3 0.703333 0.638333 0.008333 0.016667
2 0.766667 0.695000 0.029167 0.038333
2 0.436667 0.770000 0.020000 0.021667
2 0.247500 0.718333 0.048333 0.043333
2 0.340833 0.746667 0.014167 0.015000
3 0.604167 0.731667 0.009167 0.016667
3 0.541667 0.725000 0.006667 0.018333
3 0.520000 0.716667 0.015833 0.051667
2 0.310833 0.745000 0.013333 0.070000
2 0.406667 0.788333 0.023333 0.041667
2 0.633333 0.680000 0.023333 0.106667
2 0.570833 0.631667 0.010000 0.031667
3 0.447500 0.370000 0.007500 0.015000
2 0.475833 0.736667 0.035000 0.105000
2 0.107500 0.653333 0.097500 0.053333
2 0.149167 0.671667 0.014167 0.015000
2 0.346667 0.426667 0.017500 0.116667
3 0.591667 0.625000 0.007500 0.018333
2 0.459167 0.908333 0.020833 0.080000
2 0.275000 0.465000 0.021667 0.090000
3 0.555833 0.705000 0.007500 0.015000
3 0.646667 0.393333 0.007500 0.018333
3 0.480000 0.638333 0.010000 0.016667
3 0.751667 0.336667 0.009167 0.016667
2 0.481667 0.348333 0.020833 0.080000
2 0.463333 0.640000 0.045833 0.021667
3 0.685833 0.346667 0.008333 0.016667
3 0.802500 0.396667 0.008333 0.016667
3 0.795000 0.366667 0.009167 0.015000
2 0.744167 0.636667 0.021667 0.090000
2 0.585000 0.785000 0.021667 0.090000
2 0.690833 0.358333 0.013333 0.070000
3 0.485000 0.313333 0.007500 0.018333
2 0.652500 0.648333 0.013333 0.070000
3 0.294167 0.716667 0.008333 0.016667
3 0.738333 0.693333 0.007500 0.018333
2 0.744167 0.625000 0.019167 0.046667
2 0.800833 0.755000 0.021667 0.090000
2 0.342500 0.703333 0.010833 0.091667
2 0.248333 0.658333 0.009167 0.040000
2 0.296667 0.440000 0.020833 0.080000
3 0.806667 0.620000 0.011667 0.020000
2 0.631667 0.380000 0.020833 0.028333
3 0.710833 0.695000 0.009167 0.016667
2 0.495000 0.825000 0.058333 0.076667
3 0.368333 0.683333 0.008333 0.021667
2 0.222500 0.435000 0.013333 0.070000
3 0.346667 0.401667 0.013333 0.015000
2 0.323333 0.388333 0.009167 0.040000
3 0.696667 0.655000 0.008333 0.016667
2 0.475833 0.441667 0.027500 0.016667
3 0.437500 0.371667 0.008333 0.016667
2 0.350000 0.313333 0.011667 0.066667
2 0.283333 0.806667 0.013333 0.070000
3 0.525833 0.265000 0.011667 0.020000
2 0.491667 0.750000 0.014167 0.015000
2 0.718333 0.695000 0.048333 0.025000
2 0.685000 0.420000 0.023333 0.041667
2 0.257500 0.753333 0.045833 0.021667
2 0.640833 0.725000 0.026667 0.035000
3 0.322500 0.288333 0.007500 0.015000
3 0.727500 0.666667 0.007500 0.016667
2 0.790000 0.431667 0.020833 0.080000
3 0.809167 0.643333 0.008333 0.016667
3 0.470000 0.371667 0.010000 0.020000
2 0.318333 0.340000 0.010000 0.031667
2 0.437500 0.376667 0.020833 0.080000
2 0.513333 0.788333 0.014167 0.015000
3 0.335000 0.258333 0.013333 0.031667
2 0.349167 0.398333 0.020833 0.080000
2 0.723333 0.253333 0.029167 0.038333
2 0.283333 0.888333 0.034167 0.100000
2 0.574167 0.790000 0.020833 0.080000
2 0.486667 0.700000 0.097500 0.053333
2 0.772500 0.691667 0.020833 0.028333
3 0.761667 0.373333 0.008333 0.016667
2 0.465000 0.358333 0.029167 0.038333
2 0.671667 0.373333 0.011667 0.066667
3 0.713333 0.336667 0.014167 0.025000
2 0.450833 0.756667 0.013333 0.070000
2 0.541667 0.705000 0.009167 0.031667
3 0.550833 0.420000 0.008333 0.016667
2 0.727500 0.658333 0.020833 0.080000
3 0.780833 0.675000 0.008333 0.016667
2 0.410000 0.753333 0.048333 0.025000
3 0.156667 0.618333 0.007500 0.018333
2 0.374167 0.723333 0.035000 0.105000
3 0.644167 0.713333 0.007500 0.018333
2 0.437500 0.336667 0.020833 0.028333
3 0.670000 0.273333 0.008333 0.016667
3 0.274167 0.261667 0.010000 0.016667
2 0.485000 0.338333 0.022500 0.023333
2 0.777500 0.700000 0.010833 0.091667
2 0.591667 0.546667 0.020833 0.080000
