4 0.872500 0.395000 0.088333 0.156667
4 0.880000 0.503333 0.052500 0.083333
4 0.837500 0.596667 0.090833 0.091667
4 0.747500 0.218333 0.239167 0.408333
4 0.800833 0.771667 0.246667 0.291667
4 0.826667 0.431667 0.151667 0.246667
4 0.826667 0.440000 0.075833 0.023333
4 0.793333 0.578333 0.088333 0.020000
4 0.784167 0.653333 0.135833 0.180000
4 0.875833 0.518333 0.101667 0.098333
4 0.100833 0.548333 0.073333 0.080000
4 0.079167 0.566667 0.055833 0.128333
4 0.445000 0.546667 0.118333 0.036667
4 0.104167 0.533333 0.070833 0.023333
4 0.549167 0.618333 0.114167 0.268333
4 0.534167 0.561667 0.065000 0.138333
4 0.455833 0.458333 0.061667 0.088333
4 0.152500 0.626667 0.045833 0.108333
4 0.451667 0.548333 0.099167 0.036667
4 0.410000 0.570000 0.050833 0.073333
2 0.693333 0.538333 0.030833 0.051667
3 0.814167 0.485000 0.017500 0.031667
2 0.575833 0.598333 0.020833 0.080000
2 0.026667 0.538333 0.023333 0.041667
2 0.378333 0.540000 0.011667 0.025000
2 0.385833 0.563333 0.019167 0.046667
3 0.300000 0.533333 0.007500 0.015000
2 0.445000 0.571667 0.020833 0.028333
2 0.640000 0.446667 0.020833 0.028333
2 0.105000 0.543333 0.020000 0.021667
3 0.112500 0.528333 0.009167 0.016667
2 0.722500 0.526667 0.009167 0.031667
2 0.725000 0.458333 0.029167 0.038333
2 0.088333 0.520000 0.020833 0.028333
2 0.217500 0.555000 0.009167 0.031667
3 0.238333 0.530000 0.014167 0.025000
2 0.505833 0.551667 0.034167 0.100000
3 0.552500 0.485000 0.006667 0.018333
2 0.271667 0.630000 0.010833 0.091667
2 0.795000 0.520000 0.020833 0.028333
3 0.082500 0.535000 0.009167 0.015000
2 0.815833 0.683333 0.023333 0.041667
3 0.585000 0.540000 0.010000 0.016667
2 0.465833 0.505000 0.019167 0.046667
2 0.799167 0.585000 0.023333 0.041667
3 0.539167 0.520000 0.017500 0.031667
3 0.758333 0.458333 0.007500 0.015000
2 0.281667 0.575000 0.020833 0.080000
2 0.605000 0.530000 0.029167 0.038333
3 0.041667 0.515000 0.011667 0.030000
2 0.135833 0.456667 0.009167 0.031667
3 0.761667 0.483333 0.008333 0.016667
2 0.265833 0.456667 0.027500 0.016667
3 0.040833 0.551667 0.007500 0.018333
3 0.065000 0.536667 0.010833 0.023333
2 0.488333 0.525000 0.009167 0.031667
2 0.399167 0.533333 0.034167 0.038333
3 0.351667 0.530000 0.011667 0.020000
2 0.169167 0.463333 0.022500 0.023333
2 0.307500 0.460000 0.017500 0.116667
3 0.494167 0.555000 0.011667 0.030000
3 0.365000 0.543333 0.009167 0.015000
2 0.602500 0.475000 0.034167 0.038333
2 0.378333 0.578333 0.020833 0.028333
2 0.677500 0.508333 0.027500 0.016667
2 0.330833 0.558333 0.035000 0.105000
3 0.215000 0.570000 0.008333 0.021667
3 0.286667 0.536667 0.015833 0.051667
2 0.777500 0.586667 0.020833 0.080000
3 0.630000 0.480000 0.007500 0.015000
2 0.309167 0.505000 0.020833 0.080000
2 0.218333 0.555000 0.017500 0.116667
3 0.166667 0.516667 0.007500 0.018333
3 0.703333 0.465000 0.006667 0.018333
2 0.801667 0.516667 0.011667 0.025000
2 0.093333 0.531667 0.014167 0.015000
3 0.768333 0.523333 0.009167 0.023333
3 0.477500 0.563333 0.010833 0.023333
2 0.633333 0.543333 0.048333 0.043333
3 0.775000 0.455000 0.009167 0.018333
2 0.199167 0.585000 0.023333 0.106667
2 0.408333 0.558333 0.097500 0.053333
2 0.255833 0.506667 0.011667 0.025000
2 0.211667 0.491667 0.034167 0.038333
3 0.355833 0.466667 0.013333 0.015000
2 0.363333 0.516667 0.027500 0.016667
2 0.235833 0.493333 0.030833 0.051667
3 0.795833 0.441667 0.007500 0.018333
2 0.477500 0.566667 0.011667 0.066667
2 0.276667 0.526667 0.045833 0.021667
2 0.760000 0.578333 0.023333 0.106667
3 0.080833 0.490000 0.011667 0.030000
2 0.760833 0.483333 0.020833 0.080000
3 0.555000 0.585000 0.013333 0.015000
3 0.540833 0.555000 0.008333 0.016667
2 0.613333 0.458333 0.022500 0.023333
3 0.445000 0.525000 0.007500 0.015000
3 0.300000 0.503333 0.010833 0.013333
3 0.437500 0.616667 0.013333 0.031667
2 0.616667 0.546667 0.023333 0.041667
2 0.438333 0.480000 0.015833 0.068333
2 0.768333 0.490000 0.020000 0.021667
3 0.699167 0.551667 0.007500 0.015000
3 0.024167 0.506667 0.008333 0.016667
3 0.747500 0.505000 0.015833 0.051667
2 0.175833 0.520000 0.019167 0.046667
2 0.818333 0.461667 0.020833 0.028333
3 0.551667 0.598333 0.008333 0.021667
3 0.020000 0.515000 0.013333 0.031667
2 0.123333 0.446667 0.020000 0.021667
3 0.228333 0.530000 0.011667 0.020000
2 0.046667 0.526667 0.019167 0.046667
3 0.240833 0.526667 0.010000 0.016667
2 0.515833 0.546667 0.020000 0.021667
2 0.125000 0.431667 0.015833 0.068333
3 0.825000 0.601667 0.007500 0.015000
2 0.216667 0.435000 0.097500 0.053333
3 0.187500 0.496667 0.015833 0.051667
2 0.609167 0.600000 0.013333 0.070000
3 0.610000 0.458333 0.013333 0.031667
3 0.304167 0.560000 0.009167 0.016667
3 0.579167 0.520000 0.008333 0.016667
3 0.582500 0.433333 0.010000 0.016667
2 0.697500 0.325000 0.013333 0.070000
2 0.389167 0.410000 0.021667 0.090000
2 0.698333 0.291667 0.011667 0.025000
3 0.690833 0.376667 0.009167 0.016667
2 0.775000 0.671667 0.009167 0.040000
2 0.529167 0.720000 0.021667 0.090000
3 0.546667 0.320000 0.008333 0.021667
2 0.383333 0.338333 0.097500 0.053333
3 0.301667 0.650000 0.006667 0.018333
2 0.304167 0.728333 0.026667 0.035000
2 0.444167 0.740000 0.026667 0.035000
2 0.805000 0.376667 0.020833 0.028333
2 0.744167 0.731667 0.013333 0.070000
3 0.151667 0.673333 0.010000 0.016667
2 0.437500 0.216667 0.048333 0.043333
3 0.646667 0.618333 0.007500 0.015000
2 0.485000 0.745000 0.023333 0.041667
3 0.470000 0.316667 0.008333 0.016667
2 0.469167 0.808333 0.019167 0.046667
2 0.701667 0.595000 0.034167 0.038333
3 0.423333 0.750000 0.007500 0.015000
2 0.695833 0.271667 0.029167 0.038333
2 0.381667 0.318333 0.035000 0.105000
3 0.555000 0.646667 0.007500 0.015000
3 0.803333 0.645000 0.007500 0.018333
2 0.680833 0.633333 0.014167 0.015000
3 0.225833 0.706667 0.010000 0.020000
3 0.459167 0.115000 0.011667 0.020000
2 0.444167 0.745000 0.020833 0.080000
2 0.565833 0.670000 0.009167 0.040000
3 0.494167 0.363333 0.013333 0.015000
3 0.647500 0.625000 0.013333 0.031667
2 0.419167 0.368333 0.026667 0.035000
3 0.708333 0.686667 0.014167 0.025000
2 0.316667 0.413333 0.010833 0.091667
3 0.445833 0.365000 0.010000 0.020000
3 0.436667 0.680000 0.008333 0.016667
2 0.790833 0.608333 0.048333 0.043333
2 0.539167 0.760000 0.010833 0.091667
2 0.807500 0.695000 0.019167 0.046667
3 0.785833 0.605000 0.009167 0.016667
2 0.596667 0.376667 0.058333 0.076667
3 0.460833 0.113333 0.008333 0.016667
3 0.523333 0.361667 0.010000 0.016667
2 0.655000 0.440000 0.010833 0.091667
2 0.580833 0.421667 0.010000 0.031667
3 0.625000 0.391667 0.013333 0.031667
3 0.595833 0.333333 0.007500 0.015000
3 0.540000 0.316667 0.008333 0.016667
2 0.275833 0.718333 0.020833 0.080000
3 0.530000 0.390000 0.008333 0.016667
3 0.776667 0.653333 0.009167 0.016667
2 0.728333 0.698333 0.009167 0.040000
3 0.465000 0.370000 0.010833 0.013333
3 0.782500 0.376667 0.008333 0.016667
3 0.709167 0.420000 0.007500 0.015000
2 0.544167 0.620000 0.010000 0.031667
2 0.505833 0.325000 0.010000 0.031667
2 0.314167 0.335000 0.048333 0.025000
3 0.280833 0.836667 0.007500 0.015000
2 0.212500 0.695000 0.035000 0.105000
3 0.781667 0.361667 0.009167 0.018333
3 0.603333 0.645000 0.007500 0.015000
3 0.455833 0.250000 0.017500 0.031667
3 0.345833 0.845000 0.015833 0.051667
2 0.765833 0.293333 0.035000 0.105000
3 0.515833 0.598333 0.009167 0.015000
3 0.575000 0.743333 0.010833 0.023333
2 0.320000 0.365000 0.022500 0.023333
3 0.372500 0.761667 0.008333 0.016667
3 0.697500 0.363333 0.007500 0.015000
3 0.316667 0.696667 0.014167 0.025000
2 0.664167 0.670000 0.014167 0.015000
2 0.444167 0.391667 0.013333 0.070000
3 0.781667 0.685000 0.013333 0.031667
3 0.625000 0.366667 0.017500 0.031667
2 0.346667 0.611667 0.048333 0.043333
3 0.529167 0.626667 0.008333 0.021667
3 0.553333 0.998333 0.013333 0.001667
2 0.634167 0.408333 0.017500 0.116667
2 0.280833 0.638333 0.097500 0.053333
3 0.637500 0.626667 0.007500 0.018333
3 0.765000 0.393333 0.008333 0.016667
3 0.340000 0.305000 0.009167 0.016667
2 0.290833 0.208333 0.097500 0.053333
3 0.828333 0.415000 0.011667 0.020000
2 0.216667 0.456667 0.020833 0.080000
2 0.466667 0.801667 0.027500 0.016667
2 0.779167 0.356667 0.023333 0.106667
3 0.505833 0.330000 0.009167 0.023333
2 0.397500 0.670000 0.034167 0.038333
3 0.700833 0.300000 0.006667 0.018333
2 0.261667 0.791667 0.017500 0.116667
2 0.715000 0.368333 0.097500 0.053333
2 0.292500 0.798333 0.009167 0.031667
3 0.444167 0.343333 0.007500 0.015000
2 0.542500 0.613333 0.019167 0.046667
3 0.721667 0.378333 0.010000 0.016667
3 0.575000 0.615000 0.009167 0.018333
2 0.639167 0.350000 0.045833 0.021667
3 0.679167 0.650000 0.009167 0.016667
2 0.746667 0.426667 0.022500 0.023333
2 0.769167 0.606667 0.058333 0.076667
3 0.540000 0.406667 0.010000 0.016667
2 0.734167 0.361667 0.045833 0.021667
3 0.696667 0.768333 0.009167 0.018333
3 0.279167 0.718333 0.009167 0.015000
3 0.299167 0.396667 0.008333 0.016667
2 0.311667 0.711667 0.020000 0.021667
3 0.324167 0.806667 0.017500 0.031667
3 0.645833 0.688333 0.015833 0.051667
3 0.565000 0.786667 0.015833 0.051667
3 0.694167 0.348333 0.011667 0.030000
3 0.691667 0.666667 0.007500 0.015000
2 0.530000 0.700000 0.011667 0.066667
3 0.495000 0.753333 0.008333 0.016667
3 0.675000 0.350000 0.007500 0.015000
2 0.240833 0.646667 0.027500 0.016667
2 0.300000 0.318333 0.026667 0.035000
2 0.401667 0.675000 0.011667 0.066667
3 0.605000 0.368333 0.008333 0.016667
2 0.774167 0.386667 0.009167 0.040000
2 0.715000 0.451667 0.023333 0.106667
3 0.581667 0.653333 0.009167 0.015000
3 0.635833 0.420000 0.013333 0.031667
2 0.635000 0.600000 0.011667 0.066667
2 0.718333 0.660000 0.015833 0.068333
2 0.549167 0.443333 0.013333 0.070000
2 0.371667 0.735000 0.020833 0.028333
2 0.670833 0.636667 0.017500 0.116667
2 0.715000 0.378333 0.009167 0.031667
2 0.717500 0.648333 0.011667 0.025000
3 0.432500 0.780000 0.010000 0.020000
3 0.755000 0.315000 0.008333 0.021667
2 0.450000 0.286667 0.023333 0.106667
2 0.222500 0.733333 0.014167 0.015000
2 0.250833 0.790000 0.013333 0.070000
3 0.655000 0.395000 0.010000 0.016667
2 0.781667 0.430000 0.009167 0.040000
3 0.560000 0.666667 0.007500 0.015000
2 0.735833 0.378333 0.045833 0.021667
2 0.546667 0.403333 0.015833 0.068333
3 0.814167 0.618333 0.007500 0.016667
2 0.799167 0.405000 0.019167 0.046667
3 0.798333 0.648333 0.017500 0.031667
3 0.780833 0.673333 0.007500 0.018333
3 0.318333 0.413333 0.008333 0.016667
2 0.768333 0.436667 0.023333 0.041667
2 0.520833 0.646667 0.027500 0.016667
3 0.555000 0.648333 0.007500 0.018333
3 0.779167 0.736667 0.007500 0.018333
3 0.705833 0.661667 0.008333 0.016667
3 0.676667 0.618333 0.010833 0.013333
3 0.628333 0.338333 0.011667 0.020000
2 0.226667 0.415000 0.021667 0.090000
3 0.659167 0.435000 0.013333 0.015000
3 0.424167 0.670000 0.011667 0.030000
2 0.795000 0.626667 0.023333 0.041667
2 0.726667 0.696667 0.023333 0.041667
2 0.505833 0.676667 0.048333 0.043333
2 0.720833 0.375000 0.013333 0.070000
3 0.758333 0.695000 0.017500 0.031667
3 0.475000 0.325000 0.007500 0.015000
2 0.747500 0.406667 0.029167 0.038333
3 0.775000 0.346667 0.006667 0.018333
2 0.664167 0.638333 0.048333 0.025000
2 0.637500 0.695000 0.034167 0.100000
3 0.185000 0.653333 0.009167 0.016667
3 0.554167 0.231667 0.008333 0.021667
2 0.649167 0.628333 0.020833 0.028333
2 0.338333 0.205000 0.009167 0.040000
3 0.661667 0.685000 0.015833 0.051667
3 0.631667 0.435000 0.009167 0.016667
2 0.661667 0.413333 0.030833 0.051667
2 0.645000 0.623333 0.020833 0.080000
2 0.327500 0.781667 0.048333 0.043333
2 0.421667 0.656667 0.048333 0.025000
3 0.689167 0.605000 0.007500 0.016667
2 0.563333 0.321667 0.048333 0.025000
2 0.620833 0.620000 0.020833 0.080000
2 0.279167 0.701667 0.029167 0.038333
3 0.454167 0.721667 0.007500 0.016667
3 0.282500 0.750000 0.008333 0.016667
2 0.559167 0.730000 0.045833 0.021667
3 0.292500 0.728333 0.010000 0.020000
2 0.187500 0.420000 0.021667 0.090000
2 0.452500 0.116667 0.048333 0.043333
2 0.703333 0.253333 0.030833 0.051667
3 0.309167 0.350000 0.008333 0.016667
3 0.659167 0.418333 0.010833 0.013333
3 0.782500 0.685000 0.011667 0.020000
2 0.784167 0.321667 0.020833 0.080000
2 0.470833 0.150000 0.019167 0.046667
3 0.281667 0.765000 0.010000 0.016667
2 0.587500 0.750000 0.022500 0.023333
2 0.772500 0.625000 0.058333 0.076667
2 0.685833 0.336667 0.035000 0.105000
