4 0.828333 0.613333 0.053333 0.110000
4 0.827500 0.383333 0.067500 0.030000
4 0.803333 0.481667 0.112500 0.045000
4 0.839167 0.343333 0.053333 0.070000
4 0.876667 0.638333 0.035000 0.045000
4 0.850000 0.456667 0.155833 0.240000
4 0.858333 0.618333 0.089167 0.066667
4 0.860000 0.621667 0.101667 0.145000
4 0.905833 0.580000 0.041667 0.066667
4 0.850000 0.420000 0.100833 0.048333
4 0.403333 0.366667 0.176667 0.391667
4 0.541667 0.476667 0.064167 0.130000
4 0.142500 0.763333 0.285000 0.471667
4 0.605833 0.521667 0.116667 0.098333
4 0.100000 0.521667 0.050833 0.033333
4 0.290000 0.533333 0.180833 0.053333
4 0.293333 0.553333 0.114167 0.115000
4 0.525833 0.471667 0.060000 0.075000
4 0.652500 0.448333 0.085000 0.145000
4 0.294167 0.513333 0.070833 0.026667
2 0.099167 0.490000 0.013333 0.070000
3 0.413333 0.548333 0.007500 0.016667
3 0.677500 0.583333 0.010000 0.020000
3 0.139167 0.523333 0.011667 0.030000
2 0.397500 0.528333 0.029167 0.038333
2 0.450833 0.388333 0.035000 0.105000
2 0.312500 0.556667 0.014167 0.015000
2 0.132500 0.458333 0.058333 0.076667
2 0.131667 0.458333 0.009167 0.040000
2 0.517500 0.558333 0.020833 0.028333
3 0.632500 0.550000 0.017500 0.031667
2 0.226667 0.560000 0.027500 0.016667
2 0.056667 0.461667 0.097500 0.053333
3 0.715000 0.470000 0.010833 0.013333
2 0.120833 0.570000 0.014167 0.015000
3 0.620000 0.535000 0.007500 0.016667
2 0.500833 0.533333 0.013333 0.070000
3 0.761667 0.473333 0.009167 0.018333
3 0.247500 0.503333 0.009167 0.016667
2 0.700833 0.481667 0.030833 0.051667
2 0.615000 0.563333 0.027500 0.016667
2 0.225000 0.466667 0.058333 0.076667
2 0.301667 0.595000 0.048333 0.025000
2 0.092500 0.521667 0.026667 0.035000
2 0.322500 0.563333 0.035000 0.105000
3 0.509167 0.593333 0.007500 0.018333
3 0.520000 0.481667 0.008333 0.016667
2 0.265833 0.576667 0.010833 0.091667
2 0.430833 0.485000 0.045833 0.021667
2 0.447500 0.503333 0.023333 0.041667
2 0.777500 0.591667 0.013333 0.070000
2 0.433333 0.571667 0.010000 0.031667
2 0.160000 0.490000 0.011667 0.066667
2 0.323333 0.516667 0.010000 0.031667
3 0.808333 0.545000 0.007500 0.018333
3 0.495000 0.593333 0.008333 0.021667
2 0.658333 0.458333 0.020000 0.021667
2 0.314167 0.583333 0.030833 0.051667
3 0.428333 0.505000 0.010000 0.020000
3 0.492500 0.446667 0.010833 0.013333
3 0.212500 0.546667 0.007500 0.018333
3 0.292500 0.543333 0.010833 0.023333
2 0.239167 0.520000 0.029167 0.038333
3 0.335000 0.626667 0.009167 0.018333
2 0.455000 0.605000 0.023333 0.106667
2 0.819167 0.531667 0.020833 0.080000
3 0.694167 0.470000 0.008333 0.016667
3 0.761667 0.516667 0.010000 0.020000
2 0.205000 0.578333 0.009167 0.031667
2 0.137500 0.508333 0.027500 0.016667
2 0.655833 0.545000 0.021667 0.090000
2 0.019167 0.545000 0.020833 0.080000
3 0.677500 0.555000 0.014167 0.025000
2 0.492500 0.495000 0.019167 0.046667
2 0.795000 0.618333 0.010833 0.091667
2 0.084167 0.566667 0.020000 0.021667
2 0.295833 0.586667 0.097500 0.053333
2 0.425833 0.533333 0.097500 0.053333
2 0.781667 0.466667 0.023333 0.106667
2 0.179167 0.535000 0.030833 0.051667
2 0.671667 0.611667 0.021667 0.090000
2 0.165833 0.488333 0.020833 0.080000
3 0.295833 0.556667 0.007500 0.018333
2 0.323333 0.516667 0.023333 0.041667
2 0.108333 0.585000 0.010833 0.091667
2 0.198333 0.476667 0.045833 0.021667
2 0.195000 0.528333 0.020000 0.021667
2 0.105000 0.465000 0.011667 0.025000
3 0.830000 0.615000 0.006667 0.018333
2 0.049167 0.555000 0.023333 0.106667
3 0.151667 0.520000 0.008333 0.016667
3 0.638333 0.568333 0.009167 0.016667
2 0.715000 0.570000 0.021667 0.090000
2 0.300833 0.536667 0.017500 0.116667
2 0.554167 0.598333 0.030833 0.051667
2 0.125833 0.453333 0.026667 0.035000
3 0.429167 0.590000 0.009167 0.018333
2 0.060000 0.583333 0.027500 0.016667
2 0.617500 0.450000 0.014167 0.015000
2 0.229167 0.436667 0.020833 0.028333
2 0.641667 0.513333 0.021667 0.090000
2 0.746667 0.555000 0.010000 0.031667
2 0.486667 0.500000 0.058333 0.076667
2 0.409167 0.533333 0.058333 0.076667
2 0.202500 0.435000 0.015833 0.068333
2 0.065000 0.530000 0.029167 0.038333
3 0.540833 0.470000 0.011667 0.020000
3 0.297500 0.573333 0.008333 0.021667
2 0.026667 0.475000 0.034167 0.038333
2 0.183333 0.510000 0.020000 0.021667
3 0.561667 0.528333 0.015833 0.051667
3 0.785000 0.548333 0.014167 0.025000
3 0.481667 0.530000 0.015833 0.051667
3 0.594167 0.525000 0.008333 0.021667
3 0.529167 0.581667 0.010000 0.016667
2 0.679167 0.458333 0.045833 0.021667
3 0.298333 0.505000 0.008333 0.016667
2 0.570833 0.515000 0.011667 0.066667
3 0.714167 0.508333 0.009167 0.016667
3 0.395833 0.558333 0.010833 0.023333
2 0.175000 0.576667 0.023333 0.041667
3 0.460000 0.513333 0.008333 0.016667
2 0.440000 0.378333 0.023333 0.106667
3 0.318333 0.360000 0.010833 0.023333
2 0.788333 0.623333 0.029167 0.038333
3 0.371667 0.685000 0.015833 0.051667
3 0.757500 0.405000 0.010833 0.013333
2 0.382500 0.656667 0.022500 0.023333
3 0.677500 0.360000 0.011667 0.030000
2 0.519167 0.363333 0.035000 0.105000
2 0.279167 0.241667 0.020833 0.028333
3 0.677500 0.711667 0.007500 0.018333
2 0.761667 0.703333 0.023333 0.041667
2 0.662500 0.666667 0.034167 0.100000
3 0.470833 0.126667 0.011667 0.030000
3 0.420833 0.655000 0.010000 0.020000
2 0.330000 0.223333 0.027500 0.016667
3 0.290833 0.275000 0.007500 0.018333
2 0.735000 0.623333 0.058333 0.076667
2 0.461667 0.336667 0.013333 0.070000
3 0.675000 0.718333 0.010000 0.020000
3 0.340000 0.713333 0.007500 0.015000
3 0.328333 0.391667 0.013333 0.031667
2 0.658333 0.391667 0.014167 0.015000
2 0.314167 0.701667 0.020000 0.021667
2 0.232500 0.798333 0.010000 0.031667
3 0.731667 0.385000 0.008333 0.016667
3 0.357500 0.740000 0.008333 0.016667
2 0.680000 0.651667 0.022500 0.023333
2 0.663333 0.348333 0.014167 0.015000
3 0.782500 0.660000 0.013333 0.015000
2 0.708333 0.400000 0.019167 0.046667
2 0.804167 0.611667 0.034167 0.038333
3 0.590833 0.760000 0.009167 0.023333
2 0.721667 0.388333 0.009167 0.031667
3 0.568333 0.733333 0.008333 0.016667
3 0.156667 0.616667 0.007500 0.015000
3 0.639167 0.400000 0.008333 0.016667
2 0.500833 0.286667 0.027500 0.016667
3 0.709167 0.683333 0.007500 0.018333
2 0.540000 0.656667 0.048333 0.025000
2 0.545833 0.710000 0.019167 0.046667
3 0.781667 0.600000 0.008333 0.016667
3 0.512500 0.703333 0.013333 0.031667
3 0.433333 0.655000 0.008333 0.016667
2 0.280833 0.225000 0.029167 0.038333
3 0.515000 0.658333 0.007500 0.016667
2 0.480000 0.786667 0.026667 0.035000
3 0.171667 0.403333 0.006667 0.018333
2 0.782500 0.400000 0.015833 0.068333
2 0.265833 0.363333 0.019167 0.046667
2 0.783333 0.431667 0.021667 0.090000
2 0.422500 0.368333 0.014167 0.015000
3 0.252500 0.765000 0.009167 0.016667
2 0.637500 0.373333 0.017500 0.116667
2 0.596667 0.398333 0.027500 0.016667
2 0.563333 0.640000 0.020833 0.080000
2 0.307500 0.701667 0.009167 0.031667
2 0.523333 0.275000 0.029167 0.038333
2 0.789167 0.598333 0.058333 0.076667
3 0.817500 0.415000 0.010000 0.020000
2 0.285833 0.785000 0.023333 0.106667
2 0.402500 0.631667 0.015833 0.068333
2 0.480833 0.290000 0.020833 0.080000
2 0.650833 0.335000 0.023333 0.041667
2 0.415000 0.686667 0.020833 0.080000
2 0.559167 0.270000 0.010000 0.031667
3 0.691667 0.631667 0.009167 0.023333
2 0.757500 0.601667 0.009167 0.031667
3 0.554167 0.701667 0.010833 0.013333
3 0.524167 0.758333 0.009167 0.016667
3 0.260833 0.375000 0.010000 0.016667
2 0.531667 0.336667 0.011667 0.066667
2 0.772500 0.331667 0.023333 0.041667
3 0.700000 0.300000 0.007500 0.018333
3 0.366667 0.645000 0.009167 0.016667
2 0.514167 0.678333 0.023333 0.106667
2 0.667500 0.355000 0.035000 0.105000
2 0.756667 0.451667 0.010833 0.091667
3 0.436667 0.691667 0.008333 0.016667
2 0.378333 0.350000 0.011667 0.025000
3 0.427500 0.751667 0.013333 0.015000
3 0.718333 0.386667 0.015833 0.051667
3 0.369167 0.433333 0.006667 0.018333
2 0.427500 0.821667 0.009167 0.031667
3 0.451667 0.673333 0.008333 0.016667
3 0.445833 0.368333 0.009167 0.023333
3 0.708333 0.433333 0.011667 0.020000
3 0.457500 0.715000 0.015833 0.051667
2 0.520000 0.393333 0.020000 0.021667
2 0.825000 0.405000 0.020000 0.021667
3 0.704167 0.325000 0.010000 0.020000
2 0.676667 0.600000 0.035000 0.105000
2 0.255833 0.361667 0.014167 0.015000
3 0.654167 0.370000 0.011667 0.030000
2 0.580833 0.691667 0.010833 0.091667
2 0.247500 0.323333 0.019167 0.046667
3 0.275000 0.406667 0.010833 0.023333
2 0.490000 0.713333 0.020000 0.021667
3 0.667500 0.443333 0.007500 0.015000
3 0.273333 0.741667 0.011667 0.020000
2 0.295000 0.320000 0.034167 0.100000
2 0.804167 0.633333 0.011667 0.025000
2 0.290000 0.765000 0.009167 0.040000
2 0.207500 0.685000 0.030833 0.051667
3 0.334167 0.733333 0.006667 0.018333
2 0.727500 0.405000 0.013333 0.070000
2 0.707500 0.328333 0.015833 0.068333
3 0.515833 0.310000 0.007500 0.016667
2 0.398333 0.663333 0.058333 0.076667
3 0.505833 0.326667 0.009167 0.018333
2 0.692500 0.658333 0.021667 0.090000
2 0.781667 0.641667 0.029167 0.038333
3 0.640833 0.645000 0.007500 0.015000
3 0.541667 0.693333 0.009167 0.023333
3 0.452500 0.808333 0.015833 0.051667
2 0.259167 0.275000 0.045833 0.021667
3 0.359167 0.645000 0.006667 0.018333
2 0.703333 0.463333 0.020833 0.080000
2 0.644167 0.363333 0.015833 0.068333
2 0.449167 0.808333 0.023333 0.041667
2 0.615833 0.360000 0.020833 0.080000
2 0.713333 0.418333 0.034167 0.038333
3 0.311667 0.370000 0.010833 0.013333
2 0.453333 0.708333 0.029167 0.038333
2 0.451667 0.123333 0.026667 0.035000
2 0.284167 0.713333 0.027500 0.016667
2 0.502500 0.351667 0.022500 0.023333
3 0.348333 0.670000 0.015833 0.051667
2 0.523333 0.425000 0.011667 0.025000
2 0.531667 0.393333 0.010833 0.091667
3 0.786667 0.406667 0.010000 0.020000
3 0.650000 0.668333 0.009167 0.018333
2 0.666667 0.593333 0.058333 0.076667
3 0.747500 0.625000 0.011667 0.030000
2 0.730000 0.671667 0.015833 0.068333
2 0.545833 0.648333 0.019167 0.046667
2 0.780000 0.345000 0.010000 0.031667
3 0.786667 0.603333 0.007500 0.015000
3 0.682500 0.718333 0.015833 0.051667
3 0.668333 0.613333 0.015833 0.051667
2 0.531667 0.698333 0.029167 0.038333
2 0.275000 0.648333 0.023333 0.106667
2 0.330000 0.443333 0.010833 0.091667
3 0.696667 0.738333 0.008333 0.021667
2 0.703333 0.608333 0.034167 0.038333
3 0.666667 0.411667 0.017500 0.031667
3 0.444167 0.721667 0.007500 0.018333
2 0.275000 0.715000 0.020833 0.080000
2 0.746667 0.681667 0.009167 0.040000
3 0.747500 0.605000 0.007500 0.015000
2 0.657500 0.408333 0.009167 0.031667
2 0.344167 0.341667 0.022500 0.023333
3 0.477500 0.618333 0.007500 0.015000
3 0.444167 0.721667 0.007500 0.018333
3 0.705000 0.673333 0.008333 0.021667
3 0.558333 0.421667 0.007500 0.015000
2 0.698333 0.638333 0.034167 0.100000
2 0.581667 0.735000 0.029167 0.038333
3 0.685000 0.690000 0.008333 0.021667
2 0.771667 0.340000 0.009167 0.040000
3 0.555833 0.661667 0.015833 0.051667
3 0.785833 0.663333 0.006667 0.018333
2 0.435833 0.903333 0.023333 0.041667
2 0.771667 0.745000 0.023333 0.041667
2 0.759167 0.430000 0.048333 0.025000
3 0.725000 0.631667 0.008333 0.021667
2 0.305833 0.793333 0.020000 0.021667
2 0.428333 0.406667 0.022500 0.023333
2 0.306667 0.730000 0.034167 0.100000
3 0.750833 0.316667 0.009167 0.016667
3 0.645000 0.630000 0.007500 0.015000
2 0.785833 0.346667 0.009167 0.031667
3 0.366667 0.655000 0.007500 0.015000
2 0.694167 0.618333 0.014167 0.015000
2 0.332500 0.300000 0.029167 0.038333
2 0.666667 0.551667 0.035000 0.105000
3 0.243333 0.376667 0.013333 0.031667
3 0.810000 0.630000 0.008333 0.016667
2 0.325833 0.448333 0.020833 0.080000
2 0.727500 0.253333 0.020833 0.028333
2 0.723333 0.601667 0.020833 0.028333
3 0.749167 0.445000 0.007500 0.015000
3 0.393333 0.376667 0.008333 0.016667
2 0.380833 0.353333 0.058333 0.076667
2 0.531667 0.698333 0.029167 0.038333
3 0.514167 0.198333 0.006667 0.018333
2 0.655000 0.646667 0.009167 0.031667
2 0.666667 0.420000 0.020000 0.021667
3 0.774167 0.383333 0.014167 0.025000
2 0.665000 0.671667 0.027500 0.016667
2 0.772500 0.325000 0.011667 0.066667
3 0.774167 0.398333 0.009167 0.023333
3 0.755000 0.385000 0.007500 0.015000
3 0.704167 0.671667 0.007500 0.015000
3 0.627500 0.370000 0.014167 0.025000
3 0.170000 0.393333 0.006667 0.018333
2 0.334167 0.231667 0.058333 0.076667
3 0.697500 0.663333 0.009167 0.016667
3 0.330833 0.313333 0.008333 0.016667
