4 0.785000 0.611667 0.112500 0.186667
4 0.828333 0.593333 0.159167 0.121667
4 0.800000 0.580000 0.128333 0.165000
4 0.838333 0.396667 0.071667 0.066667
4 0.845833 0.493333 0.172500 0.180000
4 0.772500 0.650000 0.154167 0.263333
4 0.814167 0.486667 0.085833 0.073333
4 0.854167 0.645000 0.127500 0.145000
4 0.822500 0.640000 0.102500 0.040000
4 0.897500 0.440000 0.045833 0.083333
4 0.496667 0.553333 0.097500 0.081667
4 0.715833 0.418333 0.100000 0.130000
4 0.700000 0.498333 0.080000 0.028333
4 0.126667 0.568333 0.091667 0.073333
4 0.249167 0.493333 0.219167 0.260000
4 0.324167 0.561667 0.183333 0.085000
4 0.389167 0.540000 0.049167 0.055000
4 0.567500 0.608333 0.290000 0.190000
4 0.223333 0.470000 0.064167 0.108333
4 0.167500 0.443333 0.116667 0.261667
3 0.494167 0.466667 0.007500 0.015000
3 0.671667 0.528333 0.008333 0.016667
2 0.130000 0.476667 0.014167 0.015000
2 0.346667 0.578333 0.009167 0.040000
3 0.290000 0.471667 0.007500 0.018333
3 0.225833 0.535000 0.007500 0.018333
2 0.089167 0.488333 0.027500 0.016667
2 0.690000 0.571667 0.027500 0.016667
2 0.131667 0.535000 0.027500 0.016667
2 0.680833 0.556667 0.010833 0.091667
2 0.115833 0.535000 0.010833 0.091667
2 0.734167 0.516667 0.010000 0.031667
3 0.764167 0.546667 0.008333 0.021667
3 0.644167 0.526667 0.006667 0.018333
2 0.720000 0.470000 0.023333 0.106667
3 0.730833 0.483333 0.010000 0.020000
3 0.155000 0.446667 0.011667 0.020000
2 0.535000 0.591667 0.023333 0.106667
3 0.825833 0.528333 0.013333 0.031667
3 0.376667 0.540000 0.009167 0.015000
2 0.678333 0.541667 0.048333 0.043333
2 0.307500 0.470000 0.020833 0.028333
2 0.773333 0.505000 0.011667 0.025000
2 0.202500 0.478333 0.009167 0.031667
3 0.495833 0.408333 0.007500 0.015000
3 0.502500 0.556667 0.007500 0.018333
3 0.647500 0.566667 0.009167 0.016667
2 0.470000 0.506667 0.035000 0.105000
3 0.275833 0.548333 0.007500 0.015000
3 0.684167 0.556667 0.007500 0.015000
3 0.016667 0.520000 0.008333 0.016667
2 0.145000 0.471667 0.026667 0.035000
2 0.499167 0.543333 0.022500 0.023333
3 0.353333 0.513333 0.011667 0.030000
3 0.061667 0.561667 0.008333 0.016667
2 0.302500 0.543333 0.058333 0.076667
3 0.329167 0.528333 0.013333 0.031667
2 0.365833 0.456667 0.011667 0.025000
2 0.215000 0.480000 0.048333 0.043333
2 0.225000 0.450000 0.017500 0.116667
2 0.507500 0.510000 0.023333 0.041667
2 0.605833 0.623333 0.020833 0.080000
3 0.815000 0.488333 0.007500 0.015000
2 0.433333 0.608333 0.010000 0.031667
2 0.470833 0.426667 0.027500 0.016667
2 0.365833 0.533333 0.027500 0.016667
2 0.325000 0.550000 0.023333 0.106667
2 0.778333 0.510000 0.048333 0.025000
2 0.199167 0.608333 0.020833 0.080000
3 0.021667 0.505000 0.010000 0.020000
2 0.582500 0.523333 0.009167 0.031667
3 0.803333 0.536667 0.009167 0.016667
2 0.363333 0.541667 0.027500 0.016667
3 0.494167 0.501667 0.006667 0.018333
2 0.083333 0.451667 0.020833 0.080000
3 0.310833 0.525000 0.014167 0.025000
2 0.046667 0.475000 0.035000 0.105000
3 0.241667 0.481667 0.014167 0.025000
2 0.434167 0.603333 0.020833 0.028333
2 0.288333 0.440000 0.027500 0.016667
2 0.382500 0.540000 0.013333 0.070000
3 0.368333 0.510000 0.008333 0.016667
3 0.040833 0.566667 0.013333 0.015000
2 0.525000 0.523333 0.097500 0.053333
2 0.151667 0.605000 0.022500 0.023333
2 0.144167 0.526667 0.009167 0.031667
2 0.511667 0.496667 0.027500 0.016667
2 0.227500 0.526667 0.023333 0.041667
3 0.760000 0.473333 0.007500 0.016667
2 0.161667 0.535000 0.010833 0.091667
2 0.294167 0.498333 0.030833 0.051667
3 0.251667 0.455000 0.009167 0.016667
2 0.035833 0.546667 0.026667 0.035000
2 0.386667 0.515000 0.011667 0.066667
2 0.250833 0.516667 0.020833 0.080000
2 0.017500 0.545000 0.010000 0.031667
3 0.271667 0.486667 0.011667 0.020000
3 0.387500 0.458333 0.010833 0.023333
2 0.807500 0.530000 0.020833 0.028333
3 0.184167 0.580000 0.009167 0.016667
3 0.547500 0.575000 0.006667 0.018333
2 0.387500 0.438333 0.011667 0.066667
3 0.635833 0.483333 0.009167 0.023333
2 0.037500 0.538333 0.048333 0.025000
3 0.592500 0.523333 0.007500 0.018333
2 0.425833 0.588333 0.034167 0.038333
2 0.207500 0.418333 0.009167 0.040000
3 0.491667 0.476667 0.007500 0.018333
3 0.131667 0.461667 0.009167 0.023333
3 0.635000 0.451667 0.008333 0.016667
3 0.161667 0.430000 0.010833 0.013333
2 0.157500 0.503333 0.020833 0.080000
3 0.798333 0.521667 0.013333 0.031667
2 0.691667 0.546667 0.022500 0.023333
2 0.651667 0.466667 0.023333 0.106667
3 0.050833 0.480000 0.007500 0.015000
2 0.622500 0.533333 0.020833 0.080000
2 0.681667 0.518333 0.020000 0.021667
2 0.251667 0.555000 0.020833 0.080000
2 0.030000 0.528333 0.020833 0.080000
2 0.738333 0.450000 0.011667 0.066667
2 0.355000 0.453333 0.020000 0.021667
3 0.699167 0.625000 0.017500 0.031667
3 0.735833 0.663333 0.009167 0.016667
3 0.343333 0.233333 0.009167 0.016667
3 0.285000 0.780000 0.009167 0.016667
2 0.678333 0.635000 0.023333 0.106667
2 0.316667 0.385000 0.048333 0.025000
2 0.806667 0.748333 0.021667 0.090000
2 0.316667 0.743333 0.011667 0.066667
3 0.400000 0.661667 0.010000 0.016667
2 0.716667 0.358333 0.026667 0.035000
2 0.651667 0.368333 0.020833 0.080000
3 0.333333 0.418333 0.006667 0.018333
2 0.710000 0.998333 0.027500 0.001667
3 0.575000 0.743333 0.010833 0.023333
3 0.345000 0.651667 0.010000 0.016667
2 0.738333 0.391667 0.022500 0.023333
3 0.648333 0.391667 0.013333 0.031667
2 0.437500 0.225000 0.048333 0.025000
3 0.333333 0.760000 0.009167 0.023333
3 0.437500 0.371667 0.007500 0.015000
2 0.239167 0.386667 0.014167 0.015000
2 0.384167 0.743333 0.010833 0.091667
2 0.660000 0.700000 0.097500 0.053333
2 0.473333 0.710000 0.029167 0.038333
3 0.280833 0.653333 0.007500 0.015000
3 0.790000 0.718333 0.017500 0.031667
3 0.695833 0.656667 0.009167 0.016667
2 0.422500 0.803333 0.027500 0.016667
2 0.434167 0.263333 0.048333 0.043333
3 0.508333 0.291667 0.013333 0.031667
2 0.281667 0.758333 0.009167 0.031667
2 0.297500 0.300000 0.023333 0.106667
2 0.364167 0.683333 0.009167 0.040000
3 0.344167 0.750000 0.008333 0.016667
3 0.344167 0.231667 0.007500 0.015000
2 0.534167 0.250000 0.019167 0.046667
3 0.554167 0.638333 0.007500 0.015000
2 0.694167 0.765000 0.010833 0.091667
3 0.605000 0.310000 0.013333 0.015000
2 0.212500 0.685000 0.034167 0.038333
2 0.734167 0.421667 0.023333 0.106667
3 0.781667 0.648333 0.008333 0.016667
3 0.409167 0.386667 0.007500 0.015000
2 0.643333 0.615000 0.020833 0.028333
2 0.358333 0.770000 0.010000 0.031667
3 0.700000 0.646667 0.013333 0.031667
2 0.771667 0.341667 0.023333 0.106667
2 0.511667 0.458333 0.034167 0.100000
2 0.716667 0.361667 0.019167 0.046667
2 0.673333 0.336667 0.058333 0.076667
2 0.419167 0.840000 0.045833 0.021667
3 0.773333 0.676667 0.009167 0.018333
3 0.785833 0.336667 0.010000 0.020000
2 0.722500 0.386667 0.022500 0.023333
3 0.435833 0.681667 0.009167 0.016667
2 0.698333 0.611667 0.017500 0.116667
3 0.601667 0.650000 0.011667 0.030000
3 0.464167 0.703333 0.006667 0.018333
2 0.265833 0.776667 0.009167 0.040000
3 0.413333 0.398333 0.007500 0.018333
3 0.748333 0.411667 0.009167 0.016667
2 0.751667 0.408333 0.029167 0.038333
3 0.300000 0.368333 0.017500 0.031667
2 0.661667 0.671667 0.097500 0.053333
2 0.619167 0.378333 0.021667 0.090000
3 0.540000 0.733333 0.008333 0.016667
2 0.667500 0.386667 0.034167 0.038333
3 0.624167 0.365000 0.009167 0.023333
3 0.594167 0.748333 0.009167 0.015000
2 0.731667 0.255000 0.019167 0.046667
2 0.553333 0.208333 0.017500 0.116667
2 0.727500 0.716667 0.021667 0.090000
2 0.753333 0.705000 0.010000 0.031667
3 0.710833 0.671667 0.008333 0.016667
2 0.805000 0.375000 0.035000 0.105000
3 0.525000 0.758333 0.007500 0.018333
2 0.630000 0.470000 0.020833 0.080000
3 0.817500 0.418333 0.009167 0.023333
2 0.281667 0.746667 0.010000 0.031667
3 0.248333 0.675000 0.008333 0.016667
3 0.709167 0.685000 0.008333 0.016667
2 0.422500 0.665000 0.009167 0.040000
2 0.338333 0.666667 0.021667 0.090000
3 0.732500 0.690000 0.010833 0.013333
2 0.247500 0.670000 0.011667 0.025000
2 0.772500 0.325000 0.020833 0.028333
2 0.699167 0.620000 0.029167 0.038333
3 0.270000 0.653333 0.010000 0.020000
3 0.494167 0.306667 0.017500 0.031667
3 0.582500 0.431667 0.014167 0.025000
2 0.224167 0.600000 0.023333 0.041667
2 0.747500 0.750000 0.048333 0.025000
2 0.631667 0.616667 0.017500 0.116667
3 0.705000 0.670000 0.007500 0.018333
2 0.404167 0.408333 0.026667 0.035000
2 0.769167 0.430000 0.022500 0.023333
2 0.318333 0.396667 0.021667 0.090000
2 0.682500 0.408333 0.027500 0.016667
2 0.410000 0.243333 0.034167 0.100000
3 0.759167 0.611667 0.007500 0.015000
3 0.447500 0.371667 0.007500 0.018333
2 0.486667 0.318333 0.010000 0.031667
3 0.582500 0.435000 0.009167 0.016667
3 0.368333 0.436667 0.008333 0.021667
3 0.758333 0.631667 0.008333 0.016667
2 0.670833 0.330000 0.045833 0.021667
3 0.765833 0.366667 0.017500 0.031667
3 0.454167 0.790000 0.009167 0.023333
2 0.669167 0.366667 0.058333 0.076667
3 0.403333 0.798333 0.011667 0.020000
2 0.660833 0.363333 0.011667 0.066667
3 0.488333 0.781667 0.009167 0.018333
3 0.786667 0.351667 0.015833 0.051667
3 0.662500 0.398333 0.009167 0.018333
3 0.731667 0.725000 0.008333 0.016667
2 0.475833 0.340000 0.030833 0.051667
3 0.771667 0.791667 0.015833 0.051667
3 0.650833 0.413333 0.010833 0.013333
2 0.295833 0.406667 0.022500 0.023333
3 0.719167 0.663333 0.009167 0.016667
3 0.778333 0.325000 0.011667 0.020000
2 0.320000 0.271667 0.009167 0.031667
3 0.820833 0.386667 0.009167 0.015000
3 0.573333 0.175000 0.010833 0.023333
3 0.370000 0.406667 0.008333 0.016667
2 0.728333 0.360000 0.014167 0.015000
2 0.663333 0.611667 0.048333 0.043333
2 0.424167 0.398333 0.034167 0.100000
3 0.639167 0.403333 0.008333 0.021667
2 0.672500 0.345000 0.013333 0.070000
3 0.271667 0.716667 0.008333 0.016667
3 0.482500 0.828333 0.010833 0.023333
2 0.463333 0.765000 0.035000 0.105000
3 0.485833 0.258333 0.007500 0.018333
3 0.345000 0.233333 0.006667 0.018333
3 0.818333 0.715000 0.008333 0.016667
2 0.469167 0.290000 0.048333 0.025000
2 0.819167 0.426667 0.030833 0.051667
2 0.740833 0.688333 0.019167 0.046667
3 0.304167 0.643333 0.007500 0.018333
3 0.286667 0.265000 0.009167 0.023333
2 0.690000 0.613333 0.048333 0.043333
3 0.339167 0.385000 0.009167 0.015000
2 0.589167 0.388333 0.097500 0.053333
2 0.707500 0.436667 0.020000 0.021667
2 0.605833 0.343333 0.023333 0.041667
3 0.406667 0.738333 0.009167 0.023333
3 0.280000 0.838333 0.009167 0.016667
2 0.753333 0.315000 0.015833 0.068333
2 0.705000 0.770000 0.045833 0.021667
2 0.725833 0.623333 0.009167 0.031667
3 0.677500 0.338333 0.013333 0.015000
3 0.312500 0.718333 0.009167 0.018333
3 0.734167 0.588333 0.008333 0.016667
2 0.300000 0.658333 0.017500 0.116667
2 0.531667 0.381667 0.017500 0.116667
2 0.404167 0.750000 0.017500 0.116667
3 0.545833 0.643333 0.009167 0.016667
2 0.670833 0.301667 0.015833 0.068333
3 0.807500 0.616667 0.009167 0.015000
2 0.780833 0.670000 0.019167 0.046667
3 0.454167 0.391667 0.007500 0.018333
2 0.650000 0.298333 0.058333 0.076667
3 0.604167 0.318333 0.014167 0.025000
3 0.482500 0.383333 0.015833 0.051667
3 0.484167 0.260000 0.010833 0.023333
3 0.315833 0.255000 0.009167 0.023333
2 0.485000 0.301667 0.013333 0.070000
2 0.293333 0.368333 0.048333 0.043333
3 0.735833 0.643333 0.008333 0.016667
2 0.559167 0.661667 0.029167 0.038333
2 0.784167 0.873333 0.009167 0.040000
3 0.464167 0.808333 0.010833 0.013333
3 0.540833 0.691667 0.010833 0.023333
2 0.432500 0.598333 0.097500 0.053333
3 0.789167 0.418333 0.007500 0.018333
2 0.449167 0.713333 0.015833 0.068333
3 0.620833 0.396667 0.010000 0.020000
3 0.641667 0.680000 0.008333 0.016667
3 0.494167 0.751667 0.009167 0.016667
3 0.200833 0.661667 0.011667 0.020000
3 0.454167 0.758333 0.011667 0.030000
3 0.509167 0.345000 0.009167 0.016667
3 0.313333 0.410000 0.009167 0.016667
3 0.450833 0.293333 0.017500 0.031667
3 0.322500 0.343333 0.008333 0.016667
2 0.583333 0.613333 0.019167 0.046667
2 0.657500 0.358333 0.014167 0.015000
3 0.251667 0.765000 0.011667 0.020000
3 0.473333 0.311667 0.010000 0.020000
2 0.430000 0.755000 0.023333 0.041667
2 0.685833 0.340000 0.027500 0.016667
3 0.340000 0.226667 0.008333 0.016667
2 0.721667 0.415000 0.011667 0.066667
2 0.726667 0.621667 0.030833 0.051667
2 0.725833 0.646667 0.035000 0.105000
3 0.691667 0.376667 0.008333 0.016667
2 0.724167 0.731667 0.023333 0.041667
