4 0.810000 0.721667 0.135000 0.353333
4 0.848333 0.536667 0.070000 0.110000
4 0.868333 0.501667 0.052500 0.070000
4 0.795000 0.620000 0.090833 0.030000
4 0.825000 0.396667 0.072500 0.036667
4 0.884167 0.533333 0.048333 0.113333
4 0.834167 0.530000 0.070833 0.096667
4 0.840833 0.491667 0.095833 0.065000
4 0.799167 0.371667 0.154167 0.093333
4 0.752500 0.408333 0.170000 0.345000
4 0.628333 0.498333 0.094167 0.036667
4 0.770833 0.528333 0.087500 0.070000
4 0.121667 0.665000 0.118333 0.298333
4 0.380833 0.613333 0.180833 0.238333
4 0.022500 0.511667 0.045000 0.103333
4 0.370833 0.540000 0.107500 0.031667
4 0.635833 0.525000 0.220833 0.056667
4 0.241667 0.513333 0.083333 0.026667
4 0.092500 0.673333 0.151667 0.280000
4 0.711667 0.563333 0.064167 0.128333
2 0.255000 0.548333 0.021667 0.090000
2 0.375000 0.453333 0.015833 0.068333
3 0.025000 0.485000 0.008333 0.016667
2 0.199167 0.473333 0.026667 0.035000
3 0.212500 0.536667 0.008333 0.016667
2 0.355833 0.491667 0.022500 0.023333
2 0.096667 0.475000 0.011667 0.025000
2 0.805833 0.443333 0.019167 0.046667
3 0.090833 0.498333 0.007500 0.016667
2 0.676667 0.541667 0.010833 0.091667
2 0.024167 0.566667 0.045833 0.021667
2 0.624167 0.511667 0.029167 0.038333
2 0.100833 0.591667 0.020000 0.021667
2 0.565000 0.578333 0.029167 0.038333
2 0.775000 0.510000 0.015833 0.068333
2 0.560833 0.493333 0.020833 0.080000
3 0.600000 0.455000 0.010000 0.016667
3 0.366667 0.530000 0.007500 0.018333
2 0.496667 0.593333 0.023333 0.041667
2 0.754167 0.505000 0.048333 0.043333
2 0.377500 0.570000 0.021667 0.090000
2 0.025833 0.535000 0.013333 0.070000
2 0.032500 0.516667 0.010833 0.091667
3 0.610000 0.565000 0.017500 0.031667
2 0.818333 0.561667 0.013333 0.070000
3 0.340833 0.495000 0.010833 0.013333
3 0.466667 0.440000 0.017500 0.031667
3 0.117500 0.508333 0.007500 0.018333
3 0.055833 0.523333 0.008333 0.016667
2 0.090000 0.468333 0.019167 0.046667
3 0.299167 0.586667 0.008333 0.021667
3 0.173333 0.471667 0.009167 0.016667
3 0.491667 0.516667 0.009167 0.016667
2 0.780833 0.480000 0.017500 0.116667
3 0.252500 0.446667 0.008333 0.016667
2 0.144167 0.475000 0.034167 0.038333
3 0.434167 0.483333 0.006667 0.018333
3 0.249167 0.583333 0.008333 0.016667
3 0.618333 0.596667 0.008333 0.021667
3 0.795833 0.573333 0.008333 0.021667
2 0.135833 0.520000 0.010833 0.091667
3 0.042500 0.515000 0.009167 0.023333
2 0.034167 0.573333 0.017500 0.116667
3 0.576667 0.485000 0.015833 0.051667
2 0.152500 0.536667 0.020833 0.080000
3 0.115000 0.500000 0.014167 0.025000
2 0.814167 0.495000 0.015833 0.068333
2 0.471667 0.430000 0.021667 0.090000
3 0.801667 0.521667 0.010833 0.013333
2 0.609167 0.556667 0.019167 0.046667
2 0.316667 0.565000 0.014167 0.015000
2 0.721667 0.556667 0.026667 0.035000
2 0.660000 0.588333 0.013333 0.070000
2 0.313333 0.583333 0.034167 0.100000
2 0.086667 0.531667 0.097500 0.053333
3 0.207500 0.570000 0.010833 0.023333
2 0.460833 0.570000 0.045833 0.021667
3 0.485000 0.580000 0.009167 0.016667
3 0.334167 0.598333 0.008333 0.016667
2 0.185833 0.545000 0.034167 0.100000
3 0.459167 0.586667 0.007500 0.018333
3 0.468333 0.550000 0.009167 0.015000
2 0.098333 0.491667 0.097500 0.053333
2 0.776667 0.530000 0.023333 0.106667
3 0.362500 0.588333 0.011667 0.030000
2 0.599167 0.500000 0.058333 0.076667
2 0.395000 0.503333 0.045833 0.021667
3 0.330833 0.538333 0.007500 0.015000
3 0.113333 0.453333 0.013333 0.015000
2 0.668333 0.575000 0.026667 0.035000
3 0.574167 0.585000 0.013333 0.031667
2 0.293333 0.495000 0.026667 0.035000
2 0.349167 0.551667 0.015833 0.068333
2 0.806667 0.456667 0.009167 0.040000
2 0.140833 0.470000 0.027500 0.016667
2 0.211667 0.540000 0.045833 0.021667
2 0.040833 0.568333 0.081667 0.053333
2 0.431667 0.621667 0.020000 0.021667
2 0.562500 0.483333 0.019167 0.046667
3 0.411667 0.546667 0.009167 0.018333
2 0.605000 0.455000 0.023333 0.106667
2 0.584167 0.501667 0.097500 0.053333
2 0.570000 0.563333 0.015833 0.068333
2 0.130000 0.593333 0.027500 0.016667
3 0.518333 0.576667 0.009167 0.018333
2 0.774167 0.585000 0.010833 0.091667
2 0.815000 0.580000 0.035000 0.105000
3 0.629167 0.526667 0.011667 0.030000
2 0.186667 0.510000 0.048333 0.025000
3 0.660000 0.578333 0.010833 0.023333
2 0.123333 0.523333 0.022500 0.023333
2 0.801667 0.496667 0.034167 0.038333
2 0.112500 0.455000 0.045833 0.021667
3 0.459167 0.458333 0.007500 0.018333
3 0.126667 0.518333 0.007500 0.018333
3 0.340833 0.440000 0.007500 0.018333
2 0.763333 0.528333 0.019167 0.046667
3 0.494167 0.440000 0.011667 0.020000
2 0.591667 0.578333 0.027500 0.016667
2 0.346667 0.505000 0.022500 0.023333
2 0.285000 0.506667 0.020000 0.021667
3 0.730000 0.563333 0.008333 0.021667
3 0.709167 0.255000 0.010833 0.013333
2 0.656667 0.308333 0.020833 0.080000
3 0.640833 0.433333 0.008333 0.016667
2 0.455833 0.841667 0.027500 0.016667
3 0.805833 0.618333 0.017500 0.031667
2 0.752500 0.373333 0.022500 0.023333
3 0.559167 0.371667 0.006667 0.018333
2 0.160000 0.393333 0.029167 0.038333
3 0.546667 0.653333 0.009167 0.018333
2 0.678333 0.356667 0.030833 0.051667
3 0.703333 0.410000 0.009167 0.023333
2 0.337500 0.376667 0.058333 0.076667
2 0.480000 0.808333 0.014167 0.015000
2 0.651667 0.358333 0.020833 0.080000
3 0.535000 0.306667 0.011667 0.020000
3 0.542500 0.705000 0.007500 0.015000
3 0.520000 0.395000 0.007500 0.016667
3 0.391667 0.695000 0.011667 0.030000
3 0.712500 0.235000 0.013333 0.031667
2 0.590833 0.998333 0.023333 0.001667
2 0.510833 0.375000 0.020833 0.080000
3 0.719167 0.430000 0.009167 0.023333
2 0.556667 0.656667 0.011667 0.025000
3 0.293333 0.788333 0.007500 0.018333
2 0.248333 0.643333 0.048333 0.025000
2 0.419167 0.658333 0.026667 0.035000
2 0.624167 0.433333 0.045833 0.021667
3 0.259167 0.365000 0.008333 0.016667
2 0.518333 0.410000 0.030833 0.051667
3 0.476667 0.305000 0.008333 0.016667
3 0.691667 0.618333 0.008333 0.021667
2 0.722500 0.281667 0.030833 0.051667
2 0.547500 0.706667 0.014167 0.015000
2 0.655833 0.650000 0.034167 0.038333
2 0.681667 0.641667 0.023333 0.041667
3 0.190000 0.400000 0.015833 0.051667
2 0.564167 0.270000 0.013333 0.070000
2 0.585000 0.748333 0.020833 0.028333
2 0.708333 0.660000 0.009167 0.031667
2 0.775000 0.395000 0.015833 0.068333
3 0.726667 0.436667 0.007500 0.018333
2 0.162500 0.420000 0.021667 0.090000
3 0.667500 0.673333 0.008333 0.016667
3 0.755000 0.608333 0.008333 0.016667
3 0.675833 0.345000 0.008333 0.016667
3 0.555833 0.998333 0.008333 0.001667
2 0.789167 0.725000 0.014167 0.015000
3 0.618333 0.648333 0.008333 0.016667
3 0.482500 0.208333 0.013333 0.015000
3 0.270000 0.718333 0.011667 0.020000
2 0.820833 0.370000 0.009167 0.040000
2 0.696667 0.336667 0.011667 0.066667
3 0.192500 0.403333 0.010833 0.023333
3 0.472500 0.326667 0.013333 0.031667
3 0.515833 0.750000 0.008333 0.016667
3 0.551667 0.225000 0.013333 0.015000
3 0.338333 0.643333 0.007500 0.016667
3 0.786667 0.348333 0.007500 0.016667
2 0.456667 0.276667 0.035000 0.105000
3 0.719167 0.663333 0.009167 0.016667
2 0.521667 0.398333 0.020833 0.028333
3 0.310000 0.355000 0.013333 0.031667
3 0.676667 0.668333 0.011667 0.030000
2 0.371667 0.741667 0.009167 0.040000
2 0.458333 0.696667 0.013333 0.070000
2 0.718333 0.373333 0.019167 0.046667
2 0.537500 0.246667 0.022500 0.023333
3 0.583333 0.643333 0.008333 0.016667
2 0.274167 0.730000 0.020000 0.021667
2 0.423333 0.745000 0.020833 0.028333
2 0.317500 0.340000 0.034167 0.100000
3 0.421667 0.653333 0.007500 0.015000
2 0.166667 0.385000 0.015833 0.068333
2 0.732500 0.638333 0.009167 0.040000
3 0.549167 0.236667 0.013333 0.031667
3 0.800833 0.373333 0.006667 0.018333
2 0.404167 0.338333 0.015833 0.068333
2 0.713333 0.386667 0.035000 0.105000
2 0.522500 0.688333 0.011667 0.066667
2 0.661667 0.616667 0.045833 0.021667
2 0.309167 0.630000 0.058333 0.076667
2 0.695000 0.795000 0.013333 0.070000
3 0.703333 0.673333 0.011667 0.030000
2 0.360833 0.661667 0.017500 0.116667
2 0.643333 0.695000 0.034167 0.100000
2 0.723333 0.310000 0.023333 0.106667
3 0.756667 0.715000 0.010000 0.020000
2 0.520833 0.355000 0.017500 0.116667
3 0.726667 0.670000 0.009167 0.023333
3 0.516667 0.601667 0.007500 0.018333
2 0.693333 0.668333 0.034167 0.100000
2 0.270833 0.691667 0.013333 0.070000
2 0.740000 0.401667 0.023333 0.106667
2 0.709167 0.618333 0.035000 0.105000
3 0.705000 0.431667 0.008333 0.016667
3 0.589167 0.745000 0.010000 0.016667
2 0.712500 0.701667 0.013333 0.070000
2 0.560000 0.390000 0.023333 0.106667
2 0.713333 0.391667 0.029167 0.038333
2 0.527500 0.425000 0.009167 0.031667
2 0.700000 0.415000 0.048333 0.043333
3 0.834167 0.418333 0.007500 0.015000
3 0.712500 0.691667 0.009167 0.023333
2 0.620000 0.408333 0.020833 0.080000
3 0.760833 0.601667 0.009167 0.018333
3 0.695833 0.715000 0.010833 0.013333
3 0.358333 0.741667 0.006667 0.018333
3 0.421667 0.408333 0.007500 0.015000
2 0.436667 0.683333 0.013333 0.070000
2 0.440833 0.635000 0.009167 0.040000
3 0.723333 0.401667 0.009167 0.016667
2 0.562500 0.665000 0.011667 0.025000
3 0.811667 0.713333 0.010833 0.023333
2 0.716667 0.625000 0.014167 0.015000
2 0.435833 0.780000 0.045833 0.021667
2 0.389167 0.401667 0.034167 0.100000
2 0.310833 0.258333 0.027500 0.016667
3 0.475000 0.795000 0.007500 0.018333
3 0.515000 0.658333 0.007500 0.015000
3 0.490833 0.333333 0.010833 0.013333
2 0.722500 0.655000 0.048333 0.043333
2 0.553333 0.316667 0.017500 0.116667
3 0.706667 0.676667 0.007500 0.015000
2 0.755000 0.606667 0.020000 0.021667
2 0.442500 0.356667 0.010833 0.091667
3 0.613333 0.366667 0.013333 0.031667
3 0.495000 0.398333 0.013333 0.015000
2 0.474167 0.755000 0.045833 0.021667
3 0.543333 0.210000 0.009167 0.016667
3 0.310833 0.795000 0.009167 0.018333
2 0.630000 0.350000 0.027500 0.016667
3 0.755000 0.390000 0.008333 0.021667
2 0.627500 0.330000 0.048333 0.043333
2 0.770000 0.640000 0.027500 0.016667
3 0.517500 0.231667 0.010000 0.020000
2 0.300833 0.251667 0.034167 0.038333
3 0.301667 0.700000 0.015833 0.051667
3 0.595833 0.335000 0.007500 0.018333
2 0.500833 0.270000 0.045833 0.021667
3 0.550833 0.391667 0.009167 0.016667
2 0.714167 0.606667 0.020833 0.080000
2 0.477500 0.740000 0.097500 0.053333
3 0.801667 0.398333 0.009167 0.016667
2 0.157500 0.361667 0.035000 0.105000
3 0.654167 0.620000 0.009167 0.015000
3 0.712500 0.383333 0.011667 0.030000
2 0.280833 0.418333 0.009167 0.040000
3 0.292500 0.728333 0.009167 0.016667
2 0.559167 0.253333 0.009167 0.040000
3 0.184167 0.653333 0.011667 0.020000
2 0.645833 0.386667 0.020833 0.080000
2 0.458333 0.286667 0.048333 0.025000
2 0.400833 0.675000 0.027500 0.016667
2 0.713333 0.345000 0.027500 0.016667
2 0.594167 0.998333 0.022500 0.001667
2 0.420833 0.243333 0.013333 0.070000
2 0.622500 0.635000 0.011667 0.066667
3 0.455000 0.665000 0.009167 0.016667
3 0.581667 0.430000 0.010833 0.013333
2 0.385833 0.698333 0.022500 0.023333
3 0.549167 0.663333 0.013333 0.015000
2 0.296667 0.730000 0.019167 0.046667
3 0.803333 0.636667 0.007500 0.015000
2 0.530000 0.733333 0.013333 0.070000
2 0.608333 0.388333 0.034167 0.038333
3 0.557500 0.665000 0.009167 0.016667
2 0.505833 0.430000 0.022500 0.023333
2 0.280000 0.343333 0.058333 0.076667
2 0.668333 0.366667 0.013333 0.070000
2 0.405000 0.710000 0.097500 0.053333
3 0.702500 0.375000 0.007500 0.018333
2 0.555000 0.715000 0.009167 0.031667
2 0.441667 0.706667 0.017500 0.116667
2 0.420000 0.395000 0.014167 0.015000
3 0.683333 0.375000 0.013333 0.015000
2 0.748333 0.391667 0.009167 0.040000
2 0.687500 0.613333 0.011667 0.066667
3 0.773333 0.410000 0.017500 0.031667
2 0.703333 0.371667 0.023333 0.041667
2 0.511667 0.320000 0.021667 0.090000
2 0.649167 0.678333 0.010000 0.031667
2 0.730833 0.325000 0.029167 0.038333
3 0.720000 0.998333 0.007500 0.001667
2 0.299167 0.660000 0.020000 0.021667
3 0.528333 0.355000 0.010833 0.023333
2 0.745833 0.705000 0.045833 0.021667
2 0.582500 0.300000 0.009167 0.040000
2 0.643333 0.746667 0.020833 0.080000
2 0.617500 0.370000 0.020833 0.080000
2 0.663333 0.390000 0.013333 0.070000
2 0.690833 0.688333 0.020833 0.080000
3 0.324167 0.690000 0.009167 0.016667
3 0.792500 0.726667 0.007500 0.015000
2 0.545000 0.418333 0.020000 0.021667
2 0.364167 0.735000 0.058333 0.076667
3 0.530833 0.708333 0.011667 0.020000
2 0.361667 0.705000 0.097500 0.053333
2 0.614167 0.300000 0.022500 0.023333
