4 0.759167 0.490000 0.268333 0.178333
4 0.827500 0.403333 0.090000 0.168333
4 0.790833 0.445000 0.100833 0.146667
4 0.792500 0.361667 0.118333 0.096667
4 0.853333 0.618333 0.115833 0.190000
4 0.788333 0.413333 0.174167 0.118333
4 0.863333 0.426667 0.097500 0.160000
4 0.835833 0.423333 0.052500 0.105000
4 0.800000 0.625000 0.074167 0.101667
4 0.764167 0.503333 0.197500 0.058333
4 0.395000 0.506667 0.050833 0.036667
4 0.688333 0.525000 0.050000 0.088333
4 0.164167 0.528333 0.037500 0.020000
4 0.776667 0.598333 0.085833 0.201667
4 0.026667 0.611667 0.053333 0.120000
4 0.410000 0.526667 0.070000 0.088333
4 0.663333 0.560000 0.086667 0.043333
4 0.692500 0.560000 0.080833 0.053333
4 0.578333 0.665000 0.170000 0.230000
4 0.107500 0.575000 0.131667 0.038333
3 0.685000 0.513333 0.009167 0.016667
3 0.559167 0.541667 0.007500 0.016667
3 0.022500 0.541667 0.008333 0.016667
2 0.207500 0.465000 0.034167 0.038333
2 0.376667 0.553333 0.034167 0.100000
3 0.235833 0.566667 0.014167 0.025000
3 0.293333 0.571667 0.008333 0.021667
2 0.060000 0.570000 0.010833 0.091667
3 0.802500 0.535000 0.009167 0.016667
3 0.185000 0.550000 0.014167 0.025000
3 0.585833 0.545000 0.015833 0.051667
3 0.796667 0.466667 0.011667 0.030000
2 0.104167 0.423333 0.020833 0.080000
3 0.126667 0.540000 0.007500 0.015000
3 0.261667 0.578333 0.007500 0.016667
3 0.787500 0.555000 0.008333 0.016667
2 0.353333 0.563333 0.021667 0.090000
3 0.250833 0.558333 0.010833 0.023333
2 0.017500 0.530000 0.035000 0.025000
3 0.366667 0.481667 0.007500 0.018333
2 0.160000 0.588333 0.010000 0.031667
3 0.205000 0.555000 0.008333 0.016667
2 0.060000 0.505000 0.011667 0.066667
3 0.436667 0.608333 0.007500 0.018333
2 0.534167 0.560000 0.030833 0.051667
3 0.821667 0.680000 0.009167 0.023333
3 0.188333 0.553333 0.009167 0.016667
3 0.149167 0.540000 0.009167 0.023333
3 0.034167 0.496667 0.008333 0.016667
2 0.800000 0.441667 0.020833 0.080000
2 0.458333 0.488333 0.020833 0.080000
2 0.606667 0.511667 0.035000 0.105000
3 0.411667 0.556667 0.008333 0.016667
3 0.676667 0.550000 0.006667 0.018333
3 0.258333 0.518333 0.009167 0.015000
2 0.320833 0.548333 0.034167 0.100000
2 0.344167 0.516667 0.048333 0.025000
3 0.328333 0.463333 0.009167 0.023333
2 0.736667 0.571667 0.017500 0.116667
2 0.414167 0.530000 0.017500 0.116667
2 0.164167 0.528333 0.020000 0.021667
3 0.773333 0.518333 0.011667 0.030000
2 0.284167 0.511667 0.035000 0.105000
2 0.357500 0.523333 0.020833 0.080000
3 0.807500 0.550000 0.009167 0.023333
2 0.750833 0.518333 0.020833 0.080000
3 0.669167 0.491667 0.006667 0.018333
2 0.659167 0.468333 0.029167 0.038333
2 0.224167 0.491667 0.097500 0.053333
3 0.530833 0.490000 0.007500 0.018333
2 0.194167 0.588333 0.023333 0.041667
3 0.636667 0.513333 0.007500 0.016667
2 0.580000 0.570000 0.013333 0.070000
2 0.355000 0.536667 0.011667 0.066667
2 0.493333 0.475000 0.020833 0.080000
2 0.172500 0.473333 0.011667 0.066667
3 0.205833 0.485000 0.007500 0.015000
2 0.438333 0.531667 0.030833 0.051667
3 0.777500 0.505000 0.007500 0.018333
3 0.770000 0.556667 0.009167 0.016667
2 0.637500 0.488333 0.048333 0.025000
2 0.138333 0.480000 0.011667 0.025000
3 0.145000 0.526667 0.013333 0.031667
2 0.784167 0.498333 0.058333 0.076667
2 0.545833 0.498333 0.097500 0.053333
2 0.086667 0.510000 0.009167 0.040000
2 0.295000 0.588333 0.023333 0.106667
3 0.252500 0.528333 0.010833 0.013333
2 0.815833 0.635000 0.026667 0.035000
3 0.719167 0.546667 0.009167 0.016667
3 0.256667 0.598333 0.009167 0.018333
3 0.100833 0.553333 0.013333 0.031667
3 0.724167 0.478333 0.009167 0.016667
3 0.144167 0.498333 0.010833 0.023333
2 0.685833 0.503333 0.058333 0.076667
2 0.544167 0.561667 0.009167 0.031667
3 0.760000 0.540000 0.010833 0.013333
2 0.060833 0.568333 0.097500 0.053333
3 0.471667 0.513333 0.010000 0.016667
3 0.331667 0.445000 0.007500 0.015000
2 0.081667 0.501667 0.015833 0.068333
3 0.779167 0.535000 0.007500 0.018333
3 0.415000 0.441667 0.008333 0.016667
2 0.238333 0.445000 0.048333 0.043333
2 0.621667 0.468333 0.026667 0.035000
3 0.810833 0.560000 0.009167 0.023333
2 0.051667 0.511667 0.058333 0.076667
2 0.339167 0.601667 0.014167 0.015000
3 0.188333 0.446667 0.014167 0.025000
2 0.631667 0.521667 0.020833 0.028333
3 0.635833 0.530000 0.009167 0.016667
3 0.433333 0.485000 0.008333 0.016667
3 0.235833 0.575000 0.008333 0.016667
3 0.075000 0.520000 0.013333 0.031667
3 0.182500 0.470000 0.006667 0.018333
2 0.240000 0.450000 0.035000 0.105000
3 0.480000 0.485000 0.009167 0.016667
3 0.620000 0.558333 0.006667 0.018333
2 0.749167 0.556667 0.017500 0.116667
3 0.045000 0.475000 0.007500 0.018333
2 0.243333 0.443333 0.014167 0.015000
2 0.470000 0.428333 0.023333 0.041667
3 0.480000 0.330000 0.013333 0.015000
3 0.580000 0.425000 0.011667 0.020000
3 0.325833 0.381667 0.009167 0.018333
2 0.595833 0.763333 0.045833 0.021667
3 0.766667 0.640000 0.007500 0.015000
2 0.253333 0.776667 0.011667 0.025000
3 0.476667 0.166667 0.007500 0.016667
2 0.795833 0.396667 0.009167 0.040000
3 0.360000 0.715000 0.010833 0.013333
2 0.217500 0.390000 0.034167 0.038333
2 0.343333 0.681667 0.020000 0.021667
2 0.652500 0.638333 0.048333 0.025000
2 0.275000 0.830000 0.009167 0.031667
2 0.570833 0.415000 0.029167 0.038333
2 0.527500 0.306667 0.023333 0.041667
3 0.641667 0.428333 0.011667 0.020000
3 0.515833 0.365000 0.011667 0.020000
2 0.320833 0.390000 0.034167 0.038333
3 0.630833 0.378333 0.008333 0.016667
3 0.590833 0.758333 0.009167 0.016667
3 0.540833 0.408333 0.007500 0.018333
3 0.422500 0.685000 0.009167 0.016667
3 0.617500 0.378333 0.009167 0.016667
2 0.279167 0.220000 0.020833 0.080000
2 0.219167 0.391667 0.019167 0.046667
3 0.393333 0.691667 0.008333 0.016667
3 0.668333 0.636667 0.007500 0.018333
2 0.274167 0.668333 0.020000 0.021667
2 0.631667 0.416667 0.009167 0.040000
3 0.540000 0.708333 0.013333 0.031667
3 0.409167 0.388333 0.007500 0.015000
2 0.751667 0.618333 0.097500 0.053333
2 0.633333 0.391667 0.034167 0.038333
2 0.734167 0.718333 0.010000 0.031667
2 0.404167 0.678333 0.027500 0.016667
2 0.400000 0.696667 0.019167 0.046667
2 0.413333 0.680000 0.010000 0.031667
2 0.570000 0.601667 0.019167 0.046667
3 0.580000 0.311667 0.014167 0.025000
2 0.559167 0.440000 0.020000 0.021667
2 0.572500 0.600000 0.035000 0.105000
2 0.665833 0.628333 0.034167 0.038333
2 0.753333 0.716667 0.009167 0.031667
2 0.697500 0.218333 0.035000 0.105000
3 0.702500 0.621667 0.011667 0.020000
2 0.795000 0.393333 0.014167 0.015000
3 0.367500 0.643333 0.007500 0.018333
3 0.345000 0.726667 0.009167 0.023333
2 0.273333 0.698333 0.021667 0.090000
3 0.231667 0.805000 0.011667 0.030000
3 0.655000 0.343333 0.014167 0.025000
3 0.695833 0.273333 0.011667 0.030000
3 0.711667 0.686667 0.008333 0.016667
3 0.532500 0.375000 0.008333 0.016667
3 0.719167 0.340000 0.011667 0.020000
3 0.560000 0.341667 0.007500 0.015000
3 0.530000 0.405000 0.013333 0.031667
3 0.515833 0.703333 0.006667 0.018333
2 0.735833 0.413333 0.014167 0.015000
2 0.736667 0.645000 0.011667 0.025000
3 0.452500 0.733333 0.009167 0.023333
2 0.614167 0.308333 0.015833 0.068333
2 0.329167 0.726667 0.027500 0.016667
2 0.773333 0.420000 0.014167 0.015000
2 0.796667 0.601667 0.019167 0.046667
3 0.458333 0.693333 0.010833 0.023333
3 0.353333 0.616667 0.017500 0.031667
3 0.284167 0.255000 0.014167 0.025000
2 0.573333 0.358333 0.097500 0.053333
3 0.806667 0.641667 0.006667 0.018333
3 0.670833 0.645000 0.008333 0.021667
2 0.350000 0.336667 0.013333 0.070000
2 0.740000 0.598333 0.020000 0.021667
3 0.251667 0.396667 0.017500 0.031667
2 0.437500 0.216667 0.048333 0.043333
2 0.525833 0.371667 0.023333 0.106667
2 0.487500 0.335000 0.034167 0.038333
3 0.650000 0.680000 0.007500 0.015000
3 0.356667 0.645000 0.006667 0.018333
2 0.250833 0.658333 0.097500 0.053333
2 0.770833 0.418333 0.021667 0.090000
2 0.214167 0.636667 0.027500 0.016667
2 0.292500 0.726667 0.010000 0.031667
2 0.329167 0.306667 0.011667 0.025000
2 0.534167 0.693333 0.020833 0.080000
3 0.345000 0.671667 0.008333 0.016667
3 0.615833 0.401667 0.008333 0.021667
3 0.705833 0.636667 0.015833 0.051667
3 0.294167 0.718333 0.008333 0.016667
3 0.545833 0.645000 0.009167 0.016667
2 0.295000 0.688333 0.034167 0.100000
2 0.504167 0.268333 0.023333 0.041667
2 0.659167 0.340000 0.011667 0.066667
3 0.645833 0.651667 0.009167 0.016667
3 0.343333 0.691667 0.013333 0.015000
2 0.296667 0.328333 0.035000 0.105000
2 0.806667 0.381667 0.017500 0.116667
2 0.554167 0.283333 0.022500 0.023333
2 0.416667 0.395000 0.020833 0.080000
3 0.758333 0.363333 0.010000 0.016667
3 0.289167 0.411667 0.006667 0.018333
2 0.220000 0.335000 0.097500 0.053333
2 0.442500 0.360000 0.022500 0.023333
2 0.332500 0.721667 0.023333 0.041667
2 0.656667 0.306667 0.011667 0.066667
3 0.689167 0.355000 0.010833 0.013333
2 0.624167 0.360000 0.010000 0.031667
3 0.699167 0.671667 0.011667 0.030000
2 0.715833 0.471667 0.021667 0.090000
3 0.261667 0.373333 0.007500 0.015000
3 0.455000 0.755000 0.009167 0.016667
3 0.596667 0.716667 0.009167 0.018333
3 0.345000 0.841667 0.017500 0.031667
3 0.463333 0.843333 0.013333 0.015000
2 0.520833 0.235000 0.009167 0.031667
2 0.350000 0.336667 0.013333 0.070000
2 0.664167 0.666667 0.045833 0.021667
3 0.447500 0.706667 0.011667 0.020000
3 0.460000 0.661667 0.010833 0.013333
2 0.678333 0.420000 0.020833 0.028333
2 0.734167 0.710000 0.048333 0.025000
3 0.316667 0.721667 0.017500 0.031667
2 0.808333 0.610000 0.011667 0.066667
2 0.545000 0.311667 0.034167 0.038333
2 0.322500 0.156667 0.009167 0.040000
3 0.755000 0.370000 0.017500 0.031667
2 0.717500 0.673333 0.029167 0.038333
2 0.522500 0.446667 0.048333 0.025000
2 0.727500 0.725000 0.020833 0.080000
3 0.270000 0.866667 0.009167 0.023333
3 0.400833 0.380000 0.011667 0.030000
3 0.219167 0.688333 0.008333 0.016667
3 0.675000 0.721667 0.013333 0.015000
2 0.761667 0.648333 0.020833 0.080000
2 0.655000 0.401667 0.030833 0.051667
3 0.755000 0.311667 0.008333 0.016667
3 0.361667 0.666667 0.008333 0.016667
2 0.823333 0.413333 0.014167 0.015000
3 0.720000 0.998333 0.007500 0.001667
2 0.282500 0.361667 0.023333 0.041667
3 0.696667 0.718333 0.009167 0.018333
2 0.258333 0.676667 0.035000 0.105000
3 0.476667 0.225000 0.011667 0.020000
2 0.647500 0.448333 0.034167 0.100000
2 0.731667 0.695000 0.023333 0.106667
3 0.670833 0.353333 0.010833 0.013333
2 0.672500 0.383333 0.034167 0.100000
3 0.695833 0.661667 0.008333 0.016667
2 0.702500 0.678333 0.021667 0.090000
3 0.345000 0.695000 0.009167 0.016667
2 0.762500 0.335000 0.010000 0.031667
2 0.660000 0.371667 0.013333 0.070000
3 0.312500 0.265000 0.011667 0.030000
2 0.786667 0.626667 0.048333 0.043333
2 0.311667 0.395000 0.034167 0.100000
2 0.645000 0.623333 0.020833 0.080000
2 0.540000 0.661667 0.048333 0.043333
2 0.760000 0.326667 0.048333 0.025000
2 0.690000 0.628333 0.022500 0.023333
3 0.258333 0.316667 0.010000 0.020000
3 0.672500 0.640000 0.008333 0.021667
2 0.539167 0.265000 0.010000 0.031667
3 0.570833 0.275000 0.007500 0.015000
2 0.254167 0.683333 0.035000 0.105000
2 0.784167 0.650000 0.020833 0.080000
3 0.693333 0.688333 0.007500 0.015000
2 0.310000 0.390000 0.017500 0.116667
3 0.665000 0.363333 0.010000 0.016667
2 0.736667 0.723333 0.030833 0.051667
3 0.555000 0.341667 0.008333 0.016667
2 0.680000 0.410000 0.022500 0.023333
3 0.705000 0.721667 0.007500 0.018333
2 0.245000 0.350000 0.048333 0.043333
3 0.767500 0.330000 0.015833 0.051667
2 0.714167 0.643333 0.013333 0.070000
2 0.613333 0.423333 0.013333 0.070000
3 0.316667 0.791667 0.007500 0.018333
2 0.735833 0.653333 0.097500 0.053333
2 0.780833 0.435000 0.021667 0.090000
2 0.799167 0.366667 0.017500 0.116667
3 0.302500 0.293333 0.013333 0.031667
3 0.448333 0.676667 0.010000 0.020000
2 0.263333 0.636667 0.017500 0.116667
3 0.666667 0.408333 0.007500 0.015000
3 0.707500 0.685000 0.010833 0.023333
3 0.405000 0.796667 0.007500 0.016667
3 0.832500 0.411667 0.008333 0.016667
3 0.538333 0.423333 0.006667 0.018333
3 0.306667 0.700000 0.010000 0.020000
3 0.709167 0.365000 0.010833 0.023333
3 0.813333 0.710000 0.007500 0.015000
2 0.575000 0.206667 0.030833 0.051667
2 0.454167 0.236667 0.045833 0.021667
3 0.426667 0.375000 0.009167 0.018333
2 0.488333 0.320000 0.015833 0.068333
3 0.630000 0.363333 0.008333 0.016667
2 0.446667 0.838333 0.045833 0.021667
3 0.678333 0.346667 0.009167 0.015000
