4 0.844167 0.430000 0.143333 0.178333
4 0.892500 0.661667 0.043333 0.038333
4 0.847500 0.430000 0.066667 0.150000
4 0.842500 0.445000 0.070833 0.120000
4 0.831667 0.606667 0.090833 0.035000
4 0.900000 0.468333 0.058333 0.098333
4 0.908333 0.463333 0.042500 0.046667
4 0.900833 0.556667 0.059167 0.035000
4 0.823333 0.596667 0.138333 0.190000
4 0.755833 0.385000 0.206667 0.331667
4 0.715833 0.468333 0.195833 0.175000
4 0.559167 0.476667 0.250833 0.161667
4 0.491667 0.598333 0.043333 0.111667
4 0.283333 0.516667 0.125833 0.083333
4 0.604167 0.446667 0.140833 0.143333
4 0.025000 0.545000 0.050000 0.043333
4 0.238333 0.553333 0.173333 0.083333
4 0.390000 0.531667 0.121667 0.083333
4 0.111667 0.465000 0.054167 0.090000
4 0.596667 0.411667 0.100000 0.190000
2 0.613333 0.573333 0.013333 0.070000
2 0.375000 0.470000 0.011667 0.025000
2 0.045000 0.543333 0.015833 0.068333
3 0.115833 0.540000 0.007500 0.018333
3 0.581667 0.460000 0.011667 0.020000
2 0.220833 0.561667 0.045833 0.021667
3 0.806667 0.471667 0.008333 0.016667
2 0.690000 0.486667 0.020833 0.028333
3 0.163333 0.576667 0.007500 0.018333
3 0.618333 0.591667 0.007500 0.015000
2 0.476667 0.403333 0.020000 0.021667
2 0.037500 0.541667 0.035000 0.105000
2 0.036667 0.623333 0.010833 0.091667
2 0.654167 0.610000 0.010833 0.091667
3 0.443333 0.566667 0.009167 0.016667
2 0.450833 0.538333 0.010833 0.091667
2 0.240000 0.568333 0.097500 0.053333
2 0.395833 0.455000 0.027500 0.016667
2 0.455000 0.530000 0.034167 0.100000
3 0.309167 0.490000 0.006667 0.018333
2 0.579167 0.480000 0.027500 0.016667
2 0.688333 0.528333 0.048333 0.043333
2 0.371667 0.471667 0.023333 0.106667
3 0.575000 0.495000 0.011667 0.020000
3 0.025000 0.571667 0.010000 0.020000
3 0.806667 0.471667 0.013333 0.015000
3 0.030833 0.495000 0.010833 0.013333
3 0.336667 0.455000 0.013333 0.031667
3 0.602500 0.550000 0.009167 0.016667
2 0.577500 0.578333 0.010833 0.091667
2 0.413333 0.438333 0.020833 0.080000
2 0.129167 0.493333 0.097500 0.053333
2 0.148333 0.561667 0.020833 0.028333
3 0.469167 0.546667 0.017500 0.031667
2 0.590000 0.601667 0.020000 0.021667
2 0.065833 0.581667 0.026667 0.035000
3 0.402500 0.538333 0.007500 0.015000
3 0.383333 0.560000 0.007500 0.018333
2 0.380000 0.510000 0.035000 0.105000
2 0.152500 0.551667 0.097500 0.053333
3 0.128333 0.605000 0.007500 0.018333
2 0.052500 0.501667 0.029167 0.038333
3 0.158333 0.530000 0.007500 0.015000
3 0.669167 0.550000 0.010833 0.013333
2 0.579167 0.575000 0.010833 0.091667
3 0.490000 0.415000 0.006667 0.018333
2 0.689167 0.526667 0.021667 0.090000
3 0.551667 0.521667 0.007500 0.018333
2 0.025833 0.598333 0.010833 0.091667
2 0.064167 0.551667 0.048333 0.043333
2 0.020000 0.538333 0.009167 0.031667
3 0.400000 0.583333 0.011667 0.030000
2 0.352500 0.458333 0.035000 0.105000
3 0.732500 0.496667 0.009167 0.018333
2 0.370000 0.461667 0.019167 0.046667
2 0.033333 0.468333 0.066667 0.053333
2 0.556667 0.580000 0.029167 0.038333
2 0.442500 0.581667 0.034167 0.100000
2 0.200000 0.493333 0.009167 0.031667
3 0.823333 0.483333 0.009167 0.018333
2 0.582500 0.578333 0.058333 0.076667
3 0.504167 0.456667 0.010000 0.020000
2 0.146667 0.541667 0.013333 0.070000
2 0.128333 0.526667 0.020000 0.021667
2 0.647500 0.516667 0.027500 0.016667
3 0.404167 0.531667 0.007500 0.018333
3 0.363333 0.555000 0.010833 0.013333
3 0.186667 0.565000 0.007500 0.015000
3 0.493333 0.478333 0.013333 0.015000
2 0.049167 0.560000 0.010833 0.091667
2 0.793333 0.425000 0.015833 0.068333
3 0.250000 0.555000 0.007500 0.015000
2 0.580833 0.501667 0.029167 0.038333
2 0.491667 0.463333 0.009167 0.031667
3 0.281667 0.593333 0.010000 0.016667
2 0.082500 0.503333 0.009167 0.031667
3 0.727500 0.531667 0.008333 0.016667
2 0.253333 0.591667 0.022500 0.023333
2 0.685000 0.598333 0.009167 0.031667
3 0.431667 0.523333 0.007500 0.018333
3 0.060000 0.573333 0.007500 0.016667
2 0.663333 0.553333 0.097500 0.053333
2 0.467500 0.545000 0.026667 0.035000
3 0.490000 0.476667 0.007500 0.015000
3 0.357500 0.506667 0.013333 0.031667
3 0.495833 0.576667 0.011667 0.020000
3 0.121667 0.483333 0.008333 0.016667
2 0.316667 0.618333 0.045833 0.021667
2 0.796667 0.453333 0.023333 0.041667
2 0.055000 0.506667 0.030833 0.051667
2 0.540833 0.531667 0.020000 0.021667
2 0.560000 0.560000 0.034167 0.038333
3 0.599167 0.486667 0.007500 0.018333
2 0.281667 0.558333 0.011667 0.025000
2 0.517500 0.580000 0.022500 0.023333
2 0.228333 0.503333 0.015833 0.068333
2 0.812500 0.563333 0.009167 0.040000
3 0.205833 0.533333 0.009167 0.016667
3 0.033333 0.478333 0.009167 0.016667
3 0.165000 0.578333 0.014167 0.025000
2 0.405833 0.530000 0.023333 0.106667
3 0.127500 0.511667 0.009167 0.023333
3 0.360833 0.718333 0.010000 0.020000
3 0.679167 0.375000 0.009167 0.018333
2 0.334167 0.626667 0.015833 0.068333
3 0.420833 0.655000 0.010000 0.020000
3 0.778333 0.675000 0.013333 0.031667
3 0.485000 0.210000 0.008333 0.016667
2 0.450000 0.395000 0.029167 0.038333
2 0.680000 0.328333 0.020000 0.021667
3 0.795000 0.640000 0.011667 0.020000
2 0.671667 0.645000 0.022500 0.023333
2 0.550833 0.663333 0.026667 0.035000
3 0.778333 0.736667 0.009167 0.016667
2 0.370833 0.371667 0.013333 0.070000
2 0.304167 0.643333 0.009167 0.040000
3 0.265833 0.390000 0.008333 0.016667
3 0.275000 0.740000 0.007500 0.015000
2 0.779167 0.625000 0.009167 0.040000
3 0.607500 0.345000 0.010833 0.013333
2 0.462500 0.305000 0.013333 0.070000
3 0.658333 0.328333 0.007500 0.018333
3 0.169167 0.381667 0.010833 0.013333
2 0.747500 0.606667 0.014167 0.015000
2 0.492500 0.258333 0.020833 0.028333
3 0.365833 0.666667 0.008333 0.016667
2 0.551667 0.695000 0.020833 0.080000
3 0.586667 0.628333 0.013333 0.015000
2 0.297500 0.400000 0.027500 0.016667
2 0.381667 0.650000 0.023333 0.041667
3 0.655000 0.623333 0.007500 0.018333
2 0.430833 0.843333 0.010833 0.091667
2 0.554167 0.366667 0.009167 0.031667
3 0.576667 0.741667 0.007500 0.015000
3 0.706667 0.371667 0.013333 0.015000
3 0.318333 0.341667 0.009167 0.016667
2 0.593333 0.170000 0.009167 0.031667
3 0.674167 0.351667 0.010000 0.016667
2 0.720000 0.630000 0.020833 0.080000
3 0.307500 0.401667 0.007500 0.015000
2 0.317500 0.268333 0.020000 0.021667
3 0.815000 0.408333 0.014167 0.025000
3 0.777500 0.703333 0.007500 0.018333
3 0.628333 0.415000 0.009167 0.016667
3 0.346667 0.681667 0.013333 0.015000
3 0.733333 0.648333 0.014167 0.025000
2 0.715000 0.648333 0.021667 0.090000
2 0.708333 0.395000 0.026667 0.035000
2 0.440833 0.393333 0.022500 0.023333
2 0.454167 0.435000 0.020833 0.080000
2 0.648333 0.420000 0.034167 0.100000
2 0.672500 0.345000 0.013333 0.070000
3 0.358333 0.316667 0.009167 0.016667
2 0.515000 0.768333 0.023333 0.041667
2 0.517500 0.331667 0.020833 0.080000
3 0.450000 0.723333 0.014167 0.025000
3 0.690833 0.676667 0.009167 0.018333
3 0.226667 0.338333 0.008333 0.016667
2 0.520833 0.301667 0.026667 0.035000
3 0.346667 0.390000 0.009167 0.016667
3 0.304167 0.295000 0.009167 0.023333
3 0.339167 0.711667 0.009167 0.016667
2 0.746667 0.646667 0.020833 0.080000
2 0.650833 0.365000 0.022500 0.023333
2 0.700000 0.665000 0.010000 0.031667
3 0.324167 0.306667 0.011667 0.030000
2 0.708333 0.611667 0.034167 0.038333
2 0.442500 0.325000 0.011667 0.066667
2 0.681667 0.610000 0.011667 0.025000
2 0.650000 0.363333 0.020000 0.021667
2 0.241667 0.360000 0.030833 0.051667
2 0.781667 0.611667 0.058333 0.076667
2 0.463333 0.653333 0.026667 0.035000
3 0.281667 0.438333 0.008333 0.016667
2 0.784167 0.335000 0.020833 0.028333
3 0.729167 0.716667 0.007500 0.018333
2 0.792500 0.663333 0.010833 0.091667
3 0.770000 0.365000 0.009167 0.023333
3 0.365000 0.425000 0.014167 0.025000
2 0.305833 0.756667 0.045833 0.021667
2 0.684167 0.340000 0.029167 0.038333
3 0.301667 0.748333 0.009167 0.016667
3 0.746667 0.635000 0.014167 0.025000
3 0.226667 0.706667 0.008333 0.016667
2 0.769167 0.348333 0.013333 0.070000
3 0.681667 0.445000 0.006667 0.018333
2 0.647500 0.388333 0.014167 0.015000
2 0.427500 0.358333 0.045833 0.021667
3 0.423333 0.363333 0.008333 0.016667
2 0.784167 0.710000 0.034167 0.038333
3 0.217500 0.633333 0.009167 0.018333
2 0.734167 0.805000 0.011667 0.025000
2 0.521667 0.376667 0.030833 0.051667
3 0.793333 0.630000 0.015833 0.051667
2 0.450000 0.821667 0.010833 0.091667
2 0.683333 0.581667 0.058333 0.076667
2 0.659167 0.651667 0.034167 0.038333
3 0.305000 0.296667 0.008333 0.021667
3 0.670000 0.361667 0.010000 0.020000
3 0.300833 0.383333 0.008333 0.016667
3 0.681667 0.625000 0.006667 0.018333
2 0.568333 0.391667 0.020833 0.028333
2 0.776667 0.643333 0.017500 0.116667
2 0.604167 0.645000 0.048333 0.025000
3 0.797500 0.643333 0.007500 0.015000
3 0.731667 0.370000 0.013333 0.015000
3 0.818333 0.415000 0.007500 0.018333
2 0.805000 0.355000 0.020833 0.080000
3 0.293333 0.830000 0.006667 0.018333
3 0.349167 0.835000 0.009167 0.015000
2 0.754167 0.700000 0.026667 0.035000
3 0.270000 0.691667 0.009167 0.023333
2 0.759167 0.336667 0.048333 0.025000
2 0.431667 0.741667 0.010000 0.031667
3 0.418333 0.401667 0.017500 0.031667
3 0.677500 0.333333 0.010000 0.016667
3 0.465000 0.810000 0.009167 0.015000
3 0.321667 0.405000 0.013333 0.015000
2 0.180000 0.635000 0.019167 0.046667
2 0.504167 0.770000 0.020833 0.080000
3 0.660833 0.446667 0.009167 0.016667
3 0.322500 0.408333 0.010833 0.023333
2 0.320000 0.725000 0.015833 0.068333
2 0.502500 0.351667 0.023333 0.041667
2 0.520000 0.641667 0.029167 0.038333
2 0.395000 0.668333 0.034167 0.038333
2 0.752500 0.353333 0.048333 0.043333
2 0.295000 0.690000 0.097500 0.053333
3 0.454167 0.721667 0.007500 0.015000
3 0.710833 0.345000 0.010000 0.020000
3 0.759167 0.603333 0.011667 0.030000
2 0.692500 0.366667 0.048333 0.025000
2 0.252500 0.390000 0.027500 0.016667
3 0.488333 0.376667 0.007500 0.015000
2 0.723333 0.615000 0.027500 0.016667
3 0.610000 0.390000 0.007500 0.015000
2 0.534167 0.351667 0.020000 0.021667
2 0.268333 0.740000 0.030833 0.051667
3 0.800833 0.406667 0.008333 0.021667
3 0.760000 0.386667 0.013333 0.031667
3 0.711667 0.693333 0.008333 0.016667
3 0.585833 0.361667 0.007500 0.018333
3 0.465000 0.845000 0.009167 0.016667
2 0.526667 0.290000 0.014167 0.015000
2 0.543333 0.778333 0.035000 0.105000
3 0.330000 0.711667 0.010833 0.023333
2 0.745833 0.298333 0.019167 0.046667
3 0.299167 0.645000 0.010833 0.013333
2 0.785833 0.620000 0.020833 0.080000
3 0.786667 0.336667 0.007500 0.018333
2 0.617500 0.356667 0.058333 0.076667
2 0.445833 0.638333 0.027500 0.016667
2 0.374167 0.750000 0.020833 0.028333
3 0.602500 0.746667 0.007500 0.015000
3 0.768333 0.385000 0.007500 0.018333
2 0.725833 0.355000 0.009167 0.031667
3 0.697500 0.666667 0.009167 0.023333
3 0.734167 0.688333 0.007500 0.018333
2 0.721667 0.590000 0.015833 0.068333
2 0.460000 0.313333 0.097500 0.053333
3 0.506667 0.823333 0.011667 0.020000
3 0.416667 0.413333 0.017500 0.031667
3 0.690833 0.630000 0.011667 0.020000
2 0.295000 0.751667 0.045833 0.021667
3 0.367500 0.680000 0.009167 0.016667
2 0.509167 0.341667 0.010000 0.031667
2 0.549167 0.773333 0.048333 0.043333
3 0.645000 0.383333 0.009167 0.018333
2 0.395833 0.666667 0.010000 0.031667
3 0.560000 0.340000 0.007500 0.015000
2 0.520000 0.271667 0.022500 0.023333
2 0.680000 0.355000 0.020000 0.021667
3 0.239167 0.816667 0.010000 0.020000
2 0.415833 0.650000 0.048333 0.025000
2 0.322500 0.395000 0.013333 0.070000
3 0.707500 0.321667 0.007500 0.016667
3 0.459167 0.115000 0.010833 0.023333
2 0.769167 0.401667 0.034167 0.100000
2 0.548333 0.680000 0.020833 0.080000
2 0.263333 0.661667 0.027500 0.016667
2 0.446667 0.731667 0.013333 0.070000
2 0.228333 0.626667 0.020833 0.028333
2 0.271667 0.351667 0.097500 0.053333
3 0.755000 0.400000 0.013333 0.015000
3 0.554167 0.328333 0.007500 0.018333
2 0.339167 0.336667 0.034167 0.100000
3 0.325833 0.676667 0.011667 0.030000
3 0.800000 0.376667 0.008333 0.021667
3 0.503333 0.268333 0.009167 0.015000
2 0.679167 0.658333 0.020833 0.080000
2 0.779167 0.630000 0.020833 0.080000
3 0.790000 0.393333 0.009167 0.018333
2 0.145000 0.681667 0.022500 0.023333
3 0.797500 0.718333 0.007500 0.015000
2 0.528333 0.438333 0.021667 0.090000
2 0.381667 0.746667 0.019167 0.046667
2 0.760000 0.310000 0.027500 0.016667
2 0.689167 0.663333 0.023333 0.041667
3 0.601667 0.998333 0.007500 0.001667
2 0.700833 0.433333 0.010833 0.091667
