4 0.847500 0.453333 0.058333 0.045000
4 0.819167 0.600000 0.045833 0.048333
4 0.811667 0.625000 0.150833 0.221667
4 0.795833 0.588333 0.085000 0.161667
4 0.880833 0.405000 0.055000 0.096667
4 0.835833 0.598333 0.040833 0.081667
4 0.845000 0.695000 0.149167 0.365000
4 0.852500 0.455000 0.040000 0.051667
4 0.815000 0.608333 0.105833 0.038333
4 0.660000 0.428333 0.357500 0.233333
4 0.510000 0.503333 0.101667 0.083333
4 0.485833 0.571667 0.095833 0.075000
4 0.725833 0.421667 0.109167 0.151667
4 0.521667 0.573333 0.107500 0.050000
4 0.520000 0.518333 0.022500 0.061667
4 0.267500 0.565000 0.281667 0.075000
4 0.110000 0.548333 0.091667 0.083333
4 0.149167 0.478333 0.074167 0.058333
4 0.115833 0.551667 0.042500 0.070000
4 0.749167 0.465000 0.065000 0.065000
3 0.469167 0.470000 0.007500 0.018333
3 0.490000 0.576667 0.009167 0.016667
2 0.420000 0.523333 0.013333 0.070000
2 0.073333 0.523333 0.034167 0.038333
3 0.196667 0.538333 0.008333 0.016667
3 0.081667 0.468333 0.009167 0.015000
2 0.438333 0.556667 0.011667 0.066667
3 0.122500 0.486667 0.009167 0.015000
2 0.111667 0.463333 0.027500 0.016667
2 0.613333 0.513333 0.058333 0.076667
2 0.285000 0.548333 0.034167 0.100000
3 0.597500 0.500000 0.010000 0.016667
3 0.110833 0.486667 0.013333 0.031667
2 0.463333 0.558333 0.058333 0.076667
3 0.817500 0.486667 0.008333 0.016667
2 0.210000 0.498333 0.010000 0.031667
3 0.459167 0.431667 0.010000 0.016667
2 0.140833 0.530000 0.017500 0.116667
2 0.095833 0.565000 0.026667 0.035000
3 0.812500 0.473333 0.008333 0.021667
3 0.180000 0.565000 0.006667 0.018333
2 0.011667 0.515000 0.024167 0.043333
2 0.480833 0.493333 0.023333 0.041667
2 0.305000 0.540000 0.048333 0.043333
2 0.486667 0.503333 0.034167 0.038333
3 0.726667 0.503333 0.015833 0.051667
2 0.342500 0.588333 0.048333 0.043333
3 0.365000 0.508333 0.009167 0.015000
3 0.645000 0.531667 0.006667 0.018333
3 0.743333 0.506667 0.009167 0.023333
2 0.063333 0.565000 0.045833 0.021667
3 0.572500 0.531667 0.013333 0.015000
2 0.201667 0.548333 0.048333 0.025000
2 0.170833 0.565000 0.020000 0.021667
2 0.358333 0.478333 0.030833 0.051667
2 0.585000 0.510000 0.034167 0.100000
3 0.668333 0.508333 0.009167 0.016667
3 0.556667 0.561667 0.009167 0.015000
3 0.460833 0.456667 0.008333 0.016667
2 0.742500 0.561667 0.020833 0.028333
2 0.770000 0.480000 0.026667 0.035000
2 0.163333 0.533333 0.058333 0.076667
3 0.316667 0.468333 0.006667 0.018333
2 0.819167 0.581667 0.010833 0.091667
3 0.795000 0.530000 0.010000 0.016667
2 0.051667 0.530000 0.020833 0.080000
2 0.620000 0.530000 0.021667 0.090000
2 0.737500 0.498333 0.020000 0.021667
2 0.351667 0.515000 0.029167 0.038333
3 0.135833 0.561667 0.007500 0.016667
3 0.817500 0.570000 0.009167 0.016667
2 0.046667 0.468333 0.027500 0.016667
3 0.746667 0.568333 0.006667 0.018333
3 0.822500 0.635000 0.017500 0.031667
2 0.101667 0.571667 0.097500 0.053333
3 0.326667 0.461667 0.008333 0.021667
3 0.315833 0.563333 0.009167 0.018333
2 0.816667 0.673333 0.010833 0.091667
2 0.472500 0.411667 0.011667 0.025000
3 0.581667 0.570000 0.010833 0.023333
2 0.576667 0.465000 0.015833 0.068333
2 0.773333 0.456667 0.010000 0.031667
3 0.728333 0.561667 0.010000 0.020000
2 0.374167 0.593333 0.048333 0.043333
3 0.660000 0.560000 0.009167 0.023333
2 0.620000 0.521667 0.030833 0.051667
2 0.458333 0.450000 0.022500 0.023333
2 0.677500 0.513333 0.097500 0.053333
2 0.320833 0.591667 0.021667 0.090000
2 0.609167 0.616667 0.023333 0.041667
2 0.771667 0.535000 0.013333 0.070000
2 0.194167 0.486667 0.097500 0.053333
3 0.701667 0.448333 0.009167 0.016667
3 0.633333 0.575000 0.007500 0.016667
3 0.060000 0.513333 0.008333 0.016667
2 0.745000 0.560000 0.026667 0.035000
2 0.337500 0.595000 0.020000 0.021667
3 0.390000 0.573333 0.009167 0.016667
2 0.614167 0.546667 0.023333 0.106667
2 0.443333 0.536667 0.013333 0.070000
3 0.685000 0.536667 0.013333 0.031667
2 0.195000 0.436667 0.045833 0.021667
2 0.799167 0.555000 0.019167 0.046667
2 0.055000 0.453333 0.020833 0.028333
2 0.256667 0.591667 0.020833 0.080000
2 0.727500 0.548333 0.048333 0.043333
2 0.230000 0.528333 0.020833 0.080000
2 0.760833 0.513333 0.010833 0.091667
3 0.155833 0.556667 0.008333 0.021667
2 0.775833 0.536667 0.026667 0.035000
2 0.675000 0.505000 0.017500 0.116667
3 0.191667 0.510000 0.017500 0.031667
2 0.607500 0.446667 0.045833 0.021667
3 0.189167 0.481667 0.013333 0.031667
3 0.211667 0.526667 0.010000 0.020000
2 0.266667 0.571667 0.009167 0.031667
2 0.324167 0.461667 0.029167 0.038333
3 0.718333 0.588333 0.010000 0.020000
2 0.457500 0.506667 0.058333 0.076667
2 0.361667 0.595000 0.010833 0.091667
3 0.080833 0.493333 0.007500 0.016667
3 0.348333 0.505000 0.007500 0.018333
2 0.220833 0.303333 0.014167 0.015000
3 0.707500 0.421667 0.010833 0.023333
2 0.588333 0.391667 0.019167 0.046667
3 0.785833 0.405000 0.009167 0.023333
3 0.691667 0.376667 0.008333 0.016667
3 0.388333 0.650000 0.011667 0.020000
2 0.810833 0.590000 0.020833 0.080000
2 0.489167 0.291667 0.021667 0.090000
2 0.329167 0.265000 0.020833 0.080000
3 0.676667 0.368333 0.014167 0.025000
3 0.348333 0.303333 0.010000 0.016667
3 0.669167 0.651667 0.011667 0.020000
3 0.597500 0.331667 0.011667 0.020000
3 0.705000 0.691667 0.015833 0.051667
3 0.362500 0.625000 0.015833 0.051667
2 0.163333 0.393333 0.023333 0.041667
3 0.790833 0.720000 0.009167 0.015000
2 0.613333 0.643333 0.017500 0.116667
3 0.546667 0.688333 0.008333 0.021667
3 0.805833 0.641667 0.008333 0.016667
3 0.563333 0.661667 0.010000 0.016667
3 0.520000 0.395000 0.007500 0.016667
2 0.672500 0.600000 0.023333 0.106667
2 0.534167 0.280000 0.009167 0.040000
3 0.525000 0.681667 0.009167 0.018333
3 0.785000 0.663333 0.008333 0.016667
2 0.787500 0.705000 0.015833 0.068333
2 0.655833 0.416667 0.021667 0.090000
3 0.641667 0.680000 0.007500 0.015000
3 0.445833 0.140000 0.008333 0.016667
2 0.597500 0.575000 0.010000 0.031667
3 0.781667 0.448333 0.009167 0.018333
3 0.540000 0.680000 0.008333 0.016667
2 0.588333 0.640000 0.009167 0.031667
3 0.425833 0.356667 0.013333 0.015000
2 0.524167 0.401667 0.029167 0.038333
2 0.425000 0.646667 0.014167 0.015000
3 0.560000 0.426667 0.007500 0.018333
2 0.212500 0.715000 0.021667 0.090000
2 0.415000 0.361667 0.029167 0.038333
2 0.750833 0.381667 0.048333 0.025000
2 0.692500 0.646667 0.019167 0.046667
3 0.724167 0.608333 0.010833 0.023333
2 0.279167 0.700000 0.048333 0.043333
3 0.265833 0.868333 0.017500 0.031667
3 0.675000 0.366667 0.013333 0.015000
2 0.472500 0.293333 0.029167 0.038333
3 0.328333 0.703333 0.014167 0.025000
2 0.790833 0.416667 0.030833 0.051667
2 0.746667 0.585000 0.020833 0.080000
3 0.719167 0.663333 0.009167 0.016667
3 0.467500 0.708333 0.013333 0.015000
3 0.783333 0.658333 0.010833 0.013333
2 0.686667 0.351667 0.014167 0.015000
2 0.145833 0.705000 0.020833 0.080000
3 0.496667 0.165000 0.006667 0.018333
2 0.362500 0.668333 0.034167 0.038333
2 0.671667 0.645000 0.035000 0.105000
3 0.225000 0.773333 0.008333 0.021667
3 0.517500 0.363333 0.008333 0.016667
2 0.620833 0.355000 0.021667 0.090000
2 0.630000 0.395000 0.058333 0.076667
3 0.275000 0.261667 0.007500 0.015000
3 0.784167 0.891667 0.009167 0.016667
2 0.748333 0.318333 0.015833 0.068333
2 0.341667 0.661667 0.013333 0.070000
3 0.749167 0.410000 0.007500 0.018333
2 0.491667 0.770000 0.058333 0.076667
2 0.525000 0.393333 0.010000 0.031667
3 0.456667 0.220000 0.009167 0.015000
2 0.534167 0.420000 0.014167 0.015000
2 0.719167 0.635000 0.021667 0.090000
3 0.256667 0.393333 0.008333 0.016667
3 0.668333 0.666667 0.008333 0.016667
3 0.679167 0.391667 0.010833 0.013333
2 0.705833 0.683333 0.023333 0.041667
3 0.684167 0.421667 0.010000 0.020000
3 0.629167 0.400000 0.015833 0.051667
3 0.342500 0.838333 0.008333 0.016667
3 0.353333 0.311667 0.006667 0.018333
3 0.470833 0.356667 0.008333 0.016667
2 0.290833 0.841667 0.097500 0.053333
2 0.360833 0.440000 0.022500 0.023333
2 0.670833 0.443333 0.020833 0.028333
2 0.704167 0.828333 0.010833 0.091667
3 0.335833 0.863333 0.007500 0.018333
2 0.265000 0.241667 0.035000 0.105000
3 0.530833 0.686667 0.009167 0.015000
3 0.792500 0.643333 0.009167 0.016667
3 0.334167 0.250000 0.014167 0.025000
3 0.796667 0.400000 0.014167 0.025000
2 0.715000 0.380000 0.010833 0.091667
3 0.426667 0.375000 0.010000 0.020000
2 0.670833 0.626667 0.034167 0.038333
3 0.785833 0.340000 0.009167 0.023333
2 0.346667 0.323333 0.010833 0.091667
2 0.297500 0.670000 0.027500 0.016667
2 0.382500 0.391667 0.026667 0.035000
2 0.609167 0.388333 0.020833 0.028333
2 0.735833 0.743333 0.020000 0.021667
2 0.721667 0.328333 0.048333 0.043333
2 0.500833 0.735000 0.027500 0.016667
3 0.680833 0.420000 0.015833 0.051667
2 0.620833 0.373333 0.027500 0.016667
3 0.302500 0.713333 0.009167 0.015000
3 0.576667 0.741667 0.007500 0.016667
3 0.235000 0.380000 0.010000 0.020000
2 0.768333 0.651667 0.027500 0.016667
3 0.686667 0.345000 0.010000 0.016667
2 0.534167 0.260000 0.023333 0.041667
2 0.554167 0.338333 0.010000 0.031667
2 0.481667 0.791667 0.010833 0.091667
2 0.484167 0.743333 0.029167 0.038333
3 0.650833 0.653333 0.009167 0.018333
2 0.697500 0.301667 0.020833 0.080000
2 0.675833 0.625000 0.023333 0.041667
3 0.490833 0.733333 0.010833 0.013333
2 0.238333 0.383333 0.021667 0.090000
2 0.775833 0.383333 0.011667 0.025000
2 0.673333 0.650000 0.026667 0.035000
2 0.699167 0.718333 0.020000 0.021667
3 0.385000 0.371667 0.010833 0.013333
3 0.362500 0.668333 0.006667 0.018333
2 0.235000 0.333333 0.014167 0.015000
2 0.720000 0.405000 0.013333 0.070000
2 0.695000 0.640000 0.019167 0.046667
2 0.513333 0.366667 0.048333 0.025000
2 0.474167 0.630000 0.020833 0.028333
2 0.305833 0.330000 0.035000 0.105000
2 0.417500 0.718333 0.023333 0.106667
3 0.631667 0.443333 0.017500 0.031667
3 0.803333 0.728333 0.010000 0.016667
3 0.626667 0.381667 0.008333 0.021667
2 0.297500 0.390000 0.014167 0.015000
3 0.420833 0.676667 0.008333 0.021667
3 0.520000 0.846667 0.008333 0.016667
2 0.732500 0.400000 0.048333 0.025000
3 0.402500 0.376667 0.008333 0.016667
2 0.760833 0.775000 0.021667 0.090000
3 0.573333 0.385000 0.007500 0.015000
3 0.248333 0.398333 0.008333 0.016667
3 0.311667 0.385000 0.010000 0.016667
2 0.777500 0.358333 0.017500 0.116667
2 0.717500 0.688333 0.013333 0.070000
3 0.348333 0.685000 0.009167 0.016667
2 0.751667 0.383333 0.014167 0.015000
3 0.303333 0.398333 0.007500 0.016667
2 0.760833 0.665000 0.020000 0.021667
3 0.464167 0.328333 0.013333 0.015000
2 0.277500 0.311667 0.026667 0.035000
2 0.693333 0.381667 0.034167 0.100000
3 0.652500 0.655000 0.006667 0.018333
3 0.641667 0.680000 0.007500 0.018333
2 0.735000 0.668333 0.023333 0.041667
2 0.371667 0.771667 0.021667 0.090000
2 0.414167 0.226667 0.026667 0.035000
2 0.785833 0.755000 0.021667 0.090000
3 0.802500 0.350000 0.011667 0.030000
3 0.356667 0.656667 0.008333 0.016667
2 0.547500 0.236667 0.045833 0.021667
2 0.806667 0.393333 0.020833 0.028333
2 0.215000 0.670000 0.015833 0.068333
2 0.540000 0.436667 0.030833 0.051667
3 0.262500 0.376667 0.006667 0.018333
3 0.483333 0.211667 0.010833 0.023333
2 0.669167 0.668333 0.021667 0.090000
2 0.579167 0.611667 0.020000 0.021667
2 0.626667 0.613333 0.048333 0.043333
2 0.714167 0.365000 0.010833 0.091667
3 0.739167 0.660000 0.007500 0.018333
3 0.346667 0.653333 0.006667 0.018333
3 0.550833 0.665000 0.009167 0.016667
2 0.653333 0.351667 0.020833 0.080000
2 0.236667 0.711667 0.023333 0.106667
3 0.652500 0.333333 0.007500 0.015000
3 0.599167 0.743333 0.009167 0.023333
3 0.694167 0.388333 0.008333 0.016667
2 0.678333 0.381667 0.020833 0.080000
2 0.665833 0.425000 0.034167 0.038333
3 0.344167 0.656667 0.011667 0.030000
3 0.281667 0.436667 0.007500 0.018333
3 0.540000 0.733333 0.007500 0.015000
2 0.791667 0.620000 0.020000 0.021667
3 0.288333 0.321667 0.008333 0.016667
2 0.675833 0.445000 0.011667 0.025000
3 0.655833 0.333333 0.010833 0.013333
3 0.776667 0.390000 0.009167 0.016667
3 0.356667 0.741667 0.009167 0.016667
2 0.225833 0.378333 0.048333 0.025000
3 0.455000 0.645000 0.009167 0.023333
2 0.446667 0.703333 0.013333 0.070000
2 0.779167 0.635000 0.048333 0.025000
2 0.723333 0.410000 0.020833 0.080000
3 0.448333 0.665000 0.007500 0.018333
3 0.330833 0.710000 0.010000 0.016667
2 0.710000 0.425000 0.009167 0.031667
3 0.680833 0.425000 0.010000 0.020000
3 0.758333 0.298333 0.009167 0.023333
