4 0.831667 0.618333 0.058333 0.035000
4 0.825000 0.508333 0.205833 0.125000
4 0.850833 0.483333 0.132500 0.108333
4 0.837500 0.395000 0.042500 0.038333
4 0.879167 0.538333 0.051667 0.030000
4 0.845000 0.388333 0.048333 0.033333
4 0.840000 0.676667 0.120000 0.130000
4 0.730833 0.703333 0.247500 0.435000
4 0.815000 0.620000 0.153333 0.160000
4 0.785833 0.346667 0.167500 0.163333
4 0.195833 0.568333 0.051667 0.020000
4 0.064167 0.493333 0.057500 0.070000
4 0.111667 0.513333 0.109167 0.026667
4 0.686667 0.516667 0.068333 0.035000
4 0.289167 0.546667 0.068333 0.063333
4 0.659167 0.503333 0.107500 0.125000
4 0.096667 0.603333 0.105833 0.120000
4 0.558333 0.558333 0.057500 0.100000
4 0.064167 0.521667 0.058333 0.036667
4 0.202500 0.465000 0.092500 0.181667
2 0.632500 0.590000 0.022500 0.023333
2 0.710000 0.465000 0.014167 0.015000
3 0.175000 0.548333 0.011667 0.030000
3 0.504167 0.591667 0.010000 0.016667
3 0.675833 0.500000 0.013333 0.015000
3 0.101667 0.558333 0.017500 0.031667
3 0.544167 0.586667 0.006667 0.018333
2 0.079167 0.470000 0.020833 0.080000
3 0.800000 0.576667 0.007500 0.018333
2 0.502500 0.508333 0.010000 0.031667
3 0.322500 0.528333 0.013333 0.031667
3 0.290000 0.588333 0.010833 0.023333
3 0.144167 0.536667 0.007500 0.015000
2 0.663333 0.541667 0.045833 0.021667
3 0.132500 0.488333 0.014167 0.025000
2 0.117500 0.465000 0.058333 0.076667
2 0.426667 0.541667 0.011667 0.066667
3 0.615000 0.438333 0.009167 0.015000
3 0.054167 0.506667 0.007500 0.016667
2 0.087500 0.580000 0.048333 0.025000
2 0.353333 0.465000 0.019167 0.046667
2 0.687500 0.585000 0.045833 0.021667
2 0.282500 0.591667 0.048333 0.025000
2 0.448333 0.588333 0.045833 0.021667
2 0.433333 0.505000 0.097500 0.053333
2 0.163333 0.483333 0.097500 0.053333
3 0.664167 0.490000 0.007500 0.016667
3 0.246667 0.516667 0.009167 0.015000
3 0.734167 0.533333 0.010833 0.013333
3 0.725000 0.538333 0.007500 0.018333
3 0.335000 0.451667 0.009167 0.016667
2 0.688333 0.426667 0.035000 0.105000
2 0.420833 0.513333 0.026667 0.035000
2 0.181667 0.511667 0.019167 0.046667
3 0.816667 0.638333 0.009167 0.015000
2 0.592500 0.518333 0.048333 0.043333
3 0.645000 0.451667 0.014167 0.025000
2 0.628333 0.426667 0.011667 0.066667
2 0.595833 0.418333 0.020833 0.080000
2 0.737500 0.451667 0.027500 0.016667
3 0.480833 0.513333 0.007500 0.015000
2 0.664167 0.461667 0.017500 0.116667
3 0.381667 0.465000 0.007500 0.018333
3 0.416667 0.465000 0.011667 0.030000
3 0.620833 0.605000 0.010000 0.020000
3 0.030833 0.498333 0.011667 0.030000
3 0.363333 0.468333 0.008333 0.016667
2 0.610833 0.468333 0.011667 0.025000
3 0.513333 0.543333 0.015833 0.051667
2 0.753333 0.468333 0.014167 0.015000
2 0.713333 0.456667 0.034167 0.038333
3 0.069167 0.473333 0.008333 0.016667
2 0.793333 0.571667 0.013333 0.070000
2 0.136667 0.593333 0.009167 0.031667
3 0.169167 0.536667 0.007500 0.016667
2 0.653333 0.476667 0.048333 0.025000
2 0.086667 0.515000 0.011667 0.066667
2 0.530833 0.505000 0.029167 0.038333
3 0.800833 0.521667 0.007500 0.015000
2 0.595833 0.486667 0.009167 0.031667
2 0.271667 0.551667 0.034167 0.038333
2 0.347500 0.468333 0.011667 0.025000
2 0.202500 0.643333 0.010833 0.091667
3 0.574167 0.581667 0.007500 0.015000
3 0.345000 0.521667 0.008333 0.021667
2 0.409167 0.576667 0.009167 0.040000
2 0.702500 0.603333 0.023333 0.106667
3 0.785833 0.470000 0.008333 0.016667
2 0.447500 0.570000 0.013333 0.070000
2 0.378333 0.541667 0.030833 0.051667
3 0.558333 0.560000 0.008333 0.016667
2 0.317500 0.496667 0.045833 0.021667
3 0.461667 0.478333 0.011667 0.030000
3 0.240000 0.441667 0.009167 0.016667
3 0.586667 0.511667 0.009167 0.016667
3 0.453333 0.616667 0.009167 0.016667
2 0.680833 0.546667 0.034167 0.100000
2 0.638333 0.571667 0.030833 0.051667
2 0.171667 0.471667 0.023333 0.041667
3 0.038333 0.543333 0.010833 0.023333
3 0.792500 0.443333 0.011667 0.020000
2 0.745833 0.545000 0.017500 0.116667
2 0.052500 0.468333 0.009167 0.040000
2 0.728333 0.460000 0.058333 0.076667
2 0.075833 0.470000 0.009167 0.031667
3 0.778333 0.570000 0.010833 0.013333
3 0.764167 0.538333 0.007500 0.015000
2 0.322500 0.590000 0.020833 0.080000
2 0.317500 0.566667 0.021667 0.090000
2 0.258333 0.533333 0.048333 0.025000
2 0.117500 0.571667 0.011667 0.025000
2 0.568333 0.540000 0.020833 0.028333
2 0.454167 0.431667 0.015833 0.068333
2 0.634167 0.503333 0.020833 0.080000
2 0.741667 0.530000 0.020833 0.080000
3 0.791667 0.483333 0.017500 0.031667
2 0.279167 0.551667 0.023333 0.041667
3 0.492500 0.496667 0.015833 0.051667
3 0.315000 0.531667 0.009167 0.018333
3 0.200000 0.473333 0.010833 0.013333
3 0.819167 0.671667 0.008333 0.016667
2 0.430000 0.610000 0.015833 0.068333
2 0.399167 0.405000 0.020833 0.080000
3 0.429167 0.753333 0.010000 0.016667
2 0.696667 0.385000 0.010833 0.091667
2 0.693333 0.351667 0.026667 0.035000
2 0.604167 0.388333 0.020000 0.021667
3 0.390833 0.675000 0.009167 0.016667
3 0.314167 0.375000 0.006667 0.018333
2 0.662500 0.601667 0.027500 0.016667
3 0.756667 0.331667 0.009167 0.018333
2 0.811667 0.713333 0.011667 0.025000
3 0.493333 0.318333 0.007500 0.018333
2 0.285833 0.721667 0.026667 0.035000
3 0.825000 0.420000 0.011667 0.030000
3 0.390833 0.378333 0.013333 0.031667
2 0.759167 0.748333 0.021667 0.090000
2 0.660833 0.400000 0.034167 0.038333
2 0.527500 0.998333 0.015833 0.001667
2 0.617500 0.323333 0.010000 0.031667
2 0.308333 0.723333 0.026667 0.035000
3 0.550000 0.685000 0.009167 0.023333
2 0.691667 0.380000 0.020833 0.080000
2 0.692500 0.251667 0.011667 0.066667
2 0.351667 0.671667 0.021667 0.090000
2 0.422500 0.681667 0.010000 0.031667
3 0.488333 0.681667 0.006667 0.018333
2 0.659167 0.661667 0.034167 0.100000
2 0.802500 0.391667 0.048333 0.043333
3 0.470000 0.360000 0.009167 0.023333
2 0.420000 0.648333 0.011667 0.025000
2 0.735000 0.736667 0.020833 0.028333
3 0.315000 0.708333 0.017500 0.031667
2 0.645833 0.678333 0.030833 0.051667
2 0.333333 0.781667 0.026667 0.035000
3 0.513333 0.426667 0.008333 0.021667
3 0.732500 0.385000 0.006667 0.018333
2 0.765000 0.591667 0.014167 0.015000
3 0.692500 0.720000 0.015833 0.051667
3 0.325833 0.795000 0.014167 0.025000
3 0.325000 0.708333 0.009167 0.016667
3 0.311667 0.450000 0.014167 0.025000
3 0.814167 0.630000 0.008333 0.016667
2 0.322500 0.188333 0.035000 0.105000
2 0.565833 0.611667 0.027500 0.016667
2 0.762500 0.686667 0.020833 0.028333
2 0.492500 0.340000 0.014167 0.015000
2 0.573333 0.673333 0.009167 0.031667
3 0.285000 0.333333 0.007500 0.018333
3 0.720000 0.336667 0.009167 0.015000
2 0.772500 0.366667 0.027500 0.016667
2 0.570000 0.755000 0.014167 0.015000
2 0.346667 0.735000 0.013333 0.070000
3 0.734167 0.586667 0.007500 0.018333
3 0.246667 0.698333 0.010000 0.016667
2 0.712500 0.435000 0.022500 0.023333
3 0.695833 0.731667 0.009167 0.015000
2 0.584167 0.156667 0.027500 0.016667
3 0.747500 0.621667 0.010833 0.023333
3 0.690833 0.376667 0.010000 0.020000
2 0.278333 0.418333 0.015833 0.068333
2 0.656667 0.390000 0.020833 0.028333
2 0.447500 0.710000 0.058333 0.076667
2 0.690833 0.621667 0.015833 0.068333
2 0.698333 0.461667 0.020833 0.080000
2 0.813333 0.375000 0.035000 0.105000
3 0.803333 0.730000 0.009167 0.016667
2 0.721667 0.641667 0.020833 0.080000
2 0.360833 0.376667 0.011667 0.066667
3 0.328333 0.645000 0.009167 0.015000
3 0.762500 0.713333 0.013333 0.031667
3 0.315000 0.388333 0.008333 0.021667
3 0.335833 0.385000 0.009167 0.023333
2 0.225833 0.630000 0.058333 0.076667
2 0.707500 0.611667 0.023333 0.041667
2 0.529167 0.998333 0.030833 0.001667
3 0.676667 0.346667 0.006667 0.018333
2 0.716667 0.998333 0.014167 0.001667
2 0.712500 0.360000 0.020833 0.028333
2 0.690000 0.705000 0.010833 0.091667
3 0.635833 0.391667 0.014167 0.025000
2 0.351667 0.728333 0.034167 0.100000
2 0.263333 0.261667 0.015833 0.068333
2 0.723333 0.253333 0.029167 0.038333
2 0.711667 0.428333 0.020000 0.021667
3 0.482500 0.811667 0.009167 0.016667
2 0.586667 0.655000 0.048333 0.043333
2 0.793333 0.733333 0.017500 0.116667
3 0.770833 0.361667 0.007500 0.015000
3 0.329167 0.340000 0.008333 0.016667
3 0.484167 0.291667 0.017500 0.031667
2 0.520833 0.308333 0.045833 0.021667
2 0.485000 0.338333 0.023333 0.106667
3 0.793333 0.726667 0.015833 0.051667
2 0.524167 0.430000 0.010000 0.031667
2 0.252500 0.623333 0.011667 0.066667
3 0.450000 0.786667 0.010833 0.023333
3 0.590000 0.745000 0.008333 0.016667
2 0.766667 0.340000 0.048333 0.025000
2 0.477500 0.281667 0.010000 0.031667
2 0.691667 0.751667 0.019167 0.046667
2 0.412500 0.338333 0.029167 0.038333
3 0.228333 0.661667 0.007500 0.015000
3 0.782500 0.380000 0.009167 0.018333
3 0.676667 0.340000 0.010000 0.016667
3 0.606667 0.343333 0.009167 0.023333
3 0.314167 0.706667 0.014167 0.025000
2 0.691667 0.701667 0.019167 0.046667
3 0.790833 0.331667 0.006667 0.018333
2 0.319167 0.351667 0.019167 0.046667
2 0.720833 0.288333 0.034167 0.100000
3 0.314167 0.641667 0.009167 0.015000
3 0.465833 0.375000 0.009167 0.016667
3 0.309167 0.796667 0.013333 0.031667
2 0.637500 0.435000 0.010833 0.091667
2 0.782500 0.328333 0.035000 0.105000
3 0.530833 0.365000 0.007500 0.018333
2 0.735000 0.695000 0.034167 0.038333
2 0.583333 0.761667 0.030833 0.051667
3 0.709167 0.635000 0.009167 0.016667
3 0.660833 0.360000 0.007500 0.015000
3 0.758333 0.415000 0.007500 0.016667
2 0.293333 0.681667 0.030833 0.051667
3 0.540833 0.723333 0.007500 0.015000
3 0.653333 0.416667 0.010833 0.023333
2 0.304167 0.813333 0.013333 0.070000
2 0.468333 0.736667 0.035000 0.105000
2 0.728333 0.650000 0.023333 0.041667
3 0.487500 0.783333 0.011667 0.020000
2 0.386667 0.675000 0.020833 0.080000
2 0.681667 0.330000 0.015833 0.068333
2 0.630000 0.623333 0.009167 0.040000
3 0.416667 0.726667 0.008333 0.016667
3 0.427500 0.358333 0.009167 0.016667
2 0.461667 0.816667 0.034167 0.038333
2 0.715833 0.578333 0.097500 0.053333
3 0.610000 0.390000 0.007500 0.015000
2 0.735833 0.316667 0.019167 0.046667
2 0.399167 0.365000 0.020833 0.028333
2 0.432500 0.665000 0.009167 0.031667
2 0.515000 0.698333 0.021667 0.090000
3 0.674167 0.403333 0.017500 0.031667
3 0.490833 0.781667 0.010833 0.023333
2 0.741667 0.320000 0.010833 0.091667
3 0.671667 0.620000 0.007500 0.015000
2 0.764167 0.730000 0.034167 0.100000
3 0.217500 0.671667 0.010000 0.016667
2 0.321667 0.361667 0.009167 0.031667
2 0.515000 0.253333 0.021667 0.090000
2 0.443333 0.301667 0.009167 0.040000
3 0.488333 0.781667 0.009167 0.018333
3 0.450833 0.770000 0.008333 0.016667
2 0.415833 0.760000 0.022500 0.023333
2 0.785000 0.393333 0.020833 0.080000
2 0.760000 0.708333 0.017500 0.116667
3 0.395000 0.360000 0.008333 0.016667
2 0.305833 0.396667 0.011667 0.025000
3 0.780000 0.360000 0.013333 0.015000
2 0.630000 0.668333 0.020833 0.080000
3 0.672500 0.421667 0.007500 0.015000
2 0.750000 0.345000 0.030833 0.051667
3 0.267500 0.725000 0.015833 0.051667
3 0.669167 0.645000 0.011667 0.030000
3 0.280000 0.670000 0.008333 0.016667
2 0.222500 0.341667 0.010833 0.091667
2 0.269167 0.385000 0.026667 0.035000
3 0.752500 0.366667 0.009167 0.015000
3 0.360000 0.693333 0.007500 0.018333
2 0.646667 0.675000 0.027500 0.016667
2 0.157500 0.376667 0.034167 0.038333
2 0.585000 0.308333 0.020833 0.080000
3 0.597500 0.580000 0.009167 0.023333
3 0.381667 0.690000 0.009167 0.015000
2 0.620833 0.363333 0.058333 0.076667
2 0.785833 0.378333 0.058333 0.076667
3 0.705000 0.373333 0.007500 0.015000
2 0.282500 0.361667 0.023333 0.106667
2 0.529167 0.290000 0.010000 0.031667
2 0.266667 0.696667 0.020833 0.080000
3 0.662500 0.668333 0.009167 0.016667
3 0.478333 0.225000 0.008333 0.016667
3 0.289167 0.713333 0.009167 0.023333
2 0.548333 0.365000 0.058333 0.076667
2 0.415833 0.401667 0.048333 0.025000
2 0.443333 0.808333 0.011667 0.066667
2 0.416667 0.771667 0.058333 0.076667
2 0.675000 0.400000 0.097500 0.053333
2 0.601667 0.365000 0.014167 0.015000
3 0.525000 0.358333 0.017500 0.031667
2 0.752500 0.350000 0.009167 0.040000
2 0.521667 0.758333 0.010000 0.031667
3 0.677500 0.443333 0.007500 0.018333
2 0.545000 0.445000 0.013333 0.070000
3 0.720833 0.383333 0.014167 0.025000
2 0.710833 0.376667 0.014167 0.015000
3 0.535000 0.691667 0.009167 0.018333
3 0.478333 0.743333 0.007500 0.015000
2 0.747500 0.666667 0.014167 0.015000
3 0.757500 0.371667 0.017500 0.031667
3 0.549167 0.415000 0.013333 0.015000
