4 0.819167 0.810000 0.186667 0.300000
4 0.798333 0.570000 0.105000 0.095000
4 0.848333 0.550000 0.060833 0.146667
4 0.840000 0.690000 0.119167 0.163333
4 0.840000 0.466667 0.082500 0.166667
4 0.786667 0.546667 0.154167 0.058333
4 0.800000 0.610000 0.091667 0.093333
4 0.839167 0.513333 0.076667 0.046667
4 0.735000 0.640000 0.257500 0.093333
4 0.854167 0.570000 0.060000 0.043333
4 0.309167 0.551667 0.060000 0.088333
4 0.763333 0.451667 0.041667 0.076667
4 0.660000 0.608333 0.112500 0.153333
4 0.303333 0.541667 0.057500 0.025000
4 0.451667 0.536667 0.114167 0.081667
4 0.701667 0.523333 0.090000 0.051667
4 0.329167 0.478333 0.065833 0.040000
4 0.527500 0.605000 0.100833 0.125000
4 0.124167 0.491667 0.249167 0.165000
4 0.480000 0.590000 0.089167 0.140000
3 0.449167 0.483333 0.007500 0.015000
3 0.295000 0.518333 0.009167 0.023333
2 0.501667 0.551667 0.026667 0.035000
3 0.146667 0.558333 0.009167 0.016667
2 0.412500 0.525000 0.020833 0.080000
3 0.505833 0.498333 0.007500 0.018333
3 0.397500 0.575000 0.008333 0.021667
2 0.062500 0.503333 0.048333 0.025000
2 0.207500 0.541667 0.034167 0.100000
3 0.801667 0.515000 0.013333 0.015000
3 0.047500 0.581667 0.008333 0.016667
2 0.733333 0.531667 0.011667 0.066667
3 0.595833 0.471667 0.009167 0.016667
2 0.550833 0.560000 0.020833 0.028333
3 0.070833 0.576667 0.009167 0.015000
2 0.520833 0.516667 0.058333 0.076667
2 0.025833 0.541667 0.009167 0.040000
3 0.462500 0.576667 0.009167 0.023333
2 0.301667 0.585000 0.027500 0.016667
3 0.631667 0.523333 0.008333 0.016667
2 0.314167 0.625000 0.021667 0.090000
3 0.143333 0.488333 0.014167 0.025000
2 0.044167 0.456667 0.020833 0.028333
2 0.088333 0.515000 0.022500 0.023333
2 0.090833 0.533333 0.023333 0.106667
3 0.090000 0.540000 0.010000 0.020000
2 0.149167 0.566667 0.035000 0.105000
2 0.142500 0.581667 0.020833 0.028333
3 0.596667 0.521667 0.017500 0.031667
3 0.440000 0.576667 0.014167 0.025000
3 0.795833 0.515000 0.008333 0.016667
3 0.095000 0.555000 0.007500 0.015000
2 0.105000 0.573333 0.097500 0.053333
2 0.814167 0.641667 0.015833 0.068333
3 0.197500 0.450000 0.008333 0.021667
3 0.751667 0.520000 0.014167 0.025000
3 0.110833 0.556667 0.010833 0.013333
3 0.675000 0.465000 0.007500 0.015000
2 0.581667 0.555000 0.014167 0.015000
2 0.424167 0.476667 0.048333 0.043333
2 0.452500 0.530000 0.023333 0.106667
3 0.433333 0.601667 0.009167 0.018333
2 0.318333 0.608333 0.021667 0.090000
2 0.093333 0.410000 0.035000 0.105000
2 0.590000 0.611667 0.022500 0.023333
2 0.320833 0.528333 0.048333 0.043333
2 0.039167 0.511667 0.034167 0.038333
3 0.526667 0.543333 0.008333 0.016667
3 0.162500 0.566667 0.007500 0.016667
3 0.726667 0.565000 0.013333 0.031667
2 0.241667 0.611667 0.010833 0.091667
2 0.126667 0.581667 0.020000 0.021667
2 0.452500 0.413333 0.019167 0.046667
3 0.090833 0.556667 0.007500 0.018333
2 0.140000 0.445000 0.034167 0.038333
2 0.102500 0.526667 0.030833 0.051667
3 0.168333 0.548333 0.009167 0.016667
2 0.779167 0.536667 0.014167 0.015000
2 0.033333 0.515000 0.020833 0.028333
2 0.493333 0.478333 0.058333 0.076667
2 0.712500 0.536667 0.023333 0.041667
2 0.170000 0.513333 0.010833 0.091667
3 0.445000 0.481667 0.014167 0.025000
3 0.732500 0.575000 0.013333 0.015000
2 0.204167 0.463333 0.009167 0.040000
2 0.146667 0.523333 0.011667 0.066667
3 0.470833 0.420000 0.007500 0.015000
3 0.095000 0.568333 0.009167 0.015000
3 0.198333 0.541667 0.009167 0.015000
2 0.577500 0.536667 0.027500 0.016667
3 0.685833 0.591667 0.009167 0.015000
3 0.036667 0.521667 0.010000 0.020000
2 0.085833 0.466667 0.019167 0.046667
2 0.193333 0.480000 0.029167 0.038333
3 0.049167 0.470000 0.007500 0.018333
3 0.131667 0.600000 0.009167 0.023333
2 0.159167 0.465000 0.026667 0.035000
2 0.683333 0.513333 0.020833 0.080000
2 0.457500 0.588333 0.026667 0.035000
2 0.445000 0.451667 0.027500 0.016667
2 0.272500 0.561667 0.011667 0.025000
2 0.350833 0.525000 0.048333 0.043333
3 0.250833 0.540000 0.014167 0.025000
2 0.683333 0.498333 0.023333 0.106667
2 0.062500 0.493333 0.020833 0.080000
3 0.211667 0.570000 0.009167 0.015000
2 0.825000 0.540000 0.011667 0.066667
2 0.072500 0.526667 0.009167 0.040000
2 0.436667 0.608333 0.014167 0.015000
3 0.720833 0.480000 0.010000 0.020000
3 0.688333 0.558333 0.007500 0.016667
3 0.712500 0.470000 0.009167 0.016667
2 0.435000 0.598333 0.030833 0.051667
2 0.449167 0.531667 0.048333 0.025000
3 0.463333 0.426667 0.007500 0.015000
3 0.828333 0.540000 0.007500 0.016667
2 0.463333 0.586667 0.030833 0.051667
2 0.628333 0.496667 0.015833 0.068333
2 0.632500 0.466667 0.020833 0.080000
3 0.168333 0.553333 0.007500 0.018333
2 0.726667 0.486667 0.013333 0.070000
2 0.650000 0.460000 0.009167 0.040000
3 0.463333 0.685000 0.010833 0.013333
2 0.265833 0.330000 0.023333 0.041667
3 0.415000 0.850000 0.008333 0.021667
3 0.500000 0.338333 0.017500 0.031667
2 0.377500 0.341667 0.048333 0.043333
2 0.398333 0.828333 0.020833 0.080000
2 0.714167 0.998333 0.020000 0.001667
3 0.364167 0.703333 0.009167 0.016667
2 0.473333 0.165000 0.014167 0.015000
2 0.291667 0.676667 0.019167 0.046667
2 0.321667 0.670000 0.020000 0.021667
3 0.668333 0.273333 0.010833 0.023333
2 0.360833 0.305000 0.014167 0.015000
2 0.641667 0.441667 0.034167 0.100000
3 0.530833 0.368333 0.008333 0.021667
3 0.520000 0.265000 0.006667 0.018333
2 0.569167 0.778333 0.030833 0.051667
3 0.361667 0.668333 0.007500 0.018333
3 0.738333 0.658333 0.010000 0.016667
3 0.665833 0.660000 0.006667 0.018333
2 0.685000 0.268333 0.014167 0.015000
3 0.430833 0.335000 0.017500 0.031667
3 0.773333 0.678333 0.009167 0.016667
3 0.710000 0.261667 0.009167 0.023333
3 0.224167 0.351667 0.011667 0.030000
3 0.769167 0.695000 0.008333 0.016667
3 0.451667 0.750000 0.011667 0.030000
3 0.645000 0.631667 0.008333 0.016667
2 0.260000 0.723333 0.013333 0.070000
2 0.340833 0.756667 0.020833 0.080000
2 0.294167 0.366667 0.034167 0.100000
2 0.720833 0.298333 0.027500 0.016667
3 0.492500 0.336667 0.007500 0.016667
2 0.313333 0.241667 0.009167 0.040000
3 0.529167 0.353333 0.010000 0.020000
2 0.376667 0.350000 0.097500 0.053333
3 0.624167 0.360000 0.009167 0.015000
2 0.450000 0.296667 0.048333 0.025000
2 0.445000 0.705000 0.020833 0.080000
2 0.640000 0.603333 0.011667 0.066667
2 0.526667 0.291667 0.023333 0.106667
3 0.465833 0.876667 0.007500 0.016667
3 0.288333 0.226667 0.014167 0.025000
2 0.667500 0.340000 0.048333 0.043333
2 0.281667 0.775000 0.022500 0.023333
3 0.620833 0.291667 0.010000 0.016667
3 0.727500 0.640000 0.008333 0.016667
3 0.306667 0.341667 0.009167 0.016667
2 0.709167 0.251667 0.011667 0.025000
2 0.668333 0.588333 0.015833 0.068333
2 0.464167 0.913333 0.010833 0.091667
3 0.672500 0.356667 0.007500 0.018333
3 0.380833 0.701667 0.007500 0.015000
3 0.785000 0.403333 0.011667 0.020000
3 0.277500 0.283333 0.009167 0.016667
3 0.541667 0.706667 0.009167 0.016667
3 0.686667 0.645000 0.009167 0.016667
2 0.481667 0.303333 0.019167 0.046667
3 0.777500 0.325000 0.013333 0.031667
2 0.549167 0.333333 0.029167 0.038333
2 0.260833 0.371667 0.097500 0.053333
2 0.712500 0.326667 0.015833 0.068333
2 0.255000 0.381667 0.029167 0.038333
3 0.677500 0.333333 0.009167 0.018333
2 0.448333 0.656667 0.034167 0.038333
2 0.669167 0.636667 0.048333 0.025000
3 0.777500 0.595000 0.007500 0.018333
2 0.719167 0.348333 0.020833 0.028333
2 0.692500 0.715000 0.017500 0.116667
2 0.311667 0.346667 0.020833 0.080000
2 0.665833 0.388333 0.030833 0.051667
2 0.737500 0.728333 0.015833 0.068333
2 0.277500 0.270000 0.097500 0.053333
3 0.435833 0.376667 0.007500 0.015000
3 0.273333 0.741667 0.011667 0.020000
2 0.773333 0.363333 0.034167 0.100000
2 0.685833 0.588333 0.020833 0.080000
2 0.829167 0.386667 0.011667 0.066667
2 0.300833 0.265000 0.048333 0.025000
2 0.682500 0.615000 0.011667 0.066667
3 0.785833 0.600000 0.008333 0.016667
3 0.519167 0.276667 0.009167 0.018333
2 0.723333 0.400000 0.048333 0.043333
3 0.730833 0.611667 0.006667 0.018333
3 0.750833 0.613333 0.013333 0.015000
2 0.736667 0.658333 0.020000 0.021667
3 0.679167 0.593333 0.009167 0.016667
3 0.595000 0.333333 0.009167 0.018333
3 0.520833 0.396667 0.006667 0.018333
2 0.660833 0.445000 0.010000 0.031667
3 0.535000 0.410000 0.007500 0.015000
2 0.308333 0.375000 0.020833 0.028333
2 0.538333 0.323333 0.021667 0.090000
2 0.275000 0.398333 0.011667 0.025000
2 0.280000 0.248333 0.020000 0.021667
3 0.291667 0.231667 0.007500 0.015000
3 0.727500 0.681667 0.009167 0.016667
2 0.678333 0.678333 0.009167 0.031667
3 0.339167 0.861667 0.007500 0.015000
3 0.531667 0.706667 0.009167 0.018333
2 0.803333 0.406667 0.022500 0.023333
3 0.770833 0.321667 0.010000 0.016667
3 0.801667 0.650000 0.010833 0.013333
3 0.538333 0.423333 0.006667 0.018333
2 0.695833 0.710000 0.010000 0.031667
2 0.535000 0.348333 0.022500 0.023333
2 0.643333 0.676667 0.023333 0.106667
2 0.599167 0.321667 0.058333 0.076667
3 0.471667 0.240000 0.010833 0.013333
3 0.242500 0.223333 0.007500 0.015000
2 0.587500 0.610000 0.011667 0.066667
3 0.645833 0.370000 0.010000 0.016667
3 0.640833 0.670000 0.007500 0.015000
3 0.484167 0.826667 0.008333 0.016667
3 0.742500 0.660000 0.007500 0.018333
2 0.452500 0.598333 0.058333 0.076667
2 0.755000 0.295000 0.020833 0.080000
2 0.626667 0.308333 0.009167 0.040000
2 0.681667 0.653333 0.010833 0.091667
3 0.687500 0.606667 0.010833 0.023333
3 0.676667 0.395000 0.008333 0.016667
3 0.325833 0.383333 0.009167 0.016667
2 0.502500 0.663333 0.045833 0.021667
3 0.485833 0.775000 0.014167 0.025000
2 0.708333 0.648333 0.010000 0.031667
3 0.721667 0.388333 0.013333 0.015000
2 0.781667 0.351667 0.023333 0.041667
2 0.522500 0.355000 0.011667 0.025000
3 0.471667 0.313333 0.013333 0.031667
2 0.711667 0.376667 0.023333 0.041667
2 0.315000 0.351667 0.023333 0.041667
2 0.410833 0.670000 0.011667 0.066667
3 0.485833 0.450000 0.008333 0.021667
3 0.309167 0.348333 0.007500 0.018333
3 0.307500 0.296667 0.009167 0.023333
3 0.752500 0.321667 0.015833 0.051667
2 0.524167 0.641667 0.020833 0.028333
2 0.775000 0.351667 0.058333 0.076667
3 0.334167 0.380000 0.013333 0.015000
2 0.703333 0.603333 0.020833 0.080000
3 0.743333 0.418333 0.017500 0.031667
3 0.676667 0.366667 0.013333 0.031667
2 0.330833 0.380000 0.020000 0.021667
2 0.633333 0.653333 0.023333 0.041667
2 0.794167 0.646667 0.026667 0.035000
3 0.314167 0.413333 0.008333 0.021667
3 0.732500 0.620000 0.009167 0.016667
2 0.644167 0.660000 0.045833 0.021667
2 0.429167 0.700000 0.022500 0.023333
3 0.425833 0.368333 0.007500 0.015000
2 0.535000 0.220000 0.045833 0.021667
2 0.274167 0.678333 0.035000 0.105000
2 0.702500 0.321667 0.019167 0.046667
3 0.759167 0.296667 0.008333 0.016667
3 0.554167 0.640000 0.007500 0.018333
2 0.681667 0.313333 0.015833 0.068333
3 0.319167 0.715000 0.013333 0.015000
3 0.345833 0.723333 0.008333 0.016667
3 0.278333 0.286667 0.008333 0.021667
2 0.295833 0.871667 0.009167 0.031667
3 0.778333 0.655000 0.008333 0.016667
3 0.466667 0.373333 0.007500 0.015000
2 0.305000 0.666667 0.034167 0.100000
2 0.251667 0.756667 0.011667 0.025000
3 0.682500 0.641667 0.007500 0.018333
3 0.566667 0.243333 0.007500 0.015000
2 0.410000 0.835000 0.027500 0.016667
2 0.504167 0.206667 0.026667 0.035000
2 0.280000 0.835000 0.010000 0.031667
2 0.361667 0.283333 0.020833 0.028333
2 0.468333 0.673333 0.045833 0.021667
3 0.422500 0.683333 0.009167 0.018333
3 0.800833 0.655000 0.013333 0.031667
2 0.324167 0.670000 0.009167 0.040000
2 0.301667 0.343333 0.035000 0.105000
3 0.795833 0.663333 0.011667 0.030000
3 0.646667 0.351667 0.011667 0.030000
2 0.676667 0.440000 0.010000 0.031667
3 0.159167 0.635000 0.008333 0.016667
2 0.435833 0.703333 0.034167 0.100000
3 0.726667 0.620000 0.010000 0.020000
2 0.673333 0.693333 0.015833 0.068333
2 0.510833 0.366667 0.048333 0.025000
3 0.354167 0.655000 0.013333 0.015000
3 0.745833 0.665000 0.009167 0.018333
2 0.490000 0.146667 0.019167 0.046667
2 0.715000 0.386667 0.022500 0.023333
3 0.542500 0.340000 0.008333 0.016667
2 0.311667 0.715000 0.034167 0.100000
2 0.258333 0.398333 0.023333 0.106667
3 0.658333 0.351667 0.008333 0.016667
2 0.225833 0.808333 0.023333 0.106667
3 0.805833 0.633333 0.009167 0.016667
3 0.655000 0.400000 0.010833 0.013333
3 0.729167 0.610000 0.010000 0.020000
2 0.474167 0.660000 0.030833 0.051667
3 0.713333 0.688333 0.007500 0.015000
2 0.280000 0.775000 0.029167 0.038333
