4 0.848333 0.640000 0.066667 0.175000
4 0.825000 0.445000 0.096667 0.036667
4 0.716667 0.778333 0.278333 0.313333
4 0.876667 0.530000 0.095833 0.171667
4 0.837500 0.576667 0.077500 0.133333
4 0.885833 0.513333 0.050000 0.035000
4 0.827500 0.428333 0.073333 0.018333
4 0.825000 0.550000 0.185833 0.078333
4 0.818333 0.396667 0.092500 0.151667
4 0.749167 0.675000 0.218333 0.235000
4 0.398333 0.550000 0.044167 0.020000
4 0.333333 0.626667 0.138333 0.210000
4 0.083333 0.516667 0.135000 0.055000
4 0.375833 0.520000 0.050833 0.020000
4 0.199167 0.526667 0.100833 0.045000
4 0.741667 0.520000 0.145833 0.065000
4 0.269167 0.576667 0.240833 0.073333
4 0.550833 0.581667 0.072500 0.113333
4 0.219167 0.483333 0.121667 0.213333
4 0.694167 0.471667 0.042500 0.056667
3 0.555833 0.553333 0.008333 0.016667
3 0.598333 0.551667 0.011667 0.030000
2 0.223333 0.501667 0.020833 0.080000
2 0.158333 0.566667 0.023333 0.041667
2 0.471667 0.573333 0.020833 0.080000
2 0.277500 0.478333 0.009167 0.031667
3 0.633333 0.581667 0.007500 0.016667
2 0.646667 0.515000 0.020000 0.021667
3 0.702500 0.461667 0.011667 0.030000
3 0.803333 0.595000 0.014167 0.025000
2 0.649167 0.480000 0.011667 0.066667
3 0.420000 0.578333 0.009167 0.015000
3 0.593333 0.453333 0.009167 0.018333
2 0.340000 0.580000 0.015833 0.068333
2 0.391667 0.573333 0.023333 0.041667
3 0.344167 0.555000 0.007500 0.015000
2 0.294167 0.506667 0.035000 0.105000
3 0.502500 0.585000 0.009167 0.016667
2 0.779167 0.551667 0.030833 0.051667
2 0.275833 0.586667 0.010833 0.091667
2 0.552500 0.555000 0.030833 0.051667
2 0.162500 0.616667 0.021667 0.090000
3 0.695833 0.566667 0.008333 0.021667
2 0.435000 0.541667 0.021667 0.090000
3 0.610000 0.500000 0.009167 0.023333
3 0.700833 0.578333 0.009167 0.016667
3 0.216667 0.503333 0.009167 0.018333
3 0.345833 0.525000 0.013333 0.015000
3 0.465000 0.421667 0.010000 0.016667
2 0.588333 0.485000 0.020833 0.028333
3 0.170833 0.493333 0.010000 0.020000
2 0.508333 0.450000 0.011667 0.025000
3 0.494167 0.450000 0.009167 0.023333
3 0.215000 0.523333 0.013333 0.031667
3 0.203333 0.588333 0.007500 0.016667
3 0.601667 0.491667 0.009167 0.018333
3 0.148333 0.545000 0.013333 0.031667
3 0.229167 0.536667 0.015833 0.051667
3 0.248333 0.566667 0.010000 0.020000
2 0.285833 0.530000 0.034167 0.038333
2 0.471667 0.570000 0.020833 0.028333
3 0.699167 0.536667 0.009167 0.015000
3 0.684167 0.551667 0.010833 0.013333
2 0.334167 0.521667 0.011667 0.066667
3 0.243333 0.515000 0.008333 0.016667
2 0.516667 0.601667 0.030833 0.051667
2 0.760833 0.610000 0.020833 0.080000
2 0.739167 0.526667 0.020833 0.080000
3 0.549167 0.520000 0.010833 0.013333
2 0.590000 0.605000 0.030833 0.051667
3 0.476667 0.453333 0.007500 0.015000
2 0.420000 0.620000 0.048333 0.043333
2 0.033333 0.585000 0.023333 0.041667
2 0.779167 0.570000 0.021667 0.090000
2 0.310833 0.570000 0.034167 0.100000
2 0.559167 0.493333 0.023333 0.106667
3 0.378333 0.550000 0.007500 0.018333
2 0.095833 0.548333 0.035000 0.105000
2 0.420000 0.546667 0.010833 0.091667
2 0.652500 0.530000 0.048333 0.025000
3 0.287500 0.521667 0.011667 0.030000
2 0.372500 0.508333 0.020000 0.021667
2 0.614167 0.591667 0.009167 0.031667
2 0.234167 0.596667 0.014167 0.015000
3 0.684167 0.483333 0.008333 0.016667
3 0.322500 0.465000 0.007500 0.015000
3 0.688333 0.471667 0.007500 0.018333
3 0.799167 0.551667 0.013333 0.031667
3 0.435000 0.531667 0.013333 0.015000
2 0.535000 0.495000 0.023333 0.041667
3 0.699167 0.508333 0.007500 0.015000
2 0.061667 0.486667 0.011667 0.025000
3 0.269167 0.488333 0.008333 0.016667
2 0.539167 0.548333 0.034167 0.038333
3 0.469167 0.440000 0.015833 0.051667
3 0.467500 0.528333 0.008333 0.016667
2 0.457500 0.598333 0.020833 0.080000
2 0.492500 0.588333 0.011667 0.025000
3 0.213333 0.533333 0.009167 0.016667
2 0.068333 0.543333 0.014167 0.015000
2 0.271667 0.503333 0.034167 0.100000
2 0.271667 0.578333 0.009167 0.040000
2 0.170833 0.518333 0.017500 0.116667
2 0.235000 0.541667 0.029167 0.038333
3 0.077500 0.495000 0.009167 0.015000
3 0.110000 0.545000 0.017500 0.031667
2 0.722500 0.560000 0.034167 0.100000
3 0.230000 0.516667 0.007500 0.015000
3 0.759167 0.516667 0.010000 0.016667
3 0.070000 0.551667 0.006667 0.018333
2 0.294167 0.576667 0.011667 0.066667
3 0.685000 0.603333 0.011667 0.030000
2 0.049167 0.556667 0.045833 0.021667
2 0.284167 0.491667 0.029167 0.038333
2 0.820000 0.661667 0.020833 0.028333
2 0.743333 0.536667 0.048333 0.025000
3 0.140833 0.581667 0.010000 0.016667
2 0.725000 0.475000 0.097500 0.053333
2 0.139167 0.471667 0.011667 0.025000
2 0.458333 0.556667 0.011667 0.025000
2 0.597500 0.621667 0.026667 0.035000
3 0.745000 0.495000 0.009167 0.023333
2 0.840833 0.331667 0.022500 0.023333
2 0.469167 0.398333 0.020833 0.080000
2 0.703333 0.403333 0.011667 0.066667
3 0.155000 0.618333 0.011667 0.020000
3 0.225000 0.408333 0.008333 0.016667
2 0.332500 0.768333 0.027500 0.016667
2 0.558333 0.690000 0.030833 0.051667
2 0.428333 0.756667 0.020833 0.080000
2 0.662500 0.348333 0.009167 0.031667
2 0.718333 0.403333 0.035000 0.105000
3 0.594167 0.408333 0.007500 0.015000
2 0.275000 0.715000 0.048333 0.025000
2 0.691667 0.410000 0.010000 0.031667
2 0.257500 0.356667 0.011667 0.025000
3 0.307500 0.723333 0.010833 0.023333
2 0.450833 0.808333 0.014167 0.015000
2 0.454167 0.278333 0.009167 0.040000
3 0.305000 0.811667 0.011667 0.020000
2 0.280000 0.818333 0.009167 0.040000
2 0.444167 0.248333 0.034167 0.100000
2 0.702500 0.700000 0.017500 0.116667
2 0.466667 0.320000 0.023333 0.041667
2 0.498333 0.685000 0.023333 0.106667
3 0.507500 0.823333 0.009167 0.016667
3 0.314167 0.661667 0.007500 0.018333
2 0.805000 0.673333 0.035000 0.105000
2 0.668333 0.321667 0.020833 0.080000
3 0.383333 0.393333 0.014167 0.025000
2 0.785000 0.678333 0.020000 0.021667
2 0.660000 0.433333 0.034167 0.038333
2 0.759167 0.645000 0.010833 0.091667
3 0.300833 0.648333 0.007500 0.016667
3 0.762500 0.386667 0.007500 0.018333
3 0.316667 0.686667 0.007500 0.018333
2 0.590833 0.585000 0.023333 0.041667
3 0.715000 0.306667 0.008333 0.016667
3 0.717500 0.415000 0.007500 0.018333
2 0.527500 0.425000 0.009167 0.031667
2 0.660000 0.391667 0.045833 0.021667
2 0.692500 0.600000 0.020833 0.080000
3 0.747500 0.415000 0.011667 0.030000
2 0.426667 0.416667 0.010833 0.091667
2 0.805833 0.610000 0.017500 0.116667
3 0.439167 0.343333 0.010000 0.016667
3 0.675833 0.393333 0.010000 0.020000
2 0.308333 0.695000 0.009167 0.040000
2 0.703333 0.998333 0.023333 0.001667
3 0.568333 0.276667 0.013333 0.031667
3 0.675000 0.353333 0.008333 0.016667
2 0.655833 0.383333 0.013333 0.070000
3 0.217500 0.675000 0.009167 0.023333
3 0.691667 0.415000 0.009167 0.023333
2 0.460000 0.170000 0.020833 0.080000
3 0.395833 0.383333 0.007500 0.018333
2 0.207500 0.646667 0.034167 0.038333
3 0.672500 0.408333 0.006667 0.018333
2 0.663333 0.380000 0.014167 0.015000
3 0.761667 0.406667 0.014167 0.025000
2 0.754167 0.633333 0.030833 0.051667
3 0.643333 0.403333 0.010000 0.016667
3 0.399167 0.663333 0.010833 0.023333
2 0.309167 0.630000 0.058333 0.076667
3 0.785000 0.393333 0.008333 0.016667
2 0.691667 0.651667 0.017500 0.116667
2 0.726667 0.675000 0.011667 0.025000
2 0.356667 0.663333 0.017500 0.116667
3 0.412500 0.691667 0.007500 0.018333
2 0.766667 0.418333 0.027500 0.016667
3 0.431667 0.673333 0.010000 0.020000
3 0.651667 0.331667 0.009167 0.015000
2 0.651667 0.390000 0.027500 0.016667
3 0.748333 0.620000 0.010000 0.016667
2 0.640000 0.643333 0.010000 0.031667
2 0.530000 0.345000 0.009167 0.040000
3 0.785833 0.380000 0.007500 0.015000
2 0.445000 0.278333 0.026667 0.035000
3 0.439167 0.656667 0.008333 0.016667
2 0.743333 0.410000 0.013333 0.070000
3 0.325000 0.368333 0.007500 0.018333
2 0.424167 0.795000 0.015833 0.068333
3 0.579167 0.760000 0.011667 0.020000
2 0.315833 0.376667 0.030833 0.051667
2 0.380000 0.728333 0.027500 0.016667
3 0.657500 0.350000 0.010000 0.020000
3 0.545000 0.648333 0.011667 0.030000
3 0.749167 0.410000 0.007500 0.016667
2 0.791667 0.420000 0.026667 0.035000
2 0.339167 0.705000 0.027500 0.016667
3 0.680000 0.340000 0.007500 0.018333
3 0.482500 0.263333 0.017500 0.031667
2 0.635000 0.355000 0.097500 0.053333
2 0.344167 0.386667 0.014167 0.015000
3 0.569167 0.696667 0.010833 0.023333
3 0.323333 0.698333 0.006667 0.018333
3 0.704167 0.690000 0.013333 0.015000
3 0.414167 0.845000 0.009167 0.016667
3 0.551667 0.688333 0.015833 0.051667
3 0.710000 0.633333 0.008333 0.016667
2 0.276667 0.318333 0.010833 0.091667
2 0.454167 0.378333 0.013333 0.070000
3 0.465000 0.331667 0.010833 0.023333
2 0.668333 0.265000 0.011667 0.025000
2 0.321667 0.706667 0.009167 0.031667
2 0.505000 0.390000 0.021667 0.090000
3 0.728333 0.681667 0.007500 0.015000
2 0.540000 0.998333 0.010000 0.001667
3 0.632500 0.413333 0.011667 0.030000
3 0.250833 0.390000 0.009167 0.015000
2 0.672500 0.461667 0.021667 0.090000
3 0.339167 0.710000 0.010000 0.020000
3 0.622500 0.638333 0.007500 0.015000
3 0.574167 0.175000 0.009167 0.016667
2 0.505000 0.721667 0.019167 0.046667
3 0.760000 0.368333 0.010833 0.013333
3 0.706667 0.641667 0.007500 0.015000
2 0.530833 0.660000 0.058333 0.076667
2 0.275833 0.796667 0.034167 0.038333
2 0.285833 0.265000 0.019167 0.046667
2 0.367500 0.750000 0.034167 0.038333
3 0.385000 0.401667 0.011667 0.020000
3 0.460833 0.671667 0.007500 0.018333
3 0.390000 0.648333 0.007500 0.018333
3 0.300833 0.393333 0.008333 0.016667
3 0.675000 0.640000 0.010000 0.020000
3 0.401667 0.696667 0.011667 0.020000
2 0.670833 0.341667 0.023333 0.106667
3 0.428333 0.356667 0.007500 0.015000
3 0.720000 0.420000 0.008333 0.016667
2 0.316667 0.711667 0.011667 0.066667
2 0.680000 0.610000 0.019167 0.046667
3 0.422500 0.371667 0.006667 0.018333
2 0.291667 0.798333 0.048333 0.025000
2 0.596667 0.556667 0.011667 0.066667
2 0.673333 0.640000 0.020833 0.028333
2 0.567500 0.620000 0.015833 0.068333
2 0.605833 0.411667 0.009167 0.031667
3 0.441667 0.343333 0.013333 0.015000
3 0.359167 0.315000 0.007500 0.015000
3 0.848333 0.325000 0.008333 0.016667
3 0.266667 0.281667 0.009167 0.023333
2 0.510000 0.286667 0.009167 0.031667
2 0.706667 0.758333 0.020833 0.080000
3 0.738333 0.413333 0.009167 0.015000
2 0.298333 0.260000 0.035000 0.105000
2 0.531667 0.416667 0.026667 0.035000
3 0.659167 0.406667 0.015833 0.051667
3 0.750000 0.643333 0.007500 0.018333
2 0.702500 0.263333 0.015833 0.068333
2 0.417500 0.395000 0.020000 0.021667
3 0.718333 0.638333 0.009167 0.015000
3 0.368333 0.291667 0.008333 0.016667
2 0.280833 0.378333 0.048333 0.043333
3 0.237500 0.351667 0.013333 0.031667
3 0.306667 0.405000 0.015833 0.051667
2 0.315833 0.790000 0.013333 0.070000
2 0.475000 0.405000 0.034167 0.100000
3 0.540000 0.676667 0.007500 0.015000
2 0.376667 0.355000 0.014167 0.015000
3 0.326667 0.675000 0.009167 0.023333
3 0.744167 0.613333 0.013333 0.031667
2 0.412500 0.743333 0.029167 0.038333
3 0.374167 0.681667 0.011667 0.030000
2 0.395000 0.710000 0.034167 0.100000
2 0.784167 0.731667 0.017500 0.116667
3 0.230000 0.398333 0.009167 0.018333
3 0.542500 0.695000 0.008333 0.016667
3 0.541667 0.615000 0.014167 0.025000
3 0.698333 0.258333 0.009167 0.016667
2 0.725000 0.606667 0.017500 0.116667
3 0.423333 0.398333 0.008333 0.016667
2 0.689167 0.346667 0.009167 0.031667
2 0.406667 0.690000 0.023333 0.041667
2 0.416667 0.355000 0.020833 0.028333
3 0.549167 0.656667 0.009167 0.016667
3 0.561667 0.431667 0.010000 0.016667
3 0.423333 0.216667 0.007500 0.018333
2 0.263333 0.390000 0.058333 0.076667
2 0.683333 0.686667 0.027500 0.016667
2 0.393333 0.683333 0.045833 0.021667
3 0.675833 0.456667 0.011667 0.030000
3 0.412500 0.683333 0.010833 0.023333
3 0.440833 0.376667 0.007500 0.018333
2 0.544167 0.673333 0.023333 0.106667
3 0.828333 0.426667 0.009167 0.023333
3 0.675000 0.718333 0.009167 0.018333
3 0.554167 0.641667 0.007500 0.018333
3 0.664167 0.365000 0.010833 0.023333
2 0.574167 0.310000 0.058333 0.076667
3 0.346667 0.681667 0.013333 0.015000
2 0.150000 0.700000 0.013333 0.070000
2 0.212500 0.685000 0.034167 0.038333
2 0.337500 0.378333 0.023333 0.041667
2 0.480833 0.716667 0.014167 0.015000
3 0.442500 0.325000 0.011667 0.030000
3 0.693333 0.776667 0.015833 0.051667
2 0.470000 0.338333 0.009167 0.040000
3 0.691667 0.288333 0.017500 0.031667
3 0.696667 0.670000 0.009167 0.018333
