4 0.800833 0.560000 0.071667 0.136667
4 0.825000 0.500000 0.058333 0.050000
4 0.755000 0.571667 0.185833 0.098333
4 0.787500 0.526667 0.102500 0.075000
4 0.884167 0.530000 0.061667 0.105000
4 0.865000 0.665000 0.049167 0.030000
4 0.875833 0.541667 0.053333 0.105000
4 0.896667 0.551667 0.065833 0.016667
4 0.866667 0.646667 0.080833 0.043333
4 0.851667 0.395000 0.055000 0.081667
4 0.344167 0.365000 0.211667 0.360000
4 0.028333 0.470000 0.056667 0.095000
4 0.629167 0.606667 0.055833 0.151667
4 0.798333 0.611667 0.062500 0.125000
4 0.513333 0.555000 0.080000 0.131667
4 0.340833 0.576667 0.041667 0.110000
4 0.146667 0.511667 0.022500 0.060000
4 0.567500 0.481667 0.075833 0.040000
4 0.460833 0.498333 0.055000 0.100000
4 0.287500 0.526667 0.031667 0.075000
2 0.010000 0.510000 0.020000 0.076667
3 0.783333 0.548333 0.013333 0.031667
2 0.344167 0.531667 0.034167 0.038333
3 0.812500 0.585000 0.010000 0.016667
3 0.687500 0.466667 0.009167 0.018333
3 0.426667 0.471667 0.009167 0.016667
2 0.755833 0.496667 0.020833 0.028333
2 0.208333 0.506667 0.013333 0.070000
3 0.225833 0.483333 0.008333 0.016667
3 0.220833 0.583333 0.007500 0.018333
2 0.069167 0.565000 0.010000 0.031667
3 0.308333 0.478333 0.011667 0.030000
2 0.461667 0.456667 0.010833 0.091667
2 0.016667 0.528333 0.021667 0.090000
2 0.650833 0.563333 0.022500 0.023333
2 0.120833 0.450000 0.020833 0.028333
2 0.412500 0.568333 0.011667 0.025000
2 0.428333 0.476667 0.027500 0.016667
2 0.470000 0.548333 0.010833 0.091667
2 0.574167 0.565000 0.011667 0.066667
2 0.604167 0.440000 0.020833 0.028333
3 0.755833 0.458333 0.008333 0.016667
3 0.550000 0.558333 0.009167 0.016667
3 0.133333 0.551667 0.011667 0.020000
3 0.606667 0.445000 0.007500 0.015000
3 0.598333 0.573333 0.009167 0.016667
3 0.325833 0.463333 0.014167 0.025000
2 0.447500 0.458333 0.010000 0.031667
2 0.449167 0.595000 0.020000 0.021667
3 0.053333 0.563333 0.010833 0.013333
3 0.820000 0.490000 0.008333 0.021667
2 0.209167 0.543333 0.027500 0.016667
2 0.190000 0.488333 0.009167 0.040000
3 0.585833 0.498333 0.009167 0.015000
3 0.708333 0.561667 0.011667 0.030000
3 0.758333 0.488333 0.008333 0.016667
3 0.123333 0.455000 0.015833 0.051667
3 0.826667 0.346667 0.010000 0.020000
2 0.585000 0.535000 0.026667 0.035000
2 0.705833 0.536667 0.009167 0.031667
2 0.543333 0.488333 0.019167 0.046667
2 0.470000 0.511667 0.030833 0.051667
3 0.412500 0.498333 0.010833 0.013333
2 0.579167 0.530000 0.022500 0.023333
2 0.487500 0.538333 0.022500 0.023333
3 0.270000 0.491667 0.007500 0.018333
3 0.575000 0.478333 0.015833 0.051667
2 0.090000 0.481667 0.029167 0.038333
3 0.058333 0.556667 0.009167 0.016667
2 0.355000 0.515000 0.010000 0.031667
2 0.253333 0.553333 0.019167 0.046667
3 0.170000 0.446667 0.008333 0.016667
3 0.205000 0.475000 0.008333 0.016667
3 0.473333 0.396667 0.008333 0.021667
3 0.443333 0.560000 0.009167 0.016667
3 0.071667 0.456667 0.011667 0.020000
3 0.803333 0.445000 0.009167 0.016667
3 0.308333 0.500000 0.010000 0.016667
2 0.590833 0.496667 0.023333 0.041667
3 0.223333 0.446667 0.008333 0.016667
2 0.084167 0.586667 0.045833 0.021667
3 0.367500 0.550000 0.008333 0.016667
3 0.794167 0.531667 0.010000 0.020000
3 0.321667 0.441667 0.008333 0.016667
2 0.799167 0.511667 0.019167 0.046667
3 0.426667 0.546667 0.009167 0.023333
2 0.590000 0.503333 0.020833 0.028333
3 0.724167 0.466667 0.007500 0.015000
3 0.635833 0.495000 0.007500 0.015000
3 0.780833 0.510000 0.007500 0.015000
2 0.125833 0.465000 0.020833 0.028333
3 0.030833 0.561667 0.008333 0.016667
2 0.567500 0.513333 0.023333 0.041667
2 0.443333 0.540000 0.010833 0.091667
3 0.780833 0.471667 0.010833 0.013333
2 0.463333 0.511667 0.009167 0.031667
2 0.300833 0.560000 0.035000 0.105000
2 0.621667 0.555000 0.015833 0.068333
2 0.758333 0.560000 0.009167 0.040000
3 0.659167 0.473333 0.009167 0.016667
3 0.331667 0.558333 0.009167 0.023333
3 0.120000 0.556667 0.007500 0.018333
3 0.500000 0.585000 0.007500 0.016667
2 0.144167 0.418333 0.020833 0.080000
3 0.770000 0.521667 0.006667 0.018333
3 0.736667 0.556667 0.007500 0.018333
3 0.666667 0.530000 0.007500 0.018333
2 0.552500 0.560000 0.010000 0.031667
3 0.189167 0.480000 0.008333 0.021667
3 0.538333 0.583333 0.007500 0.015000
2 0.590000 0.485000 0.097500 0.053333
2 0.350833 0.530000 0.014167 0.015000
3 0.229167 0.550000 0.008333 0.016667
3 0.217500 0.540000 0.009167 0.023333
3 0.620833 0.478333 0.009167 0.023333
2 0.286667 0.475000 0.048333 0.025000
2 0.484167 0.473333 0.048333 0.025000
3 0.220833 0.553333 0.011667 0.030000
2 0.229167 0.533333 0.020833 0.080000
2 0.813333 0.588333 0.014167 0.015000
3 0.809167 0.525000 0.010833 0.013333
2 0.395833 0.428333 0.020833 0.080000
2 0.512500 0.680000 0.026667 0.035000
3 0.394167 0.691667 0.006667 0.018333
2 0.519167 0.363333 0.035000 0.105000
3 0.406667 0.650000 0.007500 0.018333
2 0.675000 0.366667 0.013333 0.070000
3 0.784167 0.600000 0.011667 0.020000
3 0.476667 0.745000 0.010833 0.023333
2 0.610000 0.343333 0.035000 0.105000
3 0.420000 0.840000 0.008333 0.016667
2 0.290000 0.765000 0.009167 0.040000
2 0.630000 0.700000 0.030833 0.051667
3 0.345000 0.725000 0.009167 0.016667
3 0.463333 0.706667 0.008333 0.021667
3 0.530833 0.363333 0.007500 0.018333
2 0.218333 0.330000 0.048333 0.043333
3 0.722500 0.781667 0.011667 0.030000
3 0.349167 0.688333 0.008333 0.021667
3 0.243333 0.745000 0.009167 0.016667
3 0.599167 0.740000 0.009167 0.018333
3 0.695000 0.735000 0.010833 0.023333
3 0.777500 0.656667 0.009167 0.016667
2 0.697500 0.656667 0.011667 0.066667
2 0.215833 0.660000 0.013333 0.070000
2 0.727500 0.315000 0.058333 0.076667
2 0.697500 0.435000 0.027500 0.016667
3 0.490833 0.381667 0.014167 0.025000
3 0.649167 0.623333 0.010000 0.020000
2 0.535000 0.311667 0.017500 0.116667
2 0.649167 0.366667 0.097500 0.053333
3 0.725000 0.628333 0.008333 0.016667
3 0.273333 0.415000 0.010833 0.023333
2 0.715000 0.393333 0.048333 0.043333
3 0.540833 0.408333 0.008333 0.016667
3 0.703333 0.718333 0.008333 0.016667
3 0.647500 0.348333 0.009167 0.016667
2 0.287500 0.756667 0.030833 0.051667
2 0.525833 0.365000 0.023333 0.106667
3 0.327500 0.358333 0.007500 0.018333
2 0.707500 0.683333 0.022500 0.023333
3 0.339167 0.375000 0.008333 0.021667
2 0.428333 0.346667 0.058333 0.076667
2 0.727500 0.701667 0.015833 0.068333
3 0.298333 0.366667 0.007500 0.018333
2 0.709167 0.371667 0.013333 0.070000
2 0.605000 0.335000 0.045833 0.021667
2 0.787500 0.715000 0.011667 0.066667
3 0.776667 0.713333 0.008333 0.016667
2 0.465833 0.613333 0.020833 0.080000
2 0.828333 0.450000 0.010833 0.091667
3 0.674167 0.720000 0.011667 0.020000
2 0.453333 0.808333 0.010000 0.031667
2 0.276667 0.253333 0.029167 0.038333
2 0.686667 0.383333 0.009167 0.040000
3 0.753333 0.368333 0.008333 0.016667
3 0.665833 0.341667 0.010833 0.023333
2 0.820833 0.413333 0.020000 0.021667
2 0.470000 0.775000 0.045833 0.021667
2 0.682500 0.656667 0.030833 0.051667
2 0.686667 0.638333 0.014167 0.015000
2 0.617500 0.628333 0.009167 0.040000
3 0.251667 0.391667 0.007500 0.015000
2 0.471667 0.338333 0.013333 0.070000
3 0.738333 0.656667 0.009167 0.015000
2 0.647500 0.630000 0.022500 0.023333
2 0.714167 0.608333 0.048333 0.043333
2 0.420833 0.390000 0.009167 0.040000
2 0.640833 0.310000 0.097500 0.053333
3 0.322500 0.291667 0.008333 0.016667
3 0.717500 0.360000 0.008333 0.021667
3 0.792500 0.728333 0.008333 0.016667
2 0.541667 0.316667 0.035000 0.105000
3 0.445833 0.381667 0.015833 0.051667
2 0.648333 0.610000 0.045833 0.021667
3 0.286667 0.806667 0.013333 0.031667
3 0.229167 0.590000 0.013333 0.015000
2 0.686667 0.283333 0.048333 0.025000
3 0.271667 0.666667 0.011667 0.020000
3 0.685000 0.426667 0.008333 0.021667
2 0.355833 0.746667 0.034167 0.100000
3 0.315000 0.456667 0.008333 0.016667
3 0.705833 0.708333 0.011667 0.030000
2 0.211667 0.663333 0.020833 0.028333
3 0.763333 0.683333 0.017500 0.031667
3 0.568333 0.296667 0.008333 0.016667
3 0.438333 0.846667 0.007500 0.015000
3 0.665833 0.440000 0.010833 0.013333
3 0.556667 0.820000 0.008333 0.016667
3 0.449167 0.653333 0.008333 0.016667
2 0.404167 0.670000 0.034167 0.038333
3 0.321667 0.351667 0.009167 0.016667
2 0.273333 0.151667 0.034167 0.100000
2 0.707500 0.596667 0.035000 0.105000
2 0.426667 0.625000 0.020833 0.080000
2 0.493333 0.290000 0.013333 0.070000
2 0.651667 0.631667 0.048333 0.025000
2 0.430833 0.708333 0.015833 0.068333
3 0.232500 0.800000 0.009167 0.016667
3 0.556667 0.208333 0.010833 0.013333
2 0.449167 0.633333 0.020833 0.080000
2 0.770000 0.660000 0.022500 0.023333
3 0.635000 0.638333 0.010833 0.023333
2 0.248333 0.203333 0.048333 0.025000
2 0.470000 0.355000 0.010000 0.031667
3 0.478333 0.283333 0.007500 0.015000
2 0.688333 0.586667 0.009167 0.040000
3 0.650833 0.630000 0.017500 0.031667
3 0.785833 0.685000 0.009167 0.015000
2 0.553333 0.706667 0.035000 0.105000
2 0.747500 0.713333 0.020000 0.021667
3 0.351667 0.743333 0.008333 0.021667
3 0.699167 0.676667 0.007500 0.015000
2 0.411667 0.183333 0.097500 0.053333
2 0.683333 0.390000 0.045833 0.021667
3 0.634167 0.410000 0.007500 0.018333
3 0.681667 0.386667 0.007500 0.015000
3 0.540000 0.285000 0.011667 0.030000
2 0.280833 0.785000 0.010833 0.091667
3 0.802500 0.635000 0.009167 0.015000
3 0.745833 0.605000 0.013333 0.031667
3 0.321667 0.293333 0.009167 0.023333
2 0.475000 0.308333 0.027500 0.016667
2 0.802500 0.613333 0.029167 0.038333
2 0.243333 0.388333 0.013333 0.070000
3 0.247500 0.681667 0.011667 0.030000
2 0.283333 0.403333 0.048333 0.043333
2 0.283333 0.725000 0.027500 0.016667
3 0.715000 0.328333 0.010000 0.016667
3 0.595833 0.333333 0.007500 0.018333
2 0.529167 0.643333 0.027500 0.016667
2 0.825000 0.410000 0.017500 0.116667
3 0.342500 0.640000 0.013333 0.031667
3 0.652500 0.418333 0.008333 0.016667
3 0.711667 0.350000 0.008333 0.021667
3 0.531667 0.998333 0.007500 0.001667
2 0.700000 0.400000 0.013333 0.070000
3 0.813333 0.711667 0.007500 0.016667
2 0.316667 0.713333 0.017500 0.116667
2 0.330833 0.720000 0.026667 0.035000
2 0.304167 0.308333 0.023333 0.041667
3 0.629167 0.643333 0.010833 0.023333
3 0.300833 0.696667 0.017500 0.031667
3 0.631667 0.383333 0.008333 0.016667
3 0.784167 0.391667 0.009167 0.015000
3 0.733333 0.695000 0.009167 0.016667
3 0.789167 0.416667 0.007500 0.018333
3 0.521667 0.385000 0.011667 0.030000
3 0.715000 0.641667 0.013333 0.015000
3 0.342500 0.871667 0.009167 0.016667
2 0.653333 0.430000 0.022500 0.023333
3 0.315833 0.385000 0.006667 0.018333
3 0.801667 0.373333 0.009167 0.016667
3 0.313333 0.260000 0.010000 0.016667
3 0.314167 0.393333 0.010000 0.016667
2 0.379167 0.738333 0.011667 0.066667
3 0.685833 0.358333 0.008333 0.016667
3 0.348333 0.838333 0.011667 0.020000
3 0.760833 0.610000 0.007500 0.018333
3 0.505000 0.678333 0.009167 0.016667
2 0.300833 0.378333 0.026667 0.035000
3 0.710833 0.673333 0.008333 0.016667
2 0.494167 0.266667 0.027500 0.016667
2 0.211667 0.435000 0.034167 0.100000
3 0.312500 0.720000 0.009167 0.016667
3 0.828333 0.408333 0.013333 0.031667
2 0.595833 0.703333 0.017500 0.116667
3 0.435833 0.845000 0.013333 0.015000
3 0.448333 0.385000 0.007500 0.015000
2 0.679167 0.378333 0.019167 0.046667
2 0.395000 0.818333 0.058333 0.076667
2 0.703333 0.371667 0.020000 0.021667
2 0.759167 0.583333 0.020833 0.080000
3 0.550000 0.660000 0.008333 0.021667
3 0.662500 0.383333 0.008333 0.016667
3 0.289167 0.153333 0.008333 0.016667
2 0.358333 0.356667 0.058333 0.076667
2 0.520833 0.998333 0.029167 0.001667
2 0.333333 0.255000 0.013333 0.070000
2 0.702500 0.626667 0.023333 0.106667
2 0.690833 0.358333 0.048333 0.043333
3 0.626667 0.330000 0.009167 0.023333
3 0.550000 0.336667 0.015833 0.051667
3 0.723333 0.393333 0.009167 0.023333
2 0.690833 0.358333 0.013333 0.070000
3 0.520833 0.668333 0.009167 0.015000
3 0.777500 0.350000 0.009167 0.016667
3 0.469167 0.353333 0.010833 0.013333
3 0.317500 0.656667 0.015833 0.051667
3 0.283333 0.270000 0.015833 0.051667
2 0.709167 0.668333 0.058333 0.076667
3 0.665833 0.681667 0.008333 0.021667
3 0.826667 0.416667 0.008333 0.016667
3 0.345000 0.638333 0.007500 0.016667
2 0.271667 0.645000 0.011667 0.066667
3 0.498333 0.775000 0.011667 0.020000
2 0.777500 0.900000 0.023333 0.106667
2 0.700833 0.586667 0.058333 0.076667
3 0.690000 0.606667 0.006667 0.018333
2 0.448333 0.703333 0.010000 0.031667
