4 0.790000 0.625000 0.151667 0.295000
4 0.884167 0.636667 0.055000 0.078333
4 0.718333 0.615000 0.302500 0.366667
4 0.815000 0.478333 0.115000 0.173333
4 0.855000 0.573333 0.058333 0.020000
4 0.838333 0.563333 0.095833 0.025000
4 0.865833 0.601667 0.099167 0.030000
4 0.824167 0.458333 0.123333 0.153333
4 0.852500 0.603333 0.055000 0.070000
4 0.891667 0.581667 0.055833 0.100000
4 0.157500 0.636667 0.075000 0.203333
4 0.623333 0.566667 0.128333 0.045000
4 0.474167 0.523333 0.047500 0.045000
4 0.690833 0.510000 0.052500 0.021667
4 0.314167 0.560000 0.037500 0.036667
4 0.274167 0.523333 0.063333 0.038333
4 0.090833 0.483333 0.077500 0.045000
4 0.229167 0.481667 0.049167 0.050000
4 0.442500 0.570000 0.098333 0.123333
4 0.555833 0.471667 0.045833 0.055000
2 0.183333 0.446667 0.035000 0.105000
2 0.679167 0.585000 0.020000 0.021667
2 0.705000 0.558333 0.048333 0.043333
3 0.182500 0.525000 0.010000 0.020000
2 0.810000 0.543333 0.021667 0.090000
3 0.301667 0.470000 0.009167 0.015000
2 0.411667 0.491667 0.034167 0.038333
3 0.298333 0.600000 0.010833 0.023333
3 0.720833 0.505000 0.008333 0.021667
2 0.559167 0.531667 0.010000 0.031667
2 0.732500 0.476667 0.035000 0.105000
3 0.345833 0.470000 0.008333 0.016667
3 0.189167 0.546667 0.010833 0.023333
2 0.037500 0.505000 0.010000 0.031667
3 0.375833 0.556667 0.011667 0.020000
3 0.168333 0.558333 0.008333 0.016667
3 0.429167 0.500000 0.011667 0.020000
3 0.023333 0.528333 0.007500 0.015000
2 0.692500 0.593333 0.026667 0.035000
3 0.342500 0.581667 0.009167 0.023333
2 0.565000 0.603333 0.021667 0.090000
2 0.731667 0.556667 0.048333 0.025000
3 0.466667 0.538333 0.009167 0.016667
3 0.554167 0.545000 0.010000 0.016667
3 0.781667 0.471667 0.009167 0.016667
3 0.698333 0.503333 0.010833 0.023333
3 0.622500 0.571667 0.007500 0.015000
2 0.110833 0.595000 0.021667 0.090000
2 0.064167 0.576667 0.023333 0.041667
3 0.800000 0.546667 0.010000 0.016667
2 0.517500 0.550000 0.020833 0.080000
2 0.237500 0.540000 0.034167 0.038333
2 0.510833 0.580000 0.034167 0.100000
3 0.435000 0.538333 0.007500 0.018333
3 0.283333 0.578333 0.007500 0.018333
2 0.664167 0.485000 0.020833 0.080000
3 0.146667 0.460000 0.009167 0.016667
2 0.611667 0.561667 0.011667 0.025000
3 0.599167 0.528333 0.013333 0.015000
2 0.250833 0.543333 0.048333 0.025000
3 0.504167 0.491667 0.006667 0.018333
2 0.301667 0.583333 0.021667 0.090000
3 0.144167 0.471667 0.013333 0.031667
3 0.451667 0.543333 0.010833 0.023333
3 0.125833 0.561667 0.008333 0.016667
2 0.250000 0.490000 0.035000 0.105000
3 0.422500 0.535000 0.007500 0.016667
2 0.120000 0.453333 0.034167 0.038333
2 0.687500 0.583333 0.026667 0.035000
2 0.776667 0.578333 0.020000 0.021667
3 0.510000 0.470000 0.009167 0.016667
3 0.298333 0.523333 0.008333 0.016667
3 0.223333 0.555000 0.006667 0.018333
3 0.338333 0.490000 0.013333 0.015000
2 0.041667 0.536667 0.058333 0.076667
3 0.188333 0.471667 0.015833 0.051667
3 0.569167 0.480000 0.007500 0.018333
2 0.560000 0.481667 0.014167 0.015000
2 0.592500 0.528333 0.026667 0.035000
3 0.052500 0.483333 0.009167 0.016667
2 0.469167 0.458333 0.026667 0.035000
2 0.620000 0.476667 0.013333 0.070000
2 0.575000 0.526667 0.013333 0.070000
3 0.368333 0.516667 0.007500 0.018333
2 0.030833 0.550000 0.034167 0.100000
2 0.292500 0.625000 0.010833 0.091667
3 0.091667 0.498333 0.007500 0.018333
3 0.225000 0.455000 0.007500 0.015000
2 0.144167 0.483333 0.029167 0.038333
2 0.455833 0.645000 0.010833 0.091667
2 0.241667 0.523333 0.026667 0.035000
3 0.546667 0.515000 0.010833 0.013333
3 0.595833 0.466667 0.010833 0.023333
2 0.085000 0.500000 0.022500 0.023333
3 0.771667 0.453333 0.014167 0.025000
2 0.430000 0.548333 0.011667 0.066667
3 0.330833 0.450000 0.010833 0.023333
2 0.255000 0.501667 0.011667 0.066667
2 0.800000 0.445000 0.009167 0.040000
3 0.077500 0.570000 0.007500 0.018333
2 0.707500 0.548333 0.011667 0.066667
2 0.257500 0.531667 0.021667 0.090000
2 0.022500 0.566667 0.010833 0.091667
3 0.442500 0.591667 0.017500 0.031667
2 0.815000 0.665000 0.030833 0.051667
2 0.585833 0.510000 0.023333 0.041667
2 0.098333 0.603333 0.021667 0.090000
2 0.310000 0.465000 0.058333 0.076667
2 0.688333 0.475000 0.023333 0.041667
2 0.808333 0.611667 0.010833 0.091667
2 0.341667 0.485000 0.023333 0.041667
3 0.247500 0.471667 0.007500 0.018333
3 0.271667 0.543333 0.010000 0.016667
3 0.471667 0.558333 0.010833 0.013333
3 0.125000 0.480000 0.015833 0.051667
2 0.685000 0.568333 0.034167 0.038333
2 0.562500 0.605000 0.097500 0.053333
2 0.680833 0.466667 0.020833 0.028333
2 0.311667 0.513333 0.048333 0.043333
3 0.643333 0.511667 0.008333 0.016667
2 0.081667 0.468333 0.027500 0.016667
3 0.310000 0.533333 0.010000 0.020000
2 0.670000 0.638333 0.020000 0.021667
3 0.485833 0.256667 0.007500 0.015000
2 0.415000 0.803333 0.034167 0.038333
3 0.389167 0.646667 0.009167 0.015000
2 0.260000 0.691667 0.034167 0.100000
3 0.645000 0.676667 0.009167 0.015000
3 0.339167 0.831667 0.014167 0.025000
3 0.609167 0.673333 0.014167 0.025000
3 0.486667 0.756667 0.008333 0.021667
2 0.347500 0.316667 0.015833 0.068333
3 0.774167 0.345000 0.007500 0.018333
2 0.755000 0.425000 0.022500 0.023333
2 0.245000 0.420000 0.021667 0.090000
3 0.401667 0.376667 0.009167 0.016667
2 0.352500 0.736667 0.017500 0.116667
3 0.678333 0.665000 0.007500 0.018333
2 0.650833 0.391667 0.026667 0.035000
3 0.685833 0.625000 0.007500 0.015000
3 0.582500 0.653333 0.007500 0.015000
3 0.281667 0.745000 0.008333 0.016667
2 0.290833 0.245000 0.014167 0.015000
3 0.610000 0.390000 0.007500 0.016667
2 0.529167 0.408333 0.020000 0.021667
2 0.685833 0.626667 0.009167 0.031667
2 0.470833 0.210000 0.030833 0.051667
2 0.437500 0.375000 0.026667 0.035000
3 0.570833 0.150000 0.007500 0.015000
2 0.686667 0.325000 0.058333 0.076667
2 0.330000 0.860000 0.020000 0.021667
3 0.457500 0.223333 0.007500 0.018333
2 0.393333 0.338333 0.011667 0.066667
2 0.343333 0.406667 0.010833 0.091667
2 0.311667 0.785000 0.013333 0.070000
3 0.522500 0.358333 0.010833 0.013333
2 0.650000 0.655000 0.058333 0.076667
3 0.258333 0.363333 0.009167 0.018333
3 0.464167 0.878333 0.011667 0.020000
2 0.469167 0.206667 0.048333 0.025000
3 0.566667 0.688333 0.007500 0.018333
3 0.775833 0.378333 0.007500 0.015000
3 0.572500 0.665000 0.011667 0.020000
2 0.578333 0.298333 0.035000 0.105000
3 0.377500 0.358333 0.013333 0.031667
2 0.575833 0.441667 0.022500 0.023333
3 0.766667 0.641667 0.008333 0.016667
2 0.480000 0.736667 0.097500 0.053333
3 0.683333 0.333333 0.017500 0.031667
3 0.495000 0.341667 0.010000 0.016667
2 0.526667 0.613333 0.020833 0.028333
2 0.669167 0.345000 0.027500 0.016667
2 0.647500 0.708333 0.048333 0.043333
3 0.488333 0.378333 0.007500 0.016667
2 0.440000 0.705000 0.029167 0.038333
3 0.315833 0.711667 0.015833 0.051667
2 0.328333 0.870000 0.023333 0.106667
3 0.330833 0.395000 0.008333 0.021667
2 0.658333 0.435000 0.014167 0.015000
3 0.710833 0.451667 0.009167 0.023333
3 0.630000 0.433333 0.013333 0.015000
3 0.305000 0.666667 0.008333 0.021667
2 0.498333 0.251667 0.034167 0.038333
3 0.682500 0.708333 0.007500 0.018333
2 0.344167 0.301667 0.048333 0.043333
2 0.526667 0.653333 0.020833 0.080000
3 0.659167 0.346667 0.015833 0.051667
3 0.233333 0.801667 0.007500 0.018333
3 0.610833 0.333333 0.013333 0.015000
3 0.725833 0.358333 0.008333 0.016667
2 0.670833 0.411667 0.020833 0.080000
2 0.515000 0.791667 0.009167 0.040000
2 0.807500 0.385000 0.019167 0.046667
2 0.430000 0.886667 0.034167 0.038333
2 0.631667 0.390000 0.034167 0.100000
2 0.460833 0.640000 0.011667 0.066667
2 0.798333 0.410000 0.048333 0.043333
2 0.296667 0.400000 0.020833 0.028333
3 0.764167 0.711667 0.009167 0.016667
2 0.400000 0.635000 0.009167 0.040000
2 0.607500 0.653333 0.048333 0.025000
2 0.644167 0.585000 0.034167 0.038333
3 0.317500 0.371667 0.011667 0.020000
3 0.686667 0.616667 0.007500 0.015000
2 0.329167 0.433333 0.013333 0.070000
3 0.478333 0.296667 0.010833 0.023333
2 0.640833 0.633333 0.009167 0.031667
2 0.688333 0.376667 0.021667 0.090000
3 0.350000 0.426667 0.010833 0.013333
3 0.516667 0.363333 0.009167 0.016667
3 0.733333 0.690000 0.009167 0.016667
3 0.558333 0.663333 0.007500 0.015000
2 0.619167 0.676667 0.034167 0.100000
3 0.634167 0.638333 0.013333 0.031667
2 0.775000 0.358333 0.010833 0.091667
3 0.690833 0.713333 0.009167 0.016667
3 0.336667 0.645000 0.011667 0.020000
2 0.614167 0.643333 0.010000 0.031667
2 0.334167 0.295000 0.020833 0.028333
3 0.518333 0.660000 0.010833 0.013333
3 0.239167 0.748333 0.017500 0.031667
3 0.473333 0.796667 0.011667 0.020000
2 0.445000 0.223333 0.030833 0.051667
3 0.408333 0.403333 0.017500 0.031667
2 0.510000 0.591667 0.020833 0.028333
3 0.341667 0.233333 0.013333 0.031667
3 0.545000 0.645000 0.011667 0.020000
2 0.690000 0.621667 0.048333 0.025000
2 0.573333 0.640000 0.027500 0.016667
2 0.414167 0.676667 0.014167 0.015000
3 0.570833 0.715000 0.010833 0.013333
2 0.765833 0.371667 0.014167 0.015000
3 0.225833 0.706667 0.009167 0.018333
3 0.747500 0.393333 0.007500 0.016667
2 0.312500 0.260000 0.013333 0.070000
2 0.621667 0.421667 0.023333 0.041667
2 0.435833 0.673333 0.009167 0.040000
3 0.779167 0.333333 0.008333 0.016667
3 0.775833 0.366667 0.009167 0.023333
2 0.640833 0.265000 0.045833 0.021667
2 0.485833 0.640000 0.014167 0.015000
2 0.700000 0.661667 0.020833 0.080000
3 0.502500 0.790000 0.017500 0.031667
3 0.538333 0.735000 0.010833 0.023333
3 0.655833 0.626667 0.008333 0.016667
2 0.710000 0.686667 0.014167 0.015000
3 0.571667 0.638333 0.008333 0.016667
2 0.640833 0.665000 0.027500 0.016667
2 0.718333 0.406667 0.011667 0.066667
3 0.659167 0.376667 0.014167 0.025000
3 0.585000 0.750000 0.017500 0.031667
2 0.281667 0.775000 0.009167 0.031667
2 0.647500 0.695000 0.045833 0.021667
3 0.582500 0.655000 0.007500 0.015000
2 0.819167 0.415000 0.013333 0.070000
2 0.690833 0.590000 0.020833 0.080000
3 0.720000 0.648333 0.010000 0.016667
3 0.435833 0.741667 0.009167 0.016667
3 0.389167 0.755000 0.007500 0.016667
3 0.414167 0.680000 0.007500 0.015000
3 0.325000 0.230000 0.014167 0.025000
3 0.785833 0.370000 0.007500 0.018333
2 0.302500 0.400000 0.017500 0.116667
3 0.555000 0.358333 0.007500 0.018333
3 0.806667 0.636667 0.008333 0.021667
2 0.470000 0.775000 0.020833 0.080000
2 0.635000 0.360000 0.027500 0.016667
2 0.505000 0.350000 0.030833 0.051667
2 0.462500 0.325000 0.023333 0.041667
3 0.675833 0.396667 0.009167 0.023333
2 0.431667 0.630000 0.015833 0.068333
2 0.534167 0.728333 0.011667 0.025000
3 0.695000 0.643333 0.008333 0.021667
2 0.267500 0.743333 0.009167 0.031667
3 0.350833 0.430000 0.010000 0.020000
2 0.698333 0.723333 0.030833 0.051667
2 0.259167 0.758333 0.030833 0.051667
3 0.304167 0.291667 0.010000 0.020000
3 0.547500 0.653333 0.007500 0.015000
3 0.735000 0.415000 0.009167 0.016667
3 0.230000 0.380000 0.014167 0.025000
2 0.543333 0.716667 0.022500 0.023333
3 0.772500 0.350000 0.011667 0.030000
2 0.720833 0.593333 0.097500 0.053333
3 0.738333 0.416667 0.009167 0.016667
2 0.640000 0.651667 0.011667 0.025000
3 0.562500 0.371667 0.007500 0.015000
3 0.736667 0.661667 0.007500 0.016667
2 0.318333 0.736667 0.034167 0.100000
2 0.810000 0.416667 0.048333 0.025000
2 0.788333 0.710000 0.015833 0.068333
3 0.739167 0.658333 0.007500 0.015000
3 0.656667 0.338333 0.009167 0.016667
2 0.743333 0.408333 0.020000 0.021667
3 0.726667 0.613333 0.008333 0.016667
2 0.715000 0.393333 0.048333 0.043333
2 0.639167 0.400000 0.023333 0.041667
2 0.780833 0.645000 0.015833 0.068333
2 0.605000 0.335000 0.045833 0.021667
2 0.683333 0.333333 0.097500 0.053333
2 0.396667 0.645000 0.027500 0.016667
3 0.465000 0.375000 0.011667 0.020000
2 0.615833 0.340000 0.020833 0.080000
3 0.372500 0.346667 0.009167 0.016667
3 0.310833 0.793333 0.009167 0.015000
2 0.361667 0.700000 0.014167 0.015000
2 0.833333 0.416667 0.010000 0.031667
3 0.709167 0.375000 0.008333 0.016667
2 0.769167 0.456667 0.021667 0.090000
2 0.335833 0.361667 0.048333 0.043333
2 0.537500 0.721667 0.014167 0.015000
2 0.525833 0.405000 0.020833 0.080000
2 0.523333 0.323333 0.020833 0.080000
2 0.751667 0.395000 0.058333 0.076667
2 0.538333 0.643333 0.020833 0.028333
2 0.685833 0.358333 0.026667 0.035000
2 0.552500 0.303333 0.019167 0.046667
3 0.392500 0.703333 0.009167 0.015000
3 0.647500 0.441667 0.013333 0.015000
3 0.417500 0.716667 0.010833 0.023333
