4 0.806667 0.551667 0.060833 0.080000
4 0.801667 0.451667 0.126667 0.076667
4 0.846667 0.571667 0.091667 0.143333
4 0.875833 0.448333 0.095833 0.080000
4 0.886667 0.496667 0.043333 0.023333
4 0.832500 0.533333 0.080833 0.051667
4 0.822500 0.605000 0.061667 0.141667
4 0.828333 0.595000 0.082500 0.048333
4 0.838333 0.463333 0.097500 0.146667
4 0.769167 0.431667 0.173333 0.111667
4 0.332500 0.546667 0.176667 0.126667
4 0.105833 0.660000 0.078333 0.178333
4 0.643333 0.480000 0.124167 0.098333
4 0.321667 0.500000 0.080833 0.121667
4 0.055000 0.583333 0.110833 0.095000
4 0.525833 0.421667 0.090000 0.165000
4 0.187500 0.533333 0.080000 0.053333
4 0.322500 0.570000 0.066667 0.055000
4 0.435000 0.460000 0.113333 0.085000
4 0.637500 0.535000 0.060000 0.085000
2 0.750833 0.603333 0.021667 0.090000
2 0.148333 0.565000 0.021667 0.090000
3 0.191667 0.498333 0.007500 0.016667
3 0.515000 0.551667 0.013333 0.031667
2 0.418333 0.566667 0.034167 0.100000
2 0.820000 0.671667 0.010000 0.031667
3 0.588333 0.523333 0.008333 0.016667
2 0.446667 0.520000 0.010833 0.091667
2 0.058333 0.550000 0.014167 0.015000
2 0.823333 0.386667 0.013333 0.070000
3 0.538333 0.481667 0.008333 0.021667
3 0.240833 0.450000 0.011667 0.020000
3 0.342500 0.533333 0.009167 0.016667
2 0.185833 0.548333 0.048333 0.043333
3 0.252500 0.530000 0.011667 0.020000
2 0.014167 0.476667 0.028333 0.076667
3 0.247500 0.478333 0.014167 0.025000
2 0.085833 0.531667 0.022500 0.023333
2 0.125833 0.516667 0.010833 0.091667
3 0.590000 0.556667 0.011667 0.030000
3 0.217500 0.513333 0.015833 0.051667
2 0.110833 0.526667 0.021667 0.090000
2 0.729167 0.491667 0.017500 0.116667
2 0.122500 0.600000 0.022500 0.023333
2 0.294167 0.533333 0.010833 0.091667
3 0.672500 0.486667 0.008333 0.016667
2 0.441667 0.461667 0.026667 0.035000
3 0.816667 0.470000 0.011667 0.020000
2 0.215000 0.581667 0.010000 0.031667
2 0.034167 0.515000 0.030833 0.051667
3 0.820833 0.475000 0.006667 0.018333
2 0.119167 0.560000 0.045833 0.021667
2 0.685833 0.560000 0.009167 0.040000
3 0.727500 0.566667 0.009167 0.023333
3 0.300000 0.553333 0.008333 0.016667
2 0.242500 0.505000 0.027500 0.016667
2 0.358333 0.516667 0.020833 0.028333
3 0.296667 0.448333 0.008333 0.016667
3 0.182500 0.536667 0.008333 0.016667
3 0.325000 0.581667 0.006667 0.018333
3 0.395000 0.510000 0.011667 0.020000
2 0.810833 0.620000 0.013333 0.070000
3 0.740833 0.501667 0.008333 0.016667
2 0.259167 0.590000 0.023333 0.106667
2 0.605833 0.538333 0.009167 0.040000
2 0.659167 0.531667 0.013333 0.070000
3 0.684167 0.468333 0.009167 0.023333
2 0.360833 0.516667 0.035000 0.105000
3 0.805833 0.551667 0.011667 0.030000
3 0.752500 0.470000 0.007500 0.018333
2 0.120833 0.501667 0.011667 0.066667
2 0.025833 0.446667 0.020833 0.028333
3 0.168333 0.480000 0.008333 0.016667
2 0.778333 0.508333 0.019167 0.046667
2 0.442500 0.485000 0.021667 0.090000
3 0.739167 0.533333 0.007500 0.018333
3 0.397500 0.501667 0.010000 0.020000
3 0.361667 0.480000 0.007500 0.015000
3 0.720000 0.465000 0.006667 0.018333
3 0.553333 0.565000 0.007500 0.018333
2 0.720000 0.503333 0.015833 0.068333
2 0.705833 0.608333 0.020833 0.080000
2 0.177500 0.436667 0.009167 0.040000
2 0.459167 0.556667 0.020000 0.021667
2 0.120000 0.511667 0.020833 0.080000
3 0.074167 0.536667 0.009167 0.016667
3 0.032500 0.535000 0.009167 0.016667
3 0.662500 0.580000 0.009167 0.016667
2 0.788333 0.516667 0.020000 0.021667
2 0.149167 0.508333 0.048333 0.025000
2 0.785833 0.578333 0.027500 0.016667
3 0.440000 0.521667 0.011667 0.020000
2 0.545833 0.480000 0.017500 0.116667
3 0.543333 0.536667 0.006667 0.018333
2 0.375000 0.493333 0.011667 0.025000
3 0.505000 0.476667 0.010000 0.016667
3 0.490000 0.515000 0.015833 0.051667
2 0.308333 0.515000 0.048333 0.043333
3 0.565000 0.508333 0.010833 0.023333
3 0.425833 0.503333 0.013333 0.015000
3 0.683333 0.465000 0.011667 0.030000
3 0.637500 0.498333 0.008333 0.016667
2 0.711667 0.590000 0.022500 0.023333
2 0.160833 0.478333 0.030833 0.051667
3 0.613333 0.620000 0.008333 0.016667
2 0.620000 0.550000 0.023333 0.106667
3 0.455000 0.588333 0.008333 0.016667
2 0.447500 0.636667 0.010833 0.091667
2 0.428333 0.560000 0.034167 0.038333
3 0.173333 0.556667 0.011667 0.020000
2 0.813333 0.520000 0.020833 0.080000
2 0.157500 0.495000 0.035000 0.105000
2 0.371667 0.533333 0.020000 0.021667
2 0.373333 0.558333 0.035000 0.105000
2 0.110000 0.545000 0.019167 0.046667
2 0.250000 0.523333 0.020833 0.028333
2 0.776667 0.498333 0.013333 0.070000
2 0.454167 0.441667 0.010000 0.031667
3 0.140833 0.511667 0.013333 0.015000
2 0.349167 0.471667 0.011667 0.025000
2 0.298333 0.481667 0.020833 0.028333
2 0.390000 0.535000 0.011667 0.066667
3 0.534167 0.358333 0.006667 0.018333
3 0.487500 0.285000 0.007500 0.018333
2 0.556667 0.650000 0.009167 0.040000
2 0.262500 0.778333 0.015833 0.068333
2 0.508333 0.765000 0.013333 0.070000
3 0.677500 0.368333 0.007500 0.015000
3 0.637500 0.671667 0.007500 0.018333
3 0.285000 0.260000 0.013333 0.015000
3 0.759167 0.295000 0.007500 0.018333
2 0.476667 0.371667 0.027500 0.016667
3 0.636667 0.636667 0.007500 0.015000
3 0.701667 0.696667 0.017500 0.031667
3 0.795000 0.416667 0.011667 0.020000
2 0.466667 0.348333 0.034167 0.100000
3 0.787500 0.605000 0.006667 0.018333
2 0.481667 0.313333 0.009167 0.040000
3 0.679167 0.363333 0.007500 0.015000
3 0.314167 0.788333 0.013333 0.015000
2 0.438333 0.666667 0.009167 0.031667
3 0.584167 0.636667 0.010833 0.013333
2 0.678333 0.653333 0.026667 0.035000
2 0.657500 0.626667 0.029167 0.038333
2 0.772500 0.403333 0.020833 0.028333
2 0.237500 0.713333 0.020833 0.080000
2 0.815833 0.366667 0.020000 0.021667
3 0.570000 0.151667 0.010000 0.020000
2 0.789167 0.646667 0.023333 0.041667
3 0.773333 0.660000 0.015833 0.051667
3 0.573333 0.401667 0.010833 0.023333
3 0.345000 0.371667 0.008333 0.016667
3 0.722500 0.435000 0.015833 0.051667
2 0.750000 0.378333 0.023333 0.106667
2 0.388333 0.640000 0.010000 0.031667
3 0.435833 0.648333 0.008333 0.016667
3 0.555833 0.318333 0.013333 0.015000
2 0.591667 0.723333 0.034167 0.038333
2 0.709167 0.685000 0.009167 0.040000
2 0.298333 0.326667 0.034167 0.100000
3 0.694167 0.636667 0.007500 0.015000
2 0.716667 0.423333 0.027500 0.016667
2 0.533333 0.403333 0.011667 0.025000
3 0.516667 0.331667 0.007500 0.018333
3 0.654167 0.445000 0.007500 0.015000
3 0.799167 0.641667 0.009167 0.018333
3 0.754167 0.413333 0.017500 0.031667
2 0.751667 0.383333 0.014167 0.015000
2 0.387500 0.621667 0.011667 0.066667
2 0.745833 0.761667 0.009167 0.040000
3 0.263333 0.788333 0.014167 0.025000
2 0.462500 0.235000 0.029167 0.038333
3 0.494167 0.160000 0.010833 0.013333
2 0.269167 0.285000 0.017500 0.116667
3 0.485833 0.445000 0.007500 0.018333
3 0.270833 0.688333 0.007500 0.016667
3 0.550833 0.321667 0.014167 0.025000
3 0.718333 0.998333 0.010833 0.001667
2 0.554167 0.666667 0.014167 0.015000
3 0.564167 0.661667 0.008333 0.016667
3 0.287500 0.261667 0.008333 0.016667
3 0.265833 0.275000 0.010833 0.013333
2 0.711667 0.648333 0.023333 0.041667
2 0.780000 0.645000 0.048333 0.025000
3 0.554167 0.645000 0.008333 0.021667
2 0.730833 0.680000 0.029167 0.038333
2 0.713333 0.671667 0.058333 0.076667
3 0.796667 0.643333 0.009167 0.015000
3 0.271667 0.290000 0.013333 0.031667
3 0.449167 0.730000 0.009167 0.016667
3 0.335833 0.258333 0.011667 0.020000
2 0.295000 0.320000 0.034167 0.100000
2 0.454167 0.685000 0.020833 0.080000
3 0.576667 0.746667 0.008333 0.021667
3 0.716667 0.616667 0.008333 0.016667
3 0.218333 0.633333 0.008333 0.016667
2 0.308333 0.225000 0.020833 0.028333
3 0.312500 0.645000 0.013333 0.031667
3 0.805833 0.423333 0.006667 0.018333
2 0.694167 0.358333 0.009167 0.031667
3 0.489167 0.781667 0.008333 0.016667
2 0.477500 0.233333 0.009167 0.031667
3 0.689167 0.710000 0.013333 0.015000
3 0.706667 0.701667 0.009167 0.015000
2 0.330000 0.315000 0.015833 0.068333
2 0.779167 0.378333 0.035000 0.105000
2 0.516667 0.308333 0.048333 0.025000
3 0.766667 0.668333 0.008333 0.016667
2 0.575833 0.636667 0.027500 0.016667
2 0.414167 0.378333 0.022500 0.023333
3 0.622500 0.638333 0.008333 0.016667
3 0.572500 0.663333 0.007500 0.018333
3 0.320000 0.356667 0.007500 0.015000
2 0.329167 0.753333 0.017500 0.116667
2 0.284167 0.260000 0.014167 0.015000
2 0.245833 0.391667 0.022500 0.023333
2 0.298333 0.288333 0.097500 0.053333
2 0.728333 0.673333 0.020833 0.080000
2 0.634167 0.356667 0.022500 0.023333
2 0.354167 0.685000 0.030833 0.051667
2 0.269167 0.388333 0.097500 0.053333
3 0.465000 0.846667 0.009167 0.016667
3 0.675833 0.341667 0.011667 0.020000
2 0.723333 0.786667 0.009167 0.031667
2 0.767500 0.600000 0.027500 0.016667
2 0.725000 0.331667 0.020833 0.080000
3 0.776667 0.428333 0.013333 0.031667
2 0.740000 0.328333 0.035000 0.105000
3 0.319167 0.360000 0.009167 0.016667
3 0.465833 0.845000 0.007500 0.015000
3 0.708333 0.685000 0.009167 0.016667
2 0.665000 0.651667 0.020833 0.080000
3 0.321667 0.345000 0.009167 0.016667
3 0.262500 0.698333 0.008333 0.016667
2 0.289167 0.870000 0.022500 0.023333
3 0.812500 0.418333 0.009167 0.015000
3 0.735833 0.816667 0.008333 0.021667
3 0.665000 0.418333 0.009167 0.016667
3 0.725833 0.355000 0.013333 0.031667
2 0.545833 0.693333 0.009167 0.031667
3 0.802500 0.730000 0.010833 0.023333
2 0.680000 0.283333 0.048333 0.025000
2 0.354167 0.291667 0.009167 0.031667
3 0.470000 0.295000 0.008333 0.016667
3 0.291667 0.270000 0.009167 0.016667
3 0.530000 0.693333 0.011667 0.030000
3 0.531667 0.376667 0.009167 0.023333
3 0.309167 0.723333 0.007500 0.018333
2 0.237500 0.385000 0.017500 0.116667
2 0.454167 0.345000 0.015833 0.068333
2 0.745000 0.623333 0.097500 0.053333
3 0.299167 0.736667 0.007500 0.015000
3 0.796667 0.656667 0.009167 0.015000
3 0.458333 0.696667 0.011667 0.030000
3 0.658333 0.391667 0.015833 0.051667
2 0.786667 0.405000 0.010000 0.031667
2 0.639167 0.685000 0.013333 0.070000
3 0.554167 0.341667 0.009167 0.016667
3 0.250833 0.393333 0.009167 0.016667
2 0.366667 0.395000 0.048333 0.043333
2 0.355833 0.663333 0.030833 0.051667
3 0.719167 0.371667 0.014167 0.025000
2 0.754167 0.633333 0.030833 0.051667
2 0.272500 0.276667 0.034167 0.100000
2 0.700000 0.711667 0.023333 0.106667
3 0.789167 0.428333 0.017500 0.031667
3 0.700000 0.658333 0.009167 0.016667
2 0.530833 0.703333 0.048333 0.043333
3 0.655000 0.415000 0.007500 0.015000
2 0.444167 0.826667 0.010000 0.031667
3 0.626667 0.378333 0.007500 0.018333
3 0.655000 0.395000 0.009167 0.018333
2 0.440000 0.668333 0.030833 0.051667
3 0.475833 0.303333 0.015833 0.051667
3 0.335833 0.228333 0.007500 0.016667
2 0.455833 0.315000 0.010833 0.091667
2 0.579167 0.380000 0.097500 0.053333
3 0.777500 0.703333 0.007500 0.016667
2 0.651667 0.263333 0.097500 0.053333
2 0.684167 0.323333 0.035000 0.105000
2 0.615833 0.398333 0.021667 0.090000
2 0.427500 0.368333 0.027500 0.016667
3 0.790000 0.718333 0.017500 0.031667
3 0.282500 0.711667 0.009167 0.016667
3 0.443333 0.375000 0.013333 0.015000
2 0.540833 0.685000 0.020833 0.080000
2 0.525000 0.998333 0.020833 0.001667
2 0.751667 0.371667 0.045833 0.021667
3 0.540000 0.723333 0.010000 0.020000
3 0.728333 0.648333 0.011667 0.030000
2 0.623333 0.368333 0.020833 0.080000
2 0.489167 0.291667 0.021667 0.090000
2 0.298333 0.118333 0.020833 0.080000
3 0.775000 0.380000 0.009167 0.016667
2 0.658333 0.398333 0.011667 0.025000
2 0.631667 0.625000 0.020000 0.021667
3 0.464167 0.703333 0.006667 0.018333
2 0.282500 0.318333 0.020000 0.021667
2 0.765000 0.420000 0.029167 0.038333
3 0.734167 0.688333 0.007500 0.016667
2 0.732500 0.343333 0.026667 0.035000
2 0.812500 0.616667 0.017500 0.116667
2 0.663333 0.420000 0.034167 0.100000
2 0.665833 0.450000 0.023333 0.106667
3 0.785000 0.890000 0.007500 0.015000
2 0.676667 0.290000 0.026667 0.035000
3 0.588333 0.630000 0.010000 0.016667
2 0.362500 0.686667 0.048333 0.043333
3 0.581667 0.656667 0.009167 0.016667
3 0.300833 0.636667 0.014167 0.025000
2 0.765833 0.385000 0.048333 0.025000
3 0.305833 0.391667 0.008333 0.016667
2 0.764167 0.411667 0.010000 0.031667
2 0.204167 0.300000 0.048333 0.043333
2 0.518333 0.656667 0.011667 0.025000
3 0.825000 0.416667 0.010833 0.023333
3 0.736667 0.655000 0.007500 0.015000
3 0.716667 0.643333 0.009167 0.018333
2 0.680000 0.633333 0.030833 0.051667
2 0.430000 0.733333 0.048333 0.025000
