4 0.800833 0.485000 0.142500 0.156667
4 0.845000 0.578333 0.135000 0.266667
4 0.870833 0.606667 0.087500 0.110000
4 0.819167 0.633333 0.195000 0.146667
4 0.809167 0.511667 0.094167 0.096667
4 0.872500 0.568333 0.078333 0.115000
4 0.811667 0.441667 0.130833 0.088333
4 0.735000 0.721667 0.245833 0.213333
4 0.777500 0.665000 0.149167 0.200000
4 0.887500 0.573333 0.090000 0.175000
4 0.601667 0.576667 0.100000 0.108333
4 0.398333 0.518333 0.036667 0.025000
4 0.447500 0.513333 0.042500 0.073333
4 0.781667 0.495000 0.080833 0.025000
4 0.155000 0.728333 0.125000 0.360000
4 0.398333 0.506667 0.142500 0.061667
4 0.556667 0.551667 0.185833 0.058333
4 0.221667 0.526667 0.073333 0.035000
4 0.190000 0.546667 0.095000 0.085000
4 0.178333 0.435000 0.158333 0.250000
2 0.460833 0.566667 0.030833 0.051667
2 0.028333 0.468333 0.015833 0.068333
3 0.637500 0.471667 0.013333 0.015000
2 0.384167 0.581667 0.023333 0.041667
2 0.263333 0.515000 0.058333 0.076667
3 0.570833 0.566667 0.008333 0.016667
3 0.411667 0.498333 0.008333 0.021667
2 0.370833 0.615000 0.030833 0.051667
3 0.805833 0.525000 0.014167 0.025000
3 0.160833 0.596667 0.009167 0.016667
2 0.168333 0.506667 0.034167 0.100000
3 0.567500 0.498333 0.010000 0.016667
3 0.485833 0.543333 0.013333 0.015000
3 0.690000 0.566667 0.008333 0.016667
2 0.630000 0.538333 0.010000 0.031667
2 0.220833 0.470000 0.020000 0.021667
2 0.743333 0.496667 0.027500 0.016667
3 0.786667 0.503333 0.009167 0.016667
3 0.337500 0.466667 0.008333 0.016667
3 0.509167 0.468333 0.017500 0.031667
2 0.247500 0.463333 0.020833 0.080000
3 0.155000 0.505000 0.007500 0.015000
3 0.615000 0.555000 0.009167 0.016667
3 0.555833 0.475000 0.010833 0.023333
3 0.755000 0.525000 0.009167 0.018333
3 0.778333 0.553333 0.011667 0.020000
2 0.585833 0.478333 0.020833 0.028333
2 0.042500 0.566667 0.020833 0.080000
3 0.495833 0.556667 0.014167 0.025000
2 0.032500 0.556667 0.015833 0.068333
3 0.210000 0.543333 0.011667 0.030000
2 0.071667 0.463333 0.022500 0.023333
2 0.225833 0.495000 0.017500 0.116667
3 0.188333 0.480000 0.011667 0.030000
3 0.715000 0.585000 0.009167 0.023333
3 0.373333 0.536667 0.008333 0.021667
3 0.359167 0.460000 0.010833 0.013333
2 0.693333 0.506667 0.020833 0.080000
2 0.145000 0.493333 0.015833 0.068333
3 0.031667 0.556667 0.006667 0.018333
3 0.555000 0.563333 0.010000 0.020000
2 0.199167 0.526667 0.023333 0.106667
2 0.590833 0.515000 0.020833 0.080000
2 0.820000 0.610000 0.020833 0.080000
3 0.651667 0.491667 0.008333 0.016667
3 0.821667 0.635000 0.006667 0.018333
3 0.415833 0.515000 0.011667 0.020000
3 0.301667 0.583333 0.006667 0.018333
3 0.435833 0.463333 0.009167 0.023333
3 0.540000 0.538333 0.007500 0.018333
2 0.811667 0.620000 0.019167 0.046667
3 0.682500 0.480000 0.006667 0.018333
3 0.420000 0.560000 0.013333 0.031667
2 0.645000 0.446667 0.009167 0.040000
2 0.213333 0.560000 0.021667 0.090000
3 0.678333 0.533333 0.009167 0.016667
2 0.440000 0.590000 0.030833 0.051667
2 0.179167 0.446667 0.011667 0.025000
3 0.274167 0.503333 0.010000 0.020000
3 0.508333 0.486667 0.007500 0.018333
3 0.735833 0.578333 0.007500 0.015000
2 0.185833 0.500000 0.020833 0.028333
2 0.477500 0.511667 0.045833 0.021667
2 0.375833 0.470000 0.015833 0.068333
2 0.334167 0.596667 0.017500 0.116667
2 0.715833 0.475000 0.029167 0.038333
2 0.369167 0.555000 0.009167 0.040000
2 0.566667 0.553333 0.020833 0.080000
2 0.390000 0.551667 0.029167 0.038333
3 0.587500 0.538333 0.009167 0.016667
2 0.385000 0.518333 0.097500 0.053333
2 0.516667 0.580000 0.010000 0.031667
3 0.398333 0.505000 0.017500 0.031667
2 0.703333 0.461667 0.009167 0.031667
2 0.571667 0.610000 0.034167 0.100000
2 0.404167 0.490000 0.048333 0.043333
2 0.680000 0.605000 0.023333 0.106667
3 0.142500 0.493333 0.008333 0.016667
2 0.444167 0.501667 0.010833 0.091667
3 0.265000 0.475000 0.009167 0.018333
2 0.645000 0.466667 0.026667 0.035000
2 0.426667 0.620000 0.023333 0.041667
2 0.033333 0.475000 0.048333 0.025000
3 0.031667 0.456667 0.009167 0.015000
2 0.150000 0.601667 0.014167 0.015000
2 0.218333 0.591667 0.014167 0.015000
2 0.300000 0.513333 0.010000 0.031667
3 0.300833 0.571667 0.011667 0.030000
2 0.175000 0.535000 0.017500 0.116667
2 0.735000 0.498333 0.097500 0.053333
2 0.453333 0.468333 0.020833 0.028333
3 0.571667 0.460000 0.010000 0.020000
3 0.827500 0.595000 0.010833 0.023333
2 0.505833 0.533333 0.048333 0.025000
2 0.545833 0.455000 0.015833 0.068333
2 0.820833 0.605000 0.021667 0.090000
2 0.805833 0.503333 0.022500 0.023333
2 0.221667 0.425000 0.058333 0.076667
2 0.394167 0.540000 0.030833 0.051667
3 0.822500 0.511667 0.008333 0.016667
2 0.273333 0.503333 0.026667 0.035000
2 0.600000 0.563333 0.058333 0.076667
3 0.570000 0.405000 0.017500 0.031667
3 0.722500 0.658333 0.007500 0.015000
3 0.194167 0.391667 0.007500 0.016667
3 0.671667 0.660000 0.009167 0.018333
3 0.288333 0.396667 0.014167 0.025000
3 0.318333 0.280000 0.007500 0.015000
3 0.685000 0.346667 0.009167 0.016667
3 0.785000 0.393333 0.007500 0.018333
3 0.310833 0.795000 0.009167 0.018333
3 0.769167 0.373333 0.007500 0.018333
2 0.650833 0.365000 0.015833 0.068333
3 0.347500 0.685000 0.010833 0.023333
2 0.420833 0.778333 0.011667 0.025000
3 0.312500 0.338333 0.010833 0.013333
3 0.606667 0.661667 0.008333 0.016667
2 0.490833 0.340000 0.027500 0.016667
3 0.739167 0.415000 0.007500 0.018333
3 0.264167 0.796667 0.013333 0.031667
3 0.481667 0.778333 0.007500 0.018333
2 0.423333 0.690000 0.011667 0.066667
3 0.540833 0.696667 0.011667 0.020000
2 0.751667 0.303333 0.023333 0.106667
3 0.450000 0.281667 0.009167 0.018333
3 0.640000 0.435000 0.009167 0.016667
2 0.292500 0.348333 0.023333 0.041667
3 0.316667 0.713333 0.009167 0.016667
2 0.190833 0.400000 0.014167 0.015000
2 0.440000 0.340000 0.015833 0.068333
3 0.497500 0.255000 0.009167 0.015000
2 0.596667 0.660000 0.097500 0.053333
2 0.650000 0.670000 0.020833 0.028333
2 0.325000 0.418333 0.010833 0.091667
3 0.775833 0.693333 0.014167 0.025000
2 0.711667 0.613333 0.017500 0.116667
3 0.347500 0.300000 0.010833 0.013333
3 0.270833 0.651667 0.007500 0.015000
2 0.798333 0.366667 0.020833 0.080000
3 0.643333 0.425000 0.007500 0.015000
3 0.264167 0.391667 0.010833 0.023333
3 0.482500 0.301667 0.010000 0.020000
2 0.749167 0.376667 0.045833 0.021667
3 0.701667 0.341667 0.010000 0.016667
3 0.286667 0.125000 0.007500 0.015000
2 0.560833 0.686667 0.020000 0.021667
2 0.733333 0.653333 0.014167 0.015000
2 0.441667 0.416667 0.020833 0.080000
3 0.369167 0.403333 0.009167 0.015000
2 0.724167 0.258333 0.027500 0.016667
3 0.696667 0.665000 0.011667 0.020000
3 0.783333 0.610000 0.007500 0.016667
2 0.777500 0.345000 0.014167 0.015000
2 0.313333 0.670000 0.009167 0.031667
3 0.746667 0.375000 0.007500 0.015000
3 0.525000 0.758333 0.008333 0.016667
2 0.324167 0.663333 0.058333 0.076667
3 0.401667 0.378333 0.009167 0.023333
3 0.599167 0.998333 0.013333 0.001667
2 0.443333 0.358333 0.097500 0.053333
3 0.713333 0.438333 0.008333 0.016667
2 0.740833 0.610000 0.020000 0.021667
3 0.185000 0.650000 0.009167 0.015000
2 0.362500 0.343333 0.010833 0.091667
3 0.535000 0.300000 0.008333 0.016667
2 0.557500 0.235000 0.035000 0.105000
3 0.603333 0.368333 0.011667 0.020000
3 0.521667 0.706667 0.013333 0.015000
3 0.358333 0.315000 0.009167 0.016667
3 0.695833 0.660000 0.007500 0.015000
2 0.252500 0.795000 0.027500 0.016667
2 0.552500 0.626667 0.045833 0.021667
2 0.541667 0.300000 0.035000 0.105000
3 0.324167 0.726667 0.007500 0.018333
3 0.576667 0.733333 0.010833 0.013333
2 0.420000 0.750000 0.021667 0.090000
3 0.767500 0.595000 0.009167 0.016667
3 0.770833 0.403333 0.008333 0.016667
2 0.663333 0.323333 0.015833 0.068333
2 0.725000 0.665000 0.045833 0.021667
3 0.755000 0.415000 0.009167 0.023333
2 0.660000 0.430000 0.010833 0.091667
2 0.265000 0.775000 0.011667 0.066667
3 0.726667 0.346667 0.007500 0.018333
3 0.788333 0.416667 0.014167 0.025000
2 0.523333 0.388333 0.030833 0.051667
2 0.764167 0.375000 0.009167 0.040000
3 0.441667 0.415000 0.010000 0.016667
2 0.808333 0.328333 0.035000 0.105000
3 0.310833 0.465000 0.015833 0.051667
3 0.305000 0.735000 0.008333 0.016667
2 0.614167 0.353333 0.034167 0.100000
3 0.773333 0.338333 0.013333 0.015000
2 0.520000 0.355000 0.034167 0.038333
2 0.238333 0.346667 0.020833 0.028333
2 0.345833 0.640000 0.027500 0.016667
3 0.580000 0.760000 0.009167 0.016667
2 0.332500 0.686667 0.010833 0.091667
3 0.428333 0.380000 0.007500 0.015000
2 0.644167 0.661667 0.023333 0.041667
3 0.765000 0.413333 0.007500 0.015000
2 0.743333 0.633333 0.020833 0.028333
3 0.519167 0.845000 0.010000 0.020000
3 0.754167 0.706667 0.008333 0.016667
2 0.363333 0.703333 0.019167 0.046667
2 0.705000 0.635000 0.011667 0.025000
2 0.700000 0.775000 0.019167 0.046667
2 0.752500 0.378333 0.020833 0.080000
2 0.801667 0.931667 0.020833 0.080000
2 0.718333 0.695000 0.048333 0.025000
3 0.571667 0.696667 0.006667 0.018333
3 0.392500 0.376667 0.009167 0.016667
3 0.737500 0.693333 0.009167 0.016667
3 0.453333 0.391667 0.009167 0.016667
2 0.677500 0.401667 0.010833 0.091667
2 0.430000 0.811667 0.030833 0.051667
3 0.226667 0.341667 0.008333 0.021667
2 0.416667 0.741667 0.013333 0.070000
3 0.306667 0.341667 0.009167 0.016667
2 0.524167 0.430000 0.010000 0.031667
2 0.672500 0.336667 0.017500 0.116667
3 0.775000 0.690000 0.010000 0.020000
2 0.597500 0.320000 0.020833 0.028333
2 0.715833 0.621667 0.022500 0.023333
2 0.750833 0.625000 0.010000 0.031667
2 0.688333 0.351667 0.023333 0.106667
3 0.316667 0.251667 0.008333 0.016667
3 0.489167 0.775000 0.007500 0.015000
2 0.700833 0.713333 0.026667 0.035000
2 0.319167 0.286667 0.097500 0.053333
2 0.773333 0.351667 0.021667 0.090000
2 0.648333 0.706667 0.045833 0.021667
3 0.253333 0.385000 0.008333 0.016667
3 0.620000 0.680000 0.009167 0.023333
2 0.698333 0.593333 0.058333 0.076667
2 0.611667 0.371667 0.010833 0.091667
3 0.518333 0.400000 0.011667 0.030000
3 0.469167 0.376667 0.011667 0.030000
3 0.597500 0.705000 0.010833 0.013333
3 0.420000 0.836667 0.007500 0.015000
2 0.593333 0.141667 0.009167 0.040000
2 0.400833 0.356667 0.097500 0.053333
2 0.399167 0.681667 0.034167 0.038333
2 0.395000 0.703333 0.034167 0.100000
3 0.640000 0.353333 0.007500 0.018333
3 0.527500 0.391667 0.013333 0.031667
2 0.275000 0.241667 0.029167 0.038333
3 0.327500 0.356667 0.008333 0.016667
2 0.370833 0.751667 0.023333 0.041667
3 0.670000 0.621667 0.011667 0.020000
2 0.685833 0.680000 0.010833 0.091667
2 0.745000 0.701667 0.010833 0.091667
2 0.506667 0.715000 0.027500 0.016667
3 0.652500 0.450000 0.011667 0.030000
3 0.695000 0.713333 0.010833 0.023333
3 0.659167 0.423333 0.011667 0.020000
2 0.332500 0.361667 0.020833 0.028333
3 0.746667 0.375000 0.007500 0.015000
2 0.585000 0.310000 0.048333 0.043333
2 0.752500 0.616667 0.011667 0.025000
2 0.780833 0.380000 0.019167 0.046667
3 0.520000 0.276667 0.008333 0.016667
3 0.746667 0.616667 0.009167 0.016667
2 0.230833 0.673333 0.010000 0.031667
2 0.422500 0.733333 0.009167 0.040000
2 0.690833 0.260000 0.020833 0.028333
2 0.445000 0.273333 0.048333 0.043333
3 0.781667 0.370000 0.010000 0.020000
3 0.260833 0.378333 0.009167 0.023333
3 0.698333 0.630000 0.010000 0.016667
3 0.380833 0.711667 0.017500 0.031667
2 0.537500 0.650000 0.027500 0.016667
2 0.497500 0.320000 0.097500 0.053333
3 0.470000 0.358333 0.009167 0.016667
2 0.351667 0.308333 0.010000 0.031667
2 0.515833 0.258333 0.013333 0.070000
3 0.597500 0.705000 0.010833 0.013333
3 0.650000 0.670000 0.009167 0.016667
2 0.734167 0.293333 0.026667 0.035000
3 0.451667 0.266667 0.013333 0.015000
3 0.477500 0.618333 0.008333 0.016667
3 0.465833 0.878333 0.008333 0.016667
3 0.378333 0.745000 0.007500 0.018333
2 0.662500 0.640000 0.022500 0.023333
2 0.733333 0.703333 0.009167 0.031667
2 0.694167 0.278333 0.020000 0.021667
3 0.284167 0.255000 0.011667 0.030000
3 0.484167 0.718333 0.007500 0.018333
2 0.443333 0.721667 0.023333 0.106667
2 0.798333 0.635000 0.011667 0.025000
2 0.267500 0.645000 0.034167 0.038333
2 0.434167 0.820000 0.029167 0.038333
2 0.339167 0.691667 0.009167 0.040000
3 0.224167 0.408333 0.009167 0.018333
3 0.329167 0.678333 0.009167 0.016667
3 0.356667 0.405000 0.008333 0.016667
3 0.331667 0.710000 0.007500 0.018333
2 0.562500 0.646667 0.026667 0.035000
3 0.485833 0.285000 0.010833 0.023333
2 0.449167 0.361667 0.009167 0.031667
