4 0.850833 0.481667 0.139167 0.250000
4 0.847500 0.611667 0.061667 0.085000
4 0.787500 0.691667 0.117500 0.221667
4 0.799167 0.645000 0.078333 0.168333
4 0.784167 0.606667 0.116667 0.151667
4 0.810000 0.651667 0.093333 0.205000
4 0.842500 0.346667 0.114167 0.211667
4 0.875000 0.591667 0.094167 0.046667
4 0.901667 0.495000 0.037500 0.061667
4 0.815000 0.446667 0.105000 0.215000
4 0.777500 0.631667 0.073333 0.205000
4 0.725000 0.541667 0.064167 0.060000
4 0.333333 0.586667 0.041667 0.080000
4 0.250000 0.580000 0.063333 0.141667
4 0.237500 0.538333 0.117500 0.063333
4 0.047500 0.571667 0.095000 0.130000
4 0.020000 0.465000 0.040000 0.241667
4 0.706667 0.520000 0.065000 0.043333
4 0.053333 0.498333 0.107500 0.151667
4 0.525833 0.575000 0.154167 0.080000
3 0.399167 0.471667 0.007500 0.015000
3 0.599167 0.448333 0.011667 0.020000
2 0.594167 0.541667 0.034167 0.100000
2 0.526667 0.575000 0.021667 0.090000
2 0.368333 0.473333 0.020000 0.021667
3 0.190833 0.481667 0.008333 0.021667
3 0.795000 0.460000 0.008333 0.016667
2 0.500833 0.508333 0.058333 0.076667
3 0.507500 0.491667 0.013333 0.015000
2 0.404167 0.533333 0.030833 0.051667
2 0.636667 0.515000 0.020000 0.021667
3 0.807500 0.568333 0.007500 0.018333
3 0.799167 0.490000 0.013333 0.031667
3 0.796667 0.441667 0.009167 0.016667
2 0.375833 0.560000 0.009167 0.031667
2 0.383333 0.498333 0.045833 0.021667
3 0.120000 0.553333 0.007500 0.015000
2 0.796667 0.456667 0.011667 0.025000
3 0.770000 0.583333 0.009167 0.016667
3 0.402500 0.560000 0.009167 0.016667
2 0.784167 0.528333 0.029167 0.038333
3 0.145833 0.525000 0.008333 0.016667
2 0.612500 0.608333 0.009167 0.031667
2 0.317500 0.483333 0.048333 0.043333
2 0.175000 0.600000 0.020000 0.021667
2 0.361667 0.470000 0.017500 0.116667
3 0.375000 0.578333 0.011667 0.030000
3 0.498333 0.475000 0.009167 0.016667
3 0.794167 0.493333 0.008333 0.021667
3 0.604167 0.571667 0.008333 0.016667
3 0.770000 0.536667 0.013333 0.031667
3 0.763333 0.473333 0.009167 0.016667
2 0.751667 0.523333 0.017500 0.116667
3 0.263333 0.481667 0.007500 0.018333
3 0.680833 0.460000 0.013333 0.031667
2 0.310000 0.575000 0.021667 0.090000
3 0.778333 0.471667 0.009167 0.016667
3 0.126667 0.458333 0.007500 0.015000
3 0.825000 0.468333 0.008333 0.016667
2 0.395833 0.615000 0.030833 0.051667
3 0.805833 0.551667 0.010000 0.020000
2 0.189167 0.531667 0.023333 0.041667
3 0.546667 0.463333 0.010000 0.016667
3 0.149167 0.598333 0.010000 0.016667
2 0.785000 0.495000 0.010833 0.091667
3 0.235833 0.473333 0.007500 0.016667
2 0.765000 0.538333 0.034167 0.038333
2 0.821667 0.545000 0.020833 0.028333
3 0.755000 0.561667 0.010000 0.016667
2 0.753333 0.543333 0.013333 0.070000
2 0.335000 0.450000 0.019167 0.046667
2 0.112500 0.541667 0.097500 0.053333
2 0.330833 0.483333 0.017500 0.116667
3 0.182500 0.450000 0.009167 0.016667
2 0.271667 0.503333 0.058333 0.076667
3 0.457500 0.481667 0.010000 0.020000
2 0.110833 0.428333 0.011667 0.066667
2 0.564167 0.601667 0.009167 0.031667
3 0.620000 0.488333 0.007500 0.015000
2 0.605000 0.483333 0.030833 0.051667
2 0.529167 0.546667 0.019167 0.046667
3 0.771667 0.513333 0.009167 0.016667
3 0.175833 0.461667 0.009167 0.018333
2 0.302500 0.506667 0.009167 0.040000
3 0.152500 0.536667 0.007500 0.015000
2 0.450833 0.513333 0.020833 0.028333
2 0.313333 0.463333 0.023333 0.041667
2 0.032500 0.443333 0.015833 0.068333
3 0.480000 0.425000 0.007500 0.018333
3 0.033333 0.548333 0.009167 0.016667
2 0.149167 0.468333 0.097500 0.053333
2 0.516667 0.478333 0.058333 0.076667
2 0.479167 0.455000 0.014167 0.015000
3 0.458333 0.471667 0.007500 0.015000
3 0.609167 0.438333 0.009167 0.015000
2 0.203333 0.536667 0.027500 0.016667
2 0.780000 0.535000 0.048333 0.025000
2 0.190000 0.548333 0.048333 0.043333
2 0.471667 0.563333 0.048333 0.043333
2 0.292500 0.483333 0.045833 0.021667
3 0.327500 0.583333 0.008333 0.016667
2 0.356667 0.520000 0.035000 0.105000
3 0.435000 0.506667 0.007500 0.018333
3 0.274167 0.461667 0.008333 0.016667
2 0.318333 0.566667 0.027500 0.016667
2 0.048333 0.570000 0.010000 0.031667
3 0.384167 0.515000 0.008333 0.016667
3 0.515000 0.500000 0.007500 0.018333
3 0.810000 0.448333 0.008333 0.016667
3 0.495000 0.561667 0.009167 0.016667
2 0.814167 0.531667 0.010833 0.091667
3 0.777500 0.500000 0.010833 0.013333
3 0.255000 0.498333 0.009167 0.018333
2 0.070833 0.545000 0.010000 0.031667
3 0.802500 0.545000 0.017500 0.031667
2 0.080000 0.451667 0.048333 0.025000
3 0.777500 0.525000 0.006667 0.018333
3 0.789167 0.540000 0.010000 0.020000
3 0.201667 0.440000 0.007500 0.015000
2 0.113333 0.463333 0.048333 0.043333
2 0.128333 0.523333 0.010833 0.091667
2 0.049167 0.538333 0.011667 0.066667
2 0.494167 0.378333 0.010833 0.091667
3 0.766667 0.640000 0.007500 0.018333
3 0.528333 0.386667 0.010833 0.013333
3 0.255833 0.226667 0.007500 0.015000
3 0.225000 0.413333 0.008333 0.021667
2 0.790000 0.421667 0.048333 0.043333
3 0.730833 0.716667 0.009167 0.015000
2 0.504167 0.356667 0.048333 0.043333
2 0.625833 0.370000 0.011667 0.066667
2 0.493333 0.286667 0.035000 0.105000
2 0.653333 0.678333 0.030833 0.051667
3 0.722500 0.435000 0.010000 0.020000
3 0.685000 0.395000 0.007500 0.015000
2 0.522500 0.390000 0.009167 0.031667
2 0.433333 0.375000 0.020833 0.080000
3 0.730000 0.303333 0.009167 0.016667
3 0.522500 0.705000 0.010833 0.013333
2 0.647500 0.470000 0.013333 0.070000
3 0.630833 0.655000 0.007500 0.015000
2 0.535000 0.335000 0.048333 0.043333
2 0.723333 0.310000 0.023333 0.106667
2 0.692500 0.751667 0.035000 0.105000
2 0.488333 0.410000 0.026667 0.035000
3 0.538333 0.735000 0.011667 0.020000
3 0.527500 0.643333 0.014167 0.025000
3 0.677500 0.356667 0.010833 0.023333
3 0.696667 0.345000 0.006667 0.018333
3 0.650833 0.338333 0.011667 0.030000
2 0.581667 0.730000 0.011667 0.025000
2 0.382500 0.681667 0.029167 0.038333
2 0.755000 0.571667 0.020833 0.080000
3 0.800000 0.371667 0.007500 0.015000
3 0.439167 0.373333 0.010833 0.013333
3 0.777500 0.651667 0.007500 0.015000
2 0.545833 0.435000 0.045833 0.021667
2 0.712500 0.668333 0.021667 0.090000
2 0.668333 0.703333 0.021667 0.090000
3 0.813333 0.718333 0.007500 0.015000
2 0.667500 0.638333 0.048333 0.043333
2 0.374167 0.671667 0.020833 0.080000
3 0.727500 0.670000 0.009167 0.015000
3 0.506667 0.360000 0.017500 0.031667
3 0.679167 0.398333 0.008333 0.016667
3 0.420000 0.786667 0.013333 0.031667
2 0.435000 0.340000 0.009167 0.031667
2 0.445000 0.358333 0.009167 0.040000
2 0.680000 0.673333 0.034167 0.100000
3 0.704167 0.625000 0.008333 0.021667
3 0.432500 0.778333 0.009167 0.015000
3 0.584167 0.440000 0.011667 0.020000
3 0.264167 0.716667 0.014167 0.025000
3 0.275000 0.665000 0.009167 0.016667
2 0.310833 0.420000 0.022500 0.023333
2 0.320000 0.725000 0.015833 0.068333
3 0.316667 0.373333 0.008333 0.016667
2 0.400833 0.685000 0.022500 0.023333
3 0.667500 0.703333 0.006667 0.018333
2 0.679167 0.253333 0.048333 0.043333
3 0.733333 0.688333 0.010000 0.020000
3 0.361667 0.671667 0.008333 0.021667
2 0.692500 0.675000 0.097500 0.053333
3 0.510000 0.818333 0.007500 0.018333
2 0.335833 0.370000 0.048333 0.025000
2 0.596667 0.998333 0.017500 0.001667
3 0.423333 0.216667 0.008333 0.016667
2 0.636667 0.471667 0.020833 0.080000
2 0.313333 0.673333 0.020833 0.080000
2 0.726667 0.696667 0.023333 0.041667
3 0.492500 0.338333 0.007500 0.018333
3 0.541667 0.706667 0.009167 0.018333
2 0.268333 0.683333 0.009167 0.040000
3 0.638333 0.341667 0.014167 0.025000
3 0.724167 0.390000 0.008333 0.016667
2 0.381667 0.385000 0.034167 0.100000
2 0.588333 0.318333 0.045833 0.021667
3 0.685833 0.686667 0.006667 0.018333
3 0.615833 0.323333 0.013333 0.015000
3 0.287500 0.801667 0.010833 0.013333
3 0.490833 0.760000 0.015833 0.051667
2 0.740833 0.361667 0.097500 0.053333
2 0.692500 0.346667 0.020833 0.080000
3 0.488333 0.203333 0.009167 0.018333
3 0.513333 0.750000 0.013333 0.031667
3 0.685000 0.358333 0.017500 0.031667
2 0.516667 0.380000 0.048333 0.043333
3 0.314167 0.458333 0.009167 0.016667
2 0.800000 0.428333 0.034167 0.100000
2 0.691667 0.696667 0.022500 0.023333
3 0.600833 0.708333 0.008333 0.016667
3 0.395833 0.381667 0.007500 0.015000
3 0.715833 0.648333 0.011667 0.030000
2 0.593333 0.756667 0.026667 0.035000
2 0.250833 0.373333 0.058333 0.076667
3 0.777500 0.703333 0.007500 0.015000
2 0.705833 0.588333 0.097500 0.053333
3 0.396667 0.668333 0.007500 0.015000
2 0.294167 0.320000 0.010833 0.091667
3 0.394167 0.378333 0.010833 0.013333
2 0.559167 0.668333 0.017500 0.116667
2 0.585833 0.751667 0.026667 0.035000
3 0.437500 0.845000 0.009167 0.015000
2 0.400000 0.841667 0.048333 0.025000
2 0.793333 0.398333 0.020833 0.028333
3 0.499167 0.301667 0.007500 0.018333
3 0.720833 0.383333 0.014167 0.025000
3 0.455833 0.641667 0.007500 0.016667
2 0.761667 0.350000 0.029167 0.038333
2 0.683333 0.395000 0.023333 0.106667
2 0.703333 0.588333 0.020833 0.080000
3 0.571667 0.633333 0.007500 0.016667
3 0.621667 0.395000 0.007500 0.015000
3 0.225833 0.733333 0.007500 0.015000
3 0.483333 0.308333 0.010833 0.013333
2 0.336667 0.245000 0.019167 0.046667
3 0.775833 0.403333 0.013333 0.015000
2 0.230833 0.826667 0.013333 0.070000
2 0.334167 0.855000 0.011667 0.025000
3 0.680000 0.338333 0.007500 0.015000
2 0.610833 0.655000 0.023333 0.041667
2 0.336667 0.876667 0.021667 0.090000
2 0.539167 0.651667 0.058333 0.076667
2 0.681667 0.420000 0.014167 0.015000
2 0.471667 0.323333 0.029167 0.038333
2 0.665833 0.375000 0.034167 0.100000
2 0.708333 0.611667 0.011667 0.025000
2 0.553333 0.998333 0.097500 0.001667
2 0.769167 0.598333 0.097500 0.053333
2 0.650833 0.365000 0.022500 0.023333
3 0.510833 0.740000 0.007500 0.018333
3 0.448333 0.340000 0.007500 0.016667
3 0.322500 0.696667 0.008333 0.016667
2 0.220000 0.653333 0.010000 0.031667
3 0.605000 0.341667 0.013333 0.031667
3 0.768333 0.315000 0.014167 0.025000
2 0.455000 0.248333 0.013333 0.070000
3 0.282500 0.766667 0.008333 0.016667
3 0.758333 0.363333 0.010000 0.016667
3 0.504167 0.270000 0.008333 0.016667
2 0.723333 0.393333 0.058333 0.076667
3 0.340833 0.773333 0.011667 0.020000
3 0.506667 0.326667 0.007500 0.015000
2 0.257500 0.620000 0.058333 0.076667
2 0.385833 0.716667 0.048333 0.025000
2 0.663333 0.395000 0.017500 0.116667
2 0.746667 0.715000 0.023333 0.106667
2 0.600833 0.331667 0.020833 0.028333
3 0.407500 0.685000 0.009167 0.016667
3 0.775833 0.610000 0.013333 0.031667
2 0.600833 0.643333 0.019167 0.046667
3 0.795000 0.715000 0.008333 0.016667
2 0.512500 0.291667 0.021667 0.090000
2 0.324167 0.698333 0.009167 0.031667
3 0.715000 0.305000 0.007500 0.015000
3 0.510833 0.738333 0.007500 0.018333
3 0.339167 0.711667 0.009167 0.016667
3 0.507500 0.306667 0.008333 0.016667
3 0.460833 0.708333 0.009167 0.016667
3 0.755833 0.336667 0.011667 0.030000
2 0.735000 0.313333 0.048333 0.025000
3 0.288333 0.770000 0.009167 0.023333
2 0.735833 0.406667 0.048333 0.043333
3 0.638333 0.411667 0.010000 0.020000
3 0.558333 0.210000 0.007500 0.015000
2 0.707500 0.596667 0.035000 0.105000
2 0.425000 0.723333 0.011667 0.025000
2 0.641667 0.415000 0.045833 0.021667
3 0.830000 0.418333 0.008333 0.021667
3 0.605833 0.998333 0.007500 0.001667
2 0.548333 0.713333 0.022500 0.023333
3 0.745000 0.613333 0.013333 0.015000
2 0.475833 0.323333 0.058333 0.076667
3 0.326667 0.673333 0.009167 0.016667
2 0.743333 0.365000 0.027500 0.016667
2 0.551667 0.628333 0.048333 0.043333
3 0.580833 0.653333 0.006667 0.018333
2 0.522500 0.386667 0.010833 0.091667
2 0.740000 0.641667 0.097500 0.053333
3 0.668333 0.446667 0.017500 0.031667
2 0.598333 0.321667 0.026667 0.035000
3 0.420833 0.361667 0.013333 0.015000
3 0.389167 0.366667 0.006667 0.018333
2 0.597500 0.998333 0.010000 0.001667
2 0.685000 0.278333 0.010000 0.031667
3 0.490000 0.338333 0.013333 0.031667
3 0.678333 0.645000 0.010833 0.013333
2 0.385833 0.381667 0.009167 0.040000
2 0.450833 0.630000 0.009167 0.040000
2 0.670833 0.470000 0.021667 0.090000
3 0.516667 0.403333 0.009167 0.015000
2 0.700833 0.263333 0.019167 0.046667
2 0.340833 0.330000 0.030833 0.051667
3 0.218333 0.635000 0.008333 0.016667
3 0.339167 0.651667 0.010833 0.023333
3 0.316667 0.376667 0.008333 0.021667
2 0.788333 0.700000 0.058333 0.076667
3 0.719167 0.626667 0.009167 0.018333
2 0.543333 0.218333 0.011667 0.066667
2 0.735000 0.691667 0.010833 0.091667
