4 0.894167 0.545000 0.070000 0.110000
4 0.782500 0.596667 0.133333 0.105000
4 0.846667 0.585000 0.037500 0.018333
4 0.790000 0.443333 0.211667 0.425000
4 0.820000 0.558333 0.194167 0.136667
4 0.818333 0.456667 0.111667 0.105000
4 0.799167 0.491667 0.082500 0.098333
4 0.799167 0.570000 0.127500 0.290000
4 0.850000 0.555000 0.107500 0.063333
4 0.799167 0.688333 0.114167 0.153333
4 0.730000 0.413333 0.142500 0.166667
4 0.057500 0.485000 0.093333 0.186667
4 0.421667 0.621667 0.120833 0.123333
4 0.056667 0.528333 0.050000 0.090000
4 0.630000 0.563333 0.058333 0.025000
4 0.179167 0.546667 0.146667 0.038333
4 0.155000 0.478333 0.040000 0.048333
4 0.260000 0.608333 0.089167 0.115000
4 0.396667 0.641667 0.190833 0.216667
4 0.170833 0.546667 0.047500 0.043333
2 0.480833 0.378333 0.011667 0.066667
2 0.670833 0.566667 0.015833 0.068333
2 0.718333 0.526667 0.009167 0.031667
2 0.564167 0.470000 0.026667 0.035000
2 0.328333 0.460000 0.020000 0.021667
3 0.600000 0.461667 0.007500 0.015000
3 0.690000 0.580000 0.007500 0.018333
3 0.665000 0.515000 0.009167 0.016667
3 0.467500 0.540000 0.007500 0.018333
3 0.231667 0.490000 0.007500 0.018333
2 0.353333 0.548333 0.019167 0.046667
2 0.519167 0.438333 0.020833 0.080000
2 0.662500 0.571667 0.030833 0.051667
2 0.485000 0.581667 0.014167 0.015000
2 0.145000 0.545000 0.048333 0.025000
2 0.819167 0.361667 0.023333 0.041667
2 0.277500 0.591667 0.034167 0.100000
2 0.120833 0.581667 0.045833 0.021667
3 0.475000 0.461667 0.008333 0.016667
2 0.154167 0.451667 0.017500 0.116667
2 0.800833 0.561667 0.011667 0.025000
2 0.175000 0.510000 0.023333 0.041667
3 0.117500 0.526667 0.008333 0.016667
2 0.143333 0.565000 0.014167 0.015000
2 0.806667 0.468333 0.019167 0.046667
3 0.613333 0.461667 0.013333 0.015000
2 0.330000 0.485000 0.058333 0.076667
3 0.184167 0.441667 0.014167 0.025000
3 0.150000 0.480000 0.009167 0.015000
2 0.384167 0.558333 0.020833 0.080000
2 0.087500 0.525000 0.009167 0.031667
3 0.061667 0.468333 0.010000 0.020000
2 0.239167 0.516667 0.022500 0.023333
2 0.310000 0.618333 0.045833 0.021667
2 0.755833 0.608333 0.021667 0.090000
3 0.605000 0.611667 0.007500 0.016667
2 0.150833 0.611667 0.021667 0.090000
2 0.810833 0.548333 0.034167 0.100000
2 0.526667 0.590000 0.045833 0.021667
3 0.173333 0.546667 0.013333 0.015000
2 0.675000 0.625000 0.020833 0.080000
3 0.651667 0.536667 0.014167 0.025000
3 0.478333 0.488333 0.008333 0.016667
3 0.316667 0.590000 0.009167 0.018333
3 0.503333 0.515000 0.010000 0.016667
2 0.205000 0.508333 0.011667 0.066667
2 0.783333 0.581667 0.023333 0.041667
2 0.447500 0.575000 0.014167 0.015000
3 0.825000 0.636667 0.007500 0.015000
2 0.815000 0.556667 0.010833 0.091667
2 0.315833 0.541667 0.019167 0.046667
3 0.123333 0.520000 0.011667 0.020000
2 0.821667 0.660000 0.009167 0.040000
3 0.333333 0.470000 0.013333 0.031667
3 0.462500 0.561667 0.009167 0.023333
3 0.206667 0.580000 0.009167 0.016667
3 0.573333 0.488333 0.010000 0.016667
3 0.573333 0.488333 0.011667 0.020000
3 0.377500 0.565000 0.010833 0.013333
3 0.575833 0.495000 0.010833 0.023333
2 0.418333 0.510000 0.011667 0.025000
2 0.590000 0.565000 0.020833 0.080000
2 0.740000 0.485000 0.023333 0.106667
3 0.551667 0.553333 0.013333 0.031667
3 0.465833 0.486667 0.007500 0.015000
2 0.634167 0.460000 0.023333 0.106667
3 0.150000 0.575000 0.008333 0.016667
2 0.193333 0.450000 0.014167 0.015000
3 0.350000 0.575000 0.007500 0.015000
3 0.651667 0.540000 0.008333 0.016667
3 0.385000 0.525000 0.014167 0.025000
3 0.252500 0.536667 0.008333 0.016667
3 0.250000 0.550000 0.007500 0.015000
3 0.694167 0.560000 0.009167 0.016667
3 0.499167 0.536667 0.010833 0.013333
2 0.416667 0.471667 0.023333 0.041667
2 0.090833 0.506667 0.026667 0.035000
3 0.032500 0.576667 0.011667 0.020000
2 0.720000 0.486667 0.020833 0.080000
2 0.386667 0.540000 0.035000 0.105000
3 0.261667 0.538333 0.014167 0.025000
3 0.772500 0.451667 0.014167 0.025000
2 0.505833 0.551667 0.009167 0.031667
2 0.298333 0.491667 0.045833 0.021667
2 0.482500 0.510000 0.010833 0.091667
3 0.159167 0.450000 0.007500 0.015000
2 0.070000 0.458333 0.011667 0.025000
3 0.223333 0.491667 0.008333 0.021667
2 0.370833 0.575000 0.021667 0.090000
3 0.084167 0.526667 0.007500 0.015000
2 0.751667 0.458333 0.009167 0.040000
2 0.240000 0.470000 0.009167 0.031667
3 0.545000 0.516667 0.007500 0.015000
3 0.170833 0.478333 0.013333 0.031667
2 0.240000 0.596667 0.020833 0.080000
3 0.593333 0.470000 0.007500 0.018333
2 0.206667 0.458333 0.019167 0.046667
3 0.480833 0.455000 0.009167 0.018333
2 0.537500 0.451667 0.029167 0.038333
3 0.303333 0.453333 0.007500 0.016667
3 0.268333 0.578333 0.010833 0.023333
2 0.555833 0.555000 0.020000 0.021667
3 0.795833 0.415000 0.009167 0.016667
3 0.451667 0.368333 0.010833 0.023333
2 0.653333 0.641667 0.015833 0.068333
3 0.675833 0.661667 0.014167 0.025000
3 0.574167 0.663333 0.007500 0.016667
2 0.429167 0.656667 0.045833 0.021667
2 0.732500 0.255000 0.011667 0.025000
2 0.505833 0.806667 0.027500 0.016667
2 0.506667 0.326667 0.027500 0.016667
3 0.823333 0.701667 0.007500 0.015000
2 0.703333 0.818333 0.013333 0.070000
2 0.782500 0.635000 0.029167 0.038333
3 0.795000 0.656667 0.013333 0.015000
3 0.591667 0.626667 0.008333 0.016667
2 0.389167 0.661667 0.058333 0.076667
2 0.757500 0.585000 0.015833 0.068333
2 0.466667 0.213333 0.020833 0.080000
3 0.694167 0.730000 0.010833 0.023333
3 0.312500 0.661667 0.010833 0.023333
2 0.270833 0.378333 0.010000 0.031667
3 0.771667 0.358333 0.010000 0.016667
2 0.474167 0.360000 0.011667 0.025000
3 0.457500 0.278333 0.008333 0.016667
2 0.698333 0.263333 0.097500 0.053333
3 0.323333 0.765000 0.010833 0.023333
2 0.566667 0.431667 0.045833 0.021667
3 0.305833 0.675000 0.010833 0.023333
2 0.289167 0.351667 0.048333 0.025000
2 0.784167 0.581667 0.035000 0.105000
3 0.533333 0.621667 0.007500 0.015000
3 0.734167 0.653333 0.013333 0.015000
2 0.350000 0.313333 0.011667 0.066667
3 0.467500 0.375000 0.006667 0.018333
2 0.725000 0.393333 0.020833 0.080000
3 0.473333 0.826667 0.010833 0.023333
3 0.286667 0.263333 0.009167 0.016667
2 0.306667 0.385000 0.009167 0.040000
2 0.774167 0.611667 0.058333 0.076667
3 0.477500 0.620000 0.008333 0.016667
3 0.587500 0.371667 0.006667 0.018333
3 0.713333 0.680000 0.008333 0.021667
2 0.785833 0.346667 0.010000 0.031667
2 0.536667 0.311667 0.027500 0.016667
2 0.800833 0.626667 0.023333 0.041667
3 0.676667 0.451667 0.009167 0.016667
2 0.277500 0.341667 0.022500 0.023333
3 0.803333 0.638333 0.013333 0.015000
3 0.355000 0.281667 0.008333 0.016667
3 0.335833 0.335000 0.013333 0.031667
2 0.308333 0.190000 0.019167 0.046667
3 0.786667 0.400000 0.007500 0.015000
2 0.304167 0.168333 0.045833 0.021667
3 0.315000 0.393333 0.007500 0.015000
3 0.500000 0.343333 0.010000 0.016667
3 0.515000 0.668333 0.017500 0.031667
3 0.376667 0.745000 0.011667 0.020000
3 0.270833 0.861667 0.007500 0.015000
3 0.330000 0.408333 0.010833 0.023333
3 0.482500 0.648333 0.007500 0.018333
2 0.340000 0.635000 0.017500 0.116667
3 0.778333 0.700000 0.010000 0.016667
2 0.431667 0.283333 0.097500 0.053333
3 0.779167 0.668333 0.008333 0.021667
3 0.385833 0.400000 0.010000 0.020000
3 0.508333 0.355000 0.014167 0.025000
2 0.543333 0.683333 0.021667 0.090000
2 0.587500 0.315000 0.048333 0.025000
3 0.321667 0.241667 0.009167 0.016667
2 0.299167 0.363333 0.011667 0.066667
2 0.725000 0.338333 0.011667 0.025000
3 0.391667 0.706667 0.011667 0.020000
2 0.405833 0.406667 0.022500 0.023333
2 0.478333 0.810000 0.019167 0.046667
3 0.537500 0.386667 0.006667 0.018333
3 0.241667 0.856667 0.011667 0.020000
3 0.170000 0.401667 0.009167 0.018333
2 0.674167 0.446667 0.009167 0.031667
2 0.758333 0.643333 0.027500 0.016667
2 0.535000 0.590000 0.035000 0.105000
2 0.213333 0.381667 0.048333 0.043333
2 0.734167 0.421667 0.048333 0.025000
2 0.435833 0.290000 0.045833 0.021667
3 0.455833 0.203333 0.010000 0.020000
2 0.411667 0.776667 0.029167 0.038333
2 0.685000 0.720000 0.029167 0.038333
2 0.457500 0.355000 0.009167 0.031667
3 0.525000 0.371667 0.014167 0.025000
2 0.466667 0.728333 0.020000 0.021667
2 0.630000 0.358333 0.009167 0.040000
3 0.750833 0.416667 0.017500 0.031667
3 0.708333 0.406667 0.007500 0.015000
3 0.387500 0.395000 0.008333 0.021667
3 0.575000 0.310000 0.009167 0.018333
3 0.288333 0.153333 0.010000 0.016667
2 0.814167 0.711667 0.026667 0.035000
2 0.500833 0.325000 0.020000 0.021667
2 0.559167 0.440000 0.020000 0.021667
3 0.713333 0.366667 0.013333 0.015000
3 0.346667 0.301667 0.013333 0.015000
2 0.670833 0.715000 0.020833 0.028333
3 0.600833 0.998333 0.010000 0.001667
3 0.289167 0.153333 0.007500 0.018333
2 0.592500 0.358333 0.021667 0.090000
3 0.443333 0.803333 0.007500 0.015000
3 0.747500 0.411667 0.011667 0.020000
3 0.407500 0.683333 0.009167 0.018333
2 0.436667 0.386667 0.026667 0.035000
3 0.433333 0.648333 0.013333 0.031667
2 0.496667 0.793333 0.048333 0.025000
3 0.572500 0.636667 0.009167 0.023333
3 0.365000 0.665000 0.009167 0.018333
2 0.398333 0.680000 0.027500 0.016667
2 0.294167 0.721667 0.009167 0.031667
3 0.561667 0.371667 0.009167 0.018333
2 0.685000 0.723333 0.048333 0.025000
2 0.683333 0.421667 0.011667 0.025000
2 0.479167 0.663333 0.048333 0.043333
3 0.721667 0.440000 0.011667 0.030000
3 0.760000 0.373333 0.011667 0.020000
3 0.495833 0.401667 0.010833 0.023333
2 0.459167 0.276667 0.020000 0.021667
3 0.278333 0.671667 0.010833 0.023333
3 0.290000 0.768333 0.006667 0.018333
2 0.444167 0.376667 0.026667 0.035000
3 0.692500 0.630000 0.008333 0.016667
3 0.343333 0.870000 0.007500 0.016667
3 0.724167 0.778333 0.008333 0.016667
3 0.558333 0.211667 0.007500 0.018333
2 0.306667 0.681667 0.027500 0.016667
3 0.575000 0.311667 0.009167 0.016667
2 0.615000 0.385000 0.097500 0.053333
3 0.379167 0.706667 0.011667 0.030000
2 0.483333 0.728333 0.035000 0.105000
3 0.346667 0.388333 0.009167 0.018333
2 0.828333 0.405000 0.009167 0.040000
3 0.325000 0.303333 0.009167 0.016667
2 0.784167 0.328333 0.020000 0.021667
2 0.509167 0.241667 0.026667 0.035000
2 0.584167 0.633333 0.022500 0.023333
3 0.315000 0.456667 0.008333 0.016667
2 0.275833 0.610000 0.020833 0.080000
2 0.544167 0.673333 0.023333 0.041667
3 0.413333 0.681667 0.009167 0.018333
2 0.681667 0.706667 0.010000 0.031667
2 0.407500 0.686667 0.009167 0.031667
3 0.647500 0.651667 0.006667 0.018333
2 0.477500 0.360000 0.015833 0.068333
2 0.321667 0.761667 0.014167 0.015000
2 0.724167 0.720000 0.014167 0.015000
3 0.376667 0.796667 0.009167 0.016667
3 0.510833 0.753333 0.017500 0.031667
2 0.690833 0.375000 0.010000 0.031667
3 0.780833 0.420000 0.010833 0.023333
2 0.386667 0.781667 0.013333 0.070000
2 0.722500 0.633333 0.030833 0.051667
3 0.475833 0.168333 0.009167 0.016667
3 0.188333 0.641667 0.014167 0.025000
2 0.659167 0.353333 0.011667 0.025000
2 0.523333 0.381667 0.021667 0.090000
3 0.542500 0.296667 0.013333 0.031667
2 0.601667 0.313333 0.014167 0.015000
3 0.693333 0.726667 0.015833 0.051667
3 0.351667 0.610000 0.009167 0.015000
3 0.648333 0.440000 0.007500 0.015000
2 0.650000 0.700000 0.020833 0.080000
3 0.455833 0.203333 0.009167 0.018333
2 0.470833 0.745000 0.034167 0.100000
2 0.236667 0.348333 0.014167 0.015000
3 0.510833 0.355000 0.010000 0.020000
3 0.530833 0.703333 0.010833 0.013333
3 0.774167 0.406667 0.009167 0.016667
3 0.736667 0.695000 0.010000 0.016667
3 0.432500 0.655000 0.010000 0.016667
3 0.662500 0.413333 0.007500 0.018333
3 0.477500 0.223333 0.009167 0.016667
2 0.350000 0.775000 0.010833 0.091667
2 0.703333 0.403333 0.019167 0.046667
3 0.600000 0.741667 0.008333 0.016667
2 0.813333 0.375000 0.035000 0.105000
3 0.481667 0.775000 0.007500 0.015000
3 0.723333 0.358333 0.013333 0.031667
3 0.345000 0.370000 0.007500 0.016667
2 0.801667 0.755000 0.013333 0.070000
2 0.496667 0.650000 0.058333 0.076667
2 0.445000 0.358333 0.011667 0.025000
3 0.705000 0.678333 0.011667 0.020000
3 0.308333 0.663333 0.008333 0.016667
2 0.650000 0.298333 0.058333 0.076667
2 0.301667 0.316667 0.023333 0.106667
3 0.781667 0.451667 0.009167 0.023333
2 0.766667 0.363333 0.045833 0.021667
3 0.530000 0.363333 0.010000 0.020000
3 0.476667 0.815000 0.008333 0.016667
2 0.250833 0.401667 0.009167 0.031667
2 0.611667 0.348333 0.020833 0.080000
2 0.356667 0.315000 0.023333 0.106667
3 0.469167 0.376667 0.011667 0.030000
3 0.668333 0.635000 0.008333 0.016667
