4 0.855000 0.608333 0.081667 0.036667
4 0.794167 0.730000 0.210833 0.463333
4 0.787500 0.371667 0.158333 0.165000
4 0.831667 0.550000 0.035833 0.055000
4 0.716667 0.761667 0.274167 0.476667
4 0.811667 0.563333 0.181667 0.081667
4 0.875833 0.493333 0.073333 0.033333
4 0.816667 0.571667 0.073333 0.080000
4 0.856667 0.523333 0.043333 0.033333
4 0.759167 0.523333 0.250833 0.085000
4 0.519167 0.563333 0.116667 0.075000
4 0.659167 0.571667 0.042500 0.046667
4 0.177500 0.486667 0.044167 0.015000
4 0.480000 0.533333 0.094167 0.030000
4 0.161667 0.553333 0.115833 0.028333
4 0.100833 0.581667 0.075833 0.066667
4 0.346667 0.378333 0.188333 0.283333
4 0.239167 0.480000 0.064167 0.075000
4 0.175833 0.550000 0.107500 0.038333
4 0.566667 0.515000 0.049167 0.031667
2 0.357500 0.471667 0.023333 0.106667
2 0.195000 0.463333 0.019167 0.046667
3 0.030833 0.573333 0.009167 0.023333
3 0.463333 0.420000 0.008333 0.016667
3 0.712500 0.493333 0.008333 0.016667
3 0.600833 0.440000 0.009167 0.015000
2 0.133333 0.555000 0.045833 0.021667
2 0.248333 0.500000 0.010000 0.031667
3 0.718333 0.563333 0.008333 0.016667
2 0.138333 0.525000 0.009167 0.040000
3 0.140000 0.466667 0.006667 0.018333
2 0.559167 0.608333 0.030833 0.051667
3 0.125833 0.538333 0.011667 0.020000
2 0.275000 0.558333 0.020833 0.080000
3 0.724167 0.546667 0.009167 0.015000
3 0.647500 0.481667 0.009167 0.016667
3 0.800833 0.478333 0.007500 0.016667
2 0.820000 0.388333 0.020833 0.080000
2 0.609167 0.555000 0.030833 0.051667
2 0.623333 0.455000 0.023333 0.041667
3 0.127500 0.533333 0.010833 0.013333
3 0.046667 0.481667 0.009167 0.023333
3 0.305833 0.561667 0.010833 0.013333
2 0.730833 0.553333 0.009167 0.031667
3 0.485833 0.403333 0.008333 0.016667
2 0.777500 0.591667 0.021667 0.090000
2 0.402500 0.525000 0.013333 0.070000
2 0.772500 0.585000 0.097500 0.053333
2 0.534167 0.518333 0.034167 0.100000
3 0.493333 0.481667 0.007500 0.018333
3 0.743333 0.520000 0.007500 0.015000
3 0.613333 0.610000 0.017500 0.031667
2 0.500833 0.465000 0.048333 0.043333
3 0.814167 0.498333 0.013333 0.031667
3 0.361667 0.558333 0.013333 0.031667
2 0.314167 0.455000 0.015833 0.068333
2 0.648333 0.565000 0.011667 0.066667
2 0.240000 0.585000 0.010833 0.091667
3 0.255833 0.511667 0.008333 0.016667
3 0.142500 0.443333 0.007500 0.018333
3 0.720000 0.546667 0.013333 0.015000
3 0.321667 0.561667 0.006667 0.018333
2 0.198333 0.573333 0.020833 0.028333
3 0.275000 0.501667 0.007500 0.016667
3 0.697500 0.520000 0.010833 0.013333
3 0.292500 0.460000 0.008333 0.016667
3 0.393333 0.556667 0.014167 0.025000
3 0.407500 0.471667 0.008333 0.016667
3 0.430000 0.558333 0.009167 0.016667
2 0.253333 0.475000 0.058333 0.076667
2 0.692500 0.570000 0.058333 0.076667
2 0.483333 0.551667 0.020833 0.080000
3 0.458333 0.433333 0.007500 0.018333
3 0.455000 0.543333 0.008333 0.021667
2 0.049167 0.491667 0.097500 0.053333
3 0.076667 0.561667 0.007500 0.018333
2 0.055833 0.568333 0.010000 0.031667
3 0.359167 0.591667 0.010833 0.023333
3 0.210000 0.551667 0.010000 0.016667
3 0.589167 0.531667 0.008333 0.021667
2 0.519167 0.451667 0.045833 0.021667
2 0.658333 0.556667 0.027500 0.016667
2 0.445000 0.526667 0.010833 0.091667
3 0.783333 0.456667 0.008333 0.016667
3 0.317500 0.583333 0.007500 0.018333
2 0.089167 0.498333 0.011667 0.066667
2 0.600000 0.573333 0.013333 0.070000
2 0.158333 0.566667 0.020833 0.080000
2 0.393333 0.455000 0.045833 0.021667
3 0.641667 0.518333 0.014167 0.025000
3 0.306667 0.473333 0.008333 0.016667
3 0.058333 0.578333 0.013333 0.015000
3 0.440000 0.600000 0.010833 0.023333
3 0.213333 0.501667 0.007500 0.015000
2 0.519167 0.495000 0.023333 0.106667
2 0.243333 0.583333 0.029167 0.038333
2 0.668333 0.513333 0.014167 0.015000
2 0.053333 0.518333 0.019167 0.046667
3 0.096667 0.510000 0.010833 0.013333
2 0.256667 0.585000 0.048333 0.025000
3 0.283333 0.543333 0.009167 0.023333
2 0.707500 0.583333 0.020833 0.028333
3 0.624167 0.560000 0.013333 0.015000
2 0.615000 0.606667 0.010000 0.031667
3 0.748333 0.493333 0.009167 0.016667
3 0.158333 0.480000 0.009167 0.023333
2 0.700000 0.481667 0.015833 0.068333
2 0.741667 0.608333 0.034167 0.100000
2 0.821667 0.591667 0.022500 0.023333
3 0.297500 0.460000 0.008333 0.016667
3 0.138333 0.515000 0.006667 0.018333
3 0.779167 0.581667 0.017500 0.031667
2 0.725833 0.466667 0.029167 0.038333
3 0.645000 0.461667 0.008333 0.021667
3 0.646667 0.576667 0.007500 0.015000
2 0.622500 0.533333 0.009167 0.040000
3 0.453333 0.535000 0.007500 0.018333
3 0.288333 0.563333 0.009167 0.016667
2 0.766667 0.588333 0.013333 0.070000
3 0.472500 0.408333 0.017500 0.031667
3 0.813333 0.590000 0.009167 0.023333
2 0.152500 0.520000 0.048333 0.043333
2 0.642500 0.616667 0.015833 0.068333
3 0.748333 0.638333 0.010833 0.013333
3 0.803333 0.636667 0.008333 0.016667
3 0.407500 0.705000 0.008333 0.016667
3 0.467500 0.725000 0.007500 0.015000
2 0.240833 0.881667 0.013333 0.070000
3 0.676667 0.340000 0.009167 0.018333
2 0.441667 0.713333 0.023333 0.041667
2 0.350000 0.746667 0.020833 0.028333
2 0.730000 0.593333 0.014167 0.015000
2 0.701667 0.686667 0.019167 0.046667
3 0.789167 0.421667 0.008333 0.021667
2 0.720833 0.680000 0.034167 0.038333
3 0.630833 0.338333 0.006667 0.018333
3 0.689167 0.640000 0.009167 0.018333
3 0.318333 0.765000 0.007500 0.018333
3 0.808333 0.635000 0.011667 0.030000
3 0.485833 0.681667 0.010833 0.023333
2 0.436667 0.353333 0.009167 0.040000
3 0.308333 0.726667 0.006667 0.018333
2 0.483333 0.808333 0.009167 0.040000
3 0.709167 0.685000 0.013333 0.015000
3 0.451667 0.715000 0.006667 0.018333
2 0.414167 0.350000 0.020000 0.021667
2 0.580000 0.640000 0.026667 0.035000
2 0.307500 0.391667 0.023333 0.106667
2 0.511667 0.691667 0.048333 0.025000
2 0.315833 0.383333 0.020833 0.080000
3 0.700000 0.646667 0.013333 0.031667
3 0.744167 0.676667 0.008333 0.021667
2 0.642500 0.631667 0.023333 0.106667
3 0.764167 0.393333 0.009167 0.018333
2 0.759167 0.376667 0.019167 0.046667
2 0.648333 0.443333 0.021667 0.090000
3 0.484167 0.291667 0.017500 0.031667
3 0.638333 0.431667 0.013333 0.015000
3 0.655833 0.395000 0.008333 0.016667
3 0.677500 0.340000 0.007500 0.016667
2 0.527500 0.698333 0.097500 0.053333
2 0.480000 0.358333 0.013333 0.070000
2 0.508333 0.418333 0.048333 0.025000
3 0.597500 0.998333 0.015833 0.001667
2 0.764167 0.713333 0.011667 0.025000
2 0.803333 0.380000 0.009167 0.031667
2 0.738333 0.685000 0.010000 0.031667
3 0.366667 0.655000 0.007500 0.016667
2 0.421667 0.795000 0.009167 0.031667
3 0.414167 0.681667 0.007500 0.015000
3 0.307500 0.296667 0.009167 0.023333
3 0.280000 0.731667 0.008333 0.016667
2 0.665000 0.668333 0.022500 0.023333
2 0.201667 0.658333 0.010000 0.031667
3 0.682500 0.638333 0.006667 0.018333
3 0.661667 0.383333 0.010000 0.016667
2 0.441667 0.331667 0.020833 0.028333
2 0.268333 0.328333 0.015833 0.068333
2 0.669167 0.666667 0.034167 0.100000
2 0.618333 0.368333 0.010000 0.031667
3 0.727500 0.413333 0.010833 0.023333
2 0.355000 0.638333 0.035000 0.105000
2 0.763333 0.880000 0.097500 0.053333
2 0.487500 0.375000 0.026667 0.035000
2 0.806667 0.690000 0.020833 0.080000
3 0.215833 0.660000 0.017500 0.031667
2 0.287500 0.375000 0.034167 0.038333
3 0.806667 0.390000 0.017500 0.031667
2 0.542500 0.201667 0.011667 0.025000
3 0.789167 0.348333 0.011667 0.030000
2 0.605000 0.638333 0.034167 0.038333
3 0.317500 0.348333 0.017500 0.031667
3 0.786667 0.336667 0.007500 0.018333
2 0.774167 0.585000 0.009167 0.040000
2 0.375833 0.328333 0.009167 0.031667
2 0.455833 0.705000 0.020000 0.021667
2 0.377500 0.700000 0.014167 0.015000
3 0.544167 0.651667 0.009167 0.018333
3 0.362500 0.700000 0.013333 0.015000
2 0.395833 0.703333 0.023333 0.106667
2 0.396667 0.723333 0.026667 0.035000
3 0.809167 0.641667 0.007500 0.015000
3 0.535000 0.358333 0.017500 0.031667
2 0.321667 0.296667 0.045833 0.021667
2 0.249167 0.641667 0.045833 0.021667
2 0.663333 0.623333 0.020833 0.028333
2 0.675000 0.665000 0.021667 0.090000
3 0.794167 0.715000 0.009167 0.016667
3 0.474167 0.325000 0.009167 0.016667
3 0.740833 0.686667 0.009167 0.015000
2 0.426667 0.805000 0.011667 0.025000
3 0.834167 0.418333 0.008333 0.016667
2 0.178333 0.660000 0.023333 0.041667
3 0.632500 0.655000 0.008333 0.021667
2 0.655833 0.383333 0.020833 0.080000
3 0.727500 0.641667 0.013333 0.015000
3 0.516667 0.365000 0.009167 0.016667
3 0.474167 0.798333 0.009167 0.023333
3 0.780833 0.673333 0.008333 0.016667
3 0.648333 0.445000 0.010833 0.023333
2 0.275000 0.468333 0.020833 0.080000
3 0.497500 0.336667 0.014167 0.025000
3 0.557500 0.376667 0.017500 0.031667
3 0.495000 0.341667 0.010000 0.020000
2 0.238333 0.370000 0.023333 0.106667
2 0.422500 0.775000 0.048333 0.025000
2 0.706667 0.346667 0.019167 0.046667
2 0.537500 0.630000 0.023333 0.106667
2 0.286667 0.351667 0.014167 0.015000
2 0.766667 0.420000 0.010833 0.091667
3 0.315000 0.275000 0.014167 0.025000
2 0.417500 0.708333 0.011667 0.025000
2 0.730000 0.703333 0.023333 0.041667
2 0.532500 0.741667 0.023333 0.041667
2 0.636667 0.326667 0.029167 0.038333
3 0.778333 0.666667 0.009167 0.023333
2 0.303333 0.651667 0.029167 0.038333
3 0.807500 0.728333 0.008333 0.016667
3 0.764167 0.601667 0.015833 0.051667
3 0.603333 0.645000 0.007500 0.018333
2 0.778333 0.606667 0.023333 0.106667
3 0.787500 0.418333 0.011667 0.020000
3 0.703333 0.331667 0.009167 0.018333
3 0.625833 0.661667 0.017500 0.031667
2 0.761667 0.601667 0.048333 0.025000
2 0.539167 0.688333 0.014167 0.015000
3 0.510833 0.290000 0.007500 0.016667
2 0.434167 0.391667 0.011667 0.025000
3 0.489167 0.786667 0.008333 0.021667
3 0.680000 0.666667 0.014167 0.025000
3 0.307500 0.726667 0.008333 0.016667
3 0.776667 0.420000 0.008333 0.021667
2 0.510000 0.690000 0.097500 0.053333
3 0.331667 0.710000 0.008333 0.016667
3 0.350833 0.371667 0.017500 0.031667
2 0.270000 0.258333 0.017500 0.116667
3 0.691667 0.626667 0.009167 0.015000
3 0.620000 0.391667 0.013333 0.031667
3 0.622500 0.638333 0.007500 0.015000
2 0.278333 0.308333 0.034167 0.100000
2 0.735000 0.670000 0.015833 0.068333
2 0.605833 0.711667 0.020833 0.080000
3 0.602500 0.646667 0.009167 0.016667
2 0.588333 0.998333 0.034167 0.001667
2 0.766667 0.598333 0.048333 0.043333
3 0.708333 0.625000 0.010833 0.013333
3 0.388333 0.641667 0.010000 0.016667
2 0.479167 0.868333 0.023333 0.106667
3 0.767500 0.371667 0.014167 0.025000
2 0.726667 0.423333 0.026667 0.035000
3 0.266667 0.746667 0.015833 0.051667
2 0.752500 0.681667 0.029167 0.038333
3 0.352500 0.661667 0.007500 0.016667
2 0.533333 0.453333 0.026667 0.035000
2 0.745000 0.583333 0.034167 0.038333
3 0.755000 0.330000 0.013333 0.015000
3 0.705000 0.688333 0.010833 0.013333
2 0.429167 0.335000 0.029167 0.038333
3 0.455000 0.640000 0.009167 0.015000
3 0.467500 0.725000 0.007500 0.016667
3 0.758333 0.296667 0.009167 0.016667
3 0.253333 0.763333 0.008333 0.016667
2 0.671667 0.373333 0.023333 0.106667
3 0.271667 0.716667 0.007500 0.015000
3 0.452500 0.281667 0.014167 0.025000
2 0.707500 0.661667 0.048333 0.043333
2 0.771667 0.578333 0.019167 0.046667
3 0.649167 0.445000 0.009167 0.016667
2 0.330000 0.730000 0.014167 0.015000
2 0.414167 0.735000 0.058333 0.076667
3 0.550000 0.728333 0.010833 0.023333
2 0.546667 0.390000 0.030833 0.051667
3 0.785833 0.356667 0.017500 0.031667
2 0.485000 0.411667 0.010833 0.091667
3 0.295833 0.680000 0.008333 0.016667
3 0.809167 0.633333 0.009167 0.023333
2 0.483333 0.758333 0.027500 0.016667
3 0.339167 0.316667 0.015833 0.051667
3 0.685833 0.626667 0.007500 0.015000
3 0.796667 0.656667 0.009167 0.015000
3 0.691667 0.638333 0.013333 0.031667
3 0.451667 0.356667 0.017500 0.031667
3 0.691667 0.638333 0.007500 0.015000
2 0.481667 0.790000 0.011667 0.066667
3 0.300000 0.398333 0.006667 0.018333
2 0.779167 0.405000 0.022500 0.023333
2 0.690833 0.638333 0.019167 0.046667
3 0.701667 0.416667 0.014167 0.025000
2 0.681667 0.320000 0.020833 0.028333
2 0.794167 0.430000 0.021667 0.090000
2 0.535000 0.998333 0.020000 0.001667
2 0.766667 0.643333 0.029167 0.038333
2 0.685000 0.420000 0.023333 0.106667
3 0.768333 0.593333 0.007500 0.018333
2 0.779167 0.653333 0.009167 0.031667
3 0.690833 0.625000 0.007500 0.015000
2 0.665833 0.328333 0.026667 0.035000
2 0.506667 0.413333 0.020833 0.028333
3 0.522500 0.406667 0.008333 0.016667
3 0.426667 0.721667 0.008333 0.016667
