4 0.869167 0.510000 0.060833 0.105000
4 0.895000 0.598333 0.060000 0.026667
4 0.853333 0.523333 0.069167 0.055000
4 0.840833 0.336667 0.160000 0.265000
4 0.878333 0.488333 0.094167 0.031667
4 0.756667 0.513333 0.155833 0.080000
4 0.839167 0.541667 0.172500 0.050000
4 0.875000 0.606667 0.095833 0.040000
4 0.888333 0.631667 0.082500 0.166667
4 0.823333 0.626667 0.032500 0.013333
4 0.029167 0.541667 0.058333 0.086667
4 0.575833 0.566667 0.044167 0.033333
4 0.603333 0.475000 0.241667 0.133333
4 0.762500 0.633333 0.117500 0.205000
4 0.746667 0.606667 0.095000 0.133333
4 0.775833 0.591667 0.062500 0.125000
4 0.480000 0.480000 0.051667 0.055000
4 0.500000 0.590000 0.092500 0.130000
4 0.446667 0.505000 0.087500 0.056667
4 0.714167 0.500000 0.045000 0.018333
3 0.593333 0.540000 0.014167 0.025000
2 0.234167 0.471667 0.035000 0.105000
2 0.697500 0.475000 0.010000 0.031667
2 0.650833 0.501667 0.048333 0.043333
3 0.243333 0.590000 0.007500 0.015000
3 0.027500 0.456667 0.013333 0.015000
3 0.460833 0.593333 0.008333 0.016667
3 0.191667 0.576667 0.015833 0.051667
2 0.160833 0.423333 0.015833 0.068333
3 0.728333 0.536667 0.010833 0.013333
3 0.250833 0.568333 0.007500 0.018333
2 0.467500 0.435000 0.020833 0.028333
2 0.120000 0.438333 0.019167 0.046667
3 0.502500 0.545000 0.007500 0.016667
3 0.179167 0.505000 0.009167 0.016667
2 0.820833 0.488333 0.011667 0.025000
3 0.489167 0.528333 0.017500 0.031667
2 0.639167 0.475000 0.023333 0.106667
2 0.180000 0.541667 0.010833 0.091667
2 0.660833 0.566667 0.014167 0.015000
3 0.296667 0.535000 0.008333 0.021667
3 0.790000 0.538333 0.013333 0.031667
3 0.445833 0.505000 0.017500 0.031667
2 0.805833 0.511667 0.017500 0.116667
3 0.155000 0.511667 0.008333 0.016667
3 0.399167 0.500000 0.008333 0.021667
3 0.568333 0.558333 0.013333 0.015000
2 0.752500 0.590000 0.034167 0.100000
3 0.249167 0.485000 0.013333 0.015000
2 0.553333 0.558333 0.048333 0.025000
2 0.054167 0.461667 0.009167 0.040000
3 0.481667 0.505000 0.007500 0.015000
2 0.249167 0.555000 0.009167 0.040000
2 0.693333 0.478333 0.019167 0.046667
3 0.815000 0.510000 0.013333 0.031667
3 0.577500 0.463333 0.011667 0.030000
3 0.055833 0.515000 0.009167 0.016667
2 0.138333 0.563333 0.034167 0.100000
3 0.505000 0.503333 0.010833 0.013333
3 0.774167 0.485000 0.007500 0.015000
3 0.120833 0.545000 0.010000 0.020000
2 0.717500 0.445000 0.011667 0.066667
3 0.475000 0.455000 0.007500 0.015000
3 0.030000 0.556667 0.013333 0.031667
3 0.802500 0.455000 0.015833 0.051667
3 0.184167 0.486667 0.011667 0.020000
3 0.740000 0.506667 0.008333 0.016667
3 0.550000 0.495000 0.008333 0.016667
3 0.663333 0.486667 0.010000 0.016667
2 0.520833 0.541667 0.015833 0.068333
3 0.390833 0.493333 0.009167 0.016667
2 0.107500 0.541667 0.048333 0.043333
3 0.195000 0.466667 0.009167 0.018333
3 0.646667 0.573333 0.007500 0.018333
2 0.325000 0.581667 0.011667 0.025000
3 0.758333 0.491667 0.007500 0.018333
2 0.496667 0.490000 0.048333 0.025000
3 0.800833 0.516667 0.009167 0.015000
3 0.455833 0.590000 0.007500 0.018333
3 0.645000 0.591667 0.011667 0.020000
2 0.807500 0.646667 0.020833 0.080000
3 0.155000 0.480000 0.008333 0.021667
3 0.548333 0.545000 0.009167 0.016667
3 0.769167 0.588333 0.008333 0.016667
3 0.136667 0.498333 0.015833 0.051667
2 0.498333 0.521667 0.035000 0.105000
2 0.556667 0.483333 0.009167 0.040000
3 0.725833 0.576667 0.008333 0.016667
3 0.170000 0.493333 0.008333 0.016667
3 0.305833 0.490000 0.008333 0.016667
2 0.195833 0.575000 0.020833 0.080000
2 0.405833 0.468333 0.045833 0.021667
3 0.713333 0.566667 0.010833 0.013333
2 0.760833 0.505000 0.034167 0.100000
3 0.800000 0.458333 0.017500 0.031667
3 0.685833 0.581667 0.015833 0.051667
3 0.449167 0.506667 0.009167 0.016667
2 0.048333 0.533333 0.020833 0.080000
3 0.456667 0.481667 0.011667 0.030000
2 0.260833 0.500000 0.017500 0.116667
2 0.405000 0.558333 0.045833 0.021667
3 0.105833 0.543333 0.009167 0.015000
2 0.603333 0.440000 0.020833 0.028333
2 0.714167 0.523333 0.020000 0.021667
2 0.415833 0.606667 0.045833 0.021667
2 0.522500 0.448333 0.097500 0.053333
2 0.805833 0.643333 0.048333 0.025000
2 0.623333 0.515000 0.017500 0.116667
2 0.762500 0.495000 0.097500 0.053333
2 0.046667 0.581667 0.013333 0.070000
2 0.569167 0.503333 0.021667 0.090000
2 0.137500 0.528333 0.048333 0.043333
3 0.780000 0.461667 0.007500 0.015000
2 0.385000 0.488333 0.013333 0.070000
2 0.415833 0.593333 0.023333 0.106667
3 0.783333 0.495000 0.011667 0.030000
2 0.573333 0.483333 0.011667 0.066667
3 0.339167 0.558333 0.009167 0.016667
3 0.278333 0.511667 0.008333 0.021667
3 0.540833 0.531667 0.006667 0.018333
3 0.616667 0.568333 0.013333 0.015000
3 0.097500 0.570000 0.008333 0.021667
2 0.265833 0.271667 0.026667 0.035000
3 0.745833 0.600000 0.007500 0.015000
2 0.770000 0.660000 0.022500 0.023333
3 0.405833 0.725000 0.010000 0.020000
2 0.320833 0.358333 0.035000 0.105000
2 0.365000 0.668333 0.029167 0.038333
2 0.598333 0.321667 0.026667 0.035000
2 0.484167 0.326667 0.020833 0.080000
3 0.280000 0.671667 0.008333 0.016667
2 0.801667 0.623333 0.015833 0.068333
3 0.544167 0.238333 0.009167 0.016667
2 0.671667 0.755000 0.021667 0.090000
3 0.420000 0.351667 0.008333 0.016667
3 0.818333 0.415000 0.007500 0.016667
2 0.545000 0.448333 0.020833 0.080000
2 0.532500 0.325000 0.013333 0.070000
2 0.541667 0.386667 0.027500 0.016667
2 0.262500 0.395000 0.048333 0.043333
3 0.520000 0.663333 0.007500 0.015000
2 0.425833 0.740000 0.009167 0.031667
2 0.775000 0.343333 0.011667 0.066667
3 0.413333 0.745000 0.013333 0.015000
3 0.720000 0.638333 0.009167 0.016667
3 0.712500 0.235000 0.013333 0.031667
2 0.768333 0.350000 0.010833 0.091667
3 0.645000 0.336667 0.013333 0.031667
3 0.651667 0.630000 0.010833 0.013333
2 0.718333 0.663333 0.030833 0.051667
3 0.555000 0.708333 0.009167 0.023333
2 0.779167 0.425000 0.023333 0.106667
3 0.230000 0.380000 0.014167 0.025000
2 0.707500 0.583333 0.009167 0.040000
2 0.157500 0.640000 0.097500 0.053333
3 0.787500 0.365000 0.014167 0.025000
3 0.786667 0.341667 0.008333 0.021667
3 0.735000 0.396667 0.007500 0.015000
2 0.261667 0.765000 0.020833 0.080000
2 0.520000 0.261667 0.048333 0.043333
3 0.648333 0.638333 0.009167 0.023333
3 0.359167 0.316667 0.008333 0.016667
2 0.705000 0.360000 0.029167 0.038333
3 0.464167 0.841667 0.010833 0.013333
3 0.327500 0.651667 0.011667 0.030000
2 0.658333 0.685000 0.022500 0.023333
3 0.614167 0.398333 0.010833 0.023333
3 0.443333 0.896667 0.007500 0.018333
2 0.425833 0.683333 0.034167 0.100000
2 0.229167 0.618333 0.019167 0.046667
2 0.285833 0.216667 0.019167 0.046667
2 0.770000 0.410000 0.045833 0.021667
2 0.803333 0.418333 0.020833 0.028333
3 0.724167 0.388333 0.007500 0.015000
3 0.710000 0.620000 0.008333 0.016667
2 0.690833 0.611667 0.034167 0.038333
2 0.316667 0.381667 0.029167 0.038333
3 0.262500 0.800000 0.007500 0.018333
3 0.515000 0.635000 0.013333 0.031667
3 0.291667 0.268333 0.010000 0.016667
3 0.406667 0.705000 0.009167 0.018333
2 0.355000 0.748333 0.011667 0.025000
2 0.444167 0.806667 0.027500 0.016667
2 0.413333 0.680000 0.027500 0.016667
3 0.330000 0.391667 0.009167 0.016667
3 0.626667 0.411667 0.013333 0.015000
2 0.644167 0.671667 0.011667 0.025000
3 0.563333 0.433333 0.006667 0.018333
2 0.437500 0.828333 0.009167 0.040000
3 0.540000 0.266667 0.007500 0.015000
3 0.802500 0.420000 0.013333 0.015000
2 0.125833 0.365000 0.097500 0.053333
3 0.674167 0.716667 0.014167 0.025000
3 0.452500 0.746667 0.014167 0.025000
2 0.676667 0.705000 0.020833 0.080000
3 0.568333 0.780000 0.009167 0.016667
2 0.716667 0.616667 0.026667 0.035000
2 0.532500 0.341667 0.011667 0.025000
3 0.660833 0.436667 0.009167 0.018333
3 0.707500 0.338333 0.009167 0.016667
3 0.435000 0.748333 0.013333 0.031667
2 0.691667 0.321667 0.011667 0.066667
3 0.311667 0.300000 0.007500 0.015000
2 0.799167 0.626667 0.015833 0.068333
3 0.553333 0.226667 0.009167 0.016667
3 0.270000 0.658333 0.014167 0.025000
3 0.446667 0.655000 0.013333 0.031667
3 0.687500 0.663333 0.017500 0.031667
2 0.550000 0.721667 0.097500 0.053333
3 0.304167 0.393333 0.010833 0.023333
2 0.242500 0.700000 0.048333 0.025000
2 0.796667 0.736667 0.023333 0.041667
2 0.499167 0.188333 0.097500 0.053333
2 0.225833 0.365000 0.048333 0.025000
3 0.665833 0.396667 0.013333 0.015000
3 0.446667 0.710000 0.007500 0.015000
2 0.775833 0.595000 0.027500 0.016667
2 0.291667 0.621667 0.035000 0.105000
3 0.690000 0.635000 0.010833 0.013333
3 0.664167 0.415000 0.010833 0.013333
2 0.326667 0.378333 0.027500 0.016667
3 0.347500 0.285000 0.009167 0.015000
3 0.550833 0.390000 0.010000 0.016667
2 0.725000 0.628333 0.034167 0.100000
2 0.642500 0.628333 0.034167 0.038333
2 0.220833 0.370000 0.019167 0.046667
2 0.700833 0.405000 0.034167 0.100000
2 0.482500 0.808333 0.020833 0.080000
3 0.583333 0.418333 0.013333 0.031667
3 0.757500 0.386667 0.013333 0.015000
3 0.267500 0.731667 0.009167 0.015000
2 0.710833 0.406667 0.020833 0.028333
3 0.739167 0.686667 0.008333 0.016667
2 0.529167 0.356667 0.011667 0.025000
3 0.345000 0.668333 0.006667 0.018333
2 0.251667 0.756667 0.011667 0.025000
3 0.625000 0.361667 0.007500 0.015000
3 0.679167 0.365000 0.008333 0.016667
3 0.522500 0.358333 0.007500 0.018333
3 0.619167 0.371667 0.008333 0.016667
2 0.476667 0.330000 0.048333 0.025000
2 0.780833 0.405000 0.048333 0.025000
2 0.343333 0.715000 0.035000 0.105000
3 0.329167 0.403333 0.017500 0.031667
3 0.288333 0.271667 0.013333 0.015000
3 0.675833 0.255000 0.007500 0.015000
3 0.732500 0.346667 0.007500 0.015000
2 0.215833 0.418333 0.026667 0.035000
3 0.385000 0.401667 0.011667 0.020000
3 0.219167 0.686667 0.008333 0.016667
2 0.727500 0.323333 0.029167 0.038333
2 0.174167 0.671667 0.030833 0.051667
3 0.841667 0.316667 0.014167 0.025000
3 0.672500 0.405000 0.010833 0.013333
2 0.743333 0.616667 0.023333 0.106667
2 0.381667 0.678333 0.019167 0.046667
2 0.784167 0.660000 0.010000 0.031667
3 0.753333 0.646667 0.010833 0.023333
3 0.267500 0.200000 0.009167 0.018333
3 0.695000 0.285000 0.010833 0.023333
3 0.313333 0.355000 0.006667 0.018333
2 0.270000 0.456667 0.030833 0.051667
3 0.554167 0.681667 0.010833 0.023333
2 0.474167 0.391667 0.048333 0.025000
3 0.705000 0.326667 0.008333 0.016667
2 0.547500 0.365000 0.022500 0.023333
3 0.780833 0.366667 0.011667 0.030000
3 0.706667 0.356667 0.008333 0.016667
2 0.520833 0.348333 0.014167 0.015000
2 0.650000 0.368333 0.017500 0.116667
3 0.330000 0.273333 0.011667 0.020000
2 0.750000 0.716667 0.034167 0.100000
3 0.534167 0.368333 0.010000 0.016667
3 0.677500 0.641667 0.011667 0.030000
3 0.585833 0.186667 0.010000 0.016667
2 0.794167 0.625000 0.019167 0.046667
2 0.552500 0.350000 0.022500 0.023333
3 0.782500 0.418333 0.008333 0.016667
2 0.745000 0.408333 0.048333 0.043333
3 0.590833 0.756667 0.009167 0.018333
3 0.430833 0.656667 0.013333 0.031667
3 0.555000 0.998333 0.009167 0.001667
2 0.399167 0.795000 0.058333 0.076667
2 0.420000 0.361667 0.014167 0.015000
2 0.527500 0.615000 0.011667 0.025000
3 0.755000 0.620000 0.015833 0.051667
3 0.686667 0.616667 0.007500 0.016667
2 0.660833 0.700000 0.021667 0.090000
3 0.768333 0.598333 0.008333 0.021667
3 0.554167 0.226667 0.008333 0.016667
2 0.503333 0.626667 0.034167 0.100000
2 0.392500 0.371667 0.027500 0.016667
3 0.498333 0.303333 0.009167 0.016667
2 0.725833 0.706667 0.019167 0.046667
3 0.784167 0.371667 0.011667 0.020000
2 0.250000 0.326667 0.026667 0.035000
3 0.326667 0.381667 0.008333 0.016667
3 0.604167 0.730000 0.009167 0.015000
2 0.705000 0.480000 0.020833 0.080000
2 0.538333 0.303333 0.010833 0.091667
2 0.748333 0.341667 0.026667 0.035000
3 0.380833 0.756667 0.007500 0.015000
2 0.728333 0.705000 0.026667 0.035000
2 0.235833 0.816667 0.097500 0.053333
2 0.530000 0.271667 0.030833 0.051667
3 0.640000 0.645000 0.009167 0.016667
2 0.655000 0.705000 0.010833 0.091667
2 0.478333 0.275000 0.011667 0.066667
2 0.240000 0.723333 0.035000 0.105000
2 0.351667 0.365000 0.011667 0.066667
2 0.838333 0.351667 0.021667 0.090000
3 0.366667 0.398333 0.014167 0.025000
2 0.738333 0.341667 0.017500 0.116667
2 0.301667 0.338333 0.020000 0.021667
2 0.272500 0.745000 0.027500 0.016667
2 0.215000 0.670000 0.015833 0.068333
2 0.256667 0.376667 0.019167 0.046667
3 0.804167 0.421667 0.009167 0.016667
2 0.722500 0.648333 0.029167 0.038333
3 0.709167 0.640000 0.015833 0.051667
