4 0.839167 0.536667 0.091667 0.133333
4 0.840000 0.616667 0.032500 0.060000
4 0.825833 0.418333 0.072500 0.068333
4 0.831667 0.676667 0.078333 0.186667
4 0.829167 0.590000 0.082500 0.185000
4 0.778333 0.700000 0.148333 0.291667
4 0.767500 0.460000 0.194167 0.211667
4 0.823333 0.765000 0.162500 0.236667
4 0.891667 0.610000 0.035000 0.065000
4 0.892500 0.668333 0.043333 0.076667
4 0.253333 0.541667 0.082500 0.065000
4 0.381667 0.500000 0.173333 0.095000
4 0.644167 0.325000 0.249167 0.411667
4 0.615833 0.585000 0.099167 0.096667
4 0.482500 0.450000 0.200833 0.191667
4 0.455833 0.446667 0.105000 0.165000
4 0.107500 0.520000 0.057500 0.078333
4 0.297500 0.491667 0.044167 0.088333
4 0.216667 0.545000 0.154167 0.108333
4 0.136667 0.438333 0.099167 0.121667
3 0.445000 0.481667 0.008333 0.016667
2 0.519167 0.591667 0.010833 0.091667
2 0.487500 0.475000 0.045833 0.021667
2 0.665833 0.543333 0.023333 0.041667
2 0.570000 0.481667 0.009167 0.040000
2 0.565833 0.596667 0.030833 0.051667
3 0.430833 0.550000 0.009167 0.016667
3 0.311667 0.538333 0.007500 0.015000
2 0.315000 0.596667 0.045833 0.021667
3 0.445000 0.628333 0.010833 0.023333
2 0.109167 0.481667 0.017500 0.116667
2 0.703333 0.543333 0.009167 0.031667
3 0.305833 0.533333 0.007500 0.015000
2 0.613333 0.535000 0.010833 0.091667
3 0.296667 0.461667 0.013333 0.031667
3 0.201667 0.493333 0.013333 0.031667
2 0.511667 0.511667 0.048333 0.025000
2 0.506667 0.515000 0.034167 0.100000
2 0.450833 0.456667 0.017500 0.116667
2 0.606667 0.525000 0.048333 0.025000
2 0.593333 0.588333 0.010833 0.091667
2 0.615000 0.581667 0.010000 0.031667
2 0.386667 0.516667 0.014167 0.015000
2 0.471667 0.470000 0.010000 0.031667
3 0.648333 0.480000 0.008333 0.016667
2 0.810000 0.475000 0.011667 0.025000
2 0.637500 0.485000 0.009167 0.040000
3 0.570833 0.575000 0.008333 0.021667
2 0.595000 0.461667 0.030833 0.051667
2 0.280000 0.518333 0.014167 0.015000
3 0.495000 0.455000 0.010833 0.023333
3 0.070833 0.565000 0.007500 0.015000
3 0.609167 0.560000 0.010000 0.020000
2 0.656667 0.510000 0.013333 0.070000
2 0.147500 0.518333 0.027500 0.016667
3 0.558333 0.516667 0.017500 0.031667
3 0.762500 0.578333 0.007500 0.015000
2 0.431667 0.566667 0.023333 0.106667
3 0.533333 0.515000 0.007500 0.015000
2 0.483333 0.465000 0.011667 0.025000
3 0.129167 0.481667 0.008333 0.016667
3 0.605000 0.585000 0.007500 0.018333
3 0.401667 0.578333 0.014167 0.025000
3 0.440833 0.565000 0.013333 0.031667
2 0.323333 0.508333 0.048333 0.025000
3 0.500833 0.595000 0.007500 0.018333
3 0.398333 0.538333 0.009167 0.018333
3 0.294167 0.531667 0.010833 0.013333
2 0.806667 0.568333 0.035000 0.105000
3 0.815833 0.543333 0.009167 0.016667
2 0.349167 0.498333 0.020000 0.021667
3 0.732500 0.543333 0.008333 0.016667
3 0.068333 0.498333 0.009167 0.016667
2 0.550833 0.583333 0.030833 0.051667
3 0.692500 0.453333 0.011667 0.030000
3 0.731667 0.571667 0.013333 0.015000
2 0.254167 0.568333 0.048333 0.043333
3 0.431667 0.478333 0.013333 0.015000
3 0.501667 0.560000 0.017500 0.031667
2 0.514167 0.516667 0.026667 0.035000
2 0.445000 0.575000 0.020833 0.080000
2 0.639167 0.481667 0.048333 0.043333
3 0.770833 0.461667 0.009167 0.016667
3 0.800000 0.566667 0.008333 0.016667
2 0.727500 0.515000 0.034167 0.100000
2 0.817500 0.671667 0.022500 0.023333
3 0.618333 0.461667 0.008333 0.021667
2 0.143333 0.523333 0.020000 0.021667
2 0.245833 0.520000 0.011667 0.025000
3 0.145833 0.471667 0.007500 0.016667
3 0.484167 0.508333 0.013333 0.031667
2 0.820000 0.546667 0.009167 0.040000
3 0.750000 0.530000 0.009167 0.023333
2 0.028333 0.508333 0.014167 0.015000
3 0.186667 0.441667 0.008333 0.016667
2 0.603333 0.593333 0.030833 0.051667
3 0.116667 0.550000 0.007500 0.018333
3 0.760833 0.461667 0.017500 0.031667
3 0.184167 0.528333 0.010833 0.023333
2 0.714167 0.486667 0.022500 0.023333
3 0.565833 0.563333 0.010833 0.013333
2 0.135000 0.440000 0.048333 0.043333
3 0.510000 0.563333 0.013333 0.015000
2 0.515000 0.478333 0.023333 0.041667
3 0.506667 0.590000 0.014167 0.025000
3 0.410000 0.546667 0.013333 0.031667
3 0.448333 0.561667 0.010000 0.020000
2 0.716667 0.476667 0.023333 0.106667
3 0.662500 0.551667 0.007500 0.018333
3 0.471667 0.518333 0.015833 0.051667
2 0.075833 0.605000 0.030833 0.051667
2 0.709167 0.521667 0.034167 0.100000
2 0.255000 0.493333 0.034167 0.100000
3 0.322500 0.453333 0.007500 0.015000
2 0.345833 0.588333 0.048333 0.043333
2 0.141667 0.510000 0.048333 0.025000
2 0.736667 0.570000 0.020833 0.028333
3 0.650000 0.583333 0.008333 0.016667
2 0.814167 0.688333 0.021667 0.090000
3 0.445833 0.551667 0.007500 0.016667
3 0.502500 0.508333 0.008333 0.016667
2 0.253333 0.543333 0.010000 0.031667
2 0.773333 0.911667 0.030833 0.051667
2 0.294167 0.263333 0.048333 0.025000
3 0.805000 0.641667 0.009167 0.016667
3 0.273333 0.258333 0.010833 0.013333
2 0.655833 0.636667 0.097500 0.053333
3 0.457500 0.886667 0.011667 0.030000
2 0.637500 0.378333 0.011667 0.066667
3 0.783333 0.610000 0.007500 0.018333
2 0.795000 0.380000 0.023333 0.106667
3 0.749167 0.316667 0.013333 0.031667
2 0.657500 0.668333 0.027500 0.016667
2 0.575000 0.401667 0.045833 0.021667
2 0.618333 0.621667 0.015833 0.068333
2 0.244167 0.341667 0.011667 0.066667
3 0.287500 0.266667 0.014167 0.025000
3 0.753333 0.306667 0.014167 0.025000
2 0.510833 0.685000 0.015833 0.068333
3 0.571667 0.153333 0.006667 0.018333
2 0.769167 0.368333 0.021667 0.090000
2 0.511667 0.201667 0.020833 0.080000
2 0.656667 0.405000 0.058333 0.076667
3 0.485833 0.316667 0.010833 0.013333
2 0.613333 0.391667 0.029167 0.038333
2 0.552500 0.428333 0.027500 0.016667
2 0.625833 0.648333 0.058333 0.076667
3 0.775833 0.605000 0.010833 0.023333
3 0.671667 0.661667 0.009167 0.016667
3 0.778333 0.391667 0.006667 0.018333
2 0.670833 0.636667 0.017500 0.116667
3 0.232500 0.800000 0.010000 0.016667
2 0.462500 0.683333 0.009167 0.040000
2 0.644167 0.611667 0.009167 0.040000
3 0.782500 0.380000 0.008333 0.021667
3 0.354167 0.406667 0.013333 0.031667
2 0.536667 0.403333 0.097500 0.053333
2 0.779167 0.378333 0.035000 0.105000
3 0.590000 0.741667 0.013333 0.015000
3 0.710833 0.260000 0.008333 0.016667
3 0.707500 0.338333 0.010000 0.016667
2 0.779167 0.635000 0.029167 0.038333
2 0.654167 0.310000 0.015833 0.068333
3 0.495000 0.765000 0.010833 0.013333
2 0.300000 0.318333 0.026667 0.035000
2 0.449167 0.320000 0.020833 0.080000
3 0.455000 0.298333 0.008333 0.016667
3 0.291667 0.271667 0.009167 0.023333
2 0.450000 0.640000 0.020000 0.021667
3 0.743333 0.283333 0.008333 0.016667
3 0.265833 0.795000 0.010000 0.020000
2 0.322500 0.251667 0.009167 0.040000
2 0.771667 0.673333 0.015833 0.068333
2 0.808333 0.380000 0.034167 0.038333
3 0.666667 0.381667 0.007500 0.016667
3 0.640000 0.368333 0.017500 0.031667
2 0.423333 0.355000 0.017500 0.116667
3 0.721667 0.443333 0.010000 0.016667
3 0.625000 0.365000 0.009167 0.016667
3 0.615833 0.366667 0.007500 0.018333
2 0.503333 0.356667 0.034167 0.100000
2 0.614167 0.396667 0.027500 0.016667
3 0.788333 0.658333 0.015833 0.051667
3 0.265833 0.388333 0.007500 0.015000
2 0.575000 0.455000 0.020833 0.080000
3 0.541667 0.253333 0.008333 0.016667
2 0.675833 0.385000 0.020000 0.021667
2 0.535833 0.631667 0.026667 0.035000
2 0.710833 0.678333 0.030833 0.051667
3 0.703333 0.330000 0.015833 0.051667
3 0.372500 0.346667 0.009167 0.016667
3 0.557500 0.423333 0.009167 0.016667
2 0.670833 0.626667 0.010000 0.031667
2 0.460000 0.686667 0.013333 0.070000
2 0.425000 0.665000 0.048333 0.043333
3 0.297500 0.398333 0.010833 0.023333
2 0.769167 0.351667 0.020000 0.021667
2 0.650000 0.328333 0.097500 0.053333
2 0.670833 0.653333 0.011667 0.025000
3 0.338333 0.711667 0.011667 0.020000
3 0.762500 0.395000 0.013333 0.031667
3 0.578333 0.738333 0.008333 0.016667
2 0.687500 0.316667 0.048333 0.043333
2 0.414167 0.390000 0.030833 0.051667
2 0.743333 0.330000 0.030833 0.051667
3 0.820833 0.700000 0.013333 0.015000
3 0.314167 0.393333 0.010000 0.016667
2 0.811667 0.456667 0.010833 0.091667
2 0.672500 0.331667 0.020000 0.021667
3 0.472500 0.243333 0.010000 0.020000
3 0.334167 0.341667 0.015833 0.051667
3 0.725833 0.718333 0.010833 0.013333
2 0.765000 0.665000 0.048333 0.025000
3 0.763333 0.341667 0.008333 0.021667
3 0.680000 0.340000 0.008333 0.016667
3 0.667500 0.351667 0.006667 0.018333
2 0.469167 0.638333 0.034167 0.038333
2 0.717500 0.413333 0.026667 0.035000
2 0.515833 0.403333 0.045833 0.021667
2 0.770833 0.413333 0.023333 0.041667
2 0.473333 0.321667 0.048333 0.025000
2 0.656667 0.363333 0.011667 0.025000
2 0.322500 0.400000 0.011667 0.025000
3 0.767500 0.368333 0.007500 0.018333
3 0.340000 0.673333 0.009167 0.016667
2 0.351667 0.648333 0.097500 0.053333
2 0.324167 0.283333 0.020833 0.080000
2 0.584167 0.676667 0.010833 0.091667
3 0.414167 0.845000 0.009167 0.018333
2 0.340000 0.846667 0.014167 0.015000
3 0.620000 0.678333 0.009167 0.016667
3 0.642500 0.441667 0.009167 0.016667
3 0.768333 0.325000 0.010833 0.013333
3 0.155000 0.613333 0.010833 0.013333
2 0.272500 0.740000 0.023333 0.041667
3 0.638333 0.628333 0.006667 0.018333
2 0.512500 0.370000 0.030833 0.051667
2 0.315833 0.383333 0.020833 0.080000
2 0.311667 0.723333 0.035000 0.105000
2 0.450833 0.638333 0.017500 0.116667
2 0.675000 0.448333 0.034167 0.100000
2 0.773333 0.646667 0.035000 0.105000
3 0.754167 0.420000 0.008333 0.016667
2 0.612500 0.333333 0.010000 0.031667
2 0.620000 0.333333 0.019167 0.046667
3 0.631667 0.658333 0.006667 0.018333
2 0.661667 0.381667 0.048333 0.043333
2 0.770000 0.398333 0.023333 0.106667
3 0.638333 0.388333 0.007500 0.015000
2 0.286667 0.298333 0.023333 0.041667
3 0.501667 0.396667 0.007500 0.018333
2 0.437500 0.413333 0.020833 0.080000
2 0.334167 0.678333 0.021667 0.090000
3 0.442500 0.773333 0.008333 0.016667
2 0.675000 0.255000 0.010000 0.031667
3 0.405000 0.796667 0.007500 0.015000
2 0.155833 0.383333 0.034167 0.038333
2 0.648333 0.716667 0.010833 0.091667
3 0.810833 0.718333 0.013333 0.015000
2 0.328333 0.721667 0.029167 0.038333
2 0.466667 0.730000 0.034167 0.100000
2 0.215000 0.405000 0.027500 0.016667
3 0.685000 0.395000 0.007500 0.016667
2 0.587500 0.750000 0.022500 0.023333
2 0.470833 0.291667 0.022500 0.023333
2 0.665000 0.413333 0.030833 0.051667
3 0.772500 0.330000 0.015833 0.051667
2 0.308333 0.340000 0.020000 0.021667
3 0.535833 0.306667 0.009167 0.016667
2 0.761667 0.380000 0.034167 0.100000
3 0.681667 0.636667 0.008333 0.016667
3 0.750000 0.605000 0.017500 0.031667
3 0.810833 0.615000 0.008333 0.016667
3 0.225000 0.346667 0.009167 0.018333
2 0.505000 0.331667 0.013333 0.070000
3 0.430000 0.755000 0.008333 0.016667
2 0.613333 0.391667 0.029167 0.038333
2 0.696667 0.578333 0.035000 0.105000
2 0.694167 0.465000 0.034167 0.100000
2 0.530833 0.676667 0.048333 0.043333
3 0.544167 0.240000 0.009167 0.016667
2 0.756667 0.591667 0.015833 0.068333
2 0.711667 0.626667 0.019167 0.046667
3 0.531667 0.720000 0.007500 0.015000
2 0.424167 0.736667 0.019167 0.046667
2 0.681667 0.653333 0.010833 0.091667
3 0.614167 0.770000 0.010000 0.016667
3 0.761667 0.368333 0.009167 0.016667
3 0.693333 0.331667 0.007500 0.015000
2 0.563333 0.241667 0.014167 0.015000
3 0.317500 0.371667 0.010833 0.023333
3 0.699167 0.308333 0.008333 0.016667
2 0.256667 0.725000 0.017500 0.116667
3 0.445833 0.711667 0.009167 0.016667
3 0.546667 0.648333 0.014167 0.025000
2 0.731667 0.303333 0.030833 0.051667
3 0.643333 0.406667 0.009167 0.023333
2 0.220000 0.733333 0.020000 0.021667
2 0.745000 0.408333 0.048333 0.043333
3 0.775833 0.363333 0.009167 0.016667
3 0.696667 0.665000 0.011667 0.020000
3 0.695000 0.343333 0.009167 0.016667
2 0.599167 0.998333 0.021667 0.001667
3 0.398333 0.323333 0.007500 0.016667
3 0.326667 0.356667 0.009167 0.018333
2 0.570000 0.635000 0.034167 0.038333
3 0.470000 0.728333 0.013333 0.015000
3 0.777500 0.666667 0.014167 0.025000
2 0.703333 0.731667 0.021667 0.090000
2 0.585833 0.356667 0.034167 0.100000
2 0.449167 0.723333 0.020833 0.080000
3 0.405833 0.648333 0.009167 0.016667
2 0.668333 0.706667 0.020833 0.080000
3 0.492500 0.331667 0.008333 0.016667
2 0.693333 0.281667 0.009167 0.031667
3 0.422500 0.380000 0.017500 0.031667
2 0.785000 0.753333 0.020833 0.080000
2 0.336667 0.380000 0.029167 0.038333
3 0.754167 0.368333 0.017500 0.031667
2 0.304167 0.736667 0.048333 0.043333
