4 0.835000 0.606667 0.140833 0.160000
4 0.910000 0.493333 0.030833 0.023333
4 0.808333 0.611667 0.140833 0.230000
4 0.820000 0.541667 0.160833 0.161667
4 0.841667 0.611667 0.094167 0.111667
4 0.853333 0.636667 0.064167 0.106667
4 0.772500 0.475000 0.183333 0.215000
4 0.903333 0.388333 0.027500 0.035000
4 0.818333 0.603333 0.039167 0.055000
4 0.905833 0.456667 0.053333 0.110000
4 0.419167 0.525000 0.063333 0.051667
4 0.225833 0.673333 0.160000 0.268333
4 0.056667 0.476667 0.114167 0.118333
4 0.807500 0.510000 0.030833 0.020000
4 0.300000 0.496667 0.293333 0.175000
4 0.039167 0.591667 0.047500 0.130000
4 0.450000 0.540000 0.050000 0.083333
4 0.687500 0.508333 0.082500 0.105000
4 0.483333 0.608333 0.105000 0.156667
4 0.506667 0.583333 0.033333 0.085000
3 0.025833 0.585000 0.007500 0.018333
2 0.300000 0.468333 0.022500 0.023333
2 0.647500 0.520000 0.034167 0.100000
3 0.430833 0.603333 0.008333 0.021667
2 0.564167 0.476667 0.048333 0.025000
2 0.128333 0.555000 0.015833 0.068333
3 0.020833 0.541667 0.009167 0.023333
2 0.451667 0.458333 0.026667 0.035000
3 0.045833 0.568333 0.008333 0.016667
3 0.490833 0.478333 0.011667 0.030000
2 0.110000 0.446667 0.015833 0.068333
3 0.583333 0.566667 0.007500 0.018333
2 0.606667 0.598333 0.014167 0.015000
3 0.109167 0.508333 0.017500 0.031667
3 0.462500 0.546667 0.007500 0.015000
2 0.286667 0.450000 0.019167 0.046667
3 0.605000 0.528333 0.009167 0.016667
2 0.470000 0.491667 0.019167 0.046667
3 0.194167 0.561667 0.011667 0.030000
2 0.615000 0.578333 0.027500 0.016667
3 0.159167 0.521667 0.008333 0.016667
2 0.706667 0.583333 0.030833 0.051667
2 0.285000 0.585000 0.030833 0.051667
2 0.525833 0.476667 0.011667 0.025000
2 0.320000 0.633333 0.034167 0.100000
2 0.777500 0.536667 0.020833 0.080000
3 0.525000 0.485000 0.008333 0.016667
3 0.457500 0.561667 0.008333 0.016667
2 0.593333 0.525000 0.026667 0.035000
2 0.400833 0.575000 0.097500 0.053333
2 0.555833 0.481667 0.029167 0.038333
3 0.375000 0.573333 0.013333 0.015000
3 0.292500 0.510000 0.015833 0.051667
3 0.420000 0.586667 0.009167 0.023333
3 0.087500 0.573333 0.010833 0.023333
2 0.223333 0.505000 0.097500 0.053333
2 0.070833 0.581667 0.030833 0.051667
3 0.203333 0.593333 0.007500 0.018333
2 0.624167 0.570000 0.045833 0.021667
2 0.494167 0.415000 0.011667 0.066667
2 0.393333 0.520000 0.009167 0.040000
2 0.614167 0.526667 0.009167 0.040000
2 0.749167 0.530000 0.009167 0.031667
3 0.492500 0.406667 0.006667 0.018333
2 0.112500 0.578333 0.048333 0.043333
3 0.138333 0.555000 0.009167 0.023333
2 0.384167 0.586667 0.022500 0.023333
3 0.066667 0.505000 0.007500 0.015000
2 0.064167 0.590000 0.026667 0.035000
2 0.691667 0.458333 0.034167 0.038333
3 0.557500 0.481667 0.010000 0.020000
2 0.662500 0.593333 0.034167 0.100000
2 0.610833 0.528333 0.011667 0.066667
2 0.736667 0.503333 0.023333 0.041667
2 0.017500 0.523333 0.035833 0.076667
2 0.670833 0.543333 0.010000 0.031667
2 0.708333 0.533333 0.035000 0.105000
2 0.591667 0.581667 0.010833 0.091667
2 0.377500 0.525000 0.020833 0.028333
3 0.309167 0.578333 0.009167 0.023333
2 0.309167 0.505000 0.029167 0.038333
2 0.588333 0.480000 0.020000 0.021667
3 0.590000 0.536667 0.009167 0.023333
3 0.320000 0.498333 0.009167 0.023333
2 0.105000 0.531667 0.035000 0.105000
3 0.345000 0.473333 0.017500 0.031667
3 0.363333 0.526667 0.009167 0.018333
3 0.616667 0.605000 0.007500 0.015000
3 0.795833 0.488333 0.013333 0.015000
2 0.188333 0.470000 0.010000 0.031667
3 0.195000 0.578333 0.006667 0.018333
2 0.465833 0.415000 0.017500 0.116667
3 0.583333 0.573333 0.009167 0.018333
3 0.731667 0.560000 0.008333 0.016667
3 0.580833 0.500000 0.009167 0.023333
3 0.483333 0.473333 0.009167 0.016667
2 0.342500 0.436667 0.010000 0.031667
2 0.590000 0.438333 0.058333 0.076667
2 0.592500 0.605000 0.048333 0.043333
3 0.715833 0.590000 0.007500 0.015000
2 0.532500 0.530000 0.010833 0.091667
3 0.426667 0.498333 0.006667 0.018333
3 0.471667 0.591667 0.006667 0.018333
3 0.823333 0.683333 0.010833 0.023333
2 0.530000 0.581667 0.020833 0.028333
2 0.530000 0.598333 0.010833 0.091667
2 0.430833 0.576667 0.020833 0.080000
3 0.484167 0.543333 0.011667 0.020000
2 0.252500 0.521667 0.013333 0.070000
2 0.240833 0.498333 0.011667 0.066667
3 0.661667 0.581667 0.015833 0.051667
2 0.595833 0.508333 0.058333 0.076667
3 0.687500 0.543333 0.009167 0.016667
3 0.465000 0.541667 0.007500 0.016667
2 0.756667 0.493333 0.013333 0.070000
3 0.635000 0.476667 0.010833 0.013333
3 0.434167 0.531667 0.009167 0.018333
2 0.030000 0.535000 0.023333 0.106667
3 0.665000 0.471667 0.007500 0.015000
3 0.453333 0.495000 0.013333 0.031667
2 0.375000 0.568333 0.013333 0.070000
3 0.195833 0.463333 0.009167 0.016667
2 0.408333 0.651667 0.048333 0.025000
3 0.238333 0.763333 0.011667 0.020000
2 0.480833 0.386667 0.022500 0.023333
3 0.808333 0.643333 0.010000 0.016667
3 0.790000 0.405000 0.008333 0.016667
2 0.696667 0.668333 0.020833 0.080000
3 0.711667 0.416667 0.006667 0.018333
3 0.765000 0.391667 0.007500 0.015000
3 0.660000 0.405000 0.007500 0.016667
3 0.748333 0.703333 0.007500 0.018333
2 0.510833 0.300000 0.022500 0.023333
2 0.797500 0.401667 0.020833 0.080000
3 0.450833 0.651667 0.009167 0.023333
2 0.459167 0.663333 0.011667 0.025000
2 0.513333 0.655000 0.020833 0.028333
2 0.762500 0.718333 0.014167 0.015000
3 0.810000 0.398333 0.017500 0.031667
2 0.672500 0.638333 0.020833 0.080000
2 0.733333 0.698333 0.009167 0.031667
2 0.544167 0.398333 0.022500 0.023333
2 0.690833 0.396667 0.021667 0.090000
2 0.514167 0.233333 0.023333 0.106667
2 0.703333 0.685000 0.027500 0.016667
3 0.777500 0.600000 0.008333 0.021667
2 0.691667 0.413333 0.013333 0.070000
3 0.321667 0.698333 0.009167 0.016667
3 0.718333 0.665000 0.008333 0.021667
2 0.377500 0.688333 0.017500 0.116667
3 0.569167 0.780000 0.008333 0.016667
3 0.300000 0.740000 0.017500 0.031667
3 0.445000 0.141667 0.009167 0.016667
2 0.760833 0.350000 0.048333 0.025000
2 0.695000 0.263333 0.011667 0.066667
3 0.475000 0.810000 0.011667 0.030000
3 0.775000 0.405000 0.007500 0.015000
2 0.537500 0.693333 0.026667 0.035000
2 0.701667 0.596667 0.035000 0.105000
2 0.440833 0.856667 0.058333 0.076667
2 0.694167 0.465000 0.034167 0.100000
2 0.516667 0.260000 0.058333 0.076667
3 0.692500 0.628333 0.007500 0.015000
2 0.769167 0.593333 0.014167 0.015000
3 0.777500 0.408333 0.010833 0.013333
2 0.524167 0.338333 0.011667 0.066667
3 0.261667 0.696667 0.009167 0.018333
3 0.365833 0.663333 0.007500 0.015000
2 0.788333 0.398333 0.013333 0.070000
2 0.563333 0.776667 0.020000 0.021667
2 0.695833 0.428333 0.020833 0.080000
3 0.757500 0.403333 0.008333 0.016667
3 0.363333 0.706667 0.011667 0.030000
3 0.754167 0.648333 0.007500 0.016667
2 0.560833 0.425000 0.015833 0.068333
3 0.705000 0.373333 0.008333 0.016667
3 0.696667 0.670000 0.010000 0.016667
3 0.327500 0.341667 0.011667 0.020000
3 0.706667 0.603333 0.011667 0.020000
3 0.333333 0.756667 0.009167 0.016667
2 0.205833 0.696667 0.048333 0.025000
3 0.401667 0.375000 0.009167 0.018333
2 0.710833 0.671667 0.026667 0.035000
3 0.720000 0.638333 0.009167 0.016667
2 0.545000 0.755000 0.021667 0.090000
3 0.626667 0.388333 0.017500 0.031667
3 0.740000 0.415000 0.010833 0.023333
3 0.395833 0.348333 0.011667 0.020000
2 0.697500 0.728333 0.023333 0.041667
2 0.221667 0.418333 0.011667 0.025000
3 0.802500 0.733333 0.011667 0.030000
3 0.584167 0.413333 0.010833 0.013333
3 0.763333 0.336667 0.007500 0.015000
2 0.699167 0.650000 0.023333 0.041667
3 0.600000 0.710000 0.009167 0.023333
2 0.689167 0.271667 0.029167 0.038333
2 0.724167 0.451667 0.023333 0.106667
3 0.762500 0.326667 0.006667 0.018333
2 0.635833 0.610000 0.029167 0.038333
2 0.353333 0.615000 0.035000 0.105000
2 0.705833 0.998333 0.017500 0.001667
2 0.759167 0.381667 0.030833 0.051667
3 0.164167 0.396667 0.017500 0.031667
3 0.679167 0.341667 0.009167 0.016667
2 0.535000 0.998333 0.020000 0.001667
2 0.288333 0.776667 0.009167 0.031667
2 0.380000 0.771667 0.022500 0.023333
2 0.312500 0.411667 0.048333 0.043333
2 0.559167 0.251667 0.022500 0.023333
3 0.670833 0.683333 0.015833 0.051667
2 0.757500 0.605000 0.011667 0.025000
3 0.795833 0.641667 0.010833 0.013333
3 0.466667 0.330000 0.007500 0.016667
2 0.223333 0.650000 0.009167 0.031667
2 0.255000 0.720000 0.020833 0.028333
2 0.227500 0.330000 0.035000 0.105000
3 0.557500 0.370000 0.009167 0.018333
3 0.290833 0.271667 0.007500 0.015000
3 0.528333 0.296667 0.011667 0.030000
3 0.441667 0.415000 0.009167 0.016667
3 0.716667 0.655000 0.014167 0.025000
3 0.686667 0.643333 0.009167 0.016667
2 0.313333 0.493333 0.010833 0.091667
2 0.687500 0.415000 0.021667 0.090000
2 0.616667 0.641667 0.029167 0.038333
2 0.647500 0.731667 0.097500 0.053333
3 0.462500 0.276667 0.013333 0.015000
2 0.726667 0.378333 0.048333 0.025000
3 0.443333 0.671667 0.011667 0.020000
3 0.365833 0.656667 0.009167 0.016667
3 0.795000 0.416667 0.010833 0.023333
2 0.670833 0.341667 0.017500 0.116667
3 0.525000 0.431667 0.008333 0.016667
2 0.555000 0.656667 0.045833 0.021667
3 0.381667 0.690000 0.009167 0.015000
3 0.365833 0.290000 0.013333 0.015000
2 0.596667 0.271667 0.058333 0.076667
2 0.384167 0.730000 0.020000 0.021667
3 0.705833 0.626667 0.015833 0.051667
2 0.630000 0.636667 0.029167 0.038333
3 0.470833 0.373333 0.007500 0.018333
3 0.515000 0.723333 0.011667 0.030000
3 0.695000 0.348333 0.007500 0.016667
2 0.477500 0.360000 0.015833 0.068333
3 0.404167 0.710000 0.010833 0.013333
3 0.617500 0.375000 0.011667 0.030000
3 0.704167 0.353333 0.013333 0.015000
3 0.500000 0.771667 0.007500 0.015000
2 0.324167 0.761667 0.010000 0.031667
2 0.725000 0.598333 0.014167 0.015000
2 0.678333 0.320000 0.011667 0.066667
3 0.584167 0.185000 0.013333 0.015000
3 0.778333 0.596667 0.006667 0.018333
2 0.754167 0.773333 0.034167 0.100000
2 0.420833 0.390000 0.013333 0.070000
3 0.705833 0.796667 0.008333 0.021667
3 0.706667 0.280000 0.008333 0.016667
2 0.339167 0.711667 0.010000 0.031667
2 0.702500 0.373333 0.097500 0.053333
3 0.715833 0.366667 0.007500 0.015000
3 0.775000 0.406667 0.008333 0.016667
2 0.311667 0.648333 0.035000 0.105000
3 0.565000 0.726667 0.014167 0.025000
2 0.547500 0.203333 0.029167 0.038333
2 0.225000 0.631667 0.027500 0.016667
3 0.405000 0.796667 0.007500 0.015000
3 0.445833 0.375000 0.011667 0.030000
2 0.425000 0.750000 0.017500 0.116667
3 0.618333 0.371667 0.009167 0.016667
2 0.638333 0.645000 0.034167 0.038333
3 0.350833 0.430000 0.010000 0.020000
2 0.634167 0.448333 0.034167 0.100000
3 0.703333 0.718333 0.008333 0.016667
2 0.638333 0.393333 0.009167 0.040000
2 0.790000 0.641667 0.014167 0.015000
3 0.734167 0.613333 0.008333 0.016667
2 0.737500 0.396667 0.048333 0.043333
3 0.643333 0.440000 0.008333 0.016667
3 0.328333 0.340000 0.009167 0.018333
2 0.229167 0.415000 0.034167 0.100000
2 0.655000 0.355000 0.029167 0.038333
2 0.220833 0.335000 0.020000 0.021667
2 0.772500 0.601667 0.058333 0.076667
3 0.305833 0.341667 0.010833 0.023333
3 0.657500 0.598333 0.008333 0.021667
2 0.678333 0.635000 0.014167 0.015000
2 0.755833 0.381667 0.011667 0.066667
3 0.311667 0.795000 0.017500 0.031667
3 0.253333 0.645000 0.009167 0.016667
2 0.430833 0.855000 0.023333 0.041667
3 0.391667 0.691667 0.011667 0.020000
3 0.322500 0.291667 0.008333 0.016667
3 0.635000 0.621667 0.010833 0.023333
3 0.720833 0.681667 0.011667 0.030000
2 0.778333 0.410000 0.010000 0.031667
2 0.740000 0.738333 0.021667 0.090000
2 0.320833 0.270000 0.011667 0.066667
3 0.415000 0.746667 0.009167 0.018333
2 0.583333 0.715000 0.020833 0.080000
2 0.491667 0.310000 0.058333 0.076667
3 0.546667 0.315000 0.007500 0.018333
2 0.331667 0.870000 0.023333 0.106667
2 0.720833 0.680000 0.022500 0.023333
3 0.231667 0.680000 0.008333 0.021667
3 0.622500 0.656667 0.010833 0.023333
3 0.689167 0.636667 0.013333 0.015000
3 0.158333 0.635000 0.009167 0.016667
3 0.256667 0.770000 0.009167 0.016667
2 0.791667 0.448333 0.034167 0.100000
3 0.397500 0.346667 0.007500 0.018333
2 0.655833 0.696667 0.014167 0.015000
3 0.686667 0.366667 0.015833 0.051667
3 0.227500 0.600000 0.015833 0.051667
3 0.427500 0.375000 0.007500 0.018333
2 0.793333 0.715000 0.048333 0.025000
2 0.561667 0.133333 0.035000 0.105000
2 0.455000 0.803333 0.029167 0.038333
2 0.649167 0.453333 0.009167 0.031667
2 0.485000 0.253333 0.048333 0.043333
2 0.285833 0.686667 0.048333 0.043333
