4 0.814167 0.548333 0.073333 0.033333
4 0.895000 0.475000 0.057500 0.116667
4 0.834167 0.520000 0.065833 0.051667
4 0.875833 0.580000 0.073333 0.108333
4 0.806667 0.580000 0.071667 0.091667
4 0.817500 0.611667 0.220833 0.076667
4 0.891667 0.550000 0.038333 0.063333
4 0.802500 0.448333 0.115833 0.140000
4 0.810833 0.586667 0.085833 0.056667
4 0.885000 0.610000 0.050833 0.036667
4 0.461667 0.546667 0.048333 0.041667
4 0.775000 0.623333 0.110000 0.183333
4 0.288333 0.500000 0.070000 0.045000
4 0.626667 0.418333 0.107500 0.173333
4 0.211667 0.510000 0.142500 0.125000
4 0.423333 0.551667 0.049167 0.048333
4 0.763333 0.528333 0.091667 0.083333
4 0.204167 0.491667 0.101667 0.080000
4 0.075000 0.550000 0.150833 0.060000
4 0.330833 0.456667 0.055833 0.096667
3 0.705000 0.466667 0.009167 0.015000
3 0.634167 0.490000 0.010833 0.013333
3 0.660000 0.495000 0.007500 0.015000
2 0.180833 0.535000 0.097500 0.053333
2 0.674167 0.533333 0.048333 0.025000
3 0.580000 0.525000 0.008333 0.016667
2 0.260000 0.491667 0.029167 0.038333
2 0.571667 0.526667 0.011667 0.025000
2 0.145833 0.531667 0.014167 0.015000
2 0.182500 0.578333 0.023333 0.106667
2 0.203333 0.513333 0.020833 0.080000
3 0.096667 0.496667 0.008333 0.016667
2 0.499167 0.478333 0.097500 0.053333
2 0.434167 0.503333 0.014167 0.015000
2 0.403333 0.540000 0.019167 0.046667
3 0.635833 0.530000 0.009167 0.016667
3 0.495000 0.571667 0.013333 0.015000
2 0.700833 0.483333 0.015833 0.068333
2 0.735833 0.565000 0.011667 0.025000
3 0.580000 0.498333 0.008333 0.016667
2 0.293333 0.523333 0.035000 0.105000
2 0.353333 0.473333 0.011667 0.025000
3 0.560833 0.510000 0.007500 0.015000
3 0.165833 0.456667 0.008333 0.016667
3 0.097500 0.466667 0.007500 0.015000
2 0.398333 0.466667 0.034167 0.038333
2 0.494167 0.471667 0.029167 0.038333
2 0.210000 0.476667 0.020833 0.080000
2 0.199167 0.598333 0.027500 0.016667
3 0.825833 0.665000 0.009167 0.023333
3 0.455000 0.465000 0.015833 0.051667
2 0.755000 0.483333 0.020833 0.080000
3 0.442500 0.546667 0.011667 0.030000
3 0.256667 0.461667 0.008333 0.021667
3 0.034167 0.468333 0.009167 0.016667
2 0.069167 0.541667 0.009167 0.031667
2 0.726667 0.443333 0.035000 0.105000
3 0.196667 0.515000 0.008333 0.021667
2 0.820833 0.613333 0.009167 0.040000
2 0.204167 0.538333 0.014167 0.015000
3 0.317500 0.435000 0.014167 0.025000
2 0.794167 0.466667 0.048333 0.043333
3 0.400000 0.513333 0.011667 0.030000
2 0.205000 0.476667 0.014167 0.015000
2 0.330833 0.540000 0.020833 0.080000
3 0.445833 0.611667 0.010833 0.023333
3 0.825833 0.538333 0.007500 0.015000
2 0.415000 0.466667 0.015833 0.068333
3 0.167500 0.530000 0.017500 0.031667
3 0.568333 0.570000 0.011667 0.020000
2 0.281667 0.495000 0.009167 0.040000
3 0.795000 0.496667 0.007500 0.016667
3 0.114167 0.565000 0.009167 0.023333
3 0.486667 0.573333 0.007500 0.015000
3 0.188333 0.538333 0.009167 0.016667
3 0.323333 0.508333 0.007500 0.018333
2 0.255833 0.545000 0.014167 0.015000
3 0.708333 0.570000 0.007500 0.015000
3 0.715000 0.473333 0.014167 0.025000
2 0.226667 0.533333 0.097500 0.053333
2 0.625833 0.533333 0.010833 0.091667
2 0.297500 0.478333 0.011667 0.066667
2 0.292500 0.476667 0.020833 0.028333
3 0.708333 0.506667 0.015833 0.051667
3 0.542500 0.538333 0.010000 0.016667
2 0.142500 0.556667 0.022500 0.023333
3 0.225000 0.551667 0.010000 0.016667
3 0.416667 0.471667 0.009167 0.023333
2 0.559167 0.528333 0.014167 0.015000
2 0.364167 0.518333 0.010000 0.031667
2 0.118333 0.506667 0.023333 0.106667
3 0.029167 0.581667 0.017500 0.031667
3 0.786667 0.486667 0.011667 0.020000
2 0.800000 0.515000 0.029167 0.038333
2 0.393333 0.418333 0.035000 0.105000
3 0.331667 0.531667 0.009167 0.015000
2 0.256667 0.445000 0.045833 0.021667
3 0.396667 0.485000 0.015833 0.051667
3 0.402500 0.475000 0.008333 0.016667
2 0.031667 0.535000 0.048333 0.043333
2 0.619167 0.450000 0.011667 0.025000
2 0.466667 0.591667 0.017500 0.116667
3 0.503333 0.546667 0.010000 0.016667
2 0.759167 0.508333 0.034167 0.100000
2 0.328333 0.575000 0.021667 0.090000
2 0.044167 0.450000 0.019167 0.046667
3 0.485000 0.515000 0.010833 0.013333
3 0.753333 0.540000 0.013333 0.031667
2 0.730833 0.601667 0.034167 0.100000
3 0.601667 0.460000 0.007500 0.018333
2 0.681667 0.471667 0.009167 0.040000
2 0.779167 0.450000 0.009167 0.040000
2 0.262500 0.461667 0.020000 0.021667
2 0.091667 0.498333 0.058333 0.076667
2 0.564167 0.536667 0.048333 0.025000
3 0.542500 0.503333 0.008333 0.016667
3 0.663333 0.555000 0.008333 0.016667
2 0.547500 0.488333 0.045833 0.021667
3 0.074167 0.476667 0.007500 0.018333
3 0.518333 0.496667 0.011667 0.030000
2 0.534167 0.468333 0.026667 0.035000
3 0.611667 0.456667 0.007500 0.016667
3 0.387500 0.643333 0.010833 0.023333
3 0.717500 0.643333 0.008333 0.016667
3 0.809167 0.643333 0.007500 0.016667
3 0.714167 0.325000 0.010833 0.013333
3 0.475833 0.221667 0.013333 0.015000
3 0.711667 0.673333 0.006667 0.018333
2 0.678333 0.336667 0.035000 0.105000
2 0.777500 0.346667 0.010000 0.031667
2 0.692500 0.265000 0.011667 0.025000
3 0.265000 0.360000 0.008333 0.021667
3 0.640000 0.355000 0.008333 0.016667
2 0.313333 0.390000 0.009167 0.040000
2 0.579167 0.408333 0.020833 0.080000
2 0.743333 0.396667 0.048333 0.043333
3 0.407500 0.676667 0.010000 0.016667
2 0.722500 0.443333 0.020833 0.080000
3 0.686667 0.370000 0.008333 0.016667
3 0.486667 0.281667 0.009167 0.015000
2 0.521667 0.341667 0.015833 0.068333
2 0.556667 0.736667 0.048333 0.043333
3 0.539167 0.998333 0.011667 0.001667
2 0.455833 0.201667 0.011667 0.066667
3 0.320000 0.373333 0.017500 0.031667
2 0.607500 0.370000 0.045833 0.021667
2 0.664167 0.650000 0.015833 0.068333
3 0.716667 0.420000 0.014167 0.025000
3 0.551667 0.665000 0.008333 0.016667
2 0.538333 0.230000 0.020833 0.028333
2 0.492500 0.405000 0.026667 0.035000
2 0.482500 0.736667 0.009167 0.040000
2 0.652500 0.698333 0.097500 0.053333
2 0.269167 0.305000 0.015833 0.068333
3 0.776667 0.610000 0.010833 0.023333
3 0.324167 0.655000 0.010833 0.013333
2 0.529167 0.705000 0.014167 0.015000
3 0.791667 0.650000 0.010000 0.020000
3 0.717500 0.331667 0.014167 0.025000
2 0.710000 0.240000 0.009167 0.040000
3 0.459167 0.250000 0.011667 0.030000
2 0.385833 0.698333 0.022500 0.023333
3 0.444167 0.321667 0.008333 0.016667
3 0.530833 0.998333 0.009167 0.001667
2 0.745000 0.368333 0.048333 0.025000
2 0.694167 0.626667 0.017500 0.116667
2 0.795000 0.891667 0.034167 0.038333
3 0.685833 0.660000 0.009167 0.015000
3 0.243333 0.746667 0.009167 0.023333
3 0.778333 0.411667 0.010000 0.020000
2 0.692500 0.628333 0.009167 0.040000
3 0.449167 0.646667 0.013333 0.015000
2 0.765000 0.345000 0.019167 0.046667
3 0.510000 0.290000 0.009167 0.016667
3 0.306667 0.703333 0.009167 0.023333
2 0.526667 0.625000 0.009167 0.031667
3 0.586667 0.745000 0.007500 0.015000
3 0.223333 0.736667 0.013333 0.031667
2 0.299167 0.411667 0.034167 0.100000
3 0.633333 0.408333 0.009167 0.016667
2 0.718333 0.365000 0.023333 0.041667
2 0.509167 0.386667 0.029167 0.038333
2 0.674167 0.435000 0.010000 0.031667
3 0.435833 0.398333 0.007500 0.018333
3 0.650000 0.415000 0.013333 0.015000
2 0.275833 0.415000 0.009167 0.031667
3 0.624167 0.361667 0.009167 0.016667
3 0.610000 0.391667 0.007500 0.018333
2 0.497500 0.281667 0.034167 0.038333
3 0.644167 0.401667 0.013333 0.031667
2 0.434167 0.385000 0.048333 0.043333
3 0.414167 0.845000 0.010000 0.020000
2 0.667500 0.655000 0.029167 0.038333
3 0.640000 0.685000 0.011667 0.030000
2 0.622500 0.646667 0.017500 0.116667
3 0.673333 0.671667 0.010833 0.013333
2 0.776667 0.593333 0.010000 0.031667
2 0.295833 0.703333 0.014167 0.015000
3 0.589167 0.336667 0.013333 0.015000
2 0.341667 0.785000 0.020000 0.021667
2 0.583333 0.443333 0.013333 0.070000
3 0.254167 0.643333 0.008333 0.016667
3 0.570000 0.693333 0.009167 0.015000
3 0.345000 0.725000 0.009167 0.016667
3 0.789167 0.736667 0.008333 0.016667
2 0.280833 0.755000 0.009167 0.031667
2 0.475833 0.686667 0.015833 0.068333
3 0.650833 0.390000 0.008333 0.016667
2 0.307500 0.345000 0.010833 0.091667
3 0.643333 0.405000 0.009167 0.016667
3 0.483333 0.301667 0.008333 0.016667
2 0.217500 0.396667 0.026667 0.035000
2 0.796667 0.353333 0.022500 0.023333
3 0.487500 0.335000 0.017500 0.031667
3 0.269167 0.703333 0.007500 0.018333
2 0.462500 0.346667 0.010833 0.091667
3 0.695000 0.266667 0.015833 0.051667
2 0.720833 0.630000 0.009167 0.031667
3 0.744167 0.693333 0.014167 0.025000
2 0.696667 0.373333 0.009167 0.031667
3 0.535833 0.411667 0.017500 0.031667
2 0.522500 0.361667 0.023333 0.041667
3 0.446667 0.290000 0.015833 0.051667
3 0.266667 0.725000 0.009167 0.016667
3 0.299167 0.416667 0.015833 0.051667
2 0.713333 0.395000 0.013333 0.070000
3 0.425833 0.663333 0.007500 0.015000
2 0.501667 0.728333 0.034167 0.100000
2 0.550833 0.621667 0.035000 0.105000
2 0.804167 0.431667 0.009167 0.031667
2 0.715000 0.666667 0.023333 0.041667
2 0.775833 0.370000 0.011667 0.066667
3 0.322500 0.351667 0.008333 0.016667
3 0.483333 0.811667 0.008333 0.016667
3 0.656667 0.638333 0.006667 0.018333
3 0.672500 0.660000 0.008333 0.016667
2 0.783333 0.415000 0.029167 0.038333
3 0.273333 0.410000 0.010833 0.013333
3 0.424167 0.720000 0.013333 0.015000
2 0.295833 0.720000 0.030833 0.051667
3 0.722500 0.401667 0.011667 0.020000
2 0.462500 0.393333 0.034167 0.100000
3 0.650000 0.681667 0.008333 0.016667
2 0.309167 0.380000 0.023333 0.041667
2 0.705000 0.371667 0.023333 0.106667
2 0.785833 0.386667 0.097500 0.053333
3 0.724167 0.608333 0.011667 0.020000
2 0.285000 0.295000 0.048333 0.025000
2 0.156667 0.393333 0.048333 0.025000
3 0.548333 0.631667 0.008333 0.016667
2 0.358333 0.686667 0.011667 0.025000
3 0.746667 0.600000 0.010833 0.013333
3 0.520833 0.376667 0.015833 0.051667
3 0.233333 0.388333 0.007500 0.018333
3 0.547500 0.420000 0.007500 0.018333
2 0.655000 0.376667 0.009167 0.040000
3 0.674167 0.391667 0.013333 0.015000
2 0.498333 0.290000 0.020833 0.080000
2 0.303333 0.216667 0.058333 0.076667
2 0.600000 0.326667 0.034167 0.038333
3 0.532500 0.360000 0.009167 0.023333
3 0.512500 0.660000 0.013333 0.031667
3 0.347500 0.666667 0.017500 0.031667
3 0.402500 0.696667 0.009167 0.016667
3 0.326667 0.675000 0.009167 0.023333
3 0.657500 0.658333 0.007500 0.015000
3 0.510833 0.290000 0.007500 0.018333
3 0.441667 0.378333 0.006667 0.018333
2 0.255000 0.693333 0.035000 0.105000
3 0.722500 0.378333 0.008333 0.016667
2 0.749167 0.671667 0.045833 0.021667
2 0.631667 0.625000 0.020000 0.021667
2 0.300000 0.361667 0.048333 0.025000
2 0.737500 0.600000 0.010000 0.031667
2 0.490833 0.338333 0.017500 0.116667
2 0.296667 0.746667 0.020833 0.080000
3 0.444167 0.356667 0.008333 0.016667
2 0.318333 0.273333 0.015833 0.068333
3 0.448333 0.385000 0.007500 0.016667
3 0.322500 0.353333 0.007500 0.018333
2 0.402500 0.666667 0.019167 0.046667
3 0.656667 0.355000 0.011667 0.030000
2 0.315000 0.618333 0.020833 0.080000
3 0.778333 0.405000 0.007500 0.015000
3 0.733333 0.661667 0.008333 0.021667
2 0.641667 0.408333 0.034167 0.100000
2 0.333333 0.680000 0.022500 0.023333
3 0.721667 0.436667 0.011667 0.020000
3 0.720833 0.340000 0.008333 0.016667
2 0.632500 0.285000 0.035000 0.105000
2 0.514167 0.361667 0.014167 0.015000
3 0.686667 0.370000 0.007500 0.018333
3 0.548333 0.720000 0.014167 0.025000
3 0.750833 0.606667 0.007500 0.015000
2 0.771667 0.708333 0.022500 0.023333
3 0.551667 0.391667 0.008333 0.016667
3 0.745000 0.606667 0.013333 0.031667
2 0.805833 0.468333 0.010833 0.091667
3 0.530833 0.651667 0.007500 0.018333
3 0.680833 0.705000 0.010833 0.013333
3 0.226667 0.386667 0.007500 0.015000
3 0.672500 0.356667 0.008333 0.016667
2 0.258333 0.325000 0.020833 0.080000
3 0.725833 0.673333 0.013333 0.031667
2 0.306667 0.215000 0.023333 0.106667
2 0.353333 0.401667 0.010000 0.031667
3 0.472500 0.813333 0.015833 0.051667
3 0.704167 0.696667 0.014167 0.025000
2 0.590833 0.348333 0.009167 0.031667
2 0.695000 0.236667 0.048333 0.025000
3 0.277500 0.771667 0.007500 0.018333
2 0.335000 0.780000 0.022500 0.023333
2 0.821667 0.411667 0.017500 0.116667
3 0.554167 0.378333 0.015833 0.051667
3 0.675833 0.343333 0.007500 0.015000
2 0.475833 0.258333 0.048333 0.043333
2 0.228333 0.393333 0.048333 0.043333
3 0.706667 0.723333 0.007500 0.015000
2 0.258333 0.730000 0.027500 0.016667
3 0.191667 0.648333 0.007500 0.018333
