4 0.770000 0.441667 0.176667 0.150000
4 0.830833 0.630000 0.121667 0.146667
4 0.774167 0.475000 0.183333 0.270000
4 0.816667 0.478333 0.085833 0.066667
4 0.798333 0.481667 0.175833 0.070000
4 0.797500 0.355000 0.126667 0.170000
4 0.801667 0.330000 0.157500 0.190000
4 0.856667 0.496667 0.033333 0.075000
4 0.845833 0.438333 0.170000 0.261667
4 0.859167 0.520000 0.066667 0.136667
4 0.719167 0.608333 0.215000 0.155000
4 0.534167 0.478333 0.071667 0.138333
4 0.645000 0.508333 0.051667 0.066667
4 0.191667 0.628333 0.090833 0.243333
4 0.351667 0.480000 0.133333 0.198333
4 0.549167 0.508333 0.177500 0.118333
4 0.701667 0.520000 0.156667 0.055000
4 0.181667 0.463333 0.077500 0.120000
4 0.226667 0.556667 0.074167 0.071667
4 0.406667 0.486667 0.100000 0.115000
2 0.238333 0.561667 0.011667 0.025000
2 0.450000 0.496667 0.048333 0.025000
2 0.137500 0.598333 0.013333 0.070000
2 0.326667 0.485000 0.097500 0.053333
2 0.683333 0.478333 0.023333 0.041667
2 0.797500 0.451667 0.011667 0.025000
3 0.561667 0.521667 0.015833 0.051667
2 0.136667 0.465000 0.023333 0.041667
2 0.609167 0.520000 0.020833 0.080000
2 0.733333 0.548333 0.027500 0.016667
2 0.740833 0.466667 0.045833 0.021667
2 0.481667 0.396667 0.011667 0.025000
2 0.235000 0.508333 0.009167 0.031667
2 0.584167 0.455000 0.011667 0.066667
2 0.601667 0.503333 0.020833 0.080000
3 0.745000 0.546667 0.007500 0.018333
3 0.227500 0.561667 0.007500 0.015000
2 0.816667 0.493333 0.030833 0.051667
3 0.359167 0.540000 0.010000 0.016667
3 0.203333 0.486667 0.011667 0.030000
3 0.575000 0.530000 0.009167 0.023333
2 0.163333 0.518333 0.034167 0.100000
3 0.334167 0.548333 0.013333 0.031667
2 0.733333 0.538333 0.058333 0.076667
2 0.177500 0.485000 0.020833 0.028333
3 0.821667 0.548333 0.013333 0.031667
2 0.440833 0.501667 0.019167 0.046667
3 0.319167 0.563333 0.009167 0.016667
2 0.168333 0.540000 0.045833 0.021667
3 0.046667 0.553333 0.008333 0.021667
3 0.452500 0.595000 0.010833 0.013333
3 0.188333 0.578333 0.008333 0.016667
3 0.147500 0.446667 0.007500 0.016667
2 0.155000 0.595000 0.010000 0.031667
2 0.581667 0.528333 0.017500 0.116667
2 0.504167 0.535000 0.015833 0.068333
3 0.040833 0.586667 0.007500 0.015000
2 0.617500 0.416667 0.035000 0.105000
2 0.456667 0.431667 0.030833 0.051667
3 0.363333 0.575000 0.009167 0.016667
2 0.814167 0.675000 0.029167 0.038333
2 0.768333 0.490000 0.048333 0.043333
2 0.560833 0.586667 0.026667 0.035000
3 0.450000 0.510000 0.010000 0.020000
3 0.614167 0.525000 0.009167 0.016667
2 0.302500 0.490000 0.009167 0.031667
3 0.162500 0.505000 0.008333 0.016667
2 0.701667 0.533333 0.045833 0.021667
3 0.805833 0.580000 0.008333 0.016667
2 0.270000 0.448333 0.020833 0.028333
3 0.549167 0.490000 0.007500 0.018333
2 0.500000 0.575000 0.011667 0.025000
3 0.151667 0.550000 0.008333 0.016667
2 0.685000 0.535000 0.020833 0.080000
3 0.310833 0.481667 0.009167 0.015000
2 0.222500 0.533333 0.014167 0.015000
3 0.820833 0.613333 0.010833 0.023333
2 0.325000 0.513333 0.009167 0.040000
2 0.525000 0.545000 0.015833 0.068333
3 0.176667 0.560000 0.009167 0.016667
2 0.669167 0.581667 0.023333 0.041667
3 0.768333 0.498333 0.017500 0.031667
2 0.617500 0.495000 0.023333 0.106667
3 0.610833 0.558333 0.009167 0.016667
3 0.543333 0.495000 0.014167 0.025000
2 0.356667 0.536667 0.011667 0.025000
3 0.175000 0.555000 0.010000 0.020000
3 0.790833 0.563333 0.007500 0.018333
3 0.356667 0.493333 0.010000 0.020000
3 0.433333 0.541667 0.007500 0.015000
3 0.458333 0.485000 0.008333 0.016667
2 0.820833 0.665000 0.022500 0.023333
3 0.496667 0.540000 0.015833 0.051667
2 0.272500 0.580000 0.023333 0.106667
2 0.751667 0.463333 0.011667 0.025000
3 0.629167 0.526667 0.017500 0.031667
3 0.328333 0.568333 0.009167 0.018333
3 0.047500 0.471667 0.013333 0.031667
2 0.077500 0.536667 0.020000 0.021667
2 0.608333 0.538333 0.009167 0.040000
3 0.294167 0.505000 0.010000 0.016667
3 0.169167 0.516667 0.011667 0.020000
2 0.825000 0.363333 0.009167 0.031667
2 0.119167 0.596667 0.027500 0.016667
2 0.657500 0.581667 0.023333 0.106667
2 0.039167 0.561667 0.020833 0.080000
2 0.545000 0.456667 0.048333 0.043333
2 0.708333 0.473333 0.048333 0.025000
2 0.238333 0.463333 0.058333 0.076667
2 0.398333 0.596667 0.023333 0.041667
2 0.479167 0.496667 0.021667 0.090000
3 0.665833 0.558333 0.009167 0.015000
2 0.769167 0.455000 0.020833 0.080000
2 0.685000 0.480000 0.027500 0.016667
2 0.450000 0.571667 0.048333 0.025000
3 0.429167 0.470000 0.007500 0.018333
2 0.790833 0.506667 0.011667 0.066667
2 0.421667 0.525000 0.035000 0.105000
2 0.150833 0.443333 0.048333 0.025000
3 0.642500 0.486667 0.011667 0.020000
3 0.805000 0.583333 0.008333 0.016667
2 0.600000 0.421667 0.035000 0.105000
2 0.674167 0.365000 0.020833 0.080000
2 0.356667 0.623333 0.011667 0.066667
2 0.760000 0.335000 0.014167 0.015000
3 0.717500 0.415000 0.007500 0.018333
2 0.735000 0.623333 0.009167 0.040000
2 0.268333 0.700000 0.010000 0.031667
3 0.695000 0.638333 0.015833 0.051667
3 0.334167 0.398333 0.008333 0.016667
2 0.682500 0.646667 0.097500 0.053333
3 0.777500 0.406667 0.009167 0.016667
3 0.675833 0.426667 0.014167 0.025000
3 0.738333 0.658333 0.010000 0.016667
3 0.741667 0.611667 0.017500 0.031667
3 0.323333 0.270000 0.008333 0.016667
2 0.505000 0.813333 0.017500 0.116667
2 0.680833 0.336667 0.020833 0.028333
2 0.225000 0.696667 0.045833 0.021667
2 0.624167 0.433333 0.045833 0.021667
2 0.706667 0.663333 0.020833 0.080000
2 0.452500 0.790000 0.011667 0.066667
2 0.666667 0.425000 0.009167 0.040000
3 0.496667 0.326667 0.007500 0.015000
3 0.300000 0.341667 0.008333 0.016667
2 0.807500 0.658333 0.021667 0.090000
2 0.622500 0.651667 0.097500 0.053333
2 0.485833 0.671667 0.048333 0.043333
3 0.324167 0.763333 0.010000 0.020000
3 0.793333 0.423333 0.009167 0.016667
3 0.490000 0.735000 0.013333 0.015000
2 0.740000 0.401667 0.023333 0.041667
3 0.780833 0.673333 0.007500 0.015000
2 0.461667 0.631667 0.045833 0.021667
3 0.529167 0.621667 0.007500 0.016667
3 0.771667 0.321667 0.007500 0.016667
3 0.685000 0.626667 0.010000 0.016667
3 0.717500 0.636667 0.010833 0.013333
3 0.335833 0.296667 0.008333 0.016667
3 0.668333 0.613333 0.015833 0.051667
2 0.232500 0.335000 0.035000 0.105000
3 0.554167 0.360000 0.009167 0.023333
2 0.714167 0.635000 0.010000 0.031667
2 0.155833 0.398333 0.048333 0.043333
2 0.745833 0.695000 0.045833 0.021667
3 0.306667 0.786667 0.008333 0.016667
3 0.428333 0.358333 0.007500 0.018333
2 0.527500 0.421667 0.048333 0.025000
2 0.382500 0.783333 0.021667 0.090000
3 0.735000 0.721667 0.008333 0.016667
2 0.537500 0.708333 0.034167 0.100000
3 0.515833 0.598333 0.009167 0.015000
2 0.317500 0.173333 0.020000 0.021667
2 0.306667 0.273333 0.011667 0.066667
3 0.607500 0.353333 0.011667 0.030000
3 0.170000 0.405000 0.009167 0.023333
3 0.340000 0.711667 0.008333 0.016667
2 0.699167 0.616667 0.017500 0.116667
2 0.548333 0.326667 0.020000 0.021667
3 0.331667 0.271667 0.007500 0.015000
2 0.680833 0.676667 0.010833 0.091667
3 0.269167 0.715000 0.013333 0.015000
3 0.575000 0.311667 0.009167 0.016667
2 0.688333 0.280000 0.010000 0.031667
3 0.714167 0.380000 0.008333 0.016667
3 0.773333 0.711667 0.015833 0.051667
2 0.422500 0.808333 0.011667 0.025000
3 0.480000 0.323333 0.007500 0.018333
2 0.422500 0.815000 0.048333 0.025000
3 0.764167 0.701667 0.010000 0.016667
2 0.695000 0.650000 0.019167 0.046667
2 0.697500 0.345000 0.010833 0.091667
2 0.707500 0.683333 0.023333 0.041667
3 0.772500 0.395000 0.017500 0.031667
2 0.428333 0.756667 0.020000 0.021667
2 0.475833 0.668333 0.034167 0.100000
2 0.425000 0.751667 0.023333 0.106667
2 0.630833 0.471667 0.010833 0.091667
3 0.635833 0.631667 0.011667 0.030000
2 0.490000 0.806667 0.013333 0.070000
3 0.308333 0.370000 0.011667 0.020000
3 0.425833 0.723333 0.009167 0.016667
2 0.290833 0.271667 0.029167 0.038333
2 0.780833 0.350000 0.011667 0.066667
3 0.418333 0.715000 0.009167 0.016667
3 0.696667 0.690000 0.013333 0.031667
2 0.219167 0.395000 0.022500 0.023333
3 0.338333 0.225000 0.009167 0.016667
2 0.297500 0.696667 0.027500 0.016667
2 0.704167 0.653333 0.011667 0.025000
2 0.130000 0.645000 0.034167 0.038333
3 0.660833 0.396667 0.013333 0.015000
3 0.675833 0.711667 0.011667 0.020000
3 0.549167 0.193333 0.010000 0.016667
2 0.662500 0.638333 0.026667 0.035000
2 0.769167 0.351667 0.020000 0.021667
2 0.373333 0.303333 0.058333 0.076667
3 0.706667 0.321667 0.010000 0.020000
2 0.554167 0.340000 0.020000 0.021667
2 0.783333 0.693333 0.009167 0.031667
2 0.755833 0.395000 0.021667 0.090000
2 0.270000 0.348333 0.048333 0.043333
2 0.728333 0.678333 0.029167 0.038333
3 0.749167 0.446667 0.007500 0.016667
3 0.419167 0.351667 0.009167 0.016667
2 0.353333 0.663333 0.020833 0.080000
2 0.515000 0.593333 0.011667 0.025000
3 0.317500 0.640000 0.008333 0.016667
3 0.802500 0.395000 0.007500 0.015000
2 0.431667 0.688333 0.017500 0.116667
3 0.770000 0.333333 0.008333 0.021667
2 0.703333 0.598333 0.020833 0.080000
2 0.649167 0.316667 0.019167 0.046667
2 0.608333 0.405000 0.023333 0.041667
2 0.415833 0.225000 0.023333 0.041667
2 0.164167 0.413333 0.021667 0.090000
3 0.308333 0.696667 0.008333 0.021667
2 0.456667 0.320000 0.034167 0.100000
3 0.691667 0.333333 0.010833 0.023333
2 0.670000 0.385000 0.020833 0.028333
2 0.525833 0.378333 0.026667 0.035000
3 0.655833 0.365000 0.008333 0.016667
3 0.729167 0.716667 0.013333 0.015000
2 0.310833 0.421667 0.010833 0.091667
2 0.714167 0.681667 0.035000 0.105000
2 0.762500 0.591667 0.020000 0.021667
2 0.690833 0.333333 0.020833 0.080000
3 0.320833 0.260000 0.007500 0.015000
2 0.744167 0.616667 0.017500 0.116667
2 0.705000 0.581667 0.020833 0.080000
2 0.270833 0.801667 0.020833 0.080000
2 0.278333 0.863333 0.013333 0.070000
2 0.636667 0.416667 0.058333 0.076667
3 0.748333 0.413333 0.009167 0.023333
2 0.688333 0.390000 0.010833 0.091667
2 0.450000 0.891667 0.026667 0.035000
2 0.766667 0.630000 0.010833 0.091667
2 0.286667 0.446667 0.010833 0.091667
2 0.341667 0.318333 0.020833 0.080000
2 0.495000 0.273333 0.009167 0.031667
3 0.730000 0.611667 0.014167 0.025000
3 0.322500 0.723333 0.010833 0.013333
2 0.280000 0.748333 0.035000 0.105000
3 0.781667 0.418333 0.009167 0.018333
2 0.493333 0.265000 0.020000 0.021667
2 0.685000 0.613333 0.045833 0.021667
2 0.728333 0.281667 0.026667 0.035000
2 0.761667 0.670000 0.020833 0.028333
2 0.480833 0.266667 0.020833 0.028333
2 0.385833 0.798333 0.021667 0.090000
2 0.245000 0.361667 0.020833 0.080000
2 0.470833 0.368333 0.029167 0.038333
2 0.400833 0.721667 0.013333 0.070000
3 0.475833 0.806667 0.009167 0.016667
2 0.649167 0.633333 0.009167 0.031667
2 0.431667 0.773333 0.011667 0.025000
3 0.680833 0.395000 0.007500 0.016667
2 0.519167 0.696667 0.013333 0.070000
3 0.785833 0.686667 0.009167 0.016667
2 0.249167 0.705000 0.048333 0.025000
3 0.645000 0.325000 0.009167 0.018333
2 0.802500 0.361667 0.045833 0.021667
3 0.682500 0.636667 0.010833 0.023333
3 0.600000 0.320000 0.017500 0.031667
2 0.630833 0.471667 0.010833 0.091667
3 0.790000 0.330000 0.007500 0.016667
2 0.303333 0.266667 0.097500 0.053333
2 0.340833 0.430000 0.034167 0.100000
3 0.637500 0.400000 0.010833 0.023333
2 0.705000 0.358333 0.058333 0.076667
3 0.496667 0.766667 0.014167 0.025000
2 0.633333 0.406667 0.010000 0.031667
3 0.775000 0.405000 0.008333 0.016667
3 0.382500 0.700000 0.017500 0.031667
3 0.796667 0.401667 0.007500 0.018333
3 0.820000 0.370000 0.010833 0.023333
3 0.794167 0.416667 0.013333 0.031667
3 0.475833 0.805000 0.009167 0.016667
2 0.778333 0.390000 0.048333 0.043333
3 0.390833 0.673333 0.010000 0.016667
2 0.588333 0.640000 0.009167 0.031667
3 0.742500 0.343333 0.009167 0.015000
3 0.525000 0.396667 0.009167 0.016667
2 0.296667 0.403333 0.010833 0.091667
3 0.796667 0.416667 0.007500 0.018333
2 0.304167 0.675000 0.015833 0.068333
2 0.698333 0.380000 0.015833 0.068333
2 0.752500 0.581667 0.020833 0.080000
2 0.339167 0.663333 0.017500 0.116667
2 0.423333 0.683333 0.034167 0.038333
2 0.664167 0.713333 0.010833 0.091667
2 0.594167 0.350000 0.058333 0.076667
3 0.707500 0.651667 0.010833 0.023333
3 0.721667 0.638333 0.006667 0.018333
3 0.647500 0.678333 0.013333 0.015000
3 0.765833 0.640000 0.010000 0.020000
3 0.440000 0.376667 0.009167 0.016667
2 0.683333 0.616667 0.019167 0.046667
3 0.675000 0.656667 0.014167 0.025000
3 0.706667 0.356667 0.008333 0.016667
