4 0.889167 0.673333 0.036667 0.100000
4 0.836667 0.523333 0.037500 0.086667
4 0.813333 0.578333 0.106667 0.043333
4 0.828333 0.486667 0.102500 0.106667
4 0.865000 0.463333 0.065000 0.091667
4 0.828333 0.388333 0.060833 0.116667
4 0.824167 0.673333 0.067500 0.181667
4 0.829167 0.418333 0.066667 0.063333
4 0.841667 0.555000 0.064167 0.078333
4 0.856667 0.455000 0.038333 0.048333
4 0.041667 0.565000 0.083333 0.038333
4 0.270000 0.463333 0.085000 0.133333
4 0.442500 0.396667 0.158333 0.243333
4 0.460000 0.550000 0.047500 0.123333
4 0.244167 0.536667 0.256667 0.083333
4 0.334167 0.428333 0.067500 0.128333
4 0.471667 0.463333 0.154167 0.213333
4 0.232500 0.541667 0.137500 0.046667
4 0.357500 0.626667 0.109167 0.176667
4 0.069167 0.630000 0.138333 0.266667
3 0.582500 0.573333 0.007500 0.018333
3 0.271667 0.508333 0.007500 0.018333
3 0.355833 0.471667 0.010833 0.013333
3 0.555833 0.560000 0.009167 0.015000
3 0.639167 0.581667 0.009167 0.023333
2 0.515833 0.491667 0.034167 0.100000
2 0.566667 0.518333 0.017500 0.116667
2 0.622500 0.496667 0.023333 0.041667
2 0.435000 0.498333 0.020833 0.028333
3 0.749167 0.453333 0.009167 0.018333
3 0.427500 0.476667 0.015833 0.051667
2 0.466667 0.555000 0.020833 0.080000
2 0.277500 0.568333 0.048333 0.025000
2 0.465000 0.448333 0.097500 0.053333
3 0.405000 0.533333 0.008333 0.016667
3 0.061667 0.490000 0.007500 0.018333
3 0.042500 0.523333 0.010000 0.016667
2 0.728333 0.481667 0.014167 0.015000
2 0.284167 0.543333 0.020833 0.028333
2 0.745833 0.458333 0.020833 0.080000
3 0.297500 0.561667 0.015833 0.051667
2 0.076667 0.608333 0.021667 0.090000
2 0.250833 0.470000 0.048333 0.025000
2 0.298333 0.563333 0.014167 0.015000
3 0.095833 0.506667 0.008333 0.016667
2 0.172500 0.473333 0.020833 0.028333
3 0.761667 0.556667 0.017500 0.031667
3 0.158333 0.510000 0.007500 0.015000
2 0.626667 0.531667 0.011667 0.025000
2 0.270833 0.561667 0.048333 0.043333
2 0.146667 0.470000 0.097500 0.053333
3 0.405000 0.561667 0.014167 0.025000
2 0.810833 0.631667 0.015833 0.068333
2 0.091667 0.483333 0.034167 0.038333
2 0.096667 0.495000 0.034167 0.100000
3 0.030833 0.536667 0.009167 0.016667
2 0.235833 0.511667 0.023333 0.041667
2 0.332500 0.520000 0.048333 0.025000
2 0.459167 0.511667 0.021667 0.090000
2 0.276667 0.468333 0.022500 0.023333
3 0.621667 0.533333 0.007500 0.018333
2 0.616667 0.450000 0.017500 0.116667
2 0.339167 0.541667 0.029167 0.038333
2 0.555000 0.475000 0.035000 0.105000
3 0.462500 0.533333 0.009167 0.023333
2 0.818333 0.513333 0.011667 0.066667
2 0.197500 0.601667 0.022500 0.023333
2 0.324167 0.503333 0.027500 0.016667
3 0.512500 0.483333 0.007500 0.016667
2 0.657500 0.561667 0.023333 0.041667
2 0.013333 0.520000 0.026667 0.021667
2 0.429167 0.555000 0.011667 0.025000
3 0.212500 0.543333 0.008333 0.016667
2 0.279167 0.560000 0.009167 0.040000
2 0.315000 0.478333 0.058333 0.076667
3 0.156667 0.495000 0.007500 0.018333
3 0.339167 0.520000 0.007500 0.015000
2 0.514167 0.563333 0.026667 0.035000
3 0.434167 0.516667 0.015833 0.051667
3 0.171667 0.521667 0.010000 0.016667
2 0.360833 0.508333 0.034167 0.038333
2 0.395000 0.468333 0.020833 0.080000
2 0.188333 0.561667 0.020833 0.080000
2 0.685000 0.565000 0.020833 0.080000
2 0.038333 0.570000 0.009167 0.040000
3 0.634167 0.576667 0.010000 0.016667
3 0.565833 0.598333 0.015833 0.051667
2 0.497500 0.508333 0.010833 0.091667
3 0.363333 0.481667 0.007500 0.015000
2 0.542500 0.565000 0.010833 0.091667
2 0.220000 0.601667 0.030833 0.051667
3 0.183333 0.521667 0.009167 0.016667
2 0.105000 0.436667 0.097500 0.053333
2 0.605833 0.523333 0.048333 0.025000
3 0.316667 0.531667 0.007500 0.015000
2 0.549167 0.496667 0.013333 0.070000
3 0.171667 0.570000 0.009167 0.023333
3 0.686667 0.458333 0.009167 0.016667
2 0.450000 0.496667 0.034167 0.100000
2 0.575833 0.480000 0.011667 0.066667
2 0.433333 0.501667 0.022500 0.023333
3 0.288333 0.538333 0.007500 0.015000
2 0.155000 0.586667 0.027500 0.016667
3 0.219167 0.545000 0.008333 0.016667
2 0.635000 0.435000 0.015833 0.068333
2 0.253333 0.476667 0.011667 0.066667
2 0.200833 0.583333 0.027500 0.016667
2 0.595833 0.605000 0.027500 0.016667
2 0.230000 0.595000 0.034167 0.100000
2 0.331667 0.616667 0.014167 0.015000
3 0.802500 0.495000 0.017500 0.031667
3 0.297500 0.445000 0.008333 0.016667
2 0.565000 0.483333 0.030833 0.051667
2 0.320000 0.480000 0.035000 0.105000
2 0.370833 0.493333 0.034167 0.100000
2 0.604167 0.451667 0.011667 0.025000
3 0.330000 0.548333 0.013333 0.015000
2 0.331667 0.475000 0.011667 0.025000
2 0.571667 0.505000 0.035000 0.105000
3 0.330833 0.508333 0.015833 0.051667
3 0.697500 0.555000 0.009167 0.018333
3 0.057500 0.545000 0.011667 0.030000
2 0.563333 0.655000 0.029167 0.038333
3 0.748333 0.660000 0.011667 0.030000
2 0.677500 0.378333 0.026667 0.035000
3 0.459167 0.720000 0.011667 0.030000
2 0.374167 0.721667 0.034167 0.100000
2 0.573333 0.380000 0.011667 0.066667
2 0.479167 0.806667 0.034167 0.100000
3 0.711667 0.611667 0.007500 0.016667
2 0.691667 0.680000 0.035000 0.105000
2 0.301667 0.391667 0.011667 0.025000
3 0.230833 0.398333 0.008333 0.016667
2 0.359167 0.691667 0.010000 0.031667
2 0.627500 0.338333 0.048333 0.025000
3 0.752500 0.366667 0.009167 0.015000
2 0.285833 0.763333 0.034167 0.100000
3 0.260833 0.698333 0.011667 0.020000
3 0.701667 0.641667 0.011667 0.030000
3 0.654167 0.381667 0.010000 0.016667
3 0.721667 0.676667 0.010000 0.020000
3 0.331667 0.408333 0.007500 0.018333
2 0.543333 0.601667 0.011667 0.066667
3 0.639167 0.356667 0.009167 0.023333
2 0.477500 0.858333 0.020833 0.080000
3 0.487500 0.275000 0.008333 0.016667
2 0.795000 0.615000 0.015833 0.068333
3 0.412500 0.690000 0.008333 0.016667
3 0.769167 0.373333 0.007500 0.018333
2 0.335000 0.383333 0.017500 0.116667
2 0.777500 0.363333 0.030833 0.051667
2 0.263333 0.871667 0.023333 0.041667
3 0.528333 0.378333 0.007500 0.015000
3 0.225833 0.338333 0.009167 0.016667
2 0.683333 0.458333 0.010833 0.091667
3 0.290000 0.353333 0.007500 0.018333
3 0.723333 0.338333 0.014167 0.025000
2 0.810833 0.423333 0.022500 0.023333
2 0.537500 0.630000 0.023333 0.106667
3 0.295833 0.695000 0.011667 0.020000
2 0.220000 0.306667 0.020833 0.080000
3 0.775000 0.405000 0.008333 0.016667
2 0.787500 0.626667 0.019167 0.046667
2 0.419167 0.693333 0.021667 0.090000
3 0.780833 0.598333 0.009167 0.018333
2 0.639167 0.651667 0.011667 0.066667
3 0.275833 0.760000 0.009167 0.018333
3 0.805833 0.640000 0.008333 0.016667
3 0.311667 0.353333 0.009167 0.018333
3 0.648333 0.635000 0.010000 0.020000
2 0.340000 0.868333 0.014167 0.015000
3 0.649167 0.391667 0.011667 0.020000
2 0.616667 0.350000 0.022500 0.023333
3 0.520000 0.395000 0.007500 0.016667
3 0.651667 0.655000 0.008333 0.016667
3 0.762500 0.326667 0.006667 0.018333
3 0.351667 0.390000 0.011667 0.030000
3 0.516667 0.718333 0.007500 0.015000
2 0.686667 0.760000 0.029167 0.038333
3 0.675000 0.351667 0.007500 0.016667
3 0.435833 0.331667 0.008333 0.016667
2 0.613333 0.685000 0.023333 0.106667
3 0.286667 0.238333 0.017500 0.031667
3 0.699167 0.378333 0.008333 0.016667
2 0.526667 0.290000 0.014167 0.015000
2 0.710000 0.240000 0.009167 0.040000
2 0.435000 0.803333 0.045833 0.021667
3 0.691667 0.716667 0.017500 0.031667
2 0.379167 0.338333 0.009167 0.040000
3 0.636667 0.636667 0.007500 0.015000
2 0.201667 0.366667 0.058333 0.076667
2 0.407500 0.723333 0.045833 0.021667
3 0.440000 0.390000 0.015833 0.051667
2 0.435833 0.843333 0.020833 0.080000
3 0.550833 0.718333 0.015833 0.051667
3 0.453333 0.731667 0.007500 0.018333
3 0.794167 0.626667 0.008333 0.016667
3 0.353333 0.386667 0.007500 0.018333
3 0.786667 0.375000 0.009167 0.016667
3 0.404167 0.715000 0.011667 0.020000
2 0.706667 0.606667 0.097500 0.053333
2 0.372500 0.765000 0.048333 0.043333
3 0.491667 0.783333 0.009167 0.023333
2 0.510000 0.690000 0.097500 0.053333
3 0.795833 0.415000 0.009167 0.016667
2 0.325000 0.296667 0.019167 0.046667
3 0.464167 0.718333 0.014167 0.025000
3 0.758333 0.593333 0.008333 0.016667
2 0.709167 0.351667 0.023333 0.106667
2 0.657500 0.668333 0.027500 0.016667
2 0.786667 0.675000 0.020833 0.080000
2 0.310833 0.753333 0.034167 0.100000
3 0.681667 0.636667 0.007500 0.015000
2 0.326667 0.701667 0.034167 0.038333
2 0.640000 0.376667 0.048333 0.043333
2 0.521667 0.613333 0.020000 0.021667
3 0.539167 0.351667 0.009167 0.015000
2 0.790833 0.433333 0.009167 0.031667
3 0.812500 0.631667 0.010833 0.023333
2 0.416667 0.366667 0.029167 0.038333
2 0.350000 0.626667 0.020833 0.080000
2 0.669167 0.420000 0.014167 0.015000
3 0.710000 0.998333 0.010000 0.001667
3 0.723333 0.606667 0.014167 0.025000
3 0.748333 0.620000 0.017500 0.031667
3 0.439167 0.350000 0.017500 0.031667
2 0.523333 0.265000 0.035000 0.105000
2 0.715000 0.345000 0.034167 0.038333
2 0.426667 0.303333 0.035000 0.105000
3 0.321667 0.650000 0.008333 0.016667
3 0.732500 0.620000 0.009167 0.016667
2 0.545833 0.388333 0.020000 0.021667
3 0.388333 0.640000 0.009167 0.015000
3 0.685000 0.715000 0.011667 0.030000
2 0.380833 0.741667 0.026667 0.035000
2 0.619167 0.656667 0.011667 0.066667
3 0.719167 0.661667 0.006667 0.018333
2 0.680833 0.691667 0.034167 0.100000
3 0.679167 0.666667 0.007500 0.015000
3 0.689167 0.355000 0.010833 0.013333
2 0.540833 0.620000 0.097500 0.053333
3 0.445000 0.828333 0.007500 0.015000
3 0.646667 0.673333 0.014167 0.025000
2 0.817500 0.433333 0.017500 0.116667
2 0.446667 0.776667 0.020833 0.080000
3 0.316667 0.685000 0.007500 0.018333
3 0.640833 0.671667 0.007500 0.016667
2 0.529167 0.426667 0.030833 0.051667
2 0.445833 0.691667 0.009167 0.040000
2 0.571667 0.736667 0.011667 0.066667
2 0.568333 0.733333 0.027500 0.016667
2 0.140833 0.680000 0.013333 0.070000
3 0.703333 0.615000 0.007500 0.016667
3 0.775833 0.711667 0.009167 0.016667
2 0.456667 0.360000 0.045833 0.021667
3 0.565000 0.685000 0.010833 0.013333
2 0.332500 0.730000 0.010000 0.031667
2 0.312500 0.746667 0.019167 0.046667
2 0.775833 0.370000 0.034167 0.100000
2 0.522500 0.698333 0.048333 0.025000
3 0.770833 0.350000 0.008333 0.021667
3 0.309167 0.348333 0.007500 0.018333
3 0.416667 0.676667 0.009167 0.015000
2 0.737500 0.396667 0.048333 0.043333
2 0.831667 0.420000 0.009167 0.031667
2 0.684167 0.316667 0.010833 0.091667
3 0.322500 0.273333 0.009167 0.023333
3 0.570833 0.636667 0.010000 0.016667
3 0.432500 0.745000 0.008333 0.016667
3 0.546667 0.418333 0.010000 0.020000
2 0.778333 0.383333 0.035000 0.105000
3 0.492500 0.780000 0.007500 0.016667
2 0.459167 0.146667 0.023333 0.106667
3 0.705833 0.326667 0.006667 0.018333
3 0.697500 0.666667 0.009167 0.023333
3 0.690833 0.616667 0.009167 0.023333
3 0.548333 0.418333 0.013333 0.015000
2 0.402500 0.696667 0.010833 0.091667
2 0.749167 0.601667 0.026667 0.035000
2 0.355000 0.735000 0.011667 0.066667
2 0.720833 0.476667 0.021667 0.090000
2 0.339167 0.665000 0.011667 0.025000
2 0.648333 0.366667 0.027500 0.016667
3 0.312500 0.608333 0.006667 0.018333
3 0.535000 0.373333 0.008333 0.021667
2 0.493333 0.250000 0.019167 0.046667
3 0.721667 0.420000 0.010833 0.023333
2 0.470000 0.273333 0.020833 0.080000
2 0.403333 0.700000 0.026667 0.035000
3 0.358333 0.315000 0.010000 0.020000
2 0.452500 0.866667 0.010833 0.091667
2 0.582500 0.306667 0.097500 0.053333
3 0.683333 0.625000 0.013333 0.015000
2 0.510000 0.371667 0.023333 0.041667
2 0.633333 0.703333 0.029167 0.038333
2 0.463333 0.765000 0.035000 0.105000
3 0.271667 0.346667 0.009167 0.016667
3 0.463333 0.703333 0.008333 0.016667
3 0.270000 0.866667 0.009167 0.023333
3 0.848333 0.323333 0.007500 0.018333
2 0.480833 0.650000 0.020833 0.080000
2 0.303333 0.328333 0.010833 0.091667
2 0.730000 0.765000 0.035000 0.105000
2 0.260833 0.648333 0.023333 0.041667
2 0.426667 0.765000 0.058333 0.076667
2 0.690000 0.676667 0.045833 0.021667
3 0.644167 0.385000 0.010833 0.023333
3 0.639167 0.420000 0.006667 0.018333
3 0.514167 0.700000 0.009167 0.015000
3 0.663333 0.338333 0.008333 0.016667
2 0.306667 0.710000 0.020833 0.028333
2 0.771667 0.433333 0.021667 0.090000
3 0.578333 0.736667 0.008333 0.016667
3 0.788333 0.350000 0.013333 0.015000
3 0.412500 0.398333 0.010000 0.020000
2 0.671667 0.633333 0.010000 0.031667
2 0.709167 0.626667 0.010000 0.031667
3 0.746667 0.448333 0.013333 0.031667
3 0.306667 0.341667 0.009167 0.016667
2 0.340000 0.631667 0.009167 0.040000
