4 0.805833 0.601667 0.083333 0.203333
4 0.863333 0.566667 0.077500 0.106667
4 0.853333 0.386667 0.062500 0.070000
4 0.818333 0.428333 0.187500 0.086667
4 0.838333 0.451667 0.035000 0.033333
4 0.776667 0.556667 0.172500 0.051667
4 0.839167 0.625000 0.163333 0.076667
4 0.883333 0.526667 0.076667 0.095000
4 0.820000 0.716667 0.078333 0.196667
4 0.782500 0.711667 0.176667 0.263333
4 0.552500 0.558333 0.058333 0.031667
4 0.770833 0.515000 0.055833 0.078333
4 0.268333 0.570000 0.050833 0.090000
4 0.450000 0.511667 0.058333 0.051667
4 0.110833 0.581667 0.222500 0.123333
4 0.397500 0.528333 0.109167 0.078333
4 0.020000 0.476667 0.040000 0.138333
4 0.450000 0.486667 0.189167 0.123333
4 0.472500 0.535000 0.050000 0.076667
4 0.593333 0.581667 0.056667 0.066667
2 0.656667 0.545000 0.019167 0.046667
2 0.381667 0.556667 0.026667 0.035000
2 0.593333 0.531667 0.058333 0.076667
2 0.539167 0.538333 0.010000 0.031667
2 0.619167 0.540000 0.020000 0.021667
2 0.480833 0.435000 0.029167 0.038333
2 0.825833 0.483333 0.014167 0.015000
3 0.392500 0.595000 0.013333 0.015000
3 0.211667 0.600000 0.015833 0.051667
2 0.304167 0.583333 0.009167 0.031667
3 0.770833 0.478333 0.009167 0.016667
2 0.788333 0.590000 0.034167 0.038333
3 0.479167 0.446667 0.009167 0.023333
2 0.804167 0.673333 0.026667 0.035000
3 0.487500 0.426667 0.007500 0.015000
2 0.017500 0.483333 0.034167 0.038333
2 0.085000 0.510000 0.022500 0.023333
2 0.766667 0.523333 0.034167 0.038333
2 0.099167 0.586667 0.034167 0.038333
2 0.290000 0.446667 0.020833 0.028333
3 0.339167 0.588333 0.007500 0.018333
2 0.326667 0.471667 0.017500 0.116667
2 0.120833 0.433333 0.035000 0.105000
3 0.068333 0.466667 0.009167 0.016667
3 0.156667 0.580000 0.009167 0.016667
3 0.032500 0.576667 0.017500 0.031667
2 0.755000 0.508333 0.017500 0.116667
2 0.271667 0.616667 0.034167 0.100000
2 0.681667 0.528333 0.020833 0.080000
2 0.781667 0.488333 0.045833 0.021667
3 0.491667 0.513333 0.008333 0.016667
3 0.789167 0.495000 0.013333 0.031667
3 0.393333 0.551667 0.007500 0.015000
2 0.477500 0.521667 0.010000 0.031667
3 0.338333 0.473333 0.010000 0.016667
3 0.158333 0.568333 0.009167 0.016667
3 0.755833 0.543333 0.013333 0.015000
3 0.820833 0.560000 0.008333 0.016667
2 0.553333 0.520000 0.034167 0.100000
2 0.415833 0.485000 0.011667 0.025000
2 0.563333 0.540000 0.048333 0.025000
2 0.765833 0.496667 0.035000 0.105000
3 0.609167 0.610000 0.008333 0.016667
2 0.132500 0.561667 0.045833 0.021667
2 0.729167 0.606667 0.020833 0.080000
2 0.012500 0.508333 0.025000 0.038333
2 0.352500 0.520000 0.017500 0.116667
3 0.643333 0.456667 0.009167 0.016667
2 0.735833 0.573333 0.045833 0.021667
2 0.380000 0.578333 0.048333 0.043333
3 0.408333 0.593333 0.010833 0.023333
2 0.300833 0.561667 0.009167 0.031667
2 0.124167 0.471667 0.011667 0.066667
3 0.041667 0.516667 0.011667 0.030000
2 0.644167 0.530000 0.013333 0.070000
2 0.140833 0.435000 0.020833 0.028333
2 0.125000 0.553333 0.045833 0.021667
2 0.353333 0.441667 0.015833 0.068333
2 0.434167 0.530000 0.023333 0.041667
3 0.170000 0.521667 0.013333 0.031667
3 0.085833 0.553333 0.007500 0.016667
2 0.415000 0.571667 0.021667 0.090000
2 0.220000 0.433333 0.015833 0.068333
2 0.235000 0.570000 0.013333 0.070000
2 0.042500 0.530000 0.029167 0.038333
3 0.100833 0.455000 0.015833 0.051667
2 0.198333 0.480000 0.023333 0.106667
2 0.816667 0.618333 0.011667 0.066667
2 0.544167 0.583333 0.020000 0.021667
2 0.182500 0.516667 0.017500 0.116667
3 0.781667 0.478333 0.009167 0.016667
3 0.546667 0.543333 0.011667 0.020000
2 0.794167 0.565000 0.023333 0.106667
3 0.398333 0.578333 0.013333 0.031667
2 0.712500 0.586667 0.020833 0.028333
2 0.125000 0.595000 0.020833 0.028333
2 0.174167 0.463333 0.009167 0.031667
3 0.752500 0.560000 0.007500 0.018333
3 0.165000 0.440000 0.009167 0.023333
3 0.635833 0.470000 0.009167 0.018333
3 0.435000 0.630000 0.008333 0.021667
2 0.464167 0.461667 0.020833 0.080000
2 0.364167 0.545000 0.009167 0.040000
3 0.702500 0.578333 0.008333 0.021667
3 0.158333 0.525000 0.014167 0.025000
3 0.334167 0.450000 0.007500 0.015000
2 0.689167 0.571667 0.058333 0.076667
3 0.240000 0.458333 0.007500 0.015000
2 0.808333 0.476667 0.014167 0.015000
3 0.499167 0.565000 0.008333 0.016667
2 0.636667 0.498333 0.030833 0.051667
3 0.645833 0.521667 0.011667 0.030000
2 0.088333 0.503333 0.023333 0.106667
3 0.424167 0.575000 0.009167 0.023333
3 0.745833 0.490000 0.007500 0.016667
3 0.397500 0.485000 0.011667 0.030000
3 0.735833 0.488333 0.015833 0.051667
2 0.815000 0.495000 0.009167 0.031667
2 0.236667 0.560000 0.048333 0.025000
2 0.526667 0.460000 0.045833 0.021667
2 0.634167 0.541667 0.010833 0.091667
2 0.159167 0.551667 0.014167 0.015000
2 0.662500 0.640000 0.023333 0.106667
2 0.255000 0.600000 0.035000 0.105000
2 0.716667 0.336667 0.009167 0.040000
3 0.785833 0.356667 0.017500 0.031667
2 0.266667 0.675000 0.026667 0.035000
2 0.414167 0.378333 0.023333 0.041667
2 0.708333 0.675000 0.048333 0.025000
2 0.588333 0.720000 0.020833 0.080000
2 0.335833 0.363333 0.035000 0.105000
2 0.459167 0.113333 0.034167 0.038333
2 0.640833 0.356667 0.011667 0.066667
3 0.741667 0.611667 0.017500 0.031667
3 0.734167 0.371667 0.008333 0.016667
3 0.345000 0.370000 0.007500 0.016667
2 0.783333 0.341667 0.020000 0.021667
2 0.423333 0.806667 0.048333 0.025000
2 0.453333 0.098333 0.035000 0.105000
2 0.219167 0.663333 0.020833 0.080000
2 0.345000 0.458333 0.021667 0.090000
3 0.566667 0.380000 0.009167 0.015000
2 0.509167 0.726667 0.022500 0.023333
3 0.590833 0.756667 0.010000 0.016667
2 0.390000 0.825000 0.058333 0.076667
2 0.442500 0.623333 0.035000 0.105000
3 0.776667 0.596667 0.009167 0.016667
3 0.348333 0.683333 0.010000 0.020000
2 0.486667 0.288333 0.020833 0.080000
3 0.248333 0.768333 0.017500 0.031667
2 0.268333 0.711667 0.009167 0.031667
3 0.704167 0.725000 0.013333 0.031667
3 0.605833 0.998333 0.007500 0.001667
3 0.435833 0.330000 0.007500 0.015000
3 0.785833 0.395000 0.009167 0.015000
3 0.437500 0.373333 0.007500 0.018333
3 0.723333 0.776667 0.010000 0.016667
2 0.187500 0.425000 0.013333 0.070000
2 0.345000 0.666667 0.015833 0.068333
2 0.550833 0.328333 0.022500 0.023333
3 0.668333 0.268333 0.010833 0.013333
2 0.540000 0.346667 0.020833 0.080000
2 0.690000 0.631667 0.048333 0.025000
3 0.782500 0.363333 0.007500 0.018333
3 0.488333 0.206667 0.009167 0.023333
2 0.670833 0.638333 0.009167 0.031667
2 0.594167 0.655000 0.026667 0.035000
2 0.501667 0.791667 0.020833 0.080000
2 0.324167 0.688333 0.058333 0.076667
3 0.705000 0.285000 0.011667 0.030000
3 0.480833 0.191667 0.010833 0.023333
2 0.722500 0.405000 0.034167 0.038333
3 0.770833 0.345000 0.008333 0.016667
3 0.356667 0.738333 0.009167 0.015000
2 0.691667 0.415000 0.034167 0.038333
3 0.623333 0.655000 0.009167 0.018333
2 0.308333 0.793333 0.014167 0.015000
2 0.775000 0.590000 0.029167 0.038333
3 0.402500 0.706667 0.014167 0.025000
3 0.483333 0.720000 0.009167 0.016667
2 0.759167 0.376667 0.019167 0.046667
3 0.647500 0.440000 0.010000 0.020000
2 0.623333 0.665000 0.022500 0.023333
2 0.338333 0.215000 0.019167 0.046667
2 0.665833 0.375000 0.034167 0.100000
2 0.708333 0.671667 0.017500 0.116667
3 0.633333 0.393333 0.007500 0.018333
2 0.472500 0.711667 0.022500 0.023333
3 0.338333 0.733333 0.009167 0.023333
2 0.369167 0.760000 0.097500 0.053333
3 0.352500 0.611667 0.008333 0.016667
3 0.349167 0.838333 0.009167 0.016667
2 0.294167 0.140000 0.029167 0.038333
3 0.367500 0.765000 0.017500 0.031667
2 0.753333 0.376667 0.026667 0.035000
2 0.353333 0.261667 0.011667 0.066667
2 0.487500 0.760000 0.023333 0.041667
3 0.499167 0.266667 0.008333 0.016667
3 0.487500 0.378333 0.010000 0.020000
3 0.316667 0.371667 0.007500 0.015000
3 0.516667 0.330000 0.007500 0.018333
2 0.665833 0.348333 0.020833 0.028333
2 0.739167 0.615000 0.022500 0.023333
2 0.246667 0.331667 0.020833 0.028333
3 0.510833 0.353333 0.009167 0.015000
2 0.474167 0.283333 0.023333 0.106667
2 0.566667 0.380000 0.010000 0.031667
2 0.452500 0.751667 0.014167 0.015000
2 0.685000 0.356667 0.009167 0.031667
2 0.745000 0.346667 0.020833 0.080000
2 0.454167 0.715000 0.023333 0.106667
3 0.790000 0.653333 0.010833 0.013333
2 0.622500 0.370000 0.023333 0.041667
3 0.695833 0.251667 0.014167 0.025000
3 0.568333 0.778333 0.009167 0.016667
3 0.574167 0.663333 0.007500 0.015000
2 0.258333 0.398333 0.023333 0.041667
3 0.721667 0.676667 0.010000 0.020000
2 0.734167 0.675000 0.015833 0.068333
2 0.328333 0.361667 0.029167 0.038333
2 0.739167 0.718333 0.022500 0.023333
3 0.553333 0.651667 0.011667 0.030000
3 0.704167 0.670000 0.007500 0.015000
2 0.230000 0.685000 0.058333 0.076667
3 0.444167 0.380000 0.007500 0.015000
3 0.681667 0.711667 0.009167 0.023333
3 0.355833 0.660000 0.009167 0.023333
2 0.284167 0.290000 0.023333 0.041667
3 0.732500 0.276667 0.017500 0.031667
2 0.682500 0.355000 0.014167 0.015000
2 0.725000 0.646667 0.013333 0.070000
3 0.741667 0.333333 0.007500 0.015000
2 0.753333 0.395000 0.026667 0.035000
3 0.771667 0.616667 0.006667 0.018333
2 0.616667 0.663333 0.023333 0.041667
3 0.480000 0.703333 0.007500 0.018333
3 0.309167 0.378333 0.014167 0.025000
2 0.284167 0.230000 0.011667 0.066667
3 0.639167 0.420000 0.006667 0.018333
3 0.542500 0.345000 0.008333 0.021667
3 0.775000 0.395000 0.007500 0.018333
2 0.775000 0.403333 0.014167 0.015000
3 0.625000 0.350000 0.009167 0.016667
2 0.366667 0.746667 0.013333 0.070000
2 0.288333 0.291667 0.022500 0.023333
2 0.247500 0.765000 0.027500 0.016667
2 0.755000 0.623333 0.058333 0.076667
3 0.480000 0.378333 0.011667 0.020000
3 0.306667 0.338333 0.009167 0.015000
2 0.301667 0.263333 0.020833 0.080000
2 0.325833 0.655000 0.048333 0.025000
3 0.459167 0.663333 0.013333 0.015000
2 0.311667 0.701667 0.020833 0.080000
3 0.680833 0.403333 0.015833 0.051667
3 0.286667 0.406667 0.010833 0.013333
2 0.546667 0.723333 0.017500 0.116667
2 0.219167 0.395000 0.023333 0.106667
2 0.735833 0.406667 0.035000 0.105000
3 0.758333 0.596667 0.008333 0.021667
3 0.689167 0.336667 0.009167 0.018333
3 0.683333 0.423333 0.011667 0.020000
3 0.322500 0.746667 0.011667 0.030000
3 0.701667 0.366667 0.014167 0.025000
3 0.679167 0.670000 0.008333 0.016667
2 0.670000 0.643333 0.034167 0.100000
2 0.550833 0.801667 0.019167 0.046667
2 0.631667 0.626667 0.029167 0.038333
2 0.320833 0.220000 0.045833 0.021667
3 0.412500 0.843333 0.013333 0.015000
2 0.774167 0.621667 0.048333 0.043333
3 0.456667 0.801667 0.007500 0.018333
3 0.554167 0.640000 0.007500 0.015000
2 0.360000 0.651667 0.022500 0.023333
3 0.473333 0.731667 0.006667 0.018333
2 0.504167 0.431667 0.026667 0.035000
3 0.668333 0.635000 0.007500 0.016667
2 0.707500 0.730000 0.013333 0.070000
2 0.310833 0.753333 0.034167 0.100000
3 0.755000 0.600000 0.008333 0.016667
2 0.746667 0.698333 0.010000 0.031667
2 0.831667 0.315000 0.034167 0.038333
3 0.575000 0.656667 0.017500 0.031667
2 0.754167 0.693333 0.029167 0.038333
2 0.687500 0.310000 0.009167 0.040000
2 0.417500 0.791667 0.058333 0.076667
3 0.482500 0.331667 0.007500 0.015000
2 0.757500 0.400000 0.010833 0.091667
2 0.536667 0.605000 0.035000 0.105000
2 0.437500 0.366667 0.027500 0.016667
2 0.757500 0.381667 0.017500 0.116667
2 0.715833 0.416667 0.048333 0.025000
2 0.661667 0.626667 0.020833 0.028333
3 0.761667 0.325000 0.007500 0.016667
2 0.398333 0.721667 0.022500 0.023333
2 0.687500 0.325000 0.019167 0.046667
2 0.725000 0.323333 0.034167 0.038333
3 0.525000 0.368333 0.007500 0.016667
2 0.485000 0.346667 0.013333 0.070000
3 0.697500 0.381667 0.011667 0.030000
3 0.384167 0.398333 0.013333 0.015000
2 0.509167 0.308333 0.097500 0.053333
2 0.700833 0.743333 0.013333 0.070000
2 0.770833 0.673333 0.020833 0.080000
3 0.677500 0.423333 0.010833 0.023333
2 0.332500 0.378333 0.011667 0.066667
3 0.324167 0.368333 0.009167 0.016667
2 0.568333 0.370000 0.020833 0.080000
3 0.380833 0.758333 0.008333 0.016667
3 0.715000 0.648333 0.015833 0.051667
3 0.637500 0.388333 0.009167 0.016667
3 0.260000 0.730000 0.011667 0.020000
3 0.427500 0.380000 0.009167 0.016667
2 0.471667 0.236667 0.034167 0.100000
2 0.271667 0.740000 0.029167 0.038333
2 0.435000 0.300000 0.035000 0.105000
2 0.259167 0.698333 0.027500 0.016667
3 0.806667 0.431667 0.010000 0.016667
2 0.285000 0.435000 0.020833 0.080000
3 0.600833 0.711667 0.008333 0.021667
3 0.507500 0.821667 0.009167 0.018333
