4 0.895000 0.575000 0.051667 0.028333
4 0.793333 0.395000 0.131667 0.156667
4 0.849167 0.593333 0.095833 0.153333
4 0.771667 0.513333 0.157500 0.328333
4 0.830000 0.533333 0.125000 0.186667
4 0.818333 0.583333 0.054167 0.078333
4 0.820833 0.505000 0.068333 0.086667
4 0.848333 0.455000 0.070000 0.095000
4 0.854167 0.545000 0.058333 0.045000
4 0.890833 0.578333 0.059167 0.023333
4 0.545833 0.578333 0.040000 0.086667
4 0.082500 0.483333 0.080000 0.088333
4 0.737500 0.568333 0.065833 0.055000
4 0.125000 0.566667 0.060833 0.155000
4 0.197500 0.483333 0.156667 0.195000
4 0.315833 0.565000 0.105000 0.070000
4 0.018333 0.610000 0.037500 0.161667
4 0.337500 0.465000 0.055833 0.075000
4 0.029167 0.413333 0.058333 0.256667
4 0.661667 0.426667 0.065833 0.121667
3 0.561667 0.590000 0.013333 0.031667
3 0.769167 0.551667 0.010833 0.013333
3 0.668333 0.453333 0.013333 0.015000
3 0.480000 0.406667 0.009167 0.016667
3 0.363333 0.543333 0.010000 0.016667
2 0.739167 0.516667 0.022500 0.023333
3 0.695833 0.495000 0.009167 0.016667
2 0.293333 0.578333 0.020833 0.028333
3 0.243333 0.516667 0.008333 0.016667
3 0.757500 0.566667 0.009167 0.018333
2 0.409167 0.530000 0.015833 0.068333
2 0.395000 0.498333 0.029167 0.038333
2 0.408333 0.473333 0.029167 0.038333
2 0.783333 0.538333 0.027500 0.016667
2 0.445000 0.503333 0.023333 0.041667
2 0.547500 0.546667 0.097500 0.053333
2 0.613333 0.605000 0.009167 0.031667
3 0.817500 0.643333 0.013333 0.031667
3 0.465000 0.438333 0.015833 0.051667
2 0.412500 0.543333 0.034167 0.038333
2 0.185000 0.598333 0.045833 0.021667
2 0.611667 0.488333 0.048333 0.043333
2 0.361667 0.521667 0.009167 0.031667
2 0.210833 0.483333 0.020833 0.028333
2 0.092500 0.478333 0.022500 0.023333
3 0.635833 0.538333 0.009167 0.016667
2 0.562500 0.511667 0.045833 0.021667
3 0.495000 0.575000 0.007500 0.015000
3 0.174167 0.548333 0.008333 0.016667
2 0.685833 0.516667 0.097500 0.053333
3 0.125000 0.573333 0.007500 0.018333
2 0.314167 0.511667 0.011667 0.025000
2 0.472500 0.621667 0.034167 0.100000
3 0.019167 0.498333 0.013333 0.031667
2 0.465000 0.386667 0.019167 0.046667
2 0.475833 0.493333 0.022500 0.023333
3 0.047500 0.558333 0.007500 0.016667
2 0.645833 0.503333 0.022500 0.023333
2 0.616667 0.510000 0.009167 0.031667
3 0.088333 0.546667 0.013333 0.031667
3 0.055833 0.531667 0.008333 0.016667
3 0.705000 0.496667 0.007500 0.018333
2 0.533333 0.611667 0.013333 0.070000
2 0.630000 0.511667 0.048333 0.043333
3 0.462500 0.513333 0.009167 0.023333
3 0.549167 0.580000 0.008333 0.016667
3 0.779167 0.543333 0.013333 0.031667
2 0.301667 0.603333 0.021667 0.090000
3 0.592500 0.550000 0.007500 0.018333
2 0.393333 0.548333 0.020833 0.080000
2 0.185833 0.433333 0.058333 0.076667
3 0.516667 0.570000 0.010833 0.023333
3 0.703333 0.506667 0.011667 0.030000
3 0.090833 0.523333 0.013333 0.015000
2 0.628333 0.608333 0.013333 0.070000
3 0.640833 0.590000 0.011667 0.030000
2 0.426667 0.475000 0.029167 0.038333
3 0.545000 0.520000 0.007500 0.018333
3 0.613333 0.598333 0.013333 0.015000
3 0.034167 0.568333 0.008333 0.016667
3 0.227500 0.555000 0.011667 0.020000
2 0.428333 0.613333 0.029167 0.038333
2 0.347500 0.563333 0.030833 0.051667
3 0.536667 0.513333 0.010833 0.023333
2 0.397500 0.481667 0.020833 0.080000
2 0.765000 0.583333 0.023333 0.106667
2 0.251667 0.621667 0.034167 0.100000
2 0.666667 0.580000 0.030833 0.051667
3 0.421667 0.573333 0.011667 0.030000
2 0.562500 0.610000 0.034167 0.100000
3 0.477500 0.515000 0.007500 0.015000
2 0.290833 0.556667 0.030833 0.051667
3 0.236667 0.575000 0.013333 0.031667
3 0.488333 0.560000 0.008333 0.016667
2 0.577500 0.535000 0.035000 0.105000
2 0.785000 0.601667 0.020833 0.080000
3 0.681667 0.483333 0.010833 0.023333
2 0.781667 0.588333 0.020833 0.080000
3 0.489167 0.535000 0.007500 0.015000
3 0.732500 0.501667 0.015833 0.051667
3 0.549167 0.570000 0.009167 0.015000
2 0.312500 0.465000 0.017500 0.116667
2 0.764167 0.440000 0.011667 0.066667
3 0.734167 0.501667 0.008333 0.016667
2 0.295000 0.613333 0.009167 0.031667
3 0.745833 0.540000 0.013333 0.015000
3 0.660833 0.588333 0.008333 0.021667
3 0.792500 0.490000 0.007500 0.016667
2 0.209167 0.486667 0.029167 0.038333
3 0.529167 0.473333 0.010833 0.013333
3 0.133333 0.531667 0.007500 0.018333
3 0.681667 0.596667 0.009167 0.018333
3 0.151667 0.606667 0.013333 0.031667
3 0.345000 0.523333 0.007500 0.018333
2 0.723333 0.535000 0.058333 0.076667
2 0.762500 0.501667 0.009167 0.031667
3 0.474167 0.520000 0.007500 0.015000
2 0.268333 0.558333 0.010000 0.031667
2 0.165833 0.531667 0.029167 0.038333
2 0.749167 0.536667 0.020833 0.080000
2 0.336667 0.601667 0.017500 0.116667
2 0.019167 0.443333 0.015833 0.068333
2 0.435833 0.636667 0.019167 0.046667
3 0.700000 0.300000 0.008333 0.016667
3 0.529167 0.621667 0.007500 0.015000
3 0.776667 0.595000 0.010000 0.020000
2 0.616667 0.411667 0.021667 0.090000
2 0.305833 0.781667 0.029167 0.038333
2 0.687500 0.683333 0.034167 0.100000
3 0.770833 0.401667 0.007500 0.015000
3 0.779167 0.333333 0.008333 0.016667
2 0.162500 0.423333 0.020833 0.080000
2 0.740000 0.675000 0.020833 0.080000
3 0.550833 0.390000 0.009167 0.018333
2 0.535000 0.243333 0.020833 0.028333
3 0.176667 0.395000 0.008333 0.021667
2 0.360833 0.600000 0.019167 0.046667
2 0.623333 0.328333 0.020833 0.028333
2 0.310000 0.673333 0.048333 0.043333
3 0.380833 0.378333 0.013333 0.031667
3 0.533333 0.621667 0.008333 0.016667
2 0.713333 0.613333 0.048333 0.043333
3 0.678333 0.638333 0.009167 0.016667
3 0.283333 0.711667 0.007500 0.018333
2 0.269167 0.690000 0.010833 0.091667
3 0.351667 0.275000 0.014167 0.025000
3 0.310000 0.398333 0.017500 0.031667
2 0.281667 0.361667 0.097500 0.053333
2 0.708333 0.653333 0.026667 0.035000
3 0.454167 0.266667 0.007500 0.015000
3 0.582500 0.633333 0.014167 0.025000
2 0.659167 0.656667 0.020000 0.021667
2 0.419167 0.333333 0.009167 0.040000
2 0.347500 0.383333 0.011667 0.066667
3 0.597500 0.576667 0.009167 0.018333
2 0.368333 0.688333 0.045833 0.021667
2 0.161667 0.400000 0.022500 0.023333
2 0.692500 0.426667 0.030833 0.051667
2 0.619167 0.396667 0.030833 0.051667
2 0.535000 0.698333 0.023333 0.041667
3 0.594167 0.408333 0.007500 0.015000
2 0.563333 0.755000 0.048333 0.025000
2 0.421667 0.411667 0.020833 0.080000
2 0.780833 0.396667 0.048333 0.043333
3 0.597500 0.326667 0.010833 0.013333
3 0.620833 0.291667 0.010000 0.016667
3 0.445833 0.710000 0.010000 0.016667
2 0.480833 0.735000 0.019167 0.046667
2 0.750833 0.636667 0.009167 0.031667
2 0.572500 0.743333 0.029167 0.038333
3 0.667500 0.636667 0.009167 0.016667
3 0.349167 0.736667 0.013333 0.015000
3 0.795000 0.643333 0.007500 0.015000
3 0.690833 0.753333 0.010833 0.023333
3 0.305833 0.391667 0.007500 0.015000
3 0.200833 0.665000 0.011667 0.030000
2 0.520833 0.360000 0.014167 0.015000
2 0.264167 0.685000 0.030833 0.051667
3 0.283333 0.265000 0.010000 0.020000
3 0.238333 0.335000 0.007500 0.015000
2 0.220833 0.731667 0.017500 0.116667
2 0.255000 0.666667 0.034167 0.100000
2 0.519167 0.696667 0.013333 0.070000
3 0.320000 0.705000 0.007500 0.018333
2 0.770000 0.443333 0.021667 0.090000
2 0.683333 0.678333 0.011667 0.025000
2 0.332500 0.700000 0.020833 0.080000
3 0.361667 0.396667 0.009167 0.018333
3 0.455833 0.351667 0.009167 0.016667
3 0.786667 0.418333 0.007500 0.018333
2 0.693333 0.703333 0.034167 0.100000
3 0.690833 0.385000 0.007500 0.015000
2 0.565000 0.666667 0.017500 0.116667
3 0.770833 0.378333 0.007500 0.015000
3 0.704167 0.325000 0.010000 0.016667
2 0.516667 0.393333 0.014167 0.015000
2 0.340000 0.396667 0.023333 0.106667
2 0.249167 0.703333 0.020000 0.021667
3 0.573333 0.386667 0.008333 0.016667
3 0.677500 0.340000 0.008333 0.016667
3 0.540000 0.406667 0.010000 0.020000
3 0.705833 0.723333 0.010000 0.016667
2 0.765833 0.425000 0.027500 0.016667
2 0.255833 0.728333 0.034167 0.100000
2 0.459167 0.706667 0.010833 0.091667
2 0.716667 0.675000 0.020000 0.021667
3 0.695833 0.370000 0.014167 0.025000
3 0.305000 0.806667 0.010833 0.013333
3 0.424167 0.710000 0.009167 0.016667
3 0.728333 0.686667 0.008333 0.021667
3 0.550833 0.758333 0.009167 0.016667
3 0.733333 0.438333 0.009167 0.016667
3 0.297500 0.385000 0.014167 0.025000
2 0.715833 0.348333 0.011667 0.025000
2 0.619167 0.676667 0.030833 0.051667
2 0.623333 0.391667 0.013333 0.070000
2 0.675000 0.331667 0.015833 0.068333
3 0.777500 0.413333 0.010833 0.023333
2 0.345000 0.333333 0.015833 0.068333
3 0.680833 0.395000 0.007500 0.015000
2 0.285833 0.820000 0.020833 0.028333
2 0.385833 0.426667 0.010833 0.091667
3 0.254167 0.706667 0.009167 0.016667
2 0.756667 0.386667 0.014167 0.015000
3 0.752500 0.335000 0.007500 0.018333
2 0.462500 0.325000 0.023333 0.106667
2 0.579167 0.408333 0.020833 0.080000
2 0.463333 0.831667 0.034167 0.100000
3 0.365833 0.655000 0.009167 0.018333
3 0.570000 0.670000 0.007500 0.016667
2 0.664167 0.378333 0.009167 0.040000
3 0.643333 0.428333 0.007500 0.018333
2 0.708333 0.610000 0.014167 0.015000
3 0.666667 0.443333 0.009167 0.016667
3 0.705833 0.730000 0.006667 0.018333
3 0.280000 0.725000 0.008333 0.021667
2 0.152500 0.381667 0.020833 0.080000
3 0.513333 0.196667 0.008333 0.016667
2 0.720000 0.646667 0.009167 0.031667
2 0.267500 0.766667 0.027500 0.016667
3 0.238333 0.818333 0.011667 0.020000
2 0.672500 0.368333 0.034167 0.038333
2 0.419167 0.401667 0.020833 0.080000
3 0.790833 0.350000 0.007500 0.015000
2 0.745833 0.388333 0.020833 0.028333
3 0.571667 0.166667 0.014167 0.025000
3 0.687500 0.643333 0.007500 0.016667
2 0.771667 0.640000 0.020833 0.080000
2 0.345833 0.316667 0.019167 0.046667
2 0.330000 0.381667 0.015833 0.068333
3 0.495000 0.265000 0.009167 0.016667
2 0.520000 0.628333 0.027500 0.016667
3 0.760000 0.370000 0.017500 0.031667
3 0.539167 0.728333 0.011667 0.030000
2 0.632500 0.703333 0.097500 0.053333
2 0.316667 0.348333 0.014167 0.015000
2 0.729167 0.701667 0.020000 0.021667
2 0.405833 0.406667 0.023333 0.106667
3 0.699167 0.298333 0.009167 0.018333
2 0.707500 0.445000 0.021667 0.090000
3 0.476667 0.781667 0.017500 0.031667
3 0.317500 0.641667 0.009167 0.016667
2 0.680833 0.431667 0.030833 0.051667
2 0.612500 0.395000 0.014167 0.015000
2 0.820833 0.430000 0.011667 0.025000
2 0.424167 0.701667 0.010833 0.091667
3 0.783333 0.600000 0.013333 0.031667
2 0.697500 0.413333 0.010833 0.091667
2 0.518333 0.270000 0.011667 0.025000
2 0.539167 0.205000 0.017500 0.116667
3 0.340833 0.840000 0.010833 0.023333
2 0.625833 0.638333 0.017500 0.116667
3 0.761667 0.368333 0.009167 0.016667
2 0.271667 0.631667 0.029167 0.038333
3 0.675833 0.391667 0.009167 0.015000
3 0.364167 0.670000 0.011667 0.030000
2 0.760833 0.600000 0.010000 0.031667
3 0.319167 0.705000 0.009167 0.016667
2 0.657500 0.431667 0.013333 0.070000
2 0.539167 0.691667 0.022500 0.023333
3 0.794167 0.638333 0.014167 0.025000
2 0.281667 0.410000 0.009167 0.031667
3 0.438333 0.748333 0.006667 0.018333
3 0.345000 0.655000 0.009167 0.023333
2 0.592500 0.606667 0.097500 0.053333
2 0.449167 0.360000 0.023333 0.106667
2 0.513333 0.336667 0.013333 0.070000
2 0.595833 0.393333 0.029167 0.038333
3 0.545833 0.650000 0.010833 0.013333
3 0.423333 0.365000 0.007500 0.018333
2 0.478333 0.180000 0.020833 0.080000
3 0.785833 0.415000 0.009167 0.015000
3 0.344167 0.370000 0.010000 0.016667
2 0.699167 0.261667 0.009167 0.040000
2 0.462500 0.290000 0.011667 0.066667
2 0.764167 0.666667 0.013333 0.070000
3 0.640833 0.433333 0.008333 0.016667
2 0.578333 0.368333 0.023333 0.041667
3 0.657500 0.338333 0.008333 0.016667
3 0.751667 0.420000 0.013333 0.031667
2 0.547500 0.706667 0.014167 0.015000
2 0.319167 0.636667 0.045833 0.021667
3 0.610833 0.685000 0.011667 0.030000
3 0.677500 0.431667 0.007500 0.015000
3 0.781667 0.615000 0.011667 0.030000
3 0.671667 0.635000 0.010000 0.020000
2 0.327500 0.683333 0.010833 0.091667
3 0.219167 0.665000 0.008333 0.016667
2 0.532500 0.741667 0.023333 0.106667
3 0.357500 0.691667 0.013333 0.015000
2 0.410000 0.841667 0.017500 0.116667
3 0.489167 0.781667 0.007500 0.015000
2 0.540000 0.675000 0.020833 0.028333
2 0.504167 0.330000 0.030833 0.051667
3 0.449167 0.678333 0.007500 0.018333
2 0.311667 0.688333 0.029167 0.038333
3 0.306667 0.403333 0.009167 0.018333
2 0.787500 0.415000 0.020833 0.028333
3 0.346667 0.765000 0.010000 0.016667
3 0.686667 0.348333 0.006667 0.018333
