4 0.862500 0.353333 0.043333 0.031667
4 0.749167 0.620000 0.171667 0.138333
4 0.751667 0.461667 0.210833 0.110000
4 0.824167 0.550000 0.160833 0.150000
4 0.835000 0.651667 0.106667 0.208333
4 0.815833 0.421667 0.090833 0.041667
4 0.885000 0.433333 0.060000 0.035000
4 0.740000 0.620000 0.202500 0.100000
4 0.752500 0.406667 0.256667 0.121667
4 0.837500 0.591667 0.083333 0.070000
4 0.111667 0.543333 0.223333 0.116667
4 0.396667 0.648333 0.083333 0.211667
4 0.048333 0.700000 0.097500 0.325000
4 0.101667 0.651667 0.204167 0.328333
4 0.483333 0.523333 0.102500 0.038333
4 0.120000 0.590000 0.050000 0.051667
4 0.219167 0.575000 0.060000 0.140000
4 0.704167 0.466667 0.143333 0.096667
4 0.588333 0.588333 0.070833 0.100000
4 0.160000 0.568333 0.056667 0.035000
2 0.696667 0.446667 0.011667 0.025000
2 0.168333 0.526667 0.021667 0.090000
2 0.641667 0.516667 0.017500 0.116667
2 0.502500 0.463333 0.017500 0.116667
2 0.646667 0.443333 0.015833 0.068333
3 0.755833 0.490000 0.009167 0.018333
2 0.347500 0.498333 0.045833 0.021667
2 0.477500 0.570000 0.011667 0.025000
2 0.805000 0.461667 0.010000 0.031667
2 0.644167 0.495000 0.020833 0.080000
2 0.025000 0.568333 0.020000 0.021667
3 0.725833 0.551667 0.011667 0.020000
2 0.506667 0.553333 0.023333 0.106667
3 0.679167 0.463333 0.009167 0.016667
2 0.557500 0.611667 0.013333 0.070000
3 0.490833 0.515000 0.011667 0.030000
3 0.399167 0.538333 0.007500 0.015000
2 0.230000 0.561667 0.010833 0.091667
2 0.208333 0.528333 0.023333 0.106667
2 0.173333 0.476667 0.020833 0.080000
3 0.388333 0.488333 0.014167 0.025000
3 0.424167 0.571667 0.008333 0.016667
3 0.815833 0.581667 0.007500 0.015000
2 0.430833 0.531667 0.017500 0.116667
2 0.195000 0.501667 0.009167 0.031667
2 0.325833 0.525000 0.048333 0.043333
2 0.079167 0.495000 0.023333 0.041667
3 0.277500 0.575000 0.017500 0.031667
2 0.820833 0.505000 0.019167 0.046667
2 0.640000 0.583333 0.021667 0.090000
2 0.436667 0.535000 0.017500 0.116667
3 0.702500 0.570000 0.010000 0.020000
2 0.672500 0.575000 0.009167 0.031667
2 0.429167 0.496667 0.034167 0.100000
2 0.597500 0.598333 0.048333 0.043333
3 0.150000 0.581667 0.007500 0.015000
2 0.534167 0.498333 0.021667 0.090000
3 0.080833 0.560000 0.007500 0.018333
2 0.055833 0.496667 0.015833 0.068333
3 0.029167 0.551667 0.010000 0.016667
2 0.463333 0.573333 0.029167 0.038333
3 0.220833 0.533333 0.008333 0.016667
3 0.585000 0.585000 0.009167 0.023333
2 0.064167 0.546667 0.017500 0.116667
3 0.650000 0.523333 0.007500 0.018333
3 0.039167 0.481667 0.009167 0.015000
3 0.194167 0.476667 0.008333 0.016667
2 0.497500 0.456667 0.017500 0.116667
2 0.485000 0.476667 0.034167 0.100000
2 0.457500 0.430000 0.020833 0.028333
3 0.305000 0.530000 0.011667 0.030000
2 0.779167 0.471667 0.014167 0.015000
3 0.445000 0.488333 0.007500 0.018333
2 0.497500 0.521667 0.020000 0.021667
2 0.036667 0.536667 0.021667 0.090000
3 0.805833 0.455000 0.010833 0.023333
2 0.040000 0.526667 0.048333 0.043333
2 0.589167 0.518333 0.013333 0.070000
2 0.793333 0.430000 0.015833 0.068333
2 0.407500 0.520000 0.030833 0.051667
2 0.217500 0.480000 0.022500 0.023333
3 0.605000 0.463333 0.008333 0.016667
2 0.434167 0.536667 0.019167 0.046667
2 0.271667 0.595000 0.021667 0.090000
3 0.469167 0.471667 0.010833 0.023333
2 0.410000 0.566667 0.011667 0.025000
2 0.247500 0.521667 0.034167 0.100000
3 0.110000 0.595000 0.011667 0.030000
3 0.640833 0.443333 0.014167 0.025000
3 0.189167 0.568333 0.010000 0.016667
2 0.119167 0.546667 0.020833 0.080000
2 0.209167 0.515000 0.022500 0.023333
3 0.492500 0.518333 0.014167 0.025000
3 0.086667 0.530000 0.008333 0.016667
3 0.251667 0.556667 0.008333 0.016667
2 0.623333 0.428333 0.009167 0.040000
3 0.090833 0.515000 0.009167 0.016667
3 0.134167 0.558333 0.007500 0.015000
2 0.258333 0.565000 0.015833 0.068333
3 0.305000 0.555000 0.007500 0.015000
2 0.394167 0.541667 0.029167 0.038333
2 0.605833 0.490000 0.009167 0.040000
3 0.485000 0.460000 0.007500 0.015000
3 0.809167 0.570000 0.009167 0.023333
2 0.156667 0.586667 0.027500 0.016667
2 0.122500 0.550000 0.014167 0.015000
3 0.098333 0.515000 0.009167 0.015000
2 0.131667 0.458333 0.035000 0.105000
3 0.490000 0.426667 0.007500 0.015000
3 0.505000 0.545000 0.009167 0.016667
2 0.539167 0.586667 0.020833 0.028333
3 0.339167 0.458333 0.009167 0.016667
2 0.610000 0.438333 0.029167 0.038333
3 0.815000 0.666667 0.007500 0.015000
2 0.205833 0.568333 0.045833 0.021667
3 0.150833 0.456667 0.009167 0.015000
3 0.357500 0.563333 0.008333 0.016667
2 0.139167 0.478333 0.011667 0.025000
3 0.488333 0.568333 0.009167 0.023333
2 0.250833 0.608333 0.026667 0.035000
3 0.537500 0.561667 0.007500 0.018333
3 0.608333 0.460000 0.008333 0.021667
2 0.760000 0.641667 0.058333 0.076667
2 0.296667 0.313333 0.030833 0.051667
3 0.500833 0.396667 0.009167 0.016667
3 0.678333 0.433333 0.010000 0.020000
2 0.771667 0.708333 0.017500 0.116667
3 0.784167 0.893333 0.009167 0.016667
2 0.691667 0.380000 0.020833 0.080000
3 0.752500 0.615000 0.009167 0.016667
3 0.606667 0.381667 0.007500 0.015000
3 0.621667 0.396667 0.008333 0.016667
2 0.292500 0.428333 0.020833 0.080000
2 0.286667 0.390000 0.011667 0.066667
3 0.275000 0.665000 0.009167 0.018333
3 0.665000 0.401667 0.008333 0.021667
2 0.703333 0.416667 0.009167 0.031667
3 0.501667 0.685000 0.015833 0.051667
3 0.479167 0.310000 0.015833 0.051667
2 0.529167 0.720000 0.021667 0.090000
3 0.190000 0.400000 0.008333 0.016667
3 0.510000 0.818333 0.008333 0.016667
3 0.723333 0.350000 0.013333 0.031667
2 0.313333 0.731667 0.021667 0.090000
2 0.703333 0.640000 0.014167 0.015000
3 0.464167 0.716667 0.008333 0.016667
2 0.758333 0.621667 0.023333 0.106667
2 0.470833 0.143333 0.058333 0.076667
2 0.409167 0.343333 0.029167 0.038333
2 0.530833 0.186667 0.045833 0.021667
3 0.516667 0.405000 0.009167 0.018333
2 0.606667 0.671667 0.034167 0.100000
3 0.675833 0.256667 0.008333 0.016667
2 0.765833 0.413333 0.029167 0.038333
2 0.610833 0.673333 0.011667 0.025000
3 0.460833 0.403333 0.007500 0.016667
2 0.435000 0.340000 0.009167 0.031667
2 0.780833 0.373333 0.045833 0.021667
3 0.758333 0.631667 0.008333 0.016667
3 0.270833 0.716667 0.010000 0.016667
3 0.585833 0.415000 0.007500 0.015000
3 0.766667 0.746667 0.009167 0.018333
2 0.739167 0.688333 0.030833 0.051667
2 0.373333 0.700000 0.048333 0.043333
2 0.790000 0.406667 0.015833 0.068333
2 0.582500 0.750000 0.048333 0.025000
3 0.510833 0.195000 0.013333 0.015000
3 0.690000 0.645000 0.015833 0.051667
2 0.610833 0.633333 0.034167 0.038333
2 0.347500 0.268333 0.009167 0.040000
2 0.445833 0.278333 0.017500 0.116667
3 0.436667 0.691667 0.007500 0.015000
2 0.356667 0.675000 0.026667 0.035000
2 0.553333 0.663333 0.029167 0.038333
2 0.658333 0.361667 0.045833 0.021667
3 0.846667 0.325000 0.011667 0.020000
2 0.508333 0.381667 0.048333 0.025000
2 0.184167 0.688333 0.010833 0.091667
2 0.766667 0.715000 0.010833 0.091667
3 0.673333 0.423333 0.006667 0.018333
2 0.331667 0.298333 0.097500 0.053333
2 0.764167 0.643333 0.034167 0.038333
2 0.488333 0.640000 0.010000 0.031667
3 0.484167 0.826667 0.007500 0.016667
2 0.655833 0.336667 0.020833 0.028333
2 0.306667 0.750000 0.020833 0.080000
2 0.661667 0.398333 0.009167 0.031667
3 0.678333 0.431667 0.009167 0.015000
2 0.336667 0.863333 0.034167 0.100000
3 0.808333 0.898333 0.007500 0.015000
3 0.680000 0.345000 0.008333 0.021667
3 0.570000 0.720000 0.013333 0.031667
2 0.634167 0.461667 0.021667 0.090000
2 0.641667 0.375000 0.021667 0.090000
3 0.226667 0.706667 0.007500 0.015000
3 0.539167 0.353333 0.010000 0.020000
3 0.700833 0.343333 0.010833 0.023333
3 0.494167 0.265000 0.011667 0.020000
3 0.774167 0.353333 0.010000 0.016667
3 0.519167 0.396667 0.009167 0.016667
3 0.444167 0.670000 0.010000 0.016667
2 0.576667 0.448333 0.026667 0.035000
2 0.685833 0.611667 0.020000 0.021667
2 0.270000 0.373333 0.097500 0.053333
3 0.244167 0.355000 0.009167 0.016667
2 0.417500 0.846667 0.020833 0.080000
3 0.768333 0.370000 0.006667 0.018333
2 0.743333 0.665000 0.030833 0.051667
2 0.650000 0.456667 0.030833 0.051667
3 0.325000 0.358333 0.013333 0.031667
3 0.581667 0.655000 0.009167 0.016667
2 0.702500 0.613333 0.045833 0.021667
2 0.724167 0.625000 0.013333 0.070000
3 0.700000 0.655000 0.009167 0.015000
3 0.450833 0.283333 0.007500 0.018333
2 0.684167 0.390000 0.034167 0.100000
3 0.744167 0.671667 0.007500 0.015000
2 0.508333 0.608333 0.045833 0.021667
2 0.430833 0.708333 0.015833 0.068333
2 0.265000 0.400000 0.009167 0.031667
3 0.285000 0.333333 0.008333 0.016667
3 0.460000 0.668333 0.009167 0.015000
3 0.753333 0.601667 0.011667 0.020000
3 0.403333 0.371667 0.013333 0.015000
2 0.511667 0.395000 0.034167 0.100000
2 0.745000 0.726667 0.013333 0.070000
2 0.603333 0.631667 0.045833 0.021667
2 0.437500 0.336667 0.020833 0.028333
2 0.739167 0.620000 0.023333 0.106667
2 0.690833 0.731667 0.011667 0.066667
3 0.440833 0.376667 0.008333 0.016667
2 0.608333 0.388333 0.034167 0.038333
3 0.323333 0.408333 0.009167 0.016667
3 0.357500 0.406667 0.006667 0.018333
2 0.615000 0.323333 0.020833 0.080000
2 0.769167 0.601667 0.020000 0.021667
3 0.776667 0.651667 0.009167 0.018333
2 0.523333 0.598333 0.015833 0.068333
2 0.671667 0.351667 0.019167 0.046667
3 0.645000 0.646667 0.010833 0.013333
2 0.555000 0.750000 0.023333 0.106667
2 0.655000 0.685000 0.013333 0.070000
3 0.314167 0.771667 0.015833 0.051667
3 0.702500 0.375000 0.008333 0.016667
2 0.683333 0.421667 0.026667 0.035000
3 0.616667 0.296667 0.017500 0.031667
2 0.775000 0.656667 0.019167 0.046667
2 0.654167 0.380000 0.010000 0.031667
2 0.404167 0.733333 0.014167 0.015000
2 0.585000 0.370000 0.048333 0.025000
2 0.625833 0.366667 0.019167 0.046667
3 0.815833 0.621667 0.010833 0.023333
3 0.251667 0.765000 0.010833 0.023333
3 0.709167 0.683333 0.015833 0.051667
3 0.314167 0.373333 0.013333 0.031667
3 0.462500 0.146667 0.015833 0.051667
2 0.319167 0.356667 0.010000 0.031667
3 0.813333 0.421667 0.008333 0.016667
3 0.596667 0.716667 0.010000 0.016667
3 0.782500 0.345000 0.015833 0.051667
2 0.472500 0.186667 0.027500 0.016667
3 0.519167 0.846667 0.009167 0.016667
2 0.392500 0.333333 0.035000 0.105000
2 0.542500 0.663333 0.023333 0.106667
2 0.480000 0.266667 0.023333 0.041667
3 0.755000 0.646667 0.008333 0.016667
2 0.465000 0.651667 0.023333 0.106667
3 0.623333 0.653333 0.009167 0.015000
3 0.780833 0.325000 0.006667 0.018333
2 0.366667 0.653333 0.009167 0.031667
2 0.440833 0.395000 0.011667 0.066667
3 0.422500 0.820000 0.011667 0.030000
3 0.530833 0.408333 0.011667 0.030000
2 0.241667 0.685000 0.023333 0.106667
3 0.727500 0.353333 0.010000 0.020000
3 0.445000 0.361667 0.010833 0.013333
3 0.282500 0.723333 0.017500 0.031667
3 0.715000 0.233333 0.007500 0.018333
2 0.786667 0.355000 0.015833 0.068333
3 0.311667 0.720000 0.010833 0.023333
3 0.734167 0.261667 0.007500 0.018333
2 0.360833 0.728333 0.009167 0.031667
2 0.436667 0.365000 0.034167 0.038333
2 0.455000 0.305000 0.045833 0.021667
2 0.710000 0.373333 0.009167 0.031667
3 0.635833 0.636667 0.009167 0.018333
3 0.297500 0.641667 0.014167 0.025000
3 0.345000 0.638333 0.007500 0.018333
3 0.286667 0.820000 0.009167 0.015000
3 0.755000 0.310000 0.007500 0.015000
3 0.348333 0.288333 0.008333 0.016667
2 0.459167 0.806667 0.058333 0.076667
2 0.215000 0.688333 0.034167 0.100000
2 0.544167 0.243333 0.023333 0.106667
2 0.808333 0.348333 0.035000 0.105000
3 0.420833 0.655000 0.010000 0.020000
2 0.736667 0.623333 0.030833 0.051667
3 0.702500 0.408333 0.010833 0.023333
3 0.150000 0.675000 0.013333 0.031667
3 0.527500 0.623333 0.010833 0.023333
3 0.678333 0.376667 0.010833 0.023333
2 0.678333 0.356667 0.030833 0.051667
2 0.324167 0.315000 0.030833 0.051667
2 0.295000 0.386667 0.048333 0.025000
3 0.547500 0.655000 0.007500 0.018333
2 0.666667 0.443333 0.029167 0.038333
2 0.734167 0.730000 0.009167 0.031667
2 0.385000 0.416667 0.013333 0.070000
3 0.620000 0.676667 0.009167 0.018333
2 0.685000 0.625000 0.045833 0.021667
3 0.352500 0.661667 0.007500 0.015000
2 0.507500 0.843333 0.013333 0.070000
2 0.297500 0.751667 0.097500 0.053333
3 0.522500 0.380000 0.010000 0.020000
3 0.287500 0.408333 0.009167 0.015000
3 0.716667 0.645000 0.009167 0.016667
2 0.382500 0.746667 0.020833 0.028333
2 0.710000 0.445000 0.034167 0.100000
2 0.262500 0.653333 0.097500 0.053333
2 0.422500 0.345000 0.010000 0.031667
