4 0.839167 0.435000 0.097500 0.043333
4 0.855000 0.506667 0.065833 0.026667
4 0.810833 0.420000 0.094167 0.030000
4 0.865833 0.603333 0.112500 0.081667
4 0.900833 0.646667 0.040833 0.051667
4 0.792500 0.606667 0.103333 0.118333
4 0.840000 0.648333 0.060000 0.153333
4 0.790833 0.595000 0.112500 0.066667
4 0.874167 0.416667 0.071667 0.091667
4 0.749167 0.731667 0.226667 0.286667
4 0.705000 0.485000 0.027500 0.061667
4 0.685833 0.561667 0.137500 0.070000
4 0.306667 0.606667 0.180000 0.103333
4 0.164167 0.523333 0.110833 0.061667
4 0.204167 0.548333 0.058333 0.035000
4 0.766667 0.528333 0.073333 0.035000
4 0.392500 0.550000 0.046667 0.111667
4 0.603333 0.495000 0.083333 0.033333
4 0.080000 0.570000 0.055000 0.073333
4 0.416667 0.520000 0.032500 0.015000
3 0.285000 0.451667 0.013333 0.031667
3 0.047500 0.530000 0.009167 0.016667
3 0.618333 0.443333 0.015833 0.051667
3 0.300000 0.483333 0.009167 0.023333
2 0.300833 0.526667 0.023333 0.106667
2 0.120833 0.441667 0.019167 0.046667
2 0.766667 0.581667 0.010000 0.031667
3 0.579167 0.526667 0.008333 0.016667
2 0.709167 0.546667 0.021667 0.090000
2 0.764167 0.428333 0.097500 0.053333
3 0.626667 0.483333 0.009167 0.023333
3 0.763333 0.533333 0.007500 0.015000
2 0.615000 0.551667 0.013333 0.070000
2 0.666667 0.500000 0.048333 0.043333
3 0.697500 0.476667 0.009167 0.015000
2 0.673333 0.506667 0.020833 0.080000
3 0.295000 0.605000 0.008333 0.016667
3 0.249167 0.490000 0.011667 0.030000
3 0.080000 0.536667 0.008333 0.016667
2 0.780833 0.568333 0.020833 0.028333
3 0.620833 0.558333 0.007500 0.015000
3 0.539167 0.455000 0.007500 0.015000
2 0.159167 0.455000 0.020833 0.080000
3 0.205833 0.441667 0.010000 0.016667
2 0.405833 0.548333 0.020833 0.080000
3 0.357500 0.450000 0.007500 0.015000
2 0.246667 0.511667 0.009167 0.040000
2 0.668333 0.553333 0.019167 0.046667
3 0.258333 0.521667 0.007500 0.015000
2 0.078333 0.535000 0.048333 0.043333
3 0.473333 0.583333 0.011667 0.020000
2 0.545000 0.446667 0.058333 0.076667
3 0.150000 0.548333 0.008333 0.016667
3 0.530000 0.565000 0.008333 0.016667
2 0.426667 0.561667 0.009167 0.031667
3 0.135833 0.546667 0.009167 0.016667
2 0.430000 0.535000 0.011667 0.066667
3 0.632500 0.536667 0.007500 0.018333
2 0.665000 0.538333 0.030833 0.051667
2 0.128333 0.566667 0.009167 0.040000
3 0.265833 0.576667 0.007500 0.018333
2 0.553333 0.466667 0.027500 0.016667
2 0.553333 0.473333 0.026667 0.035000
2 0.331667 0.483333 0.013333 0.070000
3 0.453333 0.566667 0.009167 0.023333
3 0.652500 0.580000 0.013333 0.015000
3 0.220833 0.548333 0.013333 0.031667
3 0.602500 0.485000 0.008333 0.016667
3 0.232500 0.480000 0.009167 0.016667
2 0.802500 0.660000 0.048333 0.025000
3 0.560000 0.556667 0.010833 0.023333
2 0.536667 0.488333 0.010000 0.031667
3 0.178333 0.555000 0.011667 0.020000
2 0.803333 0.555000 0.029167 0.038333
3 0.731667 0.456667 0.007500 0.015000
2 0.500833 0.563333 0.010833 0.091667
2 0.181667 0.446667 0.011667 0.025000
3 0.368333 0.475000 0.011667 0.030000
3 0.434167 0.563333 0.014167 0.025000
3 0.593333 0.571667 0.015833 0.051667
3 0.395000 0.543333 0.009167 0.015000
3 0.670000 0.538333 0.007500 0.016667
2 0.303333 0.550000 0.019167 0.046667
3 0.517500 0.518333 0.010000 0.020000
2 0.465833 0.440000 0.020000 0.021667
3 0.735833 0.561667 0.009167 0.018333
2 0.446667 0.531667 0.023333 0.106667
2 0.735833 0.478333 0.014167 0.015000
3 0.612500 0.605000 0.010833 0.013333
3 0.472500 0.571667 0.009167 0.016667
2 0.798333 0.408333 0.035000 0.105000
3 0.695000 0.470000 0.007500 0.018333
2 0.660833 0.433333 0.058333 0.076667
2 0.140000 0.585000 0.020833 0.080000
2 0.217500 0.483333 0.035000 0.105000
2 0.018333 0.513333 0.034167 0.100000
2 0.604167 0.530000 0.034167 0.038333
2 0.550000 0.508333 0.027500 0.016667
2 0.615000 0.523333 0.034167 0.038333
3 0.618333 0.613333 0.006667 0.018333
3 0.135000 0.581667 0.007500 0.015000
2 0.239167 0.490000 0.020833 0.080000
2 0.265000 0.531667 0.020833 0.028333
2 0.712500 0.493333 0.019167 0.046667
2 0.538333 0.425000 0.020833 0.080000
2 0.665000 0.538333 0.011667 0.066667
3 0.487500 0.506667 0.007500 0.018333
3 0.724167 0.521667 0.007500 0.015000
3 0.690000 0.591667 0.008333 0.016667
3 0.376667 0.551667 0.010000 0.016667
2 0.585000 0.551667 0.011667 0.066667
3 0.619167 0.575000 0.006667 0.018333
2 0.740833 0.543333 0.010833 0.091667
2 0.806667 0.538333 0.023333 0.041667
2 0.190000 0.595000 0.045833 0.021667
2 0.270000 0.476667 0.011667 0.025000
3 0.557500 0.510000 0.007500 0.018333
3 0.327500 0.513333 0.006667 0.018333
3 0.468333 0.508333 0.010000 0.016667
3 0.262500 0.548333 0.007500 0.015000
3 0.572500 0.551667 0.013333 0.031667
2 0.798333 0.458333 0.019167 0.046667
3 0.359167 0.771667 0.007500 0.015000
3 0.455833 0.663333 0.008333 0.016667
2 0.590833 0.355000 0.034167 0.100000
3 0.805833 0.653333 0.008333 0.016667
3 0.693333 0.271667 0.010000 0.016667
3 0.347500 0.713333 0.011667 0.030000
2 0.286667 0.298333 0.023333 0.106667
3 0.733333 0.623333 0.008333 0.021667
3 0.321667 0.718333 0.007500 0.018333
2 0.637500 0.596667 0.048333 0.025000
3 0.703333 0.428333 0.011667 0.030000
3 0.732500 0.433333 0.010833 0.013333
3 0.456667 0.280000 0.009167 0.016667
3 0.422500 0.363333 0.009167 0.016667
3 0.760000 0.395000 0.014167 0.025000
3 0.709167 0.631667 0.009167 0.015000
2 0.678333 0.415000 0.009167 0.040000
2 0.365833 0.615000 0.010000 0.031667
3 0.665000 0.658333 0.007500 0.018333
2 0.738333 0.633333 0.048333 0.025000
2 0.755833 0.605000 0.017500 0.116667
2 0.768333 0.700000 0.097500 0.053333
3 0.667500 0.618333 0.007500 0.018333
3 0.494167 0.265000 0.011667 0.020000
2 0.610833 0.375000 0.097500 0.053333
3 0.629167 0.365000 0.009167 0.023333
2 0.732500 0.410000 0.034167 0.100000
2 0.691667 0.680000 0.035000 0.105000
2 0.760833 0.346667 0.011667 0.066667
2 0.303333 0.645000 0.035000 0.105000
3 0.518333 0.665000 0.011667 0.020000
3 0.796667 0.416667 0.008333 0.016667
3 0.225000 0.408333 0.007500 0.015000
2 0.575833 0.763333 0.013333 0.070000
3 0.316667 0.713333 0.009167 0.016667
3 0.697500 0.631667 0.010833 0.023333
2 0.280000 0.343333 0.048333 0.025000
3 0.766667 0.370000 0.015833 0.051667
2 0.670833 0.388333 0.009167 0.040000
3 0.350833 0.430000 0.010000 0.020000
2 0.309167 0.650000 0.026667 0.035000
2 0.398333 0.721667 0.022500 0.023333
3 0.813333 0.720000 0.008333 0.016667
3 0.716667 0.643333 0.009167 0.016667
3 0.319167 0.283333 0.006667 0.018333
2 0.231667 0.395000 0.048333 0.025000
2 0.671667 0.693333 0.019167 0.046667
2 0.772500 0.703333 0.030833 0.051667
3 0.785833 0.346667 0.009167 0.015000
2 0.675833 0.323333 0.015833 0.068333
3 0.772500 0.600000 0.008333 0.021667
2 0.745000 0.716667 0.026667 0.035000
3 0.486667 0.860000 0.007500 0.016667
3 0.265833 0.743333 0.017500 0.031667
3 0.411667 0.691667 0.009167 0.016667
3 0.779167 0.701667 0.008333 0.016667
2 0.623333 0.650000 0.022500 0.023333
3 0.465833 0.261667 0.010833 0.023333
3 0.735833 0.658333 0.009167 0.023333
2 0.270000 0.373333 0.097500 0.053333
3 0.695000 0.661667 0.010000 0.020000
2 0.617500 0.645000 0.010000 0.031667
2 0.304167 0.345000 0.009167 0.040000
2 0.668333 0.618333 0.015833 0.068333
3 0.325000 0.708333 0.010000 0.016667
3 0.319167 0.358333 0.010000 0.020000
2 0.610833 0.330000 0.045833 0.021667
3 0.260833 0.800000 0.010833 0.023333
2 0.247500 0.675000 0.020833 0.080000
2 0.578333 0.298333 0.035000 0.105000
2 0.681667 0.361667 0.030833 0.051667
3 0.709167 0.683333 0.007500 0.015000
2 0.482500 0.820000 0.009167 0.031667
2 0.774167 0.330000 0.017500 0.116667
2 0.756667 0.683333 0.045833 0.021667
2 0.814167 0.421667 0.048333 0.025000
3 0.452500 0.718333 0.010833 0.013333
2 0.342500 0.650000 0.014167 0.015000
3 0.684167 0.631667 0.010000 0.016667
2 0.417500 0.708333 0.011667 0.025000
2 0.705000 0.315000 0.020833 0.080000
2 0.605000 0.641667 0.027500 0.016667
2 0.676667 0.701667 0.021667 0.090000
3 0.251667 0.765000 0.011667 0.020000
3 0.432500 0.673333 0.008333 0.016667
3 0.288333 0.808333 0.009167 0.023333
2 0.811667 0.428333 0.029167 0.038333
2 0.777500 0.670000 0.023333 0.106667
3 0.807500 0.726667 0.007500 0.018333
2 0.683333 0.631667 0.020833 0.028333
2 0.405833 0.630000 0.009167 0.040000
2 0.360000 0.776667 0.097500 0.053333
2 0.302500 0.755000 0.048333 0.043333
2 0.293333 0.698333 0.009167 0.040000
3 0.459167 0.346667 0.006667 0.018333
2 0.328333 0.640000 0.027500 0.016667
2 0.261667 0.676667 0.021667 0.090000
2 0.700000 0.446667 0.023333 0.106667
2 0.632500 0.386667 0.020000 0.021667
2 0.551667 0.695000 0.020833 0.080000
3 0.329167 0.678333 0.009167 0.018333
2 0.484167 0.385000 0.027500 0.016667
2 0.669167 0.405000 0.017500 0.116667
2 0.509167 0.268333 0.029167 0.038333
3 0.679167 0.668333 0.007500 0.016667
2 0.260833 0.741667 0.022500 0.023333
3 0.664167 0.678333 0.011667 0.020000
3 0.722500 0.621667 0.006667 0.018333
2 0.701667 0.400000 0.020833 0.028333
3 0.628333 0.333333 0.010833 0.013333
2 0.747500 0.406667 0.029167 0.038333
2 0.486667 0.361667 0.027500 0.016667
3 0.690833 0.641667 0.009167 0.023333
2 0.516667 0.350000 0.035000 0.105000
3 0.754167 0.650000 0.008333 0.016667
2 0.533333 0.705000 0.026667 0.035000
3 0.488333 0.288333 0.009167 0.016667
3 0.268333 0.650000 0.007500 0.018333
3 0.630833 0.356667 0.008333 0.016667
2 0.662500 0.676667 0.009167 0.031667
3 0.766667 0.371667 0.013333 0.015000
3 0.306667 0.701667 0.009167 0.016667
3 0.703333 0.673333 0.011667 0.030000
2 0.739167 0.713333 0.026667 0.035000
3 0.648333 0.388333 0.013333 0.015000
3 0.265000 0.388333 0.009167 0.015000
3 0.407500 0.750000 0.010833 0.013333
3 0.274167 0.261667 0.009167 0.018333
2 0.774167 0.390000 0.013333 0.070000
2 0.480833 0.373333 0.020000 0.021667
3 0.658333 0.371667 0.007500 0.018333
2 0.683333 0.381667 0.017500 0.116667
2 0.469167 0.308333 0.019167 0.046667
3 0.306667 0.673333 0.009167 0.016667
2 0.657500 0.711667 0.026667 0.035000
2 0.488333 0.775000 0.010000 0.031667
3 0.176667 0.391667 0.008333 0.016667
3 0.388333 0.643333 0.009167 0.016667
3 0.695833 0.661667 0.007500 0.015000
2 0.283333 0.740000 0.045833 0.021667
2 0.640833 0.633333 0.009167 0.031667
3 0.776667 0.316667 0.014167 0.025000
2 0.219167 0.691667 0.010833 0.091667
3 0.490833 0.338333 0.010833 0.023333
2 0.162500 0.383333 0.020833 0.028333
2 0.650000 0.626667 0.035000 0.105000
2 0.744167 0.401667 0.048333 0.043333
3 0.510833 0.353333 0.009167 0.015000
2 0.486667 0.668333 0.013333 0.070000
3 0.420833 0.840000 0.006667 0.018333
3 0.759167 0.410000 0.014167 0.025000
2 0.681667 0.340000 0.015833 0.068333
2 0.273333 0.723333 0.020833 0.028333
3 0.525833 0.405000 0.013333 0.015000
3 0.676667 0.451667 0.010000 0.016667
2 0.479167 0.740000 0.035000 0.105000
2 0.478333 0.453333 0.023333 0.106667
3 0.809167 0.615000 0.010833 0.023333
2 0.567500 0.273333 0.014167 0.015000
2 0.699167 0.610000 0.029167 0.038333
2 0.694167 0.346667 0.010000 0.031667
2 0.205833 0.761667 0.045833 0.021667
3 0.464167 0.311667 0.007500 0.018333
2 0.651667 0.401667 0.048333 0.043333
3 0.315000 0.233333 0.007500 0.015000
3 0.470000 0.335000 0.013333 0.015000
2 0.571667 0.645000 0.009167 0.040000
2 0.603333 0.378333 0.048333 0.043333
3 0.455833 0.346667 0.013333 0.031667
3 0.175833 0.390000 0.010000 0.016667
2 0.295000 0.390000 0.020000 0.021667
3 0.442500 0.803333 0.009167 0.018333
3 0.464167 0.808333 0.010833 0.013333
2 0.775833 0.418333 0.020833 0.080000
2 0.500000 0.256667 0.045833 0.021667
3 0.609167 0.350000 0.008333 0.016667
2 0.667500 0.683333 0.023333 0.041667
2 0.290000 0.890000 0.021667 0.090000
2 0.616667 0.640000 0.011667 0.025000
3 0.785833 0.396667 0.010000 0.016667
3 0.580833 0.645000 0.013333 0.031667
2 0.741667 0.445000 0.020833 0.080000
3 0.541667 0.408333 0.006667 0.018333
2 0.688333 0.373333 0.026667 0.035000
3 0.782500 0.448333 0.007500 0.016667
3 0.270833 0.863333 0.008333 0.016667
3 0.730833 0.646667 0.017500 0.031667
2 0.437500 0.151667 0.020833 0.028333
3 0.487500 0.321667 0.008333 0.016667
2 0.335833 0.376667 0.034167 0.100000
3 0.169167 0.391667 0.007500 0.018333
2 0.453333 0.321667 0.034167 0.038333
3 0.590833 0.758333 0.009167 0.016667
3 0.770000 0.318333 0.010833 0.013333
3 0.339167 0.223333 0.007500 0.018333
3 0.724167 0.401667 0.008333 0.016667
3 0.543333 0.296667 0.010833 0.023333
3 0.760833 0.603333 0.009167 0.016667
