4 0.842500 0.455000 0.062500 0.161667
4 0.793333 0.570000 0.230000 0.231667
4 0.837500 0.591667 0.080833 0.048333
4 0.863333 0.493333 0.135000 0.186667
4 0.880833 0.606667 0.067500 0.105000
4 0.875833 0.461667 0.062500 0.088333
4 0.813333 0.470000 0.110000 0.098333
4 0.816667 0.685000 0.087500 0.155000
4 0.831667 0.690000 0.135000 0.176667
4 0.886667 0.453333 0.049167 0.038333
4 0.509167 0.503333 0.071667 0.055000
4 0.095833 0.626667 0.100833 0.160000
4 0.381667 0.576667 0.144167 0.185000
4 0.412500 0.496667 0.289167 0.190000
4 0.754167 0.518333 0.079167 0.050000
4 0.299167 0.473333 0.195000 0.145000
4 0.035000 0.438333 0.070833 0.163333
4 0.484167 0.568333 0.073333 0.076667
4 0.556667 0.528333 0.094167 0.060000
4 0.468333 0.591667 0.088333 0.128333
3 0.029167 0.508333 0.013333 0.015000
3 0.215000 0.583333 0.008333 0.016667
2 0.187500 0.551667 0.058333 0.076667
3 0.073333 0.468333 0.013333 0.015000
2 0.262500 0.606667 0.034167 0.100000
3 0.213333 0.451667 0.010833 0.013333
2 0.382500 0.505000 0.026667 0.035000
3 0.302500 0.511667 0.007500 0.015000
3 0.187500 0.540000 0.008333 0.016667
2 0.372500 0.548333 0.020833 0.080000
3 0.808333 0.531667 0.009167 0.016667
2 0.154167 0.488333 0.030833 0.051667
3 0.483333 0.528333 0.008333 0.021667
2 0.389167 0.555000 0.097500 0.053333
2 0.074167 0.528333 0.035000 0.105000
3 0.674167 0.581667 0.008333 0.016667
2 0.018333 0.576667 0.020833 0.028333
3 0.158333 0.591667 0.013333 0.015000
3 0.345833 0.460000 0.009167 0.018333
2 0.555833 0.466667 0.027500 0.016667
3 0.439167 0.591667 0.013333 0.031667
2 0.674167 0.523333 0.097500 0.053333
3 0.630833 0.485000 0.011667 0.030000
3 0.289167 0.493333 0.007500 0.018333
2 0.552500 0.541667 0.030833 0.051667
2 0.790000 0.446667 0.020833 0.028333
3 0.364167 0.520000 0.008333 0.016667
3 0.359167 0.506667 0.007500 0.016667
2 0.610833 0.550000 0.048333 0.025000
3 0.379167 0.560000 0.008333 0.016667
3 0.717500 0.525000 0.008333 0.016667
2 0.490833 0.541667 0.023333 0.106667
3 0.396667 0.501667 0.009167 0.018333
3 0.799167 0.555000 0.007500 0.015000
3 0.050000 0.465000 0.010000 0.020000
3 0.098333 0.551667 0.010000 0.016667
3 0.496667 0.556667 0.011667 0.020000
2 0.797500 0.585000 0.058333 0.076667
3 0.086667 0.545000 0.007500 0.015000
2 0.645833 0.470000 0.020833 0.028333
2 0.265000 0.515000 0.014167 0.015000
3 0.719167 0.466667 0.007500 0.015000
3 0.443333 0.550000 0.008333 0.021667
3 0.260000 0.583333 0.008333 0.016667
3 0.317500 0.553333 0.014167 0.025000
2 0.528333 0.580000 0.029167 0.038333
3 0.660833 0.458333 0.007500 0.015000
3 0.686667 0.470000 0.007500 0.018333
3 0.529167 0.526667 0.008333 0.016667
3 0.770000 0.583333 0.010833 0.023333
2 0.101667 0.533333 0.034167 0.100000
3 0.624167 0.561667 0.010833 0.013333
2 0.399167 0.530000 0.023333 0.041667
3 0.267500 0.585000 0.015833 0.051667
2 0.233333 0.486667 0.014167 0.015000
3 0.147500 0.518333 0.011667 0.020000
3 0.205833 0.496667 0.008333 0.016667
2 0.751667 0.503333 0.022500 0.023333
3 0.023333 0.518333 0.009167 0.023333
2 0.522500 0.525000 0.058333 0.076667
3 0.528333 0.490000 0.008333 0.016667
3 0.290833 0.598333 0.011667 0.030000
2 0.668333 0.575000 0.029167 0.038333
3 0.162500 0.475000 0.007500 0.015000
3 0.688333 0.493333 0.009167 0.016667
3 0.463333 0.525000 0.007500 0.018333
3 0.426667 0.468333 0.011667 0.020000
3 0.674167 0.583333 0.015833 0.051667
2 0.180000 0.541667 0.026667 0.035000
2 0.516667 0.573333 0.027500 0.016667
3 0.140833 0.568333 0.015833 0.051667
3 0.459167 0.563333 0.007500 0.018333
2 0.682500 0.508333 0.034167 0.100000
2 0.292500 0.560000 0.013333 0.070000
3 0.542500 0.563333 0.009167 0.023333
2 0.571667 0.545000 0.034167 0.100000
3 0.437500 0.521667 0.011667 0.030000
2 0.241667 0.516667 0.045833 0.021667
3 0.212500 0.561667 0.008333 0.016667
3 0.088333 0.583333 0.009167 0.016667
2 0.660833 0.528333 0.035000 0.105000
3 0.174167 0.575000 0.010833 0.023333
2 0.788333 0.543333 0.010000 0.031667
2 0.421667 0.565000 0.017500 0.116667
3 0.821667 0.486667 0.007500 0.018333
3 0.140833 0.508333 0.008333 0.016667
3 0.053333 0.536667 0.009167 0.016667
2 0.766667 0.496667 0.048333 0.043333
3 0.771667 0.536667 0.010833 0.013333
3 0.814167 0.530000 0.008333 0.016667
2 0.175833 0.535000 0.027500 0.016667
3 0.020833 0.493333 0.009167 0.018333
2 0.269167 0.596667 0.034167 0.100000
3 0.555000 0.541667 0.009167 0.016667
2 0.085833 0.518333 0.013333 0.070000
3 0.278333 0.591667 0.015833 0.051667
2 0.431667 0.523333 0.015833 0.068333
2 0.464167 0.580000 0.019167 0.046667
2 0.756667 0.523333 0.014167 0.015000
2 0.163333 0.465000 0.048333 0.043333
2 0.590833 0.445000 0.011667 0.066667
3 0.404167 0.563333 0.011667 0.020000
2 0.329167 0.415000 0.014167 0.015000
3 0.260833 0.698333 0.011667 0.020000
3 0.380000 0.701667 0.009167 0.016667
3 0.310000 0.383333 0.008333 0.016667
3 0.305000 0.815000 0.011667 0.030000
2 0.670000 0.315000 0.017500 0.116667
3 0.582500 0.433333 0.010000 0.016667
2 0.480000 0.241667 0.019167 0.046667
2 0.272500 0.663333 0.010000 0.031667
3 0.345833 0.651667 0.007500 0.015000
2 0.270833 0.723333 0.015833 0.068333
3 0.787500 0.405000 0.007500 0.015000
3 0.276667 0.773333 0.009167 0.023333
3 0.649167 0.443333 0.010000 0.020000
2 0.292500 0.728333 0.020833 0.028333
3 0.714167 0.233333 0.009167 0.016667
3 0.440833 0.773333 0.010833 0.023333
2 0.435000 0.366667 0.034167 0.100000
2 0.529167 0.743333 0.030833 0.051667
3 0.719167 0.655000 0.007500 0.015000
3 0.455833 0.665000 0.008333 0.016667
3 0.716667 0.343333 0.007500 0.015000
3 0.630833 0.355000 0.007500 0.015000
3 0.677500 0.670000 0.011667 0.020000
3 0.490000 0.396667 0.015833 0.051667
2 0.430833 0.268333 0.058333 0.076667
2 0.794167 0.646667 0.026667 0.035000
2 0.770833 0.421667 0.020833 0.080000
2 0.564167 0.426667 0.045833 0.021667
3 0.722500 0.435000 0.010000 0.016667
3 0.606667 0.381667 0.007500 0.015000
2 0.640000 0.620000 0.020833 0.080000
2 0.484167 0.620000 0.011667 0.066667
3 0.649167 0.326667 0.014167 0.025000
2 0.294167 0.676667 0.021667 0.090000
3 0.690000 0.628333 0.009167 0.023333
2 0.251667 0.743333 0.011667 0.066667
2 0.680000 0.328333 0.020000 0.021667
3 0.469167 0.316667 0.009167 0.018333
2 0.478333 0.331667 0.010833 0.091667
3 0.593333 0.408333 0.010000 0.016667
3 0.312500 0.386667 0.008333 0.016667
3 0.585000 0.613333 0.007500 0.015000
3 0.822500 0.390000 0.006667 0.018333
2 0.728333 0.771667 0.034167 0.100000
2 0.281667 0.690000 0.011667 0.066667
2 0.512500 0.808333 0.014167 0.015000
2 0.732500 0.443333 0.021667 0.090000
3 0.591667 0.756667 0.007500 0.018333
2 0.505000 0.306667 0.011667 0.066667
3 0.378333 0.361667 0.011667 0.030000
2 0.710000 0.375000 0.020833 0.080000
3 0.309167 0.308333 0.008333 0.016667
3 0.449167 0.351667 0.009167 0.016667
3 0.290000 0.806667 0.006667 0.018333
2 0.255000 0.675000 0.034167 0.100000
3 0.239167 0.761667 0.009167 0.018333
3 0.528333 0.406667 0.007500 0.016667
3 0.562500 0.371667 0.007500 0.018333
3 0.630000 0.353333 0.009167 0.015000
2 0.306667 0.695000 0.034167 0.038333
2 0.779167 0.731667 0.027500 0.016667
3 0.797500 0.738333 0.009167 0.016667
3 0.315000 0.455000 0.007500 0.015000
2 0.707500 0.241667 0.023333 0.041667
2 0.698333 0.275000 0.020833 0.028333
2 0.548333 0.680000 0.020833 0.080000
2 0.705000 0.663333 0.020833 0.080000
2 0.721667 0.590000 0.015833 0.068333
2 0.517500 0.423333 0.058333 0.076667
2 0.672500 0.393333 0.021667 0.090000
3 0.474167 0.825000 0.009167 0.016667
3 0.407500 0.706667 0.008333 0.016667
2 0.505833 0.285000 0.011667 0.066667
2 0.545000 0.665000 0.019167 0.046667
3 0.762500 0.385000 0.008333 0.016667
3 0.656667 0.336667 0.010000 0.016667
3 0.784167 0.663333 0.009167 0.016667
2 0.800000 0.638333 0.020000 0.021667
2 0.775833 0.383333 0.011667 0.025000
3 0.463333 0.706667 0.008333 0.021667
2 0.330000 0.808333 0.035000 0.105000
3 0.558333 0.370000 0.007500 0.018333
2 0.533333 0.315000 0.030833 0.051667
3 0.734167 0.816667 0.011667 0.030000
3 0.573333 0.396667 0.010833 0.013333
3 0.755833 0.628333 0.013333 0.015000
2 0.290833 0.261667 0.011667 0.025000
3 0.475833 0.745000 0.013333 0.031667
2 0.765000 0.718333 0.010000 0.031667
3 0.754167 0.386667 0.009167 0.016667
3 0.612500 0.335000 0.009167 0.016667
3 0.753333 0.368333 0.007500 0.015000
3 0.691667 0.668333 0.007500 0.015000
3 0.647500 0.336667 0.007500 0.018333
2 0.227500 0.575000 0.015833 0.068333
3 0.828333 0.425000 0.009167 0.016667
2 0.821667 0.431667 0.022500 0.023333
2 0.757500 0.428333 0.058333 0.076667
2 0.737500 0.398333 0.097500 0.053333
2 0.547500 0.413333 0.029167 0.038333
3 0.766667 0.368333 0.010000 0.020000
3 0.715000 0.603333 0.010833 0.013333
2 0.525000 0.368333 0.009167 0.031667
2 0.754167 0.398333 0.015833 0.068333
3 0.422500 0.751667 0.010000 0.016667
2 0.394167 0.656667 0.027500 0.016667
2 0.517500 0.756667 0.017500 0.116667
3 0.563333 0.738333 0.017500 0.031667
3 0.510833 0.281667 0.008333 0.021667
3 0.330000 0.390000 0.010000 0.020000
2 0.776667 0.685000 0.009167 0.040000
3 0.655000 0.373333 0.007500 0.018333
2 0.457500 0.875000 0.011667 0.025000
3 0.791667 0.645000 0.010833 0.023333
2 0.281667 0.763333 0.010000 0.031667
3 0.481667 0.756667 0.010833 0.023333
3 0.726667 0.405000 0.007500 0.018333
3 0.741667 0.688333 0.008333 0.016667
2 0.420000 0.668333 0.097500 0.053333
2 0.547500 0.196667 0.020833 0.080000
2 0.405833 0.718333 0.021667 0.090000
3 0.283333 0.708333 0.007500 0.015000
3 0.261667 0.376667 0.008333 0.016667
3 0.698333 0.285000 0.011667 0.030000
2 0.785000 0.400000 0.017500 0.116667
3 0.769167 0.375000 0.007500 0.018333
2 0.219167 0.725000 0.020833 0.080000
3 0.713333 0.688333 0.008333 0.021667
3 0.312500 0.760000 0.011667 0.020000
3 0.776667 0.595000 0.009167 0.016667
2 0.555833 0.396667 0.013333 0.070000
3 0.729167 0.716667 0.008333 0.016667
3 0.342500 0.716667 0.014167 0.025000
3 0.317500 0.413333 0.009167 0.016667
3 0.489167 0.205000 0.008333 0.016667
3 0.331667 0.330000 0.013333 0.015000
2 0.360833 0.716667 0.010000 0.031667
2 0.298333 0.700000 0.023333 0.041667
3 0.667500 0.615000 0.007500 0.015000
2 0.498333 0.685000 0.022500 0.023333
3 0.583333 0.415000 0.013333 0.015000
3 0.712500 0.676667 0.009167 0.016667
3 0.364167 0.661667 0.010833 0.013333
2 0.680833 0.395000 0.015833 0.068333
2 0.426667 0.771667 0.020833 0.028333
3 0.270000 0.863333 0.010000 0.020000
2 0.511667 0.260000 0.021667 0.090000
3 0.321667 0.698333 0.009167 0.016667
3 0.697500 0.625000 0.008333 0.021667
3 0.485833 0.638333 0.007500 0.015000
3 0.273333 0.736667 0.010833 0.013333
2 0.480833 0.358333 0.009167 0.040000
2 0.288333 0.811667 0.015833 0.068333
2 0.633333 0.578333 0.035000 0.105000
2 0.445000 0.336667 0.034167 0.038333
3 0.272500 0.345000 0.008333 0.016667
2 0.515000 0.375000 0.035000 0.105000
3 0.613333 0.333333 0.007500 0.015000
3 0.293333 0.718333 0.009167 0.016667
2 0.636667 0.615000 0.034167 0.038333
2 0.730833 0.425000 0.009167 0.040000
3 0.730000 0.303333 0.009167 0.016667
2 0.674167 0.426667 0.020833 0.080000
3 0.607500 0.345000 0.010833 0.013333
3 0.671667 0.406667 0.013333 0.015000
3 0.734167 0.371667 0.008333 0.016667
2 0.431667 0.671667 0.010000 0.031667
3 0.822500 0.398333 0.008333 0.016667
2 0.766667 0.721667 0.013333 0.070000
3 0.452500 0.386667 0.010833 0.013333
2 0.292500 0.743333 0.027500 0.016667
2 0.802500 0.381667 0.045833 0.021667
2 0.319167 0.226667 0.048333 0.025000
2 0.308333 0.258333 0.020000 0.021667
3 0.319167 0.358333 0.010000 0.016667
2 0.753333 0.605000 0.009167 0.040000
2 0.688333 0.346667 0.011667 0.025000
2 0.710833 0.753333 0.013333 0.070000
2 0.400000 0.708333 0.045833 0.021667
3 0.708333 0.731667 0.017500 0.031667
2 0.482500 0.711667 0.011667 0.025000
2 0.339167 0.693333 0.020833 0.080000
3 0.440833 0.736667 0.010000 0.016667
3 0.275000 0.740000 0.008333 0.016667
3 0.677500 0.370000 0.011667 0.030000
2 0.742500 0.393333 0.027500 0.016667
3 0.654167 0.380000 0.009167 0.015000
3 0.775833 0.611667 0.015833 0.051667
2 0.473333 0.805000 0.011667 0.066667
3 0.805833 0.653333 0.008333 0.016667
2 0.520833 0.606667 0.020833 0.028333
2 0.264167 0.658333 0.020833 0.080000
3 0.645000 0.325000 0.009167 0.018333
3 0.677500 0.433333 0.008333 0.016667
3 0.270000 0.745000 0.017500 0.031667
2 0.556667 0.271667 0.017500 0.116667
3 0.546667 0.653333 0.010000 0.020000
