4 0.838333 0.403333 0.050833 0.038333
4 0.888333 0.388333 0.062500 0.120000
4 0.829167 0.598333 0.106667 0.041667
4 0.852500 0.583333 0.097500 0.086667
4 0.814167 0.540000 0.049167 0.021667
4 0.876667 0.466667 0.075833 0.078333
4 0.864167 0.513333 0.070833 0.096667
4 0.820000 0.556667 0.133333 0.186667
4 0.834167 0.585000 0.100000 0.061667
4 0.845833 0.620000 0.065000 0.076667
4 0.020000 0.663333 0.040000 0.265000
4 0.799167 0.513333 0.047500 0.050000
4 0.230000 0.550000 0.131667 0.033333
4 0.692500 0.538333 0.211667 0.120000
4 0.445833 0.561667 0.035833 0.030000
4 0.605000 0.576667 0.071667 0.093333
4 0.510000 0.473333 0.036667 0.061667
4 0.058333 0.508333 0.116667 0.041667
4 0.200000 0.553333 0.118333 0.053333
4 0.715833 0.566667 0.045000 0.098333
2 0.444167 0.565000 0.020833 0.080000
3 0.655000 0.458333 0.007500 0.015000
2 0.317500 0.560000 0.015833 0.068333
2 0.272500 0.608333 0.010833 0.091667
2 0.708333 0.555000 0.014167 0.015000
3 0.195000 0.485000 0.013333 0.015000
2 0.586667 0.478333 0.019167 0.046667
3 0.294167 0.570000 0.008333 0.021667
3 0.495833 0.451667 0.010833 0.013333
3 0.507500 0.550000 0.008333 0.016667
2 0.333333 0.540000 0.035000 0.105000
2 0.605833 0.443333 0.023333 0.041667
3 0.421667 0.491667 0.007500 0.015000
3 0.135833 0.573333 0.010833 0.023333
3 0.472500 0.445000 0.009167 0.016667
3 0.619167 0.556667 0.010833 0.023333
2 0.208333 0.515000 0.023333 0.106667
2 0.675833 0.518333 0.023333 0.106667
3 0.160000 0.560000 0.008333 0.016667
2 0.536667 0.580000 0.029167 0.038333
2 0.333333 0.463333 0.058333 0.076667
3 0.530833 0.480000 0.010833 0.013333
3 0.306667 0.456667 0.009167 0.016667
2 0.179167 0.566667 0.030833 0.051667
3 0.158333 0.503333 0.009167 0.018333
2 0.595833 0.431667 0.020833 0.028333
2 0.503333 0.525000 0.097500 0.053333
2 0.685833 0.573333 0.011667 0.025000
3 0.465000 0.561667 0.007500 0.015000
2 0.065833 0.460000 0.019167 0.046667
3 0.028333 0.488333 0.010000 0.016667
2 0.428333 0.556667 0.058333 0.076667
2 0.076667 0.538333 0.034167 0.038333
2 0.553333 0.495000 0.022500 0.023333
3 0.535000 0.455000 0.007500 0.015000
3 0.475833 0.463333 0.009167 0.016667
3 0.656667 0.491667 0.010833 0.023333
2 0.540000 0.575000 0.034167 0.100000
3 0.546667 0.568333 0.009167 0.016667
2 0.204167 0.445000 0.020833 0.028333
3 0.257500 0.533333 0.013333 0.031667
2 0.052500 0.498333 0.021667 0.090000
3 0.584167 0.543333 0.006667 0.018333
2 0.351667 0.445000 0.019167 0.046667
3 0.342500 0.548333 0.008333 0.016667
3 0.648333 0.471667 0.013333 0.015000
3 0.276667 0.445000 0.009167 0.016667
3 0.712500 0.460000 0.007500 0.018333
3 0.075833 0.581667 0.010000 0.020000
3 0.652500 0.531667 0.009167 0.015000
3 0.459167 0.491667 0.008333 0.021667
2 0.462500 0.461667 0.015833 0.068333
3 0.292500 0.511667 0.009167 0.016667
2 0.182500 0.450000 0.014167 0.015000
2 0.688333 0.505000 0.009167 0.031667
3 0.541667 0.480000 0.009167 0.018333
2 0.133333 0.536667 0.011667 0.025000
3 0.230000 0.483333 0.009167 0.016667
3 0.558333 0.506667 0.009167 0.023333
3 0.313333 0.548333 0.008333 0.021667
3 0.128333 0.500000 0.008333 0.016667
3 0.505833 0.525000 0.008333 0.016667
3 0.822500 0.351667 0.010833 0.013333
3 0.097500 0.473333 0.010000 0.020000
3 0.155833 0.498333 0.009167 0.016667
2 0.014167 0.556667 0.028333 0.051667
3 0.333333 0.530000 0.006667 0.018333
3 0.278333 0.566667 0.010833 0.013333
3 0.754167 0.476667 0.009167 0.018333
3 0.455000 0.608333 0.010833 0.023333
2 0.469167 0.536667 0.048333 0.025000
3 0.656667 0.540000 0.014167 0.025000
2 0.562500 0.623333 0.020833 0.080000
3 0.215000 0.455000 0.009167 0.016667
3 0.548333 0.531667 0.011667 0.020000
2 0.810000 0.443333 0.020833 0.080000
2 0.437500 0.560000 0.015833 0.068333
2 0.170000 0.453333 0.011667 0.025000
2 0.656667 0.566667 0.029167 0.038333
3 0.051667 0.580000 0.007500 0.015000
2 0.527500 0.590000 0.009167 0.031667
3 0.419167 0.541667 0.017500 0.031667
2 0.405833 0.516667 0.010833 0.091667
3 0.515833 0.576667 0.013333 0.031667
3 0.743333 0.528333 0.008333 0.021667
3 0.440000 0.561667 0.013333 0.031667
3 0.637500 0.546667 0.010833 0.013333
2 0.106667 0.523333 0.045833 0.021667
3 0.238333 0.461667 0.013333 0.031667
3 0.110000 0.453333 0.008333 0.016667
2 0.170000 0.570000 0.027500 0.016667
3 0.705833 0.501667 0.010833 0.023333
2 0.468333 0.501667 0.014167 0.015000
3 0.224167 0.473333 0.010000 0.020000
2 0.466667 0.416667 0.010000 0.031667
2 0.320000 0.420000 0.035000 0.105000
3 0.331667 0.505000 0.009167 0.023333
2 0.673333 0.518333 0.019167 0.046667
3 0.599167 0.575000 0.015833 0.051667
2 0.601667 0.546667 0.009167 0.031667
3 0.682500 0.586667 0.009167 0.023333
3 0.561667 0.485000 0.008333 0.016667
3 0.607500 0.383333 0.006667 0.018333
3 0.644167 0.633333 0.009167 0.023333
2 0.494167 0.761667 0.009167 0.031667
2 0.592500 0.998333 0.034167 0.001667
3 0.535000 0.695000 0.009167 0.023333
3 0.799167 0.393333 0.010000 0.020000
3 0.713333 0.728333 0.008333 0.016667
3 0.612500 0.680000 0.008333 0.016667
2 0.304167 0.701667 0.020000 0.021667
2 0.711667 0.611667 0.011667 0.066667
3 0.437500 0.658333 0.011667 0.020000
3 0.416667 0.676667 0.009167 0.015000
3 0.569167 0.670000 0.010000 0.016667
2 0.550833 0.663333 0.034167 0.038333
3 0.675833 0.723333 0.008333 0.021667
3 0.403333 0.793333 0.010833 0.013333
3 0.576667 0.741667 0.007500 0.016667
3 0.259167 0.316667 0.007500 0.018333
3 0.490000 0.295000 0.010000 0.020000
3 0.527500 0.380000 0.009167 0.016667
3 0.438333 0.900000 0.017500 0.031667
3 0.531667 0.688333 0.008333 0.016667
3 0.363333 0.666667 0.013333 0.031667
2 0.490000 0.760000 0.020833 0.028333
2 0.653333 0.355000 0.026667 0.035000
3 0.300833 0.648333 0.008333 0.016667
3 0.575000 0.401667 0.007500 0.018333
2 0.269167 0.673333 0.030833 0.051667
2 0.305833 0.383333 0.011667 0.066667
2 0.668333 0.390000 0.017500 0.116667
3 0.818333 0.415000 0.007500 0.015000
2 0.740000 0.675000 0.035000 0.105000
3 0.706667 0.436667 0.009167 0.015000
3 0.484167 0.210000 0.009167 0.018333
2 0.349167 0.603333 0.034167 0.038333
2 0.660833 0.368333 0.045833 0.021667
2 0.780833 0.366667 0.017500 0.116667
2 0.620000 0.638333 0.097500 0.053333
2 0.772500 0.728333 0.020833 0.028333
3 0.545000 0.645000 0.010833 0.023333
2 0.433333 0.736667 0.034167 0.100000
2 0.544167 0.735000 0.022500 0.023333
2 0.793333 0.630000 0.020000 0.021667
2 0.475833 0.686667 0.015833 0.068333
3 0.782500 0.360000 0.007500 0.015000
3 0.324167 0.741667 0.007500 0.015000
3 0.425000 0.666667 0.009167 0.016667
3 0.648333 0.381667 0.008333 0.016667
2 0.769167 0.396667 0.034167 0.100000
3 0.810000 0.400000 0.009167 0.016667
2 0.466667 0.340000 0.015833 0.068333
3 0.703333 0.616667 0.008333 0.016667
2 0.270833 0.420000 0.030833 0.051667
3 0.269167 0.673333 0.015833 0.051667
2 0.621667 0.618333 0.048333 0.043333
3 0.800000 0.393333 0.007500 0.015000
2 0.785000 0.636667 0.026667 0.035000
3 0.670833 0.640000 0.008333 0.016667
2 0.571667 0.626667 0.011667 0.025000
2 0.675833 0.403333 0.009167 0.031667
2 0.691667 0.421667 0.034167 0.038333
2 0.491667 0.676667 0.023333 0.106667
3 0.305000 0.361667 0.007500 0.015000
3 0.365000 0.645000 0.013333 0.031667
2 0.761667 0.383333 0.010000 0.031667
3 0.671667 0.406667 0.008333 0.016667
3 0.573333 0.633333 0.007500 0.015000
3 0.681667 0.618333 0.011667 0.020000
2 0.799167 0.418333 0.029167 0.038333
2 0.709167 0.603333 0.097500 0.053333
2 0.562500 0.730000 0.015833 0.068333
3 0.762500 0.648333 0.015833 0.051667
2 0.448333 0.741667 0.017500 0.116667
2 0.707500 0.640000 0.027500 0.016667
3 0.772500 0.656667 0.017500 0.031667
3 0.459167 0.405000 0.011667 0.020000
2 0.811667 0.406667 0.020833 0.028333
2 0.590000 0.770000 0.013333 0.070000
3 0.690833 0.630000 0.010833 0.023333
2 0.560833 0.410000 0.021667 0.090000
3 0.292500 0.776667 0.010000 0.016667
3 0.250833 0.391667 0.010000 0.016667
3 0.558333 0.668333 0.011667 0.020000
2 0.403333 0.350000 0.048333 0.025000
3 0.778333 0.608333 0.008333 0.016667
2 0.682500 0.625000 0.014167 0.015000
3 0.800833 0.395000 0.006667 0.018333
3 0.720833 0.770000 0.014167 0.025000
2 0.328333 0.381667 0.019167 0.046667
2 0.535000 0.656667 0.034167 0.100000
3 0.829167 0.423333 0.017500 0.031667
3 0.539167 0.355000 0.009167 0.016667
2 0.586667 0.343333 0.026667 0.035000
2 0.737500 0.396667 0.058333 0.076667
2 0.691667 0.348333 0.020833 0.028333
3 0.622500 0.371667 0.008333 0.016667
3 0.224167 0.695000 0.010833 0.023333
3 0.595833 0.338333 0.008333 0.021667
2 0.755000 0.425000 0.023333 0.041667
2 0.686667 0.695000 0.048333 0.025000
2 0.560833 0.623333 0.035000 0.105000
3 0.432500 0.675000 0.008333 0.016667
2 0.680000 0.681667 0.034167 0.038333
3 0.644167 0.403333 0.007500 0.016667
3 0.456667 0.203333 0.007500 0.015000
3 0.800000 0.406667 0.007500 0.018333
3 0.398333 0.323333 0.007500 0.016667
3 0.653333 0.643333 0.011667 0.020000
2 0.655000 0.260000 0.097500 0.053333
3 0.475833 0.170000 0.009167 0.023333
2 0.616667 0.350000 0.022500 0.023333
3 0.560000 0.426667 0.007500 0.015000
3 0.765833 0.613333 0.007500 0.018333
2 0.801667 0.378333 0.009167 0.040000
3 0.572500 0.660000 0.010833 0.013333
2 0.315000 0.676667 0.021667 0.090000
3 0.635833 0.438333 0.009167 0.018333
2 0.355833 0.641667 0.097500 0.053333
2 0.310000 0.135000 0.035000 0.105000
3 0.747500 0.781667 0.006667 0.018333
2 0.225000 0.326667 0.034167 0.038333
2 0.395000 0.840000 0.048333 0.043333
2 0.540000 0.345000 0.048333 0.025000
2 0.707500 0.651667 0.029167 0.038333
2 0.230833 0.800000 0.097500 0.053333
2 0.666667 0.660000 0.011667 0.025000
3 0.511667 0.260000 0.007500 0.018333
2 0.745000 0.381667 0.027500 0.016667
3 0.830000 0.408333 0.009167 0.016667
3 0.432500 0.743333 0.008333 0.016667
2 0.738333 0.618333 0.034167 0.038333
2 0.568333 0.315000 0.097500 0.053333
3 0.622500 0.638333 0.007500 0.015000
3 0.660000 0.380000 0.007500 0.015000
2 0.808333 0.618333 0.017500 0.116667
2 0.295000 0.313333 0.029167 0.038333
2 0.579167 0.378333 0.023333 0.106667
3 0.345000 0.636667 0.007500 0.015000
3 0.450833 0.715000 0.008333 0.016667
3 0.678333 0.636667 0.010000 0.016667
2 0.655000 0.363333 0.013333 0.070000
2 0.348333 0.375000 0.023333 0.106667
3 0.432500 0.806667 0.007500 0.015000
3 0.678333 0.671667 0.009167 0.023333
3 0.771667 0.386667 0.015833 0.051667
2 0.692500 0.638333 0.015833 0.068333
3 0.655000 0.641667 0.007500 0.015000
3 0.766667 0.746667 0.009167 0.018333
3 0.293333 0.776667 0.007500 0.015000
2 0.557500 0.431667 0.009167 0.031667
2 0.705833 0.610000 0.020000 0.021667
3 0.746667 0.603333 0.009167 0.015000
3 0.742500 0.345000 0.009167 0.018333
3 0.430000 0.753333 0.007500 0.018333
2 0.410833 0.646667 0.029167 0.038333
3 0.694167 0.670000 0.008333 0.021667
2 0.506667 0.690000 0.034167 0.100000
2 0.270000 0.778333 0.023333 0.041667
2 0.558333 0.670000 0.020000 0.021667
3 0.458333 0.361667 0.008333 0.016667
2 0.336667 0.340000 0.020833 0.080000
2 0.626667 0.318333 0.045833 0.021667
3 0.785833 0.403333 0.009167 0.016667
3 0.344167 0.671667 0.010000 0.020000
3 0.366667 0.293333 0.011667 0.020000
3 0.515833 0.746667 0.007500 0.015000
3 0.595000 0.741667 0.007500 0.018333
3 0.566667 0.735000 0.011667 0.020000
2 0.241667 0.775000 0.058333 0.076667
2 0.694167 0.340000 0.015833 0.068333
3 0.770000 0.348333 0.009167 0.023333
3 0.673333 0.716667 0.013333 0.015000
3 0.223333 0.305000 0.009167 0.018333
2 0.303333 0.216667 0.058333 0.076667
2 0.790000 0.758333 0.010833 0.091667
2 0.670833 0.701667 0.020833 0.028333
3 0.421667 0.816667 0.013333 0.031667
3 0.756667 0.416667 0.011667 0.020000
2 0.272500 0.396667 0.027500 0.016667
2 0.487500 0.756667 0.011667 0.066667
3 0.754167 0.386667 0.009167 0.016667
2 0.263333 0.416667 0.013333 0.070000
3 0.506667 0.328333 0.008333 0.016667
2 0.563333 0.733333 0.034167 0.038333
2 0.565833 0.635000 0.020000 0.021667
2 0.307500 0.465000 0.023333 0.106667
3 0.698333 0.310000 0.009167 0.016667
3 0.375000 0.676667 0.009167 0.018333
3 0.425833 0.646667 0.013333 0.015000
2 0.489167 0.195000 0.020833 0.080000
2 0.705833 0.343333 0.020000 0.021667
3 0.559167 0.321667 0.006667 0.018333
3 0.273333 0.666667 0.008333 0.016667
2 0.355000 0.391667 0.035000 0.105000
3 0.294167 0.280000 0.010833 0.013333
2 0.531667 0.366667 0.014167 0.015000
3 0.620833 0.386667 0.010833 0.013333
3 0.768333 0.678333 0.008333 0.016667
