4 0.840833 0.586667 0.055833 0.101667
4 0.801667 0.673333 0.082500 0.068333
4 0.883333 0.540000 0.085833 0.116667
4 0.763333 0.506667 0.174167 0.088333
4 0.791667 0.633333 0.107500 0.060000
4 0.769167 0.600000 0.201667 0.436667
4 0.886667 0.506667 0.035000 0.068333
4 0.884167 0.516667 0.070833 0.048333
4 0.820833 0.438333 0.119167 0.121667
4 0.815833 0.561667 0.068333 0.078333
4 0.655833 0.558333 0.075833 0.085000
4 0.338333 0.543333 0.068333 0.073333
4 0.443333 0.470000 0.064167 0.046667
4 0.199167 0.463333 0.161667 0.131667
4 0.090000 0.618333 0.180833 0.138333
4 0.697500 0.583333 0.170833 0.115000
4 0.467500 0.590000 0.109167 0.131667
4 0.529167 0.511667 0.078333 0.033333
4 0.355000 0.558333 0.083333 0.043333
4 0.027500 0.498333 0.055833 0.123333
3 0.225833 0.513333 0.007500 0.015000
3 0.284167 0.565000 0.007500 0.015000
3 0.230833 0.476667 0.014167 0.025000
3 0.459167 0.583333 0.013333 0.015000
3 0.770000 0.473333 0.011667 0.020000
2 0.393333 0.503333 0.009167 0.031667
2 0.724167 0.521667 0.023333 0.106667
3 0.484167 0.455000 0.007500 0.018333
2 0.537500 0.525000 0.027500 0.016667
3 0.032500 0.478333 0.009167 0.016667
2 0.465833 0.451667 0.020000 0.021667
2 0.650833 0.483333 0.034167 0.100000
2 0.638333 0.575000 0.048333 0.043333
2 0.630833 0.565000 0.097500 0.053333
3 0.167500 0.608333 0.009167 0.016667
2 0.746667 0.515000 0.010833 0.091667
3 0.570000 0.506667 0.008333 0.021667
2 0.390833 0.563333 0.023333 0.041667
2 0.605833 0.628333 0.023333 0.106667
2 0.637500 0.520000 0.020000 0.021667
3 0.286667 0.553333 0.007500 0.018333
2 0.503333 0.535000 0.058333 0.076667
3 0.785000 0.525000 0.009167 0.016667
3 0.440000 0.468333 0.009167 0.016667
2 0.151667 0.600000 0.017500 0.116667
3 0.243333 0.555000 0.009167 0.015000
2 0.171667 0.441667 0.097500 0.053333
3 0.810000 0.541667 0.007500 0.018333
2 0.707500 0.518333 0.020833 0.080000
2 0.090000 0.481667 0.027500 0.016667
2 0.707500 0.606667 0.021667 0.090000
3 0.121667 0.530000 0.008333 0.016667
3 0.721667 0.540000 0.006667 0.018333
3 0.701667 0.551667 0.013333 0.031667
2 0.772500 0.448333 0.097500 0.053333
2 0.197500 0.560000 0.020833 0.080000
2 0.180000 0.485000 0.097500 0.053333
3 0.525833 0.571667 0.015833 0.051667
3 0.327500 0.575000 0.013333 0.015000
2 0.751667 0.553333 0.023333 0.106667
3 0.322500 0.555000 0.015833 0.051667
2 0.135833 0.513333 0.034167 0.038333
2 0.515000 0.578333 0.034167 0.100000
2 0.803333 0.663333 0.029167 0.038333
2 0.381667 0.470000 0.011667 0.066667
2 0.037500 0.455000 0.019167 0.046667
3 0.442500 0.498333 0.011667 0.030000
3 0.290000 0.455000 0.008333 0.016667
3 0.382500 0.581667 0.008333 0.021667
3 0.182500 0.526667 0.010000 0.016667
2 0.016667 0.453333 0.034167 0.053333
3 0.175833 0.546667 0.013333 0.015000
2 0.563333 0.573333 0.027500 0.016667
2 0.103333 0.425000 0.058333 0.076667
2 0.712500 0.530000 0.013333 0.070000
2 0.164167 0.486667 0.020833 0.080000
2 0.145000 0.630000 0.013333 0.070000
2 0.756667 0.511667 0.020833 0.028333
2 0.268333 0.561667 0.017500 0.116667
2 0.439167 0.526667 0.023333 0.041667
2 0.490000 0.386667 0.020833 0.080000
3 0.460833 0.495000 0.007500 0.016667
2 0.357500 0.513333 0.034167 0.038333
3 0.593333 0.586667 0.009167 0.018333
3 0.752500 0.486667 0.010833 0.013333
2 0.733333 0.535000 0.035000 0.105000
2 0.331667 0.466667 0.010000 0.031667
2 0.434167 0.446667 0.045833 0.021667
3 0.534167 0.473333 0.007500 0.015000
2 0.545833 0.453333 0.034167 0.038333
2 0.583333 0.583333 0.034167 0.038333
2 0.715833 0.621667 0.020833 0.080000
3 0.685000 0.571667 0.008333 0.016667
2 0.207500 0.463333 0.029167 0.038333
3 0.626667 0.501667 0.010000 0.020000
2 0.129167 0.515000 0.030833 0.051667
2 0.740833 0.571667 0.030833 0.051667
2 0.164167 0.568333 0.023333 0.106667
2 0.755833 0.508333 0.027500 0.016667
2 0.163333 0.538333 0.027500 0.016667
3 0.486667 0.423333 0.010833 0.013333
2 0.275000 0.543333 0.010000 0.031667
3 0.361667 0.575000 0.008333 0.016667
3 0.715000 0.498333 0.010833 0.013333
2 0.295000 0.483333 0.020833 0.080000
3 0.235000 0.476667 0.010000 0.016667
3 0.606667 0.568333 0.008333 0.021667
3 0.395000 0.483333 0.009167 0.023333
2 0.790833 0.550000 0.034167 0.100000
3 0.103333 0.500000 0.017500 0.031667
2 0.041667 0.513333 0.020833 0.080000
3 0.423333 0.480000 0.008333 0.016667
3 0.454167 0.501667 0.013333 0.031667
3 0.027500 0.545000 0.007500 0.016667
2 0.130833 0.545000 0.020000 0.021667
3 0.490000 0.521667 0.010000 0.016667
3 0.658333 0.570000 0.010000 0.016667
2 0.335000 0.565000 0.020833 0.080000
2 0.044167 0.480000 0.010000 0.031667
2 0.240833 0.525000 0.045833 0.021667
2 0.642500 0.588333 0.010000 0.031667
2 0.090833 0.583333 0.097500 0.053333
3 0.273333 0.418333 0.011667 0.030000
2 0.672500 0.646667 0.019167 0.046667
2 0.489167 0.298333 0.027500 0.016667
3 0.791667 0.648333 0.009167 0.015000
3 0.719167 0.655000 0.007500 0.015000
2 0.669167 0.631667 0.020833 0.028333
2 0.411667 0.720000 0.058333 0.076667
2 0.265833 0.330000 0.023333 0.041667
3 0.408333 0.356667 0.007500 0.018333
2 0.776667 0.585000 0.009167 0.040000
2 0.528333 0.370000 0.011667 0.066667
2 0.440833 0.416667 0.034167 0.100000
2 0.628333 0.415000 0.045833 0.021667
3 0.690000 0.678333 0.010833 0.023333
2 0.382500 0.373333 0.034167 0.038333
2 0.353333 0.275000 0.011667 0.025000
2 0.580000 0.361667 0.020833 0.028333
2 0.169167 0.398333 0.022500 0.023333
3 0.778333 0.671667 0.013333 0.015000
2 0.557500 0.645000 0.009167 0.040000
3 0.261667 0.800000 0.009167 0.016667
2 0.369167 0.328333 0.015833 0.068333
2 0.770833 0.418333 0.021667 0.090000
3 0.768333 0.696667 0.009167 0.016667
2 0.481667 0.313333 0.009167 0.040000
3 0.301667 0.330000 0.015833 0.051667
2 0.740833 0.421667 0.023333 0.041667
3 0.522500 0.710000 0.010833 0.023333
2 0.699167 0.625000 0.029167 0.038333
3 0.695000 0.636667 0.007500 0.015000
2 0.446667 0.763333 0.026667 0.035000
3 0.649167 0.445000 0.009167 0.016667
3 0.677500 0.400000 0.011667 0.020000
3 0.599167 0.330000 0.007500 0.016667
2 0.340000 0.681667 0.058333 0.076667
3 0.742500 0.665000 0.008333 0.021667
2 0.721667 0.323333 0.020833 0.080000
2 0.639167 0.408333 0.022500 0.023333
3 0.698333 0.688333 0.010000 0.016667
2 0.548333 0.388333 0.014167 0.015000
2 0.790833 0.638333 0.030833 0.051667
2 0.592500 0.736667 0.021667 0.090000
2 0.714167 0.773333 0.027500 0.016667
3 0.683333 0.423333 0.011667 0.020000
2 0.542500 0.426667 0.048333 0.043333
3 0.743333 0.405000 0.008333 0.016667
3 0.573333 0.620000 0.013333 0.031667
3 0.580833 0.645000 0.017500 0.031667
2 0.745000 0.368333 0.011667 0.025000
2 0.471667 0.775000 0.030833 0.051667
2 0.427500 0.340000 0.009167 0.040000
3 0.765833 0.366667 0.014167 0.025000
2 0.440833 0.836667 0.034167 0.100000
3 0.292500 0.730000 0.009167 0.016667
2 0.707500 0.406667 0.010000 0.031667
3 0.484167 0.641667 0.010833 0.023333
2 0.434167 0.706667 0.009167 0.040000
2 0.807500 0.621667 0.020833 0.028333
2 0.679167 0.671667 0.048333 0.043333
3 0.225000 0.768333 0.007500 0.015000
3 0.318333 0.413333 0.007500 0.018333
2 0.486667 0.358333 0.011667 0.066667
3 0.435833 0.751667 0.011667 0.030000
2 0.331667 0.425000 0.048333 0.043333
3 0.320000 0.705000 0.007500 0.018333
2 0.348333 0.273333 0.020833 0.028333
2 0.675000 0.716667 0.010000 0.031667
2 0.797500 0.393333 0.010000 0.031667
2 0.304167 0.615000 0.023333 0.041667
2 0.785000 0.386667 0.034167 0.038333
3 0.443333 0.160000 0.009167 0.016667
3 0.224167 0.426667 0.006667 0.018333
2 0.305000 0.691667 0.048333 0.025000
3 0.337500 0.708333 0.013333 0.015000
3 0.759167 0.613333 0.008333 0.016667
2 0.380000 0.403333 0.021667 0.090000
3 0.717500 0.625000 0.013333 0.015000
2 0.305833 0.761667 0.010833 0.091667
2 0.714167 0.631667 0.034167 0.038333
3 0.798333 0.735000 0.007500 0.015000
2 0.301667 0.378333 0.011667 0.066667
2 0.308333 0.741667 0.019167 0.046667
2 0.306667 0.766667 0.023333 0.106667
3 0.664167 0.678333 0.010833 0.023333
3 0.437500 0.748333 0.007500 0.018333
3 0.355000 0.368333 0.009167 0.016667
3 0.254167 0.368333 0.017500 0.031667
2 0.657500 0.435000 0.048333 0.025000
2 0.763333 0.730000 0.015833 0.068333
3 0.533333 0.348333 0.010000 0.020000
2 0.472500 0.731667 0.048333 0.043333
3 0.248333 0.398333 0.007500 0.015000
3 0.565833 0.690000 0.009167 0.016667
2 0.561667 0.688333 0.013333 0.070000
2 0.593333 0.778333 0.010833 0.091667
2 0.649167 0.690000 0.009167 0.031667
2 0.737500 0.788333 0.019167 0.046667
3 0.695000 0.660000 0.009167 0.015000
2 0.615833 0.401667 0.020833 0.080000
3 0.431667 0.673333 0.009167 0.018333
2 0.664167 0.428333 0.029167 0.038333
3 0.342500 0.308333 0.009167 0.018333
2 0.671667 0.408333 0.015833 0.068333
3 0.453333 0.793333 0.014167 0.025000
2 0.769167 0.295000 0.009167 0.040000
2 0.793333 0.363333 0.020833 0.028333
2 0.685833 0.350000 0.023333 0.106667
2 0.651667 0.415000 0.010000 0.031667
2 0.158333 0.410000 0.010000 0.031667
2 0.334167 0.626667 0.015833 0.068333
2 0.684167 0.626667 0.048333 0.043333
2 0.431667 0.763333 0.029167 0.038333
3 0.660833 0.393333 0.009167 0.018333
3 0.781667 0.600000 0.008333 0.016667
3 0.482500 0.251667 0.014167 0.025000
2 0.546667 0.453333 0.034167 0.100000
3 0.306667 0.340000 0.009167 0.018333
3 0.730000 0.378333 0.007500 0.016667
2 0.685833 0.358333 0.026667 0.035000
2 0.290000 0.726667 0.014167 0.015000
2 0.729167 0.295000 0.011667 0.025000
3 0.757500 0.333333 0.007500 0.018333
3 0.471667 0.245000 0.011667 0.020000
3 0.505833 0.328333 0.009167 0.016667
2 0.235833 0.776667 0.045833 0.021667
2 0.315000 0.293333 0.029167 0.038333
2 0.292500 0.283333 0.010833 0.091667
2 0.292500 0.600000 0.045833 0.021667
2 0.528333 0.268333 0.020833 0.080000
2 0.710833 0.325000 0.017500 0.116667
3 0.663333 0.385000 0.006667 0.018333
3 0.679167 0.421667 0.007500 0.015000
2 0.484167 0.220000 0.009167 0.031667
3 0.701667 0.341667 0.010000 0.016667
3 0.742500 0.676667 0.011667 0.030000
2 0.646667 0.670000 0.045833 0.021667
3 0.450833 0.718333 0.008333 0.021667
2 0.570000 0.670000 0.034167 0.100000
3 0.455833 0.661667 0.007500 0.015000
3 0.538333 0.358333 0.011667 0.030000
2 0.447500 0.901667 0.030833 0.051667
2 0.562500 0.646667 0.026667 0.035000
3 0.319167 0.733333 0.006667 0.018333
2 0.634167 0.461667 0.021667 0.090000
2 0.687500 0.340000 0.029167 0.038333
2 0.734167 0.668333 0.027500 0.016667
2 0.270833 0.761667 0.020833 0.028333
2 0.270833 0.740000 0.020833 0.080000
3 0.684167 0.396667 0.009167 0.016667
2 0.567500 0.150000 0.014167 0.015000
3 0.622500 0.643333 0.011667 0.020000
3 0.332500 0.418333 0.008333 0.016667
3 0.328333 0.800000 0.009167 0.015000
2 0.764167 0.336667 0.020833 0.028333
3 0.437500 0.373333 0.008333 0.016667
2 0.402500 0.355000 0.058333 0.076667
2 0.645000 0.341667 0.023333 0.041667
3 0.717500 0.386667 0.007500 0.018333
2 0.697500 0.238333 0.011667 0.066667
3 0.521667 0.668333 0.007500 0.015000
3 0.660833 0.668333 0.013333 0.031667
3 0.719167 0.428333 0.009167 0.016667
2 0.223333 0.805000 0.010833 0.091667
2 0.638333 0.345000 0.026667 0.035000
2 0.793333 0.425000 0.020833 0.080000
2 0.180000 0.388333 0.097500 0.053333
2 0.712500 0.428333 0.023333 0.106667
2 0.702500 0.680000 0.029167 0.038333
3 0.570833 0.636667 0.010000 0.016667
2 0.430000 0.653333 0.014167 0.015000
3 0.757500 0.401667 0.008333 0.016667
3 0.491667 0.736667 0.009167 0.016667
3 0.738333 0.693333 0.008333 0.016667
2 0.345000 0.603333 0.035000 0.105000
2 0.750833 0.643333 0.015833 0.068333
3 0.656667 0.680000 0.008333 0.016667
2 0.460833 0.356667 0.030833 0.051667
2 0.629167 0.638333 0.048333 0.025000
3 0.330833 0.710000 0.010000 0.016667
3 0.266667 0.653333 0.011667 0.030000
2 0.732500 0.645000 0.015833 0.068333
2 0.518333 0.313333 0.010833 0.091667
2 0.524167 0.333333 0.020833 0.080000
3 0.225833 0.660000 0.013333 0.015000
2 0.451667 0.390000 0.021667 0.090000
3 0.737500 0.650000 0.009167 0.015000
2 0.595833 0.710000 0.011667 0.025000
2 0.749167 0.671667 0.045833 0.021667
3 0.557500 0.668333 0.007500 0.016667
2 0.439167 0.770000 0.014167 0.015000
2 0.523333 0.345000 0.020833 0.028333
2 0.387500 0.688333 0.019167 0.046667
3 0.510000 0.830000 0.017500 0.031667
2 0.271667 0.376667 0.015833 0.068333
2 0.695833 0.600000 0.011667 0.066667
2 0.698333 0.253333 0.020833 0.080000
2 0.656667 0.443333 0.017500 0.116667
2 0.280833 0.791667 0.020833 0.080000
