4 0.820000 0.573333 0.089167 0.136667
4 0.735833 0.421667 0.242500 0.120000
4 0.842500 0.521667 0.096667 0.063333
4 0.880833 0.566667 0.058333 0.096667
4 0.787500 0.568333 0.228333 0.266667
4 0.858333 0.583333 0.059167 0.108333
4 0.865833 0.631667 0.055833 0.145000
4 0.794167 0.623333 0.119167 0.028333
4 0.890000 0.531667 0.035000 0.026667
4 0.745833 0.560000 0.366667 0.263333
4 0.739167 0.506667 0.043333 0.071667
4 0.255833 0.468333 0.085833 0.053333
4 0.225833 0.496667 0.051667 0.033333
4 0.708333 0.578333 0.099167 0.095000
4 0.589167 0.540000 0.182500 0.118333
4 0.033333 0.585000 0.066667 0.195000
4 0.280000 0.543333 0.108333 0.045000
4 0.651667 0.620000 0.193333 0.280000
4 0.237500 0.461667 0.128333 0.085000
4 0.608333 0.460000 0.055000 0.078333
2 0.636667 0.573333 0.011667 0.025000
3 0.131667 0.510000 0.017500 0.031667
3 0.747500 0.503333 0.007500 0.018333
2 0.549167 0.506667 0.048333 0.025000
3 0.660833 0.526667 0.013333 0.031667
3 0.788333 0.540000 0.013333 0.015000
3 0.420833 0.540000 0.008333 0.016667
3 0.250833 0.543333 0.009167 0.016667
2 0.499167 0.546667 0.017500 0.116667
2 0.800000 0.538333 0.020833 0.080000
2 0.274167 0.471667 0.029167 0.038333
2 0.445833 0.555000 0.014167 0.015000
2 0.028333 0.595000 0.026667 0.035000
3 0.635000 0.483333 0.009167 0.016667
2 0.816667 0.691667 0.020833 0.080000
2 0.796667 0.475000 0.030833 0.051667
3 0.302500 0.525000 0.008333 0.016667
3 0.747500 0.458333 0.007500 0.018333
2 0.622500 0.545000 0.020833 0.028333
2 0.082500 0.538333 0.035000 0.105000
3 0.123333 0.493333 0.006667 0.018333
3 0.269167 0.573333 0.009167 0.016667
2 0.214167 0.515000 0.027500 0.016667
2 0.060833 0.493333 0.023333 0.041667
2 0.794167 0.488333 0.048333 0.025000
3 0.016667 0.483333 0.014167 0.025000
3 0.139167 0.548333 0.013333 0.031667
3 0.094167 0.511667 0.007500 0.015000
2 0.213333 0.573333 0.010833 0.091667
2 0.819167 0.666667 0.014167 0.015000
3 0.643333 0.545000 0.007500 0.015000
3 0.716667 0.540000 0.013333 0.015000
2 0.211667 0.423333 0.011667 0.066667
3 0.077500 0.465000 0.009167 0.016667
2 0.672500 0.563333 0.020833 0.028333
2 0.116667 0.516667 0.034167 0.038333
3 0.710833 0.488333 0.015833 0.051667
2 0.775000 0.571667 0.009167 0.031667
3 0.273333 0.465000 0.007500 0.015000
3 0.408333 0.573333 0.009167 0.016667
2 0.296667 0.505000 0.020833 0.028333
3 0.587500 0.473333 0.009167 0.018333
2 0.765000 0.531667 0.009167 0.040000
3 0.346667 0.565000 0.017500 0.031667
3 0.109167 0.480000 0.010833 0.023333
3 0.739167 0.571667 0.010000 0.020000
3 0.069167 0.503333 0.017500 0.031667
3 0.375000 0.470000 0.011667 0.030000
2 0.463333 0.441667 0.023333 0.041667
3 0.773333 0.526667 0.006667 0.018333
3 0.606667 0.613333 0.010833 0.013333
2 0.426667 0.590000 0.017500 0.116667
3 0.336667 0.563333 0.010833 0.013333
2 0.322500 0.555000 0.023333 0.106667
2 0.563333 0.540000 0.019167 0.046667
2 0.113333 0.523333 0.022500 0.023333
3 0.280000 0.503333 0.007500 0.018333
2 0.104167 0.521667 0.020000 0.021667
3 0.585000 0.523333 0.008333 0.016667
2 0.610833 0.565000 0.020833 0.080000
2 0.653333 0.535000 0.034167 0.038333
3 0.588333 0.566667 0.007500 0.016667
3 0.283333 0.576667 0.007500 0.015000
3 0.589167 0.565000 0.009167 0.016667
3 0.226667 0.543333 0.007500 0.015000
2 0.357500 0.521667 0.023333 0.106667
3 0.318333 0.516667 0.009167 0.023333
3 0.500833 0.478333 0.009167 0.023333
3 0.740833 0.498333 0.011667 0.030000
3 0.495000 0.536667 0.010000 0.020000
2 0.112500 0.545000 0.014167 0.015000
3 0.450000 0.570000 0.008333 0.016667
3 0.471667 0.530000 0.007500 0.018333
3 0.473333 0.520000 0.017500 0.031667
3 0.097500 0.501667 0.009167 0.016667
3 0.745833 0.470000 0.013333 0.015000
2 0.225000 0.558333 0.013333 0.070000
3 0.220833 0.593333 0.008333 0.021667
3 0.218333 0.580000 0.009167 0.016667
2 0.188333 0.565000 0.021667 0.090000
3 0.287500 0.543333 0.017500 0.031667
3 0.060833 0.506667 0.010000 0.016667
2 0.463333 0.533333 0.029167 0.038333
3 0.483333 0.506667 0.008333 0.016667
2 0.155833 0.520000 0.027500 0.016667
3 0.137500 0.563333 0.007500 0.015000
2 0.740833 0.598333 0.020833 0.080000
3 0.693333 0.546667 0.007500 0.015000
3 0.206667 0.598333 0.010833 0.013333
2 0.206667 0.616667 0.034167 0.100000
2 0.440833 0.533333 0.020000 0.021667
3 0.236667 0.560000 0.009167 0.023333
2 0.481667 0.493333 0.048333 0.043333
3 0.601667 0.538333 0.007500 0.015000
3 0.510000 0.491667 0.009167 0.015000
2 0.435833 0.610000 0.009167 0.031667
2 0.365833 0.470000 0.097500 0.053333
3 0.486667 0.563333 0.008333 0.016667
3 0.525000 0.473333 0.013333 0.015000
2 0.595000 0.626667 0.017500 0.116667
3 0.517500 0.475000 0.008333 0.016667
2 0.154167 0.471667 0.058333 0.076667
2 0.735000 0.641667 0.045833 0.021667
3 0.317500 0.686667 0.006667 0.018333
3 0.661667 0.685000 0.015833 0.051667
2 0.272500 0.618333 0.097500 0.053333
3 0.738333 0.686667 0.009167 0.016667
3 0.423333 0.348333 0.007500 0.018333
3 0.239167 0.818333 0.009167 0.016667
2 0.758333 0.343333 0.048333 0.043333
3 0.688333 0.346667 0.017500 0.031667
3 0.314167 0.233333 0.009167 0.016667
3 0.667500 0.400000 0.009167 0.016667
2 0.633333 0.323333 0.020833 0.080000
2 0.318333 0.233333 0.027500 0.016667
2 0.346667 0.370000 0.009167 0.040000
2 0.400000 0.743333 0.023333 0.106667
3 0.553333 0.641667 0.009167 0.016667
3 0.355833 0.745000 0.011667 0.030000
3 0.759167 0.611667 0.008333 0.016667
2 0.683333 0.760000 0.034167 0.100000
2 0.599167 0.998333 0.020833 0.001667
3 0.575000 0.173333 0.008333 0.016667
3 0.505000 0.821667 0.017500 0.031667
2 0.758333 0.590000 0.058333 0.076667
2 0.488333 0.271667 0.023333 0.041667
3 0.501667 0.400000 0.008333 0.021667
3 0.449167 0.286667 0.011667 0.030000
2 0.683333 0.421667 0.026667 0.035000
2 0.802500 0.765000 0.010833 0.091667
3 0.713333 0.675000 0.008333 0.016667
2 0.285000 0.271667 0.020000 0.021667
2 0.310833 0.371667 0.030833 0.051667
3 0.630833 0.356667 0.008333 0.016667
3 0.322500 0.351667 0.007500 0.018333
3 0.307500 0.701667 0.008333 0.016667
3 0.248333 0.398333 0.007500 0.016667
2 0.444167 0.305000 0.048333 0.043333
2 0.645833 0.615000 0.009167 0.040000
3 0.792500 0.645000 0.009167 0.016667
2 0.719167 0.385000 0.021667 0.090000
3 0.326667 0.675000 0.009167 0.023333
3 0.184167 0.653333 0.011667 0.020000
2 0.197500 0.755000 0.021667 0.090000
3 0.304167 0.366667 0.009167 0.023333
3 0.648333 0.625000 0.010833 0.023333
2 0.380000 0.703333 0.022500 0.023333
3 0.429167 0.750000 0.010000 0.016667
3 0.655000 0.386667 0.008333 0.021667
2 0.280000 0.635000 0.009167 0.040000
3 0.550833 0.681667 0.007500 0.018333
2 0.632500 0.336667 0.048333 0.025000
2 0.607500 0.778333 0.023333 0.041667
2 0.657500 0.408333 0.013333 0.070000
2 0.540000 0.671667 0.021667 0.090000
3 0.434167 0.855000 0.015833 0.051667
2 0.416667 0.391667 0.045833 0.021667
3 0.345833 0.285000 0.013333 0.015000
2 0.677500 0.271667 0.048333 0.025000
3 0.449167 0.675000 0.007500 0.015000
2 0.168333 0.411667 0.023333 0.041667
2 0.339167 0.828333 0.029167 0.038333
3 0.685833 0.368333 0.009167 0.016667
2 0.708333 0.595000 0.048333 0.043333
3 0.553333 0.328333 0.010000 0.020000
3 0.548333 0.628333 0.007500 0.015000
2 0.723333 0.401667 0.014167 0.015000
2 0.779167 0.445000 0.034167 0.100000
2 0.329167 0.256667 0.021667 0.090000
2 0.510000 0.413333 0.023333 0.106667
3 0.368333 0.678333 0.007500 0.018333
2 0.647500 0.675000 0.048333 0.025000
3 0.292500 0.671667 0.014167 0.025000
2 0.689167 0.368333 0.014167 0.015000
2 0.768333 0.430000 0.013333 0.070000
2 0.672500 0.373333 0.034167 0.100000
3 0.735000 0.398333 0.007500 0.018333
2 0.516667 0.591667 0.035000 0.105000
2 0.660000 0.685000 0.048333 0.025000
3 0.778333 0.700000 0.009167 0.018333
3 0.491667 0.723333 0.015833 0.051667
3 0.597500 0.716667 0.007500 0.015000
3 0.745833 0.601667 0.008333 0.016667
2 0.507500 0.258333 0.048333 0.043333
3 0.493333 0.318333 0.008333 0.016667
2 0.248333 0.203333 0.048333 0.025000
2 0.720000 0.355000 0.020000 0.021667
2 0.795833 0.650000 0.020833 0.080000
2 0.360000 0.608333 0.020833 0.028333
2 0.676667 0.433333 0.009167 0.040000
2 0.719167 0.318333 0.020833 0.080000
3 0.459167 0.886667 0.008333 0.021667
2 0.453333 0.708333 0.030833 0.051667
2 0.730000 0.711667 0.011667 0.025000
3 0.620833 0.391667 0.011667 0.020000
2 0.430000 0.763333 0.035000 0.105000
2 0.300833 0.275000 0.015833 0.068333
2 0.610833 0.386667 0.023333 0.041667
3 0.368333 0.721667 0.009167 0.016667
2 0.299167 0.275000 0.045833 0.021667
3 0.305833 0.323333 0.008333 0.016667
2 0.390000 0.746667 0.045833 0.021667
3 0.569167 0.276667 0.010833 0.023333
3 0.666667 0.355000 0.008333 0.021667
2 0.271667 0.285000 0.048333 0.025000
2 0.434167 0.745000 0.022500 0.023333
3 0.450833 0.648333 0.010000 0.020000
2 0.255000 0.385000 0.011667 0.025000
2 0.594167 0.313333 0.011667 0.066667
3 0.425000 0.755000 0.017500 0.031667
3 0.243333 0.855000 0.007500 0.018333
3 0.724167 0.436667 0.013333 0.031667
2 0.545000 0.691667 0.019167 0.046667
2 0.649167 0.648333 0.011667 0.066667
2 0.774167 0.371667 0.011667 0.025000
2 0.435000 0.780000 0.022500 0.023333
2 0.216667 0.651667 0.011667 0.066667
2 0.420833 0.763333 0.030833 0.051667
2 0.665833 0.425000 0.034167 0.100000
3 0.792500 0.650000 0.007500 0.016667
2 0.631667 0.655000 0.026667 0.035000
2 0.740833 0.585000 0.020833 0.080000
2 0.328333 0.325000 0.097500 0.053333
2 0.749167 0.341667 0.013333 0.070000
3 0.427500 0.751667 0.013333 0.031667
3 0.690000 0.386667 0.010000 0.016667
2 0.463333 0.131667 0.026667 0.035000
2 0.790000 0.680000 0.034167 0.100000
3 0.767500 0.358333 0.010833 0.023333
2 0.401667 0.653333 0.020833 0.080000
3 0.274167 0.670000 0.011667 0.030000
3 0.709167 0.695000 0.013333 0.031667
3 0.316667 0.370000 0.007500 0.015000
3 0.764167 0.391667 0.009167 0.015000
2 0.315833 0.631667 0.019167 0.046667
3 0.231667 0.400000 0.006667 0.018333
2 0.458333 0.430000 0.013333 0.070000
2 0.363333 0.685000 0.045833 0.021667
3 0.455000 0.641667 0.009167 0.018333
3 0.474167 0.310000 0.007500 0.015000
3 0.361667 0.718333 0.008333 0.016667
3 0.703333 0.636667 0.007500 0.016667
2 0.340833 0.655000 0.015833 0.068333
2 0.280000 0.830000 0.023333 0.106667
2 0.795000 0.735000 0.014167 0.015000
3 0.555833 0.998333 0.008333 0.001667
2 0.782500 0.338333 0.014167 0.015000
2 0.594167 0.316667 0.034167 0.038333
3 0.658333 0.400000 0.008333 0.016667
3 0.460833 0.670000 0.008333 0.016667
2 0.331667 0.396667 0.034167 0.100000
3 0.317500 0.731667 0.009167 0.016667
3 0.712500 0.306667 0.013333 0.031667
2 0.284167 0.351667 0.020000 0.021667
3 0.252500 0.648333 0.011667 0.030000
2 0.654167 0.455000 0.023333 0.041667
2 0.352500 0.736667 0.017500 0.116667
2 0.453333 0.723333 0.022500 0.023333
3 0.325000 0.355000 0.013333 0.015000
2 0.316667 0.311667 0.026667 0.035000
3 0.432500 0.780000 0.010000 0.020000
2 0.750833 0.433333 0.020833 0.080000
2 0.290000 0.386667 0.048333 0.025000
2 0.266667 0.630000 0.035000 0.105000
2 0.469167 0.813333 0.023333 0.041667
2 0.792500 0.653333 0.009167 0.031667
3 0.274167 0.413333 0.009167 0.016667
3 0.407500 0.355000 0.009167 0.018333
3 0.515000 0.811667 0.009167 0.016667
2 0.737500 0.355000 0.097500 0.053333
2 0.712500 0.381667 0.097500 0.053333
2 0.640000 0.343333 0.023333 0.106667
2 0.290000 0.425000 0.034167 0.100000
3 0.777500 0.340000 0.014167 0.025000
2 0.651667 0.426667 0.021667 0.090000
2 0.697500 0.600000 0.045833 0.021667
3 0.787500 0.345000 0.014167 0.025000
2 0.713333 0.426667 0.034167 0.038333
2 0.326667 0.670000 0.010000 0.031667
3 0.735000 0.666667 0.015833 0.051667
3 0.697500 0.631667 0.011667 0.020000
3 0.810833 0.421667 0.013333 0.031667
3 0.510833 0.290000 0.007500 0.015000
3 0.747500 0.605000 0.007500 0.016667
2 0.505000 0.371667 0.048333 0.025000
3 0.450833 0.743333 0.013333 0.015000
2 0.477500 0.321667 0.034167 0.100000
3 0.343333 0.870000 0.007500 0.015000
2 0.621667 0.426667 0.013333 0.070000
2 0.745000 0.343333 0.021667 0.090000
2 0.711667 0.633333 0.030833 0.051667
3 0.695000 0.630000 0.007500 0.015000
3 0.688333 0.641667 0.011667 0.020000
2 0.154167 0.643333 0.013333 0.070000
2 0.570833 0.725000 0.019167 0.046667
3 0.386667 0.376667 0.008333 0.016667
3 0.306667 0.361667 0.014167 0.025000
2 0.382500 0.633333 0.020833 0.028333
3 0.730000 0.366667 0.011667 0.030000
3 0.770833 0.376667 0.007500 0.015000
