4 0.854167 0.585000 0.079167 0.150000
4 0.822500 0.631667 0.063333 0.021667
4 0.853333 0.541667 0.068333 0.108333
4 0.805000 0.633333 0.100000 0.263333
4 0.801667 0.640000 0.170833 0.203333
4 0.858333 0.460000 0.049167 0.123333
4 0.809167 0.523333 0.070000 0.060000
4 0.824167 0.486667 0.077500 0.213333
4 0.840000 0.565000 0.105833 0.180000
4 0.805833 0.491667 0.121667 0.045000
4 0.136667 0.418333 0.089167 0.193333
4 0.514167 0.473333 0.072500 0.080000
4 0.428333 0.475000 0.086667 0.143333
4 0.575000 0.486667 0.118333 0.156667
4 0.630000 0.711667 0.136667 0.300000
4 0.157500 0.498333 0.054167 0.075000
4 0.684167 0.518333 0.079167 0.078333
4 0.586667 0.525000 0.058333 0.051667
4 0.768333 0.556667 0.071667 0.110000
4 0.759167 0.550000 0.145833 0.053333
2 0.176667 0.460000 0.027500 0.016667
3 0.710833 0.515000 0.008333 0.021667
2 0.340833 0.528333 0.020833 0.080000
2 0.440000 0.445000 0.097500 0.053333
3 0.303333 0.471667 0.010833 0.013333
3 0.187500 0.588333 0.014167 0.025000
2 0.602500 0.563333 0.019167 0.046667
2 0.069167 0.508333 0.034167 0.100000
3 0.510000 0.465000 0.013333 0.031667
2 0.167500 0.493333 0.023333 0.041667
2 0.536667 0.523333 0.023333 0.106667
3 0.061667 0.476667 0.010000 0.016667
2 0.740000 0.551667 0.048333 0.043333
3 0.162500 0.455000 0.008333 0.016667
3 0.541667 0.566667 0.010833 0.023333
3 0.078333 0.565000 0.014167 0.025000
2 0.165000 0.565000 0.058333 0.076667
2 0.641667 0.546667 0.020000 0.021667
3 0.640000 0.520000 0.009167 0.016667
3 0.371667 0.473333 0.007500 0.016667
2 0.600000 0.565000 0.045833 0.021667
3 0.691667 0.530000 0.007500 0.018333
2 0.560000 0.593333 0.010833 0.091667
2 0.475833 0.575000 0.048333 0.043333
2 0.401667 0.551667 0.034167 0.100000
3 0.189167 0.478333 0.014167 0.025000
3 0.685833 0.515000 0.009167 0.015000
3 0.445833 0.561667 0.010833 0.023333
3 0.513333 0.518333 0.008333 0.016667
2 0.459167 0.583333 0.048333 0.043333
3 0.490833 0.443333 0.007500 0.016667
3 0.039167 0.553333 0.007500 0.015000
3 0.820833 0.546667 0.013333 0.015000
3 0.052500 0.541667 0.013333 0.031667
2 0.412500 0.426667 0.009167 0.040000
2 0.056667 0.505000 0.058333 0.076667
2 0.220000 0.486667 0.011667 0.025000
3 0.592500 0.501667 0.008333 0.016667
2 0.405833 0.473333 0.023333 0.106667
2 0.765833 0.565000 0.011667 0.025000
2 0.591667 0.515000 0.009167 0.040000
3 0.660000 0.545000 0.010833 0.013333
2 0.216667 0.440000 0.045833 0.021667
2 0.055833 0.538333 0.015833 0.068333
2 0.557500 0.543333 0.014167 0.015000
2 0.244167 0.595000 0.010000 0.031667
3 0.436667 0.555000 0.014167 0.025000
3 0.218333 0.565000 0.017500 0.031667
3 0.765000 0.448333 0.010833 0.013333
3 0.174167 0.460000 0.013333 0.031667
2 0.533333 0.480000 0.048333 0.025000
3 0.622500 0.508333 0.015833 0.051667
2 0.735833 0.510000 0.009167 0.040000
2 0.018333 0.503333 0.036667 0.025000
2 0.458333 0.560000 0.035000 0.105000
2 0.658333 0.481667 0.097500 0.053333
2 0.667500 0.463333 0.058333 0.076667
2 0.064167 0.456667 0.020833 0.080000
3 0.277500 0.515000 0.009167 0.018333
2 0.777500 0.503333 0.023333 0.041667
2 0.142500 0.540000 0.020000 0.021667
3 0.248333 0.521667 0.015833 0.051667
2 0.196667 0.458333 0.035000 0.105000
2 0.373333 0.515000 0.019167 0.046667
2 0.203333 0.525000 0.017500 0.116667
3 0.402500 0.580000 0.008333 0.016667
3 0.446667 0.510000 0.010833 0.023333
2 0.075833 0.518333 0.011667 0.025000
2 0.082500 0.576667 0.026667 0.035000
2 0.619167 0.471667 0.013333 0.070000
3 0.248333 0.515000 0.011667 0.020000
3 0.295833 0.513333 0.007500 0.018333
2 0.190833 0.486667 0.009167 0.040000
2 0.658333 0.548333 0.097500 0.053333
3 0.086667 0.480000 0.009167 0.015000
3 0.746667 0.576667 0.009167 0.016667
2 0.374167 0.540000 0.011667 0.025000
3 0.490833 0.585000 0.013333 0.031667
2 0.092500 0.515000 0.021667 0.090000
3 0.332500 0.468333 0.015833 0.051667
3 0.333333 0.618333 0.009167 0.016667
2 0.350000 0.480000 0.030833 0.051667
2 0.795833 0.523333 0.022500 0.023333
2 0.280833 0.498333 0.035000 0.105000
3 0.206667 0.590000 0.008333 0.021667
3 0.727500 0.573333 0.009167 0.023333
3 0.632500 0.538333 0.007500 0.015000
2 0.764167 0.595000 0.013333 0.070000
3 0.618333 0.485000 0.006667 0.018333
3 0.092500 0.481667 0.010833 0.023333
3 0.094167 0.476667 0.009167 0.023333
2 0.091667 0.530000 0.009167 0.031667
3 0.475833 0.596667 0.008333 0.016667
2 0.734167 0.540000 0.019167 0.046667
3 0.517500 0.503333 0.007500 0.018333
2 0.613333 0.570000 0.019167 0.046667
2 0.567500 0.470000 0.034167 0.038333
3 0.117500 0.490000 0.014167 0.025000
3 0.626667 0.458333 0.015833 0.051667
3 0.575000 0.490000 0.010000 0.020000
3 0.785000 0.581667 0.008333 0.016667
2 0.303333 0.505000 0.022500 0.023333
3 0.648333 0.440000 0.007500 0.016667
2 0.421667 0.656667 0.048333 0.025000
3 0.540000 0.691667 0.013333 0.031667
3 0.522500 0.363333 0.008333 0.021667
3 0.321667 0.176667 0.011667 0.020000
2 0.544167 0.176667 0.019167 0.046667
3 0.755000 0.601667 0.008333 0.016667
2 0.273333 0.420000 0.013333 0.070000
2 0.306667 0.365000 0.020833 0.028333
2 0.232500 0.378333 0.014167 0.015000
3 0.786667 0.396667 0.014167 0.025000
2 0.673333 0.650000 0.026667 0.035000
2 0.812500 0.711667 0.020000 0.021667
3 0.296667 0.861667 0.008333 0.016667
3 0.618333 0.371667 0.009167 0.016667
3 0.548333 0.646667 0.011667 0.020000
3 0.574167 0.616667 0.007500 0.015000
3 0.791667 0.428333 0.008333 0.021667
3 0.685833 0.645000 0.011667 0.020000
3 0.240000 0.386667 0.013333 0.015000
2 0.380833 0.741667 0.026667 0.035000
2 0.641667 0.468333 0.021667 0.090000
3 0.733333 0.616667 0.007500 0.015000
2 0.574167 0.635000 0.019167 0.046667
2 0.661667 0.698333 0.017500 0.116667
2 0.270833 0.245000 0.015833 0.068333
2 0.315000 0.353333 0.015833 0.068333
3 0.710000 0.366667 0.009167 0.023333
2 0.313333 0.278333 0.017500 0.116667
3 0.476667 0.803333 0.007500 0.015000
2 0.603333 0.400000 0.014167 0.015000
2 0.619167 0.636667 0.014167 0.015000
3 0.448333 0.715000 0.013333 0.031667
2 0.690833 0.365000 0.023333 0.106667
2 0.419167 0.350000 0.010000 0.031667
3 0.483333 0.648333 0.006667 0.018333
3 0.454167 0.270000 0.007500 0.018333
2 0.732500 0.446667 0.020833 0.080000
3 0.747500 0.606667 0.007500 0.018333
3 0.472500 0.645000 0.008333 0.016667
2 0.719167 0.685000 0.045833 0.021667
2 0.620833 0.343333 0.097500 0.053333
3 0.248333 0.648333 0.013333 0.015000
3 0.500833 0.775000 0.006667 0.018333
2 0.698333 0.685000 0.034167 0.038333
2 0.508333 0.650000 0.020833 0.028333
2 0.169167 0.398333 0.023333 0.106667
3 0.775000 0.395000 0.008333 0.016667
3 0.455833 0.641667 0.007500 0.018333
2 0.308333 0.361667 0.011667 0.025000
2 0.344167 0.380000 0.009167 0.031667
2 0.415833 0.691667 0.023333 0.106667
3 0.266667 0.723333 0.009167 0.016667
2 0.346667 0.746667 0.009167 0.040000
2 0.658333 0.371667 0.023333 0.106667
2 0.584167 0.765000 0.023333 0.041667
2 0.783333 0.408333 0.013333 0.070000
3 0.312500 0.413333 0.011667 0.030000
2 0.239167 0.670000 0.030833 0.051667
2 0.210833 0.680000 0.022500 0.023333
2 0.705000 0.658333 0.010000 0.031667
2 0.467500 0.370000 0.014167 0.015000
2 0.604167 0.730000 0.010000 0.031667
2 0.215000 0.653333 0.034167 0.038333
3 0.728333 0.300000 0.013333 0.015000
3 0.499167 0.396667 0.013333 0.031667
2 0.299167 0.373333 0.048333 0.025000
2 0.637500 0.405000 0.011667 0.025000
3 0.770833 0.325000 0.009167 0.023333
3 0.730833 0.718333 0.009167 0.016667
2 0.549167 0.645000 0.020000 0.021667
3 0.693333 0.350000 0.010833 0.023333
3 0.813333 0.711667 0.007500 0.015000
3 0.654167 0.366667 0.010833 0.023333
2 0.679167 0.756667 0.097500 0.053333
2 0.467500 0.270000 0.048333 0.043333
2 0.548333 0.735000 0.013333 0.070000
3 0.443333 0.348333 0.009167 0.023333
2 0.570833 0.675000 0.030833 0.051667
2 0.453333 0.683333 0.020833 0.028333
3 0.753333 0.601667 0.010833 0.023333
2 0.225000 0.660000 0.014167 0.015000
2 0.640000 0.660000 0.010833 0.091667
2 0.770833 0.320000 0.010000 0.031667
2 0.490000 0.396667 0.020833 0.080000
3 0.583333 0.643333 0.007500 0.015000
2 0.421667 0.383333 0.010833 0.091667
3 0.525000 0.431667 0.007500 0.015000
2 0.229167 0.623333 0.058333 0.076667
3 0.314167 0.208333 0.008333 0.016667
3 0.591667 0.743333 0.010000 0.020000
2 0.689167 0.626667 0.014167 0.015000
2 0.762500 0.591667 0.020000 0.021667
2 0.669167 0.610000 0.020833 0.080000
2 0.472500 0.738333 0.030833 0.051667
2 0.792500 0.611667 0.035000 0.105000
2 0.504167 0.268333 0.009167 0.031667
3 0.295000 0.691667 0.013333 0.015000
2 0.210833 0.641667 0.023333 0.106667
3 0.422500 0.820000 0.011667 0.030000
2 0.703333 0.641667 0.009167 0.031667
2 0.675000 0.351667 0.048333 0.025000
3 0.762500 0.403333 0.009167 0.016667
2 0.652500 0.403333 0.026667 0.035000
3 0.723333 0.348333 0.007500 0.015000
2 0.293333 0.620000 0.058333 0.076667
3 0.530000 0.363333 0.009167 0.016667
3 0.746667 0.611667 0.008333 0.021667
3 0.302500 0.660000 0.013333 0.015000
2 0.585000 0.653333 0.021667 0.090000
3 0.670833 0.426667 0.011667 0.030000
3 0.722500 0.391667 0.011667 0.020000
2 0.734167 0.341667 0.023333 0.041667
3 0.715000 0.306667 0.008333 0.016667
2 0.523333 0.333333 0.045833 0.021667
2 0.711667 0.616667 0.027500 0.016667
2 0.680000 0.651667 0.022500 0.023333
2 0.445833 0.363333 0.011667 0.025000
3 0.725833 0.428333 0.009167 0.016667
3 0.524167 0.348333 0.007500 0.015000
2 0.648333 0.438333 0.034167 0.038333
2 0.817500 0.371667 0.015833 0.068333
3 0.655833 0.365000 0.008333 0.016667
3 0.754167 0.660000 0.010000 0.020000
3 0.255833 0.391667 0.010000 0.016667
3 0.683333 0.391667 0.010833 0.013333
3 0.650833 0.418333 0.010833 0.023333
3 0.352500 0.613333 0.007500 0.018333
3 0.350833 0.311667 0.010833 0.023333
3 0.274167 0.398333 0.011667 0.030000
2 0.661667 0.396667 0.035000 0.105000
3 0.726667 0.678333 0.010833 0.013333
3 0.769167 0.363333 0.011667 0.020000
3 0.403333 0.696667 0.008333 0.016667
3 0.575833 0.615000 0.007500 0.016667
3 0.528333 0.415000 0.007500 0.015000
3 0.721667 0.801667 0.015833 0.051667
3 0.239167 0.350000 0.009167 0.018333
3 0.323333 0.176667 0.008333 0.016667
3 0.334167 0.758333 0.007500 0.018333
2 0.410833 0.806667 0.034167 0.038333
3 0.233333 0.386667 0.007500 0.018333
2 0.804167 0.580000 0.035000 0.105000
2 0.757500 0.688333 0.020000 0.021667
2 0.471667 0.793333 0.014167 0.015000
2 0.797500 0.720000 0.020833 0.028333
3 0.704167 0.406667 0.008333 0.016667
3 0.344167 0.750000 0.008333 0.016667
3 0.677500 0.340000 0.008333 0.016667
2 0.477500 0.255000 0.027500 0.016667
2 0.289167 0.713333 0.017500 0.116667
3 0.165833 0.406667 0.017500 0.031667
2 0.225000 0.381667 0.019167 0.046667
3 0.769167 0.616667 0.010833 0.023333
2 0.247500 0.713333 0.023333 0.106667
3 0.656667 0.678333 0.007500 0.018333
2 0.435000 0.706667 0.020833 0.080000
2 0.694167 0.601667 0.011667 0.025000
3 0.697500 0.346667 0.009167 0.015000
3 0.415000 0.845000 0.007500 0.018333
2 0.570833 0.740000 0.020000 0.021667
3 0.451667 0.648333 0.008333 0.016667
3 0.795833 0.373333 0.008333 0.021667
3 0.676667 0.430000 0.017500 0.031667
2 0.756667 0.725000 0.009167 0.031667
3 0.799167 0.643333 0.009167 0.016667
2 0.463333 0.903333 0.013333 0.070000
3 0.613333 0.650000 0.011667 0.030000
2 0.280833 0.471667 0.010833 0.091667
3 0.547500 0.655000 0.007500 0.018333
3 0.388333 0.381667 0.017500 0.031667
3 0.408333 0.756667 0.009167 0.023333
2 0.495833 0.756667 0.015833 0.068333
3 0.643333 0.611667 0.014167 0.025000
2 0.426667 0.726667 0.019167 0.046667
3 0.640833 0.673333 0.008333 0.016667
3 0.170000 0.630000 0.014167 0.025000
2 0.295000 0.336667 0.017500 0.116667
3 0.459167 0.721667 0.017500 0.031667
2 0.635833 0.346667 0.029167 0.038333
2 0.594167 0.698333 0.020833 0.028333
3 0.533333 0.356667 0.007500 0.016667
2 0.779167 0.641667 0.034167 0.038333
2 0.318333 0.331667 0.029167 0.038333
2 0.705833 0.598333 0.029167 0.038333
2 0.515000 0.365000 0.027500 0.016667
2 0.240000 0.755000 0.034167 0.038333
2 0.655833 0.688333 0.009167 0.031667
3 0.689167 0.633333 0.007500 0.018333
3 0.349167 0.401667 0.007500 0.015000
3 0.421667 0.703333 0.014167 0.025000
2 0.217500 0.373333 0.097500 0.053333
2 0.218333 0.743333 0.023333 0.106667
2 0.472500 0.711667 0.023333 0.106667
3 0.629167 0.340000 0.009167 0.023333
3 0.772500 0.595000 0.007500 0.018333
3 0.583333 0.753333 0.008333 0.016667
3 0.670833 0.650000 0.007500 0.016667
