4 0.865000 0.513333 0.082500 0.051667
4 0.821667 0.676667 0.090000 0.170000
4 0.786667 0.506667 0.100833 0.050000
4 0.843333 0.363333 0.080833 0.101667
4 0.885833 0.436667 0.074167 0.035000
4 0.781667 0.251667 0.184167 0.293333
4 0.860833 0.661667 0.060833 0.061667
4 0.862500 0.605000 0.064167 0.028333
4 0.832500 0.551667 0.165000 0.110000
4 0.835000 0.501667 0.098333 0.028333
4 0.045833 0.526667 0.091667 0.043333
4 0.346667 0.581667 0.182500 0.051667
4 0.065000 0.535000 0.059167 0.050000
4 0.232500 0.681667 0.116667 0.333333
4 0.062500 0.493333 0.125833 0.116667
4 0.163333 0.490000 0.085000 0.026667
4 0.741667 0.611667 0.078333 0.160000
4 0.300833 0.486667 0.069167 0.071667
4 0.619167 0.405000 0.147500 0.225000
4 0.395000 0.551667 0.085000 0.091667
2 0.117500 0.440000 0.058333 0.076667
2 0.212500 0.543333 0.023333 0.106667
3 0.249167 0.530000 0.013333 0.031667
2 0.271667 0.486667 0.097500 0.053333
3 0.536667 0.468333 0.007500 0.015000
3 0.605000 0.613333 0.011667 0.020000
3 0.593333 0.575000 0.013333 0.031667
3 0.512500 0.516667 0.010000 0.020000
2 0.166667 0.506667 0.020833 0.080000
2 0.646667 0.471667 0.048333 0.025000
2 0.806667 0.606667 0.048333 0.043333
2 0.453333 0.513333 0.048333 0.025000
2 0.439167 0.541667 0.011667 0.025000
3 0.779167 0.520000 0.008333 0.016667
3 0.823333 0.508333 0.013333 0.031667
3 0.475000 0.468333 0.009167 0.023333
2 0.168333 0.546667 0.009167 0.031667
3 0.810000 0.521667 0.007500 0.016667
2 0.320000 0.518333 0.010833 0.091667
2 0.491667 0.483333 0.034167 0.038333
2 0.665000 0.518333 0.058333 0.076667
3 0.342500 0.500000 0.008333 0.016667
3 0.055833 0.548333 0.008333 0.016667
2 0.365833 0.460000 0.027500 0.016667
2 0.281667 0.563333 0.015833 0.068333
3 0.226667 0.573333 0.013333 0.015000
3 0.585000 0.513333 0.008333 0.016667
2 0.230833 0.590000 0.020000 0.021667
3 0.560833 0.520000 0.007500 0.018333
3 0.061667 0.538333 0.015833 0.051667
2 0.585833 0.560000 0.097500 0.053333
2 0.285000 0.490000 0.026667 0.035000
3 0.558333 0.551667 0.011667 0.020000
3 0.264167 0.465000 0.008333 0.021667
2 0.555000 0.530000 0.020833 0.080000
2 0.669167 0.556667 0.020833 0.028333
2 0.092500 0.598333 0.022500 0.023333
2 0.655833 0.455000 0.027500 0.016667
3 0.125000 0.585000 0.009167 0.016667
3 0.730000 0.505000 0.010833 0.023333
3 0.515000 0.511667 0.015833 0.051667
3 0.525833 0.575000 0.008333 0.016667
3 0.624167 0.480000 0.009167 0.016667
2 0.433333 0.620000 0.034167 0.100000
2 0.790833 0.568333 0.017500 0.116667
3 0.360833 0.581667 0.010000 0.020000
2 0.609167 0.578333 0.030833 0.051667
3 0.581667 0.478333 0.011667 0.020000
3 0.320000 0.501667 0.009167 0.015000
2 0.761667 0.561667 0.013333 0.070000
2 0.355000 0.521667 0.010833 0.091667
2 0.821667 0.525000 0.009167 0.031667
2 0.317500 0.490000 0.035000 0.105000
3 0.771667 0.538333 0.009167 0.016667
2 0.300000 0.518333 0.045833 0.021667
3 0.625833 0.445000 0.008333 0.016667
3 0.404167 0.523333 0.009167 0.016667
2 0.466667 0.546667 0.020000 0.021667
3 0.201667 0.591667 0.008333 0.016667
3 0.659167 0.551667 0.008333 0.016667
3 0.155000 0.601667 0.007500 0.016667
3 0.042500 0.588333 0.009167 0.016667
2 0.468333 0.528333 0.019167 0.046667
2 0.102500 0.476667 0.097500 0.053333
3 0.393333 0.581667 0.009167 0.016667
2 0.584167 0.576667 0.048333 0.043333
2 0.565000 0.511667 0.029167 0.038333
2 0.454167 0.440000 0.097500 0.053333
3 0.644167 0.463333 0.007500 0.015000
2 0.814167 0.553333 0.035000 0.105000
3 0.062500 0.476667 0.010000 0.020000
2 0.375833 0.555000 0.015833 0.068333
2 0.112500 0.436667 0.034167 0.038333
3 0.541667 0.533333 0.009167 0.016667
3 0.733333 0.460000 0.007500 0.015000
2 0.560833 0.508333 0.011667 0.025000
2 0.518333 0.570000 0.097500 0.053333
2 0.696667 0.535000 0.020000 0.021667
2 0.360000 0.531667 0.034167 0.038333
2 0.575833 0.588333 0.058333 0.076667
3 0.670833 0.558333 0.008333 0.021667
2 0.378333 0.451667 0.020833 0.028333
2 0.555000 0.565000 0.011667 0.025000
3 0.052500 0.585000 0.010000 0.016667
2 0.392500 0.543333 0.020833 0.028333
3 0.092500 0.516667 0.009167 0.018333
3 0.515000 0.463333 0.014167 0.025000
2 0.453333 0.455000 0.011667 0.025000
2 0.386667 0.466667 0.048333 0.025000
2 0.732500 0.480000 0.014167 0.015000
2 0.322500 0.491667 0.014167 0.015000
2 0.227500 0.561667 0.026667 0.035000
2 0.641667 0.555000 0.017500 0.116667
2 0.410833 0.451667 0.023333 0.106667
2 0.600000 0.573333 0.027500 0.016667
2 0.703333 0.535000 0.048333 0.043333
3 0.650000 0.465000 0.010000 0.020000
3 0.100000 0.453333 0.006667 0.018333
2 0.080833 0.561667 0.009167 0.040000
3 0.110000 0.506667 0.007500 0.015000
3 0.710833 0.471667 0.008333 0.016667
2 0.430833 0.450000 0.048333 0.025000
3 0.313333 0.395000 0.010833 0.023333
2 0.641667 0.358333 0.009167 0.040000
3 0.293333 0.765000 0.008333 0.016667
2 0.405833 0.706667 0.034167 0.038333
2 0.504167 0.670000 0.011667 0.025000
3 0.268333 0.733333 0.007500 0.015000
2 0.688333 0.608333 0.020833 0.080000
2 0.788333 0.376667 0.023333 0.106667
2 0.844167 0.321667 0.010000 0.031667
3 0.685833 0.708333 0.009167 0.015000
3 0.736667 0.695000 0.009167 0.016667
2 0.715833 0.451667 0.010833 0.091667
2 0.445000 0.776667 0.020833 0.028333
3 0.324167 0.728333 0.008333 0.016667
2 0.517500 0.425000 0.048333 0.025000
3 0.715833 0.343333 0.010000 0.020000
2 0.648333 0.321667 0.097500 0.053333
3 0.357500 0.675000 0.015833 0.051667
2 0.455000 0.668333 0.022500 0.023333
3 0.324167 0.740000 0.007500 0.015000
3 0.350833 0.383333 0.013333 0.015000
3 0.685000 0.685000 0.007500 0.015000
3 0.669167 0.363333 0.011667 0.020000
2 0.671667 0.616667 0.009167 0.040000
3 0.704167 0.431667 0.014167 0.025000
2 0.315000 0.640000 0.020833 0.028333
2 0.157500 0.361667 0.035000 0.105000
3 0.228333 0.396667 0.013333 0.015000
2 0.639167 0.450000 0.026667 0.035000
3 0.723333 0.400000 0.009167 0.018333
3 0.802500 0.396667 0.007500 0.018333
2 0.311667 0.645000 0.027500 0.016667
3 0.408333 0.676667 0.008333 0.016667
2 0.314167 0.636667 0.014167 0.015000
3 0.255833 0.230000 0.008333 0.016667
3 0.449167 0.728333 0.009167 0.015000
2 0.816667 0.380000 0.019167 0.046667
2 0.680833 0.596667 0.035000 0.105000
3 0.295000 0.291667 0.006667 0.018333
3 0.688333 0.421667 0.007500 0.015000
2 0.683333 0.633333 0.023333 0.041667
2 0.798333 0.660000 0.023333 0.106667
2 0.305000 0.683333 0.048333 0.043333
3 0.785833 0.340000 0.007500 0.016667
2 0.802500 0.638333 0.022500 0.023333
2 0.790000 0.666667 0.022500 0.023333
2 0.723333 0.343333 0.014167 0.015000
2 0.273333 0.845000 0.022500 0.023333
2 0.661667 0.463333 0.034167 0.100000
3 0.675000 0.320000 0.007500 0.018333
3 0.699167 0.678333 0.008333 0.016667
2 0.768333 0.728333 0.029167 0.038333
3 0.642500 0.635000 0.007500 0.015000
3 0.716667 0.606667 0.008333 0.016667
2 0.285000 0.750000 0.015833 0.068333
2 0.386667 0.378333 0.017500 0.116667
2 0.685000 0.375000 0.010000 0.031667
2 0.314167 0.393333 0.009167 0.031667
3 0.268333 0.200000 0.008333 0.016667
3 0.479167 0.763333 0.015833 0.051667
2 0.307500 0.401667 0.023333 0.106667
2 0.729167 0.445000 0.020833 0.080000
3 0.775000 0.430000 0.009167 0.016667
3 0.635833 0.623333 0.009167 0.023333
2 0.182500 0.663333 0.048333 0.025000
2 0.793333 0.636667 0.014167 0.015000
2 0.431667 0.723333 0.014167 0.015000
3 0.535000 0.350000 0.006667 0.018333
2 0.674167 0.683333 0.045833 0.021667
3 0.323333 0.176667 0.008333 0.016667
2 0.778333 0.631667 0.020833 0.080000
3 0.692500 0.630000 0.008333 0.016667
3 0.460833 0.405000 0.007500 0.018333
3 0.651667 0.635000 0.014167 0.025000
2 0.685833 0.320000 0.015833 0.068333
2 0.320833 0.740000 0.014167 0.015000
3 0.522500 0.358333 0.007500 0.018333
2 0.463333 0.805000 0.048333 0.043333
3 0.536667 0.421667 0.009167 0.018333
3 0.697500 0.378333 0.011667 0.020000
3 0.262500 0.800000 0.007500 0.018333
2 0.577500 0.618333 0.097500 0.053333
2 0.699167 0.628333 0.017500 0.116667
2 0.770000 0.660000 0.023333 0.041667
3 0.338333 0.648333 0.008333 0.021667
3 0.661667 0.388333 0.009167 0.016667
3 0.789167 0.416667 0.007500 0.015000
2 0.557500 0.253333 0.026667 0.035000
3 0.530000 0.390000 0.007500 0.015000
2 0.480000 0.326667 0.030833 0.051667
2 0.688333 0.318333 0.030833 0.051667
2 0.275000 0.636667 0.019167 0.046667
3 0.409167 0.388333 0.007500 0.018333
2 0.702500 0.641667 0.020833 0.028333
2 0.441667 0.633333 0.020833 0.080000
3 0.661667 0.383333 0.010000 0.020000
3 0.271667 0.716667 0.008333 0.016667
3 0.515833 0.720000 0.009167 0.016667
2 0.323333 0.311667 0.048333 0.025000
2 0.623333 0.376667 0.013333 0.070000
3 0.465000 0.375000 0.011667 0.020000
2 0.747500 0.411667 0.010000 0.031667
2 0.288333 0.280000 0.014167 0.015000
2 0.704167 0.698333 0.026667 0.035000
2 0.751667 0.661667 0.020833 0.080000
2 0.310833 0.740000 0.023333 0.041667
2 0.539167 0.293333 0.020000 0.021667
2 0.645833 0.621667 0.027500 0.016667
2 0.716667 0.583333 0.020833 0.080000
2 0.431667 0.763333 0.045833 0.021667
3 0.450000 0.770000 0.010000 0.020000
2 0.435833 0.695000 0.058333 0.076667
2 0.456667 0.161667 0.048333 0.043333
2 0.728333 0.706667 0.048333 0.025000
3 0.324167 0.688333 0.010000 0.020000
3 0.748333 0.310000 0.006667 0.018333
3 0.537500 0.306667 0.006667 0.018333
3 0.551667 0.415000 0.007500 0.015000
2 0.427500 0.701667 0.026667 0.035000
2 0.306667 0.383333 0.020000 0.021667
3 0.807500 0.628333 0.013333 0.015000
2 0.710833 0.325000 0.020833 0.080000
3 0.670000 0.638333 0.009167 0.015000
3 0.274167 0.290000 0.015833 0.051667
2 0.333333 0.781667 0.026667 0.035000
3 0.381667 0.691667 0.010000 0.020000
3 0.735833 0.811667 0.008333 0.016667
2 0.770000 0.355000 0.020833 0.028333
2 0.545000 0.413333 0.034167 0.038333
3 0.439167 0.756667 0.008333 0.016667
3 0.710833 0.690000 0.013333 0.031667
2 0.325833 0.255000 0.019167 0.046667
2 0.383333 0.678333 0.015833 0.068333
3 0.763333 0.401667 0.007500 0.015000
3 0.692500 0.680000 0.013333 0.031667
3 0.191667 0.646667 0.007500 0.015000
2 0.798333 0.305000 0.020833 0.080000
3 0.269167 0.701667 0.007500 0.016667
2 0.795833 0.603333 0.035000 0.105000
2 0.454167 0.785000 0.010000 0.031667
3 0.654167 0.621667 0.009167 0.016667
3 0.412500 0.785000 0.011667 0.030000
2 0.400833 0.675000 0.020833 0.080000
2 0.246667 0.633333 0.015833 0.068333
2 0.671667 0.615000 0.009167 0.031667
3 0.766667 0.638333 0.007500 0.015000
3 0.284167 0.781667 0.010833 0.023333
2 0.641667 0.681667 0.058333 0.076667
3 0.435000 0.665000 0.015833 0.051667
2 0.721667 0.428333 0.011667 0.025000
3 0.308333 0.663333 0.007500 0.018333
3 0.684167 0.631667 0.009167 0.016667
3 0.385833 0.400000 0.009167 0.018333
2 0.773333 0.408333 0.034167 0.038333
3 0.315000 0.458333 0.008333 0.016667
3 0.720833 0.650000 0.008333 0.016667
3 0.406667 0.703333 0.009167 0.015000
2 0.705000 0.301667 0.027500 0.016667
3 0.436667 0.740000 0.008333 0.016667
2 0.637500 0.425000 0.020000 0.021667
3 0.465000 0.811667 0.010000 0.020000
2 0.646667 0.411667 0.045833 0.021667
3 0.757500 0.333333 0.015833 0.051667
2 0.444167 0.718333 0.027500 0.016667
2 0.514167 0.233333 0.023333 0.106667
2 0.524167 0.766667 0.009167 0.031667
2 0.485833 0.328333 0.020833 0.028333
3 0.425000 0.718333 0.010833 0.013333
3 0.759167 0.613333 0.008333 0.016667
3 0.626667 0.411667 0.013333 0.015000
2 0.450833 0.798333 0.020000 0.021667
3 0.362500 0.396667 0.007500 0.016667
3 0.245000 0.376667 0.009167 0.016667
3 0.485000 0.445000 0.009167 0.016667
2 0.325000 0.293333 0.035000 0.105000
3 0.254167 0.641667 0.007500 0.015000
2 0.725833 0.401667 0.010000 0.031667
3 0.535000 0.370000 0.008333 0.016667
3 0.706667 0.355000 0.008333 0.016667
2 0.641667 0.378333 0.020833 0.080000
2 0.780000 0.338333 0.020000 0.021667
2 0.410000 0.705000 0.058333 0.076667
2 0.646667 0.585000 0.029167 0.038333
3 0.280833 0.733333 0.006667 0.018333
2 0.715000 0.381667 0.013333 0.070000
3 0.293333 0.830000 0.006667 0.018333
2 0.500833 0.316667 0.015833 0.068333
2 0.473333 0.646667 0.022500 0.023333
2 0.305833 0.333333 0.034167 0.038333
3 0.810833 0.718333 0.013333 0.015000
2 0.650833 0.625000 0.045833 0.021667
2 0.754167 0.340000 0.048333 0.043333
2 0.591667 0.608333 0.020833 0.080000
3 0.550833 0.418333 0.009167 0.016667
3 0.529167 0.290000 0.009167 0.015000
2 0.712500 0.658333 0.020000 0.021667
3 0.302500 0.730000 0.017500 0.031667
2 0.431667 0.630000 0.015833 0.068333
