4 0.811667 0.663333 0.165000 0.060000
4 0.845000 0.555000 0.052500 0.070000
4 0.855833 0.656667 0.119167 0.056667
4 0.865833 0.668333 0.044167 0.065000
4 0.842500 0.671667 0.141667 0.058333
4 0.846667 0.475000 0.059167 0.035000
4 0.865000 0.443333 0.060000 0.098333
4 0.851667 0.515000 0.120833 0.125000
4 0.812500 0.300000 0.100000 0.185000
4 0.850833 0.428333 0.065000 0.135000
4 0.603333 0.655000 0.141667 0.283333
4 0.750000 0.598333 0.071667 0.165000
4 0.521667 0.625000 0.071667 0.176667
4 0.590000 0.486667 0.049167 0.053333
4 0.074167 0.381667 0.149167 0.306667
4 0.663333 0.503333 0.080000 0.068333
4 0.740000 0.511667 0.058333 0.058333
4 0.433333 0.555000 0.054167 0.061667
4 0.345833 0.520000 0.072500 0.073333
4 0.507500 0.438333 0.093333 0.190000
2 0.059167 0.506667 0.048333 0.043333
3 0.799167 0.490000 0.008333 0.021667
2 0.279167 0.506667 0.030833 0.051667
3 0.163333 0.488333 0.015833 0.051667
2 0.265833 0.573333 0.021667 0.090000
3 0.431667 0.611667 0.017500 0.031667
3 0.219167 0.516667 0.007500 0.018333
3 0.365000 0.540000 0.007500 0.015000
2 0.707500 0.576667 0.010833 0.091667
2 0.447500 0.565000 0.021667 0.090000
2 0.685000 0.560000 0.030833 0.051667
3 0.034167 0.546667 0.007500 0.018333
2 0.653333 0.543333 0.048333 0.025000
3 0.318333 0.463333 0.015833 0.051667
2 0.735000 0.505000 0.020833 0.080000
2 0.211667 0.580000 0.027500 0.016667
2 0.644167 0.520000 0.034167 0.038333
2 0.408333 0.438333 0.097500 0.053333
3 0.462500 0.551667 0.008333 0.021667
2 0.187500 0.486667 0.011667 0.066667
3 0.052500 0.500000 0.009167 0.016667
2 0.046667 0.561667 0.022500 0.023333
2 0.603333 0.495000 0.035000 0.105000
2 0.335000 0.608333 0.023333 0.041667
3 0.785000 0.505000 0.017500 0.031667
2 0.073333 0.581667 0.020000 0.021667
2 0.366667 0.490000 0.020833 0.080000
2 0.142500 0.573333 0.011667 0.066667
3 0.338333 0.480000 0.009167 0.018333
3 0.610000 0.458333 0.009167 0.016667
2 0.015000 0.450000 0.030833 0.021667
2 0.631667 0.566667 0.029167 0.038333
2 0.250000 0.485000 0.020833 0.080000
3 0.034167 0.495000 0.008333 0.016667
2 0.240000 0.475000 0.019167 0.046667
3 0.328333 0.455000 0.010833 0.023333
3 0.010833 0.520000 0.017500 0.031667
3 0.379167 0.500000 0.013333 0.015000
3 0.670000 0.556667 0.010833 0.023333
2 0.748333 0.576667 0.020000 0.021667
3 0.430000 0.500000 0.007500 0.016667
3 0.090833 0.470000 0.008333 0.016667
3 0.613333 0.630000 0.007500 0.015000
3 0.631667 0.553333 0.009167 0.018333
3 0.558333 0.478333 0.013333 0.031667
2 0.795000 0.426667 0.019167 0.046667
2 0.281667 0.521667 0.020833 0.080000
2 0.333333 0.455000 0.023333 0.106667
2 0.727500 0.538333 0.048333 0.025000
3 0.594167 0.488333 0.008333 0.016667
3 0.336667 0.555000 0.008333 0.021667
2 0.195000 0.466667 0.048333 0.025000
3 0.353333 0.505000 0.009167 0.016667
3 0.160833 0.530000 0.009167 0.015000
3 0.055000 0.568333 0.013333 0.015000
2 0.640833 0.553333 0.023333 0.106667
3 0.204167 0.453333 0.013333 0.031667
2 0.089167 0.546667 0.022500 0.023333
3 0.660000 0.501667 0.009167 0.018333
2 0.195833 0.631667 0.013333 0.070000
3 0.827500 0.506667 0.007500 0.015000
2 0.757500 0.476667 0.034167 0.038333
3 0.261667 0.578333 0.010000 0.016667
2 0.515833 0.465000 0.035000 0.105000
3 0.683333 0.555000 0.006667 0.018333
3 0.078333 0.518333 0.010000 0.016667
3 0.200000 0.440000 0.007500 0.015000
2 0.102500 0.506667 0.029167 0.038333
3 0.244167 0.455000 0.007500 0.015000
3 0.030000 0.478333 0.009167 0.016667
2 0.571667 0.566667 0.027500 0.016667
2 0.353333 0.460000 0.011667 0.066667
3 0.096667 0.471667 0.008333 0.016667
3 0.267500 0.565000 0.008333 0.016667
3 0.819167 0.668333 0.009167 0.018333
3 0.653333 0.540000 0.010000 0.020000
3 0.059167 0.535000 0.008333 0.016667
2 0.593333 0.548333 0.015833 0.068333
3 0.505000 0.495000 0.014167 0.025000
3 0.467500 0.525000 0.010000 0.020000
3 0.240000 0.511667 0.009167 0.016667
2 0.684167 0.525000 0.010833 0.091667
2 0.285000 0.526667 0.035000 0.105000
2 0.067500 0.481667 0.027500 0.016667
2 0.724167 0.491667 0.035000 0.105000
2 0.309167 0.516667 0.010833 0.091667
3 0.621667 0.616667 0.009167 0.016667
2 0.597500 0.613333 0.019167 0.046667
2 0.165000 0.498333 0.030833 0.051667
2 0.826667 0.471667 0.010000 0.031667
3 0.258333 0.598333 0.007500 0.015000
2 0.151667 0.598333 0.027500 0.016667
3 0.486667 0.571667 0.008333 0.021667
3 0.100000 0.511667 0.007500 0.015000
2 0.350000 0.590000 0.030833 0.051667
3 0.473333 0.483333 0.008333 0.021667
3 0.701667 0.566667 0.010000 0.020000
2 0.364167 0.510000 0.019167 0.046667
3 0.637500 0.456667 0.007500 0.015000
2 0.567500 0.453333 0.045833 0.021667
3 0.471667 0.445000 0.007500 0.015000
3 0.324167 0.551667 0.008333 0.016667
2 0.385833 0.713333 0.023333 0.106667
3 0.440000 0.888333 0.014167 0.025000
2 0.268333 0.736667 0.034167 0.038333
3 0.551667 0.235000 0.007500 0.015000
3 0.490000 0.295000 0.009167 0.018333
3 0.799167 0.398333 0.010833 0.013333
2 0.592500 0.768333 0.013333 0.070000
3 0.492500 0.736667 0.008333 0.016667
3 0.698333 0.663333 0.008333 0.016667
2 0.587500 0.343333 0.048333 0.025000
3 0.233333 0.800000 0.008333 0.016667
2 0.326667 0.305000 0.026667 0.035000
3 0.371667 0.685000 0.015833 0.051667
3 0.193333 0.391667 0.010000 0.020000
2 0.323333 0.670000 0.020833 0.028333
2 0.601667 0.400000 0.048333 0.025000
2 0.750000 0.331667 0.048333 0.025000
2 0.300000 0.360000 0.017500 0.116667
2 0.441667 0.695000 0.020833 0.080000
2 0.776667 0.350000 0.026667 0.035000
2 0.652500 0.355000 0.034167 0.038333
2 0.450000 0.641667 0.011667 0.025000
2 0.413333 0.383333 0.020833 0.080000
3 0.674167 0.258333 0.010833 0.023333
2 0.745833 0.691667 0.009167 0.040000
3 0.225000 0.735000 0.009167 0.018333
3 0.288333 0.153333 0.010000 0.020000
3 0.637500 0.418333 0.010000 0.016667
3 0.703333 0.285000 0.011667 0.020000
2 0.423333 0.671667 0.034167 0.038333
3 0.810833 0.421667 0.013333 0.031667
2 0.472500 0.300000 0.045833 0.021667
3 0.290833 0.783333 0.008333 0.016667
2 0.469167 0.720000 0.009167 0.031667
2 0.720000 0.743333 0.030833 0.051667
3 0.739167 0.663333 0.008333 0.021667
3 0.642500 0.658333 0.015833 0.051667
2 0.544167 0.678333 0.020833 0.080000
2 0.755000 0.385000 0.017500 0.116667
3 0.306667 0.671667 0.009167 0.015000
2 0.377500 0.355000 0.058333 0.076667
2 0.427500 0.750000 0.026667 0.035000
2 0.783333 0.688333 0.022500 0.023333
3 0.470000 0.830000 0.017500 0.031667
3 0.340000 0.391667 0.008333 0.021667
3 0.722500 0.453333 0.017500 0.031667
2 0.218333 0.338333 0.048333 0.025000
2 0.231667 0.875000 0.030833 0.051667
3 0.298333 0.398333 0.009167 0.016667
3 0.442500 0.416667 0.008333 0.016667
2 0.643333 0.353333 0.030833 0.051667
2 0.771667 0.671667 0.023333 0.106667
2 0.340000 0.721667 0.020000 0.021667
2 0.266667 0.733333 0.009167 0.031667
3 0.319167 0.371667 0.008333 0.016667
2 0.175000 0.370000 0.011667 0.066667
2 0.765833 0.728333 0.034167 0.038333
3 0.286667 0.265000 0.009167 0.023333
2 0.550833 0.426667 0.009167 0.031667
2 0.328333 0.870000 0.023333 0.041667
2 0.460833 0.288333 0.045833 0.021667
2 0.306667 0.391667 0.020833 0.028333
2 0.639167 0.295000 0.020833 0.080000
2 0.461667 0.276667 0.014167 0.015000
2 0.670000 0.460000 0.022500 0.023333
2 0.475000 0.700000 0.017500 0.116667
3 0.705833 0.641667 0.015833 0.051667
2 0.747500 0.366667 0.027500 0.016667
2 0.293333 0.310000 0.020833 0.080000
2 0.691667 0.266667 0.020000 0.021667
3 0.714167 0.303333 0.009167 0.015000
3 0.679167 0.670000 0.008333 0.016667
3 0.325000 0.658333 0.009167 0.016667
3 0.679167 0.375000 0.010000 0.016667
3 0.311667 0.258333 0.013333 0.015000
2 0.236667 0.371667 0.026667 0.035000
2 0.452500 0.790000 0.011667 0.066667
2 0.280000 0.846667 0.009167 0.031667
2 0.299167 0.338333 0.010000 0.031667
3 0.307500 0.408333 0.008333 0.021667
2 0.438333 0.755000 0.015833 0.068333
2 0.605833 0.345000 0.048333 0.043333
2 0.675833 0.700000 0.020833 0.028333
2 0.785000 0.433333 0.026667 0.035000
2 0.533333 0.265000 0.009167 0.040000
3 0.765000 0.713333 0.008333 0.016667
3 0.741667 0.335000 0.008333 0.016667
2 0.475833 0.323333 0.058333 0.076667
2 0.691667 0.266667 0.022500 0.023333
3 0.360833 0.721667 0.009167 0.023333
2 0.583333 0.640000 0.048333 0.043333
3 0.282500 0.765000 0.007500 0.018333
3 0.782500 0.361667 0.008333 0.016667
3 0.280000 0.438333 0.010833 0.023333
2 0.695833 0.293333 0.026667 0.035000
2 0.475000 0.408333 0.020833 0.080000
2 0.248333 0.380000 0.017500 0.116667
2 0.663333 0.658333 0.023333 0.106667
3 0.231667 0.591667 0.008333 0.016667
2 0.280833 0.720000 0.026667 0.035000
2 0.627500 0.410000 0.029167 0.038333
3 0.575000 0.743333 0.011667 0.020000
3 0.723333 0.420000 0.008333 0.016667
2 0.265833 0.700000 0.014167 0.015000
3 0.516667 0.406667 0.009167 0.016667
3 0.313333 0.400000 0.007500 0.016667
3 0.225833 0.346667 0.007500 0.016667
2 0.649167 0.595000 0.020833 0.080000
3 0.706667 0.691667 0.007500 0.016667
2 0.677500 0.346667 0.035000 0.105000
3 0.680000 0.375000 0.007500 0.015000
2 0.435833 0.136667 0.027500 0.016667
3 0.790833 0.680000 0.007500 0.018333
2 0.687500 0.408333 0.017500 0.116667
3 0.790000 0.351667 0.009167 0.018333
2 0.801667 0.353333 0.035000 0.105000
2 0.635833 0.630000 0.009167 0.031667
3 0.770833 0.361667 0.015833 0.051667
2 0.720833 0.461667 0.013333 0.070000
3 0.356667 0.741667 0.009167 0.016667
3 0.437500 0.745000 0.007500 0.015000
2 0.432500 0.401667 0.030833 0.051667
2 0.707500 0.611667 0.022500 0.023333
2 0.413333 0.806667 0.029167 0.038333
3 0.690000 0.353333 0.007500 0.015000
3 0.795000 0.643333 0.007500 0.015000
3 0.765833 0.613333 0.008333 0.016667
2 0.652500 0.425000 0.011667 0.066667
3 0.414167 0.846667 0.009167 0.016667
3 0.750000 0.361667 0.014167 0.025000
3 0.439167 0.755000 0.007500 0.015000
2 0.304167 0.701667 0.020000 0.021667
3 0.318333 0.640000 0.008333 0.016667
3 0.547500 0.630000 0.010000 0.020000
2 0.612500 0.375000 0.029167 0.038333
3 0.268333 0.735000 0.008333 0.016667
3 0.683333 0.633333 0.011667 0.020000
2 0.480000 0.620000 0.009167 0.040000
2 0.825833 0.421667 0.014167 0.015000
2 0.733333 0.390000 0.048333 0.025000
2 0.338333 0.283333 0.027500 0.016667
2 0.226667 0.655000 0.011667 0.025000
3 0.550000 0.193333 0.007500 0.016667
2 0.688333 0.280000 0.010000 0.031667
3 0.585833 0.640000 0.007500 0.015000
3 0.736667 0.656667 0.008333 0.016667
3 0.760000 0.321667 0.010833 0.013333
2 0.684167 0.696667 0.034167 0.100000
2 0.682500 0.418333 0.058333 0.076667
3 0.685833 0.346667 0.008333 0.016667
2 0.536667 0.673333 0.045833 0.021667
2 0.394167 0.645000 0.020833 0.028333
2 0.764167 0.576667 0.015833 0.068333
3 0.255833 0.395000 0.009167 0.023333
3 0.400833 0.663333 0.007500 0.018333
2 0.769167 0.411667 0.048333 0.043333
2 0.695000 0.416667 0.026667 0.035000
2 0.273333 0.241667 0.011667 0.066667
3 0.260833 0.728333 0.010000 0.016667
3 0.470833 0.356667 0.007500 0.018333
2 0.765833 0.615000 0.030833 0.051667
3 0.550833 0.708333 0.007500 0.015000
2 0.440833 0.866667 0.048333 0.025000
2 0.735833 0.718333 0.013333 0.070000
2 0.256667 0.390000 0.013333 0.070000
3 0.549167 0.648333 0.009167 0.023333
2 0.757500 0.606667 0.034167 0.038333
2 0.550833 0.598333 0.058333 0.076667
3 0.573333 0.405000 0.011667 0.030000
3 0.663333 0.398333 0.008333 0.016667
2 0.525833 0.275000 0.015833 0.068333
3 0.690833 0.613333 0.010000 0.016667
3 0.615833 0.365000 0.008333 0.016667
2 0.321667 0.228333 0.020833 0.028333
2 0.435833 0.680000 0.026667 0.035000
2 0.745833 0.425000 0.021667 0.090000
2 0.715833 0.680000 0.010833 0.091667
2 0.395000 0.321667 0.014167 0.015000
2 0.738333 0.625000 0.026667 0.035000
3 0.481667 0.376667 0.007500 0.016667
3 0.711667 0.611667 0.008333 0.016667
3 0.427500 0.375000 0.007500 0.018333
3 0.698333 0.658333 0.013333 0.031667
3 0.535000 0.303333 0.008333 0.021667
2 0.617500 0.601667 0.035000 0.105000
2 0.673333 0.451667 0.023333 0.106667
3 0.560000 0.271667 0.007500 0.015000
3 0.750833 0.626667 0.009167 0.018333
2 0.499167 0.296667 0.030833 0.051667
3 0.285833 0.780000 0.007500 0.015000
2 0.541667 0.676667 0.009167 0.040000
3 0.685000 0.686667 0.008333 0.016667
3 0.339167 0.710000 0.009167 0.016667
3 0.560000 0.271667 0.008333 0.016667
2 0.677500 0.693333 0.023333 0.041667
3 0.315000 0.393333 0.007500 0.016667
2 0.729167 0.383333 0.020833 0.080000
3 0.645833 0.371667 0.009167 0.016667
