4 0.806667 0.698333 0.064167 0.176667
4 0.878333 0.616667 0.086667 0.116667
4 0.825000 0.568333 0.138333 0.136667
4 0.878333 0.573333 0.089167 0.171667
4 0.871667 0.393333 0.110833 0.161667
4 0.862500 0.488333 0.050000 0.040000
4 0.854167 0.543333 0.043333 0.063333
4 0.799167 0.620000 0.089167 0.116667
4 0.834167 0.521667 0.075000 0.113333
4 0.751667 0.601667 0.171667 0.055000
4 0.107500 0.553333 0.105000 0.066667
4 0.343333 0.600000 0.074167 0.110000
4 0.478333 0.518333 0.043333 0.035000
4 0.386667 0.493333 0.291667 0.103333
4 0.695000 0.588333 0.240833 0.093333
4 0.362500 0.541667 0.049167 0.020000
4 0.453333 0.508333 0.039167 0.076667
4 0.269167 0.468333 0.122500 0.235000
4 0.143333 0.631667 0.104167 0.290000
4 0.133333 0.568333 0.067500 0.168333
3 0.663333 0.565000 0.009167 0.016667
3 0.135000 0.600000 0.015833 0.051667
3 0.480833 0.558333 0.008333 0.021667
3 0.434167 0.466667 0.011667 0.020000
2 0.316667 0.575000 0.029167 0.038333
2 0.593333 0.555000 0.017500 0.116667
3 0.298333 0.536667 0.009167 0.016667
2 0.677500 0.488333 0.022500 0.023333
2 0.429167 0.500000 0.035000 0.105000
2 0.764167 0.585000 0.020833 0.080000
2 0.523333 0.580000 0.026667 0.035000
2 0.097500 0.463333 0.020000 0.021667
2 0.211667 0.513333 0.029167 0.038333
3 0.637500 0.465000 0.007500 0.015000
2 0.800833 0.515000 0.034167 0.100000
3 0.425000 0.485000 0.008333 0.021667
3 0.335833 0.513333 0.009167 0.016667
2 0.720833 0.460000 0.020000 0.021667
2 0.217500 0.598333 0.014167 0.015000
2 0.571667 0.420000 0.097500 0.053333
2 0.025000 0.461667 0.011667 0.025000
3 0.060833 0.510000 0.009167 0.016667
3 0.405000 0.570000 0.007500 0.015000
2 0.010833 0.551667 0.022500 0.106667
2 0.380833 0.428333 0.035000 0.105000
3 0.311667 0.546667 0.013333 0.015000
2 0.605833 0.581667 0.029167 0.038333
2 0.209167 0.478333 0.009167 0.040000
3 0.628333 0.550000 0.015833 0.051667
3 0.153333 0.503333 0.008333 0.016667
3 0.461667 0.465000 0.015833 0.051667
3 0.511667 0.508333 0.007500 0.018333
3 0.805833 0.506667 0.011667 0.020000
3 0.649167 0.500000 0.008333 0.016667
2 0.506667 0.593333 0.020833 0.080000
3 0.285833 0.485000 0.009167 0.016667
2 0.246667 0.551667 0.030833 0.051667
3 0.695833 0.540000 0.007500 0.015000
2 0.356667 0.516667 0.058333 0.076667
2 0.473333 0.386667 0.020833 0.028333
3 0.690833 0.513333 0.007500 0.018333
2 0.774167 0.571667 0.013333 0.070000
2 0.315833 0.525000 0.020833 0.080000
3 0.295833 0.608333 0.011667 0.030000
2 0.159167 0.520000 0.017500 0.116667
2 0.458333 0.455000 0.034167 0.100000
3 0.771667 0.521667 0.010000 0.020000
3 0.816667 0.471667 0.009167 0.015000
2 0.764167 0.531667 0.023333 0.041667
2 0.324167 0.571667 0.058333 0.076667
2 0.694167 0.528333 0.022500 0.023333
3 0.793333 0.448333 0.013333 0.031667
2 0.140833 0.473333 0.020000 0.021667
2 0.400000 0.500000 0.048333 0.025000
3 0.158333 0.473333 0.008333 0.016667
2 0.350000 0.478333 0.015833 0.068333
2 0.327500 0.471667 0.015833 0.068333
3 0.111667 0.458333 0.008333 0.016667
3 0.555000 0.593333 0.009167 0.015000
2 0.411667 0.510000 0.048333 0.025000
2 0.428333 0.633333 0.021667 0.090000
2 0.060000 0.455000 0.011667 0.025000
3 0.820000 0.531667 0.008333 0.016667
3 0.783333 0.491667 0.008333 0.021667
3 0.654167 0.545000 0.007500 0.015000
2 0.423333 0.513333 0.020833 0.080000
2 0.233333 0.580000 0.023333 0.041667
3 0.493333 0.448333 0.009167 0.023333
2 0.695833 0.533333 0.021667 0.090000
3 0.701667 0.458333 0.013333 0.015000
2 0.427500 0.536667 0.013333 0.070000
3 0.553333 0.533333 0.010000 0.020000
2 0.233333 0.510000 0.010000 0.031667
2 0.451667 0.488333 0.013333 0.070000
3 0.419167 0.518333 0.010833 0.013333
2 0.497500 0.510000 0.034167 0.038333
2 0.477500 0.530000 0.035000 0.105000
2 0.532500 0.540000 0.020833 0.080000
3 0.395000 0.493333 0.008333 0.016667
3 0.677500 0.528333 0.006667 0.018333
3 0.412500 0.543333 0.013333 0.031667
3 0.115000 0.486667 0.007500 0.015000
3 0.461667 0.550000 0.009167 0.018333
2 0.126667 0.510000 0.020833 0.080000
2 0.185833 0.553333 0.020833 0.080000
3 0.627500 0.523333 0.011667 0.030000
2 0.110833 0.475000 0.035000 0.105000
2 0.529167 0.440000 0.035000 0.105000
2 0.163333 0.536667 0.019167 0.046667
3 0.423333 0.578333 0.008333 0.016667
3 0.552500 0.545000 0.015833 0.051667
2 0.813333 0.508333 0.034167 0.038333
3 0.736667 0.488333 0.011667 0.030000
3 0.494167 0.498333 0.014167 0.025000
3 0.450833 0.625000 0.009167 0.016667
2 0.589167 0.433333 0.045833 0.021667
2 0.755000 0.495000 0.035000 0.105000
3 0.369167 0.541667 0.007500 0.018333
3 0.814167 0.650000 0.009167 0.016667
3 0.194167 0.588333 0.007500 0.018333
3 0.308333 0.525000 0.009167 0.016667
2 0.590000 0.591667 0.021667 0.090000
2 0.676667 0.348333 0.030833 0.051667
2 0.809167 0.425000 0.010000 0.031667
2 0.422500 0.761667 0.009167 0.031667
3 0.317500 0.731667 0.010000 0.016667
3 0.280000 0.720000 0.007500 0.015000
2 0.725833 0.648333 0.020000 0.021667
3 0.751667 0.378333 0.014167 0.025000
2 0.235000 0.351667 0.027500 0.016667
3 0.610833 0.653333 0.015833 0.051667
2 0.511667 0.201667 0.020833 0.080000
3 0.667500 0.443333 0.007500 0.016667
3 0.359167 0.315000 0.007500 0.018333
3 0.709167 0.433333 0.009167 0.016667
3 0.532500 0.706667 0.007500 0.015000
2 0.756667 0.666667 0.010833 0.091667
2 0.692500 0.365000 0.058333 0.076667
2 0.711667 0.351667 0.015833 0.068333
2 0.508333 0.865000 0.030833 0.051667
3 0.636667 0.671667 0.009167 0.016667
3 0.766667 0.668333 0.008333 0.016667
2 0.247500 0.273333 0.048333 0.043333
3 0.470000 0.318333 0.008333 0.016667
3 0.678333 0.435000 0.009167 0.016667
2 0.536667 0.645000 0.029167 0.038333
3 0.174167 0.408333 0.011667 0.030000
3 0.431667 0.660000 0.011667 0.030000
2 0.675833 0.635000 0.014167 0.015000
2 0.441667 0.810000 0.010000 0.031667
2 0.341667 0.676667 0.015833 0.068333
3 0.718333 0.371667 0.009167 0.023333
2 0.404167 0.670000 0.020833 0.028333
3 0.318333 0.283333 0.007500 0.018333
2 0.305833 0.808333 0.010000 0.031667
3 0.513333 0.426667 0.008333 0.021667
3 0.460833 0.245000 0.008333 0.016667
2 0.628333 0.383333 0.048333 0.025000
2 0.529167 0.726667 0.020833 0.028333
2 0.673333 0.368333 0.021667 0.090000
3 0.689167 0.335000 0.009167 0.015000
2 0.793333 0.381667 0.026667 0.035000
3 0.665833 0.408333 0.009167 0.018333
2 0.170000 0.421667 0.020833 0.080000
3 0.632500 0.651667 0.008333 0.016667
2 0.450000 0.736667 0.019167 0.046667
3 0.803333 0.420000 0.008333 0.016667
3 0.408333 0.388333 0.010000 0.020000
3 0.483333 0.826667 0.009167 0.018333
3 0.774167 0.393333 0.009167 0.015000
3 0.666667 0.656667 0.013333 0.015000
3 0.487500 0.205000 0.010833 0.023333
2 0.434167 0.360000 0.045833 0.021667
2 0.310833 0.420000 0.023333 0.106667
3 0.666667 0.408333 0.008333 0.016667
3 0.805833 0.728333 0.011667 0.020000
3 0.491667 0.336667 0.009167 0.016667
2 0.380833 0.373333 0.020000 0.021667
3 0.525833 0.395000 0.007500 0.015000
2 0.293333 0.311667 0.030833 0.051667
2 0.762500 0.411667 0.009167 0.031667
2 0.511667 0.271667 0.022500 0.023333
3 0.710833 0.611667 0.010000 0.020000
2 0.506667 0.715000 0.027500 0.016667
2 0.358333 0.711667 0.029167 0.038333
2 0.482500 0.311667 0.009167 0.031667
3 0.785833 0.336667 0.014167 0.025000
2 0.729167 0.686667 0.019167 0.046667
2 0.706667 0.715000 0.020833 0.080000
2 0.477500 0.730000 0.013333 0.070000
2 0.758333 0.368333 0.011667 0.066667
3 0.437500 0.760000 0.011667 0.030000
3 0.294167 0.290000 0.007500 0.015000
3 0.795000 0.401667 0.010833 0.023333
3 0.499167 0.668333 0.007500 0.015000
2 0.650000 0.401667 0.027500 0.016667
2 0.750000 0.345000 0.030833 0.051667
3 0.543333 0.291667 0.010833 0.013333
3 0.825000 0.416667 0.011667 0.020000
2 0.303333 0.781667 0.034167 0.038333
3 0.325833 0.708333 0.008333 0.016667
3 0.279167 0.731667 0.010000 0.020000
3 0.230833 0.591667 0.010000 0.016667
3 0.640000 0.671667 0.009167 0.016667
2 0.458333 0.430000 0.013333 0.070000
3 0.568333 0.298333 0.007500 0.018333
3 0.218333 0.633333 0.007500 0.018333
3 0.696667 0.655000 0.007500 0.016667
3 0.540833 0.253333 0.009167 0.016667
2 0.347500 0.603333 0.029167 0.038333
2 0.258333 0.636667 0.027500 0.016667
2 0.232500 0.333333 0.020000 0.021667
3 0.668333 0.633333 0.011667 0.020000
2 0.518333 0.273333 0.009167 0.031667
3 0.466667 0.331667 0.007500 0.018333
3 0.710000 0.618333 0.007500 0.018333
2 0.485833 0.251667 0.045833 0.021667
3 0.813333 0.398333 0.011667 0.030000
2 0.374167 0.726667 0.030833 0.051667
2 0.454167 0.281667 0.011667 0.025000
3 0.339167 0.388333 0.009167 0.016667
2 0.433333 0.781667 0.026667 0.035000
3 0.293333 0.250000 0.009167 0.023333
3 0.570000 0.276667 0.009167 0.016667
2 0.788333 0.733333 0.010000 0.031667
2 0.563333 0.673333 0.026667 0.035000
3 0.645833 0.400000 0.009167 0.018333
3 0.490833 0.295000 0.007500 0.015000
2 0.247500 0.761667 0.020000 0.021667
3 0.745000 0.385000 0.009167 0.016667
3 0.719167 0.366667 0.007500 0.015000
3 0.446667 0.665000 0.010833 0.023333
2 0.340000 0.676667 0.019167 0.046667
2 0.315000 0.360000 0.023333 0.041667
3 0.702500 0.421667 0.013333 0.015000
2 0.655000 0.626667 0.035000 0.105000
3 0.710000 0.418333 0.009167 0.023333
2 0.399167 0.690000 0.010833 0.091667
3 0.392500 0.676667 0.015833 0.051667
3 0.735000 0.813333 0.009167 0.016667
2 0.727500 0.376667 0.058333 0.076667
3 0.766667 0.598333 0.011667 0.030000
2 0.726667 0.703333 0.009167 0.040000
2 0.540833 0.748333 0.029167 0.038333
2 0.560000 0.275000 0.020833 0.080000
2 0.775000 0.438333 0.009167 0.031667
3 0.658333 0.370000 0.007500 0.015000
2 0.299167 0.211667 0.097500 0.053333
2 0.709167 0.593333 0.058333 0.076667
3 0.590000 0.621667 0.010833 0.013333
2 0.285000 0.265000 0.020833 0.080000
2 0.514167 0.843333 0.020000 0.021667
2 0.695833 0.411667 0.034167 0.038333
2 0.716667 0.383333 0.010000 0.031667
2 0.417500 0.865000 0.013333 0.070000
2 0.686667 0.373333 0.017500 0.116667
2 0.635000 0.416667 0.014167 0.015000
3 0.795833 0.368333 0.008333 0.016667
3 0.405833 0.701667 0.010833 0.013333
3 0.275833 0.763333 0.009167 0.023333
2 0.572500 0.200000 0.013333 0.070000
2 0.505833 0.710000 0.029167 0.038333
2 0.696667 0.391667 0.035000 0.105000
2 0.763333 0.383333 0.048333 0.025000
3 0.697500 0.670000 0.007500 0.015000
2 0.332500 0.235000 0.023333 0.041667
3 0.655000 0.683333 0.011667 0.030000
2 0.471667 0.301667 0.048333 0.043333
2 0.721667 0.645000 0.058333 0.076667
2 0.508333 0.353333 0.014167 0.015000
3 0.423333 0.688333 0.008333 0.021667
3 0.435833 0.680000 0.009167 0.016667
3 0.555833 0.706667 0.008333 0.016667
3 0.779167 0.363333 0.014167 0.025000
3 0.585833 0.641667 0.008333 0.016667
3 0.702500 0.328333 0.010833 0.013333
2 0.758333 0.383333 0.020833 0.080000
3 0.778333 0.405000 0.007500 0.016667
3 0.706667 0.375000 0.013333 0.031667
3 0.568333 0.731667 0.007500 0.015000
2 0.310833 0.701667 0.035000 0.105000
2 0.725000 0.591667 0.011667 0.025000
3 0.673333 0.395000 0.008333 0.016667
2 0.525000 0.233333 0.048333 0.043333
2 0.427500 0.690000 0.026667 0.035000
2 0.678333 0.695000 0.034167 0.100000
3 0.713333 0.676667 0.008333 0.016667
3 0.632500 0.651667 0.007500 0.018333
2 0.574167 0.728333 0.020833 0.080000
2 0.459167 0.721667 0.034167 0.038333
3 0.530000 0.631667 0.007500 0.015000
3 0.250000 0.788333 0.017500 0.031667
3 0.464167 0.808333 0.010833 0.013333
2 0.490833 0.773333 0.011667 0.025000
3 0.700000 0.275000 0.010833 0.023333
2 0.582500 0.428333 0.030833 0.051667
2 0.285000 0.118333 0.011667 0.025000
3 0.703333 0.330000 0.015833 0.051667
2 0.720833 0.603333 0.017500 0.116667
3 0.746667 0.395000 0.009167 0.016667
2 0.742500 0.688333 0.015833 0.068333
2 0.290000 0.341667 0.045833 0.021667
2 0.657500 0.388333 0.034167 0.100000
2 0.352500 0.738333 0.015833 0.068333
2 0.657500 0.626667 0.029167 0.038333
3 0.622500 0.395000 0.008333 0.021667
2 0.261667 0.228333 0.021667 0.090000
3 0.696667 0.711667 0.007500 0.015000
2 0.220000 0.335000 0.058333 0.076667
2 0.485833 0.750000 0.010000 0.031667
2 0.429167 0.700000 0.048333 0.043333
2 0.312500 0.236667 0.027500 0.016667
3 0.237500 0.815000 0.013333 0.015000
2 0.541667 0.716667 0.009167 0.031667
3 0.500833 0.343333 0.007500 0.015000
2 0.695000 0.738333 0.009167 0.031667
3 0.450000 0.373333 0.008333 0.016667
2 0.764167 0.363333 0.010000 0.031667
2 0.324167 0.863333 0.045833 0.021667
2 0.271667 0.411667 0.014167 0.015000
