4 0.857500 0.468333 0.065833 0.025000
4 0.880000 0.573333 0.067500 0.148333
4 0.839167 0.331667 0.058333 0.111667
4 0.814167 0.478333 0.165833 0.066667
4 0.808333 0.560000 0.059167 0.070000
4 0.835833 0.458333 0.036667 0.016667
4 0.833333 0.645000 0.120000 0.080000
4 0.862500 0.596667 0.068333 0.023333
4 0.841667 0.656667 0.130000 0.100000
4 0.887500 0.556667 0.052500 0.098333
4 0.689167 0.605000 0.217500 0.248333
4 0.191667 0.580000 0.162500 0.126667
4 0.690833 0.533333 0.065833 0.026667
4 0.406667 0.553333 0.049167 0.076667
4 0.312500 0.520000 0.049167 0.080000
4 0.793333 0.515000 0.056667 0.118333
4 0.113333 0.586667 0.033333 0.098333
4 0.183333 0.521667 0.064167 0.083333
4 0.190000 0.536667 0.048333 0.035000
4 0.041667 0.511667 0.050833 0.030000
2 0.635833 0.455000 0.045833 0.021667
2 0.766667 0.535000 0.048333 0.043333
3 0.815833 0.525000 0.017500 0.031667
2 0.115833 0.475000 0.034167 0.038333
2 0.055833 0.460000 0.097500 0.053333
2 0.710000 0.498333 0.030833 0.051667
3 0.519167 0.520000 0.008333 0.016667
2 0.730833 0.543333 0.034167 0.100000
3 0.563333 0.546667 0.009167 0.016667
3 0.184167 0.601667 0.009167 0.016667
2 0.243333 0.600000 0.021667 0.090000
2 0.110833 0.565000 0.058333 0.076667
3 0.461667 0.415000 0.017500 0.031667
2 0.136667 0.505000 0.011667 0.025000
2 0.025000 0.563333 0.015833 0.068333
2 0.033333 0.563333 0.020000 0.021667
2 0.015000 0.478333 0.030000 0.051667
3 0.810000 0.576667 0.013333 0.015000
2 0.239167 0.611667 0.010833 0.091667
3 0.165833 0.453333 0.008333 0.021667
2 0.220000 0.581667 0.020000 0.021667
3 0.818333 0.511667 0.014167 0.025000
2 0.442500 0.578333 0.034167 0.038333
3 0.321667 0.503333 0.011667 0.020000
2 0.748333 0.418333 0.035000 0.105000
3 0.694167 0.491667 0.010000 0.020000
3 0.328333 0.520000 0.008333 0.016667
3 0.470000 0.526667 0.010833 0.013333
3 0.431667 0.480000 0.014167 0.025000
3 0.642500 0.526667 0.009167 0.016667
2 0.033333 0.530000 0.029167 0.038333
3 0.228333 0.581667 0.009167 0.015000
2 0.439167 0.533333 0.010833 0.091667
2 0.376667 0.458333 0.045833 0.021667
3 0.138333 0.533333 0.010833 0.013333
2 0.775833 0.440000 0.011667 0.066667
2 0.313333 0.500000 0.045833 0.021667
3 0.407500 0.463333 0.011667 0.030000
2 0.263333 0.453333 0.045833 0.021667
2 0.270000 0.521667 0.023333 0.106667
2 0.148333 0.581667 0.027500 0.016667
2 0.655833 0.558333 0.015833 0.068333
2 0.072500 0.576667 0.034167 0.038333
3 0.486667 0.578333 0.009167 0.018333
3 0.335000 0.533333 0.007500 0.015000
2 0.071667 0.516667 0.020833 0.028333
2 0.272500 0.493333 0.030833 0.051667
3 0.775833 0.500000 0.010833 0.013333
2 0.075833 0.553333 0.020833 0.028333
3 0.024167 0.493333 0.007500 0.015000
2 0.093333 0.533333 0.015833 0.068333
2 0.549167 0.590000 0.020000 0.021667
2 0.467500 0.513333 0.010000 0.031667
2 0.767500 0.516667 0.045833 0.021667
3 0.695000 0.525000 0.009167 0.015000
3 0.335000 0.626667 0.008333 0.016667
3 0.260833 0.481667 0.013333 0.031667
3 0.589167 0.593333 0.015833 0.051667
2 0.108333 0.531667 0.045833 0.021667
3 0.206667 0.551667 0.009167 0.018333
3 0.075833 0.551667 0.008333 0.016667
3 0.666667 0.558333 0.011667 0.020000
3 0.461667 0.555000 0.007500 0.015000
2 0.558333 0.546667 0.027500 0.016667
2 0.015833 0.491667 0.011667 0.066667
2 0.676667 0.563333 0.011667 0.066667
3 0.227500 0.575000 0.006667 0.018333
2 0.300000 0.430000 0.009167 0.040000
3 0.283333 0.536667 0.009167 0.016667
3 0.181667 0.448333 0.013333 0.031667
3 0.327500 0.490000 0.011667 0.020000
2 0.639167 0.515000 0.009167 0.031667
3 0.794167 0.570000 0.010000 0.016667
2 0.488333 0.528333 0.009167 0.040000
2 0.476667 0.476667 0.022500 0.023333
3 0.293333 0.481667 0.008333 0.016667
3 0.629167 0.578333 0.007500 0.018333
3 0.700833 0.503333 0.007500 0.018333
2 0.308333 0.520000 0.020833 0.080000
3 0.754167 0.531667 0.007500 0.018333
2 0.329167 0.465000 0.035000 0.105000
3 0.496667 0.600000 0.007500 0.018333
2 0.740833 0.530000 0.020833 0.028333
2 0.701667 0.450000 0.014167 0.015000
2 0.727500 0.600000 0.020833 0.080000
3 0.805000 0.586667 0.007500 0.016667
3 0.386667 0.583333 0.015833 0.051667
3 0.379167 0.471667 0.013333 0.031667
3 0.504167 0.478333 0.010000 0.020000
2 0.679167 0.448333 0.035000 0.105000
2 0.555833 0.571667 0.021667 0.090000
2 0.073333 0.506667 0.013333 0.070000
2 0.032500 0.485000 0.045833 0.021667
3 0.100833 0.496667 0.007500 0.015000
2 0.483333 0.390000 0.020833 0.080000
2 0.549167 0.551667 0.045833 0.021667
3 0.595000 0.465000 0.007500 0.015000
3 0.475000 0.405000 0.008333 0.016667
3 0.038333 0.543333 0.008333 0.016667
2 0.255833 0.610000 0.010833 0.091667
3 0.661667 0.490000 0.009167 0.015000
3 0.200833 0.460000 0.009167 0.023333
2 0.332500 0.435000 0.010833 0.091667
2 0.514167 0.378333 0.019167 0.046667
2 0.334167 0.713333 0.030833 0.051667
2 0.482500 0.768333 0.020833 0.028333
2 0.579167 0.308333 0.058333 0.076667
3 0.763333 0.623333 0.017500 0.031667
2 0.785000 0.368333 0.010000 0.031667
3 0.288333 0.153333 0.010000 0.016667
2 0.526667 0.401667 0.020000 0.021667
3 0.834167 0.418333 0.007500 0.015000
3 0.266667 0.641667 0.011667 0.020000
2 0.556667 0.403333 0.058333 0.076667
3 0.665833 0.420000 0.008333 0.016667
3 0.454167 0.298333 0.009167 0.016667
3 0.738333 0.658333 0.009167 0.016667
2 0.309167 0.343333 0.048333 0.025000
2 0.162500 0.363333 0.035000 0.105000
2 0.435000 0.640000 0.015833 0.068333
2 0.735833 0.691667 0.020833 0.080000
2 0.679167 0.431667 0.010833 0.091667
2 0.701667 0.686667 0.019167 0.046667
2 0.676667 0.366667 0.026667 0.035000
3 0.746667 0.705000 0.007500 0.015000
3 0.819167 0.390000 0.013333 0.031667
2 0.778333 0.425000 0.010000 0.031667
3 0.465000 0.813333 0.009167 0.016667
3 0.806667 0.905000 0.011667 0.030000
2 0.162500 0.628333 0.029167 0.038333
3 0.364167 0.440000 0.015833 0.051667
2 0.739167 0.713333 0.023333 0.106667
3 0.340000 0.676667 0.017500 0.031667
3 0.745833 0.780000 0.010000 0.016667
3 0.814167 0.628333 0.007500 0.015000
2 0.699167 0.693333 0.010833 0.091667
3 0.324167 0.406667 0.008333 0.016667
2 0.677500 0.341667 0.011667 0.025000
2 0.773333 0.635000 0.015833 0.068333
2 0.752500 0.326667 0.020833 0.080000
3 0.488333 0.776667 0.009167 0.016667
3 0.700000 0.280000 0.007500 0.015000
3 0.661667 0.671667 0.011667 0.030000
2 0.745000 0.591667 0.019167 0.046667
2 0.255000 0.693333 0.035000 0.105000
3 0.563333 0.673333 0.009167 0.016667
3 0.620000 0.680000 0.009167 0.023333
2 0.458333 0.140000 0.013333 0.070000
3 0.719167 0.426667 0.009167 0.018333
2 0.510000 0.626667 0.097500 0.053333
3 0.800833 0.381667 0.006667 0.018333
3 0.451667 0.371667 0.006667 0.018333
3 0.626667 0.415000 0.013333 0.031667
2 0.710000 0.640000 0.029167 0.038333
2 0.699167 0.823333 0.020833 0.080000
2 0.712500 0.410000 0.030833 0.051667
3 0.775000 0.423333 0.010833 0.023333
2 0.685000 0.261667 0.009167 0.040000
3 0.550833 0.195000 0.006667 0.018333
2 0.436667 0.381667 0.009167 0.031667
2 0.519167 0.623333 0.029167 0.038333
3 0.479167 0.723333 0.017500 0.031667
3 0.790833 0.425000 0.009167 0.016667
3 0.685833 0.268333 0.013333 0.015000
3 0.730000 0.380000 0.010833 0.013333
3 0.765000 0.718333 0.009167 0.015000
3 0.301667 0.745000 0.009167 0.015000
2 0.312500 0.700000 0.034167 0.038333
3 0.497500 0.775000 0.013333 0.031667
3 0.440000 0.655000 0.011667 0.020000
2 0.416667 0.836667 0.014167 0.015000
3 0.685833 0.386667 0.013333 0.031667
3 0.727500 0.721667 0.007500 0.016667
3 0.641667 0.375000 0.009167 0.015000
2 0.348333 0.681667 0.010000 0.031667
2 0.201667 0.366667 0.058333 0.076667
2 0.240000 0.790000 0.034167 0.100000
3 0.404167 0.660000 0.007500 0.015000
2 0.775833 0.618333 0.022500 0.023333
2 0.468333 0.353333 0.010833 0.091667
3 0.793333 0.420000 0.006667 0.018333
2 0.438333 0.703333 0.019167 0.046667
3 0.545833 0.645000 0.009167 0.016667
3 0.791667 0.345000 0.006667 0.018333
3 0.702500 0.635000 0.009167 0.015000
2 0.329167 0.390000 0.022500 0.023333
3 0.655000 0.673333 0.011667 0.030000
2 0.416667 0.683333 0.048333 0.025000
3 0.508333 0.826667 0.008333 0.021667
3 0.170833 0.635000 0.013333 0.015000
3 0.604167 0.370000 0.009167 0.023333
3 0.699167 0.378333 0.008333 0.016667
3 0.306667 0.786667 0.007500 0.016667
3 0.354167 0.281667 0.009167 0.016667
3 0.529167 0.651667 0.011667 0.020000
3 0.323333 0.693333 0.011667 0.030000
3 0.384167 0.373333 0.013333 0.015000
3 0.597500 0.716667 0.007500 0.015000
3 0.529167 0.291667 0.010000 0.020000
3 0.288333 0.768333 0.009167 0.016667
3 0.333333 0.333333 0.009167 0.016667
2 0.345833 0.820000 0.015833 0.068333
3 0.447500 0.385000 0.010000 0.016667
3 0.550000 0.420000 0.009167 0.016667
2 0.749167 0.393333 0.034167 0.100000
2 0.652500 0.385000 0.027500 0.016667
2 0.589167 0.351667 0.048333 0.025000
2 0.427500 0.658333 0.009167 0.031667
2 0.255833 0.805000 0.010833 0.091667
3 0.785000 0.403333 0.011667 0.020000
2 0.520000 0.736667 0.048333 0.025000
3 0.734167 0.688333 0.014167 0.025000
3 0.253333 0.776667 0.015833 0.051667
3 0.597500 0.716667 0.007500 0.016667
2 0.717500 0.370000 0.020833 0.080000
3 0.274167 0.758333 0.013333 0.015000
3 0.571667 0.638333 0.008333 0.016667
2 0.734167 0.270000 0.014167 0.015000
2 0.337500 0.331667 0.010000 0.031667
2 0.423333 0.720000 0.014167 0.015000
3 0.781667 0.375000 0.009167 0.018333
3 0.318333 0.640000 0.007500 0.016667
3 0.724167 0.603333 0.010833 0.013333
2 0.333333 0.255000 0.021667 0.090000
3 0.351667 0.610000 0.009167 0.015000
3 0.712500 0.390000 0.017500 0.031667
2 0.481667 0.790000 0.011667 0.066667
3 0.510833 0.355000 0.009167 0.016667
2 0.543333 0.716667 0.023333 0.106667
2 0.585000 0.751667 0.022500 0.023333
2 0.420833 0.778333 0.013333 0.070000
2 0.311667 0.751667 0.029167 0.038333
3 0.728333 0.355000 0.008333 0.016667
3 0.218333 0.635000 0.007500 0.018333
2 0.721667 0.748333 0.048333 0.025000
2 0.768333 0.365000 0.010833 0.091667
2 0.660000 0.730000 0.021667 0.090000
3 0.715000 0.618333 0.010833 0.023333
2 0.453333 0.871667 0.023333 0.106667
2 0.537500 0.200000 0.020833 0.028333
2 0.420000 0.383333 0.023333 0.106667
2 0.574167 0.653333 0.026667 0.035000
2 0.810833 0.380000 0.029167 0.038333
3 0.323333 0.270000 0.007500 0.016667
3 0.716667 0.608333 0.008333 0.016667
3 0.560833 0.655000 0.006667 0.018333
2 0.774167 0.363333 0.009167 0.031667
2 0.549167 0.708333 0.020000 0.021667
3 0.474167 0.291667 0.015833 0.051667
3 0.782500 0.356667 0.015833 0.051667
2 0.339167 0.225000 0.010000 0.031667
2 0.266667 0.696667 0.034167 0.100000
2 0.245833 0.633333 0.058333 0.076667
2 0.293333 0.346667 0.045833 0.021667
3 0.518333 0.291667 0.008333 0.016667
3 0.428333 0.785000 0.017500 0.031667
3 0.785833 0.600000 0.008333 0.016667
2 0.241667 0.775000 0.058333 0.076667
3 0.268333 0.700000 0.009167 0.015000
2 0.680833 0.623333 0.017500 0.116667
3 0.820833 0.368333 0.009167 0.018333
3 0.665000 0.660000 0.007500 0.018333
3 0.698333 0.266667 0.014167 0.025000
3 0.395833 0.360000 0.006667 0.018333
3 0.410833 0.678333 0.007500 0.015000
2 0.445000 0.640000 0.020833 0.028333
3 0.251667 0.396667 0.017500 0.031667
2 0.348333 0.830000 0.011667 0.025000
2 0.750000 0.663333 0.010833 0.091667
3 0.690833 0.710000 0.009167 0.015000
3 0.500833 0.396667 0.009167 0.016667
2 0.656667 0.668333 0.009167 0.031667
2 0.263333 0.696667 0.023333 0.041667
3 0.777500 0.603333 0.007500 0.018333
2 0.708333 0.573333 0.020833 0.080000
3 0.359167 0.693333 0.010000 0.020000
2 0.799167 0.446667 0.010833 0.091667
2 0.639167 0.295000 0.020833 0.080000
2 0.350000 0.408333 0.048333 0.025000
3 0.449167 0.675000 0.013333 0.031667
2 0.174167 0.395000 0.048333 0.025000
3 0.704167 0.788333 0.010833 0.013333
3 0.465833 0.261667 0.010833 0.023333
2 0.688333 0.431667 0.045833 0.021667
3 0.678333 0.335000 0.008333 0.016667
2 0.338333 0.860000 0.010000 0.031667
2 0.672500 0.425000 0.020833 0.028333
3 0.745833 0.705000 0.010000 0.020000
2 0.494167 0.331667 0.034167 0.100000
3 0.710000 0.361667 0.013333 0.015000
2 0.630000 0.363333 0.011667 0.066667
3 0.679167 0.650000 0.009167 0.016667
3 0.507500 0.341667 0.013333 0.015000
3 0.568333 0.738333 0.008333 0.021667
2 0.271667 0.645000 0.011667 0.066667
3 0.308333 0.393333 0.015833 0.051667
2 0.510000 0.296667 0.010833 0.091667
3 0.775833 0.708333 0.011667 0.030000
3 0.450000 0.731667 0.008333 0.016667
3 0.709167 0.628333 0.010000 0.016667
