4 0.841667 0.393333 0.062500 0.101667
4 0.889167 0.616667 0.050000 0.091667
4 0.865000 0.593333 0.090000 0.028333
4 0.749167 0.393333 0.298333 0.423333
4 0.820833 0.546667 0.057500 0.050000
4 0.771667 0.610000 0.210833 0.098333
4 0.790000 0.548333 0.187500 0.303333
4 0.847500 0.556667 0.073333 0.056667
4 0.771667 0.380000 0.181667 0.183333
4 0.839167 0.586667 0.055833 0.080000
4 0.309167 0.550000 0.088333 0.048333
4 0.146667 0.601667 0.035000 0.098333
4 0.350000 0.548333 0.065833 0.106667
4 0.339167 0.610000 0.080833 0.135000
4 0.255833 0.420000 0.142500 0.235000
4 0.270833 0.540000 0.051667 0.028333
4 0.100000 0.570000 0.196667 0.063333
4 0.048333 0.685000 0.097500 0.360000
4 0.277500 0.515000 0.060833 0.100000
4 0.555000 0.525000 0.070833 0.061667
3 0.414167 0.443333 0.008333 0.016667
3 0.744167 0.453333 0.007500 0.015000
2 0.421667 0.591667 0.010833 0.091667
3 0.142500 0.470000 0.009167 0.016667
3 0.143333 0.561667 0.009167 0.015000
2 0.409167 0.430000 0.009167 0.040000
3 0.025000 0.471667 0.013333 0.015000
2 0.785833 0.526667 0.020000 0.021667
2 0.498333 0.585000 0.034167 0.038333
3 0.220833 0.595000 0.009167 0.016667
2 0.506667 0.541667 0.034167 0.038333
3 0.251667 0.493333 0.007500 0.015000
2 0.820833 0.538333 0.013333 0.070000
2 0.050833 0.473333 0.020833 0.080000
2 0.609167 0.475000 0.097500 0.053333
2 0.391667 0.565000 0.048333 0.025000
2 0.558333 0.468333 0.048333 0.025000
3 0.255000 0.546667 0.007500 0.015000
3 0.083333 0.531667 0.006667 0.018333
3 0.223333 0.461667 0.010000 0.016667
2 0.590000 0.536667 0.029167 0.038333
3 0.275833 0.483333 0.009167 0.023333
2 0.279167 0.521667 0.015833 0.068333
2 0.288333 0.458333 0.019167 0.046667
3 0.219167 0.573333 0.007500 0.015000
2 0.768333 0.545000 0.035000 0.105000
3 0.245833 0.448333 0.008333 0.016667
3 0.101667 0.573333 0.009167 0.016667
2 0.246667 0.596667 0.020000 0.021667
2 0.116667 0.586667 0.010000 0.031667
2 0.580833 0.508333 0.011667 0.066667
2 0.498333 0.541667 0.048333 0.043333
2 0.121667 0.438333 0.020833 0.028333
3 0.713333 0.545000 0.010000 0.016667
2 0.048333 0.495000 0.013333 0.070000
2 0.614167 0.630000 0.020833 0.080000
3 0.175833 0.603333 0.008333 0.016667
3 0.239167 0.478333 0.008333 0.021667
3 0.306667 0.583333 0.009167 0.016667
3 0.769167 0.498333 0.007500 0.018333
2 0.318333 0.586667 0.034167 0.038333
3 0.135833 0.456667 0.007500 0.015000
2 0.327500 0.501667 0.022500 0.023333
3 0.502500 0.463333 0.015833 0.051667
3 0.050000 0.558333 0.008333 0.016667
2 0.785833 0.496667 0.034167 0.100000
3 0.153333 0.491667 0.009167 0.018333
2 0.471667 0.503333 0.020833 0.080000
2 0.178333 0.560000 0.011667 0.066667
2 0.485833 0.521667 0.009167 0.040000
2 0.100833 0.511667 0.021667 0.090000
3 0.623333 0.548333 0.008333 0.016667
3 0.491667 0.451667 0.009167 0.016667
2 0.579167 0.540000 0.020833 0.080000
3 0.045833 0.513333 0.006667 0.018333
3 0.135000 0.453333 0.013333 0.015000
2 0.075000 0.511667 0.097500 0.053333
3 0.584167 0.576667 0.007500 0.015000
3 0.787500 0.520000 0.008333 0.016667
2 0.558333 0.531667 0.023333 0.106667
2 0.709167 0.515000 0.020833 0.080000
3 0.639167 0.575000 0.007500 0.015000
3 0.823333 0.541667 0.010000 0.020000
3 0.331667 0.535000 0.013333 0.031667
2 0.255000 0.483333 0.030833 0.051667
3 0.489167 0.561667 0.007500 0.015000
3 0.595000 0.465000 0.009167 0.018333
3 0.015833 0.506667 0.010833 0.023333
2 0.363333 0.501667 0.097500 0.053333
2 0.451667 0.438333 0.029167 0.038333
2 0.259167 0.458333 0.011667 0.066667
3 0.733333 0.570000 0.007500 0.016667
3 0.756667 0.571667 0.009167 0.016667
2 0.176667 0.525000 0.020833 0.080000
3 0.338333 0.568333 0.007500 0.015000
2 0.506667 0.476667 0.048333 0.043333
2 0.582500 0.486667 0.020833 0.080000
3 0.431667 0.478333 0.007500 0.015000
2 0.361667 0.501667 0.020000 0.021667
2 0.237500 0.590000 0.020833 0.080000
2 0.558333 0.525000 0.023333 0.041667
3 0.258333 0.468333 0.007500 0.018333
3 0.321667 0.530000 0.009167 0.016667
3 0.596667 0.508333 0.008333 0.016667
2 0.217500 0.558333 0.011667 0.066667
3 0.724167 0.483333 0.017500 0.031667
3 0.468333 0.491667 0.008333 0.016667
3 0.595833 0.511667 0.011667 0.020000
3 0.311667 0.573333 0.013333 0.015000
3 0.647500 0.563333 0.013333 0.031667
2 0.428333 0.570000 0.020833 0.080000
3 0.652500 0.458333 0.011667 0.020000
3 0.519167 0.486667 0.014167 0.025000
3 0.707500 0.451667 0.007500 0.018333
3 0.576667 0.571667 0.009167 0.015000
3 0.207500 0.531667 0.007500 0.015000
3 0.085000 0.510000 0.015833 0.051667
3 0.403333 0.461667 0.015833 0.051667
2 0.096667 0.498333 0.020833 0.080000
3 0.491667 0.593333 0.006667 0.018333
2 0.115833 0.500000 0.021667 0.090000
3 0.045000 0.528333 0.010833 0.013333
2 0.593333 0.715000 0.023333 0.106667
3 0.679167 0.341667 0.009167 0.016667
2 0.793333 0.341667 0.020833 0.080000
3 0.581667 0.741667 0.011667 0.030000
2 0.727500 0.345000 0.015833 0.068333
2 0.487500 0.733333 0.017500 0.116667
2 0.478333 0.293333 0.026667 0.035000
2 0.475000 0.283333 0.011667 0.066667
3 0.598333 0.330000 0.009167 0.016667
2 0.700833 0.328333 0.058333 0.076667
3 0.252500 0.400000 0.015833 0.051667
2 0.290833 0.413333 0.009167 0.031667
3 0.717500 0.356667 0.007500 0.018333
3 0.497500 0.401667 0.008333 0.016667
3 0.752500 0.385000 0.009167 0.015000
2 0.375000 0.686667 0.009167 0.031667
3 0.586667 0.746667 0.007500 0.015000
3 0.435000 0.840000 0.014167 0.025000
2 0.346667 0.751667 0.027500 0.016667
3 0.324167 0.688333 0.010000 0.020000
3 0.722500 0.416667 0.009167 0.015000
3 0.679167 0.365000 0.007500 0.018333
2 0.644167 0.363333 0.034167 0.100000
2 0.508333 0.336667 0.058333 0.076667
2 0.680000 0.380000 0.011667 0.025000
2 0.319167 0.238333 0.014167 0.015000
3 0.290000 0.235000 0.010833 0.023333
2 0.308333 0.396667 0.017500 0.116667
3 0.443333 0.343333 0.009167 0.015000
2 0.690833 0.591667 0.035000 0.105000
2 0.818333 0.433333 0.030833 0.051667
3 0.539167 0.676667 0.009167 0.015000
2 0.625833 0.320000 0.097500 0.053333
3 0.768333 0.595000 0.008333 0.016667
3 0.812500 0.710000 0.009167 0.015000
2 0.753333 0.333333 0.027500 0.016667
2 0.620000 0.408333 0.020833 0.080000
2 0.470833 0.210000 0.030833 0.051667
3 0.717500 0.425000 0.013333 0.015000
2 0.553333 0.703333 0.011667 0.025000
3 0.810833 0.721667 0.013333 0.031667
3 0.665000 0.361667 0.009167 0.015000
3 0.626667 0.330000 0.009167 0.023333
3 0.627500 0.391667 0.007500 0.018333
3 0.556667 0.280000 0.017500 0.031667
3 0.685833 0.330000 0.013333 0.031667
2 0.349167 0.423333 0.034167 0.100000
3 0.752500 0.653333 0.011667 0.030000
3 0.753333 0.661667 0.011667 0.020000
3 0.445833 0.376667 0.007500 0.016667
3 0.277500 0.283333 0.009167 0.016667
3 0.719167 0.426667 0.009167 0.016667
2 0.549167 0.773333 0.048333 0.043333
2 0.543333 0.778333 0.035000 0.105000
3 0.805833 0.620000 0.013333 0.031667
2 0.405000 0.371667 0.010000 0.031667
2 0.650833 0.605000 0.015833 0.068333
2 0.720833 0.641667 0.029167 0.038333
2 0.758333 0.345000 0.011667 0.066667
3 0.646667 0.385000 0.006667 0.018333
2 0.769167 0.718333 0.021667 0.090000
2 0.734167 0.268333 0.035000 0.105000
2 0.308333 0.741667 0.019167 0.046667
2 0.643333 0.363333 0.035000 0.105000
3 0.695000 0.640000 0.008333 0.016667
2 0.685000 0.630000 0.020833 0.028333
3 0.813333 0.710000 0.007500 0.015000
3 0.321667 0.310000 0.015833 0.051667
2 0.649167 0.621667 0.010000 0.031667
3 0.223333 0.640000 0.010000 0.020000
2 0.545000 0.628333 0.014167 0.015000
3 0.359167 0.771667 0.007500 0.018333
3 0.310833 0.773333 0.009167 0.016667
2 0.458333 0.310000 0.020833 0.080000
2 0.737500 0.405000 0.048333 0.025000
3 0.690000 0.640000 0.008333 0.016667
2 0.269167 0.693333 0.021667 0.090000
3 0.305833 0.675000 0.011667 0.020000
2 0.680833 0.276667 0.017500 0.116667
2 0.312500 0.650000 0.034167 0.038333
2 0.679167 0.655000 0.021667 0.090000
2 0.262500 0.738333 0.045833 0.021667
2 0.280000 0.726667 0.023333 0.041667
3 0.806667 0.905000 0.011667 0.030000
2 0.548333 0.660000 0.027500 0.016667
3 0.509167 0.818333 0.009167 0.016667
2 0.828333 0.433333 0.009167 0.031667
3 0.511667 0.361667 0.007500 0.015000
3 0.758333 0.333333 0.006667 0.018333
3 0.380000 0.358333 0.007500 0.018333
2 0.695833 0.678333 0.026667 0.035000
3 0.379167 0.355000 0.009167 0.015000
2 0.401667 0.396667 0.022500 0.023333
3 0.723333 0.400000 0.009167 0.018333
3 0.520000 0.230000 0.011667 0.030000
2 0.654167 0.453333 0.020833 0.080000
2 0.555833 0.166667 0.045833 0.021667
3 0.360833 0.718333 0.010000 0.016667
2 0.704167 0.335000 0.009167 0.031667
3 0.556667 0.820000 0.008333 0.016667
3 0.721667 0.365000 0.015833 0.051667
3 0.791667 0.721667 0.008333 0.016667
3 0.235000 0.636667 0.007500 0.018333
2 0.515000 0.341667 0.045833 0.021667
2 0.718333 0.316667 0.097500 0.053333
2 0.305833 0.393333 0.017500 0.116667
3 0.801667 0.346667 0.013333 0.031667
2 0.319167 0.615000 0.058333 0.076667
2 0.628333 0.388333 0.017500 0.116667
3 0.660833 0.421667 0.008333 0.016667
3 0.471667 0.125000 0.009167 0.023333
3 0.730833 0.361667 0.009167 0.018333
3 0.703333 0.620000 0.010000 0.020000
3 0.420000 0.410000 0.011667 0.020000
3 0.645000 0.678333 0.009167 0.016667
2 0.790833 0.405000 0.009167 0.040000
2 0.623333 0.623333 0.009167 0.040000
3 0.330833 0.275000 0.009167 0.023333
2 0.293333 0.403333 0.048333 0.025000
3 0.385833 0.768333 0.011667 0.030000
3 0.559167 0.271667 0.009167 0.016667
3 0.483333 0.291667 0.015833 0.051667
3 0.749167 0.410000 0.008333 0.016667
2 0.427500 0.336667 0.035000 0.105000
2 0.300000 0.646667 0.010000 0.031667
2 0.690000 0.435000 0.048333 0.025000
2 0.455000 0.240000 0.010833 0.091667
2 0.348333 0.718333 0.009167 0.031667
2 0.480000 0.443333 0.020000 0.021667
2 0.434167 0.391667 0.011667 0.025000
3 0.418333 0.353333 0.010833 0.023333
3 0.722500 0.346667 0.009167 0.015000
2 0.250833 0.225000 0.017500 0.116667
3 0.270000 0.751667 0.007500 0.015000
2 0.649167 0.690000 0.009167 0.031667
2 0.473333 0.393333 0.013333 0.070000
3 0.765833 0.720000 0.007500 0.018333
3 0.675000 0.318333 0.008333 0.016667
2 0.494167 0.415000 0.045833 0.021667
3 0.533333 0.363333 0.007500 0.015000
3 0.677500 0.711667 0.008333 0.016667
2 0.677500 0.656667 0.097500 0.053333
2 0.700000 0.715000 0.014167 0.015000
3 0.747500 0.700000 0.007500 0.015000
2 0.244167 0.746667 0.097500 0.053333
3 0.665833 0.353333 0.009167 0.023333
2 0.685833 0.621667 0.034167 0.038333
2 0.764167 0.350000 0.035000 0.105000
3 0.348333 0.350000 0.010000 0.020000
2 0.439167 0.885000 0.048333 0.025000
2 0.686667 0.591667 0.058333 0.076667
2 0.421667 0.353333 0.097500 0.053333
3 0.586667 0.188333 0.007500 0.018333
3 0.535000 0.733333 0.009167 0.015000
2 0.260000 0.825000 0.013333 0.070000
2 0.213333 0.381667 0.048333 0.043333
3 0.326667 0.241667 0.011667 0.030000
3 0.662500 0.413333 0.008333 0.016667
3 0.475833 0.805000 0.009167 0.018333
3 0.675833 0.423333 0.007500 0.015000
2 0.779167 0.695000 0.023333 0.106667
3 0.657500 0.350000 0.009167 0.018333
3 0.779167 0.411667 0.007500 0.018333
2 0.597500 0.323333 0.011667 0.025000
3 0.695833 0.341667 0.007500 0.015000
3 0.382500 0.378333 0.009167 0.016667
2 0.169167 0.371667 0.058333 0.076667
2 0.627500 0.630000 0.026667 0.035000
2 0.760000 0.376667 0.023333 0.041667
2 0.412500 0.810000 0.048333 0.025000
3 0.688333 0.283333 0.009167 0.016667
3 0.645833 0.650000 0.010000 0.016667
2 0.224167 0.746667 0.048333 0.025000
3 0.675833 0.430000 0.008333 0.021667
2 0.741667 0.376667 0.034167 0.038333
2 0.450000 0.251667 0.015833 0.068333
2 0.459167 0.803333 0.020833 0.028333
3 0.746667 0.606667 0.007500 0.015000
3 0.761667 0.403333 0.011667 0.020000
2 0.439167 0.338333 0.045833 0.021667
3 0.296667 0.695000 0.009167 0.016667
3 0.545000 0.620000 0.007500 0.015000
2 0.532500 0.336667 0.027500 0.016667
2 0.671667 0.453333 0.026667 0.035000
3 0.519167 0.395000 0.010000 0.016667
3 0.636667 0.440000 0.007500 0.018333
2 0.617500 0.668333 0.034167 0.100000
2 0.236667 0.690000 0.029167 0.038333
2 0.706667 0.346667 0.015833 0.068333
3 0.633333 0.436667 0.006667 0.018333
2 0.656667 0.405000 0.015833 0.068333
3 0.158333 0.411667 0.009167 0.016667
3 0.608333 0.348333 0.010000 0.016667
3 0.365000 0.621667 0.011667 0.030000
3 0.540833 0.711667 0.011667 0.030000
2 0.659167 0.353333 0.011667 0.025000
2 0.518333 0.625000 0.026667 0.035000
2 0.322500 0.668333 0.017500 0.116667
