4 0.814167 0.295000 0.135833 0.238333
4 0.892500 0.510000 0.044167 0.023333
4 0.889167 0.568333 0.075833 0.158333
4 0.819167 0.586667 0.045833 0.091667
4 0.762500 0.470000 0.184167 0.278333
4 0.775833 0.468333 0.207500 0.090000
4 0.837500 0.735000 0.149167 0.146667
4 0.800000 0.808333 0.228333 0.298333
4 0.805000 0.613333 0.107500 0.035000
4 0.805833 0.490000 0.082500 0.076667
4 0.421667 0.495000 0.133333 0.073333
4 0.242500 0.511667 0.031667 0.058333
4 0.757500 0.520000 0.050000 0.018333
4 0.393333 0.513333 0.075833 0.053333
4 0.579167 0.560000 0.035000 0.070000
4 0.496667 0.540000 0.093333 0.105000
4 0.150833 0.516667 0.039167 0.055000
4 0.335833 0.466667 0.050000 0.078333
4 0.492500 0.621667 0.339167 0.191667
4 0.533333 0.556667 0.165000 0.051667
2 0.315000 0.540000 0.026667 0.035000
2 0.192500 0.593333 0.030833 0.051667
3 0.097500 0.448333 0.014167 0.025000
2 0.152500 0.543333 0.029167 0.038333
3 0.543333 0.540000 0.007500 0.016667
3 0.678333 0.525000 0.006667 0.018333
2 0.525000 0.455000 0.029167 0.038333
2 0.783333 0.531667 0.020833 0.080000
2 0.463333 0.611667 0.030833 0.051667
2 0.304167 0.568333 0.014167 0.015000
2 0.091667 0.598333 0.023333 0.041667
2 0.225000 0.436667 0.045833 0.021667
2 0.227500 0.521667 0.020833 0.080000
2 0.778333 0.518333 0.017500 0.116667
2 0.225000 0.545000 0.035000 0.105000
2 0.504167 0.468333 0.045833 0.021667
2 0.153333 0.521667 0.014167 0.015000
2 0.352500 0.510000 0.034167 0.100000
3 0.400000 0.476667 0.007500 0.018333
2 0.486667 0.465000 0.048333 0.025000
3 0.626667 0.563333 0.009167 0.015000
2 0.660833 0.480000 0.019167 0.046667
3 0.743333 0.551667 0.009167 0.018333
2 0.144167 0.443333 0.034167 0.038333
2 0.384167 0.528333 0.020000 0.021667
2 0.500000 0.508333 0.048333 0.043333
3 0.580000 0.548333 0.007500 0.015000
3 0.148333 0.470000 0.011667 0.030000
2 0.685000 0.586667 0.027500 0.016667
2 0.420833 0.485000 0.030833 0.051667
2 0.560000 0.538333 0.097500 0.053333
3 0.488333 0.536667 0.007500 0.015000
3 0.801667 0.593333 0.014167 0.025000
3 0.328333 0.616667 0.009167 0.016667
2 0.554167 0.538333 0.010000 0.031667
2 0.470833 0.490000 0.034167 0.100000
3 0.175833 0.551667 0.009167 0.016667
2 0.086667 0.531667 0.058333 0.076667
3 0.734167 0.548333 0.008333 0.016667
2 0.327500 0.568333 0.019167 0.046667
3 0.795000 0.470000 0.008333 0.016667
3 0.562500 0.521667 0.007500 0.015000
3 0.750000 0.485000 0.009167 0.015000
2 0.405000 0.500000 0.023333 0.041667
3 0.197500 0.500000 0.013333 0.031667
2 0.235000 0.461667 0.020833 0.080000
2 0.625000 0.568333 0.013333 0.070000
2 0.350833 0.588333 0.027500 0.016667
2 0.155000 0.593333 0.034167 0.038333
2 0.220000 0.605000 0.023333 0.106667
3 0.580833 0.505000 0.008333 0.016667
3 0.051667 0.573333 0.008333 0.016667
3 0.601667 0.466667 0.008333 0.016667
2 0.363333 0.531667 0.009167 0.031667
2 0.498333 0.468333 0.019167 0.046667
3 0.826667 0.601667 0.011667 0.030000
3 0.360000 0.506667 0.009167 0.016667
2 0.035000 0.520000 0.013333 0.070000
2 0.257500 0.581667 0.013333 0.070000
2 0.324167 0.565000 0.045833 0.021667
3 0.406667 0.515000 0.009167 0.016667
3 0.791667 0.523333 0.009167 0.016667
3 0.132500 0.448333 0.015833 0.051667
3 0.260833 0.486667 0.008333 0.021667
3 0.042500 0.593333 0.015833 0.051667
2 0.029167 0.505000 0.017500 0.116667
3 0.100000 0.553333 0.013333 0.031667
3 0.501667 0.553333 0.009167 0.018333
3 0.326667 0.525000 0.013333 0.031667
2 0.287500 0.460000 0.034167 0.038333
3 0.348333 0.560000 0.008333 0.016667
2 0.079167 0.511667 0.026667 0.035000
3 0.072500 0.551667 0.008333 0.021667
3 0.822500 0.690000 0.015833 0.051667
2 0.040000 0.461667 0.011667 0.025000
3 0.275000 0.548333 0.013333 0.031667
2 0.670833 0.471667 0.058333 0.076667
2 0.573333 0.565000 0.020833 0.080000
2 0.177500 0.473333 0.010833 0.091667
2 0.622500 0.556667 0.034167 0.100000
3 0.100000 0.461667 0.008333 0.016667
2 0.711667 0.498333 0.023333 0.106667
3 0.039167 0.525000 0.011667 0.020000
3 0.792500 0.476667 0.009167 0.015000
3 0.022500 0.500000 0.009167 0.023333
3 0.087500 0.576667 0.009167 0.016667
2 0.250000 0.586667 0.020833 0.028333
3 0.128333 0.463333 0.007500 0.016667
3 0.496667 0.581667 0.008333 0.016667
3 0.078333 0.476667 0.007500 0.018333
2 0.601667 0.628333 0.010000 0.031667
3 0.825833 0.478333 0.007500 0.018333
3 0.705000 0.471667 0.007500 0.015000
2 0.050000 0.470000 0.020000 0.021667
3 0.414167 0.510000 0.007500 0.018333
3 0.804167 0.456667 0.010833 0.023333
3 0.614167 0.490000 0.007500 0.015000
3 0.660000 0.543333 0.007500 0.016667
2 0.600833 0.533333 0.034167 0.038333
2 0.220000 0.566667 0.010833 0.091667
3 0.305000 0.456667 0.009167 0.018333
2 0.460000 0.448333 0.020833 0.080000
3 0.704167 0.671667 0.007500 0.016667
2 0.790833 0.421667 0.014167 0.015000
2 0.519167 0.618333 0.027500 0.016667
3 0.685000 0.365000 0.010833 0.013333
3 0.625000 0.348333 0.009167 0.015000
2 0.649167 0.676667 0.023333 0.106667
3 0.330833 0.710000 0.009167 0.018333
3 0.493333 0.323333 0.008333 0.021667
2 0.318333 0.716667 0.023333 0.106667
2 0.675833 0.625000 0.034167 0.038333
3 0.340000 0.391667 0.008333 0.021667
3 0.745000 0.776667 0.010833 0.013333
2 0.414167 0.740000 0.011667 0.025000
2 0.585833 0.330000 0.027500 0.016667
3 0.669167 0.660000 0.008333 0.016667
2 0.629167 0.405000 0.017500 0.116667
3 0.340833 0.308333 0.008333 0.021667
2 0.310833 0.310000 0.030833 0.051667
2 0.653333 0.643333 0.058333 0.076667
2 0.309167 0.381667 0.010000 0.031667
2 0.381667 0.761667 0.029167 0.038333
2 0.624167 0.405000 0.027500 0.016667
2 0.495833 0.310000 0.034167 0.038333
2 0.327500 0.748333 0.020833 0.028333
2 0.442500 0.315000 0.034167 0.100000
3 0.449167 0.375000 0.011667 0.030000
3 0.240000 0.711667 0.015833 0.051667
2 0.275000 0.773333 0.022500 0.023333
3 0.311667 0.405000 0.011667 0.030000
3 0.539167 0.266667 0.010000 0.016667
3 0.693333 0.341667 0.013333 0.015000
3 0.654167 0.333333 0.009167 0.018333
3 0.470833 0.333333 0.010833 0.013333
2 0.773333 0.343333 0.010000 0.031667
2 0.348333 0.665000 0.009167 0.040000
3 0.755000 0.390000 0.008333 0.021667
3 0.784167 0.366667 0.010833 0.013333
2 0.300000 0.365000 0.027500 0.016667
2 0.292500 0.696667 0.020833 0.028333
2 0.735833 0.366667 0.029167 0.038333
3 0.311667 0.410000 0.013333 0.031667
2 0.554167 0.355000 0.010000 0.031667
2 0.304167 0.383333 0.026667 0.035000
2 0.287500 0.798333 0.011667 0.025000
3 0.757500 0.601667 0.014167 0.025000
2 0.462500 0.185000 0.048333 0.043333
2 0.439167 0.673333 0.026667 0.035000
2 0.179167 0.683333 0.020833 0.080000
3 0.291667 0.281667 0.007500 0.018333
2 0.171667 0.630000 0.011667 0.025000
2 0.773333 0.810000 0.013333 0.070000
2 0.472500 0.266667 0.019167 0.046667
2 0.727500 0.468333 0.020833 0.080000
3 0.476667 0.621667 0.009167 0.023333
2 0.540833 0.655000 0.026667 0.035000
2 0.768333 0.365000 0.020833 0.080000
2 0.473333 0.656667 0.026667 0.035000
3 0.243333 0.860000 0.008333 0.021667
2 0.772500 0.361667 0.034167 0.038333
3 0.662500 0.338333 0.010000 0.016667
2 0.271667 0.313333 0.020833 0.080000
3 0.645833 0.678333 0.007500 0.015000
2 0.660000 0.665000 0.058333 0.076667
2 0.740000 0.391667 0.048333 0.025000
3 0.536667 0.285000 0.017500 0.031667
3 0.687500 0.370000 0.006667 0.018333
3 0.425833 0.666667 0.008333 0.016667
2 0.422500 0.378333 0.020000 0.021667
2 0.681667 0.610000 0.029167 0.038333
2 0.603333 0.360000 0.097500 0.053333
2 0.647500 0.636667 0.015833 0.068333
2 0.425000 0.715000 0.011667 0.025000
3 0.701667 0.645000 0.009167 0.018333
2 0.691667 0.696667 0.023333 0.106667
2 0.470833 0.231667 0.023333 0.041667
2 0.544167 0.416667 0.014167 0.015000
3 0.697500 0.350000 0.009167 0.016667
2 0.440833 0.393333 0.023333 0.041667
2 0.747500 0.583333 0.029167 0.038333
3 0.386667 0.401667 0.007500 0.018333
3 0.813333 0.725000 0.008333 0.021667
3 0.485833 0.640000 0.007500 0.016667
2 0.685000 0.646667 0.026667 0.035000
2 0.431667 0.763333 0.045833 0.021667
3 0.570833 0.720000 0.010833 0.023333
2 0.746667 0.650000 0.030833 0.051667
3 0.477500 0.385000 0.015833 0.051667
3 0.765000 0.718333 0.009167 0.015000
3 0.621667 0.371667 0.009167 0.016667
2 0.307500 0.675000 0.048333 0.025000
2 0.771667 0.353333 0.035000 0.105000
2 0.148333 0.656667 0.015833 0.068333
3 0.795833 0.368333 0.007500 0.015000
2 0.403333 0.771667 0.029167 0.038333
2 0.266667 0.301667 0.030833 0.051667
2 0.588333 0.406667 0.020000 0.021667
2 0.245000 0.701667 0.027500 0.016667
3 0.394167 0.358333 0.010000 0.016667
2 0.250833 0.366667 0.029167 0.038333
2 0.700000 0.658333 0.020000 0.021667
3 0.753333 0.706667 0.010000 0.016667
3 0.788333 0.408333 0.011667 0.030000
3 0.352500 0.310000 0.008333 0.016667
2 0.173333 0.613333 0.097500 0.053333
2 0.765833 0.621667 0.009167 0.040000
3 0.692500 0.691667 0.009167 0.016667
3 0.602500 0.390000 0.015833 0.051667
2 0.486667 0.763333 0.019167 0.046667
3 0.720833 0.798333 0.017500 0.031667
2 0.516667 0.728333 0.045833 0.021667
2 0.373333 0.401667 0.034167 0.100000
2 0.687500 0.656667 0.020833 0.028333
2 0.665000 0.623333 0.035000 0.105000
3 0.573333 0.633333 0.007500 0.015000
2 0.575833 0.590000 0.035000 0.105000
3 0.720833 0.650000 0.008333 0.016667
3 0.785000 0.340000 0.009167 0.018333
3 0.343333 0.310000 0.008333 0.016667
3 0.625000 0.328333 0.013333 0.031667
2 0.482500 0.255000 0.017500 0.116667
3 0.400000 0.655000 0.009167 0.016667
3 0.390000 0.675000 0.011667 0.020000
3 0.249167 0.675000 0.006667 0.018333
3 0.767500 0.618333 0.009167 0.018333
2 0.651667 0.576667 0.019167 0.046667
3 0.444167 0.828333 0.009167 0.016667
2 0.376667 0.776667 0.009167 0.040000
3 0.350833 0.613333 0.011667 0.020000
2 0.728333 0.736667 0.034167 0.038333
3 0.406667 0.733333 0.009167 0.015000
3 0.447500 0.706667 0.014167 0.025000
2 0.727500 0.323333 0.029167 0.038333
2 0.678333 0.623333 0.020833 0.028333
2 0.786667 0.331667 0.035000 0.105000
3 0.423333 0.396667 0.008333 0.016667
2 0.751667 0.751667 0.010833 0.091667
3 0.343333 0.676667 0.011667 0.030000
2 0.596667 0.556667 0.011667 0.066667
3 0.660000 0.421667 0.009167 0.018333
2 0.307500 0.688333 0.021667 0.090000
3 0.687500 0.641667 0.013333 0.031667
3 0.553333 0.711667 0.010833 0.023333
2 0.385000 0.730000 0.097500 0.053333
2 0.232500 0.318333 0.019167 0.046667
2 0.678333 0.365000 0.023333 0.041667
3 0.278333 0.771667 0.006667 0.018333
3 0.705833 0.691667 0.010000 0.016667
3 0.600833 0.706667 0.007500 0.015000
2 0.570000 0.693333 0.010000 0.031667
3 0.344167 0.666667 0.007500 0.015000
3 0.290000 0.283333 0.011667 0.020000
3 0.334167 0.758333 0.008333 0.016667
3 0.403333 0.798333 0.011667 0.020000
2 0.682500 0.646667 0.097500 0.053333
2 0.515833 0.728333 0.009167 0.031667
2 0.288333 0.681667 0.020833 0.080000
2 0.668333 0.413333 0.034167 0.100000
3 0.322500 0.651667 0.014167 0.025000
3 0.721667 0.676667 0.009167 0.016667
2 0.305833 0.355000 0.020833 0.080000
3 0.618333 0.380000 0.008333 0.016667
2 0.722500 0.386667 0.022500 0.023333
3 0.546667 0.761667 0.017500 0.031667
2 0.713333 0.655000 0.011667 0.066667
3 0.714167 0.603333 0.009167 0.016667
2 0.207500 0.380000 0.045833 0.021667
2 0.589167 0.351667 0.048333 0.025000
3 0.506667 0.678333 0.006667 0.018333
3 0.445000 0.383333 0.006667 0.018333
2 0.326667 0.765000 0.023333 0.041667
2 0.691667 0.415000 0.034167 0.038333
2 0.315833 0.318333 0.021667 0.090000
2 0.280833 0.263333 0.014167 0.015000
2 0.390000 0.688333 0.014167 0.015000
2 0.736667 0.433333 0.021667 0.090000
2 0.475833 0.360000 0.019167 0.046667
2 0.672500 0.690000 0.023333 0.041667
3 0.285833 0.720000 0.010833 0.023333
3 0.252500 0.645000 0.011667 0.020000
3 0.672500 0.356667 0.008333 0.016667
3 0.668333 0.341667 0.013333 0.031667
3 0.486667 0.753333 0.007500 0.018333
3 0.392500 0.690000 0.010000 0.020000
3 0.319167 0.715000 0.013333 0.015000
3 0.460833 0.710000 0.014167 0.025000
3 0.525833 0.683333 0.007500 0.018333
2 0.217500 0.776667 0.022500 0.023333
2 0.593333 0.418333 0.009167 0.031667
3 0.700000 0.733333 0.017500 0.031667
2 0.309167 0.633333 0.013333 0.070000
2 0.522500 0.341667 0.011667 0.066667
3 0.319167 0.705000 0.009167 0.016667
3 0.431667 0.673333 0.010000 0.016667
2 0.328333 0.215000 0.029167 0.038333
3 0.159167 0.411667 0.007500 0.018333
2 0.246667 0.633333 0.015833 0.068333
2 0.542500 0.736667 0.026667 0.035000
2 0.648333 0.436667 0.011667 0.025000
