4 0.779167 0.640000 0.161667 0.253333
4 0.800833 0.565000 0.068333 0.088333
4 0.821667 0.548333 0.050833 0.023333
4 0.870833 0.558333 0.095000 0.188333
4 0.852500 0.581667 0.100833 0.046667
4 0.815833 0.635000 0.103333 0.146667
4 0.833333 0.458333 0.125000 0.048333
4 0.821667 0.451667 0.076667 0.028333
4 0.890833 0.526667 0.063333 0.023333
4 0.882500 0.543333 0.068333 0.035000
4 0.640833 0.548333 0.096667 0.050000
4 0.448333 0.495000 0.055000 0.076667
4 0.435833 0.518333 0.159167 0.038333
4 0.295000 0.555000 0.189167 0.133333
4 0.439167 0.551667 0.135000 0.030000
4 0.197500 0.470000 0.064167 0.085000
4 0.496667 0.608333 0.184167 0.151667
4 0.122500 0.490000 0.116667 0.228333
4 0.311667 0.586667 0.192500 0.083333
4 0.759167 0.526667 0.090833 0.083333
2 0.515000 0.581667 0.010833 0.091667
2 0.417500 0.535000 0.026667 0.035000
2 0.129167 0.431667 0.035000 0.105000
3 0.248333 0.463333 0.009167 0.023333
2 0.134167 0.563333 0.009167 0.031667
3 0.788333 0.476667 0.009167 0.016667
2 0.042500 0.526667 0.015833 0.068333
3 0.239167 0.543333 0.014167 0.025000
2 0.785833 0.600000 0.013333 0.070000
3 0.365833 0.560000 0.007500 0.015000
3 0.127500 0.496667 0.009167 0.016667
3 0.505833 0.456667 0.009167 0.016667
2 0.490833 0.508333 0.034167 0.100000
3 0.786667 0.496667 0.011667 0.030000
2 0.501667 0.470000 0.058333 0.076667
3 0.187500 0.556667 0.010000 0.020000
2 0.760833 0.471667 0.045833 0.021667
2 0.330833 0.460000 0.010000 0.031667
2 0.355833 0.526667 0.034167 0.038333
2 0.545833 0.578333 0.014167 0.015000
3 0.813333 0.533333 0.007500 0.015000
2 0.812500 0.485000 0.010000 0.031667
3 0.819167 0.558333 0.009167 0.015000
2 0.770833 0.538333 0.030833 0.051667
3 0.759167 0.586667 0.007500 0.015000
3 0.105000 0.540000 0.006667 0.018333
2 0.428333 0.570000 0.022500 0.023333
3 0.615833 0.556667 0.007500 0.015000
2 0.131667 0.581667 0.034167 0.038333
3 0.304167 0.525000 0.015833 0.051667
3 0.108333 0.481667 0.015833 0.051667
2 0.668333 0.478333 0.020833 0.028333
2 0.563333 0.513333 0.045833 0.021667
2 0.520833 0.468333 0.014167 0.015000
3 0.645833 0.490000 0.009167 0.016667
2 0.498333 0.516667 0.097500 0.053333
3 0.619167 0.516667 0.013333 0.031667
3 0.479167 0.545000 0.013333 0.031667
3 0.640833 0.476667 0.011667 0.030000
2 0.597500 0.563333 0.010000 0.031667
2 0.668333 0.553333 0.022500 0.023333
2 0.805000 0.595000 0.027500 0.016667
2 0.186667 0.475000 0.026667 0.035000
2 0.682500 0.460000 0.035000 0.105000
3 0.305000 0.556667 0.010833 0.023333
3 0.052500 0.533333 0.006667 0.018333
2 0.316667 0.595000 0.023333 0.106667
3 0.184167 0.546667 0.008333 0.016667
3 0.355000 0.576667 0.010000 0.016667
3 0.402500 0.588333 0.007500 0.016667
3 0.555833 0.476667 0.013333 0.015000
2 0.817500 0.443333 0.011667 0.066667
3 0.454167 0.616667 0.013333 0.015000
3 0.826667 0.536667 0.010000 0.016667
2 0.277500 0.556667 0.021667 0.090000
3 0.193333 0.526667 0.010000 0.020000
2 0.681667 0.478333 0.021667 0.090000
2 0.734167 0.545000 0.097500 0.053333
3 0.594167 0.593333 0.017500 0.031667
3 0.450833 0.458333 0.008333 0.016667
3 0.275000 0.561667 0.008333 0.016667
3 0.616667 0.465000 0.009167 0.016667
2 0.539167 0.465000 0.027500 0.016667
2 0.458333 0.513333 0.020833 0.028333
2 0.356667 0.466667 0.020833 0.028333
3 0.784167 0.526667 0.008333 0.016667
2 0.775000 0.525000 0.045833 0.021667
2 0.234167 0.461667 0.009167 0.031667
3 0.236667 0.573333 0.011667 0.030000
2 0.263333 0.510000 0.023333 0.041667
2 0.153333 0.533333 0.011667 0.025000
2 0.568333 0.581667 0.048333 0.025000
2 0.706667 0.560000 0.097500 0.053333
2 0.273333 0.520000 0.035000 0.105000
3 0.513333 0.465000 0.008333 0.016667
2 0.196667 0.456667 0.022500 0.023333
2 0.384167 0.543333 0.045833 0.021667
2 0.165833 0.531667 0.017500 0.116667
2 0.512500 0.475000 0.011667 0.066667
3 0.403333 0.571667 0.009167 0.016667
2 0.689167 0.545000 0.058333 0.076667
2 0.565833 0.445000 0.058333 0.076667
2 0.456667 0.553333 0.058333 0.076667
3 0.681667 0.528333 0.008333 0.016667
2 0.749167 0.525000 0.020000 0.021667
2 0.416667 0.548333 0.030833 0.051667
2 0.577500 0.495000 0.023333 0.106667
3 0.795833 0.545000 0.010833 0.013333
2 0.429167 0.616667 0.026667 0.035000
2 0.816667 0.528333 0.020833 0.080000
3 0.706667 0.543333 0.008333 0.016667
2 0.338333 0.561667 0.023333 0.041667
2 0.279167 0.486667 0.009167 0.040000
2 0.557500 0.528333 0.045833 0.021667
3 0.362500 0.453333 0.009167 0.023333
3 0.365833 0.460000 0.010000 0.020000
2 0.182500 0.586667 0.010000 0.031667
2 0.105833 0.493333 0.022500 0.023333
3 0.320000 0.471667 0.007500 0.018333
2 0.043333 0.505000 0.023333 0.106667
3 0.067500 0.540000 0.009167 0.023333
2 0.741667 0.553333 0.048333 0.025000
3 0.591667 0.755000 0.007500 0.015000
3 0.658333 0.361667 0.008333 0.021667
2 0.181667 0.645000 0.027500 0.016667
2 0.650000 0.618333 0.017500 0.116667
3 0.591667 0.626667 0.008333 0.016667
3 0.730833 0.445000 0.009167 0.016667
2 0.435833 0.721667 0.009167 0.040000
3 0.669167 0.363333 0.011667 0.020000
3 0.720000 0.635000 0.009167 0.015000
3 0.301667 0.280000 0.007500 0.015000
3 0.512500 0.421667 0.009167 0.018333
3 0.553333 0.998333 0.013333 0.001667
2 0.336667 0.675000 0.022500 0.023333
2 0.288333 0.703333 0.020833 0.028333
2 0.403333 0.658333 0.010000 0.031667
3 0.461667 0.698333 0.010833 0.013333
2 0.687500 0.655000 0.017500 0.116667
2 0.748333 0.650000 0.048333 0.025000
2 0.230000 0.408333 0.009167 0.031667
2 0.727500 0.396667 0.048333 0.025000
3 0.710833 0.346667 0.009167 0.016667
3 0.385000 0.391667 0.013333 0.031667
2 0.816667 0.373333 0.035000 0.105000
3 0.784167 0.368333 0.014167 0.025000
3 0.705000 0.720000 0.007500 0.016667
3 0.562500 0.436667 0.008333 0.021667
2 0.261667 0.703333 0.020833 0.080000
3 0.528333 0.616667 0.006667 0.018333
2 0.650000 0.710000 0.020833 0.080000
3 0.767500 0.650000 0.009167 0.023333
3 0.760000 0.600000 0.009167 0.016667
2 0.762500 0.378333 0.048333 0.025000
3 0.226667 0.338333 0.008333 0.016667
2 0.661667 0.426667 0.021667 0.090000
2 0.606667 0.375000 0.013333 0.070000
3 0.530000 0.291667 0.007500 0.018333
2 0.636667 0.651667 0.009167 0.040000
2 0.612500 0.606667 0.058333 0.076667
3 0.795833 0.415000 0.010000 0.020000
3 0.714167 0.416667 0.007500 0.015000
2 0.648333 0.591667 0.020833 0.080000
2 0.379167 0.676667 0.020833 0.080000
3 0.630833 0.386667 0.009167 0.023333
2 0.605833 0.361667 0.034167 0.038333
2 0.305000 0.391667 0.030833 0.051667
3 0.566667 0.688333 0.007500 0.018333
2 0.485833 0.313333 0.011667 0.025000
2 0.699167 0.711667 0.019167 0.046667
3 0.675833 0.358333 0.014167 0.025000
2 0.815000 0.416667 0.021667 0.090000
3 0.690833 0.626667 0.008333 0.016667
3 0.751667 0.650000 0.013333 0.031667
2 0.270000 0.730000 0.020833 0.080000
3 0.464167 0.311667 0.008333 0.016667
3 0.490000 0.298333 0.009167 0.023333
3 0.670000 0.441667 0.017500 0.031667
2 0.463333 0.183333 0.045833 0.021667
3 0.383333 0.705000 0.013333 0.015000
3 0.351667 0.743333 0.008333 0.021667
3 0.289167 0.401667 0.013333 0.015000
2 0.365000 0.735000 0.034167 0.038333
3 0.712500 0.601667 0.013333 0.015000
3 0.302500 0.715000 0.009167 0.016667
2 0.530833 0.638333 0.045833 0.021667
3 0.539167 0.998333 0.010833 0.001667
3 0.675833 0.256667 0.008333 0.016667
2 0.733333 0.390000 0.048333 0.025000
3 0.708333 0.686667 0.014167 0.025000
2 0.552500 0.206667 0.011667 0.066667
2 0.673333 0.651667 0.019167 0.046667
3 0.615000 0.771667 0.007500 0.018333
3 0.805833 0.640000 0.007500 0.015000
2 0.540833 0.675000 0.011667 0.066667
2 0.302500 0.226667 0.030833 0.051667
3 0.672500 0.441667 0.010000 0.020000
3 0.807500 0.391667 0.014167 0.025000
2 0.444167 0.248333 0.034167 0.100000
2 0.680833 0.671667 0.021667 0.090000
3 0.365000 0.645000 0.013333 0.031667
2 0.720833 0.610000 0.015833 0.068333
2 0.561667 0.361667 0.097500 0.053333
3 0.645833 0.325000 0.007500 0.016667
3 0.584167 0.440000 0.011667 0.020000
2 0.727500 0.578333 0.020833 0.028333
2 0.511667 0.293333 0.015833 0.068333
3 0.448333 0.386667 0.008333 0.016667
2 0.516667 0.386667 0.009167 0.040000
2 0.691667 0.390000 0.035000 0.105000
3 0.753333 0.650000 0.009167 0.016667
2 0.350833 0.591667 0.011667 0.066667
2 0.385833 0.713333 0.022500 0.023333
2 0.309167 0.230000 0.045833 0.021667
3 0.546667 0.641667 0.007500 0.015000
2 0.301667 0.660000 0.014167 0.015000
3 0.460000 0.711667 0.011667 0.030000
3 0.775833 0.678333 0.017500 0.031667
2 0.501667 0.300000 0.026667 0.035000
3 0.332500 0.731667 0.010000 0.016667
2 0.465833 0.693333 0.015833 0.068333
2 0.683333 0.633333 0.010000 0.031667
3 0.630000 0.388333 0.011667 0.030000
2 0.538333 0.628333 0.009167 0.040000
3 0.351667 0.331667 0.007500 0.015000
2 0.412500 0.351667 0.058333 0.076667
2 0.581667 0.665000 0.009167 0.031667
3 0.433333 0.726667 0.011667 0.020000
2 0.633333 0.643333 0.097500 0.053333
2 0.359167 0.675000 0.009167 0.040000
2 0.799167 0.651667 0.009167 0.031667
3 0.772500 0.393333 0.013333 0.015000
3 0.292500 0.776667 0.010000 0.020000
3 0.353333 0.385000 0.008333 0.016667
2 0.686667 0.641667 0.019167 0.046667
2 0.480000 0.651667 0.026667 0.035000
2 0.230833 0.826667 0.026667 0.035000
3 0.733333 0.595000 0.007500 0.018333
2 0.812500 0.418333 0.010000 0.031667
2 0.411667 0.183333 0.097500 0.053333
2 0.801667 0.731667 0.030833 0.051667
3 0.726667 0.620000 0.010000 0.016667
3 0.777500 0.413333 0.010833 0.023333
2 0.300833 0.756667 0.020833 0.080000
2 0.320833 0.418333 0.021667 0.090000
3 0.281667 0.400000 0.009167 0.018333
3 0.429167 0.750000 0.010000 0.020000
3 0.684167 0.366667 0.013333 0.015000
3 0.303333 0.153333 0.011667 0.030000
3 0.329167 0.403333 0.017500 0.031667
3 0.670833 0.620000 0.010000 0.020000
3 0.341667 0.850000 0.010833 0.023333
3 0.550833 0.706667 0.007500 0.015000
2 0.577500 0.626667 0.019167 0.046667
3 0.280833 0.745000 0.010000 0.020000
2 0.447500 0.260000 0.020833 0.028333
3 0.569167 0.778333 0.007500 0.015000
2 0.666667 0.363333 0.020833 0.080000
3 0.705833 0.280000 0.010000 0.020000
2 0.744167 0.696667 0.021667 0.090000
2 0.495000 0.255000 0.014167 0.015000
3 0.252500 0.341667 0.009167 0.016667
3 0.520000 0.665000 0.007500 0.018333
3 0.264167 0.796667 0.013333 0.031667
2 0.807500 0.620000 0.020000 0.021667
3 0.670833 0.606667 0.010833 0.023333
2 0.575000 0.631667 0.029167 0.038333
2 0.261667 0.685000 0.030833 0.051667
3 0.396667 0.346667 0.010000 0.016667
3 0.422500 0.346667 0.009167 0.018333
2 0.759167 0.703333 0.048333 0.025000
2 0.720000 0.568333 0.020833 0.080000
3 0.630000 0.641667 0.010000 0.016667
2 0.339167 0.688333 0.034167 0.100000
2 0.643333 0.426667 0.026667 0.035000
3 0.786667 0.416667 0.007500 0.015000
3 0.621667 0.678333 0.006667 0.018333
2 0.645833 0.636667 0.019167 0.046667
3 0.520833 0.406667 0.010833 0.023333
2 0.679167 0.326667 0.020833 0.080000
3 0.550833 0.420000 0.007500 0.016667
2 0.549167 0.781667 0.048333 0.025000
2 0.408333 0.643333 0.048333 0.043333
3 0.675833 0.346667 0.007500 0.018333
2 0.653333 0.415000 0.045833 0.021667
3 0.566667 0.383333 0.009167 0.016667
2 0.741667 0.325000 0.011667 0.066667
2 0.685833 0.381667 0.020833 0.080000
2 0.262500 0.420000 0.034167 0.100000
2 0.690833 0.621667 0.015833 0.068333
3 0.760000 0.643333 0.007500 0.018333
2 0.430833 0.728333 0.029167 0.038333
3 0.796667 0.623333 0.009167 0.016667
3 0.327500 0.676667 0.013333 0.015000
3 0.643333 0.710000 0.009167 0.015000
3 0.550000 0.386667 0.010833 0.013333
2 0.601667 0.605000 0.035000 0.105000
3 0.774167 0.713333 0.013333 0.031667
3 0.563333 0.681667 0.014167 0.025000
3 0.742500 0.405000 0.010000 0.016667
3 0.706667 0.693333 0.008333 0.016667
3 0.342500 0.233333 0.010833 0.023333
2 0.401667 0.686667 0.013333 0.070000
3 0.380000 0.366667 0.008333 0.016667
3 0.670000 0.650000 0.009167 0.016667
2 0.737500 0.601667 0.027500 0.016667
3 0.694167 0.261667 0.014167 0.025000
2 0.620833 0.296667 0.020833 0.080000
3 0.443333 0.345000 0.017500 0.031667
2 0.155833 0.406667 0.048333 0.025000
2 0.505000 0.271667 0.058333 0.076667
3 0.542500 0.695000 0.007500 0.016667
3 0.786667 0.351667 0.015833 0.051667
2 0.323333 0.405000 0.010000 0.031667
2 0.776667 0.345000 0.019167 0.046667
2 0.534167 0.671667 0.011667 0.066667
2 0.220833 0.583333 0.029167 0.038333
3 0.706667 0.641667 0.007500 0.018333
2 0.762500 0.381667 0.020000 0.021667
2 0.290833 0.696667 0.045833 0.021667
