4 0.830833 0.380000 0.180833 0.091667
4 0.838333 0.356667 0.042500 0.073333
4 0.776667 0.523333 0.204167 0.081667
4 0.808333 0.510000 0.110833 0.180000
4 0.785833 0.571667 0.107500 0.186667
4 0.822500 0.470000 0.128333 0.175000
4 0.797500 0.541667 0.190000 0.290000
4 0.877500 0.515000 0.050000 0.121667
4 0.845833 0.506667 0.060833 0.026667
4 0.849167 0.598333 0.155833 0.248333
4 0.785833 0.501667 0.065833 0.035000
4 0.748333 0.596667 0.141667 0.075000
4 0.449167 0.570000 0.085000 0.046667
4 0.695000 0.590000 0.098333 0.151667
4 0.409167 0.543333 0.086667 0.116667
4 0.153333 0.503333 0.095000 0.091667
4 0.736667 0.531667 0.036667 0.045000
4 0.729167 0.585000 0.051667 0.091667
4 0.366667 0.558333 0.030833 0.040000
4 0.741667 0.586667 0.170000 0.096667
3 0.430000 0.551667 0.007500 0.016667
3 0.138333 0.560000 0.013333 0.015000
2 0.301667 0.561667 0.023333 0.041667
2 0.554167 0.586667 0.020000 0.021667
2 0.675833 0.538333 0.034167 0.038333
2 0.484167 0.538333 0.045833 0.021667
2 0.629167 0.511667 0.017500 0.116667
2 0.670000 0.556667 0.017500 0.116667
2 0.188333 0.581667 0.023333 0.041667
2 0.440000 0.538333 0.034167 0.038333
3 0.174167 0.540000 0.007500 0.015000
3 0.453333 0.513333 0.008333 0.016667
3 0.029167 0.566667 0.013333 0.015000
2 0.298333 0.481667 0.010000 0.031667
2 0.240000 0.521667 0.023333 0.106667
2 0.361667 0.563333 0.021667 0.090000
3 0.735000 0.453333 0.007500 0.018333
2 0.535000 0.593333 0.010833 0.091667
2 0.607500 0.598333 0.026667 0.035000
3 0.515000 0.551667 0.008333 0.016667
2 0.254167 0.508333 0.029167 0.038333
2 0.815833 0.568333 0.020833 0.080000
3 0.692500 0.571667 0.014167 0.025000
3 0.611667 0.596667 0.007500 0.015000
2 0.323333 0.526667 0.023333 0.041667
2 0.420833 0.550000 0.027500 0.016667
3 0.030833 0.483333 0.013333 0.015000
2 0.356667 0.608333 0.010833 0.091667
2 0.200833 0.590000 0.034167 0.038333
3 0.021667 0.555000 0.007500 0.015000
3 0.552500 0.488333 0.011667 0.030000
2 0.314167 0.505000 0.019167 0.046667
3 0.661667 0.518333 0.008333 0.021667
2 0.532500 0.523333 0.020833 0.080000
2 0.784167 0.575000 0.058333 0.076667
2 0.295000 0.438333 0.029167 0.038333
3 0.740000 0.561667 0.008333 0.016667
2 0.765000 0.486667 0.034167 0.038333
2 0.772500 0.461667 0.009167 0.031667
3 0.442500 0.526667 0.009167 0.023333
2 0.639167 0.546667 0.022500 0.023333
3 0.533333 0.481667 0.007500 0.016667
2 0.163333 0.556667 0.030833 0.051667
3 0.459167 0.490000 0.008333 0.016667
3 0.675000 0.558333 0.010833 0.013333
3 0.510000 0.543333 0.007500 0.018333
2 0.816667 0.561667 0.017500 0.116667
3 0.105833 0.513333 0.007500 0.018333
2 0.386667 0.510000 0.058333 0.076667
3 0.690833 0.475000 0.006667 0.018333
2 0.544167 0.571667 0.019167 0.046667
2 0.658333 0.540000 0.035000 0.105000
2 0.805833 0.551667 0.030833 0.051667
3 0.757500 0.473333 0.009167 0.016667
2 0.229167 0.466667 0.097500 0.053333
3 0.600000 0.450000 0.008333 0.016667
3 0.336667 0.623333 0.007500 0.015000
3 0.803333 0.533333 0.008333 0.016667
2 0.036667 0.546667 0.011667 0.066667
2 0.224167 0.516667 0.027500 0.016667
3 0.794167 0.466667 0.017500 0.031667
2 0.480833 0.481667 0.045833 0.021667
3 0.549167 0.566667 0.017500 0.031667
3 0.058333 0.468333 0.008333 0.021667
2 0.048333 0.526667 0.058333 0.076667
3 0.696667 0.468333 0.009167 0.016667
3 0.024167 0.485000 0.007500 0.015000
2 0.665833 0.520000 0.023333 0.106667
3 0.217500 0.540000 0.007500 0.016667
3 0.620000 0.575000 0.008333 0.021667
2 0.259167 0.516667 0.023333 0.041667
2 0.361667 0.571667 0.058333 0.076667
2 0.646667 0.485000 0.026667 0.035000
3 0.344167 0.556667 0.008333 0.016667
2 0.465000 0.515000 0.021667 0.090000
2 0.335833 0.420000 0.020833 0.080000
2 0.599167 0.438333 0.097500 0.053333
3 0.823333 0.486667 0.010833 0.013333
3 0.648333 0.536667 0.009167 0.023333
2 0.534167 0.526667 0.009167 0.031667
3 0.493333 0.463333 0.008333 0.016667
3 0.775833 0.481667 0.007500 0.018333
2 0.150833 0.581667 0.034167 0.038333
2 0.495000 0.513333 0.027500 0.016667
3 0.780000 0.505000 0.007500 0.015000
2 0.800000 0.505000 0.020833 0.080000
3 0.306667 0.460000 0.010833 0.013333
2 0.145833 0.435000 0.058333 0.076667
2 0.777500 0.563333 0.026667 0.035000
2 0.324167 0.461667 0.009167 0.040000
3 0.600000 0.561667 0.009167 0.023333
3 0.186667 0.506667 0.008333 0.016667
2 0.485000 0.566667 0.030833 0.051667
2 0.585833 0.435000 0.097500 0.053333
3 0.418333 0.508333 0.014167 0.025000
2 0.635000 0.490000 0.045833 0.021667
2 0.393333 0.593333 0.009167 0.031667
2 0.478333 0.486667 0.020833 0.028333
2 0.140000 0.600000 0.013333 0.070000
3 0.445000 0.508333 0.009167 0.016667
2 0.640000 0.485000 0.009167 0.040000
2 0.110833 0.543333 0.030833 0.051667
2 0.519167 0.390000 0.020833 0.080000
3 0.781667 0.448333 0.010000 0.016667
2 0.374167 0.698333 0.045833 0.021667
3 0.693333 0.643333 0.011667 0.030000
3 0.341667 0.838333 0.010000 0.016667
3 0.321667 0.716667 0.007500 0.018333
3 0.808333 0.643333 0.009167 0.016667
2 0.695833 0.676667 0.034167 0.100000
2 0.293333 0.726667 0.009167 0.031667
2 0.743333 0.626667 0.058333 0.076667
2 0.456667 0.736667 0.034167 0.100000
2 0.229167 0.408333 0.021667 0.090000
2 0.326667 0.406667 0.022500 0.023333
3 0.483333 0.718333 0.009167 0.018333
3 0.481667 0.815000 0.011667 0.030000
3 0.705000 0.325000 0.008333 0.016667
2 0.131667 0.673333 0.030833 0.051667
3 0.800833 0.368333 0.010833 0.013333
2 0.684167 0.340000 0.029167 0.038333
3 0.285833 0.780000 0.008333 0.016667
2 0.270833 0.698333 0.009167 0.040000
2 0.660000 0.630000 0.045833 0.021667
2 0.629167 0.368333 0.034167 0.038333
2 0.332500 0.293333 0.014167 0.015000
2 0.502500 0.243333 0.058333 0.076667
3 0.653333 0.635000 0.007500 0.018333
3 0.685833 0.665000 0.009167 0.023333
2 0.430833 0.708333 0.015833 0.068333
3 0.486667 0.260000 0.009167 0.016667
3 0.226667 0.708333 0.008333 0.016667
3 0.645000 0.383333 0.010000 0.020000
2 0.679167 0.370000 0.097500 0.053333
3 0.695000 0.606667 0.009167 0.015000
3 0.734167 0.435000 0.007500 0.015000
3 0.350833 0.383333 0.013333 0.015000
2 0.710000 0.998333 0.027500 0.001667
3 0.455833 0.801667 0.009167 0.016667
3 0.573333 0.386667 0.008333 0.016667
2 0.747500 0.385000 0.020000 0.021667
2 0.694167 0.680000 0.030833 0.051667
3 0.290833 0.761667 0.013333 0.015000
3 0.733333 0.440000 0.009167 0.023333
3 0.774167 0.588333 0.014167 0.025000
3 0.585833 0.750000 0.009167 0.023333
2 0.380000 0.406667 0.020833 0.080000
3 0.650000 0.668333 0.010000 0.020000
3 0.539167 0.720000 0.010833 0.013333
3 0.647500 0.441667 0.013333 0.015000
3 0.347500 0.685000 0.010833 0.023333
2 0.627500 0.418333 0.030833 0.051667
2 0.560000 0.376667 0.034167 0.038333
3 0.466667 0.263333 0.009167 0.023333
3 0.747500 0.323333 0.015833 0.051667
3 0.422500 0.363333 0.010000 0.020000
2 0.693333 0.646667 0.009167 0.040000
2 0.411667 0.651667 0.027500 0.016667
3 0.585833 0.440000 0.007500 0.018333
2 0.741667 0.445000 0.020833 0.080000
3 0.445000 0.371667 0.013333 0.031667
2 0.525833 0.435000 0.020833 0.080000
2 0.590000 0.998333 0.030833 0.001667
3 0.186667 0.653333 0.017500 0.031667
2 0.304167 0.615000 0.022500 0.023333
3 0.489167 0.781667 0.007500 0.015000
3 0.759167 0.643333 0.010000 0.016667
3 0.761667 0.366667 0.009167 0.018333
3 0.460833 0.696667 0.015833 0.051667
2 0.481667 0.266667 0.019167 0.046667
2 0.242500 0.865000 0.009167 0.031667
2 0.496667 0.841667 0.030833 0.051667
3 0.654167 0.623333 0.009167 0.016667
3 0.483333 0.291667 0.015833 0.051667
3 0.288333 0.320000 0.007500 0.018333
3 0.283333 0.265000 0.010000 0.020000
3 0.675000 0.676667 0.015833 0.051667
3 0.691667 0.640000 0.007500 0.018333
2 0.661667 0.641667 0.058333 0.076667
3 0.318333 0.768333 0.008333 0.021667
3 0.685833 0.285000 0.008333 0.021667
2 0.343333 0.648333 0.034167 0.038333
2 0.729167 0.381667 0.019167 0.046667
2 0.233333 0.731667 0.020833 0.080000
3 0.690000 0.373333 0.010833 0.013333
3 0.253333 0.643333 0.009167 0.018333
3 0.639167 0.353333 0.009167 0.018333
3 0.777500 0.703333 0.008333 0.016667
2 0.533333 0.343333 0.021667 0.090000
2 0.720000 0.670000 0.030833 0.051667
3 0.316667 0.373333 0.008333 0.016667
2 0.441667 0.931667 0.010833 0.091667
2 0.226667 0.671667 0.017500 0.116667
2 0.704167 0.293333 0.009167 0.031667
3 0.366667 0.643333 0.009167 0.018333
3 0.723333 0.611667 0.007500 0.015000
2 0.511667 0.271667 0.023333 0.041667
2 0.482500 0.255000 0.017500 0.116667
2 0.650833 0.328333 0.020833 0.028333
2 0.312500 0.735000 0.034167 0.100000
3 0.663333 0.398333 0.007500 0.015000
3 0.649167 0.635000 0.007500 0.015000
2 0.525000 0.658333 0.020833 0.080000
2 0.733333 0.571667 0.058333 0.076667
3 0.321667 0.290000 0.010000 0.020000
2 0.312500 0.700000 0.034167 0.038333
2 0.444167 0.661667 0.030833 0.051667
3 0.804167 0.343333 0.007500 0.015000
3 0.606667 0.401667 0.008333 0.016667
2 0.746667 0.393333 0.011667 0.066667
2 0.285833 0.815000 0.011667 0.025000
2 0.430000 0.805000 0.097500 0.053333
2 0.713333 0.626667 0.015833 0.068333
2 0.445000 0.680000 0.020833 0.080000
2 0.705000 0.621667 0.011667 0.066667
3 0.488333 0.285000 0.009167 0.015000
3 0.672500 0.660000 0.007500 0.015000
2 0.772500 0.373333 0.034167 0.038333
3 0.758333 0.371667 0.006667 0.018333
2 0.341667 0.596667 0.058333 0.076667
3 0.218333 0.633333 0.007500 0.015000
3 0.575833 0.743333 0.009167 0.016667
3 0.338333 0.673333 0.013333 0.031667
3 0.316667 0.788333 0.007500 0.015000
3 0.434167 0.760000 0.007500 0.018333
3 0.567500 0.381667 0.008333 0.016667
3 0.661667 0.386667 0.009167 0.023333
2 0.445000 0.353333 0.034167 0.038333
2 0.230833 0.343333 0.022500 0.023333
3 0.784167 0.893333 0.009167 0.016667
3 0.801667 0.328333 0.014167 0.025000
3 0.344167 0.695000 0.010833 0.023333
2 0.605833 0.396667 0.034167 0.100000
3 0.741667 0.280000 0.010833 0.013333
3 0.405833 0.713333 0.007500 0.016667
2 0.664167 0.331667 0.020833 0.080000
3 0.704167 0.793333 0.011667 0.020000
3 0.251667 0.345000 0.011667 0.030000
3 0.316667 0.795000 0.008333 0.021667
2 0.505833 0.425000 0.045833 0.021667
2 0.575833 0.686667 0.058333 0.076667
3 0.475000 0.366667 0.009167 0.018333
3 0.351667 0.738333 0.008333 0.016667
2 0.600000 0.343333 0.097500 0.053333
2 0.623333 0.650000 0.023333 0.041667
3 0.520000 0.373333 0.014167 0.025000
3 0.475000 0.366667 0.010000 0.020000
3 0.417500 0.680000 0.008333 0.016667
3 0.290000 0.283333 0.011667 0.020000
3 0.307500 0.691667 0.010000 0.016667
3 0.515833 0.720000 0.009167 0.016667
2 0.447500 0.768333 0.014167 0.015000
3 0.509167 0.320000 0.008333 0.016667
3 0.155833 0.616667 0.009167 0.016667
3 0.318333 0.368333 0.009167 0.015000
3 0.649167 0.670000 0.011667 0.020000
2 0.689167 0.255000 0.027500 0.016667
3 0.800000 0.378333 0.007500 0.015000
2 0.711667 0.688333 0.021667 0.090000
2 0.225833 0.385000 0.010000 0.031667
3 0.709167 0.676667 0.011667 0.030000
3 0.465000 0.811667 0.010000 0.020000
2 0.660000 0.451667 0.022500 0.023333
2 0.720000 0.613333 0.011667 0.025000
2 0.268333 0.683333 0.009167 0.040000
2 0.569167 0.675000 0.011667 0.066667
3 0.699167 0.308333 0.007500 0.016667
2 0.335000 0.353333 0.015833 0.068333
3 0.786667 0.398333 0.007500 0.018333
2 0.577500 0.406667 0.015833 0.068333
2 0.405000 0.808333 0.045833 0.021667
2 0.620000 0.390000 0.011667 0.025000
2 0.648333 0.610000 0.045833 0.021667
2 0.447500 0.381667 0.020833 0.028333
3 0.827500 0.415000 0.013333 0.031667
3 0.175000 0.391667 0.011667 0.020000
2 0.754167 0.671667 0.048333 0.043333
3 0.270833 0.863333 0.008333 0.016667
3 0.680000 0.395000 0.009167 0.018333
2 0.525833 0.646667 0.017500 0.116667
2 0.752500 0.616667 0.011667 0.025000
2 0.705000 0.715000 0.021667 0.090000
3 0.525833 0.681667 0.007500 0.015000
2 0.604167 0.730000 0.010000 0.031667
3 0.655833 0.395000 0.008333 0.016667
3 0.669167 0.633333 0.009167 0.016667
2 0.623333 0.340000 0.010000 0.031667
2 0.694167 0.641667 0.011667 0.066667
3 0.704167 0.618333 0.007500 0.015000
2 0.399167 0.365000 0.026667 0.035000
3 0.302500 0.640000 0.010833 0.013333
2 0.597500 0.701667 0.011667 0.025000
3 0.312500 0.385000 0.007500 0.015000
3 0.526667 0.375000 0.010833 0.013333
3 0.685000 0.423333 0.007500 0.018333
3 0.784167 0.375000 0.011667 0.030000
2 0.700833 0.328333 0.058333 0.076667
3 0.292500 0.830000 0.008333 0.016667
3 0.695000 0.713333 0.010833 0.023333
2 0.750000 0.621667 0.030833 0.051667
