4 0.839167 0.655000 0.117500 0.140000
4 0.800000 0.645000 0.079167 0.066667
4 0.847500 0.383333 0.035833 0.060000
4 0.792500 0.541667 0.086667 0.031667
4 0.785833 0.515000 0.220833 0.065000
4 0.884167 0.465000 0.092500 0.193333
4 0.874167 0.508333 0.083333 0.073333
4 0.789167 0.260000 0.164167 0.276667
4 0.840833 0.485000 0.148333 0.135000
4 0.805000 0.643333 0.119167 0.068333
4 0.238333 0.573333 0.030000 0.085000
4 0.181667 0.556667 0.051667 0.040000
4 0.242500 0.606667 0.093333 0.101667
4 0.376667 0.500000 0.126667 0.125000
4 0.770000 0.526667 0.055000 0.105000
4 0.258333 0.575000 0.185833 0.061667
4 0.214167 0.476667 0.055833 0.080000
4 0.091667 0.685000 0.183333 0.223333
4 0.726667 0.456667 0.098333 0.076667
4 0.365833 0.498333 0.204167 0.145000
2 0.242500 0.603333 0.034167 0.100000
2 0.755000 0.521667 0.020833 0.028333
3 0.475000 0.406667 0.008333 0.016667
2 0.275833 0.503333 0.021667 0.090000
2 0.130833 0.500000 0.026667 0.035000
3 0.090000 0.521667 0.010833 0.023333
2 0.738333 0.553333 0.011667 0.066667
3 0.061667 0.551667 0.007500 0.015000
2 0.110833 0.535000 0.010833 0.091667
3 0.696667 0.480000 0.010833 0.023333
2 0.010000 0.548333 0.020833 0.035000
2 0.564167 0.496667 0.034167 0.038333
3 0.303333 0.446667 0.009167 0.016667
2 0.568333 0.575000 0.022500 0.023333
2 0.389167 0.560000 0.011667 0.025000
3 0.136667 0.530000 0.009167 0.016667
2 0.734167 0.513333 0.014167 0.015000
3 0.504167 0.581667 0.008333 0.016667
2 0.098333 0.548333 0.048333 0.025000
2 0.408333 0.543333 0.048333 0.025000
3 0.696667 0.456667 0.008333 0.016667
2 0.238333 0.546667 0.010833 0.091667
2 0.220000 0.541667 0.021667 0.090000
2 0.693333 0.518333 0.045833 0.021667
2 0.482500 0.493333 0.020833 0.028333
2 0.800833 0.531667 0.023333 0.041667
2 0.772500 0.493333 0.029167 0.038333
3 0.079167 0.530000 0.007500 0.015000
3 0.137500 0.521667 0.007500 0.018333
2 0.625000 0.573333 0.020833 0.028333
3 0.067500 0.508333 0.011667 0.020000
2 0.473333 0.558333 0.020000 0.021667
2 0.309167 0.518333 0.045833 0.021667
2 0.156667 0.520000 0.020000 0.021667
3 0.349167 0.483333 0.009167 0.016667
3 0.716667 0.535000 0.017500 0.031667
3 0.825000 0.661667 0.008333 0.016667
2 0.385000 0.530000 0.048333 0.025000
3 0.100000 0.553333 0.013333 0.031667
2 0.517500 0.455000 0.048333 0.043333
2 0.279167 0.593333 0.010833 0.091667
3 0.441667 0.528333 0.009167 0.023333
3 0.639167 0.458333 0.014167 0.025000
2 0.811667 0.553333 0.017500 0.116667
2 0.155833 0.451667 0.020000 0.021667
3 0.626667 0.475000 0.008333 0.016667
3 0.335000 0.571667 0.007500 0.015000
3 0.626667 0.453333 0.014167 0.025000
3 0.690000 0.510000 0.011667 0.020000
2 0.111667 0.530000 0.020833 0.028333
2 0.096667 0.560000 0.011667 0.025000
3 0.443333 0.498333 0.007500 0.015000
3 0.419167 0.518333 0.008333 0.016667
2 0.655000 0.521667 0.017500 0.116667
3 0.182500 0.543333 0.013333 0.031667
2 0.297500 0.503333 0.013333 0.070000
3 0.480000 0.530000 0.009167 0.016667
3 0.732500 0.470000 0.010833 0.023333
2 0.149167 0.481667 0.014167 0.015000
3 0.819167 0.636667 0.010833 0.023333
2 0.014167 0.568333 0.029167 0.038333
2 0.734167 0.506667 0.035000 0.105000
3 0.721667 0.570000 0.007500 0.018333
3 0.343333 0.548333 0.009167 0.015000
3 0.414167 0.478333 0.009167 0.016667
2 0.260000 0.568333 0.014167 0.015000
3 0.648333 0.518333 0.013333 0.015000
2 0.620000 0.536667 0.013333 0.070000
3 0.335833 0.518333 0.011667 0.020000
2 0.421667 0.571667 0.034167 0.038333
2 0.814167 0.476667 0.034167 0.038333
3 0.800000 0.530000 0.009167 0.015000
2 0.575000 0.601667 0.034167 0.100000
2 0.595000 0.481667 0.020000 0.021667
3 0.462500 0.575000 0.010833 0.013333
3 0.333333 0.496667 0.009167 0.015000
3 0.386667 0.465000 0.007500 0.016667
3 0.677500 0.523333 0.010833 0.023333
2 0.445833 0.490000 0.015833 0.068333
3 0.575000 0.481667 0.011667 0.030000
2 0.388333 0.550000 0.026667 0.035000
3 0.619167 0.493333 0.010833 0.023333
3 0.520000 0.561667 0.009167 0.016667
3 0.201667 0.586667 0.008333 0.016667
3 0.762500 0.538333 0.009167 0.016667
2 0.530000 0.553333 0.011667 0.066667
3 0.136667 0.445000 0.008333 0.021667
2 0.227500 0.568333 0.010000 0.031667
2 0.152500 0.566667 0.014167 0.015000
2 0.201667 0.490000 0.022500 0.023333
3 0.758333 0.491667 0.007500 0.016667
2 0.107500 0.536667 0.034167 0.100000
2 0.238333 0.450000 0.027500 0.016667
2 0.726667 0.453333 0.009167 0.040000
2 0.205000 0.478333 0.015833 0.068333
2 0.205833 0.591667 0.030833 0.051667
2 0.064167 0.548333 0.009167 0.031667
2 0.058333 0.480000 0.015833 0.068333
2 0.542500 0.571667 0.010833 0.091667
2 0.470000 0.481667 0.010833 0.091667
2 0.418333 0.525000 0.021667 0.090000
2 0.239167 0.573333 0.010833 0.091667
3 0.802500 0.396667 0.008333 0.016667
3 0.453333 0.388333 0.009167 0.015000
2 0.422500 0.356667 0.034167 0.100000
3 0.317500 0.376667 0.010000 0.016667
2 0.672500 0.365000 0.097500 0.053333
3 0.302500 0.663333 0.013333 0.031667
3 0.315833 0.640000 0.010833 0.023333
3 0.423333 0.685000 0.008333 0.016667
3 0.678333 0.346667 0.009167 0.015000
3 0.643333 0.428333 0.008333 0.016667
2 0.641667 0.633333 0.010000 0.031667
2 0.690000 0.606667 0.011667 0.025000
2 0.810833 0.721667 0.023333 0.041667
2 0.198333 0.835000 0.097500 0.053333
3 0.655000 0.371667 0.007500 0.015000
2 0.795000 0.745000 0.013333 0.070000
2 0.200833 0.326667 0.058333 0.076667
2 0.584167 0.765000 0.023333 0.106667
3 0.424167 0.728333 0.013333 0.015000
3 0.319167 0.733333 0.006667 0.018333
2 0.515000 0.698333 0.011667 0.066667
3 0.587500 0.633333 0.015833 0.051667
3 0.718333 0.336667 0.013333 0.015000
2 0.733333 0.610000 0.048333 0.043333
3 0.745833 0.383333 0.007500 0.015000
3 0.645833 0.383333 0.007500 0.018333
2 0.673333 0.710000 0.021667 0.090000
3 0.700833 0.281667 0.006667 0.018333
3 0.606667 0.313333 0.009167 0.016667
2 0.289167 0.260000 0.013333 0.070000
3 0.694167 0.638333 0.008333 0.016667
3 0.715833 0.328333 0.007500 0.016667
3 0.292500 0.828333 0.007500 0.016667
2 0.691667 0.720000 0.034167 0.038333
2 0.808333 0.385000 0.020833 0.028333
2 0.623333 0.341667 0.011667 0.066667
2 0.315833 0.231667 0.048333 0.025000
3 0.764167 0.365000 0.009167 0.016667
3 0.695000 0.631667 0.008333 0.016667
2 0.637500 0.401667 0.026667 0.035000
3 0.448333 0.371667 0.006667 0.018333
2 0.788333 0.421667 0.014167 0.015000
2 0.765000 0.388333 0.048333 0.043333
3 0.349167 0.305000 0.008333 0.016667
2 0.668333 0.406667 0.020000 0.021667
2 0.302500 0.390000 0.009167 0.040000
3 0.541667 0.285000 0.008333 0.021667
3 0.509167 0.360000 0.013333 0.015000
2 0.440833 0.825000 0.058333 0.076667
2 0.725833 0.360000 0.020000 0.021667
3 0.746667 0.418333 0.011667 0.030000
3 0.516667 0.363333 0.009167 0.016667
2 0.315833 0.790000 0.013333 0.070000
3 0.172500 0.635000 0.009167 0.015000
3 0.759167 0.296667 0.007500 0.018333
3 0.762500 0.385000 0.007500 0.016667
2 0.718333 0.638333 0.010000 0.031667
3 0.325000 0.688333 0.008333 0.016667
3 0.251667 0.645000 0.013333 0.031667
2 0.364167 0.786667 0.034167 0.038333
3 0.766667 0.640000 0.007500 0.018333
3 0.471667 0.788333 0.014167 0.025000
3 0.538333 0.738333 0.011667 0.030000
2 0.520000 0.431667 0.013333 0.070000
2 0.305000 0.765000 0.020833 0.080000
2 0.449167 0.711667 0.009167 0.040000
2 0.317500 0.376667 0.023333 0.106667
3 0.477500 0.745000 0.009167 0.016667
2 0.342500 0.635000 0.034167 0.038333
2 0.330000 0.211667 0.019167 0.046667
3 0.298333 0.705000 0.009167 0.016667
2 0.315833 0.283333 0.058333 0.076667
2 0.539167 0.640000 0.026667 0.035000
3 0.505000 0.258333 0.008333 0.016667
3 0.443333 0.138333 0.013333 0.015000
3 0.720000 0.636667 0.010000 0.020000
3 0.572500 0.398333 0.013333 0.015000
2 0.495000 0.375000 0.058333 0.076667
2 0.512500 0.318333 0.035000 0.105000
3 0.486667 0.283333 0.010000 0.020000
3 0.322500 0.696667 0.007500 0.015000
2 0.600000 0.363333 0.045833 0.021667
3 0.332500 0.328333 0.010833 0.013333
3 0.717500 0.645000 0.008333 0.016667
3 0.224167 0.641667 0.007500 0.018333
2 0.646667 0.356667 0.097500 0.053333
3 0.351667 0.390000 0.011667 0.030000
3 0.316667 0.251667 0.007500 0.015000
2 0.421667 0.408333 0.021667 0.090000
3 0.281667 0.401667 0.009167 0.016667
2 0.468333 0.673333 0.045833 0.021667
3 0.489167 0.776667 0.008333 0.016667
3 0.314167 0.261667 0.007500 0.018333
3 0.625000 0.643333 0.006667 0.018333
3 0.699167 0.350000 0.006667 0.018333
3 0.685000 0.640000 0.007500 0.015000
2 0.536667 0.185000 0.034167 0.038333
2 0.430833 0.645000 0.029167 0.038333
3 0.569167 0.783333 0.008333 0.021667
2 0.411667 0.651667 0.027500 0.016667
2 0.698333 0.653333 0.035000 0.105000
2 0.631667 0.355000 0.034167 0.038333
3 0.479167 0.295000 0.010000 0.020000
2 0.714167 0.608333 0.048333 0.043333
3 0.732500 0.596667 0.009167 0.016667
2 0.533333 0.350000 0.026667 0.035000
3 0.692500 0.645000 0.009167 0.015000
3 0.620833 0.385000 0.013333 0.031667
2 0.705000 0.801667 0.009167 0.031667
3 0.775000 0.378333 0.010000 0.016667
2 0.547500 0.740000 0.015833 0.068333
2 0.751667 0.356667 0.030833 0.051667
3 0.704167 0.728333 0.010000 0.020000
2 0.685833 0.296667 0.013333 0.070000
2 0.769167 0.336667 0.019167 0.046667
3 0.528333 0.415000 0.007500 0.018333
3 0.671667 0.605000 0.009167 0.016667
3 0.282500 0.440000 0.008333 0.021667
3 0.278333 0.376667 0.008333 0.016667
2 0.325000 0.303333 0.020833 0.080000
3 0.325000 0.358333 0.013333 0.031667
3 0.465000 0.335000 0.011667 0.030000
3 0.329167 0.801667 0.007500 0.015000
3 0.778333 0.336667 0.009167 0.023333
3 0.244167 0.366667 0.011667 0.030000
2 0.438333 0.735000 0.097500 0.053333
3 0.485000 0.311667 0.007500 0.018333
3 0.589167 0.631667 0.008333 0.016667
2 0.784167 0.365000 0.048333 0.043333
3 0.303333 0.398333 0.007500 0.018333
2 0.171667 0.643333 0.048333 0.043333
3 0.665000 0.703333 0.010833 0.023333
3 0.774167 0.788333 0.011667 0.030000
3 0.480000 0.326667 0.008333 0.021667
3 0.286667 0.281667 0.015833 0.051667
2 0.709167 0.656667 0.030833 0.051667
3 0.704167 0.655000 0.017500 0.031667
3 0.588333 0.631667 0.009167 0.016667
3 0.658333 0.698333 0.009167 0.018333
2 0.431667 0.838333 0.020833 0.028333
2 0.688333 0.615000 0.009167 0.040000
3 0.534167 0.410000 0.009167 0.016667
2 0.579167 0.998333 0.045833 0.001667
2 0.640000 0.443333 0.009167 0.031667
2 0.531667 0.655000 0.023333 0.106667
2 0.807500 0.600000 0.020833 0.080000
2 0.775000 0.378333 0.022500 0.023333
3 0.802500 0.643333 0.009167 0.018333
2 0.398333 0.351667 0.027500 0.016667
3 0.630000 0.380000 0.010833 0.013333
3 0.823333 0.398333 0.006667 0.018333
3 0.805833 0.651667 0.008333 0.016667
2 0.660833 0.381667 0.010833 0.091667
2 0.420833 0.368333 0.010000 0.031667
2 0.667500 0.655000 0.045833 0.021667
2 0.545000 0.308333 0.011667 0.025000
2 0.345833 0.341667 0.034167 0.100000
3 0.550000 0.191667 0.007500 0.015000
3 0.227500 0.660000 0.009167 0.015000
2 0.668333 0.388333 0.048333 0.025000
2 0.652500 0.413333 0.023333 0.106667
3 0.781667 0.378333 0.015833 0.051667
3 0.313333 0.371667 0.007500 0.015000
2 0.235833 0.636667 0.035000 0.105000
2 0.300833 0.261667 0.009167 0.040000
3 0.524167 0.361667 0.007500 0.015000
3 0.786667 0.376667 0.009167 0.016667
2 0.686667 0.333333 0.020833 0.028333
2 0.217500 0.645000 0.011667 0.066667
3 0.312500 0.405000 0.010833 0.013333
2 0.592500 0.650000 0.097500 0.053333
3 0.298333 0.368333 0.008333 0.016667
3 0.405833 0.373333 0.007500 0.016667
3 0.280000 0.655000 0.009167 0.016667
2 0.270833 0.743333 0.019167 0.046667
2 0.779167 0.875000 0.019167 0.046667
3 0.518333 0.396667 0.011667 0.020000
3 0.746667 0.411667 0.013333 0.031667
3 0.746667 0.705000 0.007500 0.018333
3 0.720833 0.433333 0.013333 0.015000
3 0.288333 0.768333 0.009167 0.016667
3 0.441667 0.813333 0.009167 0.016667
3 0.449167 0.675000 0.007500 0.015000
3 0.353333 0.385000 0.007500 0.016667
2 0.676667 0.720000 0.009167 0.031667
2 0.213333 0.668333 0.017500 0.116667
3 0.258333 0.401667 0.015833 0.051667
2 0.788333 0.623333 0.029167 0.038333
3 0.242500 0.223333 0.008333 0.016667
3 0.386667 0.366667 0.011667 0.020000
2 0.342500 0.845000 0.023333 0.106667
2 0.735833 0.353333 0.023333 0.106667
2 0.355833 0.655000 0.010000 0.031667
3 0.710000 0.386667 0.015833 0.051667
2 0.348333 0.706667 0.010000 0.031667
3 0.632500 0.435000 0.007500 0.016667
3 0.280000 0.653333 0.010000 0.016667
3 0.726667 0.678333 0.010833 0.013333
