4 0.771667 0.701667 0.154167 0.150000
4 0.875833 0.508333 0.076667 0.181667
4 0.822500 0.405000 0.117500 0.041667
4 0.817500 0.580000 0.175000 0.190000
4 0.838333 0.611667 0.107500 0.033333
4 0.845000 0.438333 0.045000 0.063333
4 0.794167 0.463333 0.131667 0.201667
4 0.765000 0.561667 0.180000 0.190000
4 0.866667 0.533333 0.048333 0.078333
4 0.783333 0.523333 0.114167 0.235000
4 0.689167 0.558333 0.045000 0.065000
4 0.076667 0.481667 0.052500 0.071667
4 0.408333 0.536667 0.070833 0.058333
4 0.730833 0.568333 0.185833 0.086667
4 0.425833 0.498333 0.138333 0.128333
4 0.042500 0.581667 0.085000 0.083333
4 0.471667 0.546667 0.075000 0.020000
4 0.793333 0.475000 0.064167 0.038333
4 0.140833 0.541667 0.065000 0.035000
4 0.226667 0.453333 0.110000 0.095000
2 0.320833 0.561667 0.017500 0.116667
3 0.281667 0.508333 0.008333 0.016667
2 0.215000 0.550000 0.097500 0.053333
2 0.641667 0.510000 0.011667 0.066667
3 0.790000 0.555000 0.007500 0.018333
3 0.772500 0.518333 0.006667 0.018333
2 0.400000 0.416667 0.035000 0.105000
3 0.171667 0.506667 0.007500 0.015000
2 0.710833 0.545000 0.022500 0.023333
3 0.820833 0.465000 0.010833 0.023333
2 0.077500 0.468333 0.045833 0.021667
2 0.273333 0.576667 0.058333 0.076667
3 0.034167 0.471667 0.013333 0.031667
3 0.620000 0.591667 0.008333 0.016667
2 0.063333 0.551667 0.023333 0.041667
2 0.611667 0.496667 0.030833 0.051667
3 0.022500 0.585000 0.009167 0.018333
2 0.705833 0.516667 0.022500 0.023333
3 0.157500 0.551667 0.015833 0.051667
3 0.455000 0.578333 0.009167 0.016667
2 0.694167 0.505000 0.014167 0.015000
3 0.772500 0.471667 0.009167 0.023333
2 0.666667 0.553333 0.027500 0.016667
3 0.030000 0.501667 0.006667 0.018333
3 0.080000 0.471667 0.015833 0.051667
3 0.230000 0.543333 0.009167 0.016667
2 0.093333 0.550000 0.014167 0.015000
3 0.162500 0.453333 0.007500 0.015000
2 0.661667 0.510000 0.048333 0.043333
3 0.721667 0.475000 0.010000 0.016667
3 0.059167 0.556667 0.017500 0.031667
3 0.815000 0.660000 0.008333 0.016667
3 0.713333 0.533333 0.010833 0.013333
3 0.498333 0.420000 0.008333 0.016667
2 0.038333 0.508333 0.030833 0.051667
2 0.661667 0.500000 0.010833 0.091667
2 0.145000 0.526667 0.045833 0.021667
2 0.116667 0.491667 0.013333 0.070000
3 0.285000 0.500000 0.009167 0.016667
3 0.697500 0.576667 0.008333 0.016667
3 0.300833 0.498333 0.010000 0.020000
3 0.681667 0.533333 0.009167 0.018333
3 0.778333 0.550000 0.007500 0.016667
2 0.542500 0.605000 0.021667 0.090000
3 0.815000 0.573333 0.010833 0.023333
2 0.600000 0.491667 0.010000 0.031667
2 0.451667 0.520000 0.015833 0.068333
3 0.775000 0.573333 0.008333 0.016667
3 0.619167 0.558333 0.011667 0.030000
2 0.809167 0.643333 0.010833 0.091667
2 0.447500 0.570000 0.022500 0.023333
2 0.611667 0.601667 0.009167 0.040000
2 0.065833 0.548333 0.015833 0.068333
3 0.165833 0.451667 0.007500 0.018333
2 0.715000 0.465000 0.014167 0.015000
2 0.723333 0.533333 0.023333 0.041667
2 0.435000 0.606667 0.011667 0.025000
3 0.518333 0.535000 0.008333 0.016667
2 0.282500 0.565000 0.015833 0.068333
2 0.264167 0.613333 0.020833 0.080000
2 0.238333 0.518333 0.097500 0.053333
2 0.599167 0.558333 0.020000 0.021667
3 0.096667 0.521667 0.007500 0.015000
3 0.071667 0.473333 0.007500 0.015000
2 0.110833 0.536667 0.010833 0.091667
2 0.489167 0.503333 0.048333 0.025000
2 0.621667 0.530000 0.009167 0.040000
2 0.244167 0.450000 0.029167 0.038333
3 0.377500 0.565000 0.010833 0.013333
2 0.472500 0.476667 0.034167 0.038333
3 0.230833 0.566667 0.008333 0.021667
2 0.595833 0.510000 0.034167 0.100000
3 0.739167 0.548333 0.009167 0.016667
2 0.787500 0.431667 0.020833 0.028333
2 0.050833 0.511667 0.035000 0.105000
3 0.667500 0.520000 0.007500 0.016667
2 0.294167 0.578333 0.034167 0.100000
3 0.215000 0.576667 0.007500 0.015000
2 0.373333 0.518333 0.009167 0.031667
2 0.705833 0.548333 0.009167 0.040000
3 0.489167 0.491667 0.010000 0.020000
2 0.667500 0.520000 0.010833 0.091667
3 0.337500 0.623333 0.007500 0.018333
3 0.254167 0.475000 0.010833 0.023333
2 0.505000 0.591667 0.022500 0.023333
2 0.347500 0.586667 0.023333 0.106667
2 0.491667 0.438333 0.027500 0.016667
2 0.335000 0.453333 0.009167 0.031667
2 0.042500 0.458333 0.048333 0.043333
2 0.593333 0.458333 0.022500 0.023333
3 0.702500 0.495000 0.009167 0.018333
2 0.566667 0.465000 0.058333 0.076667
2 0.701667 0.535000 0.023333 0.106667
2 0.418333 0.561667 0.023333 0.041667
3 0.335833 0.445000 0.010833 0.023333
2 0.260833 0.448333 0.097500 0.053333
3 0.200000 0.583333 0.008333 0.016667
2 0.237500 0.490000 0.014167 0.015000
3 0.310000 0.483333 0.007500 0.016667
3 0.210833 0.595000 0.017500 0.031667
2 0.297500 0.421667 0.097500 0.053333
2 0.162500 0.508333 0.029167 0.038333
3 0.515833 0.285000 0.015833 0.051667
2 0.655000 0.321667 0.048333 0.025000
2 0.795833 0.648333 0.009167 0.031667
3 0.710000 0.998333 0.009167 0.001667
3 0.715000 0.675000 0.008333 0.016667
3 0.225000 0.733333 0.009167 0.015000
2 0.742500 0.611667 0.017500 0.116667
2 0.518333 0.348333 0.020000 0.021667
2 0.665833 0.660000 0.034167 0.038333
2 0.779167 0.368333 0.021667 0.090000
2 0.559167 0.295000 0.030833 0.051667
3 0.725833 0.350000 0.007500 0.018333
3 0.800000 0.393333 0.007500 0.015000
2 0.455000 0.735000 0.021667 0.090000
3 0.705000 0.728333 0.011667 0.030000
2 0.407500 0.631667 0.035000 0.105000
3 0.715000 0.345000 0.010833 0.023333
3 0.753333 0.651667 0.009167 0.023333
3 0.337500 0.643333 0.014167 0.025000
3 0.587500 0.743333 0.013333 0.015000
3 0.159167 0.635000 0.008333 0.016667
3 0.438333 0.660000 0.009167 0.023333
2 0.406667 0.670000 0.029167 0.038333
3 0.629167 0.385000 0.013333 0.031667
3 0.583333 0.736667 0.008333 0.016667
3 0.765833 0.350000 0.014167 0.025000
3 0.695000 0.350000 0.008333 0.016667
3 0.759167 0.365000 0.007500 0.018333
2 0.345833 0.341667 0.020833 0.080000
3 0.567500 0.733333 0.009167 0.018333
2 0.610000 0.313333 0.097500 0.053333
2 0.307500 0.368333 0.029167 0.038333
3 0.239167 0.366667 0.010833 0.013333
3 0.450833 0.770000 0.007500 0.018333
3 0.289167 0.796667 0.015833 0.051667
3 0.276667 0.765000 0.008333 0.021667
3 0.638333 0.418333 0.008333 0.016667
3 0.320000 0.341667 0.013333 0.015000
2 0.645833 0.641667 0.023333 0.106667
3 0.704167 0.411667 0.008333 0.021667
3 0.551667 0.390000 0.007500 0.018333
3 0.430000 0.751667 0.008333 0.016667
3 0.285833 0.125000 0.009167 0.018333
3 0.531667 0.618333 0.010833 0.013333
3 0.457500 0.283333 0.008333 0.021667
2 0.738333 0.608333 0.023333 0.041667
2 0.595000 0.343333 0.009167 0.031667
3 0.795000 0.713333 0.007500 0.015000
3 0.527500 0.265000 0.007500 0.018333
2 0.651667 0.635000 0.097500 0.053333
3 0.235833 0.391667 0.011667 0.020000
2 0.645000 0.440000 0.017500 0.116667
3 0.658333 0.351667 0.007500 0.018333
3 0.323333 0.405000 0.009167 0.015000
2 0.567500 0.815000 0.010833 0.091667
2 0.759167 0.711667 0.020833 0.028333
3 0.761667 0.645000 0.017500 0.031667
2 0.508333 0.300000 0.009167 0.040000
3 0.790833 0.678333 0.007500 0.015000
2 0.512500 0.401667 0.058333 0.076667
3 0.235000 0.635000 0.007500 0.016667
3 0.427500 0.376667 0.008333 0.016667
2 0.472500 0.343333 0.097500 0.053333
2 0.707500 0.630000 0.011667 0.066667
2 0.431667 0.725000 0.009167 0.040000
2 0.692500 0.621667 0.020833 0.028333
3 0.495833 0.261667 0.007500 0.015000
2 0.293333 0.698333 0.009167 0.040000
3 0.380833 0.703333 0.007500 0.018333
2 0.702500 0.448333 0.021667 0.090000
3 0.648333 0.440000 0.010833 0.013333
2 0.579167 0.735000 0.015833 0.068333
2 0.590000 0.698333 0.029167 0.038333
2 0.737500 0.616667 0.026667 0.035000
3 0.745000 0.386667 0.009167 0.023333
2 0.683333 0.638333 0.045833 0.021667
2 0.437500 0.216667 0.048333 0.043333
3 0.677500 0.663333 0.009167 0.016667
2 0.212500 0.416667 0.029167 0.038333
3 0.531667 0.998333 0.008333 0.001667
2 0.270833 0.428333 0.029167 0.038333
3 0.313333 0.206667 0.010000 0.016667
2 0.723333 0.370000 0.020833 0.028333
3 0.752500 0.336667 0.007500 0.018333
3 0.770000 0.358333 0.006667 0.018333
3 0.665000 0.341667 0.013333 0.031667
2 0.747500 0.403333 0.011667 0.025000
2 0.300833 0.718333 0.035000 0.105000
3 0.531667 0.373333 0.010000 0.016667
2 0.272500 0.740000 0.023333 0.041667
2 0.429167 0.656667 0.048333 0.025000
2 0.705833 0.721667 0.010000 0.031667
2 0.269167 0.775000 0.034167 0.100000
2 0.719167 0.331667 0.011667 0.025000
3 0.255000 0.228333 0.009167 0.016667
2 0.275833 0.286667 0.048333 0.025000
2 0.705833 0.328333 0.019167 0.046667
2 0.310000 0.765000 0.011667 0.025000
2 0.255000 0.760000 0.020833 0.080000
3 0.376667 0.710000 0.015833 0.051667
2 0.260000 0.348333 0.034167 0.100000
2 0.134167 0.615000 0.058333 0.076667
2 0.225000 0.366667 0.011667 0.066667
2 0.271667 0.803333 0.015833 0.068333
2 0.713333 0.598333 0.048333 0.025000
2 0.582500 0.741667 0.048333 0.043333
3 0.343333 0.673333 0.010833 0.023333
2 0.662500 0.665000 0.020000 0.021667
2 0.300833 0.371667 0.020833 0.080000
3 0.807500 0.431667 0.007500 0.016667
3 0.449167 0.676667 0.007500 0.015000
2 0.310833 0.340000 0.014167 0.015000
2 0.627500 0.611667 0.045833 0.021667
2 0.440000 0.761667 0.029167 0.038333
3 0.729167 0.611667 0.009167 0.016667
3 0.427500 0.381667 0.009167 0.016667
3 0.767500 0.746667 0.007500 0.015000
3 0.727500 0.600000 0.009167 0.018333
3 0.661667 0.346667 0.009167 0.016667
2 0.545000 0.445000 0.013333 0.070000
2 0.703333 0.588333 0.020833 0.080000
3 0.649167 0.635000 0.007500 0.015000
3 0.583333 0.750000 0.007500 0.015000
3 0.494167 0.160000 0.010833 0.013333
2 0.784167 0.723333 0.048333 0.043333
2 0.707500 0.596667 0.035000 0.105000
3 0.349167 0.350000 0.007500 0.015000
2 0.770000 0.601667 0.034167 0.038333
2 0.785000 0.658333 0.030833 0.051667
2 0.412500 0.685000 0.020833 0.080000
3 0.752500 0.336667 0.007500 0.018333
3 0.707500 0.281667 0.006667 0.018333
2 0.320000 0.628333 0.011667 0.066667
3 0.350833 0.333333 0.009167 0.016667
2 0.808333 0.411667 0.027500 0.016667
3 0.443333 0.896667 0.007500 0.018333
3 0.267500 0.640000 0.009167 0.018333
2 0.475833 0.743333 0.029167 0.038333
2 0.785000 0.391667 0.020000 0.021667
2 0.726667 0.641667 0.014167 0.015000
2 0.750833 0.358333 0.058333 0.076667
2 0.400000 0.643333 0.015833 0.068333
2 0.816667 0.730000 0.021667 0.090000
3 0.552500 0.666667 0.006667 0.018333
3 0.530000 0.391667 0.008333 0.016667
3 0.541667 0.695000 0.010000 0.020000
2 0.433333 0.761667 0.010833 0.091667
2 0.485833 0.356667 0.009167 0.040000
3 0.408333 0.685000 0.007500 0.018333
3 0.540000 0.733333 0.007500 0.015000
3 0.311667 0.351667 0.009167 0.015000
2 0.774167 0.655000 0.022500 0.023333
3 0.479167 0.703333 0.010000 0.016667
2 0.677500 0.346667 0.035000 0.105000
2 0.815000 0.396667 0.021667 0.090000
2 0.289167 0.640000 0.058333 0.076667
2 0.510000 0.655000 0.017500 0.116667
2 0.473333 0.301667 0.014167 0.015000
3 0.779167 0.605000 0.009167 0.016667
3 0.349167 0.836667 0.010000 0.020000
2 0.405833 0.743333 0.027500 0.016667
2 0.779167 0.340000 0.011667 0.025000
2 0.339167 0.725000 0.020833 0.080000
2 0.329167 0.253333 0.034167 0.038333
2 0.545833 0.416667 0.017500 0.116667
2 0.315000 0.351667 0.011667 0.066667
3 0.239167 0.748333 0.017500 0.031667
3 0.646667 0.343333 0.010833 0.013333
3 0.561667 0.741667 0.010000 0.016667
3 0.666667 0.703333 0.008333 0.016667
3 0.740833 0.806667 0.013333 0.031667
2 0.666667 0.421667 0.021667 0.090000
2 0.595833 0.710000 0.011667 0.025000
2 0.662500 0.381667 0.058333 0.076667
3 0.470000 0.373333 0.009167 0.016667
3 0.375833 0.365000 0.015833 0.051667
2 0.658333 0.308333 0.010833 0.091667
2 0.465833 0.810000 0.013333 0.070000
3 0.505000 0.333333 0.008333 0.016667
2 0.211667 0.445000 0.030833 0.051667
2 0.753333 0.395000 0.026667 0.035000
2 0.384167 0.348333 0.015833 0.068333
2 0.278333 0.663333 0.011667 0.025000
2 0.220833 0.670000 0.023333 0.106667
3 0.731667 0.361667 0.007500 0.016667
2 0.450833 0.703333 0.045833 0.021667
3 0.371667 0.758333 0.009167 0.015000
2 0.789167 0.450000 0.013333 0.070000
2 0.305833 0.770000 0.020000 0.021667
3 0.823333 0.706667 0.008333 0.021667
3 0.592500 0.156667 0.010833 0.013333
3 0.740000 0.746667 0.011667 0.020000
3 0.532500 0.373333 0.008333 0.016667
2 0.731667 0.463333 0.013333 0.070000
3 0.239167 0.763333 0.009167 0.016667
3 0.812500 0.711667 0.009167 0.018333
2 0.565000 0.628333 0.020833 0.028333
2 0.682500 0.646667 0.097500 0.053333
