4 0.788333 0.471667 0.171667 0.048333
4 0.837500 0.585000 0.035000 0.078333
4 0.824167 0.548333 0.080000 0.081667
4 0.869167 0.455000 0.044167 0.033333
4 0.911667 0.481667 0.031667 0.035000
4 0.844167 0.461667 0.052500 0.108333
4 0.895833 0.505000 0.069167 0.088333
4 0.818333 0.675000 0.114167 0.260000
4 0.822500 0.538333 0.060000 0.028333
4 0.852500 0.366667 0.073333 0.023333
4 0.435000 0.588333 0.120000 0.101667
4 0.795000 0.565000 0.052500 0.035000
4 0.078333 0.500000 0.125833 0.053333
4 0.440000 0.580000 0.198333 0.096667
4 0.620833 0.541667 0.057500 0.093333
4 0.607500 0.506667 0.137500 0.071667
4 0.233333 0.526667 0.051667 0.111667
4 0.113333 0.576667 0.110833 0.031667
4 0.690833 0.526667 0.068333 0.035000
4 0.025833 0.543333 0.051667 0.043333
2 0.398333 0.548333 0.023333 0.106667
2 0.480000 0.421667 0.034167 0.038333
2 0.200833 0.510000 0.023333 0.106667
2 0.320833 0.480000 0.048333 0.043333
2 0.456667 0.430000 0.029167 0.038333
2 0.025833 0.480000 0.011667 0.066667
3 0.285000 0.470000 0.010833 0.013333
2 0.506667 0.578333 0.020000 0.021667
2 0.421667 0.468333 0.014167 0.015000
2 0.071667 0.568333 0.023333 0.041667
2 0.396667 0.503333 0.045833 0.021667
3 0.035833 0.543333 0.007500 0.018333
2 0.533333 0.590000 0.023333 0.041667
2 0.176667 0.506667 0.020833 0.080000
2 0.065000 0.480000 0.035000 0.105000
3 0.195833 0.608333 0.010833 0.023333
2 0.160000 0.470000 0.010833 0.091667
2 0.818333 0.630000 0.011667 0.066667
3 0.440000 0.476667 0.014167 0.025000
3 0.500000 0.498333 0.007500 0.018333
3 0.620833 0.510000 0.007500 0.018333
2 0.761667 0.483333 0.023333 0.106667
2 0.402500 0.565000 0.058333 0.076667
3 0.654167 0.581667 0.006667 0.018333
3 0.657500 0.500000 0.017500 0.031667
3 0.500000 0.450000 0.008333 0.016667
2 0.273333 0.548333 0.023333 0.041667
3 0.067500 0.488333 0.017500 0.031667
3 0.515000 0.500000 0.008333 0.016667
3 0.825000 0.356667 0.008333 0.016667
2 0.410833 0.543333 0.022500 0.023333
3 0.361667 0.568333 0.008333 0.016667
2 0.241667 0.558333 0.011667 0.025000
2 0.399167 0.548333 0.027500 0.016667
2 0.632500 0.441667 0.015833 0.068333
3 0.551667 0.505000 0.007500 0.015000
2 0.233333 0.488333 0.097500 0.053333
3 0.530833 0.486667 0.010000 0.016667
2 0.154167 0.545000 0.017500 0.116667
3 0.818333 0.518333 0.014167 0.025000
2 0.782500 0.505000 0.034167 0.038333
2 0.727500 0.550000 0.013333 0.070000
3 0.337500 0.576667 0.017500 0.031667
3 0.245833 0.583333 0.007500 0.015000
2 0.215000 0.528333 0.011667 0.025000
2 0.503333 0.463333 0.023333 0.041667
3 0.248333 0.575000 0.010833 0.023333
3 0.667500 0.558333 0.007500 0.015000
3 0.282500 0.548333 0.008333 0.016667
2 0.070833 0.526667 0.010000 0.031667
2 0.312500 0.563333 0.017500 0.116667
3 0.810833 0.568333 0.007500 0.015000
3 0.080833 0.526667 0.013333 0.015000
3 0.675833 0.468333 0.017500 0.031667
3 0.560833 0.533333 0.006667 0.018333
3 0.803333 0.478333 0.008333 0.021667
2 0.705833 0.573333 0.011667 0.066667
3 0.804167 0.455000 0.009167 0.015000
2 0.400833 0.531667 0.022500 0.023333
2 0.804167 0.533333 0.023333 0.041667
2 0.503333 0.533333 0.010000 0.031667
2 0.349167 0.503333 0.021667 0.090000
3 0.296667 0.536667 0.008333 0.016667
3 0.537500 0.570000 0.010833 0.023333
2 0.252500 0.465000 0.011667 0.025000
3 0.102500 0.516667 0.009167 0.015000
2 0.668333 0.565000 0.013333 0.070000
3 0.085833 0.576667 0.015833 0.051667
2 0.762500 0.516667 0.035000 0.105000
2 0.225000 0.551667 0.020833 0.028333
3 0.600000 0.591667 0.010833 0.023333
3 0.640000 0.583333 0.007500 0.015000
3 0.572500 0.525000 0.007500 0.018333
3 0.490833 0.433333 0.009167 0.015000
3 0.587500 0.558333 0.013333 0.031667
3 0.794167 0.538333 0.010833 0.013333
2 0.251667 0.606667 0.009167 0.031667
2 0.631667 0.586667 0.027500 0.016667
3 0.591667 0.576667 0.011667 0.020000
2 0.630000 0.516667 0.034167 0.100000
2 0.049167 0.531667 0.027500 0.016667
2 0.205833 0.478333 0.020833 0.080000
2 0.691667 0.556667 0.017500 0.116667
3 0.384167 0.503333 0.008333 0.016667
3 0.751667 0.560000 0.008333 0.016667
2 0.657500 0.453333 0.058333 0.076667
2 0.460833 0.480000 0.011667 0.066667
2 0.605000 0.485000 0.009167 0.031667
2 0.125000 0.526667 0.019167 0.046667
2 0.459167 0.530000 0.009167 0.031667
3 0.083333 0.498333 0.008333 0.016667
2 0.307500 0.505000 0.035000 0.105000
3 0.270000 0.553333 0.010833 0.013333
3 0.328333 0.466667 0.011667 0.030000
2 0.161667 0.566667 0.011667 0.066667
3 0.824167 0.651667 0.009167 0.018333
3 0.185000 0.570000 0.007500 0.016667
2 0.200000 0.461667 0.013333 0.070000
2 0.059167 0.525000 0.011667 0.066667
2 0.728333 0.533333 0.026667 0.035000
3 0.765000 0.585000 0.017500 0.031667
2 0.275833 0.578333 0.048333 0.025000
2 0.669167 0.351667 0.027500 0.016667
2 0.770833 0.396667 0.045833 0.021667
3 0.425833 0.371667 0.010833 0.013333
2 0.176667 0.661667 0.026667 0.035000
2 0.368333 0.685000 0.022500 0.023333
3 0.635833 0.628333 0.011667 0.020000
2 0.640000 0.400000 0.048333 0.043333
2 0.746667 0.706667 0.029167 0.038333
2 0.824167 0.438333 0.020833 0.080000
2 0.710000 0.681667 0.009167 0.031667
3 0.679167 0.348333 0.007500 0.015000
3 0.694167 0.725000 0.010833 0.013333
2 0.469167 0.823333 0.023333 0.106667
3 0.510000 0.663333 0.017500 0.031667
3 0.720833 0.375000 0.010833 0.013333
3 0.347500 0.786667 0.007500 0.016667
3 0.640833 0.676667 0.008333 0.021667
3 0.677500 0.665000 0.009167 0.016667
2 0.239167 0.358333 0.048333 0.043333
3 0.706667 0.371667 0.015833 0.051667
3 0.435000 0.378333 0.009167 0.016667
2 0.717500 0.405000 0.010833 0.091667
3 0.732500 0.705000 0.013333 0.031667
2 0.666667 0.435000 0.026667 0.035000
3 0.704167 0.671667 0.008333 0.016667
2 0.659167 0.436667 0.048333 0.025000
2 0.289167 0.708333 0.010000 0.031667
3 0.650000 0.668333 0.010000 0.020000
2 0.277500 0.855000 0.045833 0.021667
3 0.795833 0.401667 0.015833 0.051667
3 0.410000 0.676667 0.009167 0.015000
2 0.746667 0.685000 0.020833 0.080000
2 0.652500 0.613333 0.045833 0.021667
2 0.487500 0.240000 0.010833 0.091667
3 0.617500 0.375000 0.011667 0.030000
3 0.821667 0.420000 0.017500 0.031667
3 0.540000 0.723333 0.010000 0.020000
2 0.452500 0.838333 0.034167 0.100000
2 0.523333 0.413333 0.026667 0.035000
3 0.259167 0.363333 0.007500 0.015000
2 0.426667 0.671667 0.020000 0.021667
2 0.285000 0.265000 0.020833 0.080000
2 0.688333 0.611667 0.058333 0.076667
2 0.544167 0.638333 0.019167 0.046667
2 0.795833 0.651667 0.023333 0.106667
2 0.526667 0.385000 0.021667 0.090000
2 0.338333 0.395000 0.029167 0.038333
2 0.736667 0.581667 0.058333 0.076667
3 0.772500 0.678333 0.011667 0.020000
3 0.796667 0.638333 0.008333 0.016667
3 0.786667 0.396667 0.007500 0.018333
2 0.709167 0.346667 0.045833 0.021667
2 0.656667 0.338333 0.045833 0.021667
2 0.807500 0.401667 0.023333 0.041667
2 0.348333 0.375000 0.023333 0.106667
2 0.635833 0.401667 0.058333 0.076667
3 0.716667 0.606667 0.007500 0.015000
3 0.360833 0.666667 0.010000 0.020000
2 0.529167 0.720000 0.021667 0.090000
2 0.599167 0.640000 0.045833 0.021667
3 0.762500 0.418333 0.008333 0.016667
2 0.396667 0.668333 0.023333 0.041667
2 0.566667 0.713333 0.011667 0.066667
3 0.479167 0.703333 0.010000 0.020000
3 0.628333 0.328333 0.006667 0.018333
2 0.234167 0.401667 0.020833 0.080000
3 0.770833 0.591667 0.010833 0.013333
2 0.677500 0.693333 0.022500 0.023333
3 0.697500 0.650000 0.014167 0.025000
2 0.447500 0.756667 0.013333 0.070000
3 0.446667 0.373333 0.009167 0.023333
3 0.364167 0.306667 0.008333 0.016667
3 0.791667 0.656667 0.008333 0.016667
3 0.800833 0.408333 0.006667 0.018333
3 0.647500 0.413333 0.006667 0.018333
3 0.410833 0.678333 0.007500 0.016667
3 0.745833 0.780000 0.010000 0.020000
3 0.393333 0.703333 0.007500 0.015000
2 0.639167 0.651667 0.011667 0.066667
2 0.557500 0.368333 0.010000 0.031667
3 0.575000 0.173333 0.007500 0.016667
2 0.304167 0.366667 0.020000 0.021667
3 0.646667 0.371667 0.008333 0.016667
3 0.362500 0.668333 0.006667 0.018333
2 0.692500 0.366667 0.048333 0.025000
3 0.705000 0.436667 0.013333 0.015000
2 0.774167 0.726667 0.010833 0.091667
2 0.635000 0.361667 0.058333 0.076667
3 0.544167 0.621667 0.009167 0.018333
3 0.680833 0.428333 0.009167 0.023333
2 0.339167 0.721667 0.021667 0.090000
2 0.330833 0.723333 0.026667 0.035000
2 0.690000 0.606667 0.009167 0.040000
2 0.746667 0.631667 0.023333 0.106667
3 0.396667 0.661667 0.015833 0.051667
2 0.685000 0.675000 0.030833 0.051667
3 0.696667 0.716667 0.008333 0.021667
3 0.560833 0.436667 0.011667 0.030000
2 0.303333 0.338333 0.020833 0.080000
3 0.695000 0.348333 0.007500 0.015000
2 0.721667 0.720000 0.020000 0.021667
3 0.320833 0.353333 0.011667 0.020000
3 0.730000 0.588333 0.014167 0.025000
3 0.557500 0.373333 0.009167 0.023333
3 0.152500 0.673333 0.008333 0.016667
2 0.761667 0.583333 0.058333 0.076667
3 0.476667 0.816667 0.008333 0.016667
2 0.799167 0.683333 0.020833 0.080000
3 0.710000 0.720000 0.014167 0.025000
2 0.399167 0.365000 0.020833 0.028333
2 0.749167 0.408333 0.034167 0.038333
2 0.277500 0.341667 0.023333 0.041667
2 0.699167 0.711667 0.019167 0.046667
3 0.845000 0.323333 0.008333 0.016667
3 0.718333 0.623333 0.010833 0.013333
3 0.485000 0.210000 0.007500 0.015000
2 0.704167 0.296667 0.029167 0.038333
3 0.341667 0.770000 0.009167 0.015000
3 0.764167 0.361667 0.017500 0.031667
3 0.305833 0.391667 0.008333 0.016667
3 0.715000 0.306667 0.008333 0.016667
2 0.684167 0.360000 0.034167 0.038333
2 0.522500 0.693333 0.048333 0.025000
2 0.756667 0.328333 0.020833 0.028333
2 0.790000 0.633333 0.048333 0.025000
3 0.764167 0.686667 0.015833 0.051667
2 0.515833 0.788333 0.010000 0.031667
2 0.660000 0.381667 0.020833 0.080000
2 0.667500 0.390000 0.015833 0.068333
2 0.707500 0.328333 0.015833 0.068333
3 0.677500 0.625000 0.009167 0.023333
3 0.280000 0.653333 0.009167 0.018333
3 0.359167 0.316667 0.007500 0.018333
2 0.692500 0.338333 0.027500 0.016667
2 0.585000 0.321667 0.045833 0.021667
3 0.620000 0.678333 0.009167 0.016667
3 0.530833 0.720000 0.009167 0.016667
2 0.348333 0.636667 0.045833 0.021667
2 0.702500 0.680000 0.097500 0.053333
2 0.269167 0.403333 0.045833 0.021667
3 0.675833 0.426667 0.007500 0.018333
2 0.715000 0.635000 0.020000 0.021667
3 0.679167 0.338333 0.009167 0.015000
3 0.458333 0.881667 0.009167 0.018333
2 0.691667 0.998333 0.045833 0.001667
3 0.698333 0.303333 0.011667 0.030000
3 0.545000 0.238333 0.008333 0.016667
2 0.695000 0.593333 0.034167 0.038333
3 0.683333 0.278333 0.013333 0.015000
3 0.344167 0.636667 0.009167 0.015000
2 0.554167 0.666667 0.048333 0.025000
3 0.777500 0.701667 0.011667 0.020000
2 0.751667 0.361667 0.011667 0.025000
3 0.708333 0.421667 0.009167 0.016667
3 0.786667 0.401667 0.007500 0.016667
2 0.446667 0.730000 0.023333 0.041667
3 0.296667 0.866667 0.008333 0.021667
3 0.684167 0.628333 0.010833 0.023333
2 0.712500 0.426667 0.029167 0.038333
2 0.351667 0.401667 0.017500 0.116667
3 0.656667 0.668333 0.007500 0.015000
3 0.685000 0.636667 0.008333 0.021667
2 0.654167 0.315000 0.009167 0.040000
3 0.337500 0.366667 0.010833 0.013333
2 0.485000 0.355000 0.011667 0.066667
2 0.738333 0.611667 0.029167 0.038333
3 0.288333 0.320000 0.007500 0.018333
2 0.545833 0.416667 0.017500 0.116667
2 0.269167 0.413333 0.023333 0.041667
3 0.500000 0.773333 0.008333 0.016667
3 0.528333 0.998333 0.014167 0.001667
3 0.530000 0.291667 0.007500 0.015000
2 0.435833 0.903333 0.023333 0.041667
2 0.530833 0.998333 0.058333 0.001667
3 0.222500 0.426667 0.009167 0.016667
3 0.352500 0.311667 0.008333 0.016667
3 0.699167 0.260000 0.008333 0.016667
2 0.480000 0.406667 0.020833 0.080000
2 0.648333 0.650000 0.021667 0.090000
3 0.582500 0.611667 0.013333 0.015000
2 0.711667 0.721667 0.048333 0.025000
2 0.789167 0.653333 0.009167 0.031667
3 0.347500 0.305000 0.010833 0.023333
2 0.536667 0.313333 0.014167 0.015000
3 0.651667 0.326667 0.014167 0.025000
3 0.314167 0.665000 0.008333 0.021667
3 0.720833 0.998333 0.006667 0.001667
2 0.678333 0.356667 0.045833 0.021667
3 0.286667 0.823333 0.009167 0.016667
2 0.298333 0.285000 0.048333 0.025000
2 0.666667 0.746667 0.030833 0.051667
2 0.275000 0.403333 0.009167 0.031667
2 0.692500 0.266667 0.015833 0.068333
2 0.575000 0.628333 0.009167 0.031667
3 0.541667 0.693333 0.009167 0.023333
3 0.636667 0.626667 0.009167 0.018333
2 0.480000 0.206667 0.017500 0.116667
2 0.630000 0.461667 0.013333 0.070000
