4 0.836667 0.663333 0.085000 0.203333
4 0.860000 0.548333 0.073333 0.166667
4 0.827500 0.433333 0.055000 0.103333
4 0.843333 0.563333 0.062500 0.051667
4 0.889167 0.526667 0.044167 0.025000
4 0.875833 0.503333 0.045000 0.025000
4 0.787500 0.460000 0.122500 0.198333
4 0.852500 0.565000 0.070833 0.028333
4 0.860000 0.538333 0.075000 0.136667
4 0.844167 0.515000 0.120000 0.036667
4 0.067500 0.618333 0.135833 0.240000
4 0.199167 0.533333 0.050000 0.041667
4 0.252500 0.485000 0.059167 0.110000
4 0.389167 0.545000 0.060833 0.103333
4 0.446667 0.526667 0.039167 0.053333
4 0.496667 0.545000 0.110000 0.035000
4 0.148333 0.511667 0.046667 0.053333
4 0.498333 0.640000 0.126667 0.188333
4 0.542500 0.656667 0.139167 0.161667
4 0.429167 0.605000 0.172500 0.161667
3 0.747500 0.556667 0.009167 0.016667
3 0.526667 0.480000 0.008333 0.016667
3 0.347500 0.481667 0.007500 0.018333
2 0.737500 0.505000 0.021667 0.090000
2 0.667500 0.465000 0.010000 0.031667
3 0.141667 0.533333 0.010000 0.020000
3 0.219167 0.468333 0.008333 0.016667
3 0.110833 0.456667 0.007500 0.015000
2 0.812500 0.480000 0.011667 0.066667
3 0.025000 0.573333 0.008333 0.016667
3 0.719167 0.533333 0.010000 0.020000
3 0.490833 0.588333 0.017500 0.031667
3 0.326667 0.603333 0.013333 0.015000
2 0.733333 0.501667 0.010000 0.031667
2 0.160000 0.500000 0.048333 0.043333
2 0.522500 0.555000 0.097500 0.053333
2 0.787500 0.485000 0.023333 0.041667
2 0.158333 0.461667 0.034167 0.038333
3 0.236667 0.516667 0.008333 0.016667
3 0.660833 0.516667 0.017500 0.031667
2 0.223333 0.498333 0.013333 0.070000
2 0.471667 0.593333 0.034167 0.100000
2 0.484167 0.561667 0.011667 0.066667
2 0.342500 0.560000 0.027500 0.016667
2 0.480000 0.466667 0.020000 0.021667
2 0.486667 0.506667 0.034167 0.100000
2 0.162500 0.568333 0.029167 0.038333
3 0.411667 0.518333 0.013333 0.031667
2 0.080833 0.580000 0.034167 0.100000
3 0.350833 0.521667 0.010833 0.023333
3 0.256667 0.561667 0.008333 0.021667
3 0.180833 0.453333 0.010000 0.016667
3 0.720000 0.553333 0.009167 0.018333
2 0.629167 0.541667 0.014167 0.015000
2 0.740000 0.483333 0.048333 0.043333
3 0.636667 0.451667 0.007500 0.015000
3 0.029167 0.505000 0.008333 0.016667
2 0.239167 0.585000 0.045833 0.021667
2 0.073333 0.520000 0.020833 0.080000
2 0.073333 0.503333 0.014167 0.015000
3 0.668333 0.470000 0.008333 0.016667
3 0.595000 0.503333 0.011667 0.020000
3 0.506667 0.511667 0.007500 0.015000
2 0.626667 0.551667 0.009167 0.040000
2 0.472500 0.531667 0.010833 0.091667
3 0.783333 0.490000 0.014167 0.025000
3 0.557500 0.521667 0.009167 0.018333
2 0.436667 0.563333 0.034167 0.038333
2 0.166667 0.421667 0.011667 0.066667
3 0.755833 0.580000 0.009167 0.016667
2 0.408333 0.461667 0.034167 0.038333
3 0.520833 0.540000 0.007500 0.018333
2 0.625000 0.511667 0.009167 0.031667
2 0.458333 0.500000 0.020833 0.080000
2 0.507500 0.481667 0.019167 0.046667
2 0.015833 0.558333 0.032500 0.043333
2 0.663333 0.485000 0.048333 0.043333
3 0.030000 0.515000 0.017500 0.031667
3 0.502500 0.460000 0.013333 0.031667
2 0.260000 0.556667 0.010000 0.031667
2 0.655833 0.543333 0.019167 0.046667
2 0.805000 0.446667 0.020000 0.021667
2 0.434167 0.516667 0.030833 0.051667
2 0.315000 0.496667 0.014167 0.015000
3 0.308333 0.558333 0.013333 0.031667
2 0.480000 0.395000 0.020833 0.028333
2 0.436667 0.496667 0.020833 0.080000
3 0.115833 0.530000 0.009167 0.015000
2 0.415000 0.476667 0.027500 0.016667
2 0.160000 0.450000 0.034167 0.038333
2 0.392500 0.443333 0.011667 0.066667
3 0.687500 0.580000 0.007500 0.015000
2 0.799167 0.478333 0.011667 0.025000
3 0.137500 0.440000 0.010833 0.013333
3 0.385833 0.563333 0.007500 0.015000
3 0.231667 0.540000 0.013333 0.015000
2 0.176667 0.470000 0.030833 0.051667
2 0.261667 0.505000 0.021667 0.090000
2 0.436667 0.498333 0.009167 0.031667
2 0.408333 0.573333 0.029167 0.038333
3 0.495000 0.415000 0.006667 0.018333
3 0.684167 0.466667 0.008333 0.016667
2 0.175000 0.581667 0.011667 0.066667
2 0.273333 0.558333 0.020833 0.080000
2 0.763333 0.478333 0.026667 0.035000
3 0.587500 0.530000 0.009167 0.016667
2 0.425833 0.478333 0.019167 0.046667
3 0.079167 0.536667 0.007500 0.018333
3 0.415000 0.491667 0.009167 0.016667
2 0.179167 0.535000 0.011667 0.025000
2 0.440000 0.503333 0.048333 0.025000
2 0.080000 0.496667 0.011667 0.066667
2 0.362500 0.463333 0.034167 0.038333
3 0.816667 0.563333 0.009167 0.018333
2 0.147500 0.493333 0.020000 0.021667
2 0.057500 0.571667 0.029167 0.038333
2 0.769167 0.566667 0.048333 0.025000
3 0.413333 0.541667 0.008333 0.016667
3 0.622500 0.565000 0.014167 0.025000
3 0.064167 0.555000 0.008333 0.021667
2 0.460833 0.456667 0.029167 0.038333
2 0.450833 0.560000 0.009167 0.031667
3 0.678333 0.668333 0.010000 0.020000
2 0.434167 0.720000 0.023333 0.041667
3 0.776667 0.363333 0.007500 0.015000
2 0.710000 0.461667 0.034167 0.100000
3 0.778333 0.348333 0.013333 0.031667
3 0.176667 0.391667 0.008333 0.016667
3 0.776667 0.651667 0.009167 0.016667
3 0.262500 0.393333 0.007500 0.016667
2 0.689167 0.356667 0.035000 0.105000
2 0.568333 0.631667 0.014167 0.015000
2 0.534167 0.676667 0.020000 0.021667
3 0.795000 0.713333 0.007500 0.015000
3 0.365833 0.665000 0.008333 0.016667
2 0.690833 0.635000 0.014167 0.015000
3 0.555833 0.820000 0.009167 0.016667
3 0.418333 0.843333 0.011667 0.030000
2 0.267500 0.713333 0.048333 0.043333
3 0.386667 0.361667 0.010833 0.013333
3 0.805833 0.433333 0.011667 0.020000
3 0.375000 0.793333 0.013333 0.015000
2 0.665833 0.413333 0.020833 0.028333
2 0.685833 0.395000 0.011667 0.025000
2 0.719167 0.690000 0.048333 0.025000
3 0.609167 0.348333 0.007500 0.018333
2 0.320833 0.690000 0.011667 0.025000
2 0.731667 0.423333 0.022500 0.023333
3 0.685000 0.426667 0.008333 0.021667
2 0.445833 0.720000 0.009167 0.031667
3 0.261667 0.800000 0.009167 0.016667
2 0.260833 0.663333 0.045833 0.021667
2 0.661667 0.651667 0.029167 0.038333
3 0.679167 0.681667 0.009167 0.018333
2 0.789167 0.385000 0.009167 0.040000
3 0.630000 0.361667 0.008333 0.016667
2 0.760000 0.641667 0.058333 0.076667
2 0.685833 0.383333 0.017500 0.116667
3 0.310000 0.398333 0.009167 0.016667
2 0.301667 0.708333 0.011667 0.025000
3 0.336667 0.383333 0.008333 0.016667
3 0.513333 0.703333 0.011667 0.020000
3 0.350000 0.735000 0.010833 0.013333
3 0.712500 0.380000 0.010833 0.023333
3 0.484167 0.718333 0.007500 0.018333
3 0.325833 0.713333 0.008333 0.021667
2 0.305833 0.653333 0.048333 0.043333
2 0.437500 0.370000 0.013333 0.070000
3 0.545000 0.198333 0.017500 0.031667
3 0.750000 0.628333 0.010833 0.023333
3 0.805000 0.335000 0.007500 0.016667
3 0.661667 0.413333 0.009167 0.018333
3 0.423333 0.723333 0.014167 0.025000
3 0.479167 0.703333 0.010000 0.016667
2 0.739167 0.615000 0.023333 0.041667
2 0.595833 0.625000 0.097500 0.053333
2 0.600000 0.348333 0.023333 0.106667
2 0.829167 0.411667 0.010000 0.031667
2 0.685833 0.656667 0.021667 0.090000
2 0.784167 0.371667 0.021667 0.090000
3 0.318333 0.641667 0.008333 0.016667
2 0.260833 0.778333 0.011667 0.066667
2 0.492500 0.261667 0.014167 0.015000
3 0.801667 0.650000 0.010833 0.013333
2 0.274167 0.645000 0.020833 0.028333
2 0.592500 0.196667 0.010833 0.091667
3 0.482500 0.756667 0.009167 0.016667
2 0.282500 0.185000 0.020833 0.080000
3 0.542500 0.441667 0.007500 0.015000
2 0.599167 0.686667 0.011667 0.066667
3 0.665000 0.351667 0.011667 0.020000
3 0.689167 0.363333 0.011667 0.030000
2 0.781667 0.743333 0.023333 0.106667
3 0.626667 0.378333 0.008333 0.016667
2 0.660000 0.430000 0.011667 0.025000
2 0.453333 0.250000 0.009167 0.040000
3 0.705833 0.708333 0.011667 0.030000
3 0.307500 0.340000 0.007500 0.018333
2 0.525833 0.731667 0.027500 0.016667
3 0.307500 0.381667 0.013333 0.015000
2 0.321667 0.348333 0.023333 0.106667
2 0.555833 0.738333 0.035000 0.105000
3 0.271667 0.343333 0.009167 0.015000
3 0.658333 0.383333 0.010833 0.023333
2 0.525000 0.683333 0.029167 0.038333
3 0.525833 0.683333 0.008333 0.016667
2 0.778333 0.653333 0.020833 0.028333
2 0.506667 0.645000 0.097500 0.053333
2 0.635833 0.641667 0.017500 0.116667
3 0.655000 0.410000 0.017500 0.031667
2 0.619167 0.385000 0.023333 0.106667
2 0.235000 0.353333 0.019167 0.046667
3 0.612500 0.681667 0.008333 0.016667
3 0.688333 0.378333 0.015833 0.051667
3 0.370833 0.761667 0.011667 0.020000
2 0.251667 0.766667 0.020000 0.021667
2 0.495833 0.666667 0.014167 0.015000
2 0.487500 0.300000 0.048333 0.043333
3 0.806667 0.631667 0.008333 0.016667
3 0.419167 0.716667 0.007500 0.018333
3 0.776667 0.603333 0.010000 0.016667
2 0.697500 0.656667 0.011667 0.066667
3 0.541667 0.690000 0.009167 0.018333
3 0.774167 0.380000 0.011667 0.020000
3 0.510000 0.343333 0.008333 0.016667
2 0.782500 0.688333 0.013333 0.070000
3 0.350833 0.430000 0.010000 0.020000
3 0.496667 0.165000 0.006667 0.018333
3 0.290000 0.783333 0.009167 0.016667
2 0.545000 0.693333 0.021667 0.090000
3 0.800833 0.376667 0.011667 0.030000
2 0.729167 0.325000 0.097500 0.053333
2 0.505000 0.301667 0.029167 0.038333
2 0.686667 0.308333 0.011667 0.066667
2 0.634167 0.673333 0.021667 0.090000
3 0.765833 0.666667 0.010000 0.016667
3 0.443333 0.356667 0.010000 0.016667
3 0.710833 0.436667 0.013333 0.015000
2 0.549167 0.658333 0.029167 0.038333
2 0.639167 0.376667 0.035000 0.105000
3 0.701667 0.668333 0.015833 0.051667
3 0.349167 0.708333 0.007500 0.018333
2 0.500000 0.330000 0.017500 0.116667
3 0.470000 0.316667 0.007500 0.018333
2 0.503333 0.326667 0.011667 0.025000
3 0.202500 0.660000 0.008333 0.016667
2 0.792500 0.415000 0.023333 0.106667
3 0.691667 0.713333 0.007500 0.018333
3 0.674167 0.426667 0.011667 0.020000
3 0.642500 0.441667 0.009167 0.016667
3 0.365833 0.620000 0.009167 0.023333
2 0.665833 0.683333 0.009167 0.040000
2 0.436667 0.795000 0.019167 0.046667
2 0.725833 0.408333 0.009167 0.040000
2 0.683333 0.626667 0.015833 0.068333
2 0.562500 0.708333 0.010833 0.091667
2 0.759167 0.691667 0.027500 0.016667
2 0.703333 0.656667 0.030833 0.051667
3 0.508333 0.288333 0.013333 0.015000
3 0.754167 0.616667 0.017500 0.031667
3 0.704167 0.406667 0.007500 0.018333
3 0.646667 0.410000 0.007500 0.015000
3 0.786667 0.396667 0.008333 0.016667
3 0.549167 0.236667 0.013333 0.031667
2 0.235000 0.708333 0.048333 0.025000
2 0.441667 0.288333 0.034167 0.038333
2 0.580833 0.763333 0.013333 0.070000
2 0.233333 0.793333 0.020833 0.080000
2 0.302500 0.651667 0.058333 0.076667
3 0.812500 0.621667 0.010000 0.016667
2 0.640000 0.391667 0.020833 0.028333
2 0.353333 0.685000 0.020833 0.028333
3 0.677500 0.621667 0.010000 0.016667
3 0.274167 0.415000 0.009167 0.016667
3 0.704167 0.375000 0.009167 0.016667
2 0.735833 0.635000 0.030833 0.051667
3 0.225000 0.410000 0.008333 0.016667
2 0.339167 0.685000 0.020833 0.028333
3 0.270833 0.865000 0.008333 0.016667
2 0.725833 0.341667 0.097500 0.053333
2 0.809167 0.723333 0.026667 0.035000
2 0.456667 0.725000 0.023333 0.041667
2 0.672500 0.368333 0.020833 0.080000
2 0.776667 0.321667 0.014167 0.015000
3 0.445000 0.140000 0.009167 0.018333
2 0.510000 0.641667 0.023333 0.041667
3 0.590833 0.758333 0.015833 0.051667
3 0.683333 0.675000 0.008333 0.016667
3 0.421667 0.221667 0.011667 0.030000
3 0.796667 0.391667 0.010833 0.013333
2 0.647500 0.413333 0.026667 0.035000
2 0.522500 0.400000 0.027500 0.016667
2 0.775833 0.431667 0.013333 0.070000
3 0.262500 0.353333 0.013333 0.015000
2 0.441667 0.371667 0.013333 0.070000
2 0.424167 0.748333 0.013333 0.070000
3 0.729167 0.411667 0.008333 0.016667
2 0.694167 0.336667 0.011667 0.025000
2 0.529167 0.356667 0.011667 0.025000
2 0.627500 0.646667 0.026667 0.035000
2 0.763333 0.430000 0.010833 0.091667
3 0.255833 0.390000 0.009167 0.015000
2 0.510000 0.300000 0.020833 0.080000
3 0.510833 0.260000 0.010000 0.020000
2 0.162500 0.363333 0.035000 0.105000
2 0.610000 0.601667 0.097500 0.053333
3 0.203333 0.726667 0.010000 0.016667
2 0.676667 0.643333 0.022500 0.023333
2 0.486667 0.731667 0.020833 0.080000
2 0.655833 0.346667 0.023333 0.041667
2 0.480833 0.245000 0.020833 0.080000
2 0.785833 0.391667 0.029167 0.038333
3 0.520000 0.668333 0.008333 0.021667
2 0.709167 0.636667 0.035000 0.105000
3 0.724167 0.776667 0.007500 0.016667
3 0.322500 0.240000 0.008333 0.016667
2 0.250000 0.241667 0.058333 0.076667
2 0.716667 0.321667 0.015833 0.068333
2 0.668333 0.346667 0.029167 0.038333
2 0.312500 0.738333 0.011667 0.066667
