4 0.875000 0.668333 0.080833 0.053333
4 0.765833 0.345000 0.227500 0.221667
4 0.835000 0.781667 0.160833 0.326667
4 0.829167 0.386667 0.070833 0.096667
4 0.828333 0.570000 0.048333 0.055000
4 0.890833 0.536667 0.062500 0.121667
4 0.855833 0.586667 0.082500 0.120000
4 0.836667 0.441667 0.102500 0.213333
4 0.819167 0.658333 0.075000 0.126667
4 0.847500 0.678333 0.071667 0.168333
4 0.553333 0.605000 0.146667 0.235000
4 0.441667 0.511667 0.091667 0.030000
4 0.605000 0.421667 0.249167 0.200000
4 0.147500 0.531667 0.220000 0.061667
4 0.790000 0.546667 0.065000 0.041667
4 0.315833 0.536667 0.057500 0.023333
4 0.313333 0.531667 0.119167 0.095000
4 0.434167 0.530000 0.045000 0.016667
4 0.454167 0.683333 0.183333 0.311667
4 0.155833 0.495000 0.062500 0.051667
3 0.787500 0.465000 0.007500 0.015000
3 0.622500 0.600000 0.009167 0.016667
2 0.161667 0.585000 0.048333 0.025000
2 0.491667 0.518333 0.020000 0.021667
2 0.660833 0.563333 0.097500 0.053333
3 0.810000 0.478333 0.013333 0.015000
3 0.780000 0.523333 0.013333 0.015000
2 0.432500 0.503333 0.027500 0.016667
2 0.153333 0.538333 0.048333 0.043333
3 0.265833 0.538333 0.013333 0.031667
2 0.290833 0.495000 0.020833 0.080000
3 0.206667 0.505000 0.009167 0.015000
3 0.437500 0.580000 0.007500 0.015000
2 0.798333 0.575000 0.029167 0.038333
2 0.143333 0.540000 0.048333 0.025000
3 0.377500 0.566667 0.008333 0.016667
3 0.521667 0.470000 0.008333 0.016667
3 0.595833 0.550000 0.009167 0.018333
2 0.191667 0.591667 0.010000 0.031667
2 0.245833 0.546667 0.017500 0.116667
3 0.728333 0.553333 0.007500 0.015000
2 0.549167 0.508333 0.009167 0.040000
2 0.691667 0.473333 0.017500 0.116667
2 0.305833 0.453333 0.045833 0.021667
2 0.681667 0.560000 0.013333 0.070000
2 0.292500 0.540000 0.029167 0.038333
2 0.691667 0.463333 0.023333 0.106667
2 0.322500 0.590000 0.010000 0.031667
3 0.722500 0.505000 0.017500 0.031667
2 0.448333 0.581667 0.045833 0.021667
3 0.692500 0.480000 0.015833 0.051667
3 0.695833 0.453333 0.014167 0.025000
2 0.341667 0.475000 0.010833 0.091667
3 0.307500 0.546667 0.007500 0.018333
2 0.821667 0.568333 0.022500 0.023333
3 0.464167 0.490000 0.008333 0.016667
2 0.092500 0.438333 0.035000 0.105000
3 0.362500 0.478333 0.008333 0.016667
2 0.355833 0.490000 0.034167 0.038333
2 0.724167 0.526667 0.017500 0.116667
2 0.562500 0.500000 0.023333 0.041667
2 0.565000 0.538333 0.011667 0.025000
3 0.330833 0.590000 0.007500 0.015000
3 0.445833 0.466667 0.014167 0.025000
3 0.481667 0.391667 0.010833 0.013333
3 0.251667 0.453333 0.008333 0.016667
3 0.628333 0.558333 0.007500 0.015000
3 0.557500 0.483333 0.009167 0.016667
3 0.368333 0.528333 0.008333 0.016667
3 0.473333 0.511667 0.015833 0.051667
2 0.035833 0.465000 0.015833 0.068333
3 0.535833 0.488333 0.010000 0.016667
3 0.490000 0.580000 0.010833 0.013333
3 0.588333 0.523333 0.010833 0.023333
3 0.717500 0.525000 0.007500 0.018333
2 0.153333 0.570000 0.023333 0.041667
3 0.495000 0.468333 0.013333 0.031667
3 0.521667 0.490000 0.014167 0.025000
3 0.582500 0.561667 0.008333 0.016667
3 0.364167 0.580000 0.009167 0.015000
3 0.216667 0.561667 0.007500 0.015000
3 0.728333 0.520000 0.008333 0.016667
3 0.487500 0.488333 0.008333 0.021667
3 0.462500 0.416667 0.017500 0.031667
2 0.099167 0.468333 0.020833 0.080000
2 0.593333 0.510000 0.011667 0.025000
3 0.615000 0.560000 0.009167 0.023333
3 0.705833 0.545000 0.008333 0.016667
2 0.511667 0.478333 0.011667 0.025000
2 0.743333 0.450000 0.015833 0.068333
3 0.246667 0.523333 0.015833 0.051667
3 0.535833 0.466667 0.011667 0.020000
3 0.347500 0.485000 0.009167 0.015000
3 0.491667 0.583333 0.013333 0.031667
2 0.475833 0.418333 0.015833 0.068333
2 0.464167 0.581667 0.020000 0.021667
2 0.360000 0.571667 0.015833 0.068333
3 0.326667 0.465000 0.015833 0.051667
2 0.324167 0.423333 0.020833 0.080000
2 0.493333 0.521667 0.010000 0.031667
2 0.340833 0.515000 0.014167 0.015000
2 0.290000 0.570000 0.097500 0.053333
2 0.425000 0.621667 0.048333 0.025000
3 0.124167 0.598333 0.010833 0.013333
2 0.325000 0.606667 0.020833 0.080000
2 0.481667 0.483333 0.045833 0.021667
3 0.615000 0.555000 0.010833 0.023333
2 0.684167 0.555000 0.030833 0.051667
2 0.725833 0.585000 0.013333 0.070000
2 0.481667 0.491667 0.034167 0.100000
2 0.408333 0.568333 0.097500 0.053333
3 0.440833 0.613333 0.009167 0.016667
3 0.127500 0.506667 0.010000 0.016667
2 0.384167 0.506667 0.023333 0.041667
3 0.664167 0.493333 0.015833 0.051667
3 0.390833 0.585000 0.008333 0.016667
2 0.425833 0.613333 0.013333 0.070000
2 0.539167 0.486667 0.009167 0.040000
2 0.626667 0.550000 0.045833 0.021667
2 0.432500 0.610000 0.030833 0.051667
3 0.811667 0.458333 0.007500 0.018333
2 0.769167 0.466667 0.097500 0.053333
3 0.328333 0.265000 0.014167 0.025000
3 0.710000 0.626667 0.007500 0.015000
3 0.505833 0.326667 0.009167 0.018333
2 0.287500 0.260000 0.020833 0.080000
2 0.710000 0.658333 0.027500 0.016667
3 0.645000 0.365000 0.008333 0.016667
2 0.678333 0.288333 0.023333 0.041667
2 0.326667 0.373333 0.015833 0.068333
2 0.262500 0.716667 0.019167 0.046667
3 0.582500 0.321667 0.009167 0.023333
3 0.691667 0.673333 0.008333 0.021667
2 0.754167 0.590000 0.020833 0.028333
2 0.723333 0.605000 0.029167 0.038333
3 0.726667 0.405000 0.007500 0.018333
2 0.686667 0.458333 0.010833 0.091667
2 0.535000 0.633333 0.058333 0.076667
3 0.477500 0.631667 0.014167 0.025000
3 0.735000 0.270000 0.013333 0.015000
3 0.347500 0.286667 0.010000 0.016667
3 0.555833 0.821667 0.009167 0.023333
2 0.217500 0.668333 0.021667 0.090000
3 0.469167 0.376667 0.011667 0.030000
3 0.666667 0.350000 0.008333 0.016667
3 0.536667 0.645000 0.013333 0.015000
3 0.686667 0.395000 0.015833 0.051667
3 0.348333 0.326667 0.014167 0.025000
2 0.750000 0.690000 0.015833 0.068333
2 0.512500 0.360000 0.017500 0.116667
2 0.476667 0.368333 0.048333 0.025000
2 0.326667 0.400000 0.009167 0.031667
2 0.319167 0.678333 0.020833 0.080000
3 0.722500 0.348333 0.010000 0.016667
3 0.442500 0.415000 0.007500 0.016667
2 0.496667 0.686667 0.026667 0.035000
2 0.531667 0.615000 0.011667 0.025000
2 0.546667 0.750000 0.048333 0.025000
3 0.810000 0.396667 0.009167 0.015000
2 0.453333 0.880000 0.020000 0.021667
3 0.546667 0.651667 0.009167 0.015000
3 0.490000 0.303333 0.010833 0.013333
3 0.700833 0.666667 0.008333 0.016667
2 0.659167 0.656667 0.045833 0.021667
3 0.645833 0.373333 0.009167 0.023333
2 0.766667 0.685000 0.023333 0.041667
2 0.608333 0.405000 0.023333 0.041667
2 0.371667 0.711667 0.026667 0.035000
3 0.290000 0.768333 0.006667 0.018333
2 0.315000 0.280000 0.014167 0.015000
3 0.386667 0.370000 0.011667 0.030000
3 0.642500 0.376667 0.007500 0.015000
3 0.470000 0.330000 0.017500 0.031667
2 0.272500 0.818333 0.014167 0.015000
2 0.646667 0.403333 0.009167 0.040000
3 0.640833 0.645000 0.007500 0.015000
2 0.300833 0.756667 0.020833 0.080000
2 0.735000 0.623333 0.097500 0.053333
2 0.643333 0.676667 0.022500 0.023333
2 0.787500 0.626667 0.019167 0.046667
3 0.617500 0.378333 0.010000 0.016667
2 0.430833 0.711667 0.034167 0.038333
3 0.293333 0.788333 0.007500 0.016667
2 0.775833 0.670000 0.017500 0.116667
3 0.555833 0.998333 0.008333 0.001667
2 0.609167 0.396667 0.020833 0.080000
3 0.486667 0.751667 0.008333 0.016667
2 0.200000 0.686667 0.013333 0.070000
2 0.335833 0.856667 0.023333 0.106667
3 0.344167 0.750000 0.008333 0.016667
2 0.581667 0.343333 0.015833 0.068333
3 0.553333 0.638333 0.009167 0.015000
3 0.431667 0.808333 0.009167 0.016667
2 0.454167 0.246667 0.097500 0.053333
3 0.388333 0.765000 0.006667 0.018333
3 0.535000 0.370000 0.008333 0.016667
2 0.625000 0.660000 0.058333 0.076667
2 0.575833 0.656667 0.097500 0.053333
3 0.706667 0.410000 0.010833 0.023333
3 0.587500 0.748333 0.006667 0.018333
3 0.790000 0.401667 0.007500 0.015000
2 0.787500 0.646667 0.017500 0.116667
2 0.272500 0.728333 0.023333 0.041667
2 0.714167 0.366667 0.021667 0.090000
2 0.472500 0.253333 0.009167 0.031667
3 0.441667 0.711667 0.007500 0.015000
2 0.802500 0.428333 0.017500 0.116667
3 0.755833 0.593333 0.013333 0.031667
2 0.772500 0.645000 0.048333 0.043333
2 0.475000 0.405000 0.021667 0.090000
3 0.322500 0.241667 0.008333 0.016667
3 0.412500 0.740000 0.014167 0.025000
2 0.680833 0.378333 0.034167 0.038333
2 0.779167 0.416667 0.014167 0.015000
2 0.629167 0.335000 0.010000 0.031667
3 0.334167 0.650000 0.007500 0.015000
3 0.691667 0.648333 0.010833 0.023333
3 0.832500 0.423333 0.011667 0.030000
3 0.773333 0.596667 0.006667 0.018333
3 0.734167 0.693333 0.008333 0.016667
3 0.733333 0.438333 0.009167 0.016667
2 0.486667 0.313333 0.013333 0.070000
3 0.455833 0.663333 0.007500 0.015000
2 0.472500 0.741667 0.020000 0.021667
3 0.310000 0.703333 0.007500 0.016667
3 0.750000 0.641667 0.008333 0.016667
2 0.425833 0.701667 0.021667 0.090000
3 0.790000 0.416667 0.013333 0.015000
2 0.610833 0.371667 0.048333 0.043333
3 0.314167 0.408333 0.007500 0.016667
3 0.691667 0.376667 0.007500 0.016667
3 0.435833 0.398333 0.007500 0.016667
3 0.550833 0.730000 0.009167 0.023333
3 0.679167 0.373333 0.009167 0.015000
3 0.760833 0.601667 0.009167 0.016667
3 0.713333 0.688333 0.008333 0.016667
2 0.675000 0.381667 0.035000 0.105000
2 0.275833 0.728333 0.019167 0.046667
2 0.219167 0.648333 0.011667 0.025000
2 0.333333 0.626667 0.029167 0.038333
3 0.614167 0.375000 0.017500 0.031667
3 0.462500 0.276667 0.013333 0.015000
3 0.425833 0.663333 0.007500 0.015000
3 0.675000 0.441667 0.015833 0.051667
2 0.343333 0.381667 0.027500 0.016667
3 0.630833 0.355000 0.007500 0.015000
3 0.317500 0.371667 0.010833 0.023333
2 0.760833 0.623333 0.019167 0.046667
2 0.787500 0.715000 0.011667 0.066667
2 0.620000 0.333333 0.027500 0.016667
3 0.357500 0.776667 0.011667 0.030000
2 0.761667 0.316667 0.011667 0.066667
2 0.806667 0.433333 0.020833 0.080000
2 0.692500 0.251667 0.011667 0.066667
2 0.346667 0.746667 0.009167 0.040000
2 0.328333 0.730000 0.030833 0.051667
2 0.302500 0.340000 0.020833 0.080000
3 0.535000 0.368333 0.007500 0.016667
3 0.488333 0.780000 0.009167 0.015000
3 0.428333 0.360000 0.008333 0.016667
3 0.718333 0.423333 0.017500 0.031667
3 0.303333 0.153333 0.011667 0.030000
3 0.323333 0.241667 0.017500 0.031667
3 0.828333 0.418333 0.015833 0.051667
2 0.700000 0.428333 0.027500 0.016667
3 0.763333 0.376667 0.015833 0.051667
2 0.737500 0.326667 0.048333 0.043333
2 0.511667 0.656667 0.014167 0.015000
3 0.247500 0.703333 0.008333 0.021667
2 0.497500 0.711667 0.045833 0.021667
2 0.695833 0.388333 0.020833 0.028333
3 0.366667 0.680000 0.010833 0.023333
2 0.379167 0.761667 0.034167 0.038333
3 0.327500 0.236667 0.010000 0.016667
3 0.387500 0.695000 0.007500 0.015000
3 0.748333 0.413333 0.007500 0.015000
2 0.542500 0.998333 0.035000 0.001667
2 0.360000 0.646667 0.011667 0.066667
2 0.674167 0.631667 0.027500 0.016667
3 0.661667 0.345000 0.010000 0.016667
3 0.725000 0.356667 0.009167 0.016667
3 0.322500 0.290000 0.008333 0.016667
2 0.748333 0.420000 0.022500 0.023333
2 0.447500 0.366667 0.009167 0.040000
2 0.540833 0.416667 0.027500 0.016667
2 0.620833 0.301667 0.009167 0.031667
3 0.687500 0.351667 0.013333 0.015000
3 0.327500 0.390000 0.007500 0.015000
2 0.220000 0.353333 0.048333 0.025000
3 0.283333 0.708333 0.007500 0.015000
3 0.748333 0.413333 0.008333 0.016667
3 0.345833 0.783333 0.010833 0.013333
3 0.534167 0.415000 0.014167 0.025000
3 0.700833 0.291667 0.015833 0.051667
3 0.655833 0.413333 0.015833 0.051667
3 0.505833 0.325000 0.009167 0.015000
3 0.383333 0.376667 0.007500 0.018333
3 0.510833 0.423333 0.013333 0.031667
2 0.760833 0.623333 0.019167 0.046667
3 0.778333 0.645000 0.010833 0.023333
2 0.676667 0.313333 0.035000 0.105000
2 0.517500 0.676667 0.034167 0.100000
3 0.790833 0.420000 0.010833 0.023333
2 0.632500 0.316667 0.034167 0.038333
2 0.767500 0.731667 0.010833 0.091667
2 0.726667 0.586667 0.020833 0.028333
2 0.580000 0.343333 0.019167 0.046667
3 0.356667 0.405000 0.008333 0.016667
3 0.428333 0.648333 0.007500 0.015000
3 0.425000 0.351667 0.014167 0.025000
2 0.339167 0.708333 0.010000 0.031667
2 0.238333 0.383333 0.034167 0.038333
2 0.765833 0.885000 0.045833 0.021667
3 0.447500 0.350000 0.013333 0.015000
3 0.644167 0.403333 0.008333 0.016667
3 0.298333 0.646667 0.013333 0.015000
2 0.676667 0.720000 0.011667 0.025000
3 0.671667 0.636667 0.009167 0.016667
3 0.541667 0.320000 0.017500 0.031667
3 0.505833 0.330000 0.009167 0.023333
