4 0.869167 0.441667 0.065833 0.050000
4 0.815833 0.516667 0.059167 0.043333
4 0.850833 0.691667 0.078333 0.103333
4 0.854167 0.388333 0.150000 0.271667
4 0.887500 0.443333 0.085833 0.085000
4 0.826667 0.396667 0.080000 0.100000
4 0.825833 0.401667 0.064167 0.028333
4 0.868333 0.578333 0.102500 0.048333
4 0.835833 0.525000 0.164167 0.081667
4 0.769167 0.465000 0.180833 0.291667
4 0.730833 0.560000 0.099167 0.045000
4 0.197500 0.546667 0.053333 0.080000
4 0.100000 0.573333 0.037500 0.033333
4 0.475833 0.595000 0.061667 0.116667
4 0.405833 0.473333 0.081667 0.113333
4 0.230833 0.533333 0.291667 0.091667
4 0.182500 0.483333 0.213333 0.310000
4 0.145000 0.550000 0.120000 0.078333
4 0.744167 0.466667 0.108333 0.156667
4 0.063333 0.570000 0.117500 0.045000
3 0.547500 0.521667 0.007500 0.018333
2 0.205833 0.501667 0.017500 0.116667
2 0.093333 0.503333 0.030833 0.051667
2 0.079167 0.581667 0.017500 0.116667
2 0.616667 0.515000 0.034167 0.038333
2 0.771667 0.566667 0.011667 0.066667
3 0.591667 0.493333 0.008333 0.021667
3 0.239167 0.515000 0.009167 0.016667
3 0.304167 0.538333 0.007500 0.018333
2 0.230833 0.490000 0.026667 0.035000
2 0.269167 0.485000 0.035000 0.105000
2 0.475000 0.496667 0.029167 0.038333
3 0.621667 0.501667 0.008333 0.016667
3 0.514167 0.491667 0.014167 0.025000
2 0.691667 0.486667 0.020833 0.028333
2 0.125833 0.481667 0.026667 0.035000
3 0.183333 0.600000 0.007500 0.018333
3 0.755833 0.473333 0.009167 0.018333
2 0.715833 0.538333 0.010000 0.031667
3 0.060000 0.485000 0.008333 0.016667
3 0.688333 0.513333 0.009167 0.023333
2 0.267500 0.511667 0.011667 0.066667
2 0.425000 0.575000 0.048333 0.043333
2 0.147500 0.456667 0.010000 0.031667
2 0.075833 0.550000 0.022500 0.023333
3 0.654167 0.470000 0.006667 0.018333
3 0.757500 0.580000 0.010833 0.013333
2 0.212500 0.561667 0.020833 0.080000
2 0.239167 0.545000 0.045833 0.021667
3 0.227500 0.481667 0.011667 0.020000
3 0.794167 0.568333 0.010000 0.020000
2 0.778333 0.500000 0.034167 0.100000
2 0.512500 0.500000 0.029167 0.038333
3 0.301667 0.540000 0.010000 0.020000
3 0.825000 0.525000 0.013333 0.031667
2 0.325833 0.501667 0.011667 0.066667
2 0.202500 0.598333 0.022500 0.023333
3 0.535833 0.531667 0.008333 0.016667
3 0.211667 0.470000 0.007500 0.016667
2 0.455833 0.560000 0.097500 0.053333
3 0.160833 0.436667 0.009167 0.023333
3 0.471667 0.581667 0.009167 0.016667
2 0.358333 0.433333 0.015833 0.068333
2 0.158333 0.463333 0.011667 0.025000
2 0.022500 0.521667 0.010833 0.091667
3 0.256667 0.491667 0.008333 0.021667
2 0.608333 0.558333 0.021667 0.090000
2 0.690000 0.605000 0.009167 0.031667
2 0.826667 0.651667 0.010000 0.031667
3 0.323333 0.443333 0.013333 0.015000
2 0.014167 0.455000 0.027500 0.016667
3 0.748333 0.493333 0.011667 0.020000
2 0.259167 0.481667 0.058333 0.076667
2 0.022500 0.581667 0.030833 0.051667
2 0.327500 0.541667 0.010833 0.091667
2 0.590833 0.505000 0.058333 0.076667
3 0.402500 0.533333 0.006667 0.018333
2 0.195000 0.511667 0.030833 0.051667
2 0.590000 0.531667 0.014167 0.015000
3 0.455000 0.478333 0.011667 0.020000
2 0.287500 0.545000 0.010833 0.091667
3 0.756667 0.520000 0.008333 0.016667
3 0.218333 0.493333 0.013333 0.015000
2 0.152500 0.500000 0.027500 0.016667
2 0.646667 0.473333 0.009167 0.031667
2 0.450000 0.553333 0.023333 0.106667
2 0.294167 0.535000 0.021667 0.090000
2 0.612500 0.520000 0.020833 0.080000
3 0.366667 0.478333 0.015833 0.051667
2 0.463333 0.571667 0.009167 0.040000
3 0.342500 0.578333 0.007500 0.015000
3 0.740833 0.466667 0.008333 0.016667
3 0.390833 0.465000 0.007500 0.015000
3 0.686667 0.525000 0.008333 0.016667
2 0.363333 0.565000 0.034167 0.038333
2 0.703333 0.468333 0.011667 0.025000
3 0.180000 0.580000 0.007500 0.015000
3 0.725000 0.525000 0.007500 0.018333
2 0.396667 0.518333 0.021667 0.090000
2 0.060833 0.556667 0.010000 0.031667
2 0.482500 0.521667 0.013333 0.070000
3 0.072500 0.565000 0.011667 0.020000
3 0.756667 0.550000 0.007500 0.015000
3 0.464167 0.518333 0.011667 0.020000
2 0.308333 0.530000 0.027500 0.016667
3 0.325000 0.533333 0.008333 0.016667
3 0.346667 0.595000 0.015833 0.051667
3 0.274167 0.465000 0.010000 0.016667
3 0.233333 0.501667 0.008333 0.016667
2 0.242500 0.498333 0.023333 0.106667
3 0.273333 0.561667 0.008333 0.021667
3 0.249167 0.516667 0.017500 0.031667
2 0.343333 0.583333 0.010000 0.031667
2 0.555000 0.561667 0.029167 0.038333
3 0.148333 0.561667 0.007500 0.016667
3 0.372500 0.471667 0.014167 0.025000
2 0.336667 0.606667 0.023333 0.106667
3 0.512500 0.520000 0.007500 0.018333
3 0.386667 0.596667 0.009167 0.016667
2 0.494167 0.570000 0.027500 0.016667
3 0.647500 0.486667 0.007500 0.015000
2 0.117500 0.513333 0.020833 0.080000
2 0.689167 0.636667 0.034167 0.038333
3 0.521667 0.671667 0.007500 0.018333
2 0.313333 0.683333 0.014167 0.015000
2 0.425833 0.775000 0.020833 0.080000
2 0.668333 0.265000 0.023333 0.041667
3 0.781667 0.341667 0.017500 0.031667
2 0.515833 0.613333 0.034167 0.038333
3 0.481667 0.376667 0.008333 0.016667
3 0.702500 0.378333 0.008333 0.021667
2 0.676667 0.363333 0.034167 0.100000
3 0.489167 0.781667 0.007500 0.015000
3 0.523333 0.380000 0.007500 0.016667
2 0.305000 0.666667 0.034167 0.100000
3 0.308333 0.723333 0.009167 0.016667
3 0.255000 0.785000 0.008333 0.016667
3 0.802500 0.636667 0.010000 0.020000
3 0.430833 0.670000 0.010833 0.013333
2 0.253333 0.255000 0.013333 0.070000
2 0.745833 0.385000 0.009167 0.031667
3 0.275833 0.821667 0.007500 0.018333
3 0.414167 0.681667 0.007500 0.016667
3 0.318333 0.411667 0.008333 0.016667
3 0.191667 0.403333 0.013333 0.031667
2 0.703333 0.566667 0.035000 0.105000
3 0.449167 0.366667 0.010833 0.013333
3 0.830000 0.406667 0.009167 0.016667
2 0.299167 0.698333 0.015833 0.068333
2 0.732500 0.473333 0.010833 0.091667
2 0.605833 0.636667 0.058333 0.076667
2 0.640000 0.620000 0.020833 0.080000
2 0.431667 0.146667 0.097500 0.053333
3 0.820833 0.438333 0.010833 0.023333
3 0.630000 0.336667 0.007500 0.015000
3 0.659167 0.445000 0.013333 0.015000
2 0.662500 0.668333 0.017500 0.116667
2 0.798333 0.630000 0.010000 0.031667
2 0.640000 0.673333 0.030833 0.051667
2 0.440833 0.363333 0.020000 0.021667
2 0.449167 0.675000 0.013333 0.070000
3 0.270000 0.736667 0.009167 0.015000
2 0.680000 0.648333 0.020833 0.080000
2 0.270000 0.371667 0.013333 0.070000
2 0.668333 0.703333 0.021667 0.090000
2 0.564167 0.391667 0.029167 0.038333
2 0.703333 0.373333 0.026667 0.035000
3 0.565833 0.771667 0.014167 0.025000
2 0.570000 0.601667 0.019167 0.046667
3 0.732500 0.695000 0.011667 0.020000
3 0.323333 0.270000 0.007500 0.018333
3 0.475833 0.166667 0.010000 0.020000
2 0.279167 0.808333 0.021667 0.090000
2 0.374167 0.363333 0.020000 0.021667
2 0.335833 0.231667 0.020833 0.080000
2 0.255833 0.805000 0.010833 0.091667
3 0.524167 0.370000 0.009167 0.016667
3 0.770000 0.353333 0.015833 0.051667
3 0.565833 0.746667 0.009167 0.018333
2 0.338333 0.340000 0.020833 0.080000
2 0.710833 0.415000 0.014167 0.015000
3 0.474167 0.368333 0.010833 0.023333
2 0.718333 0.596667 0.020833 0.080000
3 0.660000 0.403333 0.007500 0.015000
3 0.657500 0.380000 0.013333 0.015000
3 0.303333 0.406667 0.007500 0.015000
3 0.527500 0.378333 0.009167 0.016667
2 0.707500 0.615000 0.019167 0.046667
3 0.783333 0.680000 0.014167 0.025000
2 0.432500 0.751667 0.013333 0.070000
3 0.796667 0.638333 0.007500 0.015000
3 0.765833 0.370000 0.011667 0.020000
3 0.331667 0.271667 0.007500 0.015000
2 0.421667 0.400000 0.010833 0.091667
2 0.463333 0.308333 0.010000 0.031667
2 0.541667 0.401667 0.019167 0.046667
2 0.510833 0.378333 0.030833 0.051667
3 0.316667 0.790000 0.008333 0.016667
3 0.443333 0.675000 0.011667 0.030000
2 0.371667 0.741667 0.009167 0.040000
3 0.296667 0.693333 0.010000 0.016667
3 0.710000 0.361667 0.013333 0.015000
3 0.665000 0.363333 0.009167 0.018333
3 0.727500 0.621667 0.007500 0.018333
2 0.475833 0.218333 0.021667 0.090000
3 0.530000 0.356667 0.015833 0.051667
2 0.376667 0.408333 0.020833 0.080000
2 0.671667 0.365000 0.020833 0.080000
2 0.777500 0.625000 0.048333 0.025000
2 0.574167 0.310000 0.058333 0.076667
3 0.530833 0.655000 0.008333 0.021667
2 0.556667 0.271667 0.017500 0.116667
2 0.440000 0.756667 0.034167 0.100000
2 0.629167 0.645000 0.022500 0.023333
2 0.842500 0.350000 0.013333 0.070000
3 0.448333 0.653333 0.009167 0.018333
2 0.756667 0.288333 0.035000 0.105000
2 0.686667 0.335000 0.014167 0.015000
2 0.319167 0.743333 0.013333 0.070000
2 0.712500 0.701667 0.013333 0.070000
2 0.553333 0.690000 0.011667 0.066667
3 0.731667 0.361667 0.007500 0.016667
3 0.712500 0.361667 0.007500 0.015000
2 0.447500 0.631667 0.015833 0.068333
2 0.599167 0.410000 0.022500 0.023333
2 0.706667 0.425000 0.023333 0.041667
2 0.405833 0.261667 0.097500 0.053333
2 0.490833 0.325000 0.020000 0.021667
2 0.727500 0.773333 0.045833 0.021667
2 0.294167 0.676667 0.021667 0.090000
2 0.739167 0.360000 0.013333 0.070000
3 0.690000 0.616667 0.013333 0.015000
3 0.298333 0.366667 0.007500 0.015000
3 0.673333 0.338333 0.017500 0.031667
3 0.158333 0.410000 0.009167 0.015000
3 0.580833 0.316667 0.013333 0.015000
3 0.313333 0.758333 0.009167 0.018333
2 0.769167 0.370000 0.020833 0.028333
3 0.444167 0.320000 0.007500 0.016667
3 0.454167 0.721667 0.008333 0.016667
3 0.396667 0.668333 0.008333 0.016667
3 0.659167 0.405000 0.009167 0.016667
3 0.538333 0.680000 0.011667 0.020000
3 0.320000 0.350000 0.008333 0.016667
2 0.685000 0.420000 0.023333 0.106667
2 0.218333 0.743333 0.022500 0.023333
2 0.505833 0.390000 0.048333 0.043333
2 0.420000 0.648333 0.019167 0.046667
2 0.297500 0.670000 0.022500 0.023333
3 0.706667 0.728333 0.008333 0.021667
2 0.734167 0.753333 0.022500 0.023333
2 0.465833 0.718333 0.097500 0.053333
3 0.291667 0.291667 0.013333 0.031667
3 0.784167 0.683333 0.007500 0.018333
2 0.520000 0.386667 0.027500 0.016667
3 0.175833 0.391667 0.009167 0.016667
3 0.349167 0.308333 0.008333 0.021667
3 0.305833 0.301667 0.014167 0.025000
2 0.534167 0.378333 0.009167 0.031667
2 0.301667 0.670000 0.013333 0.070000
2 0.695000 0.265000 0.020833 0.028333
2 0.560000 0.778333 0.020833 0.080000
2 0.430000 0.733333 0.048333 0.025000
2 0.652500 0.446667 0.026667 0.035000
2 0.772500 0.781667 0.014167 0.015000
3 0.781667 0.603333 0.008333 0.021667
2 0.688333 0.635000 0.020000 0.021667
2 0.728333 0.820000 0.022500 0.023333
3 0.354167 0.640000 0.010833 0.013333
2 0.647500 0.415000 0.020833 0.080000
2 0.439167 0.316667 0.017500 0.116667
2 0.236667 0.221667 0.045833 0.021667
3 0.645000 0.363333 0.007500 0.016667
2 0.508333 0.316667 0.010000 0.031667
3 0.418333 0.348333 0.010833 0.013333
3 0.293333 0.728333 0.008333 0.016667
2 0.347500 0.306667 0.017500 0.116667
3 0.830000 0.408333 0.009167 0.016667
3 0.526667 0.416667 0.010833 0.023333
3 0.723333 0.686667 0.017500 0.031667
2 0.308333 0.408333 0.027500 0.016667
3 0.224167 0.771667 0.009167 0.023333
3 0.521667 0.356667 0.009167 0.015000
2 0.704167 0.225000 0.029167 0.038333
2 0.687500 0.708333 0.030833 0.051667
3 0.650833 0.370000 0.017500 0.031667
2 0.415833 0.720000 0.026667 0.035000
3 0.680000 0.340000 0.007500 0.015000
3 0.707500 0.620000 0.015833 0.051667
3 0.331667 0.406667 0.007500 0.015000
2 0.251667 0.731667 0.045833 0.021667
2 0.537500 0.691667 0.017500 0.116667
3 0.291667 0.233333 0.008333 0.016667
2 0.438333 0.765000 0.009167 0.031667
2 0.671667 0.421667 0.027500 0.016667
3 0.791667 0.373333 0.006667 0.018333
3 0.728333 0.353333 0.007500 0.016667
2 0.431667 0.691667 0.010833 0.091667
2 0.315000 0.745000 0.021667 0.090000
2 0.640000 0.423333 0.020833 0.080000
2 0.643333 0.343333 0.017500 0.116667
2 0.322500 0.706667 0.011667 0.066667
3 0.609167 0.348333 0.007500 0.015000
2 0.817500 0.695000 0.009167 0.040000
2 0.602500 0.758333 0.013333 0.070000
2 0.750000 0.666667 0.010000 0.031667
2 0.681667 0.705000 0.034167 0.100000
2 0.780833 0.648333 0.029167 0.038333
2 0.670833 0.620000 0.027500 0.016667
2 0.560833 0.623333 0.035000 0.105000
2 0.315000 0.416667 0.026667 0.035000
3 0.218333 0.668333 0.009167 0.023333
3 0.700000 0.378333 0.006667 0.018333
2 0.260000 0.673333 0.048333 0.025000
2 0.798333 0.601667 0.015833 0.068333
3 0.339167 0.730000 0.007500 0.018333
3 0.340833 0.673333 0.008333 0.016667
2 0.273333 0.706667 0.027500 0.016667
2 0.219167 0.705000 0.020833 0.080000
2 0.683333 0.368333 0.030833 0.051667
