4 0.828333 0.431667 0.085000 0.088333
4 0.874167 0.398333 0.095833 0.066667
4 0.895000 0.540000 0.062500 0.056667
4 0.851667 0.688333 0.138333 0.143333
4 0.807500 0.541667 0.160833 0.058333
4 0.855833 0.650000 0.090000 0.095000
4 0.853333 0.541667 0.040833 0.086667
4 0.840000 0.388333 0.055833 0.070000
4 0.794167 0.526667 0.203333 0.170000
4 0.822500 0.460000 0.055833 0.095000
4 0.803333 0.540000 0.037500 0.101667
4 0.615000 0.551667 0.044167 0.016667
4 0.044167 0.638333 0.080000 0.193333
4 0.147500 0.611667 0.057500 0.075000
4 0.150000 0.538333 0.055000 0.066667
4 0.582500 0.495000 0.074167 0.096667
4 0.690000 0.486667 0.026667 0.048333
4 0.542500 0.515000 0.069167 0.071667
4 0.550833 0.625000 0.175000 0.150000
4 0.032500 0.621667 0.065833 0.180000
3 0.314167 0.531667 0.008333 0.016667
2 0.135833 0.520000 0.009167 0.031667
2 0.270000 0.548333 0.020833 0.080000
3 0.646667 0.456667 0.007500 0.018333
2 0.645000 0.561667 0.045833 0.021667
2 0.615000 0.475000 0.010000 0.031667
2 0.811667 0.336667 0.034167 0.038333
2 0.267500 0.570000 0.048333 0.043333
2 0.708333 0.543333 0.019167 0.046667
2 0.443333 0.448333 0.029167 0.038333
2 0.367500 0.503333 0.027500 0.016667
2 0.359167 0.491667 0.013333 0.070000
3 0.045000 0.538333 0.008333 0.016667
2 0.778333 0.443333 0.048333 0.025000
3 0.627500 0.510000 0.008333 0.016667
2 0.648333 0.478333 0.048333 0.043333
2 0.386667 0.518333 0.009167 0.031667
3 0.551667 0.470000 0.008333 0.016667
3 0.545000 0.536667 0.013333 0.015000
2 0.050833 0.526667 0.014167 0.015000
2 0.025833 0.470000 0.027500 0.016667
3 0.280833 0.468333 0.008333 0.016667
3 0.142500 0.491667 0.007500 0.018333
3 0.459167 0.415000 0.009167 0.015000
3 0.258333 0.533333 0.007500 0.016667
3 0.540000 0.545000 0.014167 0.025000
3 0.488333 0.563333 0.009167 0.023333
3 0.021667 0.463333 0.014167 0.025000
3 0.428333 0.471667 0.007500 0.016667
3 0.119167 0.586667 0.006667 0.018333
3 0.631667 0.528333 0.008333 0.016667
2 0.339167 0.560000 0.027500 0.016667
3 0.026667 0.533333 0.009167 0.016667
3 0.625000 0.458333 0.009167 0.023333
2 0.334167 0.505000 0.034167 0.100000
3 0.031667 0.456667 0.013333 0.015000
2 0.772500 0.565000 0.017500 0.116667
2 0.386667 0.511667 0.048333 0.043333
2 0.062500 0.466667 0.048333 0.025000
2 0.280833 0.575000 0.020833 0.080000
2 0.520000 0.493333 0.022500 0.023333
3 0.639167 0.595000 0.015833 0.051667
3 0.203333 0.548333 0.015833 0.051667
2 0.365000 0.493333 0.019167 0.046667
2 0.780000 0.558333 0.010833 0.091667
3 0.546667 0.553333 0.007500 0.018333
3 0.310000 0.576667 0.010000 0.020000
3 0.466667 0.488333 0.007500 0.018333
2 0.033333 0.575000 0.009167 0.031667
3 0.620833 0.480000 0.010000 0.016667
2 0.599167 0.483333 0.034167 0.100000
3 0.151667 0.543333 0.010833 0.023333
2 0.336667 0.443333 0.020000 0.021667
2 0.774167 0.526667 0.020833 0.080000
2 0.623333 0.478333 0.009167 0.040000
2 0.280833 0.600000 0.013333 0.070000
2 0.387500 0.466667 0.029167 0.038333
2 0.417500 0.495000 0.048333 0.043333
3 0.060000 0.555000 0.007500 0.018333
2 0.625000 0.491667 0.045833 0.021667
2 0.330833 0.581667 0.023333 0.106667
2 0.587500 0.561667 0.023333 0.041667
3 0.468333 0.410000 0.007500 0.018333
2 0.684167 0.536667 0.097500 0.053333
3 0.213333 0.520000 0.009167 0.023333
2 0.355000 0.588333 0.023333 0.106667
2 0.239167 0.576667 0.009167 0.031667
3 0.729167 0.470000 0.007500 0.015000
3 0.596667 0.545000 0.011667 0.030000
2 0.536667 0.461667 0.097500 0.053333
2 0.182500 0.561667 0.014167 0.015000
2 0.522500 0.523333 0.027500 0.016667
2 0.502500 0.548333 0.015833 0.068333
3 0.605833 0.583333 0.009167 0.016667
2 0.651667 0.513333 0.030833 0.051667
3 0.315000 0.500000 0.014167 0.025000
2 0.031667 0.530000 0.026667 0.035000
2 0.204167 0.550000 0.011667 0.025000
2 0.645833 0.481667 0.020833 0.080000
2 0.650000 0.593333 0.030833 0.051667
2 0.148333 0.465000 0.013333 0.070000
2 0.785000 0.590000 0.034167 0.100000
3 0.660833 0.546667 0.009167 0.016667
3 0.095833 0.471667 0.008333 0.016667
3 0.101667 0.456667 0.007500 0.018333
2 0.682500 0.555000 0.020833 0.080000
3 0.649167 0.493333 0.007500 0.015000
2 0.402500 0.520000 0.058333 0.076667
2 0.227500 0.563333 0.019167 0.046667
2 0.442500 0.573333 0.048333 0.025000
3 0.021667 0.518333 0.008333 0.016667
2 0.273333 0.430000 0.009167 0.040000
2 0.142500 0.556667 0.017500 0.116667
2 0.200000 0.451667 0.020833 0.080000
2 0.372500 0.498333 0.010000 0.031667
2 0.222500 0.470000 0.011667 0.025000
3 0.235833 0.476667 0.010000 0.016667
2 0.296667 0.473333 0.011667 0.066667
2 0.686667 0.541667 0.020000 0.021667
2 0.368333 0.521667 0.020833 0.028333
2 0.081667 0.486667 0.058333 0.076667
3 0.145000 0.605000 0.007500 0.016667
3 0.460000 0.691667 0.008333 0.016667
3 0.268333 0.200000 0.008333 0.016667
2 0.480833 0.273333 0.010000 0.031667
3 0.758333 0.635000 0.008333 0.021667
2 0.580000 0.643333 0.010000 0.031667
3 0.332500 0.416667 0.007500 0.015000
2 0.771667 0.651667 0.048333 0.043333
3 0.695833 0.358333 0.013333 0.031667
3 0.567500 0.668333 0.017500 0.031667
3 0.274167 0.395000 0.010833 0.023333
2 0.469167 0.175000 0.023333 0.041667
3 0.316667 0.696667 0.014167 0.025000
3 0.618333 0.646667 0.007500 0.018333
3 0.670000 0.343333 0.009167 0.023333
2 0.687500 0.348333 0.029167 0.038333
2 0.231667 0.326667 0.020833 0.028333
2 0.496667 0.808333 0.034167 0.038333
2 0.275833 0.831667 0.034167 0.100000
2 0.321667 0.433333 0.013333 0.070000
3 0.710833 0.671667 0.007500 0.016667
3 0.745833 0.600000 0.007500 0.015000
3 0.777500 0.351667 0.009167 0.023333
2 0.333333 0.713333 0.019167 0.046667
2 0.394167 0.636667 0.097500 0.053333
2 0.696667 0.606667 0.020833 0.028333
2 0.498333 0.818333 0.027500 0.016667
2 0.641667 0.341667 0.035000 0.105000
2 0.805833 0.926667 0.013333 0.070000
3 0.369167 0.405000 0.009167 0.018333
3 0.592500 0.743333 0.007500 0.015000
2 0.650000 0.435000 0.020833 0.080000
2 0.410000 0.748333 0.048333 0.043333
2 0.409167 0.745000 0.035000 0.105000
2 0.709167 0.216667 0.019167 0.046667
2 0.743333 0.653333 0.009167 0.040000
3 0.732500 0.396667 0.013333 0.015000
2 0.675000 0.628333 0.027500 0.016667
2 0.803333 0.896667 0.017500 0.116667
3 0.765833 0.613333 0.007500 0.015000
2 0.339167 0.766667 0.048333 0.043333
3 0.286667 0.306667 0.008333 0.021667
3 0.605833 0.998333 0.007500 0.001667
2 0.279167 0.278333 0.021667 0.090000
3 0.341667 0.261667 0.010000 0.020000
3 0.527500 0.615000 0.008333 0.016667
3 0.590000 0.745000 0.007500 0.015000
3 0.728333 0.611667 0.010833 0.023333
2 0.660833 0.745000 0.020833 0.080000
2 0.688333 0.666667 0.021667 0.090000
3 0.796667 0.415000 0.007500 0.015000
3 0.709167 0.683333 0.015833 0.051667
2 0.513333 0.695000 0.020833 0.080000
3 0.552500 0.391667 0.006667 0.018333
2 0.605833 0.400000 0.010000 0.031667
3 0.325833 0.385000 0.009167 0.023333
3 0.686667 0.346667 0.009167 0.016667
2 0.751667 0.400000 0.020000 0.021667
2 0.640000 0.603333 0.011667 0.066667
3 0.298333 0.366667 0.008333 0.016667
3 0.725833 0.601667 0.013333 0.031667
2 0.496667 0.293333 0.013333 0.070000
3 0.675000 0.406667 0.015833 0.051667
3 0.765000 0.703333 0.007500 0.018333
2 0.569167 0.145000 0.011667 0.025000
2 0.657500 0.381667 0.019167 0.046667
2 0.690000 0.628333 0.048333 0.043333
3 0.345833 0.343333 0.014167 0.025000
2 0.678333 0.365000 0.023333 0.041667
3 0.516667 0.723333 0.008333 0.021667
3 0.705833 0.705000 0.010833 0.023333
2 0.277500 0.341667 0.023333 0.106667
3 0.773333 0.678333 0.009167 0.016667
2 0.474167 0.278333 0.019167 0.046667
2 0.720000 0.626667 0.021667 0.090000
3 0.685833 0.346667 0.007500 0.015000
3 0.674167 0.641667 0.011667 0.020000
2 0.293333 0.620000 0.058333 0.076667
3 0.829167 0.411667 0.011667 0.030000
3 0.731667 0.725000 0.008333 0.016667
2 0.635000 0.670000 0.020000 0.021667
3 0.689167 0.655000 0.015833 0.051667
2 0.673333 0.660000 0.017500 0.116667
3 0.748333 0.643333 0.010833 0.023333
3 0.775833 0.420000 0.009167 0.015000
2 0.266667 0.728333 0.013333 0.070000
3 0.582500 0.643333 0.009167 0.016667
3 0.640000 0.433333 0.010000 0.016667
2 0.508333 0.756667 0.022500 0.023333
3 0.712500 0.681667 0.009167 0.015000
2 0.697500 0.338333 0.017500 0.116667
3 0.710000 0.431667 0.014167 0.025000
2 0.338333 0.746667 0.020000 0.021667
3 0.695000 0.678333 0.008333 0.016667
3 0.685000 0.641667 0.015833 0.051667
3 0.709167 0.260000 0.010833 0.023333
2 0.767500 0.305000 0.015833 0.068333
2 0.693333 0.450000 0.030833 0.051667
3 0.340000 0.840000 0.013333 0.031667
2 0.372500 0.733333 0.034167 0.100000
3 0.657500 0.656667 0.007500 0.015000
2 0.697500 0.285000 0.034167 0.100000
3 0.271667 0.381667 0.008333 0.016667
3 0.734167 0.266667 0.008333 0.021667
2 0.760833 0.348333 0.015833 0.068333
2 0.344167 0.681667 0.009167 0.031667
3 0.386667 0.386667 0.017500 0.031667
3 0.351667 0.661667 0.010000 0.020000
2 0.240000 0.335000 0.058333 0.076667
3 0.621667 0.381667 0.017500 0.031667
2 0.487500 0.621667 0.011667 0.066667
3 0.800000 0.393333 0.007500 0.016667
2 0.493333 0.425000 0.048333 0.025000
2 0.330000 0.323333 0.009167 0.031667
3 0.311667 0.756667 0.013333 0.015000
3 0.483333 0.301667 0.007500 0.016667
2 0.655833 0.375000 0.058333 0.076667
3 0.739167 0.653333 0.014167 0.025000
2 0.470833 0.298333 0.048333 0.025000
3 0.621667 0.393333 0.009167 0.023333
2 0.720833 0.715000 0.029167 0.038333
3 0.313333 0.385000 0.010833 0.023333
3 0.407500 0.750000 0.010833 0.013333
3 0.677500 0.430000 0.007500 0.015000
3 0.385833 0.366667 0.013333 0.031667
2 0.664167 0.310000 0.020833 0.080000
3 0.790833 0.345000 0.008333 0.016667
3 0.357500 0.316667 0.010833 0.023333
2 0.571667 0.645000 0.009167 0.040000
3 0.274167 0.261667 0.010000 0.016667
3 0.775833 0.426667 0.007500 0.015000
2 0.357500 0.790000 0.048333 0.043333
2 0.601667 0.350000 0.097500 0.053333
2 0.750833 0.348333 0.048333 0.025000
2 0.488333 0.778333 0.045833 0.021667
2 0.670000 0.658333 0.058333 0.076667
3 0.668333 0.635000 0.007500 0.018333
2 0.296667 0.375000 0.048333 0.025000
2 0.508333 0.756667 0.023333 0.106667
2 0.771667 0.420000 0.023333 0.106667
3 0.169167 0.391667 0.007500 0.015000
3 0.771667 0.321667 0.008333 0.016667
3 0.542500 0.210000 0.011667 0.020000
2 0.261667 0.440000 0.048333 0.025000
3 0.635833 0.440000 0.009167 0.016667
3 0.384167 0.383333 0.014167 0.025000
3 0.762500 0.373333 0.017500 0.031667
2 0.769167 0.673333 0.017500 0.116667
2 0.350000 0.748333 0.023333 0.106667
2 0.466667 0.105000 0.019167 0.046667
3 0.638333 0.413333 0.009167 0.016667
2 0.487500 0.780000 0.048333 0.043333
2 0.701667 0.325000 0.058333 0.076667
3 0.418333 0.648333 0.014167 0.025000
2 0.659167 0.416667 0.048333 0.043333
2 0.503333 0.356667 0.034167 0.100000
2 0.455833 0.215000 0.011667 0.025000
3 0.788333 0.391667 0.013333 0.015000
3 0.685833 0.378333 0.008333 0.016667
2 0.812500 0.433333 0.027500 0.016667
3 0.495000 0.753333 0.008333 0.016667
2 0.297500 0.721667 0.027500 0.016667
3 0.541667 0.708333 0.009167 0.016667
2 0.510000 0.398333 0.010833 0.091667
2 0.771667 0.345000 0.045833 0.021667
2 0.504167 0.656667 0.011667 0.066667
3 0.496667 0.328333 0.008333 0.016667
2 0.240833 0.371667 0.017500 0.116667
3 0.347500 0.786667 0.007500 0.016667
3 0.424167 0.661667 0.010833 0.013333
2 0.285833 0.695000 0.048333 0.025000
3 0.424167 0.820000 0.008333 0.021667
2 0.740833 0.778333 0.020000 0.021667
3 0.529167 0.291667 0.009167 0.018333
3 0.725833 0.613333 0.010000 0.016667
2 0.783333 0.660000 0.026667 0.035000
3 0.281667 0.638333 0.009167 0.015000
3 0.661667 0.436667 0.008333 0.016667
3 0.729167 0.718333 0.008333 0.016667
2 0.392500 0.386667 0.009167 0.031667
3 0.779167 0.335000 0.008333 0.016667
3 0.452500 0.745000 0.010000 0.020000
3 0.627500 0.650000 0.008333 0.016667
3 0.778333 0.655000 0.007500 0.015000
3 0.558333 0.668333 0.008333 0.021667
2 0.691667 0.388333 0.020833 0.080000
2 0.562500 0.575000 0.035000 0.105000
3 0.442500 0.316667 0.010833 0.013333
3 0.450000 0.283333 0.009167 0.016667
2 0.711667 0.386667 0.048333 0.025000
2 0.339167 0.246667 0.048333 0.043333
2 0.568333 0.318333 0.023333 0.106667
2 0.192500 0.381667 0.011667 0.066667
2 0.571667 0.750000 0.011667 0.025000
3 0.519167 0.848333 0.009167 0.023333
3 0.732500 0.266667 0.011667 0.030000
3 0.645833 0.400000 0.010000 0.020000
2 0.425833 0.736667 0.015833 0.068333
2 0.662500 0.630000 0.045833 0.021667
