4 0.835833 0.675000 0.142500 0.095000
4 0.835000 0.461667 0.077500 0.105000
4 0.820000 0.526667 0.072500 0.050000
4 0.850000 0.715000 0.073333 0.178333
4 0.776667 0.448333 0.230000 0.230000
4 0.827500 0.460000 0.107500 0.048333
4 0.785000 0.511667 0.238333 0.395000
4 0.838333 0.591667 0.070833 0.026667
4 0.835833 0.621667 0.049167 0.043333
4 0.825000 0.555000 0.046667 0.123333
4 0.480000 0.500000 0.040833 0.046667
4 0.174167 0.530000 0.105833 0.056667
4 0.207500 0.548333 0.075833 0.103333
4 0.501667 0.393333 0.222500 0.300000
4 0.723333 0.615000 0.160833 0.193333
4 0.075000 0.565000 0.150833 0.198333
4 0.072500 0.560000 0.100833 0.038333
4 0.112500 0.700000 0.225833 0.455000
4 0.120833 0.500000 0.064167 0.028333
4 0.032500 0.533333 0.065833 0.088333
3 0.175833 0.526667 0.008333 0.016667
2 0.046667 0.538333 0.014167 0.015000
3 0.349167 0.486667 0.007500 0.018333
2 0.222500 0.470000 0.048333 0.025000
3 0.819167 0.555000 0.008333 0.021667
2 0.759167 0.505000 0.026667 0.035000
2 0.460833 0.555000 0.097500 0.053333
3 0.024167 0.558333 0.011667 0.020000
2 0.382500 0.571667 0.058333 0.076667
2 0.204167 0.525000 0.026667 0.035000
3 0.407500 0.533333 0.010833 0.013333
2 0.790000 0.456667 0.020833 0.080000
2 0.518333 0.481667 0.010000 0.031667
2 0.791667 0.475000 0.029167 0.038333
3 0.205833 0.448333 0.007500 0.015000
2 0.368333 0.485000 0.048333 0.025000
2 0.161667 0.591667 0.022500 0.023333
2 0.112500 0.556667 0.020833 0.080000
3 0.045833 0.585000 0.013333 0.015000
3 0.502500 0.536667 0.007500 0.016667
2 0.491667 0.453333 0.019167 0.046667
3 0.197500 0.521667 0.015833 0.051667
2 0.685000 0.510000 0.010833 0.091667
2 0.397500 0.535000 0.011667 0.066667
2 0.068333 0.575000 0.020833 0.028333
3 0.195833 0.575000 0.009167 0.016667
3 0.807500 0.445000 0.007500 0.018333
3 0.195833 0.566667 0.009167 0.018333
3 0.165833 0.531667 0.007500 0.018333
3 0.100833 0.470000 0.007500 0.015000
3 0.538333 0.545000 0.009167 0.016667
2 0.290000 0.563333 0.026667 0.035000
2 0.231667 0.581667 0.019167 0.046667
2 0.092500 0.491667 0.021667 0.090000
2 0.625000 0.455000 0.020000 0.021667
2 0.164167 0.553333 0.027500 0.016667
3 0.500000 0.526667 0.014167 0.025000
2 0.206667 0.543333 0.026667 0.035000
2 0.705833 0.540000 0.020833 0.028333
2 0.200000 0.423333 0.058333 0.076667
2 0.782500 0.478333 0.011667 0.025000
2 0.691667 0.576667 0.048333 0.025000
3 0.474167 0.561667 0.009167 0.016667
2 0.133333 0.445000 0.010000 0.031667
3 0.269167 0.580000 0.008333 0.016667
2 0.643333 0.506667 0.009167 0.040000
3 0.636667 0.505000 0.009167 0.016667
2 0.762500 0.545000 0.013333 0.070000
3 0.568333 0.490000 0.011667 0.030000
2 0.588333 0.583333 0.048333 0.043333
3 0.623333 0.441667 0.007500 0.015000
2 0.815833 0.533333 0.019167 0.046667
3 0.355000 0.510000 0.017500 0.031667
3 0.317500 0.558333 0.008333 0.016667
2 0.223333 0.595000 0.017500 0.116667
3 0.480000 0.525000 0.009167 0.015000
2 0.048333 0.495000 0.027500 0.016667
3 0.243333 0.598333 0.011667 0.030000
2 0.027500 0.486667 0.009167 0.031667
3 0.112500 0.551667 0.008333 0.016667
2 0.782500 0.483333 0.022500 0.023333
2 0.445833 0.588333 0.021667 0.090000
3 0.703333 0.570000 0.010000 0.016667
3 0.239167 0.601667 0.015833 0.051667
3 0.670833 0.573333 0.009167 0.015000
2 0.390833 0.466667 0.020000 0.021667
3 0.746667 0.470000 0.007500 0.016667
3 0.806667 0.486667 0.008333 0.016667
2 0.724167 0.473333 0.010000 0.031667
3 0.278333 0.581667 0.008333 0.016667
2 0.236667 0.571667 0.029167 0.038333
3 0.817500 0.498333 0.009167 0.023333
3 0.342500 0.446667 0.011667 0.030000
2 0.113333 0.545000 0.019167 0.046667
3 0.595000 0.453333 0.010000 0.020000
3 0.128333 0.601667 0.007500 0.016667
3 0.578333 0.566667 0.010000 0.016667
2 0.353333 0.543333 0.019167 0.046667
3 0.697500 0.548333 0.011667 0.030000
2 0.303333 0.425000 0.035000 0.105000
2 0.274167 0.446667 0.097500 0.053333
2 0.028333 0.571667 0.015833 0.068333
3 0.154167 0.555000 0.015833 0.051667
2 0.462500 0.476667 0.027500 0.016667
2 0.640000 0.440000 0.011667 0.066667
3 0.430000 0.510000 0.007500 0.018333
2 0.613333 0.553333 0.027500 0.016667
3 0.808333 0.460000 0.008333 0.021667
3 0.535833 0.590000 0.015833 0.051667
3 0.473333 0.563333 0.017500 0.031667
2 0.641667 0.480000 0.027500 0.016667
3 0.647500 0.531667 0.015833 0.051667
3 0.794167 0.516667 0.009167 0.018333
3 0.147500 0.525000 0.007500 0.015000
3 0.630000 0.441667 0.008333 0.016667
2 0.165000 0.553333 0.010833 0.091667
3 0.292500 0.500000 0.008333 0.016667
3 0.096667 0.491667 0.008333 0.016667
2 0.085000 0.581667 0.013333 0.070000
2 0.791667 0.568333 0.027500 0.016667
3 0.396667 0.586667 0.007500 0.018333
2 0.603333 0.533333 0.009167 0.040000
3 0.261667 0.728333 0.007500 0.018333
3 0.657500 0.658333 0.007500 0.015000
2 0.355833 0.640000 0.021667 0.090000
2 0.790000 0.628333 0.034167 0.038333
2 0.728333 0.646667 0.010833 0.091667
2 0.630000 0.668333 0.020833 0.080000
2 0.701667 0.381667 0.023333 0.106667
3 0.657500 0.658333 0.008333 0.016667
3 0.799167 0.661667 0.015833 0.051667
2 0.755000 0.425000 0.022500 0.023333
3 0.273333 0.415000 0.010833 0.023333
3 0.331667 0.303333 0.015833 0.051667
2 0.786667 0.626667 0.048333 0.043333
2 0.796667 0.353333 0.023333 0.041667
2 0.316667 0.298333 0.021667 0.090000
3 0.685833 0.346667 0.007500 0.015000
3 0.667500 0.341667 0.007500 0.018333
3 0.240000 0.816667 0.007500 0.016667
2 0.299167 0.306667 0.013333 0.070000
2 0.595000 0.998333 0.020833 0.001667
3 0.767500 0.358333 0.011667 0.020000
2 0.450000 0.251667 0.015833 0.068333
2 0.700000 0.446667 0.023333 0.041667
3 0.326667 0.710000 0.006667 0.018333
2 0.525000 0.290000 0.013333 0.070000
2 0.695833 0.363333 0.048333 0.043333
2 0.270833 0.276667 0.048333 0.025000
3 0.485000 0.210000 0.008333 0.016667
3 0.541667 0.340000 0.009167 0.016667
2 0.527500 0.398333 0.034167 0.038333
3 0.735000 0.703333 0.007500 0.015000
2 0.492500 0.293333 0.020833 0.028333
3 0.339167 0.866667 0.008333 0.021667
3 0.307500 0.693333 0.009167 0.016667
3 0.657500 0.338333 0.008333 0.016667
3 0.615000 0.645000 0.007500 0.016667
3 0.830833 0.415000 0.011667 0.030000
2 0.569167 0.750000 0.022500 0.023333
3 0.427500 0.373333 0.007500 0.015000
2 0.796667 0.370000 0.014167 0.015000
2 0.705000 0.383333 0.045833 0.021667
3 0.312500 0.338333 0.010833 0.013333
2 0.404167 0.638333 0.035000 0.105000
2 0.669167 0.636667 0.048333 0.025000
2 0.558333 0.355000 0.015833 0.068333
3 0.300833 0.676667 0.009167 0.023333
3 0.684167 0.381667 0.011667 0.030000
2 0.685000 0.411667 0.058333 0.076667
3 0.335833 0.258333 0.011667 0.020000
2 0.251667 0.731667 0.045833 0.021667
2 0.750000 0.690000 0.015833 0.068333
2 0.420833 0.693333 0.015833 0.068333
3 0.318333 0.731667 0.007500 0.015000
2 0.366667 0.328333 0.010833 0.091667
3 0.369167 0.408333 0.009167 0.023333
2 0.603333 0.665000 0.030833 0.051667
2 0.240000 0.706667 0.023333 0.041667
2 0.438333 0.681667 0.058333 0.076667
3 0.667500 0.610000 0.017500 0.031667
2 0.591667 0.740000 0.014167 0.015000
3 0.674167 0.630000 0.015833 0.051667
2 0.789167 0.646667 0.022500 0.023333
2 0.782500 0.635000 0.029167 0.038333
3 0.470000 0.330000 0.017500 0.031667
2 0.437500 0.761667 0.034167 0.038333
2 0.301667 0.345000 0.029167 0.038333
3 0.324167 0.303333 0.010833 0.023333
2 0.277500 0.293333 0.021667 0.090000
3 0.310000 0.368333 0.007500 0.015000
2 0.292500 0.428333 0.020833 0.080000
2 0.635000 0.686667 0.021667 0.090000
3 0.433333 0.396667 0.013333 0.015000
3 0.289167 0.405000 0.013333 0.031667
3 0.315833 0.788333 0.009167 0.015000
3 0.515000 0.825000 0.007500 0.015000
3 0.457500 0.221667 0.007500 0.015000
2 0.280833 0.395000 0.048333 0.025000
2 0.332500 0.715000 0.034167 0.038333
2 0.296667 0.701667 0.026667 0.035000
3 0.719167 0.370000 0.007500 0.018333
2 0.770000 0.291667 0.020833 0.080000
2 0.439167 0.338333 0.045833 0.021667
3 0.500833 0.343333 0.007500 0.018333
2 0.512500 0.385000 0.034167 0.100000
3 0.578333 0.438333 0.017500 0.031667
3 0.649167 0.443333 0.009167 0.018333
2 0.620833 0.678333 0.021667 0.090000
3 0.530833 0.708333 0.010833 0.023333
2 0.312500 0.366667 0.023333 0.041667
2 0.771667 0.673333 0.045833 0.021667
2 0.174167 0.396667 0.048333 0.043333
2 0.224167 0.673333 0.011667 0.066667
3 0.782500 0.448333 0.008333 0.016667
3 0.761667 0.420000 0.009167 0.023333
2 0.710000 0.375000 0.020833 0.080000
2 0.605833 0.335000 0.058333 0.076667
3 0.721667 0.801667 0.015833 0.051667
2 0.678333 0.443333 0.009167 0.031667
2 0.361667 0.401667 0.020833 0.080000
3 0.320833 0.696667 0.015833 0.051667
3 0.584167 0.418333 0.010833 0.023333
3 0.551667 0.703333 0.014167 0.025000
2 0.441667 0.695000 0.020833 0.080000
3 0.764167 0.406667 0.007500 0.015000
3 0.307500 0.403333 0.008333 0.016667
2 0.320000 0.708333 0.048333 0.043333
3 0.348333 0.286667 0.007500 0.016667
3 0.798333 0.741667 0.008333 0.021667
3 0.468333 0.130000 0.015833 0.051667
2 0.642500 0.605000 0.020833 0.080000
2 0.567500 0.751667 0.026667 0.035000
2 0.319167 0.723333 0.017500 0.116667
3 0.710000 0.618333 0.007500 0.016667
2 0.761667 0.383333 0.010000 0.031667
3 0.600833 0.741667 0.006667 0.018333
3 0.786667 0.605000 0.008333 0.016667
2 0.314167 0.203333 0.058333 0.076667
3 0.294167 0.715000 0.009167 0.023333
3 0.818333 0.420000 0.008333 0.021667
2 0.210000 0.675000 0.026667 0.035000
2 0.745000 0.658333 0.020833 0.080000
3 0.307500 0.408333 0.008333 0.021667
3 0.541667 0.320000 0.017500 0.031667
2 0.801667 0.371667 0.013333 0.070000
3 0.190833 0.651667 0.009167 0.023333
2 0.353333 0.413333 0.009167 0.031667
2 0.342500 0.691667 0.014167 0.015000
3 0.412500 0.678333 0.010833 0.013333
2 0.520833 0.711667 0.029167 0.038333
3 0.514167 0.398333 0.014167 0.025000
3 0.360833 0.608333 0.010833 0.013333
2 0.532500 0.290000 0.026667 0.035000
2 0.317500 0.386667 0.009167 0.031667
2 0.310833 0.640000 0.029167 0.038333
2 0.380833 0.373333 0.023333 0.041667
3 0.297500 0.693333 0.007500 0.016667
3 0.532500 0.378333 0.008333 0.021667
3 0.543333 0.708333 0.006667 0.018333
3 0.673333 0.680000 0.011667 0.030000
2 0.538333 0.726667 0.011667 0.025000
3 0.422500 0.346667 0.009167 0.016667
3 0.685000 0.356667 0.009167 0.018333
3 0.555833 0.820000 0.009167 0.016667
3 0.747500 0.340000 0.017500 0.031667
3 0.291667 0.268333 0.010000 0.016667
3 0.302500 0.746667 0.008333 0.016667
3 0.775833 0.730000 0.014167 0.025000
3 0.693333 0.331667 0.007500 0.015000
2 0.359167 0.663333 0.022500 0.023333
2 0.442500 0.315000 0.034167 0.100000
2 0.664167 0.353333 0.020833 0.028333
3 0.760833 0.608333 0.007500 0.015000
2 0.718333 0.596667 0.020833 0.080000
2 0.771667 0.410000 0.029167 0.038333
2 0.740000 0.623333 0.023333 0.106667
2 0.791667 0.606667 0.045833 0.021667
3 0.335000 0.228333 0.009167 0.018333
3 0.175833 0.388333 0.009167 0.015000
2 0.478333 0.266667 0.023333 0.106667
3 0.441667 0.721667 0.013333 0.031667
2 0.555833 0.738333 0.035000 0.105000
2 0.730833 0.705000 0.009167 0.040000
3 0.397500 0.646667 0.014167 0.025000
3 0.250000 0.650000 0.009167 0.018333
3 0.475000 0.216667 0.014167 0.025000
3 0.422500 0.683333 0.010000 0.020000
3 0.693333 0.646667 0.007500 0.015000
2 0.800000 0.423333 0.027500 0.016667
2 0.164167 0.355000 0.020833 0.080000
3 0.567500 0.668333 0.013333 0.015000
2 0.697500 0.290000 0.026667 0.035000
2 0.804167 0.426667 0.021667 0.090000
3 0.693333 0.385000 0.009167 0.015000
2 0.564167 0.311667 0.045833 0.021667
3 0.480000 0.293333 0.007500 0.015000
2 0.472500 0.330000 0.022500 0.023333
2 0.280000 0.775000 0.029167 0.038333
3 0.436667 0.696667 0.008333 0.021667
2 0.516667 0.370000 0.023333 0.041667
3 0.300833 0.283333 0.009167 0.023333
2 0.223333 0.655000 0.030833 0.051667
2 0.715833 0.391667 0.010833 0.091667
2 0.794167 0.366667 0.027500 0.016667
2 0.762500 0.335000 0.010000 0.031667
3 0.697500 0.378333 0.010833 0.023333
3 0.651667 0.655000 0.008333 0.016667
3 0.440000 0.378333 0.009167 0.016667
2 0.761667 0.666667 0.045833 0.021667
3 0.263333 0.800000 0.006667 0.018333
2 0.678333 0.288333 0.023333 0.106667
2 0.249167 0.256667 0.021667 0.090000
3 0.330000 0.390000 0.010000 0.016667
3 0.663333 0.415000 0.006667 0.018333
2 0.420000 0.615000 0.035000 0.105000
3 0.233333 0.805000 0.008333 0.021667
2 0.680833 0.396667 0.009167 0.031667
3 0.614167 0.366667 0.011667 0.020000
2 0.420000 0.750000 0.014167 0.015000
