4 0.818333 0.568333 0.145000 0.133333
4 0.728333 0.651667 0.374167 0.463333
4 0.846667 0.483333 0.106667 0.130000
4 0.786667 0.746667 0.180000 0.385000
4 0.775833 0.375000 0.186667 0.230000
4 0.814167 0.690000 0.053333 0.126667
4 0.833333 0.406667 0.101667 0.050000
4 0.742500 0.475000 0.235833 0.068333
4 0.825833 0.628333 0.075000 0.045000
4 0.706667 0.391667 0.259167 0.300000
4 0.036667 0.536667 0.074167 0.033333
4 0.775000 0.453333 0.084167 0.110000
4 0.260833 0.585000 0.086667 0.061667
4 0.345000 0.338333 0.391667 0.418333
4 0.082500 0.568333 0.077500 0.048333
4 0.672500 0.578333 0.083333 0.043333
4 0.469167 0.503333 0.087500 0.103333
4 0.444167 0.546667 0.052500 0.028333
4 0.655833 0.535000 0.050000 0.041667
4 0.406667 0.458333 0.140000 0.261667
3 0.113333 0.570000 0.008333 0.021667
3 0.574167 0.585000 0.008333 0.016667
2 0.453333 0.580000 0.009167 0.031667
2 0.802500 0.603333 0.023333 0.106667
3 0.092500 0.506667 0.007500 0.018333
2 0.576667 0.541667 0.015833 0.068333
3 0.123333 0.530000 0.007500 0.015000
3 0.194167 0.558333 0.011667 0.020000
3 0.092500 0.505000 0.007500 0.015000
2 0.211667 0.560000 0.048333 0.025000
2 0.375000 0.520000 0.029167 0.038333
3 0.166667 0.465000 0.013333 0.031667
3 0.255000 0.540000 0.007500 0.015000
3 0.696667 0.595000 0.013333 0.015000
2 0.595833 0.473333 0.020833 0.080000
3 0.422500 0.518333 0.007500 0.018333
3 0.357500 0.455000 0.009167 0.018333
3 0.049167 0.578333 0.007500 0.015000
2 0.600833 0.485000 0.010833 0.091667
3 0.179167 0.441667 0.010000 0.016667
3 0.303333 0.450000 0.011667 0.030000
2 0.547500 0.460000 0.009167 0.040000
2 0.190833 0.410000 0.020833 0.080000
3 0.358333 0.590000 0.008333 0.016667
3 0.397500 0.538333 0.015833 0.051667
3 0.055833 0.488333 0.008333 0.016667
3 0.048333 0.520000 0.007500 0.016667
3 0.344167 0.500000 0.010833 0.023333
3 0.065833 0.550000 0.014167 0.025000
3 0.205833 0.496667 0.010000 0.020000
3 0.818333 0.528333 0.010000 0.016667
2 0.421667 0.511667 0.020833 0.028333
3 0.619167 0.593333 0.010000 0.016667
2 0.435000 0.475000 0.009167 0.040000
2 0.699167 0.511667 0.029167 0.038333
2 0.058333 0.461667 0.017500 0.116667
3 0.540000 0.496667 0.010000 0.020000
3 0.255833 0.566667 0.007500 0.015000
3 0.438333 0.566667 0.010000 0.020000
3 0.204167 0.601667 0.010833 0.013333
3 0.100000 0.555000 0.017500 0.031667
2 0.327500 0.446667 0.022500 0.023333
3 0.118333 0.525000 0.010000 0.016667
2 0.373333 0.508333 0.021667 0.090000
2 0.158333 0.631667 0.013333 0.070000
2 0.526667 0.570000 0.022500 0.023333
2 0.756667 0.576667 0.097500 0.053333
3 0.195833 0.593333 0.007500 0.015000
2 0.315833 0.535000 0.058333 0.076667
3 0.197500 0.466667 0.008333 0.021667
3 0.383333 0.543333 0.007500 0.015000
2 0.811667 0.610000 0.026667 0.035000
2 0.561667 0.465000 0.045833 0.021667
3 0.468333 0.503333 0.011667 0.020000
3 0.807500 0.466667 0.008333 0.016667
2 0.745833 0.496667 0.023333 0.106667
2 0.073333 0.556667 0.010833 0.091667
3 0.617500 0.611667 0.010000 0.020000
2 0.113333 0.488333 0.023333 0.041667
3 0.039167 0.543333 0.009167 0.016667
2 0.300833 0.458333 0.034167 0.038333
2 0.107500 0.448333 0.034167 0.038333
3 0.183333 0.491667 0.008333 0.021667
3 0.260000 0.600000 0.006667 0.018333
2 0.245000 0.480000 0.027500 0.016667
2 0.244167 0.560000 0.048333 0.025000
2 0.682500 0.483333 0.048333 0.043333
3 0.460000 0.531667 0.009167 0.016667
2 0.595833 0.503333 0.027500 0.016667
3 0.201667 0.558333 0.010000 0.016667
3 0.399167 0.470000 0.015833 0.051667
2 0.577500 0.463333 0.019167 0.046667
3 0.610000 0.475000 0.010833 0.013333
2 0.037500 0.445000 0.075833 0.053333
3 0.734167 0.503333 0.015833 0.051667
3 0.763333 0.498333 0.006667 0.018333
3 0.260833 0.575000 0.010000 0.020000
2 0.796667 0.510000 0.011667 0.025000
3 0.822500 0.651667 0.014167 0.025000
3 0.192500 0.575000 0.013333 0.031667
3 0.465833 0.418333 0.006667 0.018333
3 0.393333 0.596667 0.007500 0.018333
2 0.511667 0.601667 0.034167 0.100000
3 0.044167 0.576667 0.009167 0.018333
2 0.570000 0.495000 0.010833 0.091667
3 0.221667 0.546667 0.015833 0.051667
2 0.367500 0.463333 0.058333 0.076667
3 0.260833 0.581667 0.014167 0.025000
2 0.755000 0.488333 0.011667 0.025000
3 0.218333 0.536667 0.009167 0.016667
3 0.453333 0.508333 0.007500 0.015000
3 0.623333 0.478333 0.009167 0.016667
2 0.272500 0.585000 0.045833 0.021667
2 0.814167 0.543333 0.023333 0.041667
3 0.350833 0.505000 0.008333 0.016667
3 0.488333 0.418333 0.008333 0.016667
2 0.162500 0.530000 0.010000 0.031667
3 0.813333 0.565000 0.007500 0.018333
3 0.306667 0.488333 0.011667 0.020000
2 0.746667 0.491667 0.023333 0.041667
3 0.496667 0.440000 0.009167 0.016667
3 0.484167 0.506667 0.013333 0.031667
2 0.255833 0.733333 0.045833 0.021667
2 0.740833 0.320000 0.097500 0.053333
3 0.774167 0.686667 0.010833 0.013333
3 0.687500 0.401667 0.007500 0.018333
2 0.707500 0.456667 0.010833 0.091667
3 0.578333 0.736667 0.008333 0.016667
2 0.700000 0.420000 0.017500 0.116667
2 0.733333 0.683333 0.011667 0.066667
3 0.530833 0.620000 0.013333 0.015000
3 0.496667 0.398333 0.009167 0.015000
2 0.760000 0.693333 0.045833 0.021667
3 0.730000 0.643333 0.007500 0.015000
2 0.455833 0.110000 0.017500 0.116667
2 0.522500 0.355000 0.011667 0.025000
2 0.763333 0.668333 0.029167 0.038333
2 0.671667 0.708333 0.020000 0.021667
2 0.560000 0.680000 0.020833 0.028333
3 0.529167 0.630000 0.015833 0.051667
2 0.280000 0.335000 0.048333 0.043333
2 0.278333 0.430000 0.034167 0.100000
3 0.359167 0.693333 0.010000 0.020000
3 0.705833 0.641667 0.009167 0.018333
3 0.665833 0.345000 0.011667 0.030000
3 0.677500 0.710000 0.008333 0.016667
2 0.750000 0.693333 0.097500 0.053333
3 0.341667 0.731667 0.015833 0.051667
2 0.645000 0.620000 0.097500 0.053333
2 0.697500 0.251667 0.011667 0.025000
2 0.658333 0.658333 0.048333 0.043333
3 0.780833 0.598333 0.009167 0.016667
2 0.495833 0.345000 0.034167 0.100000
2 0.451667 0.365000 0.045833 0.021667
2 0.526667 0.348333 0.020833 0.028333
2 0.660000 0.341667 0.009167 0.040000
2 0.698333 0.700000 0.020833 0.080000
2 0.629167 0.446667 0.023333 0.106667
2 0.708333 0.261667 0.021667 0.090000
2 0.710833 0.658333 0.015833 0.068333
2 0.336667 0.255000 0.010000 0.031667
2 0.368333 0.685000 0.023333 0.106667
2 0.748333 0.626667 0.027500 0.016667
2 0.300000 0.653333 0.011667 0.066667
2 0.778333 0.681667 0.020000 0.021667
2 0.640000 0.343333 0.023333 0.106667
2 0.491667 0.676667 0.022500 0.023333
3 0.305833 0.321667 0.008333 0.016667
3 0.680833 0.395000 0.008333 0.016667
2 0.307500 0.465000 0.022500 0.023333
3 0.690000 0.665000 0.010833 0.013333
2 0.509167 0.301667 0.026667 0.035000
3 0.365833 0.430000 0.013333 0.015000
2 0.507500 0.223333 0.029167 0.038333
2 0.790833 0.686667 0.021667 0.090000
2 0.764167 0.630000 0.015833 0.068333
3 0.343333 0.653333 0.013333 0.031667
2 0.760833 0.775000 0.021667 0.090000
3 0.285000 0.260000 0.013333 0.015000
3 0.471667 0.731667 0.009167 0.016667
3 0.526667 0.620000 0.013333 0.015000
2 0.466667 0.755000 0.048333 0.025000
3 0.445833 0.665000 0.013333 0.031667
2 0.286667 0.793333 0.013333 0.070000
3 0.432500 0.763333 0.011667 0.030000
3 0.700000 0.280000 0.007500 0.015000
3 0.400000 0.653333 0.010000 0.020000
2 0.472500 0.206667 0.019167 0.046667
2 0.772500 0.331667 0.023333 0.106667
3 0.306667 0.361667 0.014167 0.025000
3 0.315000 0.383333 0.007500 0.015000
3 0.318333 0.640000 0.007500 0.018333
3 0.575833 0.650000 0.017500 0.031667
2 0.236667 0.725000 0.097500 0.053333
2 0.400833 0.696667 0.020833 0.028333
2 0.585000 0.406667 0.010833 0.091667
2 0.541667 0.693333 0.010000 0.031667
2 0.245833 0.385000 0.048333 0.043333
2 0.560833 0.608333 0.034167 0.038333
2 0.715833 0.410000 0.020833 0.080000
2 0.495833 0.310000 0.034167 0.038333
2 0.798333 0.373333 0.011667 0.025000
2 0.673333 0.673333 0.020833 0.028333
2 0.330833 0.380000 0.020000 0.021667
2 0.483333 0.318333 0.034167 0.038333
2 0.605833 0.671667 0.020833 0.028333
2 0.248333 0.675000 0.010000 0.031667
2 0.590000 0.698333 0.029167 0.038333
3 0.314167 0.385000 0.009167 0.016667
3 0.749167 0.411667 0.007500 0.018333
2 0.416667 0.686667 0.048333 0.043333
2 0.551667 0.271667 0.027500 0.016667
3 0.607500 0.311667 0.007500 0.016667
3 0.221667 0.391667 0.017500 0.031667
3 0.156667 0.616667 0.008333 0.016667
3 0.499167 0.301667 0.007500 0.015000
3 0.745833 0.601667 0.010833 0.013333
2 0.333333 0.658333 0.030833 0.051667
2 0.443333 0.660000 0.019167 0.046667
3 0.342500 0.671667 0.011667 0.030000
3 0.318333 0.286667 0.008333 0.021667
2 0.143333 0.608333 0.034167 0.038333
3 0.378333 0.370000 0.011667 0.030000
2 0.582500 0.761667 0.009167 0.031667
3 0.595000 0.750000 0.007500 0.015000
3 0.604167 0.383333 0.013333 0.031667
2 0.678333 0.738333 0.034167 0.100000
3 0.465000 0.280000 0.007500 0.018333
2 0.722500 0.343333 0.027500 0.016667
2 0.618333 0.405000 0.029167 0.038333
2 0.415000 0.835000 0.017500 0.116667
3 0.302500 0.746667 0.008333 0.016667
3 0.775000 0.691667 0.009167 0.016667
3 0.471667 0.310000 0.013333 0.015000
3 0.698333 0.668333 0.013333 0.031667
3 0.534167 0.285000 0.007500 0.018333
2 0.640000 0.716667 0.010833 0.091667
2 0.499167 0.341667 0.058333 0.076667
2 0.724167 0.641667 0.020000 0.021667
3 0.705833 0.326667 0.011667 0.030000
2 0.521667 0.341667 0.015833 0.068333
2 0.532500 0.741667 0.023333 0.041667
2 0.761667 0.355000 0.035000 0.105000
2 0.347500 0.740000 0.058333 0.076667
2 0.745833 0.430000 0.010833 0.091667
2 0.670833 0.626667 0.010000 0.031667
3 0.640833 0.683333 0.017500 0.031667
2 0.236667 0.711667 0.023333 0.106667
3 0.723333 0.420000 0.007500 0.018333
2 0.436667 0.690000 0.035000 0.105000
3 0.755833 0.413333 0.008333 0.016667
3 0.556667 0.660000 0.010833 0.013333
3 0.489167 0.203333 0.007500 0.018333
2 0.423333 0.683333 0.034167 0.038333
3 0.540833 0.998333 0.008333 0.001667
2 0.462500 0.770000 0.045833 0.021667
2 0.783333 0.441667 0.034167 0.100000
2 0.379167 0.638333 0.027500 0.016667
3 0.293333 0.776667 0.007500 0.016667
3 0.822500 0.396667 0.008333 0.016667
3 0.825833 0.421667 0.015833 0.051667
2 0.530000 0.263333 0.027500 0.016667
3 0.185000 0.651667 0.009167 0.018333
2 0.241667 0.426667 0.021667 0.090000
2 0.710000 0.375000 0.034167 0.100000
3 0.773333 0.675000 0.009167 0.015000
3 0.580000 0.760000 0.009167 0.016667
3 0.705833 0.660000 0.007500 0.015000
2 0.615000 0.675000 0.020000 0.021667
2 0.713333 0.645000 0.022500 0.023333
2 0.712500 0.820000 0.034167 0.100000
3 0.408333 0.390000 0.009167 0.016667
3 0.521667 0.706667 0.013333 0.015000
2 0.538333 0.428333 0.026667 0.035000
3 0.529167 0.408333 0.006667 0.018333
3 0.586667 0.186667 0.007500 0.016667
3 0.567500 0.381667 0.007500 0.015000
3 0.566667 0.243333 0.007500 0.018333
2 0.405000 0.698333 0.023333 0.041667
3 0.279167 0.668333 0.009167 0.015000
2 0.435000 0.340000 0.009167 0.031667
2 0.655833 0.678333 0.009167 0.031667
3 0.691667 0.618333 0.010000 0.020000
2 0.251667 0.211667 0.015833 0.068333
3 0.165833 0.385000 0.014167 0.025000
3 0.560833 0.368333 0.010833 0.013333
2 0.790833 0.745000 0.022500 0.023333
3 0.254167 0.783333 0.009167 0.018333
3 0.687500 0.345000 0.007500 0.016667
2 0.660000 0.661667 0.045833 0.021667
3 0.367500 0.680000 0.009167 0.016667
3 0.767500 0.648333 0.009167 0.016667
3 0.618333 0.678333 0.013333 0.031667
2 0.215833 0.343333 0.027500 0.016667
3 0.704167 0.640000 0.013333 0.015000
2 0.790000 0.636667 0.011667 0.066667
2 0.781667 0.420000 0.027500 0.016667
3 0.646667 0.355000 0.007500 0.015000
2 0.417500 0.751667 0.058333 0.076667
3 0.305833 0.291667 0.013333 0.015000
3 0.550000 0.728333 0.011667 0.020000
3 0.318333 0.763333 0.007500 0.015000
3 0.683333 0.426667 0.011667 0.030000
2 0.792500 0.625000 0.009167 0.040000
3 0.783333 0.610000 0.007500 0.015000
3 0.311667 0.795000 0.017500 0.031667
2 0.720000 0.590000 0.020833 0.028333
2 0.464167 0.791667 0.011667 0.066667
3 0.277500 0.281667 0.009167 0.018333
2 0.707500 0.600000 0.010000 0.031667
3 0.300000 0.383333 0.010000 0.020000
3 0.470000 0.318333 0.007500 0.018333
2 0.678333 0.631667 0.020833 0.028333
3 0.504167 0.271667 0.007500 0.018333
2 0.305000 0.361667 0.022500 0.023333
2 0.510000 0.253333 0.011667 0.025000
3 0.327500 0.355000 0.007500 0.015000
2 0.524167 0.375000 0.011667 0.066667
2 0.217500 0.423333 0.020000 0.021667
3 0.440833 0.773333 0.010833 0.023333
