4 0.821667 0.593333 0.099167 0.178333
4 0.885833 0.650000 0.062500 0.128333
4 0.886667 0.496667 0.038333 0.016667
4 0.884167 0.413333 0.063333 0.093333
4 0.818333 0.373333 0.204167 0.223333
4 0.860000 0.558333 0.066667 0.115000
4 0.864167 0.506667 0.060000 0.095000
4 0.855833 0.580000 0.080833 0.158333
4 0.837500 0.435000 0.086667 0.083333
4 0.855833 0.673333 0.059167 0.116667
4 0.209167 0.436667 0.087500 0.128333
4 0.677500 0.681667 0.122500 0.306667
4 0.312500 0.543333 0.095833 0.038333
4 0.760833 0.583333 0.050000 0.086667
4 0.283333 0.580000 0.072500 0.125000
4 0.292500 0.621667 0.104167 0.188333
4 0.712500 0.503333 0.219167 0.081667
4 0.440833 0.458333 0.104167 0.111667
4 0.227500 0.711667 0.231667 0.336667
4 0.754167 0.585000 0.043333 0.085000
2 0.386667 0.598333 0.030833 0.051667
2 0.261667 0.550000 0.026667 0.035000
3 0.703333 0.551667 0.007500 0.015000
2 0.045000 0.506667 0.023333 0.041667
3 0.394167 0.540000 0.010000 0.016667
2 0.238333 0.506667 0.019167 0.046667
2 0.172500 0.448333 0.020833 0.028333
2 0.543333 0.466667 0.010000 0.031667
2 0.565833 0.493333 0.019167 0.046667
2 0.130833 0.578333 0.020000 0.021667
2 0.198333 0.435000 0.011667 0.025000
3 0.692500 0.583333 0.008333 0.016667
2 0.579167 0.508333 0.020833 0.080000
2 0.548333 0.578333 0.020000 0.021667
3 0.163333 0.440000 0.011667 0.030000
3 0.565833 0.461667 0.013333 0.015000
2 0.112500 0.523333 0.045833 0.021667
2 0.604167 0.618333 0.026667 0.035000
3 0.795833 0.460000 0.009167 0.015000
2 0.339167 0.431667 0.015833 0.068333
2 0.453333 0.515000 0.020833 0.080000
2 0.079167 0.515000 0.011667 0.025000
3 0.762500 0.530000 0.009167 0.023333
3 0.801667 0.566667 0.010833 0.013333
2 0.610000 0.428333 0.058333 0.076667
3 0.321667 0.496667 0.008333 0.021667
3 0.558333 0.475000 0.007500 0.016667
3 0.570000 0.570000 0.010833 0.023333
2 0.435833 0.548333 0.034167 0.100000
3 0.298333 0.546667 0.008333 0.021667
2 0.396667 0.588333 0.009167 0.031667
2 0.169167 0.533333 0.021667 0.090000
2 0.619167 0.561667 0.009167 0.031667
2 0.420000 0.490000 0.045833 0.021667
2 0.816667 0.600000 0.013333 0.070000
3 0.677500 0.448333 0.014167 0.025000
3 0.607500 0.531667 0.007500 0.015000
3 0.076667 0.465000 0.008333 0.016667
3 0.502500 0.511667 0.006667 0.018333
2 0.130833 0.555000 0.034167 0.038333
2 0.150000 0.561667 0.013333 0.070000
2 0.459167 0.593333 0.023333 0.041667
3 0.110000 0.510000 0.007500 0.016667
2 0.302500 0.578333 0.020000 0.021667
3 0.196667 0.603333 0.013333 0.031667
3 0.053333 0.521667 0.008333 0.016667
2 0.105000 0.466667 0.026667 0.035000
3 0.206667 0.558333 0.007500 0.018333
3 0.130000 0.493333 0.007500 0.015000
3 0.050833 0.525000 0.017500 0.031667
3 0.102500 0.520000 0.008333 0.016667
3 0.295833 0.558333 0.007500 0.018333
3 0.462500 0.588333 0.007500 0.018333
2 0.480000 0.545000 0.023333 0.106667
3 0.027500 0.558333 0.011667 0.030000
2 0.373333 0.500000 0.058333 0.076667
2 0.746667 0.528333 0.013333 0.070000
2 0.173333 0.470000 0.020833 0.080000
3 0.822500 0.558333 0.007500 0.015000
3 0.534167 0.475000 0.017500 0.031667
3 0.757500 0.515000 0.008333 0.021667
3 0.757500 0.585000 0.008333 0.016667
2 0.210000 0.545000 0.017500 0.116667
2 0.127500 0.471667 0.019167 0.046667
2 0.515833 0.455000 0.048333 0.043333
2 0.265000 0.491667 0.013333 0.070000
2 0.015000 0.536667 0.021667 0.090000
3 0.183333 0.466667 0.007500 0.018333
2 0.810000 0.448333 0.015833 0.068333
2 0.659167 0.500000 0.027500 0.016667
2 0.390000 0.473333 0.010000 0.031667
3 0.433333 0.545000 0.010000 0.016667
3 0.786667 0.553333 0.010833 0.023333
2 0.297500 0.558333 0.022500 0.023333
2 0.530000 0.525000 0.009167 0.040000
3 0.655833 0.466667 0.010833 0.013333
3 0.424167 0.563333 0.010000 0.016667
2 0.597500 0.438333 0.029167 0.038333
2 0.548333 0.476667 0.058333 0.076667
2 0.325833 0.543333 0.017500 0.116667
2 0.280000 0.466667 0.020833 0.080000
3 0.361667 0.545000 0.010833 0.023333
2 0.257500 0.593333 0.048333 0.025000
2 0.517500 0.480000 0.010000 0.031667
3 0.266667 0.486667 0.010833 0.013333
3 0.686667 0.551667 0.007500 0.018333
3 0.088333 0.493333 0.013333 0.015000
3 0.781667 0.468333 0.007500 0.016667
2 0.555833 0.550000 0.022500 0.023333
3 0.456667 0.560000 0.017500 0.031667
3 0.218333 0.578333 0.009167 0.016667
2 0.820833 0.621667 0.020833 0.080000
3 0.083333 0.555000 0.011667 0.030000
2 0.563333 0.595000 0.022500 0.023333
3 0.515000 0.525000 0.015833 0.051667
2 0.618333 0.533333 0.009167 0.031667
2 0.399167 0.521667 0.097500 0.053333
2 0.525000 0.551667 0.030833 0.051667
3 0.601667 0.448333 0.017500 0.031667
2 0.195833 0.490000 0.020000 0.021667
3 0.625833 0.483333 0.011667 0.020000
3 0.119167 0.531667 0.015833 0.051667
2 0.509167 0.836667 0.029167 0.038333
3 0.776667 0.363333 0.007500 0.016667
2 0.443333 0.353333 0.015833 0.068333
2 0.640000 0.620000 0.027500 0.016667
2 0.505000 0.813333 0.017500 0.116667
2 0.312500 0.348333 0.027500 0.016667
2 0.527500 0.418333 0.023333 0.041667
2 0.433333 0.730000 0.015833 0.068333
3 0.676667 0.453333 0.009167 0.016667
2 0.540833 0.320000 0.034167 0.038333
3 0.362500 0.611667 0.008333 0.016667
2 0.785833 0.655000 0.020000 0.021667
2 0.557500 0.253333 0.026667 0.035000
3 0.269167 0.751667 0.010000 0.016667
3 0.365000 0.703333 0.008333 0.016667
3 0.655833 0.595000 0.010833 0.023333
3 0.743333 0.698333 0.014167 0.025000
3 0.479167 0.763333 0.015833 0.051667
3 0.495833 0.255000 0.013333 0.015000
3 0.518333 0.365000 0.006667 0.018333
2 0.715833 0.366667 0.014167 0.015000
2 0.744167 0.633333 0.013333 0.070000
2 0.505000 0.191667 0.035000 0.105000
2 0.661667 0.381667 0.048333 0.043333
2 0.698333 0.458333 0.021667 0.090000
3 0.460000 0.401667 0.009167 0.015000
2 0.499167 0.335000 0.029167 0.038333
3 0.750000 0.640000 0.007500 0.015000
2 0.469167 0.708333 0.010000 0.031667
2 0.278333 0.395000 0.034167 0.038333
2 0.641667 0.596667 0.097500 0.053333
3 0.238333 0.333333 0.007500 0.015000
3 0.556667 0.670000 0.009167 0.016667
2 0.473333 0.318333 0.011667 0.025000
2 0.380833 0.373333 0.029167 0.038333
3 0.456667 0.353333 0.008333 0.016667
3 0.695000 0.608333 0.010000 0.016667
2 0.308333 0.205000 0.020000 0.021667
3 0.680833 0.615000 0.013333 0.015000
2 0.674167 0.645000 0.023333 0.041667
3 0.461667 0.143333 0.017500 0.031667
2 0.710833 0.613333 0.020833 0.080000
3 0.606667 0.660000 0.008333 0.016667
2 0.355000 0.748333 0.011667 0.025000
3 0.531667 0.373333 0.009167 0.016667
2 0.555000 0.656667 0.045833 0.021667
3 0.583333 0.736667 0.007500 0.015000
3 0.652500 0.686667 0.015833 0.051667
3 0.485833 0.753333 0.009167 0.016667
3 0.447500 0.375000 0.013333 0.031667
2 0.480833 0.273333 0.010000 0.031667
3 0.690833 0.358333 0.008333 0.016667
3 0.314167 0.408333 0.007500 0.015000
2 0.529167 0.623333 0.045833 0.021667
2 0.695833 0.715000 0.029167 0.038333
3 0.730833 0.646667 0.017500 0.031667
3 0.452500 0.366667 0.009167 0.018333
2 0.320000 0.378333 0.013333 0.070000
2 0.510833 0.396667 0.020833 0.028333
2 0.391667 0.315000 0.020833 0.028333
2 0.557500 0.301667 0.034167 0.100000
3 0.433333 0.380000 0.015833 0.051667
2 0.750833 0.363333 0.029167 0.038333
3 0.442500 0.893333 0.009167 0.015000
3 0.314167 0.395000 0.009167 0.016667
3 0.702500 0.398333 0.007500 0.018333
2 0.508333 0.418333 0.017500 0.116667
2 0.485833 0.320000 0.010833 0.091667
2 0.471667 0.735000 0.020833 0.028333
3 0.680833 0.441667 0.007500 0.015000
3 0.658333 0.351667 0.008333 0.016667
2 0.717500 0.405000 0.010833 0.091667
2 0.796667 0.640000 0.014167 0.015000
3 0.740833 0.661667 0.011667 0.020000
3 0.603333 0.320000 0.011667 0.030000
3 0.558333 0.663333 0.008333 0.016667
3 0.667500 0.713333 0.008333 0.016667
3 0.416667 0.730000 0.008333 0.021667
2 0.360833 0.300000 0.023333 0.106667
3 0.623333 0.383333 0.007500 0.016667
2 0.315833 0.751667 0.020833 0.028333
3 0.585833 0.615000 0.006667 0.018333
3 0.324167 0.370000 0.009167 0.016667
2 0.636667 0.398333 0.048333 0.043333
2 0.721667 0.323333 0.020833 0.080000
2 0.662500 0.385000 0.029167 0.038333
3 0.666667 0.701667 0.007500 0.015000
3 0.419167 0.715000 0.007500 0.016667
2 0.510000 0.626667 0.097500 0.053333
3 0.471667 0.730000 0.009167 0.016667
2 0.686667 0.458333 0.010833 0.091667
3 0.304167 0.291667 0.010000 0.016667
3 0.338333 0.863333 0.009167 0.016667
2 0.310833 0.385000 0.023333 0.106667
3 0.282500 0.400000 0.007500 0.018333
2 0.626667 0.661667 0.029167 0.038333
2 0.480833 0.656667 0.058333 0.076667
3 0.404167 0.661667 0.008333 0.016667
3 0.765000 0.613333 0.010000 0.016667
2 0.550000 0.663333 0.009167 0.040000
2 0.655000 0.571667 0.058333 0.076667
2 0.297500 0.646667 0.014167 0.015000
3 0.691667 0.713333 0.007500 0.018333
2 0.658333 0.398333 0.034167 0.038333
2 0.304167 0.705000 0.034167 0.038333
2 0.225000 0.716667 0.009167 0.040000
3 0.759167 0.410000 0.008333 0.016667
2 0.274167 0.260000 0.010000 0.031667
2 0.574167 0.350000 0.097500 0.053333
3 0.396667 0.383333 0.006667 0.018333
3 0.708333 0.651667 0.009167 0.016667
3 0.726667 0.618333 0.008333 0.021667
3 0.664167 0.400000 0.009167 0.023333
3 0.303333 0.323333 0.013333 0.031667
3 0.344167 0.640000 0.008333 0.021667
3 0.293333 0.288333 0.009167 0.015000
2 0.495000 0.713333 0.010000 0.031667
2 0.307500 0.288333 0.011667 0.066667
3 0.725000 0.608333 0.009167 0.016667
3 0.702500 0.625000 0.011667 0.030000
2 0.308333 0.373333 0.027500 0.016667
2 0.693333 0.271667 0.020833 0.028333
3 0.666667 0.615000 0.009167 0.015000
2 0.795000 0.350000 0.009167 0.040000
2 0.277500 0.341667 0.023333 0.106667
2 0.688333 0.318333 0.030833 0.051667
2 0.525000 0.716667 0.021667 0.090000
2 0.731667 0.613333 0.013333 0.070000
3 0.508333 0.345000 0.010833 0.023333
2 0.583333 0.736667 0.020833 0.028333
2 0.331667 0.868333 0.030833 0.051667
2 0.456667 0.716667 0.029167 0.038333
3 0.385833 0.401667 0.009167 0.016667
3 0.525833 0.408333 0.013333 0.031667
3 0.325833 0.318333 0.017500 0.031667
2 0.280000 0.790000 0.034167 0.100000
3 0.378333 0.745000 0.008333 0.016667
3 0.692500 0.388333 0.010833 0.023333
2 0.545833 0.648333 0.019167 0.046667
3 0.325833 0.318333 0.017500 0.031667
2 0.773333 0.455000 0.013333 0.070000
2 0.707500 0.328333 0.015833 0.068333
2 0.644167 0.660000 0.045833 0.021667
2 0.363333 0.681667 0.011667 0.066667
2 0.558333 0.716667 0.058333 0.076667
2 0.770000 0.326667 0.009167 0.040000
2 0.551667 0.651667 0.019167 0.046667
3 0.538333 0.703333 0.015833 0.051667
2 0.630000 0.470000 0.020833 0.080000
3 0.448333 0.338333 0.007500 0.015000
3 0.648333 0.633333 0.009167 0.015000
3 0.808333 0.611667 0.013333 0.015000
3 0.640833 0.671667 0.007500 0.018333
3 0.728333 0.355000 0.015833 0.051667
2 0.758333 0.305000 0.009167 0.031667
3 0.618333 0.371667 0.009167 0.016667
3 0.526667 0.383333 0.014167 0.025000
2 0.689167 0.291667 0.022500 0.023333
3 0.168333 0.390000 0.009167 0.015000
3 0.638333 0.418333 0.008333 0.016667
2 0.250833 0.866667 0.048333 0.025000
3 0.574167 0.173333 0.009167 0.016667
2 0.381667 0.356667 0.011667 0.066667
2 0.448333 0.761667 0.023333 0.041667
3 0.540000 0.626667 0.017500 0.031667
3 0.243333 0.705000 0.009167 0.016667
3 0.598333 0.708333 0.013333 0.031667
3 0.672500 0.635000 0.008333 0.016667
3 0.693333 0.631667 0.011667 0.020000
2 0.749167 0.623333 0.009167 0.040000
3 0.807500 0.900000 0.010000 0.020000
2 0.314167 0.265000 0.015833 0.068333
2 0.462500 0.301667 0.023333 0.041667
3 0.675000 0.441667 0.015833 0.051667
3 0.828333 0.418333 0.015833 0.051667
2 0.780833 0.586667 0.019167 0.046667
2 0.680833 0.351667 0.019167 0.046667
3 0.308333 0.295000 0.008333 0.016667
2 0.298333 0.683333 0.026667 0.035000
3 0.685833 0.376667 0.007500 0.015000
2 0.208333 0.363333 0.097500 0.053333
3 0.790000 0.680000 0.010000 0.016667
3 0.534167 0.281667 0.007500 0.015000
2 0.164167 0.371667 0.020833 0.080000
3 0.735000 0.595000 0.014167 0.025000
3 0.775000 0.353333 0.007500 0.018333
3 0.504167 0.258333 0.009167 0.016667
2 0.732500 0.381667 0.058333 0.076667
2 0.635833 0.408333 0.045833 0.021667
2 0.461667 0.135000 0.017500 0.116667
3 0.285833 0.780000 0.008333 0.016667
2 0.402500 0.708333 0.015833 0.068333
3 0.323333 0.408333 0.009167 0.016667
2 0.362500 0.275000 0.019167 0.046667
2 0.357500 0.276667 0.020833 0.080000
2 0.697500 0.358333 0.009167 0.031667
3 0.188333 0.400000 0.010833 0.023333
2 0.593333 0.651667 0.034167 0.038333
