4 0.825000 0.596667 0.154167 0.080000
4 0.793333 0.490000 0.099167 0.026667
4 0.858333 0.600000 0.068333 0.106667
4 0.792500 0.731667 0.128333 0.223333
4 0.841667 0.560000 0.127500 0.183333
4 0.860000 0.530000 0.068333 0.033333
4 0.830833 0.428333 0.050833 0.120000
4 0.838333 0.573333 0.095833 0.081667
4 0.875000 0.680000 0.056667 0.145000
4 0.833333 0.538333 0.085833 0.020000
4 0.209167 0.645000 0.144167 0.215000
4 0.020000 0.541667 0.040000 0.128333
4 0.451667 0.450000 0.085000 0.108333
4 0.617500 0.548333 0.099167 0.031667
4 0.646667 0.648333 0.106667 0.185000
4 0.117500 0.618333 0.052500 0.130000
4 0.087500 0.543333 0.175000 0.156667
4 0.253333 0.543333 0.088333 0.035000
4 0.706667 0.481667 0.097500 0.198333
4 0.360833 0.681667 0.083333 0.226667
3 0.655000 0.475000 0.009167 0.015000
3 0.354167 0.568333 0.009167 0.023333
2 0.515833 0.483333 0.010000 0.031667
2 0.474167 0.591667 0.034167 0.100000
3 0.359167 0.541667 0.007500 0.018333
3 0.827500 0.611667 0.007500 0.015000
2 0.236667 0.468333 0.020833 0.080000
3 0.490833 0.463333 0.007500 0.016667
2 0.603333 0.566667 0.011667 0.066667
2 0.516667 0.568333 0.014167 0.015000
2 0.725000 0.483333 0.035000 0.105000
3 0.621667 0.570000 0.014167 0.025000
2 0.091667 0.478333 0.011667 0.025000
3 0.806667 0.595000 0.007500 0.015000
3 0.290000 0.591667 0.007500 0.015000
2 0.776667 0.466667 0.009167 0.040000
3 0.038333 0.535000 0.011667 0.030000
3 0.099167 0.590000 0.007500 0.018333
2 0.385000 0.575000 0.010833 0.091667
3 0.624167 0.476667 0.007500 0.018333
2 0.676667 0.591667 0.013333 0.070000
3 0.354167 0.528333 0.009167 0.016667
3 0.603333 0.460000 0.014167 0.025000
3 0.545833 0.540000 0.010000 0.016667
3 0.418333 0.535000 0.009167 0.016667
2 0.126667 0.491667 0.015833 0.068333
3 0.210833 0.435000 0.009167 0.015000
2 0.070000 0.481667 0.027500 0.016667
3 0.491667 0.510000 0.009167 0.023333
3 0.736667 0.578333 0.009167 0.016667
3 0.545000 0.531667 0.013333 0.015000
3 0.558333 0.488333 0.007500 0.015000
2 0.760000 0.465000 0.048333 0.025000
2 0.615000 0.500000 0.011667 0.025000
2 0.392500 0.548333 0.097500 0.053333
2 0.043333 0.535000 0.011667 0.066667
2 0.402500 0.575000 0.014167 0.015000
2 0.201667 0.615000 0.009167 0.031667
2 0.246667 0.445000 0.029167 0.038333
3 0.164167 0.470000 0.009167 0.016667
2 0.120833 0.441667 0.020833 0.080000
3 0.057500 0.565000 0.007500 0.015000
3 0.607500 0.540000 0.006667 0.018333
2 0.745833 0.440000 0.058333 0.076667
3 0.360000 0.555000 0.007500 0.018333
3 0.420833 0.500000 0.008333 0.016667
3 0.188333 0.561667 0.010000 0.016667
3 0.305000 0.441667 0.007500 0.015000
2 0.575000 0.535000 0.048333 0.025000
2 0.656667 0.491667 0.013333 0.070000
2 0.221667 0.570000 0.015833 0.068333
3 0.214167 0.581667 0.013333 0.031667
3 0.310833 0.551667 0.008333 0.016667
2 0.158333 0.431667 0.020000 0.021667
3 0.146667 0.518333 0.009167 0.016667
2 0.429167 0.501667 0.014167 0.015000
2 0.210833 0.555000 0.020833 0.080000
2 0.151667 0.480000 0.021667 0.090000
3 0.597500 0.533333 0.011667 0.020000
2 0.534167 0.571667 0.048333 0.025000
2 0.365833 0.551667 0.045833 0.021667
3 0.060833 0.470000 0.007500 0.016667
3 0.626667 0.503333 0.007500 0.016667
3 0.214167 0.511667 0.008333 0.016667
3 0.450000 0.553333 0.008333 0.021667
3 0.263333 0.540000 0.015833 0.051667
3 0.454167 0.603333 0.011667 0.020000
2 0.040000 0.475000 0.019167 0.046667
2 0.270000 0.515000 0.009167 0.040000
3 0.262500 0.476667 0.013333 0.015000
3 0.071667 0.558333 0.007500 0.015000
2 0.668333 0.523333 0.097500 0.053333
2 0.335000 0.568333 0.023333 0.106667
3 0.435000 0.501667 0.014167 0.025000
3 0.315000 0.510000 0.013333 0.031667
2 0.063333 0.555000 0.023333 0.106667
2 0.088333 0.518333 0.019167 0.046667
2 0.630000 0.480000 0.023333 0.106667
2 0.043333 0.438333 0.086667 0.053333
3 0.650833 0.538333 0.011667 0.030000
2 0.495833 0.463333 0.019167 0.046667
2 0.110833 0.528333 0.045833 0.021667
3 0.646667 0.588333 0.015833 0.051667
3 0.040833 0.576667 0.008333 0.016667
3 0.433333 0.598333 0.007500 0.018333
3 0.666667 0.578333 0.017500 0.031667
2 0.732500 0.485000 0.020000 0.021667
2 0.401667 0.538333 0.011667 0.066667
2 0.736667 0.501667 0.020833 0.028333
2 0.751667 0.595000 0.020833 0.080000
2 0.415000 0.446667 0.058333 0.076667
2 0.238333 0.498333 0.009167 0.031667
2 0.778333 0.476667 0.045833 0.021667
3 0.359167 0.525000 0.008333 0.016667
2 0.190000 0.491667 0.020000 0.021667
3 0.793333 0.511667 0.009167 0.015000
2 0.279167 0.530000 0.019167 0.046667
2 0.420000 0.478333 0.010000 0.031667
3 0.486667 0.545000 0.007500 0.018333
3 0.240000 0.560000 0.007500 0.015000
2 0.325833 0.553333 0.009167 0.040000
3 0.595000 0.475000 0.010000 0.020000
2 0.581667 0.636667 0.011667 0.025000
3 0.725000 0.391667 0.006667 0.018333
2 0.296667 0.331667 0.026667 0.035000
3 0.275833 0.405000 0.009167 0.016667
2 0.609167 0.318333 0.015833 0.068333
3 0.629167 0.418333 0.008333 0.021667
3 0.289167 0.805000 0.007500 0.015000
2 0.671667 0.430000 0.020000 0.021667
3 0.510000 0.320000 0.006667 0.018333
2 0.307500 0.356667 0.019167 0.046667
3 0.219167 0.656667 0.010833 0.023333
2 0.331667 0.425000 0.048333 0.043333
3 0.287500 0.718333 0.007500 0.015000
2 0.427500 0.630000 0.009167 0.040000
2 0.266667 0.180000 0.011667 0.066667
3 0.785000 0.893333 0.008333 0.016667
2 0.245833 0.225000 0.027500 0.016667
3 0.485000 0.445000 0.009167 0.016667
3 0.796667 0.738333 0.011667 0.020000
3 0.680000 0.395000 0.010000 0.016667
2 0.706667 0.380000 0.035000 0.105000
2 0.341667 0.308333 0.034167 0.100000
2 0.028333 0.636667 0.010833 0.091667
2 0.481667 0.650000 0.023333 0.106667
2 0.238333 0.343333 0.011667 0.025000
2 0.436667 0.746667 0.045833 0.021667
3 0.440000 0.770000 0.013333 0.015000
3 0.545000 0.240000 0.008333 0.016667
2 0.491667 0.750000 0.014167 0.015000
3 0.643333 0.441667 0.008333 0.016667
2 0.268333 0.690000 0.030833 0.051667
3 0.775000 0.603333 0.008333 0.016667
3 0.510833 0.818333 0.006667 0.018333
3 0.375000 0.736667 0.014167 0.025000
3 0.663333 0.338333 0.008333 0.016667
3 0.320000 0.348333 0.007500 0.015000
3 0.767500 0.751667 0.008333 0.021667
2 0.600000 0.433333 0.020833 0.080000
2 0.665833 0.418333 0.009167 0.031667
2 0.303333 0.356667 0.011667 0.025000
3 0.756667 0.315000 0.008333 0.016667
2 0.737500 0.398333 0.097500 0.053333
3 0.770833 0.380000 0.008333 0.016667
2 0.545000 0.665000 0.019167 0.046667
3 0.230833 0.801667 0.013333 0.031667
2 0.666667 0.355000 0.020000 0.021667
2 0.679167 0.670000 0.022500 0.023333
3 0.321667 0.760000 0.010000 0.016667
3 0.677500 0.366667 0.007500 0.015000
2 0.299167 0.345000 0.035000 0.105000
2 0.826667 0.426667 0.023333 0.041667
2 0.575000 0.735000 0.011667 0.025000
3 0.790000 0.725000 0.013333 0.015000
2 0.480833 0.295000 0.015833 0.068333
2 0.489167 0.313333 0.048333 0.043333
2 0.784167 0.375000 0.009167 0.040000
3 0.347500 0.765000 0.007500 0.015000
2 0.330000 0.315000 0.015833 0.068333
2 0.660000 0.401667 0.035000 0.105000
2 0.481667 0.273333 0.020000 0.021667
2 0.543333 0.681667 0.014167 0.015000
2 0.768333 0.625000 0.034167 0.100000
2 0.530000 0.376667 0.020833 0.028333
2 0.537500 0.686667 0.017500 0.116667
2 0.625000 0.656667 0.030833 0.051667
3 0.263333 0.653333 0.017500 0.031667
2 0.368333 0.383333 0.045833 0.021667
2 0.360833 0.761667 0.048333 0.025000
2 0.725833 0.648333 0.058333 0.076667
3 0.575833 0.741667 0.010000 0.016667
3 0.461667 0.715000 0.013333 0.015000
2 0.691667 0.683333 0.010833 0.091667
3 0.679167 0.445000 0.010833 0.023333
3 0.758333 0.366667 0.009167 0.023333
2 0.731667 0.396667 0.014167 0.015000
2 0.697500 0.345000 0.010833 0.091667
2 0.544167 0.653333 0.020000 0.021667
2 0.383333 0.373333 0.027500 0.016667
2 0.696667 0.593333 0.035000 0.105000
2 0.714167 0.440000 0.048333 0.025000
2 0.360833 0.676667 0.009167 0.031667
2 0.626667 0.640000 0.015833 0.068333
2 0.538333 0.731667 0.097500 0.053333
3 0.778333 0.608333 0.008333 0.016667
2 0.496667 0.721667 0.048333 0.025000
3 0.730000 0.610000 0.008333 0.016667
3 0.788333 0.648333 0.017500 0.031667
2 0.335833 0.878333 0.023333 0.106667
2 0.379167 0.408333 0.022500 0.023333
3 0.774167 0.691667 0.011667 0.020000
2 0.574167 0.403333 0.048333 0.043333
3 0.603333 0.330000 0.009167 0.016667
2 0.578333 0.621667 0.029167 0.038333
2 0.666667 0.681667 0.009167 0.031667
2 0.663333 0.323333 0.015833 0.068333
3 0.322500 0.351667 0.008333 0.016667
2 0.700833 0.333333 0.048333 0.043333
3 0.511667 0.355000 0.007500 0.015000
2 0.436667 0.168333 0.022500 0.023333
2 0.844167 0.306667 0.015833 0.068333
3 0.727500 0.720000 0.007500 0.015000
2 0.440833 0.825000 0.058333 0.076667
3 0.306667 0.341667 0.009167 0.016667
3 0.666667 0.616667 0.010000 0.020000
3 0.348333 0.833333 0.010833 0.013333
2 0.446667 0.350000 0.014167 0.015000
2 0.614167 0.610000 0.035000 0.105000
3 0.766667 0.641667 0.008333 0.016667
3 0.781667 0.381667 0.010833 0.023333
3 0.454167 0.830000 0.007500 0.016667
2 0.249167 0.256667 0.021667 0.090000
3 0.627500 0.390000 0.007500 0.018333
3 0.759167 0.611667 0.008333 0.016667
3 0.677500 0.370000 0.008333 0.016667
3 0.308333 0.361667 0.015833 0.051667
2 0.521667 0.630000 0.023333 0.041667
3 0.336667 0.220000 0.014167 0.025000
3 0.760000 0.321667 0.010833 0.013333
2 0.442500 0.696667 0.013333 0.070000
3 0.366667 0.646667 0.009167 0.023333
3 0.547500 0.631667 0.009167 0.016667
3 0.279167 0.746667 0.013333 0.031667
3 0.753333 0.706667 0.010000 0.020000
2 0.725000 0.366667 0.009167 0.031667
3 0.447500 0.385000 0.009167 0.018333
2 0.335000 0.843333 0.009167 0.040000
2 0.738333 0.670000 0.058333 0.076667
3 0.671667 0.406667 0.007500 0.016667
2 0.286667 0.230000 0.017500 0.116667
3 0.280833 0.436667 0.009167 0.018333
3 0.297500 0.398333 0.010833 0.023333
3 0.761667 0.373333 0.007500 0.018333
2 0.720000 0.605000 0.020000 0.021667
3 0.571667 0.753333 0.010833 0.013333
2 0.490833 0.316667 0.009167 0.031667
2 0.650000 0.623333 0.020000 0.021667
2 0.720833 0.775000 0.014167 0.015000
3 0.314167 0.756667 0.007500 0.015000
3 0.710833 0.258333 0.008333 0.016667
2 0.689167 0.720000 0.022500 0.023333
3 0.218333 0.638333 0.008333 0.021667
2 0.725833 0.758333 0.010833 0.091667
2 0.616667 0.641667 0.029167 0.038333
2 0.717500 0.293333 0.034167 0.038333
2 0.435000 0.645000 0.010000 0.031667
3 0.462500 0.276667 0.013333 0.015000
2 0.697500 0.360000 0.021667 0.090000
2 0.251667 0.388333 0.017500 0.116667
3 0.562500 0.436667 0.008333 0.021667
2 0.695833 0.433333 0.026667 0.035000
2 0.422500 0.806667 0.048333 0.043333
2 0.665000 0.623333 0.035000 0.105000
3 0.620833 0.371667 0.010833 0.023333
3 0.655000 0.333333 0.008333 0.016667
3 0.414167 0.681667 0.007500 0.018333
2 0.467500 0.745000 0.045833 0.021667
2 0.705000 0.658333 0.010000 0.031667
2 0.593333 0.620000 0.035000 0.105000
2 0.621667 0.421667 0.023333 0.106667
3 0.776667 0.423333 0.008333 0.016667
2 0.519167 0.673333 0.009167 0.031667
2 0.527500 0.605000 0.019167 0.046667
2 0.809167 0.391667 0.011667 0.025000
2 0.740000 0.635000 0.020833 0.080000
2 0.530833 0.731667 0.017500 0.116667
3 0.673333 0.410000 0.009167 0.016667
2 0.272500 0.391667 0.014167 0.015000
2 0.320000 0.370000 0.013333 0.070000
2 0.268333 0.441667 0.021667 0.090000
2 0.787500 0.406667 0.015833 0.068333
3 0.614167 0.645000 0.009167 0.018333
2 0.560833 0.425000 0.015833 0.068333
2 0.317500 0.761667 0.010000 0.031667
2 0.480000 0.308333 0.017500 0.116667
3 0.543333 0.308333 0.014167 0.025000
3 0.407500 0.390000 0.010833 0.023333
2 0.635000 0.593333 0.020833 0.080000
3 0.325833 0.658333 0.008333 0.016667
3 0.526667 0.408333 0.011667 0.020000
2 0.167500 0.400000 0.026667 0.035000
3 0.323333 0.175000 0.007500 0.015000
2 0.312500 0.401667 0.011667 0.025000
3 0.486667 0.376667 0.008333 0.016667
3 0.395833 0.381667 0.007500 0.018333
3 0.692500 0.658333 0.007500 0.016667
2 0.479167 0.740000 0.035000 0.105000
3 0.341667 0.313333 0.011667 0.030000
2 0.334167 0.898333 0.010833 0.091667
2 0.421667 0.433333 0.010833 0.091667
3 0.705000 0.430000 0.008333 0.016667
3 0.275833 0.393333 0.007500 0.018333
2 0.743333 0.363333 0.058333 0.076667
3 0.781667 0.645000 0.007500 0.015000
2 0.619167 0.328333 0.029167 0.038333
2 0.343333 0.621667 0.026667 0.035000
2 0.745833 0.305000 0.020833 0.080000
3 0.294167 0.675000 0.010833 0.013333
2 0.402500 0.653333 0.011667 0.025000
