4 0.764167 0.508333 0.289167 0.438333
4 0.808333 0.476667 0.171667 0.071667
4 0.845000 0.595000 0.074167 0.123333
4 0.888333 0.410000 0.076667 0.025000
4 0.856667 0.410000 0.055833 0.063333
4 0.881667 0.483333 0.045833 0.060000
4 0.796667 0.591667 0.146667 0.358333
4 0.835000 0.783333 0.119167 0.291667
4 0.892500 0.501667 0.073333 0.051667
4 0.868333 0.365000 0.060000 0.065000
4 0.026667 0.425000 0.053333 0.191667
4 0.550833 0.478333 0.130833 0.095000
4 0.711667 0.501667 0.078333 0.090000
4 0.762500 0.521667 0.057500 0.036667
4 0.249167 0.526667 0.068333 0.023333
4 0.353333 0.443333 0.110000 0.131667
4 0.254167 0.518333 0.059167 0.078333
4 0.103333 0.505000 0.044167 0.055000
4 0.637500 0.498333 0.107500 0.026667
4 0.605833 0.403333 0.140833 0.261667
3 0.484167 0.515000 0.008333 0.016667
2 0.524167 0.570000 0.029167 0.038333
3 0.166667 0.576667 0.010833 0.023333
2 0.037500 0.453333 0.020833 0.080000
3 0.373333 0.526667 0.008333 0.021667
2 0.701667 0.595000 0.013333 0.070000
2 0.162500 0.516667 0.010833 0.091667
2 0.361667 0.556667 0.009167 0.040000
3 0.483333 0.493333 0.009167 0.015000
2 0.061667 0.573333 0.048333 0.025000
3 0.202500 0.440000 0.007500 0.016667
2 0.458333 0.550000 0.020833 0.028333
2 0.607500 0.640000 0.021667 0.090000
2 0.067500 0.566667 0.022500 0.023333
2 0.099167 0.521667 0.013333 0.070000
3 0.777500 0.463333 0.013333 0.015000
3 0.138333 0.498333 0.007500 0.018333
2 0.546667 0.606667 0.034167 0.100000
3 0.220000 0.496667 0.007500 0.016667
2 0.475000 0.580000 0.010833 0.091667
3 0.737500 0.458333 0.017500 0.031667
2 0.175833 0.586667 0.045833 0.021667
3 0.055833 0.550000 0.007500 0.016667
2 0.389167 0.581667 0.021667 0.090000
2 0.167500 0.470000 0.029167 0.038333
2 0.055000 0.551667 0.045833 0.021667
3 0.670833 0.521667 0.010000 0.016667
2 0.700833 0.540000 0.034167 0.038333
3 0.160000 0.555000 0.009167 0.018333
3 0.200833 0.603333 0.007500 0.015000
2 0.174167 0.525000 0.097500 0.053333
2 0.816667 0.518333 0.017500 0.116667
2 0.252500 0.595000 0.017500 0.116667
2 0.651667 0.471667 0.048333 0.025000
2 0.419167 0.521667 0.014167 0.015000
2 0.807500 0.451667 0.035000 0.105000
2 0.259167 0.538333 0.009167 0.040000
2 0.410833 0.473333 0.013333 0.070000
2 0.243333 0.570000 0.011667 0.066667
3 0.749167 0.498333 0.008333 0.016667
3 0.349167 0.563333 0.011667 0.030000
3 0.252500 0.478333 0.010000 0.020000
3 0.666667 0.481667 0.007500 0.016667
3 0.207500 0.581667 0.009167 0.023333
2 0.780000 0.483333 0.045833 0.021667
2 0.330000 0.413333 0.035000 0.105000
3 0.210000 0.448333 0.011667 0.030000
3 0.627500 0.531667 0.008333 0.016667
3 0.606667 0.526667 0.010000 0.016667
3 0.815833 0.513333 0.014167 0.025000
3 0.170833 0.446667 0.010000 0.020000
3 0.688333 0.556667 0.009167 0.016667
2 0.150000 0.588333 0.013333 0.070000
2 0.266667 0.558333 0.011667 0.066667
3 0.465000 0.546667 0.009167 0.015000
2 0.800833 0.598333 0.048333 0.043333
2 0.212500 0.493333 0.058333 0.076667
3 0.480000 0.526667 0.008333 0.021667
3 0.774167 0.515000 0.013333 0.031667
3 0.612500 0.558333 0.007500 0.015000
2 0.390833 0.490000 0.013333 0.070000
2 0.072500 0.555000 0.020000 0.021667
2 0.438333 0.518333 0.026667 0.035000
2 0.343333 0.535000 0.026667 0.035000
2 0.821667 0.678333 0.020833 0.080000
2 0.212500 0.510000 0.009167 0.031667
2 0.610000 0.566667 0.011667 0.025000
2 0.640000 0.493333 0.020833 0.028333
2 0.308333 0.560000 0.034167 0.100000
3 0.532500 0.476667 0.009167 0.018333
3 0.245833 0.466667 0.010833 0.023333
2 0.545000 0.455000 0.009167 0.040000
2 0.485833 0.493333 0.048333 0.025000
3 0.176667 0.590000 0.008333 0.016667
3 0.460833 0.453333 0.010833 0.023333
2 0.111667 0.448333 0.017500 0.116667
2 0.172500 0.488333 0.022500 0.023333
3 0.110833 0.555000 0.006667 0.018333
3 0.154167 0.575000 0.010833 0.013333
3 0.440833 0.481667 0.011667 0.030000
2 0.573333 0.511667 0.009167 0.040000
2 0.279167 0.601667 0.021667 0.090000
3 0.272500 0.475000 0.008333 0.016667
3 0.807500 0.455000 0.013333 0.031667
2 0.448333 0.495000 0.019167 0.046667
3 0.443333 0.555000 0.008333 0.016667
2 0.112500 0.510000 0.034167 0.100000
2 0.150000 0.603333 0.020000 0.021667
2 0.398333 0.525000 0.017500 0.116667
2 0.430000 0.636667 0.034167 0.100000
3 0.773333 0.513333 0.007500 0.018333
3 0.327500 0.618333 0.015833 0.051667
3 0.619167 0.498333 0.008333 0.021667
3 0.160833 0.438333 0.013333 0.015000
2 0.469167 0.543333 0.034167 0.100000
3 0.321667 0.535000 0.008333 0.016667
2 0.235000 0.585000 0.026667 0.035000
2 0.667500 0.500000 0.029167 0.038333
3 0.240833 0.540000 0.013333 0.031667
2 0.428333 0.616667 0.010833 0.091667
3 0.048333 0.505000 0.010000 0.016667
2 0.709167 0.505000 0.010833 0.091667
2 0.632500 0.670000 0.034167 0.038333
3 0.524167 0.755000 0.009167 0.015000
3 0.566667 0.686667 0.007500 0.015000
2 0.327500 0.698333 0.034167 0.100000
2 0.636667 0.675000 0.035000 0.105000
2 0.262500 0.751667 0.048333 0.025000
3 0.460833 0.668333 0.009167 0.023333
3 0.367500 0.678333 0.009167 0.016667
3 0.560000 0.655000 0.007500 0.018333
2 0.730833 0.680000 0.030833 0.051667
3 0.684167 0.428333 0.010000 0.020000
3 0.696667 0.283333 0.007500 0.018333
2 0.330000 0.830000 0.035000 0.105000
2 0.473333 0.818333 0.029167 0.038333
3 0.781667 0.370000 0.010000 0.016667
3 0.339167 0.368333 0.007500 0.015000
3 0.482500 0.648333 0.008333 0.016667
2 0.757500 0.373333 0.023333 0.106667
3 0.693333 0.271667 0.010000 0.016667
2 0.747500 0.640000 0.020833 0.028333
2 0.778333 0.923333 0.020833 0.080000
3 0.489167 0.776667 0.008333 0.016667
2 0.360000 0.663333 0.020000 0.021667
3 0.630000 0.361667 0.008333 0.016667
3 0.625000 0.350000 0.009167 0.018333
2 0.635833 0.601667 0.009167 0.040000
2 0.471667 0.131667 0.009167 0.031667
2 0.519167 0.713333 0.020833 0.080000
3 0.351667 0.311667 0.009167 0.016667
3 0.730833 0.720000 0.009167 0.016667
2 0.550000 0.336667 0.017500 0.116667
2 0.684167 0.328333 0.035000 0.105000
3 0.675833 0.433333 0.011667 0.020000
3 0.680833 0.640000 0.015833 0.051667
2 0.315000 0.673333 0.097500 0.053333
3 0.415833 0.725000 0.009167 0.018333
3 0.585000 0.375000 0.011667 0.030000
2 0.760833 0.716667 0.013333 0.070000
2 0.494167 0.696667 0.030833 0.051667
2 0.416667 0.686667 0.097500 0.053333
3 0.275000 0.736667 0.017500 0.031667
2 0.646667 0.420000 0.011667 0.066667
2 0.695000 0.406667 0.058333 0.076667
2 0.492500 0.778333 0.013333 0.070000
2 0.337500 0.636667 0.020833 0.080000
2 0.560000 0.680000 0.020833 0.028333
3 0.820833 0.368333 0.010000 0.016667
3 0.704167 0.720000 0.009167 0.016667
2 0.707500 0.413333 0.014167 0.015000
2 0.523333 0.413333 0.026667 0.035000
2 0.776667 0.453333 0.013333 0.070000
2 0.695833 0.650000 0.011667 0.066667
2 0.639167 0.625000 0.011667 0.066667
3 0.742500 0.286667 0.009167 0.023333
3 0.690000 0.338333 0.008333 0.016667
2 0.447500 0.213333 0.026667 0.035000
3 0.323333 0.303333 0.013333 0.031667
2 0.708333 0.665000 0.021667 0.090000
3 0.298333 0.395000 0.009167 0.015000
2 0.555833 0.773333 0.020833 0.080000
3 0.434167 0.651667 0.011667 0.030000
2 0.564167 0.266667 0.020833 0.028333
3 0.485833 0.373333 0.009167 0.015000
3 0.231667 0.593333 0.007500 0.018333
3 0.810833 0.400000 0.008333 0.016667
3 0.736667 0.666667 0.008333 0.021667
3 0.693333 0.636667 0.009167 0.018333
3 0.558333 0.671667 0.011667 0.030000
3 0.659167 0.275000 0.009167 0.023333
2 0.740000 0.646667 0.048333 0.025000
2 0.620000 0.658333 0.023333 0.106667
2 0.741667 0.263333 0.011667 0.066667
3 0.529167 0.623333 0.008333 0.016667
2 0.695000 0.618333 0.009167 0.031667
2 0.247500 0.383333 0.030833 0.051667
3 0.223333 0.426667 0.008333 0.016667
3 0.705833 0.368333 0.017500 0.031667
2 0.232500 0.385000 0.010000 0.031667
3 0.579167 0.441667 0.015833 0.051667
3 0.753333 0.715000 0.007500 0.018333
3 0.248333 0.676667 0.009167 0.016667
2 0.398333 0.691667 0.017500 0.116667
2 0.742500 0.393333 0.027500 0.016667
3 0.676667 0.641667 0.006667 0.018333
3 0.267500 0.278333 0.007500 0.015000
2 0.287500 0.333333 0.058333 0.076667
2 0.670833 0.405000 0.010000 0.031667
2 0.507500 0.831667 0.009167 0.031667
3 0.804167 0.345000 0.007500 0.015000
2 0.447500 0.305000 0.022500 0.023333
3 0.724167 0.390000 0.007500 0.016667
2 0.484167 0.273333 0.048333 0.025000
2 0.505000 0.435000 0.048333 0.025000
3 0.494167 0.325000 0.013333 0.015000
3 0.790833 0.728333 0.011667 0.020000
2 0.458333 0.780000 0.027500 0.016667
2 0.599167 0.738333 0.010000 0.031667
3 0.510000 0.276667 0.010000 0.020000
3 0.337500 0.643333 0.009167 0.016667
2 0.571667 0.673333 0.009167 0.031667
3 0.453333 0.830000 0.009167 0.018333
2 0.376667 0.716667 0.026667 0.035000
2 0.702500 0.401667 0.021667 0.090000
2 0.393333 0.338333 0.011667 0.066667
2 0.752500 0.681667 0.029167 0.038333
2 0.451667 0.703333 0.027500 0.016667
3 0.677500 0.338333 0.013333 0.015000
3 0.608333 0.348333 0.009167 0.016667
2 0.660833 0.348333 0.020000 0.021667
3 0.820833 0.438333 0.010833 0.023333
2 0.700833 0.673333 0.020833 0.080000
3 0.656667 0.403333 0.007500 0.015000
2 0.711667 0.688333 0.021667 0.090000
3 0.280833 0.838333 0.007500 0.018333
2 0.709167 0.360000 0.020833 0.028333
3 0.306667 0.341667 0.009167 0.016667
2 0.308333 0.408333 0.027500 0.016667
3 0.285000 0.306667 0.011667 0.030000
2 0.789167 0.633333 0.029167 0.038333
3 0.364167 0.705000 0.009167 0.023333
3 0.736667 0.333333 0.011667 0.020000
2 0.412500 0.726667 0.058333 0.076667
3 0.786667 0.688333 0.007500 0.018333
2 0.752500 0.651667 0.023333 0.041667
2 0.558333 0.473333 0.020833 0.080000
3 0.626667 0.376667 0.007500 0.015000
2 0.308333 0.695000 0.009167 0.040000
3 0.525833 0.360000 0.008333 0.016667
3 0.326667 0.321667 0.015833 0.051667
3 0.423333 0.753333 0.007500 0.018333
2 0.679167 0.610000 0.034167 0.038333
3 0.810000 0.413333 0.014167 0.025000
2 0.664167 0.628333 0.023333 0.106667
2 0.729167 0.398333 0.058333 0.076667
2 0.481667 0.313333 0.009167 0.040000
3 0.736667 0.661667 0.007500 0.018333
2 0.692500 0.705000 0.013333 0.070000
3 0.405000 0.798333 0.007500 0.018333
3 0.685000 0.715000 0.011667 0.030000
2 0.763333 0.283333 0.020833 0.080000
3 0.587500 0.631667 0.010833 0.023333
2 0.554167 0.645000 0.010000 0.031667
2 0.640833 0.448333 0.023333 0.041667
2 0.650000 0.368333 0.017500 0.116667
3 0.313333 0.401667 0.008333 0.016667
2 0.761667 0.703333 0.022500 0.023333
3 0.306667 0.290000 0.010833 0.013333
3 0.224167 0.408333 0.010000 0.016667
3 0.700833 0.646667 0.011667 0.020000
3 0.595833 0.711667 0.017500 0.031667
3 0.606667 0.403333 0.008333 0.016667
2 0.690000 0.640000 0.026667 0.035000
2 0.493333 0.300000 0.020000 0.021667
3 0.440833 0.740000 0.009167 0.023333
3 0.555000 0.711667 0.007500 0.018333
2 0.205833 0.625000 0.035000 0.105000
2 0.235000 0.346667 0.017500 0.116667
2 0.743333 0.365000 0.027500 0.016667
2 0.645833 0.366667 0.048333 0.025000
3 0.321667 0.271667 0.010833 0.023333
3 0.470000 0.645000 0.013333 0.031667
3 0.321667 0.763333 0.009167 0.023333
2 0.697500 0.698333 0.034167 0.100000
3 0.496667 0.265000 0.006667 0.018333
2 0.275000 0.443333 0.022500 0.023333
2 0.150833 0.405000 0.048333 0.025000
2 0.336667 0.370000 0.010833 0.091667
3 0.498333 0.256667 0.008333 0.016667
3 0.542500 0.688333 0.007500 0.015000
3 0.703333 0.330000 0.015833 0.051667
3 0.696667 0.718333 0.009167 0.018333
2 0.775000 0.315000 0.011667 0.025000
3 0.314167 0.641667 0.009167 0.015000
2 0.657500 0.666667 0.023333 0.106667
3 0.728333 0.643333 0.014167 0.025000
3 0.644167 0.371667 0.013333 0.031667
3 0.393333 0.690000 0.008333 0.016667
3 0.315833 0.788333 0.009167 0.015000
3 0.788333 0.345000 0.013333 0.031667
3 0.474167 0.310000 0.007500 0.015000
3 0.520000 0.761667 0.017500 0.031667
3 0.470833 0.358333 0.008333 0.016667
3 0.460833 0.405000 0.008333 0.016667
2 0.505833 0.848333 0.013333 0.070000
3 0.219167 0.660000 0.011667 0.030000
3 0.420000 0.840000 0.008333 0.016667
3 0.665000 0.670000 0.013333 0.015000
2 0.670000 0.275000 0.045833 0.021667
3 0.333333 0.731667 0.007500 0.018333
3 0.515833 0.406667 0.011667 0.020000
2 0.396667 0.723333 0.026667 0.035000
3 0.355000 0.406667 0.010833 0.023333
2 0.700833 0.695000 0.020833 0.028333
2 0.418333 0.331667 0.011667 0.066667
2 0.336667 0.758333 0.048333 0.025000
3 0.440833 0.381667 0.008333 0.021667
3 0.709167 0.603333 0.006667 0.018333
3 0.420000 0.356667 0.014167 0.025000
