4 0.850000 0.520000 0.065000 0.028333
4 0.826667 0.596667 0.111667 0.048333
4 0.830833 0.633333 0.121667 0.081667
4 0.834167 0.590000 0.071667 0.126667
4 0.800000 0.418333 0.163333 0.085000
4 0.837500 0.441667 0.069167 0.115000
4 0.831667 0.501667 0.060833 0.078333
4 0.839167 0.640000 0.145000 0.330000
4 0.850000 0.621667 0.091667 0.110000
4 0.782500 0.596667 0.105000 0.151667
4 0.278333 0.496667 0.067500 0.066667
4 0.349167 0.536667 0.074167 0.036667
4 0.728333 0.596667 0.089167 0.100000
4 0.480000 0.583333 0.031667 0.056667
4 0.663333 0.625000 0.050000 0.140000
4 0.180833 0.593333 0.101667 0.136667
4 0.125000 0.601667 0.060000 0.153333
4 0.616667 0.581667 0.050833 0.086667
4 0.784167 0.630000 0.067500 0.163333
4 0.610833 0.565000 0.052500 0.090000
3 0.790000 0.565000 0.007500 0.018333
3 0.487500 0.581667 0.011667 0.030000
2 0.035833 0.551667 0.010000 0.031667
2 0.105000 0.456667 0.058333 0.076667
3 0.043333 0.555000 0.008333 0.021667
3 0.365000 0.590000 0.008333 0.016667
3 0.408333 0.523333 0.015833 0.051667
3 0.047500 0.498333 0.009167 0.016667
2 0.725833 0.475000 0.026667 0.035000
3 0.108333 0.528333 0.009167 0.023333
3 0.614167 0.448333 0.008333 0.016667
2 0.158333 0.410000 0.020833 0.080000
3 0.641667 0.455000 0.011667 0.030000
2 0.039167 0.436667 0.020833 0.080000
3 0.462500 0.568333 0.009167 0.016667
2 0.276667 0.436667 0.020833 0.028333
2 0.179167 0.586667 0.015833 0.068333
2 0.020000 0.518333 0.034167 0.038333
2 0.088333 0.500000 0.020833 0.080000
3 0.217500 0.536667 0.010000 0.020000
3 0.395833 0.518333 0.009167 0.016667
2 0.294167 0.508333 0.027500 0.016667
3 0.430833 0.553333 0.010833 0.013333
2 0.570000 0.478333 0.027500 0.016667
2 0.431667 0.570000 0.021667 0.090000
2 0.086667 0.580000 0.020833 0.080000
3 0.525833 0.516667 0.009167 0.016667
2 0.168333 0.431667 0.015833 0.068333
3 0.065000 0.465000 0.010833 0.013333
3 0.744167 0.558333 0.014167 0.025000
2 0.766667 0.518333 0.009167 0.031667
2 0.612500 0.496667 0.022500 0.023333
3 0.608333 0.456667 0.008333 0.021667
2 0.543333 0.473333 0.097500 0.053333
2 0.530833 0.581667 0.010833 0.091667
2 0.028333 0.473333 0.023333 0.041667
3 0.687500 0.568333 0.007500 0.018333
3 0.332500 0.585000 0.008333 0.016667
2 0.463333 0.580000 0.058333 0.076667
2 0.391667 0.518333 0.015833 0.068333
3 0.682500 0.456667 0.013333 0.031667
3 0.603333 0.606667 0.010000 0.020000
3 0.273333 0.570000 0.008333 0.021667
3 0.573333 0.456667 0.013333 0.015000
3 0.643333 0.528333 0.007500 0.018333
2 0.700833 0.498333 0.017500 0.116667
3 0.337500 0.500000 0.010000 0.016667
2 0.080833 0.520000 0.034167 0.038333
3 0.250000 0.493333 0.010833 0.013333
3 0.441667 0.533333 0.010833 0.013333
2 0.226667 0.561667 0.020833 0.080000
3 0.359167 0.465000 0.007500 0.015000
2 0.431667 0.601667 0.011667 0.066667
2 0.648333 0.566667 0.011667 0.066667
3 0.421667 0.490000 0.010833 0.013333
2 0.365000 0.466667 0.011667 0.025000
2 0.513333 0.498333 0.035000 0.105000
2 0.095833 0.620000 0.034167 0.100000
2 0.680000 0.435000 0.019167 0.046667
3 0.377500 0.540000 0.007500 0.016667
3 0.266667 0.570000 0.007500 0.016667
3 0.025000 0.540000 0.014167 0.025000
2 0.689167 0.535000 0.020833 0.080000
2 0.254167 0.495000 0.097500 0.053333
2 0.427500 0.605000 0.029167 0.038333
3 0.315000 0.513333 0.010000 0.020000
3 0.653333 0.510000 0.007500 0.018333
2 0.528333 0.476667 0.027500 0.016667
2 0.460833 0.608333 0.013333 0.070000
2 0.337500 0.600000 0.011667 0.066667
3 0.668333 0.536667 0.010833 0.013333
2 0.379167 0.495000 0.048333 0.043333
3 0.330000 0.548333 0.008333 0.021667
2 0.270000 0.620000 0.020833 0.080000
3 0.208333 0.488333 0.008333 0.021667
2 0.482500 0.486667 0.034167 0.100000
2 0.597500 0.531667 0.013333 0.070000
2 0.220833 0.528333 0.022500 0.023333
2 0.324167 0.505000 0.009167 0.031667
2 0.573333 0.521667 0.027500 0.016667
2 0.246667 0.568333 0.014167 0.015000
2 0.733333 0.488333 0.048333 0.043333
3 0.313333 0.516667 0.008333 0.016667
2 0.706667 0.536667 0.034167 0.100000
2 0.223333 0.458333 0.097500 0.053333
2 0.218333 0.493333 0.027500 0.016667
2 0.188333 0.521667 0.009167 0.040000
3 0.611667 0.536667 0.008333 0.016667
3 0.593333 0.495000 0.007500 0.018333
3 0.554167 0.471667 0.010833 0.023333
3 0.662500 0.485000 0.010833 0.023333
3 0.258333 0.493333 0.008333 0.021667
2 0.725000 0.515000 0.029167 0.038333
3 0.455000 0.476667 0.011667 0.030000
2 0.138333 0.553333 0.034167 0.100000
2 0.108333 0.585000 0.030833 0.051667
2 0.140000 0.571667 0.019167 0.046667
2 0.020000 0.481667 0.040000 0.021667
2 0.657500 0.480000 0.027500 0.016667
2 0.091667 0.500000 0.034167 0.038333
3 0.605833 0.491667 0.008333 0.016667
2 0.019167 0.523333 0.038333 0.025000
2 0.655000 0.595000 0.035000 0.105000
2 0.375000 0.298333 0.011667 0.066667
3 0.674167 0.676667 0.009167 0.016667
3 0.705000 0.790000 0.009167 0.015000
3 0.477500 0.285000 0.009167 0.016667
2 0.755000 0.400000 0.048333 0.043333
2 0.703333 0.721667 0.011667 0.025000
2 0.599167 0.390000 0.023333 0.106667
2 0.435000 0.690000 0.034167 0.100000
3 0.625833 0.351667 0.008333 0.016667
3 0.292500 0.270000 0.007500 0.018333
2 0.610833 0.380000 0.048333 0.025000
3 0.426667 0.723333 0.008333 0.016667
2 0.694167 0.281667 0.035000 0.105000
2 0.485833 0.733333 0.009167 0.040000
2 0.740833 0.733333 0.034167 0.100000
2 0.490833 0.316667 0.009167 0.031667
3 0.254167 0.230000 0.010833 0.023333
2 0.770833 0.683333 0.048333 0.025000
2 0.229167 0.391667 0.045833 0.021667
2 0.525833 0.371667 0.022500 0.023333
2 0.217500 0.776667 0.022500 0.023333
2 0.650000 0.666667 0.023333 0.106667
2 0.300833 0.301667 0.035000 0.105000
3 0.533333 0.350000 0.009167 0.016667
3 0.758333 0.415000 0.007500 0.015000
3 0.170833 0.401667 0.007500 0.018333
2 0.684167 0.710000 0.034167 0.038333
3 0.449167 0.678333 0.008333 0.016667
3 0.725833 0.680000 0.013333 0.015000
3 0.791667 0.726667 0.009167 0.018333
2 0.821667 0.401667 0.029167 0.038333
2 0.800000 0.581667 0.035000 0.105000
3 0.545000 0.656667 0.008333 0.021667
2 0.301667 0.378333 0.011667 0.066667
3 0.443333 0.345000 0.009167 0.018333
3 0.695833 0.681667 0.014167 0.025000
3 0.760000 0.365000 0.006667 0.018333
2 0.704167 0.411667 0.009167 0.040000
2 0.306667 0.416667 0.023333 0.106667
2 0.730833 0.700000 0.023333 0.041667
3 0.653333 0.626667 0.013333 0.031667
3 0.272500 0.343333 0.007500 0.015000
2 0.674167 0.433333 0.023333 0.041667
3 0.722500 0.351667 0.009167 0.023333
2 0.697500 0.301667 0.020833 0.080000
2 0.771667 0.420000 0.034167 0.100000
3 0.775000 0.785000 0.009167 0.016667
2 0.516667 0.345000 0.034167 0.038333
3 0.230833 0.643333 0.015833 0.051667
3 0.667500 0.618333 0.008333 0.016667
3 0.665000 0.676667 0.009167 0.016667
3 0.361667 0.673333 0.015833 0.051667
2 0.445000 0.138333 0.010000 0.031667
2 0.773333 0.410000 0.020000 0.021667
3 0.225000 0.408333 0.007500 0.015000
3 0.191667 0.648333 0.007500 0.015000
3 0.690833 0.671667 0.009167 0.023333
3 0.801667 0.660000 0.015833 0.051667
3 0.468333 0.298333 0.011667 0.030000
2 0.453333 0.880000 0.020000 0.021667
2 0.411667 0.661667 0.019167 0.046667
3 0.620833 0.396667 0.010000 0.020000
2 0.390833 0.620000 0.035000 0.105000
3 0.659167 0.408333 0.009167 0.023333
3 0.588333 0.631667 0.009167 0.016667
3 0.605000 0.383333 0.011667 0.020000
3 0.350833 0.613333 0.011667 0.020000
3 0.447500 0.340000 0.010000 0.016667
2 0.800000 0.711667 0.034167 0.038333
3 0.677500 0.451667 0.007500 0.015000
2 0.531667 0.401667 0.010000 0.031667
3 0.782500 0.613333 0.009167 0.023333
3 0.528333 0.633333 0.010833 0.023333
3 0.720000 0.621667 0.011667 0.020000
2 0.430833 0.643333 0.058333 0.076667
3 0.555000 0.356667 0.007500 0.015000
2 0.270833 0.291667 0.034167 0.100000
3 0.665000 0.396667 0.008333 0.016667
3 0.705000 0.728333 0.007500 0.016667
3 0.234167 0.635000 0.009167 0.016667
2 0.515833 0.581667 0.009167 0.040000
3 0.329167 0.678333 0.009167 0.018333
2 0.646667 0.603333 0.020833 0.080000
3 0.719167 0.651667 0.014167 0.025000
2 0.742500 0.651667 0.011667 0.066667
2 0.751667 0.623333 0.020833 0.080000
2 0.735000 0.773333 0.021667 0.090000
3 0.527500 0.263333 0.007500 0.015000
3 0.527500 0.615000 0.008333 0.016667
3 0.298333 0.385000 0.013333 0.031667
3 0.386667 0.678333 0.017500 0.031667
2 0.317500 0.733333 0.020833 0.028333
2 0.648333 0.591667 0.020833 0.080000
2 0.504167 0.783333 0.014167 0.015000
2 0.304167 0.366667 0.020000 0.021667
2 0.149167 0.386667 0.048333 0.043333
3 0.761667 0.341667 0.011667 0.030000
3 0.804167 0.648333 0.017500 0.031667
3 0.626667 0.363333 0.015833 0.051667
2 0.293333 0.721667 0.048333 0.025000
3 0.364167 0.703333 0.009167 0.016667
2 0.635833 0.635000 0.010000 0.031667
3 0.290000 0.266667 0.013333 0.015000
3 0.708333 0.340000 0.008333 0.016667
2 0.746667 0.625000 0.009167 0.031667
2 0.304167 0.428333 0.020833 0.080000
2 0.388333 0.711667 0.011667 0.066667
3 0.739167 0.693333 0.006667 0.018333
2 0.565833 0.756667 0.009167 0.031667
2 0.422500 0.363333 0.019167 0.046667
2 0.394167 0.306667 0.015833 0.068333
2 0.273333 0.346667 0.058333 0.076667
3 0.770000 0.318333 0.010833 0.013333
3 0.282500 0.645000 0.008333 0.021667
3 0.739167 0.686667 0.013333 0.015000
2 0.371667 0.713333 0.020833 0.080000
3 0.776667 0.596667 0.009167 0.016667
3 0.520000 0.395000 0.007500 0.015000
3 0.467500 0.260000 0.008333 0.016667
2 0.711667 0.681667 0.011667 0.025000
2 0.653333 0.326667 0.011667 0.025000
2 0.420000 0.383333 0.023333 0.106667
3 0.592500 0.626667 0.006667 0.018333
2 0.410000 0.660000 0.009167 0.040000
3 0.655000 0.623333 0.008333 0.016667
3 0.718333 0.628333 0.011667 0.020000
3 0.619167 0.380000 0.006667 0.018333
3 0.812500 0.420000 0.010000 0.016667
2 0.348333 0.736667 0.014167 0.015000
2 0.486667 0.335000 0.020000 0.021667
2 0.804167 0.730000 0.026667 0.035000
2 0.629167 0.626667 0.034167 0.038333
2 0.360833 0.440000 0.023333 0.106667
3 0.777500 0.595000 0.008333 0.016667
3 0.720833 0.338333 0.008333 0.016667
3 0.340000 0.673333 0.009167 0.016667
2 0.670000 0.650000 0.009167 0.031667
3 0.760000 0.645000 0.007500 0.018333
3 0.777500 0.390000 0.008333 0.016667
3 0.270833 0.663333 0.013333 0.015000
3 0.747500 0.415000 0.009167 0.016667
3 0.720000 0.660000 0.013333 0.031667
2 0.686667 0.710000 0.029167 0.038333
3 0.658333 0.595000 0.006667 0.018333
3 0.675000 0.640000 0.010000 0.016667
2 0.587500 0.608333 0.015833 0.068333
2 0.809167 0.391667 0.011667 0.025000
3 0.419167 0.715000 0.007500 0.018333
3 0.156667 0.616667 0.007500 0.015000
3 0.777500 0.416667 0.006667 0.018333
2 0.563333 0.643333 0.009167 0.040000
2 0.390000 0.645000 0.029167 0.038333
3 0.621667 0.393333 0.009167 0.023333
3 0.693333 0.648333 0.008333 0.016667
3 0.243333 0.743333 0.010000 0.016667
2 0.400000 0.650000 0.097500 0.053333
2 0.470000 0.363333 0.013333 0.070000
3 0.731667 0.366667 0.008333 0.021667
2 0.202500 0.763333 0.010833 0.091667
2 0.805000 0.611667 0.011667 0.066667
2 0.346667 0.430000 0.013333 0.070000
3 0.791667 0.721667 0.007500 0.015000
2 0.320833 0.380000 0.020000 0.021667
3 0.791667 0.721667 0.007500 0.015000
2 0.557500 0.235000 0.035000 0.105000
3 0.731667 0.385000 0.007500 0.018333
2 0.679167 0.338333 0.020833 0.028333
2 0.742500 0.643333 0.030833 0.051667
3 0.253333 0.341667 0.008333 0.016667
2 0.702500 0.680000 0.097500 0.053333
2 0.335833 0.670000 0.013333 0.070000
3 0.600000 0.998333 0.010833 0.001667
3 0.259167 0.318333 0.007500 0.018333
3 0.663333 0.343333 0.014167 0.025000
3 0.628333 0.411667 0.009167 0.015000
2 0.531667 0.701667 0.045833 0.021667
3 0.706667 0.321667 0.010000 0.020000
2 0.472500 0.711667 0.022500 0.023333
2 0.315000 0.375000 0.014167 0.015000
2 0.293333 0.391667 0.058333 0.076667
3 0.765000 0.711667 0.007500 0.016667
3 0.657500 0.398333 0.009167 0.018333
2 0.827500 0.450000 0.020833 0.080000
2 0.640000 0.676667 0.027500 0.016667
2 0.473333 0.803333 0.014167 0.015000
2 0.725833 0.345000 0.019167 0.046667
3 0.760000 0.410000 0.006667 0.018333
2 0.281667 0.746667 0.009167 0.040000
3 0.434167 0.740000 0.014167 0.025000
2 0.659167 0.401667 0.048333 0.025000
3 0.506667 0.746667 0.015833 0.051667
3 0.731667 0.650000 0.007500 0.015000
2 0.515000 0.646667 0.097500 0.053333
3 0.728333 0.671667 0.007500 0.016667
2 0.786667 0.653333 0.017500 0.116667
3 0.690833 0.670000 0.009167 0.016667
2 0.630833 0.375000 0.058333 0.076667
