4 0.836667 0.498333 0.096667 0.105000
4 0.787500 0.593333 0.139167 0.176667
4 0.790833 0.508333 0.106667 0.033333
4 0.815833 0.576667 0.108333 0.128333
4 0.840833 0.425000 0.057500 0.116667
4 0.825833 0.583333 0.077500 0.098333
4 0.886667 0.668333 0.064167 0.068333
4 0.792500 0.665000 0.092500 0.081667
4 0.855833 0.548333 0.047500 0.038333
4 0.772500 0.531667 0.160000 0.195000
4 0.560000 0.496667 0.282500 0.075000
4 0.672500 0.500000 0.095000 0.096667
4 0.577500 0.685000 0.255833 0.400000
4 0.378333 0.526667 0.051667 0.031667
4 0.553333 0.580000 0.121667 0.153333
4 0.539167 0.376667 0.266667 0.331667
4 0.726667 0.523333 0.049167 0.088333
4 0.665000 0.476667 0.189167 0.066667
4 0.775000 0.471667 0.073333 0.098333
4 0.170833 0.550000 0.053333 0.130000
2 0.567500 0.601667 0.009167 0.031667
2 0.334167 0.488333 0.009167 0.031667
3 0.591667 0.481667 0.009167 0.015000
2 0.618333 0.575000 0.020833 0.080000
2 0.424167 0.553333 0.045833 0.021667
2 0.445833 0.595000 0.015833 0.068333
2 0.037500 0.428333 0.020833 0.080000
2 0.413333 0.546667 0.034167 0.038333
2 0.071667 0.480000 0.020833 0.028333
2 0.076667 0.535000 0.048333 0.043333
3 0.741667 0.538333 0.017500 0.031667
3 0.020833 0.541667 0.013333 0.015000
3 0.265000 0.525000 0.009167 0.016667
3 0.355000 0.455000 0.007500 0.018333
3 0.415833 0.506667 0.007500 0.018333
3 0.146667 0.546667 0.007500 0.016667
3 0.295833 0.526667 0.011667 0.020000
3 0.286667 0.565000 0.008333 0.021667
3 0.790000 0.470000 0.010000 0.020000
3 0.222500 0.495000 0.007500 0.015000
3 0.270833 0.471667 0.014167 0.025000
3 0.804167 0.553333 0.008333 0.021667
2 0.195000 0.516667 0.034167 0.038333
3 0.340833 0.520000 0.007500 0.018333
3 0.245833 0.578333 0.008333 0.016667
3 0.410833 0.516667 0.006667 0.018333
2 0.510833 0.535000 0.020833 0.080000
2 0.041667 0.553333 0.021667 0.090000
3 0.660833 0.546667 0.013333 0.031667
2 0.328333 0.543333 0.020000 0.021667
3 0.471667 0.486667 0.009167 0.016667
3 0.485833 0.456667 0.007500 0.018333
2 0.257500 0.571667 0.009167 0.040000
2 0.575833 0.468333 0.023333 0.106667
2 0.800000 0.545000 0.009167 0.040000
3 0.352500 0.595000 0.007500 0.016667
3 0.708333 0.458333 0.008333 0.016667
2 0.505000 0.536667 0.019167 0.046667
3 0.775833 0.540000 0.009167 0.016667
3 0.180000 0.541667 0.009167 0.023333
2 0.817500 0.475000 0.009167 0.031667
3 0.201667 0.515000 0.009167 0.018333
3 0.327500 0.531667 0.007500 0.016667
3 0.540833 0.596667 0.009167 0.016667
3 0.601667 0.496667 0.010833 0.023333
2 0.100000 0.553333 0.023333 0.106667
2 0.135833 0.580000 0.010833 0.091667
3 0.173333 0.498333 0.009167 0.015000
3 0.800833 0.498333 0.006667 0.018333
2 0.407500 0.541667 0.015833 0.068333
2 0.796667 0.508333 0.034167 0.100000
3 0.334167 0.511667 0.007500 0.015000
2 0.203333 0.543333 0.014167 0.015000
3 0.433333 0.493333 0.015833 0.051667
2 0.275000 0.513333 0.020833 0.028333
2 0.480000 0.476667 0.029167 0.038333
3 0.100833 0.551667 0.014167 0.025000
2 0.144167 0.603333 0.048333 0.043333
3 0.050000 0.481667 0.006667 0.018333
2 0.824167 0.561667 0.010000 0.031667
3 0.772500 0.491667 0.008333 0.016667
2 0.220833 0.576667 0.034167 0.038333
3 0.310833 0.556667 0.010833 0.023333
2 0.492500 0.473333 0.017500 0.116667
2 0.565000 0.506667 0.048333 0.025000
3 0.272500 0.550000 0.013333 0.015000
3 0.439167 0.555000 0.008333 0.021667
2 0.293333 0.558333 0.020000 0.021667
2 0.243333 0.451667 0.045833 0.021667
2 0.353333 0.491667 0.010833 0.091667
3 0.063333 0.491667 0.010000 0.016667
2 0.573333 0.573333 0.020000 0.021667
3 0.565000 0.466667 0.010833 0.023333
2 0.282500 0.485000 0.020833 0.080000
2 0.155833 0.555000 0.021667 0.090000
3 0.549167 0.501667 0.007500 0.018333
2 0.652500 0.475000 0.009167 0.040000
2 0.206667 0.483333 0.011667 0.066667
3 0.547500 0.573333 0.013333 0.031667
2 0.524167 0.586667 0.021667 0.090000
2 0.559167 0.583333 0.034167 0.100000
2 0.176667 0.548333 0.019167 0.046667
2 0.736667 0.600000 0.020833 0.080000
3 0.748333 0.468333 0.013333 0.031667
3 0.173333 0.485000 0.009167 0.016667
2 0.032500 0.528333 0.027500 0.016667
2 0.207500 0.468333 0.022500 0.023333
3 0.179167 0.578333 0.011667 0.030000
3 0.336667 0.515000 0.009167 0.016667
2 0.657500 0.598333 0.020833 0.080000
2 0.288333 0.550000 0.009167 0.031667
2 0.181667 0.573333 0.011667 0.025000
3 0.442500 0.541667 0.007500 0.015000
2 0.145833 0.583333 0.021667 0.090000
3 0.355833 0.461667 0.008333 0.016667
2 0.711667 0.440000 0.020833 0.080000
3 0.308333 0.541667 0.008333 0.016667
2 0.810000 0.506667 0.011667 0.066667
2 0.410833 0.533333 0.058333 0.076667
3 0.463333 0.601667 0.008333 0.021667
3 0.545833 0.546667 0.007500 0.015000
3 0.630000 0.513333 0.006667 0.018333
3 0.248333 0.651667 0.013333 0.031667
3 0.248333 0.398333 0.007500 0.018333
2 0.561667 0.353333 0.009167 0.040000
2 0.741667 0.698333 0.013333 0.070000
3 0.253333 0.341667 0.007500 0.018333
2 0.786667 0.401667 0.014167 0.015000
2 0.240000 0.343333 0.035000 0.105000
2 0.608333 0.370000 0.011667 0.066667
2 0.149167 0.408333 0.027500 0.016667
3 0.655000 0.343333 0.014167 0.025000
2 0.282500 0.736667 0.030833 0.051667
2 0.396667 0.328333 0.009167 0.040000
3 0.478333 0.225000 0.008333 0.016667
3 0.380000 0.356667 0.007500 0.015000
2 0.510000 0.570000 0.020833 0.080000
2 0.348333 0.428333 0.014167 0.015000
3 0.405000 0.371667 0.009167 0.015000
3 0.444167 0.136667 0.010833 0.013333
2 0.248333 0.380000 0.017500 0.116667
3 0.280000 0.736667 0.008333 0.021667
2 0.735833 0.328333 0.030833 0.051667
3 0.348333 0.841667 0.011667 0.030000
2 0.589167 0.726667 0.009167 0.040000
2 0.778333 0.683333 0.034167 0.100000
2 0.435000 0.345000 0.035000 0.105000
2 0.379167 0.751667 0.027500 0.016667
2 0.648333 0.616667 0.009167 0.040000
3 0.656667 0.355000 0.011667 0.030000
2 0.284167 0.708333 0.020000 0.021667
2 0.462500 0.781667 0.020000 0.021667
2 0.295000 0.396667 0.048333 0.025000
3 0.440833 0.376667 0.007500 0.016667
3 0.726667 0.603333 0.014167 0.025000
2 0.317500 0.376667 0.023333 0.106667
3 0.785000 0.381667 0.009167 0.018333
3 0.813333 0.623333 0.008333 0.016667
2 0.307500 0.728333 0.020833 0.080000
2 0.626667 0.416667 0.022500 0.023333
2 0.672500 0.725000 0.020000 0.021667
3 0.772500 0.595000 0.007500 0.016667
2 0.341667 0.380000 0.097500 0.053333
3 0.789167 0.676667 0.010833 0.013333
3 0.448333 0.676667 0.010000 0.016667
3 0.491667 0.336667 0.009167 0.016667
3 0.420833 0.353333 0.006667 0.018333
3 0.450833 0.771667 0.007500 0.018333
2 0.570000 0.743333 0.034167 0.038333
2 0.440000 0.666667 0.017500 0.116667
2 0.564167 0.645000 0.023333 0.041667
2 0.666667 0.626667 0.009167 0.031667
3 0.747500 0.606667 0.009167 0.023333
3 0.507500 0.270000 0.014167 0.025000
2 0.625000 0.251667 0.097500 0.053333
3 0.799167 0.408333 0.009167 0.016667
3 0.248333 0.678333 0.008333 0.021667
3 0.299167 0.368333 0.006667 0.018333
2 0.615833 0.373333 0.035000 0.105000
2 0.385833 0.640000 0.014167 0.015000
3 0.768333 0.376667 0.009167 0.023333
2 0.380833 0.373333 0.023333 0.106667
2 0.726667 0.390000 0.010833 0.091667
2 0.595833 0.706667 0.014167 0.015000
2 0.339167 0.836667 0.014167 0.015000
3 0.573333 0.665000 0.009167 0.016667
2 0.232500 0.798333 0.010000 0.031667
3 0.364167 0.636667 0.014167 0.025000
3 0.467500 0.258333 0.007500 0.015000
2 0.519167 0.358333 0.017500 0.116667
2 0.341667 0.716667 0.023333 0.041667
3 0.706667 0.703333 0.009167 0.016667
3 0.427500 0.748333 0.017500 0.031667
2 0.245833 0.390000 0.020000 0.021667
2 0.515000 0.273333 0.017500 0.116667
2 0.743333 0.708333 0.014167 0.015000
2 0.668333 0.380000 0.021667 0.090000
2 0.450000 0.821667 0.010833 0.091667
2 0.695833 0.400000 0.010833 0.091667
3 0.406667 0.723333 0.007500 0.015000
2 0.698333 0.648333 0.030833 0.051667
3 0.267500 0.278333 0.008333 0.016667
2 0.713333 0.605000 0.034167 0.038333
3 0.610000 0.390000 0.008333 0.016667
3 0.694167 0.638333 0.009167 0.016667
2 0.313333 0.756667 0.010000 0.031667
3 0.689167 0.626667 0.010833 0.023333
3 0.380000 0.363333 0.007500 0.015000
2 0.766667 0.626667 0.011667 0.066667
3 0.285833 0.250000 0.007500 0.018333
2 0.437500 0.640000 0.058333 0.076667
2 0.390000 0.355000 0.017500 0.116667
2 0.735000 0.603333 0.048333 0.025000
2 0.344167 0.386667 0.030833 0.051667
3 0.639167 0.370000 0.014167 0.025000
2 0.497500 0.366667 0.048333 0.025000
2 0.253333 0.685000 0.011667 0.066667
3 0.311667 0.396667 0.010833 0.013333
3 0.580833 0.365000 0.017500 0.031667
3 0.594167 0.161667 0.007500 0.018333
2 0.397500 0.670000 0.034167 0.038333
2 0.224167 0.426667 0.021667 0.090000
3 0.631667 0.438333 0.009167 0.023333
3 0.250833 0.391667 0.009167 0.018333
3 0.600000 0.741667 0.008333 0.016667
3 0.412500 0.686667 0.011667 0.030000
3 0.714167 0.640000 0.009167 0.023333
2 0.447500 0.336667 0.029167 0.038333
3 0.654167 0.380000 0.009167 0.015000
3 0.421667 0.753333 0.011667 0.020000
2 0.427500 0.653333 0.020000 0.021667
3 0.589167 0.635000 0.008333 0.021667
3 0.637500 0.395000 0.010833 0.013333
2 0.381667 0.710000 0.030833 0.051667
2 0.569167 0.615000 0.035000 0.105000
3 0.358333 0.255000 0.009167 0.023333
3 0.650000 0.715000 0.007500 0.018333
2 0.520833 0.348333 0.014167 0.015000
2 0.363333 0.656667 0.097500 0.053333
3 0.306667 0.723333 0.009167 0.015000
2 0.685000 0.753333 0.030833 0.051667
2 0.462500 0.331667 0.030833 0.051667
2 0.289167 0.716667 0.048333 0.043333
3 0.269167 0.701667 0.007500 0.018333
3 0.343333 0.638333 0.009167 0.023333
3 0.308333 0.291667 0.007500 0.015000
3 0.798333 0.396667 0.008333 0.016667
2 0.806667 0.371667 0.020833 0.080000
3 0.722500 0.378333 0.007500 0.015000
2 0.287500 0.640000 0.034167 0.038333
3 0.792500 0.420000 0.007500 0.018333
2 0.664167 0.400000 0.097500 0.053333
3 0.707500 0.678333 0.006667 0.018333
2 0.237500 0.363333 0.023333 0.106667
3 0.342500 0.233333 0.011667 0.020000
2 0.324167 0.688333 0.058333 0.076667
2 0.655000 0.420000 0.020000 0.021667
3 0.732500 0.258333 0.010833 0.013333
3 0.404167 0.726667 0.013333 0.031667
3 0.675000 0.326667 0.014167 0.025000
3 0.355833 0.405000 0.009167 0.016667
3 0.315000 0.233333 0.008333 0.016667
3 0.314167 0.706667 0.014167 0.025000
2 0.764167 0.683333 0.009167 0.040000
2 0.705833 0.691667 0.022500 0.023333
2 0.601667 0.356667 0.023333 0.106667
3 0.426667 0.721667 0.008333 0.016667
2 0.583333 0.185000 0.014167 0.015000
3 0.289167 0.251667 0.017500 0.031667
3 0.729167 0.306667 0.011667 0.030000
3 0.413333 0.748333 0.013333 0.031667
2 0.740000 0.771667 0.020833 0.028333
2 0.703333 0.371667 0.023333 0.106667
3 0.700833 0.656667 0.008333 0.016667
3 0.390000 0.733333 0.008333 0.016667
3 0.826667 0.406667 0.014167 0.025000
2 0.358333 0.233333 0.009167 0.040000
2 0.729167 0.615000 0.048333 0.043333
2 0.331667 0.361667 0.021667 0.090000
2 0.342500 0.721667 0.014167 0.015000
3 0.713333 0.633333 0.008333 0.016667
3 0.775000 0.423333 0.010833 0.023333
2 0.748333 0.401667 0.019167 0.046667
3 0.388333 0.641667 0.010000 0.020000
3 0.782500 0.370000 0.007500 0.016667
3 0.305833 0.711667 0.015833 0.051667
3 0.556667 0.818333 0.007500 0.016667
3 0.706667 0.723333 0.007500 0.015000
2 0.340833 0.896667 0.013333 0.070000
3 0.349167 0.683333 0.007500 0.015000
3 0.305833 0.391667 0.008333 0.016667
2 0.610833 0.333333 0.022500 0.023333
2 0.639167 0.378333 0.023333 0.106667
3 0.722500 0.416667 0.009167 0.015000
2 0.762500 0.373333 0.048333 0.025000
3 0.800833 0.415000 0.008333 0.021667
2 0.289167 0.311667 0.021667 0.090000
2 0.267500 0.305000 0.019167 0.046667
2 0.692500 0.265000 0.011667 0.025000
3 0.449167 0.730000 0.010000 0.020000
3 0.754167 0.648333 0.007500 0.018333
3 0.662500 0.438333 0.006667 0.018333
3 0.714167 0.305000 0.009167 0.018333
2 0.746667 0.395000 0.020000 0.021667
3 0.730833 0.658333 0.013333 0.031667
3 0.515000 0.701667 0.007500 0.015000
3 0.344167 0.231667 0.008333 0.016667
3 0.245000 0.373333 0.009167 0.015000
2 0.391667 0.330000 0.019167 0.046667
2 0.345000 0.666667 0.015833 0.068333
2 0.355833 0.666667 0.009167 0.031667
3 0.758333 0.403333 0.006667 0.018333
3 0.480000 0.295000 0.007500 0.016667
2 0.751667 0.621667 0.020833 0.028333
2 0.719167 0.386667 0.097500 0.053333
3 0.785000 0.395000 0.008333 0.016667
3 0.585000 0.640000 0.010000 0.016667
2 0.645000 0.356667 0.029167 0.038333
3 0.413333 0.780000 0.009167 0.018333
2 0.169167 0.381667 0.058333 0.076667
