4 0.876667 0.536667 0.057500 0.036667
4 0.835000 0.690000 0.090833 0.216667
4 0.771667 0.473333 0.130833 0.093333
4 0.870000 0.463333 0.059167 0.106667
4 0.850000 0.593333 0.111667 0.135000
4 0.802500 0.526667 0.107500 0.130000
4 0.833333 0.586667 0.100000 0.075000
4 0.860000 0.651667 0.079167 0.048333
4 0.835833 0.628333 0.144167 0.115000
4 0.872500 0.556667 0.050833 0.073333
4 0.316667 0.531667 0.055000 0.063333
4 0.616667 0.485000 0.108333 0.191667
4 0.695000 0.548333 0.146667 0.038333
4 0.788333 0.535000 0.070833 0.045000
4 0.539167 0.450000 0.083333 0.090000
4 0.315000 0.593333 0.088333 0.188333
4 0.130833 0.450000 0.123333 0.083333
4 0.388333 0.561667 0.035833 0.073333
4 0.270000 0.611667 0.069167 0.136667
4 0.635833 0.550000 0.055000 0.025000
2 0.807500 0.438333 0.011667 0.066667
2 0.577500 0.450000 0.035000 0.105000
2 0.654167 0.491667 0.009167 0.031667
2 0.698333 0.475000 0.097500 0.053333
3 0.588333 0.536667 0.010833 0.013333
3 0.073333 0.468333 0.013333 0.031667
2 0.473333 0.591667 0.048333 0.025000
2 0.475000 0.581667 0.010833 0.091667
3 0.495833 0.445000 0.010000 0.016667
2 0.243333 0.498333 0.011667 0.066667
3 0.573333 0.556667 0.011667 0.020000
3 0.193333 0.498333 0.011667 0.020000
3 0.805000 0.520000 0.007500 0.015000
2 0.113333 0.516667 0.009167 0.031667
3 0.251667 0.545000 0.014167 0.025000
2 0.010833 0.535000 0.022500 0.023333
3 0.749167 0.566667 0.010000 0.016667
2 0.290000 0.573333 0.010000 0.031667
2 0.242500 0.460000 0.097500 0.053333
2 0.432500 0.513333 0.010000 0.031667
2 0.737500 0.548333 0.027500 0.016667
3 0.507500 0.595000 0.006667 0.018333
2 0.153333 0.555000 0.019167 0.046667
2 0.076667 0.528333 0.011667 0.066667
2 0.778333 0.491667 0.097500 0.053333
2 0.781667 0.496667 0.011667 0.066667
2 0.115833 0.560000 0.034167 0.100000
2 0.206667 0.520000 0.045833 0.021667
2 0.225000 0.468333 0.058333 0.076667
3 0.212500 0.463333 0.010833 0.023333
3 0.583333 0.476667 0.007500 0.015000
2 0.581667 0.463333 0.009167 0.040000
2 0.521667 0.563333 0.009167 0.031667
3 0.467500 0.493333 0.007500 0.016667
3 0.029167 0.521667 0.008333 0.016667
2 0.714167 0.488333 0.015833 0.068333
3 0.095000 0.500000 0.009167 0.016667
3 0.190833 0.560000 0.007500 0.018333
3 0.683333 0.525000 0.007500 0.015000
2 0.750833 0.498333 0.023333 0.041667
2 0.369167 0.513333 0.023333 0.106667
2 0.269167 0.513333 0.013333 0.070000
3 0.138333 0.556667 0.008333 0.021667
3 0.699167 0.586667 0.007500 0.015000
2 0.815833 0.520000 0.017500 0.116667
2 0.793333 0.483333 0.021667 0.090000
3 0.490000 0.416667 0.009167 0.016667
3 0.567500 0.560000 0.007500 0.015000
2 0.534167 0.573333 0.014167 0.015000
3 0.795000 0.476667 0.008333 0.021667
2 0.470833 0.415000 0.010000 0.031667
2 0.819167 0.490000 0.026667 0.035000
3 0.405000 0.443333 0.010000 0.020000
3 0.095833 0.470000 0.013333 0.015000
3 0.726667 0.525000 0.010833 0.013333
2 0.608333 0.591667 0.010000 0.031667
3 0.765000 0.531667 0.008333 0.016667
3 0.624167 0.450000 0.008333 0.021667
2 0.430000 0.623333 0.010000 0.031667
3 0.575000 0.511667 0.013333 0.031667
2 0.623333 0.581667 0.013333 0.070000
2 0.031667 0.455000 0.029167 0.038333
3 0.276667 0.463333 0.007500 0.018333
3 0.335833 0.611667 0.007500 0.018333
3 0.520833 0.550000 0.007500 0.015000
3 0.538333 0.590000 0.007500 0.018333
2 0.408333 0.445000 0.034167 0.038333
3 0.270833 0.538333 0.015833 0.051667
3 0.735000 0.581667 0.011667 0.030000
3 0.558333 0.558333 0.009167 0.016667
2 0.827500 0.578333 0.009167 0.040000
2 0.107500 0.466667 0.017500 0.116667
2 0.405833 0.508333 0.022500 0.023333
3 0.264167 0.565000 0.008333 0.016667
3 0.811667 0.636667 0.014167 0.025000
2 0.274167 0.500000 0.022500 0.023333
3 0.193333 0.476667 0.011667 0.020000
3 0.145000 0.478333 0.013333 0.031667
2 0.678333 0.506667 0.019167 0.046667
2 0.520833 0.465000 0.020833 0.028333
2 0.184167 0.568333 0.029167 0.038333
2 0.431667 0.516667 0.020833 0.080000
2 0.500833 0.563333 0.030833 0.051667
3 0.595000 0.481667 0.007500 0.015000
3 0.487500 0.403333 0.009167 0.016667
2 0.478333 0.575000 0.023333 0.106667
2 0.308333 0.445000 0.011667 0.066667
3 0.779167 0.515000 0.009167 0.015000
3 0.744167 0.503333 0.010000 0.020000
2 0.795833 0.543333 0.048333 0.043333
2 0.673333 0.495000 0.009167 0.031667
2 0.133333 0.531667 0.097500 0.053333
3 0.054167 0.523333 0.013333 0.031667
3 0.145000 0.445000 0.008333 0.016667
2 0.285833 0.591667 0.010833 0.091667
3 0.342500 0.563333 0.008333 0.016667
2 0.765833 0.558333 0.013333 0.070000
2 0.777500 0.523333 0.023333 0.106667
2 0.745000 0.548333 0.010833 0.091667
3 0.688333 0.453333 0.008333 0.021667
2 0.606667 0.480000 0.011667 0.025000
2 0.337500 0.490000 0.035000 0.105000
2 0.427500 0.368333 0.034167 0.038333
3 0.311667 0.606667 0.007500 0.018333
2 0.666667 0.433333 0.029167 0.038333
3 0.757500 0.330000 0.007500 0.015000
2 0.639167 0.626667 0.023333 0.041667
2 0.640833 0.628333 0.011667 0.025000
3 0.238333 0.818333 0.010833 0.023333
2 0.690833 0.678333 0.009167 0.031667
3 0.225000 0.408333 0.008333 0.016667
3 0.440000 0.650000 0.010833 0.013333
3 0.318333 0.736667 0.008333 0.021667
2 0.389167 0.413333 0.020833 0.080000
3 0.345000 0.390000 0.013333 0.031667
2 0.749167 0.598333 0.020000 0.021667
2 0.689167 0.395000 0.010833 0.091667
3 0.420000 0.838333 0.008333 0.016667
3 0.320833 0.245000 0.011667 0.030000
2 0.769167 0.356667 0.014167 0.015000
2 0.297500 0.613333 0.020833 0.080000
3 0.536667 0.671667 0.014167 0.025000
2 0.688333 0.370000 0.019167 0.046667
2 0.600000 0.610000 0.097500 0.053333
2 0.766667 0.578333 0.019167 0.046667
2 0.495833 0.268333 0.026667 0.035000
3 0.496667 0.363333 0.007500 0.015000
3 0.731667 0.443333 0.007500 0.015000
3 0.531667 0.998333 0.007500 0.001667
3 0.691667 0.686667 0.010833 0.013333
2 0.751667 0.651667 0.010833 0.091667
3 0.802500 0.620000 0.008333 0.016667
3 0.650833 0.390000 0.008333 0.016667
3 0.412500 0.683333 0.011667 0.020000
2 0.800833 0.578333 0.035000 0.105000
3 0.309167 0.386667 0.009167 0.023333
2 0.794167 0.653333 0.026667 0.035000
3 0.727500 0.668333 0.008333 0.016667
2 0.643333 0.721667 0.009167 0.031667
2 0.821667 0.435000 0.010000 0.031667
3 0.661667 0.685000 0.015833 0.051667
2 0.380000 0.366667 0.020833 0.028333
2 0.725833 0.708333 0.013333 0.070000
2 0.553333 0.695000 0.021667 0.090000
2 0.299167 0.313333 0.035000 0.105000
2 0.426667 0.713333 0.048333 0.025000
2 0.622500 0.348333 0.014167 0.015000
3 0.362500 0.308333 0.010833 0.023333
3 0.595833 0.331667 0.007500 0.015000
3 0.714167 0.638333 0.009167 0.016667
3 0.566667 0.381667 0.009167 0.016667
2 0.684167 0.661667 0.034167 0.038333
2 0.418333 0.725000 0.009167 0.031667
3 0.771667 0.426667 0.017500 0.031667
2 0.294167 0.411667 0.048333 0.025000
3 0.710000 0.433333 0.007500 0.018333
2 0.746667 0.701667 0.097500 0.053333
2 0.815833 0.710000 0.023333 0.041667
3 0.702500 0.720000 0.009167 0.023333
3 0.680833 0.623333 0.007500 0.015000
3 0.644167 0.328333 0.014167 0.025000
2 0.377500 0.661667 0.045833 0.021667
2 0.801667 0.633333 0.011667 0.066667
2 0.462500 0.843333 0.014167 0.015000
3 0.768333 0.356667 0.009167 0.016667
2 0.323333 0.408333 0.034167 0.100000
2 0.273333 0.706667 0.027500 0.016667
3 0.267500 0.283333 0.008333 0.021667
3 0.651667 0.416667 0.009167 0.018333
3 0.813333 0.401667 0.007500 0.016667
2 0.800833 0.626667 0.023333 0.106667
2 0.380833 0.656667 0.048333 0.025000
2 0.745000 0.655000 0.021667 0.090000
3 0.591667 0.625000 0.007500 0.015000
3 0.609167 0.353333 0.008333 0.021667
2 0.704167 0.406667 0.034167 0.038333
3 0.495000 0.751667 0.007500 0.018333
3 0.460000 0.405000 0.009167 0.016667
3 0.690833 0.386667 0.007500 0.015000
3 0.466667 0.260000 0.009167 0.016667
2 0.767500 0.410000 0.045833 0.021667
2 0.299167 0.646667 0.097500 0.053333
3 0.769167 0.620000 0.006667 0.018333
3 0.805000 0.333333 0.007500 0.015000
2 0.436667 0.353333 0.023333 0.106667
3 0.631667 0.650000 0.010000 0.016667
3 0.303333 0.708333 0.015833 0.051667
3 0.578333 0.760000 0.013333 0.031667
2 0.676667 0.290000 0.030833 0.051667
2 0.535833 0.998333 0.017500 0.001667
3 0.739167 0.420000 0.008333 0.021667
3 0.280000 0.638333 0.013333 0.015000
3 0.708333 0.606667 0.008333 0.021667
2 0.279167 0.771667 0.013333 0.070000
3 0.450833 0.713333 0.007500 0.015000
3 0.710833 0.258333 0.007500 0.016667
3 0.334167 0.651667 0.008333 0.016667
2 0.325000 0.630000 0.015833 0.068333
2 0.664167 0.451667 0.026667 0.035000
2 0.511667 0.233333 0.010833 0.091667
2 0.765000 0.678333 0.015833 0.068333
3 0.382500 0.700000 0.017500 0.031667
2 0.241667 0.696667 0.034167 0.038333
3 0.332500 0.403333 0.011667 0.030000
3 0.765000 0.393333 0.007500 0.016667
2 0.741667 0.311667 0.027500 0.016667
3 0.534167 0.731667 0.010833 0.013333
2 0.727500 0.426667 0.015833 0.068333
2 0.565000 0.673333 0.026667 0.035000
3 0.199167 0.731667 0.017500 0.031667
2 0.239167 0.838333 0.015833 0.068333
2 0.302500 0.391667 0.023333 0.106667
2 0.361667 0.406667 0.009167 0.031667
3 0.227500 0.661667 0.010000 0.020000
2 0.547500 0.706667 0.014167 0.015000
2 0.678333 0.418333 0.027500 0.016667
3 0.462500 0.730000 0.017500 0.031667
3 0.540000 0.723333 0.010000 0.016667
3 0.670000 0.680000 0.017500 0.031667
2 0.300000 0.681667 0.022500 0.023333
2 0.516667 0.411667 0.020833 0.080000
2 0.287500 0.343333 0.048333 0.025000
3 0.690000 0.635000 0.006667 0.018333
2 0.605833 0.346667 0.014167 0.015000
2 0.443333 0.170000 0.009167 0.031667
2 0.345833 0.316667 0.019167 0.046667
2 0.530000 0.271667 0.030833 0.051667
2 0.783333 0.660000 0.026667 0.035000
2 0.739167 0.366667 0.048333 0.025000
2 0.367500 0.385000 0.048333 0.043333
3 0.507500 0.820000 0.009167 0.015000
2 0.404167 0.733333 0.014167 0.015000
2 0.337500 0.253333 0.013333 0.070000
2 0.762500 0.810000 0.034167 0.100000
2 0.687500 0.670000 0.045833 0.021667
2 0.621667 0.330000 0.097500 0.053333
3 0.570000 0.275000 0.009167 0.018333
2 0.636667 0.418333 0.020833 0.028333
2 0.279167 0.788333 0.035000 0.105000
3 0.594167 0.998333 0.015833 0.001667
2 0.421667 0.680000 0.020833 0.080000
3 0.184167 0.656667 0.011667 0.030000
2 0.791667 0.386667 0.020833 0.028333
2 0.331667 0.415000 0.010000 0.031667
3 0.735000 0.703333 0.007500 0.018333
3 0.307500 0.811667 0.006667 0.018333
3 0.305000 0.391667 0.009167 0.018333
3 0.729167 0.716667 0.007500 0.018333
3 0.407500 0.703333 0.007500 0.015000
3 0.690000 0.628333 0.009167 0.023333
3 0.725833 0.793333 0.007500 0.016667
2 0.670000 0.718333 0.023333 0.106667
2 0.683333 0.650000 0.030833 0.051667
3 0.312500 0.256667 0.010833 0.013333
2 0.315000 0.408333 0.010833 0.091667
3 0.535000 0.411667 0.008333 0.016667
2 0.198333 0.835000 0.097500 0.053333
3 0.217500 0.633333 0.009167 0.016667
3 0.494167 0.770000 0.013333 0.031667
3 0.746667 0.415000 0.010833 0.023333
2 0.452500 0.343333 0.020000 0.021667
2 0.345833 0.393333 0.023333 0.041667
3 0.490000 0.783333 0.006667 0.018333
2 0.548333 0.738333 0.021667 0.090000
2 0.331667 0.681667 0.026667 0.035000
3 0.325000 0.708333 0.009167 0.018333
2 0.690000 0.620000 0.015833 0.068333
2 0.563333 0.701667 0.020833 0.080000
2 0.794167 0.401667 0.020833 0.028333
2 0.791667 0.656667 0.020000 0.021667
2 0.300833 0.291667 0.029167 0.038333
3 0.300833 0.281667 0.009167 0.016667
3 0.344167 0.638333 0.010000 0.020000
2 0.574167 0.431667 0.023333 0.041667
2 0.380833 0.358333 0.019167 0.046667
3 0.782500 0.608333 0.009167 0.015000
2 0.420833 0.366667 0.023333 0.041667
2 0.457500 0.686667 0.020833 0.080000
3 0.770000 0.363333 0.009167 0.016667
3 0.484167 0.263333 0.011667 0.030000
3 0.625833 0.378333 0.009167 0.016667
2 0.453333 0.411667 0.022500 0.023333
3 0.534167 0.696667 0.011667 0.030000
2 0.460000 0.873333 0.009167 0.031667
3 0.488333 0.203333 0.009167 0.018333
3 0.685000 0.626667 0.010000 0.016667
3 0.696667 0.665000 0.015833 0.051667
3 0.339167 0.316667 0.015833 0.051667
2 0.737500 0.306667 0.045833 0.021667
3 0.711667 0.363333 0.010000 0.020000
3 0.581667 0.425000 0.008333 0.016667
2 0.507500 0.800000 0.026667 0.035000
2 0.418333 0.680000 0.017500 0.116667
3 0.733333 0.348333 0.006667 0.018333
2 0.415000 0.385000 0.034167 0.100000
2 0.443333 0.705000 0.048333 0.025000
2 0.758333 0.281667 0.035000 0.105000
3 0.529167 0.621667 0.007500 0.015000
2 0.205833 0.625000 0.035000 0.105000
3 0.705000 0.660000 0.010000 0.016667
