4 0.841667 0.406667 0.149167 0.281667
4 0.873333 0.641667 0.032500 0.021667
4 0.830000 0.338333 0.052500 0.110000
4 0.891667 0.545000 0.048333 0.095000
4 0.854167 0.531667 0.104167 0.093333
4 0.862500 0.665000 0.126667 0.160000
4 0.764167 0.446667 0.185000 0.223333
4 0.793333 0.573333 0.189167 0.143333
4 0.900833 0.441667 0.058333 0.033333
4 0.881667 0.630000 0.093333 0.110000
4 0.225000 0.473333 0.086667 0.125000
4 0.153333 0.548333 0.150833 0.113333
4 0.473333 0.471667 0.156667 0.081667
4 0.346667 0.491667 0.039167 0.078333
4 0.039167 0.585000 0.079167 0.185000
4 0.040000 0.546667 0.065000 0.056667
4 0.417500 0.698333 0.145000 0.361667
4 0.670000 0.533333 0.067500 0.085000
4 0.370000 0.526667 0.107500 0.046667
4 0.237500 0.521667 0.098333 0.045000
2 0.443333 0.415000 0.048333 0.043333
3 0.330833 0.618333 0.007500 0.015000
3 0.386667 0.503333 0.007500 0.015000
2 0.466667 0.550000 0.022500 0.023333
2 0.515000 0.556667 0.013333 0.070000
3 0.087500 0.551667 0.008333 0.021667
3 0.465833 0.558333 0.010833 0.023333
2 0.120833 0.571667 0.023333 0.106667
3 0.602500 0.463333 0.011667 0.030000
2 0.601667 0.465000 0.023333 0.106667
3 0.256667 0.510000 0.010833 0.023333
2 0.239167 0.523333 0.035000 0.105000
2 0.816667 0.495000 0.030833 0.051667
2 0.626667 0.556667 0.010000 0.031667
2 0.082500 0.611667 0.021667 0.090000
2 0.804167 0.430000 0.015833 0.068333
2 0.123333 0.481667 0.030833 0.051667
3 0.072500 0.458333 0.009167 0.015000
2 0.234167 0.476667 0.022500 0.023333
2 0.815833 0.550000 0.023333 0.106667
3 0.338333 0.575000 0.013333 0.015000
2 0.755833 0.578333 0.023333 0.041667
2 0.668333 0.526667 0.010833 0.091667
3 0.521667 0.560000 0.017500 0.031667
2 0.773333 0.455000 0.015833 0.068333
2 0.195000 0.458333 0.009167 0.040000
3 0.332500 0.501667 0.007500 0.018333
2 0.575000 0.546667 0.019167 0.046667
2 0.363333 0.463333 0.019167 0.046667
2 0.399167 0.463333 0.015833 0.068333
2 0.200000 0.491667 0.034167 0.100000
3 0.399167 0.571667 0.011667 0.030000
3 0.828333 0.493333 0.007500 0.018333
3 0.395000 0.576667 0.013333 0.031667
3 0.234167 0.493333 0.010833 0.023333
2 0.172500 0.585000 0.021667 0.090000
2 0.810833 0.478333 0.035000 0.105000
2 0.498333 0.421667 0.020833 0.080000
3 0.275000 0.536667 0.010833 0.013333
3 0.689167 0.463333 0.011667 0.020000
3 0.815000 0.523333 0.009167 0.015000
3 0.603333 0.448333 0.007500 0.018333
2 0.410000 0.555000 0.014167 0.015000
3 0.820833 0.341667 0.013333 0.031667
3 0.290000 0.516667 0.007500 0.018333
3 0.289167 0.555000 0.007500 0.018333
2 0.492500 0.531667 0.058333 0.076667
2 0.311667 0.590000 0.009167 0.031667
2 0.377500 0.473333 0.019167 0.046667
3 0.450000 0.470000 0.007500 0.016667
2 0.185833 0.538333 0.009167 0.031667
2 0.157500 0.580000 0.019167 0.046667
2 0.391667 0.490000 0.022500 0.023333
3 0.226667 0.541667 0.008333 0.016667
3 0.603333 0.565000 0.013333 0.015000
2 0.135000 0.478333 0.026667 0.035000
3 0.479167 0.450000 0.007500 0.015000
2 0.050833 0.438333 0.058333 0.076667
3 0.321667 0.530000 0.007500 0.018333
2 0.427500 0.638333 0.030833 0.051667
2 0.030833 0.495000 0.013333 0.070000
3 0.177500 0.446667 0.008333 0.016667
3 0.059167 0.475000 0.007500 0.018333
2 0.692500 0.580000 0.009167 0.040000
2 0.040000 0.615000 0.020833 0.080000
3 0.135833 0.508333 0.008333 0.021667
2 0.237500 0.576667 0.014167 0.015000
2 0.352500 0.453333 0.034167 0.038333
2 0.483333 0.518333 0.020833 0.080000
2 0.360833 0.476667 0.015833 0.068333
2 0.180000 0.496667 0.097500 0.053333
3 0.310833 0.515000 0.008333 0.016667
3 0.375000 0.543333 0.010000 0.020000
3 0.335000 0.445000 0.009167 0.015000
3 0.618333 0.465000 0.008333 0.016667
2 0.700000 0.470000 0.020833 0.080000
2 0.110833 0.488333 0.023333 0.106667
2 0.415833 0.540000 0.026667 0.035000
2 0.485000 0.588333 0.034167 0.038333
2 0.077500 0.473333 0.017500 0.116667
3 0.254167 0.531667 0.009167 0.015000
3 0.356667 0.576667 0.007500 0.018333
3 0.582500 0.478333 0.017500 0.031667
2 0.494167 0.516667 0.097500 0.053333
3 0.461667 0.538333 0.013333 0.031667
2 0.550833 0.448333 0.019167 0.046667
2 0.126667 0.476667 0.030833 0.051667
3 0.312500 0.593333 0.007500 0.016667
3 0.630000 0.535000 0.014167 0.025000
3 0.534167 0.526667 0.017500 0.031667
2 0.787500 0.530000 0.029167 0.038333
3 0.039167 0.523333 0.010833 0.013333
3 0.165833 0.568333 0.007500 0.018333
3 0.821667 0.576667 0.007500 0.018333
3 0.039167 0.513333 0.010833 0.013333
2 0.762500 0.498333 0.034167 0.038333
3 0.327500 0.496667 0.007500 0.018333
3 0.660000 0.586667 0.013333 0.031667
3 0.059167 0.468333 0.007500 0.015000
3 0.390000 0.535000 0.009167 0.018333
2 0.052500 0.613333 0.020833 0.080000
3 0.017500 0.538333 0.013333 0.015000
2 0.540000 0.661667 0.022500 0.023333
2 0.780000 0.306667 0.020833 0.080000
3 0.317500 0.348333 0.017500 0.031667
2 0.455000 0.248333 0.013333 0.070000
3 0.446667 0.370000 0.009167 0.018333
2 0.527500 0.376667 0.023333 0.041667
3 0.528333 0.361667 0.013333 0.015000
2 0.797500 0.376667 0.009167 0.040000
3 0.486667 0.375000 0.008333 0.016667
2 0.125833 0.381667 0.097500 0.053333
3 0.219167 0.686667 0.007500 0.015000
2 0.710000 0.413333 0.010000 0.031667
2 0.685000 0.420000 0.014167 0.015000
2 0.677500 0.376667 0.029167 0.038333
3 0.602500 0.668333 0.015833 0.051667
3 0.774167 0.605000 0.009167 0.016667
3 0.662500 0.385000 0.008333 0.016667
2 0.374167 0.670000 0.011667 0.025000
3 0.665833 0.363333 0.007500 0.018333
2 0.563333 0.733333 0.034167 0.038333
3 0.190000 0.410000 0.015833 0.051667
2 0.187500 0.361667 0.020833 0.080000
3 0.284167 0.300000 0.013333 0.015000
2 0.325833 0.363333 0.045833 0.021667
3 0.307500 0.296667 0.009167 0.023333
2 0.651667 0.320000 0.020833 0.080000
2 0.655000 0.681667 0.015833 0.068333
3 0.754167 0.660000 0.009167 0.016667
3 0.536667 0.425000 0.009167 0.023333
3 0.438333 0.656667 0.009167 0.018333
3 0.766667 0.640000 0.007500 0.015000
3 0.371667 0.350000 0.011667 0.030000
3 0.191667 0.393333 0.013333 0.031667
2 0.700000 0.635000 0.035000 0.105000
3 0.319167 0.703333 0.010000 0.016667
2 0.544167 0.765000 0.023333 0.106667
2 0.226667 0.655000 0.011667 0.025000
3 0.324167 0.176667 0.006667 0.018333
3 0.677500 0.341667 0.013333 0.031667
2 0.655000 0.376667 0.009167 0.040000
2 0.505833 0.341667 0.010833 0.091667
3 0.448333 0.371667 0.013333 0.031667
3 0.297500 0.693333 0.007500 0.016667
2 0.686667 0.686667 0.048333 0.043333
2 0.278333 0.316667 0.027500 0.016667
2 0.693333 0.671667 0.011667 0.025000
2 0.707500 0.315000 0.097500 0.053333
3 0.350000 0.743333 0.011667 0.030000
3 0.292500 0.775000 0.009167 0.015000
2 0.348333 0.251667 0.020833 0.080000
3 0.460833 0.405000 0.008333 0.016667
3 0.717500 0.681667 0.017500 0.031667
2 0.259167 0.245000 0.058333 0.076667
2 0.292500 0.786667 0.010000 0.031667
3 0.295000 0.713333 0.015833 0.051667
2 0.658333 0.625000 0.048333 0.025000
2 0.780833 0.376667 0.020833 0.080000
2 0.297500 0.683333 0.029167 0.038333
2 0.600833 0.658333 0.020000 0.021667
3 0.275000 0.418333 0.008333 0.021667
2 0.330000 0.223333 0.027500 0.016667
3 0.488333 0.296667 0.013333 0.031667
2 0.532500 0.686667 0.023333 0.041667
2 0.755833 0.721667 0.034167 0.100000
2 0.711667 0.378333 0.048333 0.043333
3 0.322500 0.341667 0.007500 0.015000
2 0.416667 0.716667 0.058333 0.076667
3 0.684167 0.410000 0.009167 0.015000
2 0.415833 0.720000 0.026667 0.035000
2 0.490833 0.716667 0.011667 0.066667
2 0.285833 0.765000 0.014167 0.015000
3 0.357500 0.613333 0.009167 0.016667
2 0.635000 0.615000 0.020833 0.028333
3 0.492500 0.318333 0.010000 0.020000
2 0.622500 0.380000 0.011667 0.066667
2 0.513333 0.815000 0.020833 0.080000
2 0.308333 0.711667 0.058333 0.076667
3 0.775833 0.690000 0.007500 0.018333
2 0.453333 0.678333 0.023333 0.041667
3 0.593333 0.751667 0.010833 0.023333
3 0.474167 0.311667 0.008333 0.016667
3 0.246667 0.400000 0.011667 0.020000
3 0.448333 0.705000 0.009167 0.016667
2 0.245000 0.220000 0.029167 0.038333
2 0.348333 0.706667 0.010000 0.031667
2 0.165000 0.368333 0.019167 0.046667
3 0.356667 0.755000 0.008333 0.016667
2 0.732500 0.583333 0.097500 0.053333
3 0.680000 0.373333 0.007500 0.015000
2 0.732500 0.385000 0.020833 0.080000
3 0.508333 0.821667 0.008333 0.016667
2 0.697500 0.670000 0.011667 0.025000
2 0.726667 0.675000 0.011667 0.025000
2 0.602500 0.758333 0.013333 0.070000
2 0.793333 0.701667 0.015833 0.068333
2 0.254167 0.683333 0.035000 0.105000
3 0.235833 0.380000 0.008333 0.016667
3 0.557500 0.371667 0.009167 0.016667
2 0.607500 0.703333 0.034167 0.100000
2 0.262500 0.656667 0.034167 0.038333
3 0.328333 0.311667 0.013333 0.015000
2 0.687500 0.415000 0.021667 0.090000
2 0.630833 0.616667 0.045833 0.021667
2 0.283333 0.838333 0.026667 0.035000
3 0.525000 0.296667 0.017500 0.031667
3 0.435833 0.681667 0.009167 0.016667
2 0.485000 0.745000 0.023333 0.041667
2 0.390000 0.638333 0.020833 0.080000
3 0.755833 0.386667 0.006667 0.018333
2 0.683333 0.711667 0.048333 0.043333
2 0.590833 0.725000 0.015833 0.068333
3 0.790833 0.351667 0.007500 0.016667
2 0.790000 0.670000 0.020833 0.080000
3 0.305000 0.806667 0.010833 0.013333
2 0.790000 0.445000 0.034167 0.100000
2 0.566667 0.646667 0.019167 0.046667
2 0.530000 0.756667 0.010833 0.091667
3 0.636667 0.438333 0.008333 0.016667
2 0.436667 0.803333 0.048333 0.025000
2 0.305833 0.376667 0.020833 0.028333
3 0.470833 0.640000 0.010833 0.013333
2 0.275000 0.710000 0.045833 0.021667
3 0.665833 0.408333 0.009167 0.018333
3 0.227500 0.661667 0.010000 0.016667
3 0.245833 0.375000 0.007500 0.015000
2 0.326667 0.718333 0.058333 0.076667
2 0.284167 0.286667 0.027500 0.016667
3 0.727500 0.346667 0.006667 0.018333
2 0.571667 0.661667 0.010000 0.031667
2 0.490000 0.355000 0.021667 0.090000
2 0.728333 0.705000 0.026667 0.035000
2 0.592500 0.776667 0.013333 0.070000
2 0.494167 0.156667 0.011667 0.025000
2 0.675000 0.645000 0.026667 0.035000
3 0.693333 0.271667 0.009167 0.018333
2 0.726667 0.593333 0.011667 0.025000
3 0.518333 0.846667 0.010833 0.023333
3 0.677500 0.711667 0.008333 0.016667
2 0.650833 0.633333 0.017500 0.116667
3 0.595000 0.751667 0.007500 0.018333
2 0.399167 0.718333 0.048333 0.025000
3 0.390833 0.673333 0.009167 0.018333
3 0.560000 0.341667 0.007500 0.015000
3 0.666667 0.445000 0.009167 0.016667
3 0.472500 0.120000 0.007500 0.015000
3 0.289167 0.153333 0.007500 0.015000
2 0.667500 0.683333 0.023333 0.041667
2 0.332500 0.715000 0.034167 0.038333
2 0.280000 0.271667 0.058333 0.076667
2 0.388333 0.350000 0.048333 0.043333
2 0.423333 0.365000 0.058333 0.076667
2 0.478333 0.696667 0.011667 0.025000
2 0.275000 0.398333 0.011667 0.025000
2 0.676667 0.720000 0.011667 0.025000
2 0.759167 0.363333 0.020000 0.021667
3 0.693333 0.776667 0.015833 0.051667
2 0.716667 0.641667 0.021667 0.090000
2 0.795833 0.386667 0.045833 0.021667
2 0.736667 0.308333 0.048333 0.043333
3 0.798333 0.643333 0.011667 0.020000
2 0.570833 0.725000 0.019167 0.046667
2 0.284167 0.328333 0.058333 0.076667
2 0.790000 0.446667 0.020833 0.080000
3 0.560000 0.666667 0.007500 0.015000
3 0.599167 0.708333 0.007500 0.015000
3 0.511667 0.353333 0.007500 0.015000
3 0.779167 0.406667 0.006667 0.018333
2 0.325833 0.708333 0.010833 0.091667
3 0.620833 0.678333 0.008333 0.016667
2 0.420833 0.821667 0.010833 0.091667
3 0.467500 0.648333 0.017500 0.031667
2 0.541667 0.670000 0.035000 0.105000
2 0.678333 0.420000 0.010000 0.031667
2 0.345000 0.730000 0.020833 0.028333
3 0.555833 0.321667 0.013333 0.031667
2 0.497500 0.303333 0.010833 0.091667
3 0.768333 0.401667 0.013333 0.015000
3 0.670000 0.403333 0.010833 0.013333
2 0.685000 0.760000 0.023333 0.106667
3 0.508333 0.821667 0.008333 0.016667
2 0.655000 0.678333 0.048333 0.025000
2 0.777500 0.358333 0.026667 0.035000
2 0.310000 0.253333 0.029167 0.038333
3 0.624167 0.346667 0.010833 0.013333
3 0.785000 0.398333 0.010833 0.023333
3 0.697500 0.675000 0.008333 0.021667
2 0.542500 0.745000 0.048333 0.025000
2 0.650000 0.700000 0.020833 0.080000
2 0.586667 0.741667 0.020000 0.021667
2 0.515833 0.388333 0.023333 0.041667
3 0.730833 0.301667 0.008333 0.016667
3 0.265833 0.283333 0.011667 0.030000
3 0.745000 0.608333 0.010833 0.023333
3 0.638333 0.651667 0.014167 0.025000
2 0.494167 0.335000 0.011667 0.025000
3 0.821667 0.395000 0.009167 0.015000
2 0.756667 0.365000 0.020000 0.021667
2 0.333333 0.701667 0.020833 0.028333
