4 0.781667 0.290000 0.180833 0.265000
4 0.870000 0.421667 0.124167 0.241667
4 0.820000 0.496667 0.090000 0.086667
4 0.896667 0.511667 0.045000 0.123333
4 0.867500 0.456667 0.073333 0.063333
4 0.833333 0.413333 0.095000 0.075000
4 0.730000 0.728333 0.209167 0.491667
4 0.805833 0.626667 0.082500 0.140000
4 0.860000 0.670000 0.080833 0.061667
4 0.800833 0.285000 0.105000 0.190000
4 0.297500 0.600000 0.215833 0.105000
4 0.114167 0.556667 0.129167 0.041667
4 0.371667 0.523333 0.065000 0.040000
4 0.215833 0.570000 0.097500 0.116667
4 0.604167 0.431667 0.103333 0.206667
4 0.411667 0.488333 0.129167 0.096667
4 0.123333 0.495000 0.150833 0.135000
4 0.020000 0.530000 0.040000 0.048333
4 0.165000 0.540000 0.035833 0.046667
4 0.025000 0.491667 0.050833 0.045000
3 0.463333 0.475000 0.010833 0.013333
2 0.657500 0.575000 0.010833 0.091667
2 0.772500 0.568333 0.015833 0.068333
3 0.070000 0.525000 0.007500 0.015000
2 0.162500 0.481667 0.009167 0.031667
2 0.663333 0.443333 0.020833 0.080000
3 0.802500 0.585000 0.010000 0.020000
2 0.606667 0.590000 0.034167 0.038333
3 0.156667 0.598333 0.009167 0.015000
2 0.490833 0.553333 0.009167 0.031667
2 0.199167 0.515000 0.020833 0.080000
3 0.330833 0.485000 0.007500 0.016667
3 0.100833 0.588333 0.013333 0.015000
2 0.219167 0.576667 0.034167 0.100000
3 0.505000 0.471667 0.009167 0.015000
2 0.615833 0.563333 0.048333 0.043333
2 0.525833 0.456667 0.017500 0.116667
2 0.188333 0.458333 0.026667 0.035000
2 0.590000 0.428333 0.058333 0.076667
2 0.215833 0.498333 0.048333 0.025000
2 0.053333 0.493333 0.011667 0.025000
2 0.738333 0.466667 0.048333 0.025000
2 0.225000 0.523333 0.009167 0.031667
2 0.103333 0.560000 0.058333 0.076667
2 0.575833 0.450000 0.097500 0.053333
3 0.047500 0.516667 0.007500 0.018333
3 0.825833 0.520000 0.007500 0.018333
3 0.437500 0.616667 0.013333 0.031667
3 0.765000 0.588333 0.008333 0.021667
3 0.460833 0.441667 0.008333 0.016667
2 0.075833 0.503333 0.034167 0.038333
2 0.430000 0.525000 0.045833 0.021667
2 0.720000 0.543333 0.023333 0.106667
2 0.019167 0.615000 0.021667 0.090000
2 0.668333 0.578333 0.034167 0.038333
2 0.363333 0.523333 0.097500 0.053333
2 0.073333 0.565000 0.022500 0.023333
2 0.604167 0.555000 0.026667 0.035000
2 0.445833 0.581667 0.020833 0.028333
2 0.610833 0.616667 0.022500 0.023333
2 0.112500 0.503333 0.029167 0.038333
2 0.655833 0.515000 0.013333 0.070000
2 0.262500 0.521667 0.022500 0.023333
2 0.325000 0.500000 0.023333 0.106667
3 0.464167 0.586667 0.006667 0.018333
2 0.510833 0.535000 0.045833 0.021667
2 0.741667 0.548333 0.017500 0.116667
3 0.381667 0.465000 0.008333 0.016667
3 0.810833 0.581667 0.009167 0.016667
3 0.140833 0.570000 0.010000 0.020000
2 0.801667 0.460000 0.023333 0.106667
2 0.658333 0.443333 0.020833 0.080000
3 0.288333 0.511667 0.009167 0.015000
3 0.557500 0.471667 0.010833 0.013333
2 0.320000 0.503333 0.048333 0.043333
2 0.359167 0.543333 0.035000 0.105000
3 0.229167 0.561667 0.009167 0.018333
3 0.750833 0.503333 0.010833 0.013333
2 0.292500 0.510000 0.020833 0.080000
3 0.549167 0.513333 0.009167 0.016667
3 0.133333 0.470000 0.008333 0.016667
3 0.560833 0.571667 0.010833 0.023333
2 0.514167 0.521667 0.010833 0.091667
3 0.603333 0.471667 0.008333 0.021667
2 0.819167 0.595000 0.023333 0.106667
2 0.294167 0.518333 0.048333 0.043333
3 0.319167 0.531667 0.007500 0.018333
2 0.482500 0.423333 0.027500 0.016667
3 0.143333 0.576667 0.007500 0.015000
3 0.368333 0.496667 0.007500 0.016667
3 0.480833 0.428333 0.007500 0.018333
3 0.259167 0.535000 0.010833 0.023333
3 0.591667 0.533333 0.010000 0.016667
2 0.820000 0.631667 0.020833 0.028333
2 0.763333 0.541667 0.013333 0.070000
2 0.285000 0.598333 0.014167 0.015000
3 0.595833 0.545000 0.007500 0.016667
3 0.368333 0.553333 0.017500 0.031667
2 0.449167 0.441667 0.011667 0.066667
2 0.104167 0.581667 0.020833 0.080000
2 0.299167 0.568333 0.010833 0.091667
3 0.826667 0.665000 0.007500 0.018333
2 0.115833 0.490000 0.020833 0.028333
3 0.330000 0.525000 0.017500 0.031667
3 0.160000 0.578333 0.007500 0.015000
3 0.253333 0.598333 0.009167 0.018333
2 0.400833 0.453333 0.045833 0.021667
3 0.694167 0.588333 0.017500 0.031667
2 0.199167 0.458333 0.097500 0.053333
3 0.355000 0.450000 0.007500 0.016667
3 0.135833 0.585000 0.009167 0.015000
3 0.531667 0.540000 0.009167 0.023333
2 0.711667 0.560000 0.034167 0.100000
2 0.724167 0.516667 0.014167 0.015000
2 0.650833 0.598333 0.013333 0.070000
3 0.090000 0.496667 0.009167 0.018333
2 0.758333 0.501667 0.020000 0.021667
2 0.578333 0.521667 0.034167 0.100000
3 0.150000 0.576667 0.010000 0.016667
3 0.185000 0.548333 0.009167 0.015000
3 0.059167 0.478333 0.006667 0.018333
3 0.200000 0.445000 0.007500 0.018333
2 0.582500 0.658333 0.021667 0.090000
3 0.747500 0.616667 0.010833 0.013333
3 0.620000 0.675000 0.009167 0.015000
2 0.325000 0.741667 0.020833 0.080000
3 0.218333 0.671667 0.008333 0.016667
2 0.277500 0.693333 0.019167 0.046667
3 0.786667 0.338333 0.008333 0.016667
3 0.741667 0.660000 0.009167 0.018333
2 0.688333 0.376667 0.021667 0.090000
2 0.222500 0.370000 0.015833 0.068333
3 0.795833 0.370000 0.007500 0.018333
3 0.557500 0.673333 0.008333 0.021667
2 0.713333 0.368333 0.015833 0.068333
2 0.615833 0.651667 0.058333 0.076667
3 0.698333 0.668333 0.013333 0.031667
2 0.482500 0.290000 0.034167 0.100000
2 0.735000 0.641667 0.011667 0.066667
3 0.321667 0.698333 0.009167 0.016667
3 0.724167 0.353333 0.010833 0.013333
3 0.691667 0.376667 0.008333 0.016667
2 0.710000 0.416667 0.027500 0.016667
2 0.696667 0.620000 0.034167 0.038333
2 0.775833 0.635000 0.013333 0.070000
3 0.555833 0.818333 0.009167 0.016667
3 0.293333 0.290000 0.010000 0.020000
3 0.743333 0.601667 0.013333 0.031667
2 0.485000 0.621667 0.009167 0.040000
2 0.282500 0.638333 0.035000 0.105000
2 0.705000 0.663333 0.020833 0.080000
3 0.489167 0.393333 0.017500 0.031667
3 0.625833 0.331667 0.011667 0.030000
3 0.625833 0.350000 0.007500 0.015000
2 0.514167 0.631667 0.014167 0.015000
2 0.406667 0.673333 0.019167 0.046667
3 0.736667 0.648333 0.010833 0.013333
3 0.692500 0.630000 0.008333 0.016667
3 0.422500 0.785000 0.007500 0.015000
3 0.694167 0.693333 0.017500 0.031667
2 0.476667 0.216667 0.011667 0.025000
3 0.451667 0.771667 0.006667 0.018333
2 0.331667 0.671667 0.021667 0.090000
3 0.655000 0.365000 0.009167 0.016667
3 0.321667 0.240000 0.009167 0.016667
3 0.350000 0.685000 0.006667 0.018333
3 0.782500 0.375000 0.008333 0.016667
2 0.330833 0.755000 0.014167 0.015000
3 0.510833 0.260000 0.009167 0.018333
2 0.443333 0.760000 0.035000 0.105000
2 0.289167 0.253333 0.020833 0.080000
2 0.681667 0.426667 0.014167 0.015000
2 0.460000 0.401667 0.021667 0.090000
3 0.815833 0.621667 0.010833 0.023333
2 0.246667 0.795000 0.020833 0.080000
2 0.244167 0.760000 0.034167 0.038333
2 0.695833 0.366667 0.020833 0.080000
3 0.306667 0.340000 0.010000 0.020000
3 0.312500 0.208333 0.011667 0.020000
2 0.799167 0.381667 0.011667 0.066667
2 0.406667 0.628333 0.097500 0.053333
3 0.531667 0.710000 0.009167 0.023333
3 0.316667 0.721667 0.017500 0.031667
2 0.655833 0.428333 0.048333 0.025000
2 0.360833 0.440000 0.022500 0.023333
2 0.774167 0.426667 0.048333 0.025000
2 0.606667 0.350000 0.009167 0.031667
2 0.647500 0.630000 0.022500 0.023333
3 0.685000 0.331667 0.009167 0.016667
2 0.660000 0.386667 0.011667 0.025000
3 0.712500 0.683333 0.009167 0.016667
3 0.443333 0.318333 0.009167 0.015000
3 0.392500 0.691667 0.009167 0.016667
2 0.757500 0.336667 0.034167 0.038333
2 0.797500 0.663333 0.030833 0.051667
2 0.620833 0.678333 0.021667 0.090000
3 0.719167 0.618333 0.013333 0.015000
3 0.386667 0.375000 0.008333 0.016667
3 0.494167 0.390000 0.008333 0.016667
3 0.462500 0.701667 0.009167 0.018333
2 0.768333 0.705000 0.009167 0.031667
2 0.754167 0.671667 0.048333 0.043333
2 0.308333 0.695000 0.009167 0.040000
2 0.325833 0.445000 0.021667 0.090000
3 0.485000 0.861667 0.011667 0.020000
2 0.302500 0.660000 0.020000 0.021667
3 0.690000 0.388333 0.009167 0.016667
3 0.478333 0.291667 0.010833 0.013333
3 0.445833 0.378333 0.008333 0.016667
2 0.685833 0.626667 0.009167 0.031667
2 0.775000 0.338333 0.010000 0.031667
2 0.315833 0.250000 0.010000 0.031667
2 0.696667 0.356667 0.019167 0.046667
2 0.793333 0.395000 0.013333 0.070000
3 0.570000 0.275000 0.009167 0.016667
2 0.320833 0.701667 0.029167 0.038333
2 0.533333 0.323333 0.020833 0.080000
3 0.301667 0.711667 0.010833 0.013333
2 0.572500 0.746667 0.048333 0.025000
3 0.674167 0.316667 0.009167 0.015000
2 0.279167 0.330000 0.026667 0.035000
2 0.686667 0.638333 0.014167 0.015000
2 0.702500 0.400000 0.011667 0.025000
3 0.699167 0.358333 0.006667 0.018333
2 0.664167 0.356667 0.011667 0.025000
2 0.402500 0.681667 0.020000 0.021667
3 0.322500 0.343333 0.007500 0.015000
2 0.529167 0.280000 0.017500 0.116667
3 0.798333 0.626667 0.015833 0.051667
2 0.342500 0.381667 0.020833 0.080000
3 0.661667 0.438333 0.008333 0.016667
3 0.290833 0.403333 0.010000 0.020000
3 0.245000 0.355000 0.007500 0.015000
2 0.593333 0.418333 0.009167 0.031667
3 0.303333 0.296667 0.011667 0.030000
3 0.459167 0.721667 0.017500 0.031667
3 0.260833 0.398333 0.011667 0.030000
2 0.781667 0.390000 0.019167 0.046667
3 0.695000 0.346667 0.007500 0.015000
2 0.655000 0.383333 0.011667 0.066667
2 0.451667 0.261667 0.019167 0.046667
2 0.304167 0.675000 0.015833 0.068333
2 0.521667 0.385000 0.020833 0.080000
3 0.560000 0.668333 0.008333 0.016667
3 0.494167 0.753333 0.009167 0.016667
2 0.346667 0.620000 0.048333 0.025000
2 0.786667 0.635000 0.027500 0.016667
3 0.395000 0.358333 0.008333 0.016667
3 0.460833 0.245000 0.007500 0.015000
2 0.780833 0.335000 0.020000 0.021667
3 0.452500 0.730000 0.009167 0.016667
3 0.245833 0.400000 0.013333 0.031667
2 0.725833 0.596667 0.010000 0.031667
3 0.785833 0.376667 0.011667 0.020000
3 0.528333 0.623333 0.009167 0.016667
3 0.847500 0.325000 0.009167 0.016667
2 0.690000 0.613333 0.048333 0.043333
3 0.765833 0.613333 0.008333 0.016667
3 0.715000 0.431667 0.017500 0.031667
3 0.715000 0.673333 0.007500 0.015000
2 0.213333 0.413333 0.034167 0.100000
3 0.400000 0.661667 0.009167 0.018333
2 0.345000 0.833333 0.017500 0.116667
2 0.297500 0.685000 0.011667 0.066667
3 0.795833 0.370000 0.008333 0.016667
2 0.715000 0.626667 0.034167 0.100000
2 0.566667 0.290000 0.011667 0.025000
2 0.792500 0.645000 0.029167 0.038333
3 0.710000 0.430000 0.007500 0.015000
3 0.496667 0.400000 0.017500 0.031667
2 0.464167 0.276667 0.010000 0.031667
2 0.578333 0.365000 0.034167 0.100000
2 0.684167 0.661667 0.034167 0.038333
3 0.679167 0.348333 0.007500 0.018333
2 0.591667 0.998333 0.021667 0.001667
3 0.690833 0.641667 0.006667 0.018333
3 0.460000 0.725000 0.015833 0.051667
2 0.624167 0.343333 0.009167 0.040000
2 0.556667 0.680000 0.022500 0.023333
2 0.659167 0.473333 0.013333 0.070000
2 0.583333 0.465000 0.013333 0.070000
3 0.546667 0.685000 0.008333 0.016667
3 0.692500 0.416667 0.008333 0.021667
3 0.432500 0.806667 0.008333 0.016667
3 0.758333 0.595000 0.014167 0.025000
3 0.619167 0.391667 0.015833 0.051667
2 0.680000 0.360000 0.020833 0.028333
2 0.309167 0.688333 0.034167 0.038333
2 0.735833 0.353333 0.023333 0.041667
2 0.455000 0.683333 0.058333 0.076667
2 0.361667 0.333333 0.013333 0.070000
3 0.734167 0.588333 0.007500 0.018333
2 0.258333 0.708333 0.034167 0.038333
3 0.689167 0.641667 0.009167 0.016667
3 0.668333 0.341667 0.006667 0.018333
2 0.270000 0.663333 0.009167 0.031667
2 0.623333 0.363333 0.023333 0.106667
3 0.260000 0.395000 0.013333 0.031667
3 0.305000 0.293333 0.008333 0.016667
3 0.282500 0.435000 0.007500 0.015000
3 0.249167 0.678333 0.007500 0.018333
2 0.520000 0.623333 0.023333 0.106667
2 0.273333 0.845000 0.022500 0.023333
2 0.796667 0.453333 0.034167 0.100000
3 0.428333 0.816667 0.008333 0.021667
3 0.811667 0.708333 0.010833 0.013333
3 0.219167 0.665000 0.007500 0.018333
2 0.722500 0.813333 0.010833 0.091667
3 0.668333 0.638333 0.013333 0.015000
2 0.288333 0.353333 0.058333 0.076667
2 0.758333 0.351667 0.048333 0.025000
2 0.675000 0.345000 0.035000 0.105000
3 0.719167 0.420000 0.010000 0.020000
3 0.680833 0.395000 0.008333 0.016667
2 0.551667 0.695000 0.020833 0.080000
3 0.495833 0.715000 0.007500 0.016667
3 0.540000 0.406667 0.009167 0.018333
2 0.816667 0.750000 0.010833 0.091667
3 0.550000 0.715000 0.017500 0.031667
3 0.770000 0.380000 0.009167 0.016667
