4 0.795000 0.806667 0.184167 0.340000
4 0.884167 0.606667 0.060833 0.078333
4 0.832500 0.571667 0.051667 0.035000
4 0.900833 0.490000 0.036667 0.075000
4 0.880833 0.625000 0.085000 0.075000
4 0.764167 0.520000 0.267500 0.196667
4 0.847500 0.586667 0.065000 0.056667
4 0.780000 0.441667 0.179167 0.076667
4 0.791667 0.533333 0.120833 0.035000
4 0.850000 0.593333 0.071667 0.120000
4 0.232500 0.391667 0.132500 0.210000
4 0.276667 0.640000 0.157500 0.226667
4 0.420000 0.551667 0.167500 0.133333
4 0.700833 0.560000 0.074167 0.121667
4 0.218333 0.503333 0.053333 0.100000
4 0.067500 0.508333 0.134167 0.116667
4 0.472500 0.483333 0.090833 0.033333
4 0.029167 0.511667 0.059167 0.060000
4 0.055833 0.715000 0.112500 0.336667
4 0.385833 0.471667 0.091667 0.140000
2 0.038333 0.546667 0.030833 0.051667
3 0.179167 0.453333 0.010000 0.016667
2 0.390000 0.550000 0.011667 0.025000
3 0.344167 0.583333 0.017500 0.031667
3 0.544167 0.558333 0.007500 0.016667
3 0.735833 0.570000 0.009167 0.016667
2 0.596667 0.591667 0.034167 0.038333
3 0.183333 0.535000 0.010833 0.013333
2 0.184167 0.583333 0.045833 0.021667
2 0.734167 0.561667 0.014167 0.015000
2 0.508333 0.540000 0.013333 0.070000
2 0.425000 0.491667 0.023333 0.106667
3 0.462500 0.556667 0.009167 0.015000
2 0.800000 0.525000 0.035000 0.105000
3 0.738333 0.486667 0.015833 0.051667
2 0.117500 0.475000 0.015833 0.068333
2 0.301667 0.536667 0.034167 0.100000
2 0.197500 0.458333 0.017500 0.116667
2 0.325833 0.515000 0.027500 0.016667
2 0.689167 0.525000 0.058333 0.076667
3 0.239167 0.495000 0.010833 0.013333
2 0.437500 0.473333 0.020833 0.028333
2 0.781667 0.540000 0.010833 0.091667
3 0.493333 0.506667 0.007500 0.018333
2 0.500000 0.590000 0.026667 0.035000
3 0.222500 0.538333 0.007500 0.018333
2 0.797500 0.458333 0.034167 0.038333
2 0.255000 0.541667 0.015833 0.068333
3 0.787500 0.478333 0.009167 0.015000
2 0.342500 0.485000 0.009167 0.040000
2 0.565833 0.491667 0.030833 0.051667
2 0.708333 0.528333 0.035000 0.105000
3 0.039167 0.503333 0.008333 0.016667
3 0.698333 0.556667 0.011667 0.030000
2 0.070833 0.546667 0.026667 0.035000
3 0.117500 0.468333 0.008333 0.016667
3 0.786667 0.575000 0.017500 0.031667
2 0.033333 0.595000 0.023333 0.106667
3 0.497500 0.586667 0.009167 0.016667
2 0.595833 0.545000 0.021667 0.090000
2 0.282500 0.466667 0.014167 0.015000
2 0.611667 0.480000 0.010000 0.031667
2 0.323333 0.506667 0.029167 0.038333
3 0.181667 0.486667 0.007500 0.015000
2 0.236667 0.580000 0.023333 0.041667
3 0.189167 0.571667 0.010833 0.013333
3 0.032500 0.471667 0.007500 0.015000
3 0.592500 0.516667 0.009167 0.016667
2 0.588333 0.565000 0.013333 0.070000
2 0.303333 0.483333 0.026667 0.035000
3 0.752500 0.573333 0.008333 0.016667
2 0.025000 0.485000 0.034167 0.100000
2 0.025000 0.476667 0.020000 0.021667
2 0.705833 0.486667 0.017500 0.116667
3 0.197500 0.568333 0.010000 0.016667
3 0.194167 0.443333 0.006667 0.018333
2 0.707500 0.510000 0.020000 0.021667
3 0.323333 0.465000 0.009167 0.023333
3 0.025000 0.485000 0.010833 0.013333
2 0.355000 0.546667 0.020833 0.080000
3 0.335000 0.465000 0.009167 0.015000
2 0.555000 0.555000 0.034167 0.038333
3 0.479167 0.458333 0.010833 0.013333
3 0.333333 0.508333 0.010000 0.016667
2 0.290000 0.566667 0.027500 0.016667
2 0.585000 0.521667 0.097500 0.053333
3 0.540833 0.490000 0.009167 0.018333
3 0.624167 0.566667 0.015833 0.051667
3 0.798333 0.585000 0.010833 0.023333
2 0.715833 0.545000 0.013333 0.070000
3 0.655833 0.475000 0.010833 0.013333
2 0.324167 0.636667 0.026667 0.035000
3 0.587500 0.508333 0.007500 0.015000
2 0.585000 0.418333 0.035000 0.105000
3 0.794167 0.470000 0.015833 0.051667
2 0.557500 0.450000 0.034167 0.038333
2 0.689167 0.543333 0.023333 0.106667
3 0.615833 0.473333 0.009167 0.015000
2 0.686667 0.588333 0.017500 0.116667
3 0.340000 0.598333 0.011667 0.020000
3 0.080000 0.493333 0.006667 0.018333
3 0.113333 0.585000 0.009167 0.016667
2 0.079167 0.566667 0.011667 0.025000
2 0.596667 0.548333 0.034167 0.038333
3 0.466667 0.575000 0.017500 0.031667
2 0.313333 0.561667 0.011667 0.025000
2 0.022500 0.466667 0.045000 0.025000
2 0.186667 0.520000 0.034167 0.038333
2 0.106667 0.496667 0.009167 0.031667
3 0.513333 0.511667 0.009167 0.018333
3 0.660000 0.536667 0.009167 0.015000
2 0.468333 0.423333 0.034167 0.038333
3 0.450000 0.448333 0.009167 0.016667
3 0.155833 0.516667 0.011667 0.020000
3 0.643333 0.450000 0.010833 0.013333
3 0.770000 0.550000 0.010833 0.023333
2 0.580833 0.565000 0.020833 0.080000
3 0.051667 0.550000 0.009167 0.023333
2 0.307500 0.476667 0.019167 0.046667
3 0.614167 0.488333 0.009167 0.016667
2 0.128333 0.536667 0.097500 0.053333
2 0.229167 0.626667 0.021667 0.090000
3 0.705000 0.668333 0.007500 0.016667
3 0.765833 0.720000 0.007500 0.016667
3 0.667500 0.621667 0.008333 0.021667
2 0.706667 0.703333 0.021667 0.090000
3 0.693333 0.646667 0.007500 0.016667
3 0.758333 0.591667 0.007500 0.015000
2 0.506667 0.596667 0.027500 0.016667
2 0.508333 0.818333 0.023333 0.041667
3 0.759167 0.613333 0.011667 0.030000
3 0.647500 0.378333 0.009167 0.015000
2 0.810000 0.380000 0.009167 0.040000
3 0.425000 0.371667 0.009167 0.016667
3 0.778333 0.610000 0.008333 0.016667
3 0.781667 0.373333 0.009167 0.023333
3 0.497500 0.303333 0.010833 0.023333
3 0.711667 0.616667 0.008333 0.021667
2 0.509167 0.241667 0.026667 0.035000
2 0.270000 0.698333 0.009167 0.031667
3 0.480000 0.326667 0.008333 0.021667
3 0.541667 0.441667 0.009167 0.015000
2 0.545833 0.398333 0.011667 0.066667
3 0.796667 0.625000 0.009167 0.023333
2 0.645833 0.365000 0.020833 0.080000
3 0.316667 0.251667 0.007500 0.015000
3 0.695000 0.618333 0.013333 0.015000
2 0.475000 0.348333 0.009167 0.040000
3 0.746667 0.311667 0.009167 0.023333
3 0.539167 0.733333 0.009167 0.018333
3 0.710833 0.415000 0.007500 0.015000
2 0.411667 0.721667 0.017500 0.116667
3 0.565833 0.746667 0.009167 0.018333
3 0.324167 0.688333 0.009167 0.016667
3 0.598333 0.998333 0.008333 0.001667
2 0.620000 0.658333 0.023333 0.041667
2 0.306667 0.783333 0.030833 0.051667
3 0.685833 0.661667 0.009167 0.018333
2 0.295000 0.380000 0.015833 0.068333
2 0.330000 0.380000 0.026667 0.035000
2 0.445000 0.618333 0.020833 0.080000
2 0.270833 0.290000 0.022500 0.023333
2 0.201667 0.648333 0.045833 0.021667
2 0.696667 0.325000 0.019167 0.046667
3 0.729167 0.378333 0.009167 0.016667
2 0.773333 0.693333 0.097500 0.053333
2 0.700833 0.618333 0.014167 0.015000
3 0.660833 0.350000 0.011667 0.030000
2 0.533333 0.346667 0.010000 0.031667
3 0.572500 0.633333 0.010000 0.016667
3 0.595833 0.998333 0.013333 0.001667
2 0.765000 0.401667 0.020000 0.021667
3 0.338333 0.863333 0.009167 0.016667
3 0.278333 0.736667 0.011667 0.030000
2 0.704167 0.430000 0.020000 0.021667
3 0.726667 0.426667 0.007500 0.015000
2 0.519167 0.423333 0.021667 0.090000
2 0.775833 0.401667 0.020833 0.080000
3 0.481667 0.275000 0.008333 0.016667
3 0.306667 0.338333 0.009167 0.015000
3 0.512500 0.423333 0.009167 0.016667
2 0.463333 0.708333 0.015833 0.068333
3 0.225833 0.388333 0.009167 0.016667
2 0.722500 0.445000 0.009167 0.031667
3 0.480000 0.296667 0.007500 0.018333
3 0.711667 0.685000 0.010833 0.013333
3 0.342500 0.631667 0.010833 0.013333
2 0.784167 0.618333 0.035000 0.105000
3 0.739167 0.688333 0.008333 0.016667
3 0.270833 0.320000 0.013333 0.015000
2 0.790833 0.621667 0.019167 0.046667
3 0.470833 0.731667 0.010833 0.023333
3 0.347500 0.300000 0.010833 0.013333
3 0.492500 0.330000 0.007500 0.015000
3 0.584167 0.613333 0.010000 0.020000
2 0.815833 0.710000 0.022500 0.023333
2 0.540000 0.436667 0.030833 0.051667
3 0.481667 0.775000 0.007500 0.015000
3 0.536667 0.285000 0.017500 0.031667
3 0.445000 0.711667 0.011667 0.020000
3 0.388333 0.758333 0.009167 0.023333
3 0.599167 0.708333 0.007500 0.015000
3 0.307500 0.690000 0.009167 0.015000
3 0.662500 0.388333 0.007500 0.016667
3 0.694167 0.678333 0.009167 0.016667
2 0.667500 0.445000 0.023333 0.106667
2 0.774167 0.385000 0.029167 0.038333
2 0.772500 0.703333 0.030833 0.051667
2 0.665000 0.386667 0.010833 0.091667
3 0.450833 0.675000 0.009167 0.016667
3 0.471667 0.643333 0.010000 0.016667
2 0.287500 0.608333 0.035000 0.105000
2 0.795833 0.645000 0.022500 0.023333
2 0.599167 0.715000 0.019167 0.046667
3 0.809167 0.630000 0.010000 0.020000
3 0.555000 0.998333 0.010000 0.001667
2 0.410000 0.778333 0.034167 0.100000
3 0.675000 0.435000 0.007500 0.015000
3 0.675833 0.676667 0.006667 0.018333
3 0.639167 0.398333 0.008333 0.016667
3 0.776667 0.705000 0.009167 0.016667
3 0.790833 0.423333 0.010000 0.016667
3 0.300833 0.650000 0.007500 0.018333
2 0.580000 0.638333 0.020000 0.021667
2 0.630833 0.620000 0.019167 0.046667
2 0.673333 0.435000 0.015833 0.068333
3 0.321667 0.743333 0.013333 0.031667
3 0.675833 0.350000 0.008333 0.021667
2 0.701667 0.641667 0.045833 0.021667
2 0.753333 0.385000 0.030833 0.051667
3 0.692500 0.645000 0.009167 0.015000
2 0.165833 0.390000 0.014167 0.015000
2 0.705833 0.405000 0.030833 0.051667
2 0.671667 0.591667 0.035000 0.105000
3 0.490000 0.295000 0.010000 0.020000
2 0.539167 0.646667 0.029167 0.038333
2 0.485000 0.346667 0.030833 0.051667
2 0.763333 0.425000 0.030833 0.051667
3 0.435833 0.743333 0.010833 0.013333
3 0.730833 0.611667 0.006667 0.018333
3 0.490833 0.300000 0.008333 0.021667
2 0.660833 0.625000 0.030833 0.051667
2 0.670833 0.335000 0.015833 0.068333
3 0.590833 0.756667 0.010000 0.016667
3 0.787500 0.665000 0.015833 0.051667
3 0.780833 0.383333 0.009167 0.015000
2 0.493333 0.200000 0.048333 0.025000
3 0.647500 0.421667 0.007500 0.018333
2 0.630000 0.666667 0.009167 0.031667
3 0.731667 0.651667 0.008333 0.016667
2 0.701667 0.710000 0.011667 0.025000
2 0.750833 0.328333 0.011667 0.025000
3 0.344167 0.666667 0.007500 0.018333
3 0.289167 0.353333 0.009167 0.016667
2 0.779167 0.568333 0.020833 0.080000
2 0.525833 0.646667 0.017500 0.116667
3 0.361667 0.671667 0.008333 0.021667
3 0.408333 0.755000 0.009167 0.016667
3 0.451667 0.675000 0.008333 0.016667
3 0.585000 0.640000 0.010000 0.016667
2 0.307500 0.750000 0.010833 0.091667
2 0.470833 0.766667 0.010833 0.091667
3 0.540833 0.336667 0.010833 0.013333
3 0.675000 0.363333 0.015833 0.051667
3 0.343333 0.310000 0.008333 0.016667
2 0.339167 0.571667 0.035000 0.105000
2 0.524167 0.373333 0.026667 0.035000
3 0.428333 0.750000 0.010833 0.013333
3 0.720833 0.646667 0.007500 0.015000
2 0.703333 0.633333 0.019167 0.046667
2 0.685833 0.300000 0.034167 0.038333
3 0.533333 0.348333 0.010000 0.020000
3 0.340833 0.650000 0.008333 0.016667
2 0.743333 0.383333 0.027500 0.016667
2 0.261667 0.796667 0.010000 0.031667
3 0.356667 0.741667 0.009167 0.016667
2 0.295000 0.375000 0.019167 0.046667
3 0.385833 0.706667 0.008333 0.016667
2 0.683333 0.638333 0.045833 0.021667
2 0.706667 0.341667 0.045833 0.021667
2 0.539167 0.323333 0.022500 0.023333
2 0.406667 0.676667 0.011667 0.025000
2 0.625833 0.678333 0.021667 0.090000
3 0.698333 0.376667 0.009167 0.016667
2 0.595833 0.413333 0.097500 0.053333
3 0.572500 0.668333 0.011667 0.030000
2 0.779167 0.590000 0.020833 0.028333
3 0.665833 0.400000 0.013333 0.031667
2 0.666667 0.435000 0.010833 0.091667
2 0.294167 0.430000 0.034167 0.100000
2 0.605000 0.338333 0.013333 0.070000
2 0.399167 0.361667 0.097500 0.053333
3 0.551667 0.756667 0.008333 0.016667
3 0.520000 0.436667 0.017500 0.031667
2 0.377500 0.355000 0.058333 0.076667
3 0.365000 0.665000 0.009167 0.018333
3 0.462500 0.718333 0.010833 0.023333
2 0.770833 0.636667 0.045833 0.021667
2 0.515833 0.340000 0.009167 0.031667
2 0.241667 0.660000 0.026667 0.035000
2 0.306667 0.286667 0.011667 0.025000
3 0.664167 0.396667 0.010000 0.020000
2 0.791667 0.428333 0.009167 0.031667
3 0.754167 0.413333 0.017500 0.031667
3 0.465000 0.280000 0.008333 0.016667
2 0.520833 0.351667 0.015833 0.068333
2 0.715833 0.588333 0.009167 0.040000
3 0.704167 0.373333 0.009167 0.018333
3 0.682500 0.683333 0.013333 0.015000
3 0.541667 0.231667 0.014167 0.025000
2 0.780000 0.430000 0.021667 0.090000
2 0.308333 0.640000 0.034167 0.038333
2 0.564167 0.775000 0.017500 0.116667
2 0.333333 0.258333 0.020833 0.080000
3 0.713333 0.676667 0.008333 0.016667
3 0.805000 0.336667 0.008333 0.016667
2 0.549167 0.223333 0.017500 0.116667
2 0.635833 0.640000 0.026667 0.035000
3 0.233333 0.386667 0.008333 0.016667
3 0.470833 0.735000 0.011667 0.030000
