4 0.870833 0.650000 0.086667 0.146667
4 0.838333 0.495000 0.050833 0.028333
4 0.883333 0.600000 0.069167 0.106667
4 0.731667 0.521667 0.250000 0.070000
4 0.830000 0.501667 0.174167 0.203333
4 0.840833 0.430000 0.066667 0.116667
4 0.872500 0.536667 0.054167 0.106667
4 0.732500 0.528333 0.250000 0.155000
4 0.830000 0.445000 0.055000 0.035000
4 0.895000 0.548333 0.058333 0.063333
4 0.802500 0.513333 0.060000 0.100000
4 0.775833 0.505000 0.055000 0.046667
4 0.160000 0.533333 0.084167 0.033333
4 0.546667 0.643333 0.080833 0.191667
4 0.660833 0.506667 0.183333 0.141667
4 0.300833 0.578333 0.128333 0.101667
4 0.390000 0.578333 0.094167 0.093333
4 0.583333 0.665000 0.114167 0.231667
4 0.380833 0.630000 0.118333 0.290000
4 0.704167 0.503333 0.065000 0.100000
2 0.167500 0.595000 0.034167 0.038333
2 0.259167 0.546667 0.015833 0.068333
2 0.315833 0.505000 0.030833 0.051667
2 0.804167 0.521667 0.010000 0.031667
3 0.352500 0.466667 0.010833 0.013333
2 0.116667 0.585000 0.010000 0.031667
3 0.383333 0.480000 0.014167 0.025000
3 0.687500 0.530000 0.007500 0.018333
3 0.330000 0.600000 0.007500 0.015000
2 0.414167 0.505000 0.020833 0.028333
2 0.315000 0.575000 0.017500 0.116667
3 0.334167 0.491667 0.008333 0.016667
3 0.568333 0.491667 0.014167 0.025000
3 0.701667 0.590000 0.010000 0.016667
2 0.661667 0.513333 0.020833 0.028333
3 0.302500 0.523333 0.007500 0.018333
2 0.106667 0.553333 0.048333 0.043333
3 0.313333 0.521667 0.011667 0.030000
3 0.053333 0.580000 0.008333 0.016667
3 0.749167 0.473333 0.008333 0.016667
2 0.030000 0.495000 0.020833 0.080000
2 0.065833 0.503333 0.010000 0.031667
2 0.290833 0.483333 0.034167 0.100000
2 0.141667 0.431667 0.020833 0.028333
2 0.231667 0.465000 0.045833 0.021667
3 0.361667 0.538333 0.008333 0.016667
3 0.755833 0.518333 0.017500 0.031667
2 0.160000 0.560000 0.097500 0.053333
2 0.128333 0.571667 0.010000 0.031667
2 0.148333 0.503333 0.058333 0.076667
3 0.246667 0.446667 0.011667 0.030000
2 0.395000 0.463333 0.014167 0.015000
3 0.799167 0.518333 0.008333 0.016667
2 0.231667 0.545000 0.009167 0.040000
2 0.290000 0.546667 0.009167 0.031667
3 0.364167 0.533333 0.011667 0.020000
3 0.482500 0.401667 0.009167 0.018333
2 0.618333 0.568333 0.030833 0.051667
2 0.280833 0.471667 0.026667 0.035000
3 0.051667 0.565000 0.006667 0.018333
2 0.662500 0.565000 0.021667 0.090000
2 0.300833 0.558333 0.013333 0.070000
3 0.637500 0.518333 0.015833 0.051667
3 0.167500 0.498333 0.013333 0.031667
3 0.405833 0.551667 0.007500 0.015000
2 0.169167 0.605000 0.017500 0.116667
2 0.385000 0.520000 0.011667 0.025000
2 0.330833 0.435000 0.019167 0.046667
2 0.694167 0.581667 0.034167 0.100000
3 0.429167 0.633333 0.015833 0.051667
3 0.610833 0.496667 0.009167 0.015000
3 0.135000 0.583333 0.009167 0.016667
3 0.786667 0.451667 0.007500 0.018333
3 0.446667 0.536667 0.008333 0.016667
3 0.783333 0.496667 0.009167 0.018333
2 0.648333 0.491667 0.015833 0.068333
3 0.054167 0.501667 0.009167 0.016667
2 0.555833 0.471667 0.020833 0.080000
2 0.580000 0.573333 0.097500 0.053333
3 0.591667 0.455000 0.009167 0.015000
3 0.477500 0.466667 0.007500 0.015000
2 0.338333 0.491667 0.010833 0.091667
3 0.612500 0.615000 0.011667 0.030000
2 0.580833 0.548333 0.034167 0.038333
2 0.211667 0.545000 0.011667 0.025000
2 0.130833 0.536667 0.010833 0.091667
3 0.610000 0.563333 0.017500 0.031667
3 0.727500 0.463333 0.009167 0.023333
2 0.188333 0.538333 0.034167 0.038333
2 0.298333 0.491667 0.022500 0.023333
2 0.017500 0.570000 0.035000 0.043333
3 0.037500 0.528333 0.008333 0.016667
2 0.290833 0.568333 0.020833 0.080000
3 0.465833 0.463333 0.013333 0.015000
2 0.510000 0.510000 0.048333 0.025000
3 0.250000 0.566667 0.008333 0.016667
3 0.132500 0.526667 0.008333 0.016667
3 0.226667 0.598333 0.007500 0.015000
3 0.293333 0.506667 0.009167 0.016667
2 0.427500 0.556667 0.030833 0.051667
2 0.463333 0.455000 0.020000 0.021667
2 0.765000 0.536667 0.023333 0.106667
3 0.425000 0.575000 0.006667 0.018333
3 0.051667 0.513333 0.008333 0.021667
2 0.273333 0.491667 0.034167 0.038333
3 0.345833 0.511667 0.008333 0.016667
2 0.416667 0.503333 0.034167 0.038333
3 0.467500 0.446667 0.007500 0.015000
2 0.422500 0.553333 0.048333 0.025000
3 0.465833 0.445000 0.010833 0.013333
3 0.173333 0.435000 0.009167 0.016667
2 0.093333 0.456667 0.011667 0.066667
2 0.180833 0.575000 0.010833 0.091667
3 0.381667 0.493333 0.015833 0.051667
2 0.324167 0.550000 0.010833 0.091667
2 0.057500 0.516667 0.010000 0.031667
2 0.263333 0.516667 0.009167 0.031667
3 0.488333 0.530000 0.010000 0.016667
3 0.075833 0.535000 0.009167 0.016667
2 0.236667 0.446667 0.019167 0.046667
3 0.425833 0.541667 0.017500 0.031667
2 0.430833 0.506667 0.009167 0.040000
3 0.470833 0.361667 0.008333 0.021667
3 0.509167 0.735000 0.010833 0.013333
3 0.785000 0.891667 0.007500 0.018333
2 0.440833 0.830000 0.013333 0.070000
3 0.554167 0.228333 0.008333 0.016667
2 0.716667 0.670000 0.034167 0.100000
2 0.338333 0.731667 0.022500 0.023333
3 0.718333 0.655000 0.009167 0.016667
2 0.780000 0.448333 0.020833 0.080000
3 0.392500 0.690000 0.010000 0.020000
3 0.302500 0.746667 0.008333 0.016667
3 0.699167 0.725000 0.015833 0.051667
2 0.695833 0.623333 0.023333 0.106667
3 0.570833 0.671667 0.006667 0.018333
3 0.458333 0.700000 0.014167 0.025000
2 0.485000 0.611667 0.097500 0.053333
3 0.700833 0.658333 0.008333 0.016667
3 0.752500 0.618333 0.009167 0.023333
2 0.510833 0.321667 0.035000 0.105000
3 0.804167 0.346667 0.007500 0.018333
2 0.387500 0.343333 0.027500 0.016667
2 0.704167 0.353333 0.023333 0.106667
2 0.163333 0.410000 0.023333 0.106667
2 0.769167 0.601667 0.020000 0.021667
2 0.766667 0.563333 0.035000 0.105000
3 0.689167 0.375000 0.013333 0.015000
3 0.453333 0.366667 0.007500 0.018333
3 0.556667 0.325000 0.011667 0.030000
2 0.283333 0.853333 0.034167 0.038333
3 0.687500 0.756667 0.017500 0.031667
3 0.804167 0.638333 0.006667 0.018333
2 0.310833 0.346667 0.011667 0.025000
3 0.511667 0.260000 0.008333 0.016667
3 0.795000 0.640000 0.015833 0.051667
2 0.273333 0.261667 0.097500 0.053333
2 0.397500 0.681667 0.048333 0.025000
2 0.719167 0.386667 0.097500 0.053333
3 0.583333 0.736667 0.008333 0.016667
2 0.520833 0.415000 0.023333 0.106667
2 0.773333 0.388333 0.034167 0.038333
2 0.260833 0.208333 0.023333 0.041667
2 0.284167 0.713333 0.027500 0.016667
2 0.675000 0.380000 0.045833 0.021667
2 0.790000 0.428333 0.021667 0.090000
3 0.440833 0.420000 0.011667 0.030000
2 0.679167 0.658333 0.020833 0.080000
2 0.782500 0.420000 0.013333 0.070000
3 0.395833 0.383333 0.007500 0.018333
2 0.616667 0.663333 0.023333 0.106667
3 0.670833 0.406667 0.010000 0.020000
3 0.660833 0.426667 0.008333 0.021667
2 0.503333 0.285000 0.022500 0.023333
2 0.671667 0.618333 0.045833 0.021667
3 0.484167 0.315000 0.009167 0.023333
3 0.591667 0.741667 0.009167 0.015000
2 0.417500 0.740000 0.026667 0.035000
3 0.484167 0.263333 0.011667 0.030000
2 0.758333 0.675000 0.027500 0.016667
2 0.778333 0.383333 0.035000 0.105000
3 0.443333 0.803333 0.008333 0.016667
2 0.341667 0.636667 0.014167 0.015000
3 0.575833 0.615000 0.008333 0.016667
2 0.465833 0.368333 0.020833 0.080000
3 0.315000 0.410000 0.006667 0.018333
3 0.350000 0.431667 0.010833 0.023333
2 0.702500 0.596667 0.009167 0.040000
3 0.605000 0.368333 0.007500 0.018333
3 0.575833 0.311667 0.008333 0.016667
3 0.356667 0.671667 0.017500 0.031667
2 0.379167 0.690000 0.014167 0.015000
2 0.734167 0.753333 0.023333 0.106667
2 0.518333 0.270000 0.011667 0.025000
2 0.658333 0.620000 0.034167 0.038333
2 0.337500 0.253333 0.013333 0.070000
2 0.389167 0.348333 0.045833 0.021667
2 0.307500 0.591667 0.097500 0.053333
2 0.610833 0.361667 0.017500 0.116667
2 0.467500 0.615000 0.027500 0.016667
3 0.323333 0.693333 0.011667 0.030000
2 0.360833 0.433333 0.010833 0.091667
2 0.550833 0.700000 0.020833 0.080000
3 0.801667 0.638333 0.011667 0.020000
3 0.716667 0.606667 0.007500 0.016667
3 0.223333 0.640000 0.010000 0.016667
3 0.646667 0.651667 0.008333 0.016667
3 0.612500 0.643333 0.013333 0.015000
3 0.767500 0.358333 0.010833 0.023333
2 0.759167 0.363333 0.010000 0.031667
3 0.627500 0.363333 0.013333 0.031667
2 0.627500 0.375000 0.019167 0.046667
3 0.394167 0.378333 0.010833 0.013333
3 0.765000 0.711667 0.007500 0.016667
3 0.690833 0.641667 0.006667 0.018333
3 0.765000 0.703333 0.015833 0.051667
3 0.704167 0.408333 0.008333 0.016667
2 0.447500 0.861667 0.020833 0.080000
2 0.467500 0.793333 0.009167 0.031667
3 0.673333 0.358333 0.006667 0.018333
3 0.713333 0.415000 0.009167 0.015000
2 0.475000 0.808333 0.011667 0.025000
2 0.562500 0.606667 0.034167 0.038333
3 0.700000 0.656667 0.010000 0.016667
3 0.293333 0.726667 0.007500 0.015000
3 0.340000 0.711667 0.007500 0.018333
2 0.763333 0.360000 0.020833 0.080000
3 0.359167 0.311667 0.017500 0.031667
2 0.630000 0.418333 0.034167 0.038333
3 0.423333 0.683333 0.007500 0.015000
2 0.346667 0.735000 0.017500 0.116667
2 0.411667 0.405000 0.027500 0.016667
3 0.242500 0.390000 0.008333 0.016667
3 0.676667 0.423333 0.013333 0.031667
2 0.139167 0.638333 0.048333 0.025000
3 0.253333 0.385000 0.014167 0.025000
3 0.690833 0.386667 0.008333 0.016667
2 0.665833 0.651667 0.020833 0.028333
3 0.539167 0.353333 0.010000 0.016667
2 0.297500 0.366667 0.013333 0.070000
2 0.660833 0.608333 0.020833 0.028333
2 0.632500 0.603333 0.015833 0.068333
3 0.470000 0.371667 0.009167 0.018333
2 0.320000 0.730000 0.030833 0.051667
2 0.661667 0.698333 0.017500 0.116667
2 0.310833 0.333333 0.011667 0.066667
3 0.532500 0.373333 0.007500 0.015000
2 0.228333 0.320000 0.058333 0.076667
3 0.389167 0.735000 0.009167 0.023333
3 0.727500 0.681667 0.010000 0.020000
3 0.700833 0.613333 0.014167 0.025000
3 0.527500 0.406667 0.010000 0.016667
3 0.670833 0.621667 0.009167 0.016667
2 0.680000 0.350000 0.027500 0.016667
3 0.335833 0.295000 0.007500 0.016667
3 0.794167 0.643333 0.009167 0.018333
2 0.448333 0.353333 0.011667 0.066667
3 0.268333 0.648333 0.007500 0.015000
2 0.513333 0.423333 0.021667 0.090000
2 0.775833 0.618333 0.022500 0.023333
2 0.347500 0.306667 0.017500 0.116667
2 0.365000 0.338333 0.030833 0.051667
2 0.486667 0.256667 0.009167 0.040000
3 0.523333 0.708333 0.010000 0.016667
2 0.654167 0.425000 0.009167 0.031667
3 0.778333 0.740000 0.009167 0.023333
2 0.340000 0.721667 0.020000 0.021667
2 0.791667 0.643333 0.020000 0.021667
3 0.767500 0.378333 0.011667 0.030000
3 0.320000 0.261667 0.010000 0.020000
3 0.484167 0.636667 0.010833 0.013333
3 0.463333 0.308333 0.009167 0.015000
3 0.323333 0.270000 0.008333 0.016667
3 0.334167 0.650000 0.008333 0.016667
3 0.268333 0.736667 0.013333 0.015000
3 0.471667 0.318333 0.014167 0.025000
3 0.333333 0.333333 0.009167 0.016667
3 0.711667 0.613333 0.008333 0.016667
3 0.719167 0.421667 0.009167 0.016667
3 0.615000 0.770000 0.007500 0.016667
2 0.656667 0.668333 0.009167 0.031667
2 0.684167 0.385000 0.022500 0.023333
2 0.256667 0.400000 0.026667 0.035000
3 0.785833 0.411667 0.011667 0.030000
3 0.679167 0.403333 0.008333 0.021667
2 0.303333 0.251667 0.029167 0.038333
3 0.316667 0.340000 0.013333 0.015000
2 0.677500 0.341667 0.027500 0.016667
3 0.216667 0.635000 0.010833 0.023333
2 0.665833 0.401667 0.023333 0.106667
2 0.295833 0.300000 0.034167 0.038333
3 0.732500 0.346667 0.008333 0.016667
3 0.375833 0.678333 0.008333 0.016667
3 0.768333 0.646667 0.007500 0.018333
3 0.555000 0.680000 0.009167 0.016667
3 0.488333 0.296667 0.013333 0.031667
3 0.771667 0.323333 0.008333 0.016667
3 0.717500 0.355000 0.007500 0.015000
2 0.369167 0.753333 0.026667 0.035000
2 0.648333 0.363333 0.020833 0.028333
3 0.523333 0.623333 0.015833 0.051667
3 0.432500 0.745000 0.008333 0.016667
2 0.305833 0.301667 0.035000 0.105000
2 0.753333 0.638333 0.011667 0.025000
2 0.678333 0.355000 0.023333 0.041667
3 0.265833 0.201667 0.013333 0.031667
3 0.757500 0.390000 0.017500 0.031667
2 0.720833 0.651667 0.020833 0.080000
2 0.549167 0.691667 0.013333 0.070000
2 0.596667 0.316667 0.029167 0.038333
3 0.538333 0.268333 0.010833 0.023333
2 0.605000 0.341667 0.058333 0.076667
3 0.685000 0.685000 0.007500 0.018333
3 0.465000 0.843333 0.009167 0.015000
3 0.646667 0.618333 0.007500 0.015000
3 0.615833 0.363333 0.014167 0.025000
2 0.436667 0.886667 0.020833 0.028333
2 0.642500 0.705000 0.011667 0.025000
3 0.343333 0.643333 0.011667 0.030000
3 0.299167 0.705000 0.007500 0.016667
