4 0.890000 0.636667 0.050833 0.040000
4 0.785833 0.648333 0.227500 0.303333
4 0.785833 0.520000 0.145833 0.103333
4 0.850000 0.606667 0.115833 0.153333
4 0.830000 0.441667 0.078333 0.086667
4 0.872500 0.550000 0.099167 0.060000
4 0.904167 0.615000 0.047500 0.058333
4 0.785000 0.671667 0.133333 0.210000
4 0.864167 0.570000 0.085000 0.166667
4 0.785833 0.678333 0.104167 0.066667
4 0.107500 0.495000 0.099167 0.053333
4 0.220000 0.508333 0.056667 0.060000
4 0.518333 0.440000 0.221667 0.270000
4 0.434167 0.535000 0.087500 0.091667
4 0.064167 0.521667 0.100833 0.030000
4 0.585833 0.591667 0.105000 0.108333
4 0.655000 0.593333 0.235000 0.190000
4 0.777500 0.585000 0.070833 0.075000
4 0.358333 0.493333 0.049167 0.098333
4 0.148333 0.541667 0.044167 0.036667
2 0.675833 0.585000 0.009167 0.031667
3 0.456667 0.530000 0.009167 0.018333
2 0.151667 0.508333 0.019167 0.046667
3 0.811667 0.586667 0.007500 0.015000
2 0.754167 0.566667 0.034167 0.100000
3 0.750000 0.571667 0.010833 0.023333
2 0.754167 0.561667 0.011667 0.025000
3 0.524167 0.543333 0.008333 0.016667
2 0.655000 0.521667 0.034167 0.038333
3 0.626667 0.496667 0.009167 0.016667
3 0.200833 0.441667 0.010833 0.013333
2 0.327500 0.606667 0.027500 0.016667
2 0.660833 0.550000 0.021667 0.090000
2 0.433333 0.540000 0.035000 0.105000
3 0.527500 0.500000 0.008333 0.016667
2 0.234167 0.445000 0.020833 0.028333
3 0.407500 0.583333 0.011667 0.020000
3 0.178333 0.578333 0.008333 0.016667
3 0.465000 0.571667 0.006667 0.018333
2 0.600000 0.613333 0.029167 0.038333
2 0.155000 0.513333 0.020833 0.080000
3 0.186667 0.605000 0.008333 0.016667
2 0.382500 0.495000 0.019167 0.046667
2 0.253333 0.570000 0.058333 0.076667
3 0.055000 0.471667 0.010833 0.013333
3 0.370833 0.460000 0.013333 0.015000
2 0.281667 0.505000 0.019167 0.046667
3 0.628333 0.481667 0.010833 0.013333
2 0.411667 0.470000 0.097500 0.053333
3 0.782500 0.585000 0.010833 0.023333
2 0.669167 0.485000 0.034167 0.038333
3 0.627500 0.518333 0.011667 0.020000
2 0.647500 0.533333 0.020833 0.080000
2 0.259167 0.505000 0.013333 0.070000
2 0.376667 0.578333 0.017500 0.116667
3 0.183333 0.441667 0.009167 0.015000
2 0.290000 0.570000 0.020833 0.080000
3 0.478333 0.541667 0.010833 0.013333
2 0.150000 0.431667 0.015833 0.068333
3 0.780833 0.570000 0.007500 0.018333
3 0.161667 0.601667 0.009167 0.015000
2 0.428333 0.613333 0.030833 0.051667
3 0.180000 0.476667 0.009167 0.016667
2 0.293333 0.450000 0.034167 0.038333
3 0.265000 0.516667 0.009167 0.016667
2 0.566667 0.605000 0.010833 0.091667
3 0.577500 0.585000 0.013333 0.031667
3 0.714167 0.488333 0.009167 0.016667
2 0.190833 0.570000 0.017500 0.116667
2 0.012500 0.543333 0.025833 0.025000
2 0.400000 0.406667 0.035000 0.105000
3 0.026667 0.481667 0.006667 0.018333
3 0.217500 0.525000 0.007500 0.015000
2 0.597500 0.570000 0.035000 0.105000
3 0.443333 0.483333 0.014167 0.025000
2 0.673333 0.450000 0.048333 0.043333
2 0.399167 0.440000 0.009167 0.040000
3 0.608333 0.451667 0.008333 0.016667
2 0.160833 0.530000 0.045833 0.021667
2 0.652500 0.583333 0.017500 0.116667
3 0.118333 0.480000 0.013333 0.031667
2 0.310833 0.533333 0.034167 0.038333
3 0.750833 0.458333 0.017500 0.031667
3 0.418333 0.463333 0.009167 0.018333
3 0.349167 0.588333 0.009167 0.018333
2 0.475833 0.573333 0.048333 0.043333
2 0.725833 0.435000 0.097500 0.053333
3 0.230833 0.561667 0.008333 0.016667
3 0.440833 0.565000 0.009167 0.016667
2 0.755833 0.548333 0.048333 0.025000
3 0.598333 0.515000 0.017500 0.031667
3 0.486667 0.536667 0.011667 0.020000
3 0.100833 0.456667 0.011667 0.020000
3 0.823333 0.346667 0.008333 0.016667
2 0.609167 0.511667 0.014167 0.015000
2 0.512500 0.548333 0.017500 0.116667
3 0.649167 0.493333 0.013333 0.031667
2 0.332500 0.610000 0.010833 0.091667
3 0.449167 0.503333 0.007500 0.018333
2 0.395833 0.516667 0.022500 0.023333
3 0.749167 0.550000 0.007500 0.018333
3 0.272500 0.475000 0.014167 0.025000
2 0.542500 0.503333 0.009167 0.040000
2 0.146667 0.598333 0.010000 0.031667
3 0.515833 0.480000 0.010833 0.023333
2 0.702500 0.506667 0.029167 0.038333
3 0.805000 0.510000 0.011667 0.030000
2 0.680833 0.601667 0.026667 0.035000
2 0.334167 0.585000 0.015833 0.068333
3 0.705000 0.493333 0.010000 0.016667
3 0.361667 0.548333 0.006667 0.018333
3 0.462500 0.523333 0.013333 0.031667
2 0.068333 0.460000 0.020833 0.080000
3 0.355833 0.593333 0.013333 0.031667
2 0.489167 0.496667 0.034167 0.038333
3 0.695000 0.530000 0.008333 0.021667
2 0.400000 0.496667 0.035000 0.105000
3 0.150000 0.576667 0.007500 0.018333
2 0.765000 0.566667 0.048333 0.025000
2 0.116667 0.471667 0.026667 0.035000
2 0.395833 0.563333 0.030833 0.051667
2 0.744167 0.456667 0.048333 0.025000
2 0.675000 0.638333 0.010000 0.031667
2 0.231667 0.366667 0.020833 0.080000
3 0.425833 0.370000 0.008333 0.016667
3 0.667500 0.273333 0.013333 0.031667
3 0.406667 0.653333 0.008333 0.021667
2 0.784167 0.371667 0.021667 0.090000
2 0.215000 0.796667 0.058333 0.076667
3 0.726667 0.426667 0.008333 0.016667
3 0.693333 0.648333 0.008333 0.016667
2 0.711667 0.370000 0.029167 0.038333
2 0.219167 0.345000 0.023333 0.106667
3 0.703333 0.631667 0.010000 0.016667
3 0.732500 0.348333 0.007500 0.018333
3 0.690833 0.633333 0.011667 0.030000
2 0.689167 0.331667 0.045833 0.021667
2 0.805833 0.630000 0.010000 0.031667
2 0.406667 0.658333 0.045833 0.021667
3 0.710833 0.448333 0.010000 0.020000
3 0.487500 0.288333 0.010833 0.023333
2 0.525000 0.715000 0.023333 0.041667
3 0.815000 0.706667 0.014167 0.025000
2 0.416667 0.323333 0.045833 0.021667
3 0.386667 0.375000 0.007500 0.016667
2 0.654167 0.386667 0.045833 0.021667
2 0.654167 0.391667 0.009167 0.031667
3 0.156667 0.413333 0.013333 0.031667
3 0.330833 0.390000 0.008333 0.016667
3 0.720833 0.620000 0.010000 0.016667
2 0.782500 0.726667 0.020833 0.028333
3 0.668333 0.635000 0.008333 0.016667
3 0.467500 0.260000 0.008333 0.016667
2 0.793333 0.418333 0.022500 0.023333
3 0.316667 0.376667 0.008333 0.021667
2 0.306667 0.385000 0.034167 0.100000
3 0.648333 0.635000 0.009167 0.018333
3 0.777500 0.405000 0.010000 0.016667
3 0.621667 0.390000 0.010000 0.020000
2 0.425833 0.665000 0.020833 0.028333
2 0.491667 0.325000 0.015833 0.068333
2 0.760833 0.615000 0.030833 0.051667
2 0.364167 0.403333 0.020000 0.021667
2 0.771667 0.371667 0.013333 0.070000
3 0.487500 0.680000 0.007500 0.016667
2 0.686667 0.785000 0.045833 0.021667
2 0.399167 0.373333 0.014167 0.015000
3 0.430833 0.808333 0.010833 0.023333
2 0.708333 0.376667 0.023333 0.106667
3 0.717500 0.415000 0.007500 0.015000
3 0.274167 0.821667 0.011667 0.020000
2 0.300833 0.655000 0.009167 0.040000
2 0.661667 0.666667 0.023333 0.041667
3 0.790833 0.331667 0.006667 0.018333
3 0.300833 0.648333 0.007500 0.016667
2 0.281667 0.621667 0.009167 0.040000
2 0.672500 0.390000 0.020833 0.028333
3 0.467500 0.648333 0.017500 0.031667
3 0.775833 0.600000 0.011667 0.030000
3 0.505000 0.323333 0.010833 0.013333
3 0.656667 0.678333 0.007500 0.015000
2 0.510000 0.750000 0.020833 0.080000
3 0.810833 0.718333 0.013333 0.015000
3 0.705000 0.323333 0.013333 0.031667
3 0.786667 0.401667 0.008333 0.016667
3 0.378333 0.748333 0.008333 0.021667
3 0.762500 0.385000 0.007500 0.015000
2 0.562500 0.716667 0.019167 0.046667
3 0.543333 0.308333 0.014167 0.025000
3 0.420000 0.670000 0.009167 0.015000
3 0.315000 0.643333 0.007500 0.015000
3 0.475000 0.801667 0.010833 0.013333
3 0.466667 0.785000 0.010833 0.023333
2 0.409167 0.738333 0.020833 0.028333
3 0.762500 0.405000 0.009167 0.023333
3 0.710833 0.415000 0.008333 0.016667
2 0.612500 0.386667 0.027500 0.016667
3 0.381667 0.715000 0.015833 0.051667
3 0.250000 0.788333 0.017500 0.031667
3 0.269167 0.703333 0.007500 0.018333
2 0.773333 0.675000 0.010000 0.031667
3 0.481667 0.380000 0.017500 0.031667
2 0.381667 0.701667 0.097500 0.053333
2 0.481667 0.295000 0.023333 0.106667
2 0.724167 0.605000 0.026667 0.035000
2 0.471667 0.120000 0.010000 0.031667
3 0.803333 0.371667 0.009167 0.016667
3 0.505833 0.786667 0.011667 0.020000
3 0.750833 0.668333 0.007500 0.015000
2 0.632500 0.573333 0.058333 0.076667
3 0.707500 0.323333 0.008333 0.016667
2 0.566667 0.633333 0.045833 0.021667
3 0.653333 0.335000 0.006667 0.018333
2 0.665833 0.405000 0.045833 0.021667
3 0.268333 0.640000 0.008333 0.016667
2 0.450000 0.231667 0.021667 0.090000
3 0.623333 0.341667 0.009167 0.016667
3 0.549167 0.416667 0.010833 0.013333
3 0.559167 0.653333 0.010000 0.020000
3 0.802500 0.398333 0.008333 0.016667
2 0.712500 0.668333 0.021667 0.090000
3 0.240000 0.763333 0.008333 0.016667
3 0.648333 0.666667 0.013333 0.015000
2 0.774167 0.366667 0.035000 0.105000
3 0.245000 0.700000 0.013333 0.031667
3 0.725833 0.611667 0.008333 0.021667
2 0.544167 0.398333 0.023333 0.106667
3 0.568333 0.296667 0.007500 0.016667
3 0.718333 0.431667 0.011667 0.030000
2 0.261667 0.376667 0.027500 0.016667
2 0.226667 0.376667 0.034167 0.100000
3 0.709167 0.683333 0.007500 0.018333
2 0.722500 0.651667 0.023333 0.106667
2 0.784167 0.731667 0.048333 0.025000
2 0.821667 0.418333 0.009167 0.040000
2 0.694167 0.346667 0.010000 0.031667
2 0.548333 0.678333 0.026667 0.035000
3 0.297500 0.751667 0.017500 0.031667
3 0.735833 0.276667 0.011667 0.030000
3 0.545000 0.680000 0.010833 0.013333
2 0.624167 0.401667 0.010833 0.091667
2 0.288333 0.300000 0.013333 0.070000
2 0.679167 0.756667 0.097500 0.053333
2 0.755000 0.606667 0.020000 0.021667
2 0.348333 0.763333 0.029167 0.038333
3 0.339167 0.711667 0.009167 0.016667
3 0.704167 0.665000 0.011667 0.030000
2 0.455833 0.688333 0.021667 0.090000
3 0.705000 0.668333 0.007500 0.015000
3 0.290000 0.405000 0.010833 0.023333
3 0.293333 0.716667 0.010000 0.016667
3 0.729167 0.306667 0.011667 0.030000
3 0.335833 0.863333 0.008333 0.016667
2 0.701667 0.381667 0.023333 0.106667
2 0.214167 0.301667 0.027500 0.016667
3 0.800833 0.398333 0.010833 0.023333
3 0.684167 0.633333 0.007500 0.015000
3 0.550000 0.391667 0.010833 0.023333
3 0.456667 0.670000 0.017500 0.031667
2 0.797500 0.416667 0.020000 0.021667
3 0.800000 0.393333 0.007500 0.015000
2 0.231667 0.305000 0.020833 0.080000
3 0.462500 0.660000 0.007500 0.015000
3 0.657500 0.658333 0.008333 0.016667
2 0.294167 0.411667 0.048333 0.025000
3 0.753333 0.615000 0.007500 0.015000
3 0.554167 0.226667 0.008333 0.016667
3 0.553333 0.681667 0.013333 0.031667
2 0.222500 0.678333 0.058333 0.076667
2 0.424167 0.685000 0.058333 0.076667
2 0.481667 0.306667 0.058333 0.076667
2 0.575000 0.628333 0.009167 0.031667
2 0.824167 0.411667 0.020000 0.021667
2 0.347500 0.721667 0.015833 0.068333
3 0.222500 0.395000 0.015833 0.051667
3 0.648333 0.666667 0.013333 0.015000
2 0.456667 0.661667 0.017500 0.116667
2 0.530000 0.271667 0.030833 0.051667
3 0.424167 0.820000 0.008333 0.021667
3 0.700833 0.646667 0.010833 0.023333
3 0.175833 0.403333 0.008333 0.016667
3 0.568333 0.696667 0.013333 0.031667
3 0.187500 0.656667 0.015833 0.051667
2 0.319167 0.298333 0.010833 0.091667
3 0.746667 0.408333 0.013333 0.015000
3 0.600833 0.708333 0.008333 0.016667
2 0.433333 0.325000 0.058333 0.076667
3 0.325833 0.658333 0.007500 0.016667
3 0.495833 0.326667 0.010000 0.020000
3 0.564167 0.661667 0.007500 0.018333
3 0.292500 0.763333 0.010000 0.016667
2 0.268333 0.815000 0.045833 0.021667
3 0.753333 0.650000 0.009167 0.016667
3 0.653333 0.355000 0.017500 0.031667
3 0.573333 0.385000 0.008333 0.016667
3 0.520000 0.665000 0.008333 0.016667
2 0.295833 0.380000 0.017500 0.116667
3 0.640000 0.358333 0.008333 0.021667
3 0.781667 0.646667 0.008333 0.016667
3 0.629167 0.643333 0.014167 0.025000
2 0.660000 0.676667 0.048333 0.043333
2 0.751667 0.671667 0.035000 0.105000
3 0.315000 0.395000 0.008333 0.016667
2 0.302500 0.368333 0.097500 0.053333
2 0.427500 0.646667 0.010000 0.031667
3 0.314167 0.208333 0.007500 0.018333
2 0.596667 0.358333 0.045833 0.021667
2 0.672500 0.748333 0.058333 0.076667
3 0.627500 0.418333 0.011667 0.030000
3 0.703333 0.631667 0.010000 0.016667
3 0.495000 0.765000 0.010833 0.013333
2 0.480000 0.786667 0.026667 0.035000
2 0.514167 0.360000 0.029167 0.038333
3 0.757500 0.715000 0.007500 0.015000
3 0.311667 0.606667 0.008333 0.016667
3 0.759167 0.410000 0.014167 0.025000
2 0.440833 0.708333 0.020000 0.021667
3 0.495000 0.770000 0.011667 0.020000
2 0.671667 0.380000 0.045833 0.021667
2 0.793333 0.616667 0.048333 0.043333
