4 0.837500 0.693333 0.140833 0.301667
4 0.868333 0.430000 0.055000 0.098333
4 0.800833 0.566667 0.100833 0.186667
4 0.802500 0.603333 0.075833 0.106667
4 0.871667 0.511667 0.104167 0.073333
4 0.824167 0.620000 0.059167 0.058333
4 0.862500 0.530000 0.113333 0.186667
4 0.883333 0.693333 0.032500 0.056667
4 0.869167 0.466667 0.057500 0.048333
4 0.845833 0.401667 0.072500 0.038333
4 0.032500 0.503333 0.057500 0.026667
4 0.409167 0.648333 0.117500 0.206667
4 0.298333 0.485000 0.188333 0.115000
4 0.384167 0.546667 0.047500 0.056667
4 0.476667 0.595000 0.110833 0.200000
4 0.184167 0.515000 0.100833 0.103333
4 0.175833 0.506667 0.062500 0.085000
4 0.562500 0.590000 0.155000 0.123333
4 0.451667 0.495000 0.157500 0.086667
4 0.368333 0.446667 0.120833 0.215000
3 0.637500 0.558333 0.007500 0.018333
2 0.576667 0.515000 0.013333 0.070000
2 0.229167 0.528333 0.020833 0.080000
2 0.425000 0.488333 0.045833 0.021667
3 0.593333 0.583333 0.011667 0.020000
3 0.415000 0.450000 0.010833 0.023333
3 0.309167 0.516667 0.014167 0.025000
2 0.660833 0.568333 0.010833 0.091667
3 0.221667 0.473333 0.015833 0.051667
3 0.365833 0.536667 0.008333 0.016667
3 0.481667 0.578333 0.009167 0.023333
2 0.311667 0.565000 0.010000 0.031667
3 0.090000 0.543333 0.015833 0.051667
3 0.264167 0.560000 0.013333 0.015000
2 0.358333 0.535000 0.048333 0.025000
3 0.732500 0.515000 0.014167 0.025000
2 0.400000 0.465000 0.022500 0.023333
2 0.124167 0.471667 0.045833 0.021667
3 0.417500 0.473333 0.007500 0.015000
2 0.205833 0.503333 0.048333 0.043333
3 0.828333 0.605000 0.008333 0.016667
3 0.125000 0.551667 0.008333 0.016667
3 0.606667 0.480000 0.011667 0.020000
3 0.082500 0.520000 0.007500 0.015000
3 0.484167 0.590000 0.010000 0.016667
3 0.502500 0.466667 0.013333 0.031667
2 0.531667 0.540000 0.021667 0.090000
3 0.591667 0.515000 0.013333 0.031667
2 0.631667 0.471667 0.045833 0.021667
3 0.096667 0.473333 0.013333 0.031667
2 0.250000 0.551667 0.020000 0.021667
3 0.780000 0.530000 0.009167 0.016667
3 0.610000 0.583333 0.017500 0.031667
3 0.145833 0.458333 0.008333 0.016667
2 0.106667 0.496667 0.027500 0.016667
2 0.570833 0.541667 0.023333 0.106667
2 0.765000 0.556667 0.023333 0.041667
2 0.810833 0.511667 0.021667 0.090000
2 0.667500 0.526667 0.097500 0.053333
3 0.350833 0.571667 0.011667 0.020000
2 0.437500 0.470000 0.034167 0.038333
2 0.172500 0.508333 0.034167 0.038333
3 0.221667 0.443333 0.013333 0.015000
3 0.782500 0.455000 0.007500 0.018333
2 0.087500 0.610000 0.010833 0.091667
3 0.328333 0.515000 0.008333 0.016667
3 0.263333 0.483333 0.009167 0.018333
2 0.295833 0.550000 0.030833 0.051667
2 0.716667 0.513333 0.048333 0.043333
2 0.805000 0.623333 0.013333 0.070000
2 0.693333 0.446667 0.020000 0.021667
3 0.137500 0.570000 0.008333 0.016667
3 0.367500 0.556667 0.007500 0.018333
2 0.173333 0.450000 0.011667 0.066667
3 0.275833 0.551667 0.013333 0.015000
3 0.181667 0.493333 0.008333 0.016667
3 0.240000 0.518333 0.011667 0.020000
3 0.460000 0.545000 0.010000 0.020000
2 0.210833 0.596667 0.020000 0.021667
3 0.354167 0.458333 0.010833 0.023333
2 0.530000 0.496667 0.026667 0.035000
3 0.168333 0.575000 0.009167 0.016667
2 0.124167 0.488333 0.034167 0.100000
2 0.452500 0.496667 0.034167 0.038333
3 0.215000 0.513333 0.008333 0.021667
2 0.697500 0.520000 0.015833 0.068333
2 0.101667 0.523333 0.034167 0.100000
3 0.693333 0.548333 0.013333 0.015000
3 0.045833 0.521667 0.008333 0.016667
2 0.688333 0.528333 0.034167 0.038333
3 0.414167 0.455000 0.010000 0.016667
2 0.261667 0.456667 0.020000 0.021667
3 0.746667 0.453333 0.007500 0.015000
2 0.044167 0.475000 0.027500 0.016667
3 0.393333 0.553333 0.015833 0.051667
3 0.538333 0.548333 0.010000 0.016667
3 0.427500 0.533333 0.007500 0.015000
3 0.115833 0.485000 0.017500 0.031667
3 0.138333 0.456667 0.011667 0.020000
2 0.597500 0.476667 0.027500 0.016667
2 0.721667 0.555000 0.048333 0.043333
2 0.657500 0.513333 0.010833 0.091667
2 0.223333 0.515000 0.010000 0.031667
2 0.765000 0.458333 0.015833 0.068333
2 0.304167 0.516667 0.014167 0.015000
3 0.320833 0.515000 0.007500 0.015000
3 0.522500 0.563333 0.007500 0.016667
2 0.609167 0.568333 0.019167 0.046667
3 0.820833 0.660000 0.009167 0.016667
3 0.177500 0.601667 0.007500 0.015000
2 0.710000 0.571667 0.021667 0.090000
2 0.087500 0.535000 0.020833 0.080000
2 0.212500 0.426667 0.035000 0.105000
2 0.119167 0.565000 0.034167 0.038333
3 0.116667 0.496667 0.010833 0.023333
2 0.238333 0.488333 0.019167 0.046667
2 0.012500 0.501667 0.025833 0.038333
2 0.435833 0.648333 0.013333 0.070000
3 0.260000 0.531667 0.010833 0.013333
3 0.623333 0.478333 0.009167 0.016667
2 0.130833 0.530000 0.023333 0.106667
3 0.605000 0.565000 0.009167 0.016667
3 0.362500 0.401667 0.008333 0.021667
2 0.330000 0.730000 0.014167 0.015000
3 0.330000 0.803333 0.006667 0.018333
3 0.365833 0.665000 0.008333 0.016667
3 0.540000 0.678333 0.008333 0.016667
3 0.308333 0.723333 0.009167 0.016667
3 0.309167 0.295000 0.006667 0.018333
2 0.540833 0.418333 0.097500 0.053333
2 0.337500 0.768333 0.017500 0.116667
3 0.685833 0.348333 0.008333 0.016667
2 0.673333 0.626667 0.029167 0.038333
3 0.748333 0.621667 0.009167 0.016667
2 0.800833 0.645000 0.034167 0.100000
3 0.318333 0.411667 0.007500 0.018333
3 0.692500 0.680000 0.013333 0.031667
2 0.703333 0.656667 0.021667 0.090000
2 0.449167 0.718333 0.017500 0.116667
2 0.655833 0.676667 0.010000 0.031667
3 0.295833 0.285000 0.008333 0.016667
3 0.648333 0.345000 0.007500 0.015000
2 0.576667 0.613333 0.020833 0.080000
2 0.721667 0.610000 0.017500 0.116667
3 0.705833 0.723333 0.009167 0.018333
3 0.321667 0.386667 0.017500 0.031667
3 0.350833 0.333333 0.010000 0.020000
2 0.368333 0.398333 0.011667 0.025000
2 0.630833 0.396667 0.023333 0.041667
3 0.698333 0.691667 0.009167 0.023333
2 0.542500 0.706667 0.034167 0.100000
2 0.503333 0.746667 0.022500 0.023333
2 0.478333 0.330000 0.026667 0.035000
3 0.641667 0.623333 0.007500 0.015000
2 0.644167 0.420000 0.014167 0.015000
3 0.585000 0.613333 0.007500 0.015000
2 0.247500 0.401667 0.026667 0.035000
2 0.519167 0.283333 0.029167 0.038333
3 0.676667 0.668333 0.011667 0.030000
3 0.523333 0.683333 0.013333 0.031667
2 0.420833 0.778333 0.013333 0.070000
2 0.437500 0.348333 0.021667 0.090000
3 0.492500 0.780000 0.007500 0.016667
3 0.555000 0.658333 0.017500 0.031667
2 0.365833 0.815000 0.030833 0.051667
2 0.575833 0.435000 0.027500 0.016667
3 0.240833 0.220000 0.010833 0.013333
3 0.460000 0.718333 0.009167 0.023333
2 0.410000 0.390000 0.030833 0.051667
2 0.304167 0.721667 0.048333 0.043333
2 0.503333 0.710000 0.034167 0.038333
2 0.343333 0.271667 0.058333 0.076667
2 0.271667 0.665000 0.097500 0.053333
3 0.476667 0.803333 0.007500 0.015000
2 0.518333 0.726667 0.020833 0.080000
3 0.310833 0.605000 0.009167 0.015000
2 0.325833 0.393333 0.010833 0.091667
3 0.565000 0.748333 0.010833 0.023333
3 0.690833 0.678333 0.009167 0.016667
3 0.306667 0.788333 0.008333 0.016667
2 0.690833 0.386667 0.009167 0.031667
2 0.440833 0.746667 0.009167 0.031667
3 0.464167 0.688333 0.010000 0.016667
3 0.521667 0.668333 0.007500 0.015000
2 0.516667 0.358333 0.023333 0.106667
3 0.651667 0.655000 0.008333 0.016667
2 0.798333 0.343333 0.020000 0.021667
2 0.635000 0.366667 0.048333 0.043333
3 0.282500 0.400000 0.007500 0.015000
2 0.462500 0.303333 0.011667 0.025000
2 0.457500 0.343333 0.010000 0.031667
3 0.679167 0.376667 0.009167 0.016667
2 0.525000 0.663333 0.009167 0.040000
3 0.670000 0.640000 0.009167 0.018333
2 0.250000 0.211667 0.019167 0.046667
3 0.425833 0.356667 0.013333 0.015000
3 0.571667 0.276667 0.006667 0.018333
2 0.787500 0.430000 0.013333 0.070000
3 0.259167 0.316667 0.007500 0.015000
3 0.760000 0.611667 0.009167 0.023333
2 0.579167 0.466667 0.021667 0.090000
2 0.747500 0.366667 0.027500 0.016667
2 0.705000 0.440000 0.020833 0.028333
2 0.540000 0.190000 0.027500 0.016667
2 0.753333 0.333333 0.027500 0.016667
3 0.510000 0.345000 0.007500 0.018333
3 0.324167 0.371667 0.009167 0.023333
3 0.642500 0.350000 0.006667 0.018333
2 0.257500 0.725000 0.029167 0.038333
2 0.514167 0.350000 0.045833 0.021667
3 0.751667 0.716667 0.010833 0.023333
3 0.540000 0.723333 0.010000 0.020000
3 0.661667 0.391667 0.009167 0.023333
3 0.530833 0.998333 0.009167 0.001667
3 0.319167 0.341667 0.007500 0.015000
2 0.335833 0.236667 0.011667 0.066667
2 0.313333 0.300000 0.026667 0.035000
3 0.808333 0.901667 0.008333 0.016667
3 0.695000 0.651667 0.010833 0.013333
3 0.646667 0.398333 0.007500 0.015000
3 0.753333 0.648333 0.010000 0.020000
2 0.495000 0.363333 0.010833 0.091667
3 0.555000 0.998333 0.009167 0.001667
3 0.775000 0.693333 0.009167 0.023333
2 0.454167 0.895000 0.020833 0.080000
2 0.783333 0.373333 0.020833 0.080000
2 0.812500 0.710000 0.010000 0.031667
3 0.640000 0.368333 0.017500 0.031667
3 0.288333 0.711667 0.010833 0.023333
2 0.460000 0.860000 0.019167 0.046667
2 0.531667 0.350000 0.011667 0.025000
2 0.621667 0.598333 0.058333 0.076667
2 0.474167 0.320000 0.020000 0.021667
3 0.440000 0.378333 0.009167 0.016667
3 0.308333 0.788333 0.014167 0.025000
3 0.349167 0.838333 0.009167 0.016667
2 0.249167 0.313333 0.027500 0.016667
2 0.320000 0.426667 0.030833 0.051667
2 0.296667 0.366667 0.015833 0.068333
2 0.801667 0.411667 0.011667 0.025000
3 0.717500 0.373333 0.011667 0.030000
2 0.734167 0.678333 0.010833 0.091667
3 0.355833 0.610000 0.013333 0.015000
2 0.748333 0.318333 0.015833 0.068333
3 0.810000 0.400000 0.009167 0.016667
2 0.800000 0.380000 0.035000 0.105000
2 0.690000 0.743333 0.034167 0.100000
2 0.723333 0.715000 0.020000 0.021667
2 0.541667 0.600000 0.020833 0.080000
3 0.715000 0.231667 0.007500 0.015000
2 0.446667 0.398333 0.023333 0.041667
2 0.367500 0.750000 0.034167 0.038333
3 0.785833 0.368333 0.007500 0.015000
3 0.285833 0.303333 0.009167 0.016667
2 0.718333 0.698333 0.010833 0.091667
2 0.595000 0.755000 0.023333 0.041667
3 0.359167 0.253333 0.007500 0.018333
3 0.287500 0.720000 0.007500 0.018333
2 0.640000 0.341667 0.011667 0.025000
2 0.635000 0.318333 0.020833 0.080000
3 0.698333 0.678333 0.009167 0.016667
2 0.295000 0.676667 0.010000 0.031667
2 0.187500 0.361667 0.020833 0.080000
2 0.236667 0.328333 0.011667 0.025000
3 0.781667 0.648333 0.007500 0.018333
2 0.759167 0.305000 0.029167 0.038333
3 0.682500 0.370000 0.014167 0.025000
2 0.375000 0.700000 0.023333 0.106667
2 0.414167 0.350000 0.020000 0.021667
3 0.695000 0.680000 0.008333 0.016667
3 0.530000 0.356667 0.015833 0.051667
2 0.795833 0.341667 0.020833 0.080000
3 0.540000 0.353333 0.007500 0.016667
3 0.755000 0.608333 0.007500 0.016667
2 0.697500 0.646667 0.048333 0.025000
2 0.744167 0.675000 0.035000 0.105000
3 0.477500 0.618333 0.007500 0.018333
2 0.680000 0.441667 0.010000 0.031667
2 0.430833 0.738333 0.020833 0.028333
3 0.666667 0.351667 0.008333 0.016667
2 0.413333 0.830000 0.020833 0.028333
2 0.704167 0.306667 0.009167 0.040000
2 0.312500 0.335000 0.011667 0.025000
3 0.275833 0.391667 0.007500 0.015000
2 0.559167 0.745000 0.034167 0.100000
3 0.410833 0.678333 0.007500 0.018333
2 0.275000 0.663333 0.010000 0.031667
3 0.326667 0.381667 0.007500 0.015000
3 0.535000 0.390000 0.011667 0.030000
2 0.717500 0.663333 0.029167 0.038333
3 0.568333 0.671667 0.015833 0.051667
2 0.675000 0.408333 0.027500 0.016667
3 0.570833 0.276667 0.008333 0.016667
3 0.681667 0.388333 0.008333 0.016667
2 0.301667 0.730000 0.022500 0.023333
3 0.334167 0.651667 0.007500 0.018333
2 0.656667 0.390000 0.017500 0.116667
3 0.387500 0.763333 0.007500 0.015000
2 0.743333 0.598333 0.058333 0.076667
2 0.727500 0.706667 0.015833 0.068333
3 0.316667 0.371667 0.007500 0.015000
3 0.360833 0.720000 0.009167 0.016667
3 0.644167 0.428333 0.006667 0.018333
3 0.698333 0.631667 0.009167 0.016667
3 0.796667 0.623333 0.009167 0.016667
3 0.775833 0.380000 0.008333 0.016667
2 0.665000 0.323333 0.019167 0.046667
3 0.696667 0.665000 0.011667 0.020000
3 0.477500 0.701667 0.013333 0.015000
3 0.350833 0.333333 0.010000 0.020000
2 0.761667 0.586667 0.029167 0.038333
2 0.627500 0.353333 0.014167 0.015000
3 0.501667 0.396667 0.008333 0.016667
3 0.754167 0.370000 0.006667 0.018333
3 0.240000 0.386667 0.013333 0.015000
3 0.252500 0.773333 0.017500 0.031667
2 0.605833 0.305000 0.011667 0.025000
2 0.468333 0.240000 0.017500 0.116667
3 0.540833 0.341667 0.011667 0.020000
2 0.460000 0.658333 0.011667 0.025000
