4 0.880000 0.460000 0.081667 0.111667
4 0.842500 0.585000 0.100833 0.055000
4 0.857500 0.648333 0.053333 0.066667
4 0.777500 0.410000 0.194167 0.416667
4 0.853333 0.361667 0.075833 0.040000
4 0.835833 0.621667 0.145000 0.041667
4 0.785000 0.423333 0.257500 0.108333
4 0.838333 0.613333 0.080000 0.065000
4 0.814167 0.705000 0.137500 0.243333
4 0.824167 0.555000 0.042500 0.026667
4 0.767500 0.526667 0.130833 0.083333
4 0.761667 0.503333 0.106667 0.070000
4 0.148333 0.480000 0.080000 0.048333
4 0.240833 0.480000 0.085000 0.108333
4 0.420000 0.541667 0.098333 0.043333
4 0.143333 0.536667 0.051667 0.025000
4 0.750000 0.508333 0.045000 0.025000
4 0.425833 0.496667 0.060000 0.043333
4 0.120833 0.541667 0.092500 0.051667
4 0.472500 0.466667 0.056667 0.095000
3 0.515833 0.550000 0.008333 0.016667
2 0.496667 0.526667 0.021667 0.090000
3 0.041667 0.581667 0.009167 0.016667
3 0.167500 0.556667 0.009167 0.016667
3 0.763333 0.501667 0.006667 0.018333
2 0.561667 0.570000 0.048333 0.025000
2 0.645000 0.486667 0.027500 0.016667
3 0.195833 0.590000 0.010833 0.023333
2 0.825833 0.645000 0.011667 0.066667
3 0.173333 0.586667 0.011667 0.030000
3 0.029167 0.570000 0.010000 0.016667
3 0.102500 0.586667 0.007500 0.016667
2 0.030833 0.571667 0.023333 0.041667
2 0.271667 0.560000 0.048333 0.025000
3 0.125833 0.548333 0.013333 0.031667
2 0.160000 0.455000 0.027500 0.016667
3 0.483333 0.415000 0.013333 0.031667
3 0.046667 0.528333 0.009167 0.023333
3 0.295000 0.585000 0.008333 0.021667
3 0.468333 0.595000 0.008333 0.016667
2 0.453333 0.523333 0.034167 0.038333
3 0.409167 0.583333 0.009167 0.023333
3 0.311667 0.586667 0.007500 0.018333
3 0.110000 0.590000 0.008333 0.016667
2 0.130833 0.558333 0.029167 0.038333
2 0.606667 0.428333 0.020833 0.028333
2 0.565833 0.583333 0.020000 0.021667
2 0.690000 0.511667 0.023333 0.106667
3 0.189167 0.565000 0.007500 0.015000
2 0.427500 0.563333 0.022500 0.023333
3 0.053333 0.490000 0.011667 0.030000
2 0.205833 0.578333 0.034167 0.100000
3 0.764167 0.461667 0.008333 0.016667
2 0.675833 0.465000 0.011667 0.025000
3 0.410833 0.550000 0.015833 0.051667
2 0.204167 0.445000 0.017500 0.116667
3 0.240833 0.545000 0.007500 0.016667
2 0.020833 0.490000 0.041667 0.053333
3 0.103333 0.473333 0.007500 0.018333
2 0.632500 0.515000 0.021667 0.090000
3 0.687500 0.578333 0.007500 0.015000
2 0.410833 0.611667 0.010833 0.091667
3 0.143333 0.451667 0.007500 0.015000
3 0.020000 0.546667 0.011667 0.020000
3 0.579167 0.468333 0.009167 0.018333
3 0.697500 0.503333 0.010833 0.023333
2 0.684167 0.466667 0.048333 0.025000
3 0.399167 0.560000 0.007500 0.015000
2 0.581667 0.455000 0.034167 0.038333
2 0.349167 0.576667 0.011667 0.025000
3 0.640000 0.451667 0.011667 0.020000
3 0.069167 0.528333 0.006667 0.018333
2 0.533333 0.460000 0.017500 0.116667
2 0.680833 0.528333 0.010833 0.091667
3 0.662500 0.563333 0.017500 0.031667
3 0.490000 0.420000 0.009167 0.015000
2 0.395833 0.530000 0.010833 0.091667
3 0.709167 0.548333 0.010833 0.013333
2 0.498333 0.525000 0.030833 0.051667
2 0.206667 0.461667 0.014167 0.015000
2 0.521667 0.508333 0.017500 0.116667
2 0.075000 0.595000 0.034167 0.100000
2 0.792500 0.571667 0.058333 0.076667
3 0.157500 0.463333 0.009167 0.016667
3 0.731667 0.466667 0.013333 0.015000
3 0.262500 0.551667 0.010000 0.016667
2 0.290833 0.491667 0.020833 0.080000
2 0.116667 0.596667 0.034167 0.100000
3 0.195000 0.500000 0.013333 0.031667
3 0.388333 0.526667 0.009167 0.016667
3 0.280000 0.488333 0.010833 0.023333
2 0.659167 0.501667 0.013333 0.070000
3 0.168333 0.451667 0.007500 0.015000
2 0.410000 0.528333 0.048333 0.025000
2 0.355833 0.470000 0.048333 0.043333
3 0.123333 0.506667 0.013333 0.031667
2 0.284167 0.541667 0.010000 0.031667
3 0.478333 0.495000 0.010000 0.020000
3 0.168333 0.463333 0.007500 0.015000
2 0.270000 0.581667 0.026667 0.035000
2 0.494167 0.463333 0.019167 0.046667
2 0.155833 0.503333 0.019167 0.046667
2 0.374167 0.580000 0.048333 0.043333
2 0.659167 0.511667 0.011667 0.066667
3 0.333333 0.450000 0.008333 0.016667
3 0.110000 0.578333 0.009167 0.015000
2 0.350000 0.451667 0.058333 0.076667
3 0.553333 0.523333 0.009167 0.016667
2 0.521667 0.548333 0.045833 0.021667
3 0.215833 0.523333 0.017500 0.031667
2 0.349167 0.580000 0.021667 0.090000
2 0.475833 0.511667 0.048333 0.025000
2 0.541667 0.515000 0.048333 0.043333
2 0.802500 0.488333 0.034167 0.038333
2 0.671667 0.538333 0.035000 0.105000
2 0.783333 0.565000 0.021667 0.090000
3 0.381667 0.516667 0.006667 0.018333
2 0.220000 0.588333 0.030833 0.051667
3 0.046667 0.566667 0.014167 0.025000
3 0.821667 0.328333 0.010833 0.013333
2 0.728333 0.436667 0.020833 0.080000
2 0.362500 0.565000 0.048333 0.043333
3 0.481667 0.375000 0.007500 0.015000
3 0.722500 0.418333 0.009167 0.018333
2 0.460000 0.706667 0.027500 0.016667
2 0.730833 0.663333 0.048333 0.043333
3 0.489167 0.641667 0.008333 0.016667
3 0.455833 0.753333 0.007500 0.015000
2 0.512500 0.853333 0.023333 0.041667
2 0.410833 0.626667 0.058333 0.076667
3 0.571667 0.635000 0.008333 0.016667
3 0.826667 0.406667 0.014167 0.025000
3 0.485000 0.211667 0.008333 0.016667
3 0.225000 0.338333 0.011667 0.020000
2 0.243333 0.386667 0.045833 0.021667
2 0.740000 0.316667 0.022500 0.023333
3 0.652500 0.335000 0.008333 0.016667
2 0.664167 0.711667 0.014167 0.015000
2 0.750000 0.373333 0.026667 0.035000
2 0.497500 0.698333 0.035000 0.105000
2 0.277500 0.693333 0.019167 0.046667
3 0.551667 0.416667 0.007500 0.016667
3 0.258333 0.363333 0.010000 0.016667
3 0.483333 0.648333 0.006667 0.018333
3 0.735000 0.703333 0.007500 0.016667
3 0.325833 0.301667 0.008333 0.016667
2 0.550000 0.846667 0.021667 0.090000
3 0.315000 0.643333 0.007500 0.016667
3 0.572500 0.718333 0.007500 0.018333
3 0.804167 0.633333 0.013333 0.031667
3 0.625833 0.363333 0.006667 0.018333
3 0.723333 0.618333 0.008333 0.021667
2 0.416667 0.836667 0.014167 0.015000
2 0.756667 0.666667 0.010833 0.091667
2 0.693333 0.311667 0.097500 0.053333
3 0.505000 0.333333 0.008333 0.016667
2 0.175000 0.401667 0.010000 0.031667
3 0.275000 0.736667 0.017500 0.031667
3 0.795000 0.411667 0.017500 0.031667
2 0.415000 0.361667 0.029167 0.038333
2 0.340833 0.648333 0.017500 0.116667
3 0.695000 0.346667 0.007500 0.015000
3 0.634167 0.416667 0.017500 0.031667
2 0.390833 0.726667 0.058333 0.076667
2 0.608333 0.613333 0.097500 0.053333
3 0.292500 0.833333 0.008333 0.021667
2 0.795833 0.645000 0.023333 0.041667
3 0.670833 0.445000 0.015833 0.051667
2 0.243333 0.401667 0.013333 0.070000
2 0.414167 0.416667 0.022500 0.023333
2 0.718333 0.676667 0.026667 0.035000
2 0.651667 0.380000 0.014167 0.015000
2 0.744167 0.625000 0.019167 0.046667
3 0.570833 0.720000 0.010833 0.023333
2 0.688333 0.250000 0.029167 0.038333
3 0.313333 0.406667 0.009167 0.015000
2 0.649167 0.391667 0.045833 0.021667
3 0.309167 0.301667 0.013333 0.031667
3 0.533333 0.346667 0.009167 0.015000
3 0.439167 0.343333 0.010000 0.016667
2 0.505000 0.283333 0.034167 0.038333
2 0.221667 0.406667 0.030833 0.051667
2 0.245000 0.690000 0.097500 0.053333
3 0.582500 0.655000 0.008333 0.016667
3 0.448333 0.280000 0.013333 0.015000
3 0.779167 0.700000 0.007500 0.015000
2 0.721667 0.590000 0.015833 0.068333
2 0.315000 0.640000 0.020833 0.028333
3 0.614167 0.646667 0.009167 0.016667
3 0.421667 0.785000 0.010000 0.016667
2 0.438333 0.675000 0.034167 0.100000
2 0.795833 0.421667 0.013333 0.070000
2 0.779167 0.645000 0.019167 0.046667
2 0.681667 0.260000 0.058333 0.076667
2 0.414167 0.826667 0.009167 0.040000
3 0.765833 0.370000 0.010833 0.023333
2 0.706667 0.453333 0.034167 0.100000
2 0.378333 0.196667 0.097500 0.053333
3 0.474167 0.825000 0.009167 0.016667
2 0.790833 0.638333 0.009167 0.040000
3 0.709167 0.365000 0.011667 0.020000
3 0.338333 0.331667 0.007500 0.015000
3 0.621667 0.371667 0.009167 0.016667
3 0.732500 0.400000 0.013333 0.031667
2 0.332500 0.313333 0.048333 0.025000
2 0.555833 0.636667 0.015833 0.068333
3 0.691667 0.376667 0.007500 0.018333
2 0.715833 0.998333 0.015833 0.001667
2 0.697500 0.600000 0.045833 0.021667
3 0.280000 0.733333 0.008333 0.016667
3 0.730833 0.300000 0.007500 0.015000
3 0.792500 0.645000 0.013333 0.031667
2 0.339167 0.396667 0.009167 0.031667
2 0.300000 0.756667 0.020833 0.080000
2 0.635833 0.620000 0.048333 0.043333
3 0.290000 0.710000 0.007500 0.015000
2 0.313333 0.353333 0.026667 0.035000
3 0.700833 0.666667 0.007500 0.016667
2 0.467500 0.716667 0.058333 0.076667
2 0.514167 0.823333 0.010000 0.031667
3 0.296667 0.333333 0.014167 0.025000
2 0.260833 0.840000 0.048333 0.025000
2 0.747500 0.600000 0.034167 0.038333
3 0.660000 0.381667 0.007500 0.015000
2 0.704167 0.456667 0.023333 0.106667
2 0.538333 0.381667 0.034167 0.038333
3 0.710833 0.670000 0.007500 0.015000
2 0.700833 0.410000 0.010833 0.091667
2 0.680833 0.376667 0.020833 0.080000
2 0.428333 0.386667 0.022500 0.023333
2 0.696667 0.610000 0.034167 0.038333
3 0.834167 0.416667 0.007500 0.015000
2 0.232500 0.825000 0.023333 0.041667
3 0.734167 0.376667 0.008333 0.021667
3 0.715833 0.356667 0.010833 0.023333
3 0.305833 0.326667 0.008333 0.021667
3 0.318333 0.363333 0.011667 0.030000
2 0.350000 0.638333 0.013333 0.070000
2 0.699167 0.660000 0.011667 0.025000
3 0.433333 0.756667 0.009167 0.015000
2 0.723333 0.615000 0.035000 0.105000
3 0.356667 0.405000 0.008333 0.016667
3 0.399167 0.665000 0.017500 0.031667
2 0.680833 0.688333 0.011667 0.066667
2 0.786667 0.635000 0.020833 0.028333
3 0.317500 0.765000 0.009167 0.016667
3 0.356667 0.250000 0.013333 0.015000
3 0.492500 0.761667 0.010000 0.016667
3 0.375833 0.676667 0.008333 0.016667
3 0.399167 0.650000 0.010833 0.013333
3 0.716667 0.356667 0.009167 0.016667
3 0.445833 0.665000 0.013333 0.031667
3 0.542500 0.213333 0.011667 0.030000
3 0.697500 0.768333 0.007500 0.018333
2 0.315833 0.788333 0.010000 0.031667
3 0.365000 0.701667 0.007500 0.018333
2 0.647500 0.361667 0.029167 0.038333
2 0.604167 0.296667 0.009167 0.040000
3 0.750000 0.670000 0.009167 0.016667
3 0.680833 0.385000 0.009167 0.015000
3 0.638333 0.420000 0.008333 0.016667
2 0.467500 0.370000 0.014167 0.015000
2 0.676667 0.290000 0.026667 0.035000
3 0.605833 0.341667 0.014167 0.025000
3 0.483333 0.260000 0.013333 0.031667
3 0.796667 0.400000 0.008333 0.016667
2 0.218333 0.288333 0.019167 0.046667
3 0.764167 0.638333 0.013333 0.015000
3 0.390000 0.378333 0.010833 0.013333
2 0.701667 0.276667 0.017500 0.116667
3 0.574167 0.663333 0.007500 0.015000
3 0.350000 0.286667 0.017500 0.031667
3 0.476667 0.805000 0.008333 0.016667
2 0.656667 0.725000 0.013333 0.070000
2 0.730833 0.698333 0.034167 0.100000
3 0.347500 0.705000 0.010833 0.013333
3 0.692500 0.291667 0.015833 0.051667
2 0.665833 0.651667 0.011667 0.066667
3 0.339167 0.730000 0.008333 0.016667
3 0.660000 0.433333 0.010833 0.013333
2 0.770833 0.351667 0.011667 0.025000
2 0.220000 0.306667 0.020833 0.080000
2 0.592500 0.153333 0.011667 0.025000
3 0.775000 0.708333 0.010833 0.013333
3 0.473333 0.243333 0.008333 0.016667
3 0.609167 0.390000 0.010000 0.020000
2 0.565833 0.631667 0.020000 0.021667
2 0.700833 0.731667 0.021667 0.090000
3 0.679167 0.591667 0.009167 0.016667
3 0.481667 0.646667 0.010000 0.016667
2 0.326667 0.406667 0.023333 0.106667
3 0.742500 0.346667 0.009167 0.016667
2 0.493333 0.398333 0.009167 0.031667
2 0.173333 0.430000 0.013333 0.070000
2 0.639167 0.410000 0.015833 0.068333
2 0.331667 0.396667 0.034167 0.100000
3 0.570833 0.696667 0.008333 0.016667
2 0.539167 0.731667 0.010000 0.031667
2 0.820833 0.370000 0.009167 0.040000
2 0.702500 0.446667 0.048333 0.025000
2 0.824167 0.438333 0.020833 0.080000
2 0.722500 0.838333 0.034167 0.100000
2 0.670000 0.255000 0.020000 0.021667
2 0.273333 0.661667 0.022500 0.023333
2 0.339167 0.296667 0.011667 0.025000
2 0.585000 0.751667 0.023333 0.106667
2 0.536667 0.998333 0.045833 0.001667
3 0.437500 0.816667 0.017500 0.031667
3 0.699167 0.256667 0.007500 0.015000
2 0.311667 0.455000 0.014167 0.015000
2 0.518333 0.403333 0.027500 0.016667
2 0.642500 0.338333 0.015833 0.068333
2 0.285833 0.785000 0.022500 0.023333
2 0.801667 0.635000 0.015833 0.068333
3 0.585833 0.371667 0.009167 0.016667
2 0.649167 0.396667 0.029167 0.038333
3 0.791667 0.418333 0.009167 0.016667
2 0.366667 0.316667 0.035000 0.105000
2 0.732500 0.656667 0.027500 0.016667
3 0.800000 0.400000 0.009167 0.015000
