4 0.800833 0.355000 0.113333 0.088333
4 0.867500 0.485000 0.052500 0.071667
4 0.837500 0.493333 0.053333 0.106667
4 0.850000 0.543333 0.092500 0.128333
4 0.850833 0.466667 0.049167 0.046667
4 0.800000 0.631667 0.104167 0.078333
4 0.850833 0.656667 0.086667 0.026667
4 0.837500 0.583333 0.180000 0.056667
4 0.845833 0.473333 0.070000 0.131667
4 0.855833 0.493333 0.120000 0.211667
4 0.655000 0.546667 0.087500 0.035000
4 0.685000 0.468333 0.105000 0.063333
4 0.536667 0.500000 0.083333 0.033333
4 0.523333 0.598333 0.093333 0.125000
4 0.328333 0.518333 0.071667 0.028333
4 0.353333 0.650000 0.111667 0.206667
4 0.556667 0.591667 0.040833 0.105000
4 0.369167 0.553333 0.068333 0.140000
4 0.425833 0.596667 0.064167 0.145000
4 0.696667 0.396667 0.166667 0.230000
2 0.153333 0.551667 0.048333 0.025000
3 0.446667 0.470000 0.011667 0.030000
3 0.270833 0.565000 0.010833 0.023333
2 0.121667 0.513333 0.020833 0.080000
3 0.470833 0.468333 0.007500 0.015000
3 0.645833 0.570000 0.007500 0.018333
3 0.586667 0.470000 0.011667 0.030000
3 0.142500 0.488333 0.017500 0.031667
2 0.466667 0.485000 0.013333 0.070000
2 0.211667 0.543333 0.015833 0.068333
2 0.169167 0.536667 0.029167 0.038333
2 0.344167 0.496667 0.010833 0.091667
2 0.726667 0.518333 0.017500 0.116667
3 0.825000 0.606667 0.008333 0.016667
2 0.625833 0.575000 0.020833 0.080000
2 0.132500 0.516667 0.020833 0.080000
3 0.404167 0.591667 0.013333 0.031667
3 0.104167 0.556667 0.007500 0.016667
3 0.449167 0.601667 0.015833 0.051667
2 0.200833 0.560000 0.020833 0.080000
2 0.462500 0.521667 0.013333 0.070000
2 0.195833 0.435000 0.035000 0.105000
2 0.475000 0.498333 0.045833 0.021667
3 0.753333 0.480000 0.013333 0.031667
3 0.726667 0.576667 0.009167 0.016667
2 0.796667 0.528333 0.058333 0.076667
3 0.814167 0.511667 0.009167 0.015000
2 0.536667 0.476667 0.026667 0.035000
2 0.633333 0.461667 0.097500 0.053333
2 0.522500 0.575000 0.010833 0.091667
2 0.350833 0.498333 0.020833 0.080000
3 0.720833 0.531667 0.009167 0.015000
2 0.317500 0.628333 0.010833 0.091667
2 0.718333 0.556667 0.097500 0.053333
3 0.682500 0.583333 0.007500 0.018333
2 0.044167 0.558333 0.023333 0.106667
2 0.440000 0.536667 0.048333 0.025000
3 0.785000 0.503333 0.009167 0.016667
3 0.039167 0.531667 0.017500 0.031667
2 0.655000 0.488333 0.010000 0.031667
3 0.627500 0.556667 0.009167 0.015000
3 0.238333 0.571667 0.009167 0.016667
2 0.400000 0.555000 0.027500 0.016667
3 0.743333 0.463333 0.017500 0.031667
2 0.294167 0.466667 0.048333 0.043333
2 0.353333 0.545000 0.014167 0.015000
2 0.134167 0.501667 0.026667 0.035000
3 0.674167 0.543333 0.007500 0.015000
2 0.398333 0.510000 0.097500 0.053333
3 0.359167 0.535000 0.008333 0.016667
3 0.516667 0.531667 0.006667 0.018333
2 0.360833 0.541667 0.035000 0.105000
2 0.233333 0.528333 0.022500 0.023333
3 0.163333 0.561667 0.009167 0.015000
2 0.228333 0.505000 0.021667 0.090000
3 0.393333 0.526667 0.010833 0.013333
3 0.450833 0.510000 0.008333 0.016667
2 0.379167 0.526667 0.014167 0.015000
3 0.185833 0.556667 0.010000 0.020000
3 0.491667 0.593333 0.011667 0.030000
2 0.792500 0.538333 0.019167 0.046667
2 0.205833 0.520000 0.010000 0.031667
3 0.742500 0.558333 0.009167 0.018333
3 0.340833 0.441667 0.008333 0.016667
2 0.723333 0.583333 0.048333 0.025000
2 0.505000 0.488333 0.022500 0.023333
2 0.820000 0.561667 0.010000 0.031667
2 0.640833 0.465000 0.045833 0.021667
3 0.737500 0.571667 0.009167 0.016667
3 0.121667 0.473333 0.009167 0.016667
2 0.272500 0.473333 0.020833 0.080000
3 0.019167 0.523333 0.009167 0.016667
2 0.610833 0.556667 0.011667 0.025000
3 0.653333 0.553333 0.008333 0.016667
3 0.349167 0.593333 0.007500 0.016667
3 0.700833 0.458333 0.007500 0.018333
2 0.731667 0.451667 0.011667 0.066667
3 0.601667 0.568333 0.009167 0.018333
3 0.625000 0.545000 0.008333 0.016667
3 0.070833 0.565000 0.015833 0.051667
3 0.808333 0.446667 0.009167 0.016667
2 0.595000 0.548333 0.020000 0.021667
2 0.299167 0.465000 0.022500 0.023333
2 0.415833 0.463333 0.009167 0.031667
2 0.785000 0.553333 0.048333 0.043333
2 0.400833 0.495000 0.013333 0.070000
3 0.404167 0.573333 0.011667 0.030000
3 0.325833 0.585000 0.006667 0.018333
2 0.530000 0.508333 0.048333 0.025000
3 0.291667 0.471667 0.008333 0.016667
2 0.372500 0.575000 0.020833 0.080000
3 0.335833 0.496667 0.008333 0.021667
2 0.619167 0.520000 0.034167 0.038333
3 0.082500 0.540000 0.009167 0.018333
3 0.812500 0.528333 0.008333 0.016667
2 0.170833 0.580000 0.020833 0.028333
3 0.545000 0.475000 0.009167 0.018333
3 0.165833 0.613333 0.015833 0.051667
3 0.340000 0.613333 0.008333 0.016667
2 0.144167 0.601667 0.023333 0.106667
2 0.704167 0.543333 0.048333 0.025000
2 0.652500 0.520000 0.048333 0.025000
2 0.695000 0.360000 0.015833 0.068333
2 0.447500 0.690000 0.010833 0.091667
2 0.343333 0.665000 0.011667 0.025000
3 0.392500 0.705000 0.009167 0.018333
3 0.460833 0.863333 0.007500 0.015000
2 0.265000 0.353333 0.023333 0.106667
2 0.225000 0.700000 0.011667 0.025000
2 0.454167 0.713333 0.027500 0.016667
2 0.165833 0.381667 0.017500 0.116667
3 0.545000 0.645000 0.011667 0.020000
3 0.735000 0.721667 0.008333 0.016667
3 0.454167 0.835000 0.008333 0.021667
3 0.495833 0.715000 0.007500 0.015000
3 0.294167 0.285000 0.010833 0.023333
3 0.237500 0.228333 0.017500 0.031667
2 0.519167 0.641667 0.097500 0.053333
2 0.338333 0.730000 0.034167 0.038333
2 0.339167 0.720000 0.009167 0.031667
2 0.686667 0.730000 0.027500 0.016667
3 0.432500 0.655000 0.009167 0.018333
2 0.475000 0.340000 0.022500 0.023333
3 0.476667 0.618333 0.009167 0.016667
3 0.674167 0.316667 0.009167 0.015000
2 0.452500 0.913333 0.020833 0.080000
2 0.500833 0.336667 0.020833 0.080000
3 0.460833 0.715000 0.007500 0.016667
3 0.725000 0.606667 0.010000 0.016667
2 0.482500 0.746667 0.020833 0.080000
3 0.470833 0.356667 0.007500 0.015000
2 0.433333 0.725000 0.048333 0.043333
3 0.698333 0.258333 0.010000 0.016667
3 0.639167 0.355000 0.009167 0.016667
3 0.312500 0.391667 0.013333 0.015000
3 0.707500 0.685000 0.011667 0.020000
3 0.726667 0.428333 0.008333 0.016667
2 0.532500 0.741667 0.022500 0.023333
3 0.744167 0.781667 0.013333 0.031667
3 0.679167 0.338333 0.009167 0.015000
3 0.451667 0.266667 0.013333 0.015000
3 0.683333 0.430000 0.010833 0.023333
2 0.440000 0.680000 0.020833 0.080000
2 0.704167 0.646667 0.017500 0.116667
3 0.538333 0.268333 0.011667 0.020000
2 0.383333 0.698333 0.048333 0.025000
2 0.790000 0.753333 0.013333 0.070000
2 0.420000 0.338333 0.048333 0.043333
3 0.706667 0.641667 0.008333 0.016667
3 0.751667 0.315000 0.007500 0.016667
2 0.515833 0.388333 0.022500 0.023333
2 0.636667 0.620000 0.017500 0.116667
2 0.714167 0.431667 0.048333 0.043333
3 0.494167 0.165000 0.010833 0.023333
2 0.286667 0.251667 0.097500 0.053333
3 0.661667 0.383333 0.009167 0.018333
3 0.848333 0.325000 0.008333 0.016667
3 0.286667 0.151667 0.013333 0.015000
2 0.477500 0.725000 0.009167 0.040000
3 0.748333 0.606667 0.006667 0.018333
2 0.401667 0.675000 0.020833 0.028333
2 0.485833 0.261667 0.035000 0.105000
2 0.309167 0.230000 0.045833 0.021667
3 0.295000 0.866667 0.011667 0.030000
3 0.708333 0.371667 0.015833 0.051667
2 0.757500 0.393333 0.048333 0.025000
2 0.528333 0.390000 0.010833 0.091667
2 0.212500 0.635000 0.020833 0.080000
3 0.468333 0.785000 0.007500 0.018333
2 0.464167 0.708333 0.020000 0.021667
2 0.588333 0.315000 0.058333 0.076667
2 0.422500 0.321667 0.034167 0.038333
2 0.680833 0.676667 0.010833 0.091667
2 0.804167 0.430000 0.020833 0.080000
2 0.335000 0.758333 0.026667 0.035000
3 0.390833 0.766667 0.010833 0.013333
3 0.732500 0.660000 0.009167 0.023333
2 0.415833 0.723333 0.010000 0.031667
2 0.555000 0.998333 0.009167 0.001667
2 0.290833 0.248333 0.011667 0.066667
2 0.568333 0.661667 0.020000 0.021667
2 0.227500 0.643333 0.023333 0.106667
2 0.695000 0.635000 0.011667 0.066667
3 0.248333 0.400000 0.007500 0.018333
3 0.515833 0.635000 0.011667 0.020000
3 0.691667 0.616667 0.009167 0.015000
3 0.392500 0.376667 0.009167 0.016667
3 0.529167 0.291667 0.010000 0.016667
2 0.236667 0.886667 0.020833 0.080000
2 0.332500 0.606667 0.048333 0.043333
3 0.425000 0.665000 0.009167 0.016667
3 0.680833 0.335000 0.017500 0.031667
2 0.711667 0.653333 0.048333 0.025000
2 0.648333 0.400000 0.015833 0.068333
2 0.243333 0.713333 0.058333 0.076667
2 0.790833 0.655000 0.010000 0.031667
3 0.556667 0.321667 0.011667 0.020000
2 0.789167 0.430000 0.010833 0.091667
2 0.303333 0.396667 0.027500 0.016667
2 0.694167 0.281667 0.022500 0.023333
3 0.643333 0.385000 0.017500 0.031667
2 0.788333 0.668333 0.026667 0.035000
3 0.674167 0.321667 0.009167 0.023333
2 0.626667 0.318333 0.045833 0.021667
2 0.795833 0.403333 0.020833 0.080000
2 0.458333 0.281667 0.058333 0.076667
2 0.249167 0.633333 0.045833 0.021667
2 0.320833 0.298333 0.048333 0.043333
3 0.705000 0.633333 0.017500 0.031667
2 0.551667 0.253333 0.013333 0.070000
3 0.765000 0.413333 0.008333 0.016667
2 0.693333 0.683333 0.034167 0.038333
3 0.676667 0.710000 0.009167 0.016667
3 0.792500 0.650000 0.007500 0.016667
3 0.555000 0.345000 0.008333 0.021667
2 0.630000 0.363333 0.011667 0.066667
3 0.530833 0.391667 0.006667 0.018333
3 0.713333 0.378333 0.009167 0.016667
3 0.715833 0.635000 0.015833 0.051667
3 0.803333 0.398333 0.006667 0.018333
2 0.333333 0.755000 0.010000 0.031667
2 0.501667 0.326667 0.023333 0.041667
2 0.265000 0.646667 0.014167 0.015000
3 0.475000 0.820000 0.011667 0.030000
3 0.313333 0.230000 0.010833 0.013333
2 0.620833 0.653333 0.027500 0.016667
2 0.278333 0.730000 0.030833 0.051667
2 0.450000 0.661667 0.020000 0.021667
2 0.761667 0.670000 0.011667 0.066667
3 0.629167 0.413333 0.007500 0.018333
3 0.690000 0.336667 0.007500 0.015000
2 0.745833 0.660000 0.097500 0.053333
3 0.287500 0.413333 0.009167 0.023333
3 0.550833 0.685000 0.017500 0.031667
2 0.564167 0.641667 0.022500 0.023333
3 0.285000 0.333333 0.007500 0.018333
3 0.728333 0.600000 0.007500 0.018333
2 0.815000 0.445000 0.023333 0.041667
3 0.767500 0.748333 0.007500 0.018333
3 0.350833 0.666667 0.011667 0.030000
2 0.332500 0.685000 0.034167 0.038333
3 0.691667 0.618333 0.010000 0.020000
2 0.480833 0.311667 0.011667 0.066667
3 0.334167 0.650000 0.008333 0.016667
3 0.575833 0.615000 0.008333 0.016667
2 0.494167 0.190000 0.045833 0.021667
3 0.665000 0.441667 0.013333 0.015000
3 0.538333 0.423333 0.006667 0.018333
3 0.786667 0.401667 0.008333 0.016667
3 0.581667 0.315000 0.010833 0.013333
2 0.767500 0.575000 0.009167 0.040000
2 0.330000 0.746667 0.010833 0.091667
2 0.675833 0.431667 0.014167 0.015000
2 0.432500 0.131667 0.034167 0.038333
3 0.551667 0.728333 0.008333 0.016667
2 0.453333 0.315000 0.013333 0.070000
2 0.730000 0.411667 0.020000 0.021667
2 0.509167 0.798333 0.009167 0.040000
2 0.275833 0.426667 0.020833 0.028333
3 0.713333 0.675000 0.008333 0.016667
3 0.273333 0.665000 0.007500 0.015000
2 0.564167 0.328333 0.097500 0.053333
2 0.261667 0.676667 0.021667 0.090000
3 0.223333 0.425000 0.007500 0.015000
2 0.474167 0.330000 0.013333 0.070000
2 0.628333 0.375000 0.048333 0.043333
3 0.737500 0.651667 0.010000 0.016667
3 0.791667 0.428333 0.008333 0.021667
2 0.677500 0.626667 0.020833 0.028333
3 0.654167 0.643333 0.009167 0.016667
3 0.167500 0.395000 0.014167 0.025000
2 0.509167 0.641667 0.019167 0.046667
3 0.789167 0.651667 0.015833 0.051667
2 0.736667 0.626667 0.097500 0.053333
2 0.631667 0.406667 0.023333 0.041667
3 0.289167 0.766667 0.007500 0.016667
3 0.359167 0.316667 0.008333 0.016667
2 0.627500 0.380000 0.029167 0.038333
2 0.385000 0.368333 0.011667 0.025000
3 0.454167 0.788333 0.009167 0.016667
2 0.619167 0.411667 0.045833 0.021667
3 0.622500 0.331667 0.017500 0.031667
2 0.544167 0.678333 0.020833 0.080000
3 0.281667 0.750000 0.009167 0.016667
2 0.713333 0.693333 0.020833 0.080000
3 0.680833 0.638333 0.009167 0.016667
2 0.405833 0.350000 0.097500 0.053333
3 0.480833 0.776667 0.009167 0.016667
2 0.650833 0.625000 0.015833 0.068333
3 0.343333 0.721667 0.013333 0.015000
3 0.503333 0.260000 0.011667 0.020000
2 0.313333 0.340000 0.010000 0.031667
2 0.530000 0.361667 0.010000 0.031667
2 0.575833 0.326667 0.023333 0.106667
2 0.185000 0.650000 0.010000 0.031667
2 0.460000 0.698333 0.048333 0.043333
3 0.442500 0.895000 0.010000 0.020000
3 0.453333 0.751667 0.013333 0.015000
2 0.248333 0.675000 0.020833 0.080000
3 0.318333 0.411667 0.007500 0.016667
