4 0.881667 0.681667 0.053333 0.086667
4 0.839167 0.550000 0.098333 0.041667
4 0.809167 0.478333 0.220833 0.093333
4 0.827500 0.408333 0.046667 0.110000
4 0.842500 0.460000 0.125000 0.131667
4 0.815833 0.528333 0.120833 0.030000
4 0.849167 0.581667 0.070000 0.031667
4 0.764167 0.640000 0.216667 0.128333
4 0.780833 0.430000 0.160000 0.130000
4 0.793333 0.695000 0.164167 0.223333
4 0.091667 0.573333 0.065833 0.131667
4 0.153333 0.528333 0.047500 0.043333
4 0.235833 0.448333 0.095000 0.133333
4 0.100000 0.518333 0.103333 0.060000
4 0.254167 0.598333 0.051667 0.115000
4 0.315000 0.515000 0.100833 0.061667
4 0.478333 0.470000 0.032500 0.050000
4 0.544167 0.575000 0.128333 0.133333
4 0.280000 0.601667 0.060833 0.118333
4 0.556667 0.536667 0.045833 0.043333
2 0.271667 0.565000 0.045833 0.021667
3 0.762500 0.536667 0.008333 0.016667
3 0.310833 0.460000 0.008333 0.016667
3 0.700000 0.470000 0.008333 0.016667
2 0.663333 0.513333 0.023333 0.106667
2 0.078333 0.455000 0.019167 0.046667
2 0.790833 0.458333 0.020833 0.080000
3 0.434167 0.598333 0.006667 0.018333
2 0.393333 0.496667 0.013333 0.070000
2 0.542500 0.535000 0.010833 0.091667
3 0.444167 0.606667 0.009167 0.018333
3 0.330833 0.460000 0.008333 0.016667
2 0.198333 0.578333 0.026667 0.035000
3 0.413333 0.498333 0.007500 0.018333
2 0.276667 0.540000 0.023333 0.106667
2 0.446667 0.473333 0.014167 0.015000
2 0.020833 0.461667 0.042500 0.025000
3 0.215000 0.503333 0.009167 0.016667
3 0.129167 0.501667 0.008333 0.016667
3 0.740833 0.558333 0.009167 0.016667
3 0.124167 0.451667 0.007500 0.015000
2 0.652500 0.531667 0.019167 0.046667
2 0.775000 0.531667 0.011667 0.025000
3 0.205833 0.468333 0.007500 0.015000
2 0.179167 0.533333 0.015833 0.068333
3 0.468333 0.443333 0.007500 0.018333
2 0.386667 0.545000 0.048333 0.043333
3 0.482500 0.396667 0.009167 0.018333
3 0.542500 0.485000 0.008333 0.016667
3 0.443333 0.506667 0.017500 0.031667
2 0.774167 0.580000 0.010000 0.031667
2 0.254167 0.521667 0.020833 0.080000
3 0.660833 0.573333 0.007500 0.015000
2 0.310833 0.505000 0.023333 0.041667
3 0.109167 0.555000 0.009167 0.016667
3 0.125000 0.585000 0.007500 0.015000
3 0.096667 0.468333 0.013333 0.031667
2 0.452500 0.588333 0.009167 0.040000
3 0.055833 0.501667 0.013333 0.015000
3 0.635833 0.455000 0.010833 0.013333
3 0.549167 0.506667 0.008333 0.016667
3 0.280833 0.525000 0.009167 0.015000
3 0.364167 0.516667 0.008333 0.021667
3 0.016667 0.526667 0.011667 0.030000
3 0.105000 0.470000 0.014167 0.025000
3 0.325833 0.553333 0.013333 0.031667
2 0.140000 0.545000 0.029167 0.038333
2 0.124167 0.451667 0.017500 0.116667
3 0.617500 0.586667 0.007500 0.018333
2 0.771667 0.531667 0.034167 0.100000
3 0.443333 0.555000 0.011667 0.030000
2 0.202500 0.558333 0.009167 0.040000
3 0.062500 0.561667 0.017500 0.031667
2 0.470000 0.535000 0.048333 0.043333
2 0.179167 0.476667 0.022500 0.023333
2 0.059167 0.571667 0.021667 0.090000
2 0.526667 0.510000 0.030833 0.051667
2 0.450833 0.521667 0.021667 0.090000
3 0.141667 0.553333 0.010000 0.020000
3 0.803333 0.583333 0.008333 0.016667
3 0.105000 0.558333 0.008333 0.016667
3 0.589167 0.546667 0.011667 0.020000
3 0.086667 0.565000 0.009167 0.016667
3 0.825833 0.598333 0.009167 0.015000
2 0.444167 0.546667 0.009167 0.031667
3 0.508333 0.510000 0.009167 0.016667
3 0.680833 0.503333 0.010000 0.020000
2 0.292500 0.533333 0.011667 0.066667
3 0.489167 0.495000 0.006667 0.018333
3 0.147500 0.451667 0.007500 0.015000
3 0.239167 0.583333 0.006667 0.018333
3 0.392500 0.530000 0.008333 0.016667
2 0.692500 0.578333 0.021667 0.090000
3 0.476667 0.588333 0.014167 0.025000
2 0.045833 0.516667 0.045833 0.021667
2 0.317500 0.545000 0.020000 0.021667
3 0.440833 0.491667 0.015833 0.051667
3 0.032500 0.495000 0.008333 0.016667
3 0.752500 0.483333 0.007500 0.015000
2 0.265833 0.528333 0.020833 0.028333
2 0.267500 0.460000 0.058333 0.076667
2 0.815833 0.538333 0.023333 0.041667
3 0.385833 0.536667 0.009167 0.016667
2 0.355833 0.561667 0.014167 0.015000
3 0.702500 0.545000 0.013333 0.031667
2 0.515833 0.536667 0.019167 0.046667
3 0.602500 0.610000 0.011667 0.020000
2 0.316667 0.478333 0.017500 0.116667
2 0.575833 0.525000 0.009167 0.040000
2 0.638333 0.498333 0.034167 0.038333
3 0.545833 0.535000 0.007500 0.015000
2 0.165000 0.420000 0.020833 0.080000
3 0.405000 0.526667 0.011667 0.020000
2 0.664167 0.491667 0.048333 0.043333
2 0.481667 0.541667 0.029167 0.038333
2 0.650000 0.440000 0.015833 0.068333
3 0.235833 0.466667 0.006667 0.018333
2 0.456667 0.435000 0.035000 0.105000
2 0.408333 0.443333 0.027500 0.016667
2 0.154167 0.490000 0.048333 0.025000
2 0.756667 0.533333 0.034167 0.038333
2 0.752500 0.451667 0.011667 0.025000
2 0.467500 0.316667 0.058333 0.076667
3 0.335833 0.383333 0.009167 0.016667
2 0.319167 0.333333 0.020833 0.080000
3 0.594167 0.160000 0.008333 0.016667
2 0.710833 0.696667 0.030833 0.051667
2 0.300000 0.390000 0.020000 0.021667
2 0.696667 0.385000 0.010833 0.091667
2 0.659167 0.351667 0.048333 0.025000
3 0.724167 0.611667 0.013333 0.015000
3 0.482500 0.211667 0.013333 0.031667
3 0.657500 0.355000 0.009167 0.015000
2 0.630833 0.661667 0.020833 0.028333
2 0.217500 0.778333 0.097500 0.053333
2 0.335833 0.648333 0.026667 0.035000
2 0.335833 0.763333 0.020833 0.028333
2 0.699167 0.630000 0.020833 0.080000
2 0.341667 0.635000 0.058333 0.076667
3 0.265000 0.800000 0.011667 0.030000
3 0.313333 0.408333 0.009167 0.016667
2 0.545833 0.411667 0.011667 0.025000
3 0.513333 0.421667 0.007500 0.016667
2 0.419167 0.350000 0.010000 0.031667
2 0.276667 0.790000 0.026667 0.035000
2 0.476667 0.455000 0.026667 0.035000
3 0.777500 0.703333 0.008333 0.016667
2 0.526667 0.385000 0.021667 0.090000
2 0.597500 0.628333 0.019167 0.046667
3 0.565833 0.688333 0.010000 0.020000
3 0.790000 0.335000 0.008333 0.021667
2 0.688333 0.351667 0.023333 0.041667
3 0.677500 0.715000 0.008333 0.021667
2 0.321667 0.596667 0.097500 0.053333
3 0.241667 0.860000 0.011667 0.030000
3 0.803333 0.635000 0.007500 0.015000
3 0.685000 0.641667 0.008333 0.016667
2 0.464167 0.870000 0.011667 0.025000
3 0.354167 0.285000 0.009167 0.023333
3 0.625000 0.365000 0.009167 0.018333
3 0.282500 0.711667 0.009167 0.016667
2 0.533333 0.446667 0.010833 0.091667
2 0.648333 0.611667 0.020833 0.080000
2 0.622500 0.678333 0.010833 0.091667
3 0.375000 0.320000 0.011667 0.020000
2 0.549167 0.711667 0.020833 0.080000
2 0.222500 0.633333 0.011667 0.025000
3 0.428333 0.811667 0.007500 0.015000
2 0.399167 0.365000 0.020833 0.028333
2 0.307500 0.261667 0.026667 0.035000
2 0.516667 0.623333 0.034167 0.038333
3 0.781667 0.376667 0.009167 0.016667
2 0.340000 0.353333 0.030833 0.051667
2 0.706667 0.716667 0.021667 0.090000
2 0.705000 0.630000 0.017500 0.116667
2 0.280000 0.461667 0.013333 0.070000
3 0.300000 0.276667 0.010833 0.013333
2 0.439167 0.355000 0.045833 0.021667
2 0.690833 0.308333 0.026667 0.035000
2 0.316667 0.756667 0.011667 0.025000
2 0.394167 0.788333 0.029167 0.038333
3 0.719167 0.638333 0.010833 0.023333
2 0.430000 0.380000 0.023333 0.106667
3 0.785833 0.371667 0.007500 0.018333
2 0.775833 0.635000 0.013333 0.070000
3 0.802500 0.366667 0.010833 0.013333
3 0.470833 0.333333 0.015833 0.051667
3 0.245000 0.356667 0.008333 0.016667
3 0.793333 0.423333 0.010000 0.020000
3 0.555000 0.641667 0.006667 0.018333
2 0.807500 0.385000 0.019167 0.046667
3 0.755000 0.310000 0.008333 0.016667
3 0.646667 0.436667 0.010833 0.013333
3 0.513333 0.421667 0.008333 0.016667
3 0.781667 0.600000 0.008333 0.016667
3 0.306667 0.403333 0.009167 0.018333
3 0.373333 0.678333 0.013333 0.031667
3 0.730833 0.301667 0.008333 0.016667
3 0.265833 0.388333 0.007500 0.015000
3 0.678333 0.596667 0.011667 0.030000
2 0.687500 0.646667 0.022500 0.023333
2 0.555000 0.686667 0.009167 0.040000
2 0.615000 0.341667 0.029167 0.038333
2 0.269167 0.725000 0.035000 0.105000
3 0.460833 0.863333 0.007500 0.015000
3 0.488333 0.380000 0.007500 0.018333
3 0.712500 0.363333 0.007500 0.015000
3 0.809167 0.643333 0.007500 0.016667
3 0.327500 0.680000 0.013333 0.031667
2 0.780833 0.406667 0.013333 0.070000
3 0.287500 0.720000 0.008333 0.016667
2 0.705833 0.588333 0.097500 0.053333
3 0.730000 0.611667 0.008333 0.016667
3 0.450000 0.351667 0.007500 0.015000
2 0.781667 0.683333 0.017500 0.116667
3 0.650833 0.391667 0.008333 0.016667
2 0.183333 0.393333 0.029167 0.038333
2 0.335000 0.331667 0.014167 0.015000
3 0.665833 0.385000 0.009167 0.023333
3 0.250000 0.333333 0.014167 0.025000
3 0.490833 0.295000 0.007500 0.016667
3 0.707500 0.665000 0.014167 0.025000
2 0.656667 0.640000 0.009167 0.040000
3 0.278333 0.725000 0.011667 0.030000
3 0.564167 0.663333 0.008333 0.016667
2 0.690000 0.606667 0.020000 0.021667
3 0.719167 0.655000 0.007500 0.016667
2 0.800000 0.635000 0.019167 0.046667
2 0.625833 0.643333 0.011667 0.025000
2 0.299167 0.633333 0.045833 0.021667
2 0.644167 0.645000 0.030833 0.051667
2 0.677500 0.665000 0.048333 0.043333
2 0.692500 0.288333 0.023333 0.106667
3 0.415000 0.845000 0.007500 0.015000
2 0.289167 0.186667 0.058333 0.076667
3 0.350000 0.660000 0.013333 0.015000
2 0.683333 0.615000 0.014167 0.015000
2 0.246667 0.383333 0.097500 0.053333
3 0.346667 0.388333 0.009167 0.018333
2 0.415000 0.825000 0.026667 0.035000
3 0.696667 0.655000 0.007500 0.018333
2 0.695833 0.298333 0.045833 0.021667
2 0.767500 0.340000 0.013333 0.070000
3 0.790000 0.403333 0.008333 0.016667
3 0.445000 0.138333 0.009167 0.015000
2 0.535833 0.675000 0.029167 0.038333
2 0.308333 0.636667 0.027500 0.016667
3 0.244167 0.703333 0.008333 0.016667
2 0.650000 0.411667 0.017500 0.116667
3 0.495000 0.341667 0.010000 0.016667
2 0.801667 0.635000 0.015833 0.068333
2 0.786667 0.396667 0.027500 0.016667
2 0.674167 0.250000 0.011667 0.025000
2 0.360833 0.648333 0.009167 0.040000
2 0.715000 0.456667 0.013333 0.070000
3 0.320000 0.350000 0.007500 0.016667
3 0.654167 0.621667 0.010000 0.016667
2 0.217500 0.368333 0.058333 0.076667
3 0.262500 0.376667 0.006667 0.018333
3 0.770833 0.405000 0.008333 0.016667
3 0.475833 0.815000 0.009167 0.016667
3 0.409167 0.390000 0.007500 0.018333
2 0.468333 0.251667 0.045833 0.021667
3 0.550000 0.728333 0.011667 0.020000
3 0.743333 0.805000 0.007500 0.015000
3 0.605000 0.731667 0.008333 0.016667
3 0.663333 0.398333 0.010833 0.023333
3 0.317500 0.763333 0.009167 0.016667
2 0.543333 0.690000 0.023333 0.106667
2 0.538333 0.226667 0.034167 0.038333
3 0.747500 0.308333 0.008333 0.016667
2 0.685000 0.636667 0.022500 0.023333
2 0.435000 0.730000 0.030833 0.051667
2 0.401667 0.688333 0.019167 0.046667
2 0.776667 0.353333 0.019167 0.046667
2 0.305000 0.790000 0.011667 0.066667
2 0.554167 0.656667 0.009167 0.031667
2 0.673333 0.643333 0.034167 0.100000
2 0.475000 0.636667 0.020000 0.021667
2 0.585833 0.636667 0.097500 0.053333
3 0.513333 0.826667 0.010833 0.023333
2 0.475833 0.220000 0.026667 0.035000
2 0.393333 0.816667 0.030833 0.051667
3 0.566667 0.735000 0.011667 0.020000
2 0.700000 0.655000 0.015833 0.068333
3 0.845000 0.328333 0.008333 0.021667
2 0.459167 0.695000 0.011667 0.066667
3 0.549167 0.193333 0.009167 0.016667
2 0.790000 0.753333 0.013333 0.070000
2 0.543333 0.690000 0.023333 0.106667
2 0.730000 0.396667 0.034167 0.038333
2 0.702500 0.635000 0.010000 0.031667
3 0.301667 0.285000 0.008333 0.021667
2 0.395833 0.380000 0.034167 0.038333
2 0.627500 0.636667 0.034167 0.038333
3 0.623333 0.358333 0.010833 0.013333
2 0.310000 0.261667 0.034167 0.038333
2 0.751667 0.620000 0.023333 0.106667
3 0.520833 0.670000 0.009167 0.018333
2 0.695000 0.350000 0.022500 0.023333
3 0.753333 0.623333 0.010000 0.016667
2 0.420000 0.681667 0.009167 0.031667
2 0.263333 0.636667 0.017500 0.116667
3 0.516667 0.330000 0.007500 0.015000
3 0.598333 0.575000 0.007500 0.015000
3 0.685833 0.368333 0.009167 0.016667
3 0.745833 0.613333 0.014167 0.025000
3 0.303333 0.398333 0.007500 0.018333
3 0.557500 0.323333 0.009167 0.023333
3 0.731667 0.363333 0.008333 0.016667
3 0.271667 0.410000 0.017500 0.031667
3 0.535000 0.411667 0.008333 0.016667
2 0.515833 0.386667 0.058333 0.076667
2 0.782500 0.723333 0.027500 0.016667
2 0.647500 0.380000 0.023333 0.041667
3 0.678333 0.623333 0.007500 0.018333
2 0.751667 0.380000 0.097500 0.053333
3 0.467500 0.783333 0.009167 0.016667
2 0.655000 0.655000 0.027500 0.016667
3 0.440000 0.376667 0.009167 0.018333
