4 0.814167 0.668333 0.052500 0.050000
4 0.730000 0.436667 0.248333 0.178333
4 0.910833 0.448333 0.032500 0.015000
4 0.841667 0.378333 0.081667 0.051667
4 0.740833 0.703333 0.286667 0.340000
4 0.786667 0.496667 0.280833 0.231667
4 0.857500 0.536667 0.059167 0.090000
4 0.823333 0.405000 0.072500 0.108333
4 0.810833 0.485000 0.085000 0.028333
4 0.831667 0.588333 0.072500 0.071667
4 0.075833 0.570000 0.106667 0.098333
4 0.210833 0.590000 0.157500 0.200000
4 0.057500 0.526667 0.070000 0.033333
4 0.438333 0.550000 0.070000 0.041667
4 0.130833 0.470000 0.172500 0.166667
4 0.758333 0.461667 0.091667 0.140000
4 0.046667 0.510000 0.093333 0.103333
4 0.764167 0.558333 0.044167 0.111667
4 0.078333 0.478333 0.075833 0.031667
4 0.602500 0.566667 0.117500 0.105000
2 0.269167 0.445000 0.020833 0.080000
3 0.470000 0.441667 0.011667 0.030000
3 0.071667 0.491667 0.007500 0.016667
2 0.107500 0.530000 0.023333 0.041667
3 0.574167 0.486667 0.008333 0.016667
3 0.173333 0.448333 0.011667 0.020000
3 0.304167 0.468333 0.007500 0.018333
2 0.354167 0.511667 0.011667 0.025000
2 0.436667 0.468333 0.015833 0.068333
3 0.695000 0.546667 0.008333 0.016667
2 0.200000 0.536667 0.030833 0.051667
2 0.193333 0.445000 0.023333 0.041667
2 0.757500 0.513333 0.021667 0.090000
2 0.187500 0.506667 0.020833 0.028333
3 0.590000 0.473333 0.010000 0.020000
2 0.752500 0.543333 0.019167 0.046667
2 0.343333 0.543333 0.020833 0.028333
2 0.139167 0.470000 0.020833 0.080000
3 0.137500 0.520000 0.007500 0.018333
2 0.378333 0.480000 0.023333 0.106667
3 0.490833 0.425000 0.017500 0.031667
3 0.019167 0.486667 0.017500 0.031667
3 0.528333 0.516667 0.011667 0.020000
3 0.524167 0.485000 0.009167 0.016667
3 0.214167 0.446667 0.011667 0.020000
2 0.760833 0.483333 0.029167 0.038333
2 0.126667 0.636667 0.010833 0.091667
3 0.431667 0.620000 0.007500 0.015000
3 0.738333 0.556667 0.011667 0.030000
2 0.743333 0.541667 0.034167 0.038333
3 0.153333 0.510000 0.013333 0.031667
3 0.260833 0.473333 0.007500 0.016667
3 0.116667 0.590000 0.008333 0.016667
2 0.778333 0.570000 0.097500 0.053333
2 0.336667 0.531667 0.058333 0.076667
3 0.203333 0.535000 0.007500 0.016667
3 0.178333 0.470000 0.007500 0.016667
2 0.536667 0.483333 0.020000 0.021667
3 0.319167 0.581667 0.010833 0.023333
3 0.344167 0.600000 0.006667 0.018333
3 0.436667 0.560000 0.008333 0.016667
2 0.060833 0.491667 0.034167 0.038333
3 0.659167 0.463333 0.014167 0.025000
3 0.433333 0.465000 0.007500 0.015000
2 0.649167 0.458333 0.048333 0.025000
2 0.321667 0.483333 0.034167 0.038333
2 0.200000 0.543333 0.030833 0.051667
3 0.804167 0.576667 0.010000 0.016667
2 0.554167 0.566667 0.034167 0.038333
2 0.295833 0.426667 0.015833 0.068333
2 0.063333 0.501667 0.058333 0.076667
2 0.804167 0.501667 0.015833 0.068333
3 0.195833 0.461667 0.014167 0.025000
3 0.608333 0.613333 0.008333 0.016667
2 0.233333 0.593333 0.045833 0.021667
3 0.158333 0.480000 0.009167 0.016667
2 0.262500 0.613333 0.021667 0.090000
3 0.318333 0.480000 0.007500 0.018333
2 0.680833 0.553333 0.035000 0.105000
3 0.693333 0.556667 0.009167 0.018333
2 0.750833 0.560000 0.009167 0.040000
2 0.138333 0.620000 0.010833 0.091667
2 0.695000 0.455000 0.029167 0.038333
3 0.438333 0.516667 0.008333 0.016667
3 0.150000 0.455000 0.007500 0.018333
3 0.071667 0.505000 0.010833 0.023333
2 0.175000 0.593333 0.027500 0.016667
3 0.063333 0.471667 0.015833 0.051667
3 0.115833 0.491667 0.014167 0.025000
2 0.594167 0.528333 0.009167 0.040000
3 0.357500 0.496667 0.008333 0.016667
3 0.786667 0.485000 0.007500 0.015000
2 0.495833 0.490000 0.021667 0.090000
3 0.096667 0.516667 0.015833 0.051667
2 0.365000 0.478333 0.027500 0.016667
2 0.439167 0.486667 0.011667 0.066667
2 0.136667 0.476667 0.034167 0.100000
2 0.747500 0.525000 0.011667 0.066667
3 0.544167 0.501667 0.009167 0.015000
3 0.373333 0.538333 0.009167 0.016667
3 0.298333 0.585000 0.007500 0.015000
2 0.585833 0.491667 0.014167 0.015000
2 0.461667 0.530000 0.048333 0.025000
2 0.124167 0.528333 0.020833 0.028333
3 0.430000 0.490000 0.008333 0.016667
3 0.204167 0.570000 0.008333 0.016667
3 0.718333 0.565000 0.007500 0.018333
2 0.447500 0.441667 0.019167 0.046667
2 0.042500 0.511667 0.035000 0.105000
3 0.667500 0.580000 0.010833 0.023333
2 0.587500 0.601667 0.034167 0.038333
2 0.085833 0.551667 0.097500 0.053333
2 0.712500 0.501667 0.048333 0.043333
2 0.059167 0.470000 0.035000 0.105000
2 0.304167 0.526667 0.034167 0.100000
2 0.142500 0.560000 0.026667 0.035000
3 0.686667 0.501667 0.008333 0.021667
2 0.071667 0.515000 0.020833 0.080000
2 0.436667 0.436667 0.058333 0.076667
2 0.106667 0.490000 0.020833 0.080000
3 0.553333 0.576667 0.008333 0.021667
3 0.099167 0.470000 0.014167 0.025000
3 0.703333 0.426667 0.010833 0.013333
2 0.675000 0.636667 0.030833 0.051667
3 0.323333 0.745000 0.009167 0.023333
3 0.754167 0.598333 0.009167 0.015000
2 0.785833 0.400000 0.010000 0.031667
3 0.348333 0.403333 0.009167 0.016667
3 0.645000 0.375000 0.011667 0.030000
2 0.612500 0.606667 0.058333 0.076667
3 0.485833 0.263333 0.008333 0.021667
3 0.386667 0.708333 0.006667 0.018333
2 0.534167 0.771667 0.010833 0.091667
3 0.324167 0.728333 0.008333 0.016667
2 0.323333 0.765000 0.045833 0.021667
2 0.388333 0.635000 0.097500 0.053333
3 0.341667 0.853333 0.011667 0.030000
2 0.348333 0.658333 0.034167 0.038333
3 0.711667 0.596667 0.014167 0.025000
2 0.453333 0.678333 0.023333 0.106667
2 0.715000 0.351667 0.015833 0.068333
3 0.402500 0.661667 0.011667 0.020000
3 0.308333 0.716667 0.009167 0.023333
2 0.652500 0.410000 0.027500 0.016667
3 0.630833 0.641667 0.007500 0.015000
2 0.490833 0.260000 0.017500 0.116667
3 0.700000 0.666667 0.010000 0.020000
3 0.450000 0.838333 0.015833 0.051667
2 0.587500 0.315000 0.048333 0.025000
2 0.741667 0.376667 0.097500 0.053333
3 0.805000 0.335000 0.008333 0.016667
2 0.247500 0.791667 0.023333 0.041667
2 0.639167 0.450000 0.026667 0.035000
2 0.643333 0.651667 0.021667 0.090000
2 0.395833 0.651667 0.058333 0.076667
2 0.730000 0.676667 0.015833 0.068333
3 0.760833 0.368333 0.010833 0.023333
2 0.743333 0.305000 0.034167 0.038333
2 0.505000 0.288333 0.021667 0.090000
3 0.190000 0.398333 0.008333 0.016667
3 0.770000 0.403333 0.009167 0.018333
2 0.680000 0.681667 0.017500 0.116667
3 0.702500 0.398333 0.008333 0.016667
2 0.308333 0.350000 0.045833 0.021667
2 0.423333 0.776667 0.027500 0.016667
2 0.783333 0.390000 0.015833 0.068333
3 0.447500 0.353333 0.013333 0.031667
2 0.290000 0.440000 0.010833 0.091667
2 0.646667 0.476667 0.010833 0.091667
2 0.708333 0.670000 0.010833 0.091667
2 0.557500 0.330000 0.009167 0.031667
3 0.570000 0.633333 0.010833 0.013333
2 0.700000 0.655000 0.010000 0.031667
3 0.325000 0.765000 0.008333 0.016667
2 0.383333 0.398333 0.014167 0.015000
2 0.700833 0.383333 0.030833 0.051667
3 0.301667 0.641667 0.013333 0.015000
2 0.512500 0.853333 0.022500 0.023333
2 0.693333 0.303333 0.030833 0.051667
3 0.754167 0.418333 0.007500 0.016667
3 0.655833 0.625000 0.007500 0.015000
3 0.498333 0.256667 0.007500 0.018333
3 0.446667 0.708333 0.007500 0.015000
3 0.523333 0.380000 0.007500 0.015000
2 0.325000 0.718333 0.009167 0.031667
2 0.454167 0.656667 0.011667 0.025000
3 0.749167 0.446667 0.008333 0.016667
2 0.396667 0.696667 0.030833 0.051667
2 0.692500 0.340000 0.019167 0.046667
3 0.170833 0.403333 0.007500 0.018333
2 0.643333 0.721667 0.009167 0.031667
2 0.455833 0.400000 0.017500 0.116667
3 0.597500 0.716667 0.007500 0.015000
2 0.445000 0.278333 0.026667 0.035000
3 0.260000 0.376667 0.011667 0.020000
3 0.742500 0.690000 0.006667 0.018333
3 0.232500 0.803333 0.009167 0.023333
3 0.683333 0.355000 0.013333 0.015000
2 0.645833 0.458333 0.010833 0.091667
2 0.665000 0.681667 0.011667 0.066667
2 0.722500 0.386667 0.022500 0.023333
3 0.528333 0.380000 0.007500 0.018333
3 0.445000 0.670000 0.008333 0.016667
2 0.768333 0.371667 0.010000 0.031667
3 0.800000 0.380000 0.008333 0.016667
2 0.827500 0.416667 0.011667 0.025000
3 0.347500 0.765000 0.007500 0.015000
3 0.709167 0.373333 0.007500 0.015000
2 0.515000 0.308333 0.010000 0.031667
2 0.767500 0.645000 0.010000 0.031667
3 0.753333 0.368333 0.007500 0.016667
3 0.535000 0.738333 0.009167 0.023333
2 0.280833 0.688333 0.020833 0.080000
3 0.775000 0.671667 0.015833 0.051667
3 0.349167 0.351667 0.008333 0.016667
3 0.344167 0.746667 0.007500 0.015000
2 0.710000 0.423333 0.023333 0.041667
2 0.755000 0.638333 0.035000 0.105000
2 0.525833 0.365000 0.022500 0.023333
3 0.781667 0.401667 0.017500 0.031667
2 0.682500 0.406667 0.030833 0.051667
2 0.304167 0.405000 0.027500 0.016667
2 0.225000 0.380000 0.011667 0.025000
3 0.583333 0.738333 0.008333 0.016667
2 0.775000 0.568333 0.020833 0.080000
3 0.295833 0.678333 0.007500 0.016667
3 0.470000 0.320000 0.015833 0.051667
2 0.354167 0.595000 0.015833 0.068333
2 0.418333 0.388333 0.010833 0.091667
3 0.350000 0.610000 0.013333 0.015000
2 0.406667 0.703333 0.010000 0.031667
3 0.520000 0.370000 0.015833 0.051667
2 0.722500 0.680000 0.058333 0.076667
2 0.305000 0.401667 0.009167 0.031667
2 0.306667 0.380000 0.015833 0.068333
3 0.765000 0.671667 0.014167 0.025000
3 0.432500 0.780000 0.009167 0.018333
3 0.696667 0.655000 0.008333 0.016667
2 0.777500 0.358333 0.017500 0.116667
3 0.349167 0.736667 0.013333 0.015000
3 0.750833 0.316667 0.009167 0.016667
2 0.756667 0.623333 0.026667 0.035000
2 0.688333 0.611667 0.058333 0.076667
2 0.593333 0.390000 0.009167 0.040000
2 0.526667 0.650000 0.021667 0.090000
3 0.618333 0.650000 0.011667 0.030000
2 0.642500 0.421667 0.034167 0.100000
3 0.347500 0.616667 0.017500 0.031667
3 0.713333 0.306667 0.010833 0.023333
3 0.489167 0.201667 0.007500 0.015000
2 0.360833 0.728333 0.009167 0.031667
2 0.324167 0.301667 0.045833 0.021667
3 0.675000 0.316667 0.007500 0.015000
3 0.557500 0.663333 0.010000 0.016667
3 0.649167 0.635000 0.007500 0.018333
2 0.778333 0.710000 0.009167 0.031667
2 0.297500 0.376667 0.011667 0.066667
3 0.730833 0.723333 0.010000 0.020000
2 0.659167 0.565000 0.035000 0.105000
3 0.811667 0.623333 0.010833 0.023333
2 0.754167 0.291667 0.017500 0.116667
3 0.482500 0.303333 0.009167 0.016667
3 0.666667 0.618333 0.009167 0.016667
3 0.691667 0.378333 0.008333 0.016667
3 0.410833 0.751667 0.017500 0.031667
2 0.484167 0.256667 0.014167 0.015000
2 0.441667 0.323333 0.034167 0.100000
2 0.484167 0.265000 0.048333 0.043333
3 0.734167 0.690000 0.008333 0.016667
2 0.653333 0.663333 0.013333 0.070000
2 0.284167 0.716667 0.014167 0.015000
2 0.737500 0.428333 0.097500 0.053333
2 0.280000 0.330000 0.021667 0.090000
3 0.413333 0.403333 0.008333 0.021667
2 0.736667 0.633333 0.034167 0.038333
2 0.691667 0.348333 0.020833 0.028333
2 0.502500 0.770000 0.035000 0.105000
2 0.248333 0.643333 0.048333 0.025000
2 0.447500 0.218333 0.027500 0.016667
2 0.712500 0.410000 0.029167 0.038333
3 0.628333 0.366667 0.011667 0.030000
2 0.576667 0.346667 0.021667 0.090000
3 0.385833 0.395000 0.011667 0.030000
2 0.754167 0.618333 0.009167 0.031667
2 0.482500 0.813333 0.020833 0.080000
3 0.701667 0.668333 0.006667 0.018333
2 0.536667 0.426667 0.019167 0.046667
2 0.759167 0.656667 0.026667 0.035000
3 0.492500 0.761667 0.009167 0.018333
3 0.272500 0.260000 0.013333 0.015000
3 0.779167 0.323333 0.010000 0.020000
2 0.713333 0.623333 0.019167 0.046667
3 0.330833 0.313333 0.007500 0.018333
3 0.783333 0.395000 0.014167 0.025000
2 0.696667 0.620000 0.034167 0.038333
3 0.238333 0.340000 0.008333 0.021667
2 0.553333 0.380000 0.048333 0.043333
2 0.551667 0.645000 0.014167 0.015000
3 0.803333 0.373333 0.006667 0.018333
3 0.292500 0.713333 0.013333 0.031667
2 0.312500 0.700000 0.034167 0.038333
2 0.518333 0.376667 0.017500 0.116667
2 0.310833 0.770000 0.010000 0.031667
2 0.295000 0.693333 0.097500 0.053333
2 0.461667 0.351667 0.034167 0.100000
3 0.478333 0.636667 0.013333 0.015000
3 0.782500 0.610000 0.010000 0.016667
2 0.729167 0.441667 0.048333 0.043333
2 0.535000 0.405000 0.020000 0.021667
2 0.325000 0.706667 0.010000 0.031667
3 0.661667 0.345000 0.009167 0.016667
2 0.196667 0.658333 0.020000 0.021667
2 0.526667 0.370000 0.058333 0.076667
2 0.579167 0.626667 0.027500 0.016667
3 0.661667 0.413333 0.009167 0.018333
2 0.608333 0.373333 0.023333 0.106667
3 0.774167 0.345000 0.008333 0.016667
2 0.676667 0.425000 0.013333 0.070000
2 0.314167 0.280000 0.026667 0.035000
3 0.812500 0.405000 0.009167 0.023333
