4 0.802500 0.518333 0.072500 0.148333
4 0.850000 0.541667 0.044167 0.026667
4 0.761667 0.578333 0.208333 0.091667
4 0.695833 0.635000 0.336667 0.200000
4 0.778333 0.413333 0.163333 0.106667
4 0.825833 0.535000 0.035833 0.093333
4 0.900000 0.576667 0.050000 0.108333
4 0.890833 0.543333 0.029167 0.061667
4 0.866667 0.473333 0.121667 0.098333
4 0.873333 0.536667 0.120000 0.128333
4 0.679167 0.636667 0.112500 0.180000
4 0.249167 0.431667 0.090833 0.138333
4 0.768333 0.468333 0.080000 0.111667
4 0.040833 0.510000 0.081667 0.128333
4 0.723333 0.515000 0.195833 0.091667
4 0.285833 0.565000 0.183333 0.056667
4 0.791667 0.485000 0.061667 0.126667
4 0.115833 0.505000 0.041667 0.038333
4 0.465000 0.635000 0.076667 0.138333
4 0.416667 0.511667 0.053333 0.071667
2 0.757500 0.526667 0.014167 0.015000
2 0.078333 0.460000 0.020833 0.028333
2 0.121667 0.496667 0.035000 0.105000
3 0.239167 0.470000 0.007500 0.018333
3 0.260000 0.590000 0.011667 0.030000
3 0.104167 0.548333 0.011667 0.020000
2 0.406667 0.480000 0.015833 0.068333
2 0.480833 0.455000 0.013333 0.070000
2 0.343333 0.500000 0.097500 0.053333
3 0.615000 0.595000 0.008333 0.016667
2 0.044167 0.576667 0.017500 0.116667
3 0.187500 0.500000 0.008333 0.016667
3 0.375000 0.463333 0.010833 0.013333
3 0.329167 0.501667 0.007500 0.015000
2 0.655000 0.558333 0.013333 0.070000
2 0.428333 0.656667 0.020833 0.080000
3 0.460000 0.535000 0.009167 0.018333
3 0.623333 0.456667 0.010000 0.016667
2 0.603333 0.563333 0.034167 0.100000
2 0.273333 0.601667 0.023333 0.106667
2 0.035000 0.501667 0.011667 0.066667
3 0.475833 0.450000 0.009167 0.016667
3 0.473333 0.541667 0.013333 0.015000
3 0.028333 0.583333 0.009167 0.016667
3 0.330833 0.500000 0.008333 0.016667
2 0.102500 0.570000 0.020833 0.080000
2 0.346667 0.578333 0.045833 0.021667
2 0.680833 0.550000 0.011667 0.066667
3 0.803333 0.451667 0.010000 0.016667
2 0.732500 0.540000 0.021667 0.090000
3 0.315000 0.560000 0.007500 0.016667
3 0.331667 0.451667 0.006667 0.018333
3 0.215833 0.521667 0.010000 0.016667
2 0.704167 0.556667 0.010833 0.091667
3 0.792500 0.576667 0.007500 0.018333
2 0.099167 0.611667 0.010833 0.091667
2 0.745000 0.566667 0.026667 0.035000
2 0.770000 0.516667 0.023333 0.041667
3 0.536667 0.493333 0.009167 0.016667
2 0.600833 0.613333 0.010000 0.031667
3 0.081667 0.581667 0.017500 0.031667
3 0.195833 0.550000 0.015833 0.051667
2 0.089167 0.506667 0.097500 0.053333
2 0.382500 0.585000 0.027500 0.016667
3 0.216667 0.473333 0.013333 0.031667
2 0.749167 0.500000 0.011667 0.066667
2 0.585833 0.538333 0.020833 0.080000
3 0.652500 0.478333 0.010000 0.016667
2 0.620833 0.520000 0.017500 0.116667
3 0.229167 0.453333 0.008333 0.016667
2 0.185000 0.538333 0.026667 0.035000
3 0.300000 0.491667 0.009167 0.016667
3 0.636667 0.450000 0.013333 0.015000
3 0.507500 0.533333 0.006667 0.018333
2 0.635000 0.563333 0.029167 0.038333
2 0.502500 0.553333 0.048333 0.025000
2 0.205833 0.486667 0.019167 0.046667
2 0.400000 0.538333 0.020833 0.080000
2 0.205000 0.425000 0.097500 0.053333
2 0.096667 0.481667 0.058333 0.076667
2 0.233333 0.441667 0.048333 0.043333
3 0.430833 0.563333 0.010833 0.023333
3 0.390833 0.510000 0.015833 0.051667
3 0.434167 0.590000 0.007500 0.018333
2 0.660000 0.443333 0.015833 0.068333
2 0.358333 0.441667 0.020833 0.028333
2 0.751667 0.550000 0.058333 0.076667
3 0.282500 0.598333 0.009167 0.016667
2 0.516667 0.606667 0.013333 0.070000
2 0.399167 0.555000 0.013333 0.070000
2 0.072500 0.588333 0.023333 0.106667
3 0.733333 0.585000 0.015833 0.051667
2 0.334167 0.485000 0.009167 0.031667
3 0.698333 0.516667 0.007500 0.016667
3 0.809167 0.461667 0.008333 0.016667
2 0.160000 0.640000 0.020833 0.080000
2 0.286667 0.533333 0.017500 0.116667
2 0.805000 0.531667 0.017500 0.116667
2 0.686667 0.543333 0.026667 0.035000
2 0.445833 0.513333 0.026667 0.035000
2 0.806667 0.431667 0.035000 0.105000
2 0.192500 0.533333 0.023333 0.106667
3 0.210833 0.585000 0.008333 0.016667
3 0.776667 0.501667 0.011667 0.020000
3 0.359167 0.523333 0.013333 0.031667
2 0.569167 0.495000 0.020000 0.021667
2 0.139167 0.505000 0.010000 0.031667
3 0.573333 0.470000 0.007500 0.015000
2 0.482500 0.458333 0.010000 0.031667
2 0.321667 0.528333 0.017500 0.116667
2 0.033333 0.476667 0.029167 0.038333
3 0.411667 0.478333 0.014167 0.025000
3 0.323333 0.498333 0.007500 0.015000
3 0.181667 0.516667 0.017500 0.031667
2 0.545000 0.538333 0.034167 0.038333
2 0.465833 0.426667 0.020833 0.028333
2 0.625000 0.446667 0.014167 0.015000
2 0.318333 0.570000 0.009167 0.040000
3 0.690000 0.453333 0.007500 0.015000
3 0.131667 0.475000 0.006667 0.018333
3 0.245833 0.461667 0.009167 0.018333
3 0.739167 0.468333 0.009167 0.016667
3 0.530833 0.408333 0.011667 0.030000
2 0.409167 0.776667 0.017500 0.116667
2 0.322500 0.686667 0.022500 0.023333
3 0.794167 0.645000 0.009167 0.016667
2 0.394167 0.775000 0.048333 0.043333
3 0.693333 0.691667 0.008333 0.016667
3 0.675000 0.718333 0.010000 0.016667
2 0.380833 0.383333 0.019167 0.046667
2 0.375000 0.356667 0.034167 0.038333
3 0.222500 0.636667 0.010833 0.013333
2 0.303333 0.233333 0.045833 0.021667
2 0.507500 0.266667 0.048333 0.025000
3 0.644167 0.328333 0.014167 0.025000
3 0.743333 0.708333 0.017500 0.031667
2 0.808333 0.415000 0.034167 0.100000
2 0.731667 0.701667 0.014167 0.015000
2 0.540000 0.470000 0.013333 0.070000
2 0.758333 0.378333 0.026667 0.035000
3 0.427500 0.380000 0.009167 0.018333
3 0.453333 0.830000 0.009167 0.016667
2 0.464167 0.698333 0.009167 0.031667
3 0.776667 0.636667 0.014167 0.025000
2 0.732500 0.690000 0.020000 0.021667
2 0.498333 0.228333 0.020833 0.080000
3 0.506667 0.306667 0.009167 0.016667
3 0.645000 0.363333 0.007500 0.015000
3 0.683333 0.616667 0.008333 0.016667
2 0.722500 0.386667 0.015833 0.068333
3 0.726667 0.435000 0.008333 0.016667
3 0.475833 0.796667 0.006667 0.018333
3 0.790000 0.648333 0.013333 0.015000
2 0.414167 0.373333 0.026667 0.035000
3 0.694167 0.388333 0.007500 0.018333
3 0.244167 0.355000 0.010000 0.020000
3 0.170833 0.390000 0.008333 0.021667
2 0.401667 0.696667 0.015833 0.068333
2 0.294167 0.710000 0.010000 0.031667
2 0.674167 0.660000 0.048333 0.043333
3 0.631667 0.396667 0.011667 0.030000
2 0.735000 0.641667 0.045833 0.021667
3 0.271667 0.721667 0.008333 0.021667
3 0.672500 0.660000 0.007500 0.015000
3 0.770833 0.380000 0.007500 0.018333
2 0.666667 0.266667 0.026667 0.035000
3 0.304167 0.688333 0.010833 0.013333
3 0.340000 0.260000 0.013333 0.015000
2 0.684167 0.621667 0.029167 0.038333
3 0.535833 0.691667 0.007500 0.016667
3 0.738333 0.601667 0.007500 0.018333
2 0.729167 0.651667 0.034167 0.038333
2 0.453333 0.678333 0.023333 0.106667
3 0.295000 0.291667 0.006667 0.018333
2 0.326667 0.765000 0.023333 0.106667
2 0.650833 0.313333 0.011667 0.066667
3 0.308333 0.308333 0.010000 0.020000
2 0.546667 0.390000 0.030833 0.051667
2 0.550000 0.730000 0.097500 0.053333
2 0.700000 0.310000 0.010833 0.091667
2 0.793333 0.625000 0.010000 0.031667
3 0.684167 0.378333 0.010833 0.023333
3 0.726667 0.601667 0.010833 0.023333
3 0.594167 0.410000 0.008333 0.016667
2 0.705833 0.640000 0.023333 0.106667
3 0.695000 0.611667 0.009167 0.023333
2 0.748333 0.593333 0.034167 0.038333
3 0.680833 0.396667 0.008333 0.016667
3 0.687500 0.645000 0.007500 0.018333
3 0.250000 0.650000 0.010000 0.016667
2 0.691667 0.388333 0.029167 0.038333
2 0.352500 0.326667 0.097500 0.053333
2 0.395000 0.346667 0.034167 0.038333
2 0.392500 0.693333 0.048333 0.025000
2 0.624167 0.688333 0.020833 0.080000
3 0.322500 0.343333 0.007500 0.015000
2 0.516667 0.358333 0.023333 0.041667
2 0.510833 0.223333 0.013333 0.070000
2 0.218333 0.701667 0.034167 0.100000
2 0.357500 0.653333 0.009167 0.031667
2 0.511667 0.326667 0.017500 0.116667
2 0.466667 0.213333 0.020833 0.080000
3 0.382500 0.691667 0.007500 0.018333
2 0.585000 0.788333 0.020833 0.080000
3 0.457500 0.221667 0.007500 0.015000
2 0.375000 0.355000 0.010833 0.091667
3 0.650000 0.625000 0.008333 0.016667
2 0.471667 0.300000 0.017500 0.116667
2 0.238333 0.325000 0.020833 0.080000
2 0.583333 0.666667 0.013333 0.070000
3 0.465000 0.378333 0.011667 0.030000
3 0.346667 0.283333 0.010833 0.013333
2 0.255000 0.806667 0.022500 0.023333
2 0.649167 0.441667 0.030833 0.051667
3 0.705000 0.670000 0.008333 0.016667
3 0.665833 0.445000 0.010833 0.023333
3 0.551667 0.665000 0.007500 0.018333
2 0.678333 0.333333 0.011667 0.025000
2 0.445833 0.306667 0.026667 0.035000
2 0.674167 0.338333 0.011667 0.025000
3 0.324167 0.651667 0.017500 0.031667
2 0.696667 0.655000 0.034167 0.100000
2 0.485000 0.355000 0.011667 0.066667
2 0.395833 0.710000 0.027500 0.016667
2 0.793333 0.633333 0.027500 0.016667
3 0.528333 0.361667 0.017500 0.031667
2 0.266667 0.296667 0.023333 0.106667
3 0.425833 0.371667 0.007500 0.018333
2 0.820000 0.381667 0.011667 0.025000
2 0.447500 0.205000 0.035000 0.105000
2 0.713333 0.656667 0.022500 0.023333
3 0.528333 0.355000 0.011667 0.020000
3 0.319167 0.358333 0.009167 0.016667
2 0.702500 0.438333 0.048333 0.043333
2 0.187500 0.393333 0.020833 0.028333
2 0.710833 0.791667 0.058333 0.076667
2 0.748333 0.631667 0.020833 0.080000
2 0.564167 0.653333 0.019167 0.046667
2 0.640000 0.588333 0.020833 0.080000
3 0.813333 0.621667 0.008333 0.016667
3 0.352500 0.311667 0.008333 0.016667
2 0.701667 0.663333 0.034167 0.100000
3 0.619167 0.326667 0.006667 0.018333
3 0.442500 0.375000 0.017500 0.031667
3 0.555833 0.998333 0.008333 0.001667
3 0.562500 0.755000 0.015833 0.051667
2 0.741667 0.673333 0.020833 0.080000
2 0.718333 0.688333 0.045833 0.021667
2 0.338333 0.641667 0.020833 0.080000
3 0.617500 0.670000 0.014167 0.025000
3 0.267500 0.640000 0.009167 0.018333
3 0.612500 0.646667 0.013333 0.031667
3 0.780833 0.385000 0.009167 0.018333
3 0.598333 0.736667 0.010833 0.013333
3 0.788333 0.735000 0.009167 0.016667
2 0.684167 0.366667 0.010833 0.091667
3 0.703333 0.398333 0.006667 0.018333
2 0.645000 0.341667 0.023333 0.041667
2 0.728333 0.381667 0.014167 0.015000
3 0.565000 0.690000 0.010833 0.023333
2 0.025000 0.596667 0.017500 0.116667
3 0.332500 0.421667 0.008333 0.021667
2 0.783333 0.625000 0.013333 0.070000
2 0.519167 0.758333 0.014167 0.015000
3 0.355000 0.286667 0.008333 0.021667
2 0.575833 0.621667 0.034167 0.038333
3 0.660000 0.361667 0.009167 0.016667
3 0.715833 0.345000 0.009167 0.016667
2 0.500000 0.280000 0.048333 0.025000
2 0.409167 0.805000 0.045833 0.021667
3 0.710833 0.413333 0.007500 0.015000
3 0.390000 0.683333 0.014167 0.025000
3 0.695000 0.348333 0.007500 0.018333
3 0.318333 0.275000 0.017500 0.031667
2 0.690833 0.366667 0.035000 0.105000
3 0.788333 0.353333 0.013333 0.031667
2 0.419167 0.200000 0.015833 0.068333
3 0.638333 0.396667 0.009167 0.015000
3 0.797500 0.395000 0.010000 0.020000
3 0.397500 0.346667 0.008333 0.016667
2 0.647500 0.438333 0.010000 0.031667
3 0.518333 0.218333 0.014167 0.025000
2 0.659167 0.380000 0.019167 0.046667
2 0.439167 0.790000 0.030833 0.051667
2 0.690000 0.370000 0.011667 0.025000
3 0.487500 0.680000 0.008333 0.016667
2 0.361667 0.323333 0.020833 0.080000
2 0.728333 0.360000 0.034167 0.100000
3 0.645833 0.395000 0.009167 0.023333
3 0.304167 0.146667 0.009167 0.015000
3 0.445000 0.711667 0.010833 0.023333
2 0.673333 0.451667 0.022500 0.023333
2 0.448333 0.298333 0.097500 0.053333
2 0.447500 0.631667 0.015833 0.068333
2 0.691667 0.316667 0.023333 0.106667
3 0.282500 0.436667 0.008333 0.016667
3 0.795000 0.720000 0.013333 0.031667
3 0.679167 0.591667 0.010000 0.020000
3 0.649167 0.410000 0.014167 0.025000
3 0.539167 0.681667 0.009167 0.023333
3 0.325000 0.765000 0.007500 0.018333
3 0.703333 0.790000 0.013333 0.015000
3 0.735000 0.656667 0.010833 0.023333
3 0.325000 0.710000 0.009167 0.016667
2 0.561667 0.710000 0.029167 0.038333
2 0.532500 0.263333 0.011667 0.066667
2 0.216667 0.313333 0.022500 0.023333
3 0.670833 0.408333 0.009167 0.016667
2 0.667500 0.665000 0.010000 0.031667
2 0.791667 0.448333 0.034167 0.100000
2 0.790000 0.710000 0.017500 0.116667
3 0.332500 0.395000 0.010833 0.013333
2 0.452500 0.638333 0.048333 0.043333
2 0.285833 0.796667 0.022500 0.023333
3 0.754167 0.395000 0.014167 0.025000
3 0.570000 0.275000 0.010000 0.016667
2 0.425000 0.380000 0.009167 0.031667
2 0.732500 0.411667 0.014167 0.015000
3 0.710000 0.430000 0.007500 0.015000
2 0.200000 0.748333 0.058333 0.076667
