4 0.833333 0.540000 0.048333 0.078333
4 0.870000 0.640000 0.055000 0.050000
4 0.824167 0.413333 0.124167 0.100000
4 0.773333 0.493333 0.167500 0.176667
4 0.835000 0.650000 0.115833 0.125000
4 0.760833 0.586667 0.154167 0.053333
4 0.826667 0.570000 0.050000 0.083333
4 0.840833 0.563333 0.090833 0.210000
4 0.871667 0.500000 0.037500 0.028333
4 0.764167 0.603333 0.154167 0.130000
4 0.356667 0.613333 0.053333 0.138333
4 0.240000 0.516667 0.072500 0.065000
4 0.273333 0.518333 0.062500 0.068333
4 0.230833 0.530000 0.045000 0.018333
4 0.195000 0.486667 0.057500 0.020000
4 0.212500 0.636667 0.157500 0.163333
4 0.780000 0.503333 0.060000 0.113333
4 0.040833 0.476667 0.081667 0.245000
4 0.130000 0.648333 0.111667 0.278333
4 0.377500 0.563333 0.041667 0.080000
2 0.180000 0.531667 0.017500 0.116667
2 0.428333 0.461667 0.011667 0.066667
3 0.021667 0.470000 0.017500 0.031667
2 0.735000 0.570000 0.010000 0.031667
3 0.613333 0.481667 0.009167 0.015000
2 0.293333 0.508333 0.097500 0.053333
2 0.472500 0.411667 0.048333 0.043333
2 0.031667 0.533333 0.023333 0.106667
2 0.106667 0.533333 0.034167 0.038333
2 0.446667 0.536667 0.010000 0.031667
3 0.362500 0.571667 0.009167 0.016667
2 0.735833 0.458333 0.045833 0.021667
2 0.276667 0.440000 0.020833 0.028333
2 0.032500 0.561667 0.020833 0.028333
3 0.644167 0.583333 0.013333 0.015000
2 0.543333 0.586667 0.010833 0.091667
3 0.200000 0.546667 0.009167 0.016667
3 0.604167 0.491667 0.008333 0.016667
2 0.125000 0.611667 0.009167 0.031667
2 0.337500 0.603333 0.020833 0.080000
2 0.234167 0.466667 0.048333 0.043333
2 0.218333 0.611667 0.010833 0.091667
3 0.822500 0.638333 0.007500 0.016667
3 0.111667 0.453333 0.010000 0.016667
2 0.815833 0.348333 0.023333 0.041667
2 0.511667 0.563333 0.019167 0.046667
2 0.386667 0.498333 0.023333 0.041667
2 0.540000 0.558333 0.009167 0.031667
2 0.282500 0.501667 0.009167 0.040000
3 0.104167 0.578333 0.008333 0.016667
2 0.544167 0.553333 0.030833 0.051667
3 0.375000 0.545000 0.010833 0.013333
3 0.510833 0.473333 0.006667 0.018333
2 0.711667 0.591667 0.013333 0.070000
3 0.301667 0.578333 0.009167 0.015000
3 0.350833 0.545000 0.009167 0.016667
2 0.490000 0.443333 0.010833 0.091667
2 0.675000 0.526667 0.014167 0.015000
3 0.544167 0.568333 0.009167 0.015000
3 0.795000 0.580000 0.008333 0.016667
2 0.651667 0.540000 0.014167 0.015000
3 0.196667 0.560000 0.009167 0.016667
3 0.399167 0.513333 0.017500 0.031667
2 0.510833 0.446667 0.097500 0.053333
2 0.815000 0.525000 0.034167 0.100000
2 0.038333 0.546667 0.034167 0.100000
2 0.632500 0.605000 0.030833 0.051667
2 0.130000 0.601667 0.020000 0.021667
2 0.283333 0.561667 0.020833 0.028333
3 0.250833 0.471667 0.007500 0.018333
3 0.139167 0.533333 0.015833 0.051667
3 0.782500 0.501667 0.006667 0.018333
3 0.768333 0.456667 0.009167 0.018333
3 0.155000 0.486667 0.011667 0.030000
3 0.169167 0.515000 0.006667 0.018333
3 0.385833 0.590000 0.007500 0.016667
2 0.462500 0.488333 0.034167 0.038333
2 0.377500 0.555000 0.011667 0.066667
3 0.364167 0.535000 0.009167 0.016667
3 0.650000 0.520000 0.007500 0.018333
2 0.398333 0.530000 0.045833 0.021667
2 0.615000 0.526667 0.011667 0.025000
3 0.590000 0.483333 0.009167 0.018333
3 0.424167 0.583333 0.007500 0.015000
2 0.386667 0.525000 0.029167 0.038333
2 0.183333 0.546667 0.029167 0.038333
2 0.785833 0.445000 0.019167 0.046667
2 0.245833 0.543333 0.011667 0.025000
2 0.576667 0.498333 0.011667 0.066667
2 0.801667 0.540000 0.020833 0.080000
3 0.665000 0.478333 0.011667 0.030000
2 0.391667 0.496667 0.011667 0.025000
2 0.043333 0.523333 0.021667 0.090000
3 0.346667 0.470000 0.013333 0.031667
2 0.255000 0.560000 0.010000 0.031667
3 0.201667 0.603333 0.010833 0.023333
3 0.450833 0.608333 0.017500 0.031667
3 0.265000 0.556667 0.011667 0.030000
2 0.450000 0.545000 0.009167 0.031667
2 0.070000 0.566667 0.011667 0.025000
3 0.724167 0.591667 0.011667 0.030000
3 0.730000 0.570000 0.007500 0.015000
2 0.552500 0.498333 0.058333 0.076667
3 0.437500 0.475000 0.011667 0.020000
3 0.094167 0.486667 0.009167 0.015000
2 0.781667 0.513333 0.048333 0.025000
2 0.367500 0.601667 0.010833 0.091667
2 0.091667 0.508333 0.020833 0.080000
2 0.752500 0.500000 0.034167 0.100000
2 0.520000 0.523333 0.027500 0.016667
3 0.206667 0.498333 0.008333 0.016667
2 0.491667 0.561667 0.009167 0.040000
3 0.253333 0.460000 0.007500 0.015000
3 0.372500 0.468333 0.007500 0.018333
2 0.685000 0.526667 0.048333 0.025000
2 0.107500 0.546667 0.021667 0.090000
3 0.047500 0.575000 0.009167 0.016667
3 0.148333 0.588333 0.017500 0.031667
2 0.457500 0.541667 0.011667 0.025000
2 0.651667 0.601667 0.030833 0.051667
2 0.682500 0.443333 0.019167 0.046667
2 0.743333 0.461667 0.035000 0.105000
3 0.715833 0.366667 0.007500 0.015000
3 0.490833 0.296667 0.007500 0.018333
3 0.549167 0.683333 0.011667 0.020000
2 0.773333 0.408333 0.034167 0.038333
3 0.531667 0.690000 0.008333 0.016667
3 0.685833 0.661667 0.010000 0.016667
3 0.555833 0.665000 0.010833 0.013333
3 0.465000 0.258333 0.013333 0.015000
3 0.446667 0.660000 0.010833 0.013333
2 0.467500 0.833333 0.023333 0.106667
3 0.482500 0.303333 0.009167 0.016667
3 0.661667 0.335000 0.010833 0.013333
3 0.791667 0.658333 0.007500 0.018333
2 0.570000 0.393333 0.035000 0.105000
2 0.514167 0.278333 0.048333 0.043333
3 0.810000 0.631667 0.008333 0.016667
2 0.810833 0.590000 0.020833 0.080000
3 0.300000 0.670000 0.010833 0.013333
3 0.660000 0.383333 0.007500 0.018333
3 0.630000 0.366667 0.008333 0.021667
2 0.468333 0.375000 0.023333 0.041667
3 0.323333 0.726667 0.009167 0.016667
2 0.690833 0.636667 0.010000 0.031667
3 0.775833 0.690000 0.007500 0.016667
2 0.727500 0.670000 0.010000 0.031667
2 0.461667 0.695000 0.011667 0.025000
2 0.669167 0.658333 0.014167 0.015000
3 0.455833 0.226667 0.011667 0.030000
3 0.498333 0.301667 0.009167 0.018333
3 0.525833 0.395000 0.008333 0.016667
2 0.511667 0.683333 0.048333 0.043333
2 0.266667 0.305000 0.048333 0.025000
2 0.793333 0.625000 0.048333 0.025000
3 0.626667 0.330000 0.014167 0.025000
3 0.821667 0.388333 0.007500 0.018333
2 0.260833 0.735000 0.027500 0.016667
3 0.731667 0.370000 0.013333 0.015000
3 0.409167 0.683333 0.011667 0.030000
3 0.284167 0.265000 0.007500 0.018333
3 0.275000 0.765000 0.011667 0.030000
3 0.699167 0.263333 0.008333 0.021667
2 0.670000 0.635000 0.048333 0.043333
2 0.479167 0.671667 0.048333 0.025000
3 0.663333 0.666667 0.007500 0.018333
2 0.670000 0.240000 0.019167 0.046667
3 0.622500 0.656667 0.011667 0.020000
2 0.780833 0.653333 0.034167 0.100000
2 0.752500 0.395000 0.020833 0.080000
3 0.444167 0.720000 0.007500 0.018333
2 0.417500 0.361667 0.020000 0.021667
3 0.689167 0.391667 0.017500 0.031667
3 0.452500 0.366667 0.010000 0.016667
2 0.249167 0.640000 0.017500 0.116667
3 0.656667 0.405000 0.008333 0.016667
2 0.590000 0.605000 0.011667 0.066667
3 0.470833 0.645000 0.010833 0.023333
3 0.420000 0.838333 0.008333 0.016667
2 0.629167 0.335000 0.010000 0.031667
2 0.462500 0.268333 0.045833 0.021667
2 0.732500 0.675000 0.019167 0.046667
3 0.252500 0.383333 0.009167 0.016667
2 0.558333 0.335000 0.011667 0.025000
3 0.528333 0.621667 0.010000 0.016667
2 0.650000 0.268333 0.027500 0.016667
2 0.733333 0.435000 0.010000 0.031667
2 0.255000 0.346667 0.015833 0.068333
3 0.572500 0.756667 0.009167 0.016667
2 0.634167 0.413333 0.034167 0.038333
2 0.713333 0.341667 0.014167 0.015000
2 0.307500 0.723333 0.029167 0.038333
3 0.711667 0.450000 0.008333 0.016667
3 0.613333 0.681667 0.006667 0.018333
2 0.783333 0.335000 0.014167 0.015000
2 0.592500 0.998333 0.019167 0.001667
2 0.355833 0.720000 0.011667 0.066667
2 0.677500 0.721667 0.048333 0.025000
2 0.698333 0.668333 0.022500 0.023333
2 0.593333 0.170000 0.009167 0.031667
3 0.430000 0.753333 0.007500 0.015000
2 0.712500 0.371667 0.011667 0.025000
2 0.785833 0.358333 0.009167 0.031667
2 0.226667 0.355000 0.030833 0.051667
2 0.683333 0.725000 0.034167 0.038333
2 0.794167 0.653333 0.026667 0.035000
3 0.694167 0.388333 0.008333 0.016667
2 0.367500 0.750000 0.034167 0.038333
3 0.250833 0.713333 0.015833 0.051667
3 0.318333 0.761667 0.007500 0.015000
3 0.265833 0.720000 0.010833 0.013333
3 0.365833 0.430000 0.013333 0.015000
3 0.516667 0.335000 0.008333 0.021667
3 0.605000 0.731667 0.007500 0.016667
2 0.451667 0.270000 0.034167 0.038333
3 0.290833 0.355000 0.006667 0.018333
3 0.804167 0.335000 0.009167 0.018333
2 0.419167 0.708333 0.020000 0.021667
2 0.234167 0.348333 0.020000 0.021667
3 0.786667 0.406667 0.010000 0.016667
2 0.713333 0.610000 0.027500 0.016667
2 0.444167 0.801667 0.020833 0.080000
3 0.803333 0.418333 0.007500 0.015000
3 0.405833 0.715000 0.008333 0.016667
2 0.702500 0.680000 0.048333 0.025000
2 0.540000 0.436667 0.030833 0.051667
3 0.702500 0.371667 0.013333 0.015000
2 0.570000 0.345000 0.034167 0.100000
2 0.440000 0.663333 0.026667 0.035000
2 0.410833 0.806667 0.034167 0.038333
2 0.285833 0.298333 0.010833 0.091667
2 0.480833 0.368333 0.010833 0.091667
3 0.251667 0.391667 0.007500 0.015000
2 0.657500 0.666667 0.023333 0.041667
2 0.249167 0.640000 0.017500 0.116667
3 0.361667 0.613333 0.009167 0.016667
2 0.404167 0.733333 0.014167 0.015000
3 0.800000 0.400000 0.009167 0.015000
3 0.649167 0.625000 0.009167 0.016667
3 0.766667 0.353333 0.015833 0.051667
2 0.352500 0.626667 0.019167 0.046667
2 0.270833 0.428333 0.029167 0.038333
3 0.764167 0.701667 0.010000 0.016667
2 0.525833 0.378333 0.026667 0.035000
2 0.555833 0.828333 0.009167 0.031667
3 0.278333 0.721667 0.011667 0.020000
3 0.573333 0.616667 0.009167 0.016667
3 0.280833 0.645000 0.011667 0.030000
3 0.684167 0.393333 0.015833 0.051667
3 0.419167 0.351667 0.010000 0.020000
3 0.550833 0.710000 0.007500 0.018333
3 0.763333 0.755000 0.015833 0.051667
2 0.376667 0.736667 0.011667 0.025000
3 0.635833 0.405000 0.014167 0.025000
2 0.416667 0.375000 0.021667 0.090000
3 0.673333 0.343333 0.013333 0.015000
3 0.797500 0.621667 0.007500 0.015000
2 0.187500 0.430000 0.021667 0.090000
3 0.330833 0.421667 0.011667 0.030000
2 0.280833 0.386667 0.048333 0.043333
3 0.455833 0.201667 0.009167 0.015000
2 0.455833 0.321667 0.029167 0.038333
2 0.620833 0.346667 0.045833 0.021667
2 0.277500 0.311667 0.026667 0.035000
3 0.760833 0.325000 0.010000 0.016667
3 0.417500 0.790000 0.017500 0.031667
2 0.460000 0.686667 0.011667 0.066667
2 0.757500 0.435000 0.021667 0.090000
3 0.567500 0.383333 0.008333 0.016667
2 0.318333 0.733333 0.020833 0.080000
3 0.220833 0.423333 0.013333 0.015000
3 0.644167 0.405000 0.008333 0.016667
3 0.225833 0.706667 0.010000 0.020000
3 0.620000 0.643333 0.007500 0.015000
3 0.320000 0.350000 0.007500 0.015000
2 0.314167 0.321667 0.030833 0.051667
2 0.244167 0.696667 0.014167 0.015000
2 0.713333 0.623333 0.019167 0.046667
2 0.807500 0.628333 0.009167 0.031667
3 0.338333 0.331667 0.007500 0.015000
2 0.708333 0.680000 0.017500 0.116667
3 0.272500 0.738333 0.013333 0.015000
2 0.706667 0.616667 0.048333 0.025000
3 0.411667 0.400000 0.010833 0.023333
2 0.405833 0.261667 0.097500 0.053333
2 0.270833 0.348333 0.013333 0.070000
3 0.677500 0.435000 0.010833 0.023333
2 0.257500 0.753333 0.045833 0.021667
3 0.600833 0.708333 0.008333 0.016667
3 0.455833 0.663333 0.007500 0.018333
2 0.473333 0.813333 0.014167 0.015000
2 0.639167 0.378333 0.023333 0.106667
3 0.723333 0.628333 0.011667 0.020000
2 0.332500 0.401667 0.020833 0.080000
2 0.735833 0.691667 0.020833 0.080000
2 0.552500 0.280000 0.023333 0.041667
2 0.591667 0.738333 0.029167 0.038333
3 0.265000 0.390000 0.010000 0.020000
2 0.746667 0.606667 0.045833 0.021667
3 0.703333 0.280000 0.010833 0.013333
3 0.713333 0.381667 0.009167 0.023333
2 0.710833 0.365000 0.017500 0.116667
3 0.272500 0.666667 0.009167 0.016667
2 0.770000 0.688333 0.020000 0.021667
3 0.707500 0.616667 0.013333 0.015000
3 0.666667 0.350000 0.007500 0.018333
3 0.600000 0.745000 0.013333 0.015000
3 0.332500 0.390000 0.015833 0.051667
2 0.662500 0.433333 0.029167 0.038333
3 0.291667 0.760000 0.010833 0.013333
2 0.502500 0.825000 0.023333 0.106667
3 0.338333 0.333333 0.008333 0.016667
3 0.821667 0.370000 0.008333 0.016667
3 0.676667 0.346667 0.013333 0.015000
2 0.454167 0.395000 0.020833 0.028333
3 0.491667 0.738333 0.009167 0.016667
2 0.439167 0.355000 0.045833 0.021667
3 0.755000 0.390000 0.008333 0.021667
3 0.766667 0.640000 0.007500 0.018333
2 0.687500 0.698333 0.048333 0.043333
