4 0.795833 0.328333 0.139167 0.211667
4 0.838333 0.521667 0.092500 0.135000
4 0.839167 0.516667 0.183333 0.160000
4 0.860000 0.441667 0.070000 0.140000
4 0.795833 0.825000 0.192500 0.348333
4 0.867500 0.526667 0.082500 0.040000
4 0.871667 0.531667 0.070833 0.131667
4 0.840833 0.425000 0.077500 0.080000
4 0.887500 0.563333 0.050833 0.038333
4 0.845833 0.775000 0.115833 0.221667
4 0.255833 0.461667 0.090833 0.050000
4 0.291667 0.565000 0.136667 0.150000
4 0.532500 0.571667 0.065000 0.138333
4 0.099167 0.398333 0.171667 0.233333
4 0.749167 0.491667 0.120833 0.033333
4 0.610000 0.521667 0.082500 0.070000
4 0.115000 0.576667 0.089167 0.141667
4 0.092500 0.423333 0.179167 0.181667
4 0.670833 0.471667 0.078333 0.091667
4 0.085833 0.635000 0.160833 0.203333
3 0.280000 0.540000 0.007500 0.018333
3 0.385833 0.590000 0.008333 0.021667
3 0.150833 0.573333 0.009167 0.023333
2 0.396667 0.543333 0.048333 0.025000
3 0.708333 0.535000 0.009167 0.023333
3 0.215833 0.466667 0.010833 0.013333
2 0.721667 0.550000 0.023333 0.106667
2 0.262500 0.566667 0.015833 0.068333
2 0.485833 0.478333 0.019167 0.046667
2 0.376667 0.508333 0.034167 0.100000
2 0.751667 0.508333 0.045833 0.021667
3 0.635000 0.510000 0.013333 0.031667
2 0.228333 0.481667 0.097500 0.053333
3 0.619167 0.510000 0.010833 0.013333
2 0.501667 0.588333 0.023333 0.041667
2 0.230000 0.483333 0.023333 0.041667
2 0.334167 0.601667 0.020000 0.021667
3 0.569167 0.566667 0.007500 0.016667
2 0.070833 0.456667 0.011667 0.066667
2 0.540833 0.465000 0.009167 0.040000
3 0.473333 0.431667 0.008333 0.016667
2 0.517500 0.468333 0.009167 0.040000
3 0.635833 0.533333 0.007500 0.015000
3 0.580000 0.535000 0.013333 0.031667
3 0.630833 0.570000 0.009167 0.016667
3 0.025000 0.571667 0.007500 0.015000
3 0.135000 0.571667 0.011667 0.030000
2 0.045000 0.605000 0.010833 0.091667
2 0.608333 0.550000 0.019167 0.046667
3 0.745833 0.530000 0.011667 0.030000
2 0.415833 0.431667 0.035000 0.105000
2 0.606667 0.623333 0.014167 0.015000
2 0.427500 0.398333 0.097500 0.053333
2 0.431667 0.485000 0.010000 0.031667
2 0.790000 0.496667 0.017500 0.116667
2 0.407500 0.601667 0.009167 0.031667
2 0.802500 0.458333 0.023333 0.106667
2 0.069167 0.545000 0.034167 0.100000
3 0.705000 0.586667 0.008333 0.016667
3 0.239167 0.510000 0.013333 0.015000
2 0.469167 0.396667 0.011667 0.066667
2 0.449167 0.533333 0.021667 0.090000
3 0.560833 0.480000 0.009167 0.015000
3 0.454167 0.455000 0.009167 0.015000
2 0.187500 0.525000 0.020833 0.080000
2 0.455833 0.421667 0.029167 0.038333
2 0.034167 0.548333 0.027500 0.016667
3 0.484167 0.498333 0.014167 0.025000
2 0.160000 0.543333 0.011667 0.066667
3 0.083333 0.566667 0.007500 0.018333
2 0.311667 0.433333 0.048333 0.043333
3 0.040833 0.520000 0.007500 0.015000
3 0.081667 0.491667 0.007500 0.015000
2 0.671667 0.496667 0.048333 0.043333
2 0.288333 0.546667 0.026667 0.035000
2 0.037500 0.551667 0.023333 0.106667
3 0.403333 0.588333 0.009167 0.016667
3 0.799167 0.476667 0.017500 0.031667
3 0.765000 0.516667 0.008333 0.016667
3 0.166667 0.438333 0.013333 0.015000
3 0.754167 0.588333 0.008333 0.021667
2 0.471667 0.591667 0.022500 0.023333
3 0.132500 0.463333 0.009167 0.016667
2 0.638333 0.546667 0.029167 0.038333
3 0.711667 0.571667 0.011667 0.030000
2 0.595000 0.458333 0.097500 0.053333
3 0.113333 0.558333 0.010833 0.013333
2 0.286667 0.466667 0.011667 0.025000
3 0.789167 0.566667 0.008333 0.016667
2 0.604167 0.605000 0.020000 0.021667
3 0.711667 0.501667 0.013333 0.015000
2 0.481667 0.435000 0.020833 0.080000
2 0.675000 0.530000 0.014167 0.015000
3 0.218333 0.483333 0.011667 0.020000
3 0.435833 0.500000 0.007500 0.018333
3 0.706667 0.496667 0.008333 0.016667
3 0.103333 0.465000 0.009167 0.015000
3 0.595833 0.458333 0.007500 0.015000
2 0.513333 0.506667 0.048333 0.043333
3 0.340000 0.473333 0.009167 0.016667
3 0.355000 0.578333 0.006667 0.018333
2 0.738333 0.475000 0.029167 0.038333
2 0.435833 0.411667 0.058333 0.076667
2 0.324167 0.581667 0.015833 0.068333
3 0.447500 0.600000 0.007500 0.015000
2 0.095833 0.600000 0.030833 0.051667
3 0.166667 0.536667 0.009167 0.015000
2 0.709167 0.535000 0.011667 0.025000
3 0.460833 0.463333 0.009167 0.023333
2 0.549167 0.473333 0.045833 0.021667
3 0.316667 0.566667 0.011667 0.020000
3 0.820833 0.530000 0.007500 0.016667
3 0.624167 0.540000 0.011667 0.030000
2 0.577500 0.538333 0.027500 0.016667
3 0.325000 0.448333 0.009167 0.018333
3 0.358333 0.538333 0.008333 0.016667
3 0.212500 0.536667 0.007500 0.018333
3 0.140833 0.558333 0.013333 0.031667
2 0.757500 0.460000 0.097500 0.053333
2 0.750833 0.460000 0.011667 0.025000
3 0.231667 0.526667 0.007500 0.018333
2 0.528333 0.548333 0.017500 0.116667
3 0.710000 0.703333 0.007500 0.016667
2 0.774167 0.705000 0.020833 0.080000
2 0.653333 0.598333 0.045833 0.021667
2 0.371667 0.705000 0.097500 0.053333
3 0.784167 0.335000 0.013333 0.015000
2 0.550000 0.688333 0.019167 0.046667
2 0.710833 0.391667 0.097500 0.053333
2 0.667500 0.638333 0.011667 0.066667
2 0.301667 0.745000 0.010000 0.031667
3 0.645833 0.383333 0.007500 0.016667
3 0.397500 0.348333 0.008333 0.016667
2 0.455000 0.243333 0.020000 0.021667
2 0.436667 0.386667 0.026667 0.035000
2 0.617500 0.335000 0.009167 0.031667
2 0.210000 0.451667 0.034167 0.100000
2 0.679167 0.420000 0.020000 0.021667
2 0.374167 0.386667 0.026667 0.035000
2 0.270000 0.375000 0.020833 0.080000
2 0.496667 0.333333 0.048333 0.025000
2 0.235833 0.636667 0.035000 0.105000
3 0.523333 0.710000 0.009167 0.016667
2 0.787500 0.396667 0.011667 0.066667
3 0.655000 0.641667 0.008333 0.016667
3 0.330000 0.268333 0.010833 0.013333
2 0.632500 0.668333 0.026667 0.035000
3 0.408333 0.676667 0.007500 0.018333
2 0.740833 0.590000 0.019167 0.046667
2 0.703333 0.648333 0.020000 0.021667
2 0.358333 0.781667 0.009167 0.031667
2 0.515000 0.246667 0.015833 0.068333
3 0.625833 0.376667 0.009167 0.016667
2 0.490000 0.805000 0.058333 0.076667
2 0.695833 0.676667 0.034167 0.100000
2 0.452500 0.700000 0.023333 0.106667
3 0.656667 0.666667 0.007500 0.015000
3 0.770833 0.403333 0.015833 0.051667
2 0.777500 0.713333 0.048333 0.043333
2 0.315000 0.355000 0.017500 0.116667
2 0.637500 0.428333 0.009167 0.031667
2 0.477500 0.801667 0.030833 0.051667
2 0.679167 0.380000 0.097500 0.053333
2 0.489167 0.321667 0.048333 0.025000
2 0.531667 0.681667 0.029167 0.038333
2 0.364167 0.683333 0.009167 0.040000
2 0.380000 0.718333 0.013333 0.070000
3 0.224167 0.641667 0.008333 0.016667
2 0.398333 0.671667 0.045833 0.021667
3 0.737500 0.333333 0.009167 0.016667
3 0.455000 0.788333 0.008333 0.016667
2 0.310833 0.298333 0.010000 0.031667
2 0.545000 0.205000 0.020833 0.080000
2 0.287500 0.216667 0.015833 0.068333
2 0.274167 0.645000 0.011667 0.066667
2 0.631667 0.653333 0.019167 0.046667
3 0.470833 0.338333 0.010833 0.023333
3 0.419167 0.355000 0.009167 0.023333
2 0.637500 0.653333 0.048333 0.043333
3 0.254167 0.706667 0.009167 0.016667
3 0.309167 0.348333 0.007500 0.015000
2 0.806667 0.393333 0.020833 0.028333
2 0.632500 0.375000 0.034167 0.038333
3 0.795000 0.385000 0.017500 0.031667
3 0.754167 0.711667 0.008333 0.021667
3 0.477500 0.226667 0.009167 0.023333
2 0.676667 0.631667 0.034167 0.038333
3 0.471667 0.121667 0.010000 0.016667
2 0.656667 0.663333 0.029167 0.038333
2 0.470833 0.266667 0.029167 0.038333
2 0.697500 0.676667 0.022500 0.023333
3 0.305833 0.391667 0.015833 0.051667
3 0.355833 0.643333 0.008333 0.016667
3 0.185833 0.651667 0.007500 0.015000
3 0.525000 0.431667 0.007500 0.015000
2 0.733333 0.401667 0.034167 0.100000
2 0.747500 0.668333 0.023333 0.041667
2 0.536667 0.605000 0.035000 0.105000
2 0.325833 0.665000 0.045833 0.021667
2 0.296667 0.346667 0.011667 0.066667
2 0.670000 0.350000 0.009167 0.031667
3 0.745833 0.615000 0.009167 0.023333
2 0.694167 0.588333 0.011667 0.066667
3 0.708333 0.650000 0.010000 0.020000
2 0.655833 0.415000 0.020833 0.080000
2 0.694167 0.266667 0.014167 0.015000
2 0.680000 0.630000 0.011667 0.025000
2 0.791667 0.326667 0.034167 0.038333
3 0.520833 0.765000 0.011667 0.030000
3 0.385000 0.650000 0.015833 0.051667
3 0.745833 0.663333 0.015833 0.051667
2 0.565833 0.641667 0.023333 0.041667
3 0.307500 0.615000 0.015833 0.051667
2 0.434167 0.366667 0.010833 0.091667
2 0.488333 0.421667 0.034167 0.100000
3 0.599167 0.331667 0.008333 0.016667
3 0.498333 0.265000 0.009167 0.015000
2 0.530000 0.430000 0.023333 0.041667
2 0.524167 0.728333 0.023333 0.106667
2 0.740833 0.726667 0.009167 0.040000
2 0.565833 0.653333 0.015833 0.068333
3 0.725833 0.608333 0.008333 0.016667
2 0.747500 0.685000 0.009167 0.040000
3 0.720000 0.661667 0.008333 0.016667
2 0.797500 0.361667 0.020833 0.028333
3 0.320833 0.356667 0.011667 0.030000
2 0.437500 0.640000 0.058333 0.076667
3 0.342500 0.308333 0.010000 0.020000
2 0.514167 0.835000 0.009167 0.031667
2 0.515000 0.371667 0.048333 0.025000
2 0.669167 0.358333 0.097500 0.053333
3 0.765833 0.713333 0.006667 0.018333
3 0.318333 0.376667 0.007500 0.018333
3 0.793333 0.645000 0.008333 0.016667
2 0.657500 0.363333 0.048333 0.043333
3 0.344167 0.720000 0.010833 0.013333
3 0.226667 0.736667 0.006667 0.018333
2 0.700833 0.266667 0.015833 0.068333
3 0.511667 0.651667 0.014167 0.025000
2 0.405833 0.718333 0.021667 0.090000
3 0.540833 0.201667 0.014167 0.025000
3 0.310000 0.301667 0.010833 0.023333
3 0.376667 0.796667 0.009167 0.016667
2 0.506667 0.815000 0.011667 0.025000
3 0.332500 0.753333 0.010833 0.013333
3 0.746667 0.700000 0.010833 0.013333
2 0.750000 0.690000 0.015833 0.068333
3 0.432500 0.760000 0.010833 0.023333
2 0.342500 0.608333 0.027500 0.016667
2 0.540000 0.436667 0.030833 0.051667
3 0.303333 0.145000 0.010833 0.013333
2 0.665833 0.450000 0.021667 0.090000
3 0.691667 0.668333 0.007500 0.016667
2 0.596667 0.698333 0.009167 0.040000
3 0.622500 0.346667 0.011667 0.030000
2 0.173333 0.430000 0.013333 0.070000
2 0.630000 0.635000 0.023333 0.106667
3 0.326667 0.338333 0.013333 0.015000
3 0.443333 0.345000 0.010000 0.020000
3 0.338333 0.875000 0.017500 0.031667
2 0.672500 0.356667 0.020833 0.028333
3 0.343333 0.231667 0.009167 0.018333
2 0.644167 0.381667 0.013333 0.070000
3 0.685833 0.710000 0.009167 0.016667
3 0.487500 0.291667 0.011667 0.030000
3 0.747500 0.615000 0.007500 0.016667
3 0.695833 0.345000 0.008333 0.016667
2 0.626667 0.636667 0.048333 0.025000
3 0.601667 0.750000 0.009167 0.023333
3 0.683333 0.361667 0.014167 0.025000
3 0.540833 0.728333 0.008333 0.021667
2 0.725000 0.323333 0.034167 0.038333
2 0.678333 0.355000 0.026667 0.035000
2 0.735000 0.690000 0.014167 0.015000
2 0.372500 0.413333 0.020833 0.080000
3 0.242500 0.856667 0.009167 0.016667
2 0.660833 0.368333 0.011667 0.066667
2 0.547500 0.365000 0.023333 0.106667
3 0.796667 0.660000 0.009167 0.016667
2 0.699167 0.668333 0.017500 0.116667
2 0.568333 0.776667 0.010000 0.031667
3 0.329167 0.341667 0.008333 0.016667
3 0.570000 0.695000 0.009167 0.016667
2 0.264167 0.725000 0.023333 0.041667
2 0.254167 0.686667 0.009167 0.040000
2 0.254167 0.686667 0.009167 0.040000
3 0.735000 0.703333 0.008333 0.016667
3 0.480833 0.638333 0.007500 0.015000
3 0.555833 0.420000 0.013333 0.015000
2 0.633333 0.323333 0.020833 0.080000
2 0.300000 0.345000 0.048333 0.043333
3 0.558333 0.663333 0.010833 0.013333
2 0.653333 0.663333 0.027500 0.016667
3 0.379167 0.380000 0.007500 0.015000
2 0.678333 0.320000 0.011667 0.066667
3 0.693333 0.341667 0.008333 0.016667
3 0.482500 0.251667 0.014167 0.025000
3 0.810833 0.613333 0.007500 0.016667
3 0.741667 0.750000 0.008333 0.021667
2 0.456667 0.725000 0.023333 0.106667
3 0.340000 0.388333 0.008333 0.016667
2 0.256667 0.390000 0.013333 0.070000
2 0.744167 0.428333 0.034167 0.100000
3 0.454167 0.300000 0.009167 0.023333
2 0.684167 0.320000 0.019167 0.046667
3 0.422500 0.365000 0.009167 0.016667
2 0.639167 0.470000 0.010833 0.091667
2 0.639167 0.351667 0.010000 0.031667
2 0.414167 0.740000 0.011667 0.025000
3 0.692500 0.618333 0.007500 0.015000
2 0.757500 0.698333 0.048333 0.043333
3 0.355833 0.645000 0.013333 0.031667
3 0.680833 0.386667 0.010000 0.020000
2 0.761667 0.373333 0.010833 0.091667
3 0.292500 0.778333 0.009167 0.016667
3 0.676667 0.370000 0.009167 0.016667
3 0.437500 0.745000 0.007500 0.015000
2 0.525000 0.406667 0.027500 0.016667
3 0.341667 0.230000 0.013333 0.015000
3 0.734167 0.591667 0.008333 0.021667
