4 0.849167 0.603333 0.064167 0.073333
4 0.858333 0.491667 0.125000 0.120000
4 0.855833 0.375000 0.051667 0.023333
4 0.745000 0.440000 0.189167 0.331667
4 0.846667 0.473333 0.123333 0.051667
4 0.835833 0.420000 0.060000 0.120000
4 0.817500 0.691667 0.120833 0.178333
4 0.815000 0.648333 0.055833 0.085000
4 0.774167 0.718333 0.233333 0.200000
4 0.869167 0.570000 0.128333 0.070000
4 0.375833 0.490000 0.059167 0.046667
4 0.143333 0.646667 0.074167 0.191667
4 0.251667 0.530000 0.035000 0.091667
4 0.030000 0.571667 0.060833 0.091667
4 0.120833 0.525000 0.068333 0.048333
4 0.268333 0.626667 0.159167 0.238333
4 0.665833 0.600000 0.084167 0.081667
4 0.387500 0.546667 0.064167 0.028333
4 0.223333 0.528333 0.036667 0.066667
4 0.099167 0.568333 0.076667 0.045000
3 0.682500 0.481667 0.007500 0.018333
3 0.405000 0.448333 0.010833 0.013333
2 0.471667 0.630000 0.013333 0.070000
2 0.507500 0.495000 0.013333 0.070000
2 0.608333 0.573333 0.010000 0.031667
3 0.343333 0.506667 0.010833 0.023333
2 0.746667 0.546667 0.034167 0.100000
3 0.161667 0.565000 0.006667 0.018333
3 0.258333 0.495000 0.009167 0.016667
3 0.420833 0.561667 0.017500 0.031667
2 0.710000 0.533333 0.021667 0.090000
3 0.206667 0.441667 0.007500 0.018333
3 0.271667 0.538333 0.011667 0.020000
3 0.263333 0.595000 0.007500 0.015000
2 0.450000 0.595000 0.010833 0.091667
2 0.086667 0.548333 0.030833 0.051667
2 0.537500 0.525000 0.020833 0.028333
3 0.675000 0.546667 0.008333 0.021667
2 0.641667 0.543333 0.015833 0.068333
3 0.026667 0.521667 0.009167 0.016667
3 0.727500 0.531667 0.011667 0.020000
3 0.358333 0.583333 0.009167 0.023333
2 0.284167 0.533333 0.020833 0.028333
3 0.671667 0.471667 0.008333 0.016667
2 0.061667 0.548333 0.035000 0.105000
2 0.617500 0.590000 0.011667 0.066667
3 0.319167 0.518333 0.013333 0.031667
3 0.501667 0.588333 0.008333 0.016667
2 0.484167 0.418333 0.027500 0.016667
2 0.363333 0.580000 0.013333 0.070000
3 0.701667 0.580000 0.011667 0.020000
2 0.705000 0.556667 0.048333 0.043333
2 0.703333 0.608333 0.021667 0.090000
3 0.175000 0.610000 0.007500 0.018333
3 0.350000 0.498333 0.013333 0.031667
2 0.498333 0.565000 0.023333 0.041667
2 0.241667 0.508333 0.017500 0.116667
2 0.340833 0.463333 0.034167 0.038333
3 0.475833 0.588333 0.007500 0.018333
3 0.440833 0.486667 0.008333 0.016667
3 0.144167 0.526667 0.007500 0.018333
2 0.313333 0.538333 0.015833 0.068333
3 0.175833 0.513333 0.008333 0.016667
2 0.515000 0.516667 0.009167 0.040000
2 0.763333 0.583333 0.022500 0.023333
2 0.227500 0.466667 0.010000 0.031667
3 0.240000 0.510000 0.010000 0.016667
2 0.429167 0.460000 0.034167 0.038333
2 0.324167 0.531667 0.022500 0.023333
3 0.668333 0.471667 0.014167 0.025000
2 0.143333 0.458333 0.022500 0.023333
2 0.284167 0.575000 0.010833 0.091667
2 0.680833 0.513333 0.010000 0.031667
2 0.455833 0.583333 0.023333 0.041667
3 0.781667 0.453333 0.009167 0.016667
2 0.163333 0.611667 0.020833 0.080000
3 0.636667 0.571667 0.010000 0.016667
2 0.686667 0.476667 0.010000 0.031667
2 0.341667 0.488333 0.009167 0.040000
3 0.738333 0.565000 0.008333 0.016667
3 0.559167 0.471667 0.014167 0.025000
2 0.443333 0.636667 0.020833 0.080000
3 0.256667 0.486667 0.006667 0.018333
3 0.485833 0.510000 0.007500 0.015000
2 0.562500 0.450000 0.020833 0.080000
2 0.638333 0.480000 0.026667 0.035000
3 0.480000 0.465000 0.007500 0.015000
3 0.393333 0.600000 0.017500 0.031667
3 0.351667 0.455000 0.010833 0.023333
2 0.775833 0.473333 0.029167 0.038333
2 0.405000 0.556667 0.023333 0.041667
3 0.756667 0.451667 0.010000 0.016667
2 0.255000 0.465000 0.020833 0.080000
2 0.374167 0.513333 0.026667 0.035000
3 0.550833 0.575000 0.013333 0.031667
2 0.248333 0.500000 0.010833 0.091667
3 0.313333 0.536667 0.013333 0.031667
3 0.107500 0.461667 0.007500 0.016667
3 0.262500 0.565000 0.010000 0.016667
2 0.143333 0.501667 0.010000 0.031667
3 0.179167 0.488333 0.009167 0.015000
3 0.431667 0.490000 0.008333 0.016667
3 0.040000 0.568333 0.009167 0.016667
3 0.124167 0.528333 0.007500 0.018333
2 0.651667 0.570000 0.029167 0.038333
3 0.292500 0.506667 0.009167 0.015000
3 0.625000 0.456667 0.007500 0.018333
2 0.596667 0.576667 0.019167 0.046667
2 0.319167 0.475000 0.034167 0.100000
2 0.595833 0.606667 0.011667 0.025000
3 0.700833 0.448333 0.007500 0.016667
3 0.578333 0.483333 0.010000 0.016667
2 0.080000 0.471667 0.017500 0.116667
3 0.827500 0.335000 0.008333 0.016667
3 0.681667 0.456667 0.009167 0.016667
2 0.208333 0.578333 0.026667 0.035000
2 0.789167 0.571667 0.058333 0.076667
2 0.230000 0.543333 0.015833 0.068333
2 0.768333 0.556667 0.019167 0.046667
3 0.394167 0.540000 0.008333 0.021667
2 0.525833 0.568333 0.029167 0.038333
2 0.745000 0.591667 0.034167 0.100000
2 0.661667 0.345000 0.034167 0.100000
3 0.516667 0.720000 0.007500 0.018333
2 0.338333 0.731667 0.023333 0.106667
3 0.295833 0.863333 0.009167 0.016667
3 0.350833 0.738333 0.009167 0.018333
2 0.176667 0.358333 0.035000 0.105000
2 0.614167 0.393333 0.026667 0.035000
2 0.786667 0.613333 0.029167 0.038333
3 0.310833 0.398333 0.008333 0.016667
2 0.515833 0.223333 0.020000 0.021667
2 0.683333 0.373333 0.013333 0.070000
2 0.547500 0.681667 0.013333 0.070000
3 0.805833 0.428333 0.010833 0.013333
3 0.751667 0.315000 0.008333 0.016667
2 0.392500 0.333333 0.035000 0.105000
3 0.542500 0.341667 0.008333 0.016667
3 0.489167 0.641667 0.007500 0.016667
2 0.673333 0.655000 0.011667 0.066667
3 0.696667 0.368333 0.010000 0.016667
2 0.784167 0.671667 0.020833 0.028333
2 0.439167 0.341667 0.010000 0.031667
3 0.525000 0.616667 0.013333 0.031667
3 0.158333 0.410000 0.009167 0.015000
3 0.420833 0.395000 0.013333 0.015000
3 0.489167 0.286667 0.007500 0.015000
2 0.704167 0.428333 0.010000 0.031667
2 0.516667 0.356667 0.020000 0.021667
3 0.260833 0.698333 0.011667 0.020000
3 0.494167 0.338333 0.010833 0.013333
2 0.418333 0.698333 0.013333 0.070000
3 0.314167 0.206667 0.008333 0.016667
2 0.825000 0.390000 0.019167 0.046667
2 0.429167 0.748333 0.010000 0.031667
2 0.218333 0.743333 0.023333 0.041667
3 0.359167 0.313333 0.007500 0.015000
3 0.670000 0.441667 0.017500 0.031667
2 0.415833 0.383333 0.097500 0.053333
3 0.351667 0.661667 0.009167 0.018333
2 0.389167 0.760000 0.058333 0.076667
3 0.730833 0.720000 0.009167 0.016667
2 0.702500 0.646667 0.009167 0.031667
3 0.412500 0.683333 0.010833 0.023333
2 0.678333 0.375000 0.009167 0.031667
3 0.475833 0.366667 0.007500 0.016667
3 0.540000 0.735000 0.008333 0.016667
3 0.656667 0.668333 0.008333 0.016667
3 0.759167 0.365000 0.010000 0.016667
3 0.364167 0.618333 0.013333 0.031667
3 0.537500 0.648333 0.011667 0.020000
2 0.553333 0.203333 0.035000 0.105000
3 0.313333 0.718333 0.007500 0.016667
2 0.773333 0.420000 0.014167 0.015000
3 0.453333 0.270000 0.009167 0.016667
3 0.515833 0.598333 0.009167 0.015000
2 0.658333 0.663333 0.027500 0.016667
2 0.644167 0.426667 0.013333 0.070000
3 0.676667 0.366667 0.013333 0.031667
2 0.745833 0.373333 0.097500 0.053333
3 0.728333 0.300000 0.013333 0.015000
3 0.645000 0.363333 0.007500 0.015000
3 0.303333 0.153333 0.011667 0.030000
3 0.703333 0.730000 0.010833 0.023333
3 0.693333 0.620000 0.006667 0.018333
2 0.798333 0.373333 0.011667 0.025000
3 0.789167 0.415000 0.007500 0.015000
2 0.290833 0.361667 0.045833 0.021667
2 0.311667 0.368333 0.020833 0.028333
2 0.476667 0.398333 0.030833 0.051667
3 0.184167 0.648333 0.010833 0.013333
2 0.640833 0.656667 0.010000 0.031667
2 0.253333 0.346667 0.019167 0.046667
3 0.558333 0.320000 0.008333 0.016667
3 0.241667 0.221667 0.009167 0.015000
2 0.442500 0.623333 0.035000 0.105000
3 0.461667 0.665000 0.007500 0.015000
3 0.618333 0.326667 0.008333 0.016667
3 0.616667 0.368333 0.013333 0.015000
2 0.683333 0.725000 0.034167 0.038333
2 0.313333 0.696667 0.015833 0.068333
3 0.490833 0.316667 0.013333 0.015000
2 0.318333 0.331667 0.029167 0.038333
2 0.675000 0.716667 0.023333 0.106667
3 0.387500 0.365000 0.009167 0.018333
2 0.400833 0.691667 0.022500 0.023333
2 0.418333 0.768333 0.015833 0.068333
3 0.773333 0.346667 0.009167 0.016667
3 0.716667 0.656667 0.013333 0.031667
3 0.355000 0.281667 0.008333 0.016667
3 0.237500 0.388333 0.007500 0.015000
3 0.496667 0.366667 0.008333 0.016667
3 0.773333 0.608333 0.011667 0.030000
3 0.655000 0.395000 0.010000 0.016667
2 0.562500 0.575000 0.035000 0.105000
3 0.496667 0.343333 0.006667 0.018333
3 0.471667 0.646667 0.009167 0.023333
3 0.350833 0.333333 0.009167 0.018333
2 0.516667 0.290000 0.013333 0.070000
3 0.700833 0.438333 0.015833 0.051667
2 0.439167 0.355000 0.045833 0.021667
2 0.237500 0.838333 0.019167 0.046667
2 0.234167 0.740000 0.027500 0.016667
2 0.699167 0.998333 0.030833 0.001667
3 0.315833 0.375000 0.009167 0.023333
3 0.593333 0.163333 0.009167 0.023333
3 0.448333 0.651667 0.009167 0.015000
2 0.524167 0.366667 0.026667 0.035000
3 0.369167 0.353333 0.015833 0.051667
2 0.475833 0.310000 0.023333 0.041667
3 0.789167 0.345000 0.007500 0.018333
2 0.796667 0.380000 0.019167 0.046667
3 0.702500 0.670000 0.013333 0.031667
2 0.329167 0.218333 0.029167 0.038333
3 0.645833 0.403333 0.009167 0.023333
3 0.642500 0.408333 0.015833 0.051667
3 0.661667 0.390000 0.014167 0.025000
2 0.740833 0.306667 0.029167 0.038333
3 0.683333 0.358333 0.013333 0.031667
2 0.516667 0.211667 0.011667 0.066667
2 0.754167 0.610000 0.023333 0.106667
2 0.572500 0.766667 0.009167 0.031667
2 0.655000 0.406667 0.020833 0.080000
2 0.800833 0.696667 0.020833 0.080000
2 0.687500 0.303333 0.020833 0.080000
2 0.705833 0.608333 0.029167 0.038333
3 0.821667 0.368333 0.007500 0.018333
2 0.593333 0.158333 0.010000 0.031667
3 0.525833 0.758333 0.006667 0.018333
2 0.700000 0.700000 0.027500 0.016667
3 0.728333 0.716667 0.010000 0.016667
3 0.724167 0.401667 0.007500 0.018333
2 0.239167 0.408333 0.026667 0.035000
2 0.609167 0.366667 0.027500 0.016667
3 0.713333 0.438333 0.007500 0.015000
3 0.691667 0.670000 0.008333 0.016667
2 0.441667 0.826667 0.014167 0.015000
3 0.785000 0.341667 0.011667 0.030000
2 0.340833 0.665000 0.014167 0.015000
2 0.743333 0.680000 0.030833 0.051667
3 0.775833 0.415000 0.009167 0.016667
3 0.660000 0.361667 0.009167 0.016667
3 0.354167 0.283333 0.009167 0.016667
2 0.570000 0.636667 0.029167 0.038333
3 0.380833 0.760000 0.007500 0.018333
2 0.398333 0.658333 0.020000 0.021667
3 0.327500 0.390000 0.007500 0.016667
2 0.268333 0.731667 0.020833 0.028333
3 0.322500 0.390000 0.015833 0.051667
2 0.142500 0.635000 0.009167 0.040000
2 0.440833 0.921667 0.013333 0.070000
2 0.302500 0.376667 0.022500 0.023333
3 0.490833 0.741667 0.011667 0.030000
3 0.545833 0.315000 0.010000 0.020000
3 0.631667 0.378333 0.006667 0.018333
2 0.521667 0.373333 0.026667 0.035000
3 0.779167 0.325000 0.009167 0.016667
3 0.728333 0.681667 0.008333 0.016667
2 0.445000 0.388333 0.034167 0.100000
2 0.456667 0.338333 0.011667 0.025000
3 0.645000 0.383333 0.010000 0.020000
2 0.794167 0.753333 0.034167 0.100000
3 0.302500 0.648333 0.011667 0.030000
2 0.677500 0.276667 0.045833 0.021667
2 0.385833 0.798333 0.021667 0.090000
3 0.432500 0.743333 0.008333 0.016667
2 0.472500 0.851667 0.013333 0.070000
3 0.692500 0.388333 0.011667 0.020000
3 0.691667 0.670000 0.008333 0.016667
2 0.675833 0.731667 0.048333 0.025000
3 0.394167 0.378333 0.010833 0.013333
2 0.480000 0.888333 0.021667 0.090000
2 0.720000 0.373333 0.020833 0.080000
3 0.710000 0.365000 0.013333 0.031667
3 0.712500 0.691667 0.009167 0.023333
2 0.800833 0.626667 0.022500 0.023333
2 0.525000 0.998333 0.020833 0.001667
2 0.285000 0.265000 0.020833 0.080000
3 0.548333 0.660000 0.011667 0.030000
3 0.621667 0.398333 0.007500 0.018333
2 0.682500 0.685000 0.030833 0.051667
3 0.528333 0.406667 0.007500 0.015000
3 0.450833 0.646667 0.017500 0.031667
2 0.715833 0.628333 0.020833 0.080000
2 0.275833 0.370000 0.020833 0.080000
2 0.375000 0.658333 0.009167 0.040000
2 0.616667 0.375000 0.020833 0.028333
3 0.443333 0.345000 0.009167 0.016667
3 0.510000 0.738333 0.009167 0.016667
2 0.429167 0.763333 0.009167 0.031667
2 0.442500 0.138333 0.014167 0.015000
3 0.562500 0.431667 0.007500 0.015000
3 0.452500 0.226667 0.017500 0.031667
3 0.545000 0.621667 0.007500 0.016667
2 0.380000 0.705000 0.020000 0.021667
3 0.322500 0.760000 0.008333 0.016667
2 0.307500 0.301667 0.011667 0.025000
3 0.768333 0.383333 0.007500 0.016667
2 0.666667 0.658333 0.020000 0.021667
3 0.405000 0.730000 0.011667 0.030000
