4 0.767500 0.548333 0.163333 0.085000
4 0.822500 0.568333 0.125833 0.055000
4 0.760833 0.373333 0.189167 0.276667
4 0.808333 0.548333 0.186667 0.051667
4 0.860000 0.553333 0.135833 0.145000
4 0.786667 0.710000 0.128333 0.200000
4 0.795833 0.391667 0.153333 0.100000
4 0.820000 0.378333 0.070833 0.048333
4 0.809167 0.423333 0.118333 0.070000
4 0.813333 0.548333 0.229167 0.153333
4 0.106667 0.511667 0.096667 0.071667
4 0.174167 0.466667 0.063333 0.118333
4 0.745000 0.511667 0.060833 0.070000
4 0.106667 0.526667 0.100000 0.110000
4 0.360833 0.581667 0.081667 0.083333
4 0.134167 0.483333 0.051667 0.053333
4 0.120000 0.600000 0.193333 0.205000
4 0.471667 0.490000 0.039167 0.051667
4 0.185833 0.493333 0.093333 0.041667
4 0.024167 0.581667 0.049167 0.176667
2 0.489167 0.610000 0.010833 0.091667
2 0.213333 0.581667 0.014167 0.015000
3 0.653333 0.538333 0.007500 0.018333
2 0.635000 0.460000 0.058333 0.076667
3 0.293333 0.573333 0.010000 0.016667
2 0.267500 0.553333 0.058333 0.076667
3 0.046667 0.555000 0.006667 0.018333
3 0.180000 0.456667 0.008333 0.016667
2 0.409167 0.478333 0.017500 0.116667
3 0.499167 0.470000 0.008333 0.016667
2 0.367500 0.476667 0.009167 0.040000
3 0.622500 0.486667 0.009167 0.016667
2 0.121667 0.540000 0.045833 0.021667
3 0.140833 0.536667 0.011667 0.020000
2 0.185833 0.575000 0.022500 0.023333
3 0.720000 0.500000 0.006667 0.018333
2 0.391667 0.443333 0.045833 0.021667
2 0.280000 0.563333 0.017500 0.116667
3 0.117500 0.583333 0.013333 0.031667
3 0.615000 0.436667 0.013333 0.031667
2 0.076667 0.533333 0.023333 0.041667
3 0.270833 0.470000 0.007500 0.018333
2 0.804167 0.648333 0.034167 0.038333
2 0.560833 0.585000 0.020000 0.021667
3 0.317500 0.475000 0.010000 0.020000
2 0.815000 0.595000 0.027500 0.016667
2 0.598333 0.465000 0.035000 0.105000
3 0.087500 0.561667 0.009167 0.016667
2 0.688333 0.510000 0.010833 0.091667
2 0.126667 0.511667 0.013333 0.070000
3 0.606667 0.591667 0.007500 0.015000
2 0.344167 0.453333 0.045833 0.021667
2 0.413333 0.430000 0.009167 0.040000
2 0.566667 0.500000 0.009167 0.040000
2 0.373333 0.541667 0.017500 0.116667
3 0.154167 0.450000 0.009167 0.015000
3 0.470833 0.513333 0.015833 0.051667
3 0.206667 0.505000 0.008333 0.016667
2 0.475833 0.556667 0.034167 0.100000
3 0.338333 0.501667 0.015833 0.051667
2 0.442500 0.606667 0.009167 0.031667
2 0.578333 0.545000 0.034167 0.038333
2 0.676667 0.526667 0.034167 0.100000
3 0.355833 0.540000 0.015833 0.051667
2 0.610000 0.528333 0.023333 0.041667
3 0.200000 0.500000 0.009167 0.016667
2 0.066667 0.560000 0.009167 0.031667
2 0.728333 0.540000 0.009167 0.040000
3 0.454167 0.571667 0.009167 0.018333
3 0.435000 0.481667 0.010000 0.020000
2 0.535000 0.553333 0.097500 0.053333
3 0.523333 0.530000 0.009167 0.015000
2 0.400833 0.531667 0.010000 0.031667
2 0.376667 0.525000 0.029167 0.038333
3 0.232500 0.543333 0.013333 0.015000
2 0.186667 0.565000 0.010000 0.031667
2 0.290000 0.455000 0.058333 0.076667
3 0.560000 0.488333 0.011667 0.030000
3 0.135833 0.566667 0.009167 0.016667
2 0.145833 0.563333 0.020000 0.021667
3 0.109167 0.478333 0.006667 0.018333
3 0.795833 0.545000 0.007500 0.018333
2 0.276667 0.523333 0.045833 0.021667
2 0.278333 0.533333 0.026667 0.035000
2 0.715833 0.528333 0.020833 0.080000
3 0.817500 0.686667 0.015833 0.051667
2 0.570000 0.581667 0.010833 0.091667
2 0.790000 0.571667 0.013333 0.070000
2 0.310833 0.558333 0.027500 0.016667
3 0.341667 0.560000 0.010833 0.023333
2 0.270833 0.571667 0.021667 0.090000
2 0.379167 0.541667 0.021667 0.090000
2 0.166667 0.548333 0.026667 0.035000
3 0.085833 0.468333 0.007500 0.015000
3 0.015833 0.515000 0.011667 0.030000
2 0.324167 0.501667 0.010833 0.091667
2 0.108333 0.530000 0.029167 0.038333
2 0.228333 0.476667 0.015833 0.068333
2 0.167500 0.473333 0.048333 0.043333
2 0.625000 0.498333 0.011667 0.066667
2 0.315833 0.503333 0.034167 0.038333
3 0.449167 0.591667 0.010000 0.016667
3 0.492500 0.498333 0.007500 0.016667
3 0.112500 0.451667 0.009167 0.016667
3 0.170000 0.560000 0.009167 0.016667
2 0.203333 0.600000 0.026667 0.035000
2 0.605833 0.525000 0.020833 0.028333
2 0.019167 0.576667 0.017500 0.116667
3 0.125000 0.470000 0.010833 0.013333
3 0.149167 0.528333 0.011667 0.030000
2 0.250833 0.528333 0.020833 0.080000
3 0.571667 0.548333 0.017500 0.031667
2 0.671667 0.548333 0.034167 0.038333
2 0.765000 0.476667 0.023333 0.041667
3 0.817500 0.595000 0.008333 0.016667
2 0.469167 0.463333 0.030833 0.051667
3 0.532500 0.511667 0.013333 0.015000
2 0.654167 0.563333 0.023333 0.106667
2 0.392500 0.476667 0.026667 0.035000
2 0.263333 0.506667 0.034167 0.038333
3 0.490833 0.596667 0.010833 0.023333
2 0.252500 0.500000 0.048333 0.025000
3 0.344167 0.636667 0.009167 0.015000
3 0.643333 0.440000 0.007500 0.015000
2 0.335833 0.878333 0.023333 0.106667
2 0.585000 0.318333 0.048333 0.025000
2 0.538333 0.351667 0.010833 0.091667
2 0.691667 0.998333 0.045833 0.001667
3 0.668333 0.651667 0.013333 0.031667
3 0.751667 0.318333 0.017500 0.031667
2 0.264167 0.693333 0.097500 0.053333
3 0.791667 0.650000 0.009167 0.016667
2 0.324167 0.408333 0.013333 0.070000
3 0.750833 0.641667 0.014167 0.025000
2 0.500000 0.375000 0.030833 0.051667
2 0.348333 0.693333 0.009167 0.031667
3 0.320000 0.348333 0.007500 0.015000
2 0.490833 0.265000 0.022500 0.023333
2 0.750833 0.610000 0.048333 0.043333
2 0.778333 0.596667 0.014167 0.015000
2 0.693333 0.675000 0.009167 0.031667
3 0.800833 0.381667 0.006667 0.018333
3 0.789167 0.418333 0.008333 0.016667
2 0.417500 0.395000 0.058333 0.076667
2 0.685000 0.660000 0.020833 0.028333
3 0.798333 0.395000 0.007500 0.016667
3 0.762500 0.700000 0.013333 0.015000
2 0.304167 0.315000 0.011667 0.025000
2 0.753333 0.621667 0.010000 0.031667
3 0.361667 0.400000 0.009167 0.023333
3 0.595000 0.333333 0.010000 0.020000
3 0.286667 0.803333 0.013333 0.015000
3 0.672500 0.606667 0.008333 0.016667
3 0.704167 0.720000 0.009167 0.018333
2 0.298333 0.705000 0.029167 0.038333
2 0.280833 0.643333 0.048333 0.043333
3 0.704167 0.671667 0.007500 0.016667
2 0.720000 0.730000 0.022500 0.023333
3 0.660833 0.360000 0.007500 0.015000
2 0.447500 0.716667 0.097500 0.053333
2 0.662500 0.675000 0.014167 0.015000
3 0.395833 0.381667 0.007500 0.018333
3 0.436667 0.691667 0.007500 0.016667
2 0.386667 0.721667 0.020833 0.080000
2 0.723333 0.606667 0.011667 0.066667
2 0.750000 0.600000 0.029167 0.038333
3 0.312500 0.401667 0.009167 0.016667
3 0.489167 0.781667 0.007500 0.015000
3 0.583333 0.656667 0.006667 0.018333
2 0.704167 0.736667 0.026667 0.035000
3 0.386667 0.400000 0.007500 0.015000
3 0.640833 0.645000 0.007500 0.018333
3 0.305000 0.393333 0.009167 0.016667
2 0.130000 0.680000 0.034167 0.100000
3 0.655833 0.595000 0.011667 0.020000
3 0.582500 0.740000 0.009167 0.023333
3 0.778333 0.411667 0.009167 0.016667
3 0.703333 0.273333 0.014167 0.025000
2 0.314167 0.203333 0.058333 0.076667
3 0.705000 0.373333 0.007500 0.015000
3 0.780833 0.371667 0.010833 0.013333
3 0.349167 0.708333 0.008333 0.016667
3 0.419167 0.676667 0.011667 0.030000
3 0.302500 0.746667 0.008333 0.016667
3 0.305000 0.735000 0.008333 0.016667
3 0.550833 0.756667 0.010000 0.016667
3 0.277500 0.375000 0.009167 0.018333
3 0.480833 0.296667 0.006667 0.018333
2 0.710833 0.803333 0.034167 0.100000
2 0.565000 0.668333 0.020833 0.080000
3 0.466667 0.138333 0.008333 0.016667
2 0.743333 0.700000 0.017500 0.116667
3 0.704167 0.430000 0.010000 0.016667
3 0.541667 0.280000 0.008333 0.016667
2 0.619167 0.341667 0.020833 0.028333
2 0.567500 0.616667 0.015833 0.068333
2 0.527500 0.750000 0.034167 0.100000
3 0.445000 0.375000 0.009167 0.015000
3 0.755833 0.386667 0.006667 0.018333
2 0.657500 0.626667 0.029167 0.038333
3 0.345833 0.371667 0.006667 0.018333
2 0.631667 0.435000 0.013333 0.070000
2 0.675000 0.371667 0.017500 0.116667
3 0.516667 0.331667 0.008333 0.016667
2 0.645000 0.345000 0.014167 0.015000
3 0.530000 0.390000 0.007500 0.015000
2 0.280000 0.426667 0.013333 0.070000
3 0.590000 0.746667 0.008333 0.016667
2 0.481667 0.336667 0.045833 0.021667
2 0.260000 0.731667 0.023333 0.106667
2 0.678333 0.623333 0.015833 0.068333
3 0.830000 0.405000 0.009167 0.015000
2 0.811667 0.381667 0.011667 0.066667
3 0.761667 0.386667 0.009167 0.016667
3 0.280000 0.338333 0.017500 0.031667
2 0.796667 0.656667 0.010000 0.031667
2 0.728333 0.705000 0.026667 0.035000
2 0.521667 0.255000 0.048333 0.025000
3 0.777500 0.595000 0.007500 0.018333
2 0.716667 0.351667 0.097500 0.053333
3 0.482500 0.208333 0.013333 0.015000
3 0.554167 0.358333 0.009167 0.016667
3 0.404167 0.393333 0.017500 0.031667
3 0.486667 0.258333 0.009167 0.016667
3 0.530000 0.363333 0.010000 0.020000
2 0.665833 0.331667 0.009167 0.040000
2 0.240833 0.383333 0.029167 0.038333
2 0.420833 0.718333 0.035000 0.105000
2 0.262500 0.420000 0.034167 0.100000
2 0.016667 0.626667 0.034167 0.100000
3 0.366667 0.615000 0.007500 0.015000
3 0.700000 0.260000 0.006667 0.018333
2 0.691667 0.638333 0.023333 0.106667
3 0.748333 0.446667 0.009167 0.016667
3 0.307500 0.293333 0.009167 0.018333
2 0.791667 0.295000 0.035000 0.105000
3 0.711667 0.363333 0.009167 0.018333
2 0.485833 0.255000 0.011667 0.066667
2 0.637500 0.371667 0.029167 0.038333
3 0.228333 0.661667 0.007500 0.015000
3 0.224167 0.306667 0.008333 0.016667
3 0.227500 0.708333 0.006667 0.018333
3 0.743333 0.285000 0.008333 0.016667
3 0.695833 0.355000 0.013333 0.015000
2 0.308333 0.643333 0.019167 0.046667
3 0.667500 0.341667 0.007500 0.018333
3 0.315833 0.790000 0.009167 0.016667
2 0.544167 0.613333 0.015833 0.068333
3 0.793333 0.643333 0.008333 0.016667
3 0.716667 0.606667 0.007500 0.015000
2 0.643333 0.401667 0.048333 0.025000
2 0.262500 0.353333 0.035000 0.105000
3 0.270833 0.865000 0.007500 0.018333
2 0.646667 0.691667 0.097500 0.053333
2 0.519167 0.673333 0.020833 0.028333
2 0.587500 0.660000 0.058333 0.076667
2 0.475833 0.166667 0.048333 0.025000
3 0.695000 0.676667 0.007500 0.015000
2 0.716667 0.605000 0.020833 0.028333
2 0.405833 0.381667 0.013333 0.070000
3 0.746667 0.781667 0.008333 0.016667
3 0.540000 0.691667 0.013333 0.031667
2 0.610000 0.375000 0.034167 0.038333
2 0.377500 0.661667 0.030833 0.051667
2 0.364167 0.786667 0.034167 0.038333
2 0.561667 0.638333 0.045833 0.021667
3 0.559167 0.273333 0.009167 0.016667
2 0.678333 0.403333 0.020833 0.028333
3 0.734167 0.370000 0.007500 0.015000
3 0.638333 0.400000 0.009167 0.016667
3 0.550833 0.236667 0.009167 0.016667
3 0.623333 0.655000 0.009167 0.018333
3 0.695833 0.765000 0.010833 0.013333
3 0.420833 0.656667 0.009167 0.016667
2 0.270000 0.873333 0.009167 0.031667
3 0.294167 0.246667 0.008333 0.016667
2 0.281667 0.701667 0.019167 0.046667
3 0.308333 0.715000 0.009167 0.016667
2 0.499167 0.335000 0.023333 0.041667
2 0.584167 0.328333 0.058333 0.076667
2 0.297500 0.365000 0.045833 0.021667
3 0.511667 0.260000 0.008333 0.016667
2 0.508333 0.418333 0.017500 0.116667
2 0.593333 0.700000 0.015833 0.068333
3 0.429167 0.736667 0.014167 0.025000
2 0.525000 0.350000 0.017500 0.116667
3 0.291667 0.785000 0.006667 0.018333
2 0.306667 0.751667 0.030833 0.051667
3 0.325000 0.743333 0.006667 0.018333
3 0.524167 0.760000 0.009167 0.023333
2 0.490000 0.681667 0.058333 0.076667
2 0.732500 0.628333 0.009167 0.031667
3 0.288333 0.768333 0.009167 0.016667
3 0.603333 0.320000 0.015833 0.051667
2 0.421667 0.326667 0.011667 0.066667
2 0.693333 0.281667 0.014167 0.015000
2 0.588333 0.573333 0.027500 0.016667
2 0.701667 0.421667 0.019167 0.046667
2 0.790833 0.403333 0.026667 0.035000
2 0.405000 0.723333 0.009167 0.031667
3 0.715833 0.605000 0.006667 0.018333
2 0.459167 0.338333 0.023333 0.041667
2 0.738333 0.608333 0.023333 0.106667
3 0.765000 0.711667 0.007500 0.015000
3 0.484167 0.750000 0.013333 0.015000
3 0.670833 0.405000 0.009167 0.015000
2 0.793333 0.715000 0.048333 0.043333
2 0.803333 0.621667 0.023333 0.041667
3 0.313333 0.373333 0.008333 0.016667
2 0.468333 0.315000 0.030833 0.051667
2 0.573333 0.210000 0.010833 0.091667
2 0.807500 0.400000 0.020000 0.021667
2 0.670833 0.755000 0.020833 0.080000
3 0.243333 0.855000 0.008333 0.016667
2 0.651667 0.320000 0.019167 0.046667
2 0.407500 0.378333 0.048333 0.025000
2 0.416667 0.726667 0.027500 0.016667
2 0.517500 0.406667 0.029167 0.038333
2 0.262500 0.643333 0.048333 0.025000
2 0.302500 0.320000 0.014167 0.015000
