4 0.880833 0.531667 0.079167 0.146667
4 0.801667 0.573333 0.118333 0.050000
4 0.882500 0.435000 0.065833 0.046667
4 0.890000 0.591667 0.056667 0.108333
4 0.827500 0.461667 0.107500 0.135000
4 0.820833 0.493333 0.188333 0.076667
4 0.792500 0.595000 0.210000 0.111667
4 0.827500 0.525000 0.081667 0.141667
4 0.879167 0.666667 0.048333 0.023333
4 0.851667 0.560000 0.057500 0.078333
4 0.442500 0.603333 0.059167 0.140000
4 0.550000 0.575000 0.051667 0.108333
4 0.600833 0.461667 0.175833 0.126667
4 0.405833 0.656667 0.071667 0.208333
4 0.254167 0.585000 0.068333 0.050000
4 0.720000 0.466667 0.093333 0.130000
4 0.393333 0.476667 0.230833 0.171667
4 0.102500 0.783333 0.205000 0.433333
4 0.184167 0.605000 0.133333 0.173333
4 0.440833 0.505000 0.052500 0.050000
3 0.221667 0.575000 0.007500 0.018333
3 0.710833 0.551667 0.009167 0.023333
2 0.537500 0.513333 0.058333 0.076667
3 0.635000 0.528333 0.008333 0.021667
3 0.342500 0.563333 0.011667 0.030000
3 0.423333 0.488333 0.008333 0.016667
3 0.560000 0.515000 0.008333 0.016667
3 0.168333 0.473333 0.007500 0.015000
2 0.071667 0.563333 0.023333 0.041667
2 0.627500 0.591667 0.030833 0.051667
2 0.756667 0.441667 0.011667 0.066667
3 0.293333 0.510000 0.007500 0.015000
3 0.122500 0.501667 0.008333 0.016667
3 0.584167 0.465000 0.007500 0.015000
2 0.387500 0.596667 0.034167 0.100000
2 0.264167 0.436667 0.015833 0.068333
2 0.496667 0.546667 0.010000 0.031667
3 0.310833 0.501667 0.017500 0.031667
3 0.199167 0.505000 0.007500 0.018333
3 0.652500 0.480000 0.009167 0.016667
3 0.308333 0.501667 0.015833 0.051667
2 0.213333 0.461667 0.022500 0.023333
3 0.619167 0.470000 0.008333 0.021667
3 0.426667 0.590000 0.007500 0.015000
3 0.607500 0.535000 0.009167 0.015000
3 0.639167 0.490000 0.007500 0.018333
3 0.248333 0.550000 0.008333 0.016667
2 0.570000 0.515000 0.048333 0.025000
3 0.821667 0.513333 0.007500 0.016667
2 0.538333 0.470000 0.011667 0.066667
3 0.714167 0.555000 0.009167 0.016667
2 0.112500 0.560000 0.026667 0.035000
3 0.823333 0.340000 0.007500 0.018333
2 0.563333 0.615000 0.021667 0.090000
3 0.495000 0.601667 0.008333 0.016667
2 0.223333 0.611667 0.013333 0.070000
2 0.539167 0.521667 0.019167 0.046667
3 0.488333 0.405000 0.010833 0.013333
2 0.460000 0.455000 0.022500 0.023333
2 0.485000 0.598333 0.048333 0.025000
2 0.565000 0.553333 0.023333 0.041667
2 0.651667 0.465000 0.015833 0.068333
2 0.230000 0.528333 0.030833 0.051667
3 0.307500 0.528333 0.015833 0.051667
2 0.402500 0.586667 0.010000 0.031667
3 0.641667 0.491667 0.008333 0.016667
2 0.150000 0.473333 0.048333 0.043333
3 0.802500 0.521667 0.010000 0.020000
2 0.801667 0.576667 0.026667 0.035000
2 0.823333 0.636667 0.013333 0.070000
3 0.105833 0.485000 0.017500 0.031667
3 0.180833 0.531667 0.009167 0.016667
3 0.732500 0.475000 0.009167 0.015000
3 0.260000 0.468333 0.009167 0.023333
3 0.259167 0.510000 0.010833 0.013333
3 0.521667 0.535000 0.009167 0.016667
3 0.409167 0.521667 0.010000 0.020000
3 0.032500 0.503333 0.007500 0.015000
3 0.127500 0.448333 0.008333 0.016667
2 0.254167 0.458333 0.009167 0.031667
3 0.129167 0.493333 0.011667 0.020000
3 0.640000 0.480000 0.007500 0.016667
3 0.407500 0.563333 0.011667 0.030000
2 0.199167 0.550000 0.035000 0.105000
2 0.412500 0.576667 0.048333 0.025000
2 0.690833 0.531667 0.027500 0.016667
2 0.388333 0.511667 0.009167 0.031667
3 0.560833 0.465000 0.008333 0.016667
3 0.608333 0.503333 0.007500 0.018333
2 0.497500 0.591667 0.026667 0.035000
2 0.109167 0.561667 0.015833 0.068333
3 0.810000 0.515000 0.010833 0.023333
3 0.487500 0.503333 0.010000 0.016667
2 0.342500 0.481667 0.009167 0.031667
3 0.134167 0.561667 0.013333 0.015000
3 0.330833 0.635000 0.015833 0.051667
2 0.468333 0.516667 0.048333 0.043333
2 0.579167 0.483333 0.020833 0.028333
3 0.215833 0.553333 0.007500 0.015000
3 0.481667 0.463333 0.008333 0.016667
2 0.753333 0.566667 0.015833 0.068333
3 0.484167 0.418333 0.008333 0.016667
3 0.548333 0.553333 0.007500 0.018333
2 0.610000 0.493333 0.022500 0.023333
3 0.085833 0.546667 0.007500 0.015000
3 0.730000 0.565000 0.011667 0.020000
3 0.128333 0.568333 0.009167 0.016667
2 0.080000 0.501667 0.045833 0.021667
2 0.410000 0.576667 0.034167 0.038333
3 0.488333 0.470000 0.010000 0.016667
2 0.684167 0.516667 0.011667 0.066667
2 0.817500 0.563333 0.011667 0.025000
2 0.271667 0.550000 0.013333 0.070000
3 0.225833 0.501667 0.014167 0.025000
2 0.740833 0.540000 0.011667 0.025000
2 0.255833 0.590000 0.022500 0.023333
3 0.778333 0.503333 0.007500 0.015000
3 0.798333 0.485000 0.006667 0.018333
3 0.184167 0.511667 0.009167 0.018333
2 0.233333 0.546667 0.034167 0.038333
2 0.465833 0.465000 0.058333 0.076667
2 0.685833 0.533333 0.020833 0.028333
2 0.770000 0.371667 0.034167 0.038333
3 0.546667 0.315000 0.007500 0.015000
3 0.535000 0.691667 0.009167 0.016667
2 0.306667 0.641667 0.011667 0.066667
2 0.294167 0.676667 0.021667 0.090000
3 0.688333 0.281667 0.009167 0.018333
3 0.660000 0.390000 0.010833 0.013333
3 0.544167 0.296667 0.009167 0.016667
3 0.390833 0.366667 0.015833 0.051667
2 0.584167 0.741667 0.029167 0.038333
3 0.540833 0.445000 0.010833 0.023333
2 0.660000 0.336667 0.014167 0.015000
2 0.697500 0.736667 0.023333 0.106667
2 0.644167 0.660000 0.020833 0.028333
3 0.655833 0.365000 0.007500 0.015000
2 0.334167 0.663333 0.029167 0.038333
3 0.703333 0.615000 0.008333 0.016667
2 0.665833 0.471667 0.030833 0.051667
2 0.458333 0.853333 0.023333 0.041667
2 0.285833 0.298333 0.010833 0.091667
2 0.631667 0.648333 0.058333 0.076667
2 0.369167 0.651667 0.035000 0.105000
3 0.407500 0.703333 0.007500 0.015000
2 0.666667 0.630000 0.014167 0.015000
3 0.702500 0.645000 0.008333 0.016667
3 0.767500 0.616667 0.009167 0.015000
2 0.303333 0.328333 0.010833 0.091667
2 0.743333 0.340000 0.048333 0.025000
3 0.733333 0.415000 0.013333 0.031667
3 0.620833 0.393333 0.014167 0.025000
3 0.617500 0.323333 0.009167 0.015000
2 0.733333 0.395000 0.058333 0.076667
3 0.675833 0.430000 0.008333 0.021667
3 0.677500 0.453333 0.008333 0.016667
2 0.691667 0.316667 0.023333 0.041667
3 0.345000 0.233333 0.006667 0.018333
2 0.765833 0.650000 0.009167 0.031667
3 0.784167 0.740000 0.017500 0.031667
2 0.770000 0.343333 0.010000 0.031667
3 0.466667 0.373333 0.008333 0.016667
3 0.646667 0.618333 0.007500 0.015000
3 0.197500 0.665000 0.017500 0.031667
2 0.715833 0.356667 0.022500 0.023333
2 0.331667 0.698333 0.034167 0.100000
3 0.312500 0.661667 0.011667 0.020000
3 0.787500 0.405000 0.007500 0.015000
2 0.716667 0.305000 0.097500 0.053333
2 0.741667 0.658333 0.010000 0.031667
3 0.436667 0.693333 0.007500 0.018333
2 0.315833 0.278333 0.023333 0.106667
3 0.275833 0.763333 0.009167 0.023333
3 0.397500 0.346667 0.008333 0.016667
3 0.350833 0.333333 0.010000 0.016667
2 0.240833 0.371667 0.017500 0.116667
2 0.654167 0.335000 0.014167 0.015000
3 0.461667 0.665000 0.008333 0.016667
2 0.797500 0.433333 0.013333 0.070000
2 0.534167 0.230000 0.048333 0.025000
2 0.575833 0.745000 0.023333 0.106667
3 0.737500 0.695000 0.008333 0.016667
3 0.405833 0.373333 0.007500 0.015000
3 0.420833 0.655000 0.009167 0.016667
2 0.605833 0.333333 0.011667 0.025000
2 0.780833 0.645000 0.010000 0.031667
2 0.741667 0.636667 0.034167 0.038333
3 0.733333 0.618333 0.007500 0.015000
2 0.445833 0.908333 0.034167 0.100000
2 0.625833 0.320000 0.011667 0.025000
3 0.491667 0.336667 0.010000 0.020000
2 0.645833 0.641667 0.022500 0.023333
3 0.807500 0.433333 0.007500 0.018333
2 0.420000 0.338333 0.048333 0.043333
2 0.285833 0.696667 0.034167 0.038333
2 0.305833 0.755000 0.019167 0.046667
3 0.481667 0.781667 0.008333 0.021667
3 0.725833 0.346667 0.009167 0.016667
2 0.590833 0.745000 0.021667 0.090000
3 0.411667 0.778333 0.013333 0.015000
3 0.333333 0.398333 0.010000 0.016667
2 0.761667 0.396667 0.058333 0.076667
2 0.472500 0.221667 0.020000 0.021667
2 0.470000 0.670000 0.013333 0.070000
3 0.517500 0.230000 0.009167 0.015000
2 0.600000 0.326667 0.034167 0.038333
2 0.460000 0.361667 0.020833 0.080000
3 0.442500 0.811667 0.007500 0.016667
3 0.691667 0.270000 0.013333 0.015000
2 0.726667 0.370000 0.048333 0.043333
3 0.715000 0.368333 0.009167 0.018333
2 0.679167 0.338333 0.026667 0.035000
2 0.531667 0.405000 0.019167 0.046667
3 0.486667 0.376667 0.008333 0.016667
2 0.755833 0.708333 0.011667 0.025000
2 0.617500 0.673333 0.048333 0.025000
3 0.646667 0.390000 0.007500 0.015000
3 0.615000 0.645000 0.007500 0.016667
2 0.310833 0.686667 0.035000 0.105000
2 0.275000 0.338333 0.097500 0.053333
2 0.436667 0.390000 0.023333 0.106667
3 0.621667 0.290000 0.007500 0.015000
2 0.324167 0.226667 0.048333 0.043333
3 0.550000 0.706667 0.009167 0.015000
3 0.670833 0.360000 0.015833 0.051667
2 0.315833 0.666667 0.013333 0.070000
3 0.745833 0.711667 0.009167 0.016667
2 0.628333 0.330000 0.011667 0.025000
3 0.695000 0.735000 0.010833 0.023333
2 0.575000 0.736667 0.048333 0.043333
2 0.316667 0.385000 0.048333 0.025000
3 0.281667 0.438333 0.008333 0.016667
2 0.562500 0.678333 0.022500 0.023333
3 0.731667 0.445000 0.008333 0.016667
2 0.787500 0.436667 0.034167 0.100000
3 0.505000 0.306667 0.013333 0.031667
2 0.140000 0.628333 0.045833 0.021667
3 0.696667 0.690000 0.013333 0.031667
2 0.506667 0.286667 0.009167 0.040000
3 0.612500 0.335000 0.009167 0.018333
3 0.282500 0.435000 0.007500 0.015000
3 0.389167 0.713333 0.015833 0.051667
2 0.741667 0.623333 0.027500 0.016667
2 0.318333 0.716667 0.023333 0.106667
3 0.745833 0.611667 0.009167 0.016667
2 0.575833 0.441667 0.023333 0.041667
2 0.690833 0.791667 0.097500 0.053333
2 0.348333 0.665000 0.009167 0.040000
3 0.698333 0.306667 0.009167 0.015000
2 0.672500 0.655000 0.030833 0.051667
3 0.574167 0.400000 0.010000 0.020000
3 0.533333 0.621667 0.007500 0.015000
2 0.741667 0.628333 0.022500 0.023333
2 0.336667 0.266667 0.009167 0.031667
2 0.386667 0.400000 0.009167 0.031667
3 0.534167 0.298333 0.010000 0.016667
3 0.460000 0.693333 0.007500 0.018333
2 0.567500 0.306667 0.009167 0.031667
3 0.613333 0.333333 0.007500 0.015000
2 0.339167 0.828333 0.029167 0.038333
2 0.399167 0.686667 0.026667 0.035000
2 0.543333 0.713333 0.058333 0.076667
3 0.637500 0.626667 0.007500 0.015000
2 0.713333 0.418333 0.020833 0.028333
3 0.681667 0.385000 0.007500 0.015000
2 0.328333 0.315000 0.019167 0.046667
3 0.677500 0.666667 0.009167 0.023333
3 0.431667 0.660000 0.011667 0.030000
3 0.455833 0.753333 0.007500 0.015000
2 0.760833 0.421667 0.010833 0.091667
3 0.282500 0.710000 0.009167 0.016667
2 0.385000 0.730000 0.097500 0.053333
3 0.693333 0.646667 0.007500 0.015000
3 0.440833 0.313333 0.014167 0.025000
2 0.683333 0.338333 0.027500 0.016667
3 0.444167 0.358333 0.007500 0.018333
3 0.332500 0.758333 0.010833 0.023333
3 0.753333 0.715000 0.007500 0.015000
2 0.426667 0.866667 0.030833 0.051667
3 0.685833 0.626667 0.008333 0.016667
3 0.843333 0.325000 0.010833 0.023333
3 0.529167 0.390000 0.010000 0.016667
3 0.672500 0.635000 0.008333 0.016667
3 0.204167 0.726667 0.007500 0.018333
2 0.754167 0.356667 0.029167 0.038333
3 0.562500 0.696667 0.015833 0.051667
3 0.375000 0.320000 0.010833 0.023333
3 0.521667 0.405000 0.009167 0.018333
2 0.488333 0.285000 0.010000 0.031667
3 0.704167 0.640000 0.013333 0.015000
2 0.648333 0.690000 0.029167 0.038333
3 0.433333 0.655000 0.007500 0.015000
2 0.806667 0.743333 0.020833 0.080000
3 0.225833 0.335000 0.009167 0.015000
2 0.740000 0.656667 0.020833 0.028333
3 0.350000 0.351667 0.006667 0.018333
2 0.480000 0.776667 0.048333 0.025000
3 0.323333 0.710000 0.013333 0.031667
3 0.746667 0.393333 0.009167 0.018333
2 0.347500 0.340000 0.010833 0.091667
3 0.595000 0.750000 0.007500 0.015000
3 0.723333 0.686667 0.017500 0.031667
3 0.685833 0.403333 0.010833 0.023333
3 0.553333 0.328333 0.009167 0.016667
2 0.784167 0.313333 0.019167 0.046667
3 0.714167 0.423333 0.014167 0.025000
3 0.451667 0.368333 0.011667 0.020000
2 0.747500 0.393333 0.023333 0.041667
2 0.511667 0.643333 0.045833 0.021667
3 0.690833 0.613333 0.017500 0.031667
2 0.470833 0.695000 0.058333 0.076667
3 0.420833 0.786667 0.010833 0.023333
3 0.718333 0.660000 0.007500 0.016667
2 0.725000 0.393333 0.020833 0.080000
2 0.450833 0.720000 0.014167 0.015000
2 0.659167 0.660000 0.030833 0.051667
3 0.521667 0.670000 0.007500 0.018333
2 0.448333 0.308333 0.013333 0.070000
3 0.360000 0.610000 0.013333 0.015000
2 0.302500 0.645000 0.019167 0.046667
