4 0.722500 0.563333 0.280000 0.290000
4 0.820000 0.538333 0.069167 0.055000
4 0.874167 0.521667 0.065833 0.036667
4 0.862500 0.668333 0.075833 0.083333
4 0.778333 0.596667 0.122500 0.235000
4 0.875833 0.566667 0.070000 0.196667
4 0.773333 0.600000 0.127500 0.120000
4 0.851667 0.608333 0.045833 0.063333
4 0.865000 0.501667 0.075000 0.043333
4 0.844167 0.596667 0.098333 0.040000
4 0.230000 0.553333 0.053333 0.073333
4 0.520000 0.508333 0.122500 0.053333
4 0.546667 0.571667 0.118333 0.093333
4 0.700000 0.498333 0.081667 0.040000
4 0.077500 0.570000 0.110000 0.036667
4 0.375000 0.661667 0.230833 0.275000
4 0.025000 0.490000 0.050833 0.150000
4 0.062500 0.460000 0.078333 0.095000
4 0.385000 0.443333 0.110000 0.175000
4 0.279167 0.451667 0.115833 0.220000
2 0.670833 0.470000 0.023333 0.041667
3 0.471667 0.456667 0.007500 0.015000
2 0.483333 0.465000 0.034167 0.038333
2 0.528333 0.570000 0.048333 0.025000
3 0.445833 0.488333 0.013333 0.015000
3 0.181667 0.513333 0.009167 0.023333
3 0.795833 0.535000 0.010000 0.016667
2 0.615000 0.598333 0.034167 0.100000
3 0.404167 0.471667 0.014167 0.025000
3 0.131667 0.446667 0.013333 0.015000
3 0.040833 0.521667 0.010000 0.020000
3 0.223333 0.473333 0.008333 0.016667
3 0.720000 0.565000 0.009167 0.023333
3 0.166667 0.468333 0.007500 0.015000
3 0.180833 0.566667 0.007500 0.018333
3 0.590000 0.505000 0.014167 0.025000
3 0.128333 0.583333 0.007500 0.018333
3 0.435000 0.573333 0.015833 0.051667
2 0.560833 0.488333 0.015833 0.068333
3 0.712500 0.476667 0.008333 0.016667
3 0.074167 0.521667 0.010833 0.023333
2 0.230000 0.531667 0.020833 0.028333
3 0.402500 0.590000 0.009167 0.015000
2 0.203333 0.428333 0.019167 0.046667
3 0.270000 0.490000 0.007500 0.015000
3 0.475833 0.423333 0.007500 0.015000
2 0.501667 0.540000 0.027500 0.016667
3 0.691667 0.568333 0.008333 0.021667
2 0.748333 0.545000 0.020833 0.080000
3 0.472500 0.576667 0.011667 0.020000
3 0.214167 0.580000 0.008333 0.016667
2 0.052500 0.533333 0.026667 0.035000
2 0.086667 0.498333 0.015833 0.068333
2 0.071667 0.546667 0.023333 0.041667
3 0.447500 0.513333 0.007500 0.015000
2 0.756667 0.600000 0.010833 0.091667
3 0.530000 0.500000 0.009167 0.023333
3 0.107500 0.471667 0.011667 0.030000
2 0.160833 0.613333 0.009167 0.031667
3 0.095833 0.558333 0.009167 0.016667
2 0.370833 0.485000 0.010000 0.031667
2 0.020000 0.455000 0.040000 0.053333
3 0.562500 0.560000 0.007500 0.016667
3 0.736667 0.565000 0.010833 0.023333
2 0.790833 0.466667 0.020833 0.028333
2 0.331667 0.561667 0.023333 0.041667
3 0.630000 0.561667 0.007500 0.015000
2 0.390000 0.590000 0.034167 0.038333
2 0.328333 0.515000 0.035000 0.105000
2 0.741667 0.465000 0.023333 0.106667
2 0.466667 0.458333 0.021667 0.090000
3 0.723333 0.541667 0.009167 0.016667
2 0.548333 0.513333 0.027500 0.016667
2 0.315833 0.475000 0.034167 0.100000
3 0.801667 0.453333 0.011667 0.030000
2 0.570833 0.571667 0.009167 0.040000
2 0.104167 0.555000 0.022500 0.023333
3 0.739167 0.478333 0.009167 0.018333
2 0.645000 0.525000 0.029167 0.038333
2 0.476667 0.555000 0.026667 0.035000
2 0.495833 0.556667 0.011667 0.025000
2 0.800000 0.478333 0.022500 0.023333
2 0.592500 0.463333 0.015833 0.068333
2 0.525833 0.538333 0.034167 0.038333
2 0.351667 0.610000 0.030833 0.051667
2 0.527500 0.466667 0.014167 0.015000
3 0.194167 0.598333 0.007500 0.018333
2 0.708333 0.475000 0.014167 0.015000
2 0.315000 0.541667 0.026667 0.035000
3 0.388333 0.563333 0.009167 0.016667
3 0.107500 0.571667 0.010000 0.020000
3 0.556667 0.490000 0.008333 0.016667
2 0.550833 0.573333 0.022500 0.023333
3 0.276667 0.460000 0.011667 0.020000
3 0.624167 0.463333 0.009167 0.018333
3 0.140000 0.550000 0.010000 0.020000
2 0.395833 0.605000 0.022500 0.023333
3 0.057500 0.570000 0.006667 0.018333
3 0.071667 0.488333 0.009167 0.015000
3 0.600000 0.455000 0.009167 0.016667
3 0.307500 0.576667 0.008333 0.016667
2 0.690833 0.583333 0.020833 0.028333
2 0.553333 0.536667 0.022500 0.023333
2 0.365833 0.541667 0.010833 0.091667
3 0.779167 0.466667 0.007500 0.018333
2 0.710833 0.560000 0.014167 0.015000
2 0.227500 0.506667 0.034167 0.038333
3 0.406667 0.501667 0.007500 0.015000
2 0.226667 0.515000 0.009167 0.040000
2 0.657500 0.516667 0.029167 0.038333
2 0.437500 0.505000 0.021667 0.090000
2 0.786667 0.470000 0.020833 0.028333
3 0.216667 0.505000 0.017500 0.031667
3 0.499167 0.565000 0.006667 0.018333
3 0.077500 0.543333 0.013333 0.031667
2 0.023333 0.526667 0.022500 0.023333
2 0.020000 0.535000 0.014167 0.015000
3 0.469167 0.458333 0.017500 0.031667
3 0.635833 0.520000 0.008333 0.016667
3 0.527500 0.455000 0.014167 0.025000
2 0.056667 0.503333 0.020833 0.028333
3 0.522500 0.493333 0.011667 0.020000
2 0.570833 0.661667 0.014167 0.015000
2 0.705000 0.730000 0.013333 0.070000
2 0.261667 0.373333 0.015833 0.068333
2 0.368333 0.718333 0.010000 0.031667
3 0.308333 0.705000 0.011667 0.020000
2 0.245833 0.383333 0.029167 0.038333
3 0.330833 0.711667 0.009167 0.016667
2 0.445000 0.353333 0.034167 0.038333
2 0.534167 0.260000 0.023333 0.106667
2 0.491667 0.246667 0.015833 0.068333
2 0.682500 0.311667 0.019167 0.046667
3 0.713333 0.726667 0.008333 0.016667
3 0.535833 0.411667 0.006667 0.018333
3 0.656667 0.661667 0.009167 0.023333
2 0.270833 0.290000 0.023333 0.041667
2 0.680000 0.608333 0.020833 0.028333
2 0.476667 0.360000 0.048333 0.043333
3 0.733333 0.395000 0.010833 0.013333
2 0.437500 0.130000 0.020833 0.080000
2 0.797500 0.620000 0.019167 0.046667
3 0.530000 0.353333 0.007500 0.015000
3 0.569167 0.148333 0.010833 0.013333
2 0.316667 0.415000 0.022500 0.023333
3 0.554167 0.681667 0.011667 0.020000
2 0.605000 0.338333 0.035000 0.105000
2 0.504167 0.331667 0.010000 0.031667
3 0.294167 0.246667 0.008333 0.016667
2 0.678333 0.355000 0.026667 0.035000
3 0.685833 0.626667 0.008333 0.016667
2 0.466667 0.376667 0.026667 0.035000
2 0.551667 0.145000 0.045833 0.021667
2 0.447500 0.366667 0.009167 0.040000
2 0.410000 0.660000 0.009167 0.040000
2 0.516667 0.691667 0.026667 0.035000
2 0.428333 0.751667 0.035000 0.105000
2 0.705833 0.613333 0.026667 0.035000
2 0.785000 0.426667 0.023333 0.106667
2 0.274167 0.260000 0.010000 0.031667
2 0.529167 0.705000 0.020833 0.080000
3 0.253333 0.646667 0.009167 0.023333
3 0.612500 0.768333 0.013333 0.015000
2 0.435000 0.301667 0.097500 0.053333
2 0.320833 0.388333 0.010833 0.091667
2 0.732500 0.650000 0.020833 0.028333
3 0.771667 0.356667 0.009167 0.015000
2 0.800833 0.423333 0.020833 0.028333
2 0.606667 0.363333 0.021667 0.090000
2 0.713333 0.336667 0.034167 0.038333
3 0.455833 0.223333 0.011667 0.020000
3 0.271667 0.345000 0.010000 0.016667
2 0.805000 0.625000 0.011667 0.025000
3 0.248333 0.673333 0.008333 0.016667
3 0.389167 0.643333 0.007500 0.018333
3 0.777500 0.406667 0.009167 0.016667
2 0.670000 0.376667 0.022500 0.023333
3 0.676667 0.431667 0.009167 0.016667
2 0.670000 0.643333 0.034167 0.100000
3 0.535000 0.733333 0.009167 0.015000
3 0.255833 0.393333 0.009167 0.016667
2 0.784167 0.428333 0.013333 0.070000
2 0.395000 0.668333 0.030833 0.051667
2 0.635833 0.405000 0.021667 0.090000
2 0.485000 0.323333 0.058333 0.076667
2 0.661667 0.430000 0.020833 0.080000
2 0.668333 0.418333 0.097500 0.053333
2 0.486667 0.276667 0.030833 0.051667
2 0.656667 0.253333 0.097500 0.053333
2 0.621667 0.365000 0.026667 0.035000
2 0.342500 0.675000 0.097500 0.053333
3 0.775833 0.415000 0.010000 0.020000
3 0.275000 0.415000 0.007500 0.018333
2 0.440000 0.686667 0.048333 0.043333
3 0.440000 0.888333 0.014167 0.025000
3 0.834167 0.420000 0.008333 0.016667
3 0.483333 0.648333 0.006667 0.018333
3 0.589167 0.631667 0.008333 0.016667
3 0.433333 0.781667 0.008333 0.016667
3 0.469167 0.713333 0.009167 0.023333
2 0.603333 0.378333 0.048333 0.043333
3 0.474167 0.803333 0.013333 0.015000
2 0.829167 0.415000 0.017500 0.116667
2 0.785000 0.453333 0.010833 0.091667
2 0.340833 0.720000 0.017500 0.116667
2 0.667500 0.583333 0.035000 0.105000
3 0.466667 0.375000 0.008333 0.016667
3 0.737500 0.696667 0.008333 0.016667
3 0.699167 0.378333 0.008333 0.016667
3 0.507500 0.323333 0.011667 0.030000
2 0.768333 0.791667 0.023333 0.041667
3 0.303333 0.400000 0.007500 0.018333
3 0.776667 0.650000 0.009167 0.015000
2 0.572500 0.643333 0.011667 0.066667
2 0.251667 0.320000 0.011667 0.066667
2 0.319167 0.271667 0.020833 0.080000
3 0.574167 0.616667 0.007500 0.018333
2 0.534167 0.661667 0.019167 0.046667
3 0.405000 0.798333 0.007500 0.018333
2 0.370000 0.803333 0.022500 0.023333
3 0.255833 0.228333 0.007500 0.018333
2 0.316667 0.415000 0.023333 0.041667
3 0.732500 0.400000 0.013333 0.031667
3 0.747500 0.615000 0.007500 0.016667
3 0.804167 0.730000 0.008333 0.016667
2 0.575833 0.751667 0.009167 0.031667
3 0.617500 0.405000 0.015833 0.051667
2 0.635833 0.321667 0.027500 0.016667
3 0.315000 0.643333 0.007500 0.018333
2 0.280833 0.418333 0.023333 0.041667
3 0.722500 0.675000 0.007500 0.015000
2 0.509167 0.180000 0.015833 0.068333
2 0.450000 0.661667 0.035000 0.105000
3 0.558333 0.380000 0.015833 0.051667
2 0.689167 0.305000 0.027500 0.016667
2 0.646667 0.405000 0.026667 0.035000
3 0.591667 0.336667 0.007500 0.015000
3 0.316667 0.251667 0.007500 0.015000
3 0.309167 0.713333 0.007500 0.016667
2 0.712500 0.725000 0.010000 0.031667
3 0.551667 0.416667 0.008333 0.016667
2 0.466667 0.706667 0.009167 0.040000
2 0.674167 0.405000 0.011667 0.066667
3 0.417500 0.678333 0.008333 0.016667
2 0.306667 0.401667 0.021667 0.090000
3 0.555000 0.710000 0.007500 0.015000
2 0.317500 0.693333 0.017500 0.116667
2 0.648333 0.403333 0.023333 0.041667
2 0.303333 0.676667 0.034167 0.038333
3 0.362500 0.398333 0.007500 0.018333
2 0.703333 0.643333 0.034167 0.100000
2 0.576667 0.465000 0.020833 0.080000
2 0.520833 0.351667 0.015833 0.068333
2 0.652500 0.323333 0.035000 0.105000
2 0.178333 0.418333 0.030833 0.051667
3 0.286667 0.263333 0.009167 0.016667
3 0.794167 0.628333 0.008333 0.016667
3 0.779167 0.736667 0.007500 0.015000
2 0.643333 0.711667 0.020833 0.080000
2 0.718333 0.605000 0.048333 0.025000
3 0.445833 0.713333 0.009167 0.023333
2 0.299167 0.306667 0.013333 0.070000
3 0.224167 0.426667 0.006667 0.018333
2 0.774167 0.653333 0.029167 0.038333
2 0.581667 0.788333 0.010833 0.091667
2 0.678333 0.666667 0.048333 0.025000
3 0.504167 0.678333 0.010833 0.023333
3 0.725833 0.356667 0.007500 0.015000
3 0.708333 0.683333 0.010000 0.020000
2 0.333333 0.683333 0.020833 0.080000
2 0.539167 0.691667 0.022500 0.023333
2 0.338333 0.731667 0.023333 0.106667
3 0.689167 0.391667 0.011667 0.030000
3 0.809167 0.615000 0.010833 0.023333
3 0.443333 0.893333 0.007500 0.015000
3 0.684167 0.638333 0.009167 0.015000
3 0.604167 0.318333 0.014167 0.025000
2 0.716667 0.466667 0.020833 0.080000
3 0.568333 0.780000 0.009167 0.016667
3 0.571667 0.718333 0.009167 0.018333
3 0.305833 0.691667 0.007500 0.015000
3 0.313333 0.736667 0.017500 0.031667
2 0.437500 0.786667 0.019167 0.046667
2 0.498333 0.398333 0.045833 0.021667
3 0.558333 0.211667 0.007500 0.015000
2 0.645833 0.381667 0.026667 0.035000
2 0.790000 0.370000 0.020833 0.080000
3 0.438333 0.345000 0.011667 0.020000
2 0.684167 0.795000 0.034167 0.100000
2 0.524167 0.375000 0.011667 0.066667
3 0.670000 0.340000 0.010000 0.020000
3 0.335833 0.655000 0.017500 0.031667
2 0.726667 0.668333 0.048333 0.025000
3 0.197500 0.665000 0.017500 0.031667
2 0.643333 0.398333 0.023333 0.106667
3 0.299167 0.338333 0.009167 0.015000
3 0.360833 0.710000 0.015833 0.051667
2 0.318333 0.683333 0.011667 0.066667
3 0.300833 0.650000 0.008333 0.016667
3 0.496667 0.401667 0.009167 0.016667
3 0.743333 0.345000 0.008333 0.016667
2 0.798333 0.326667 0.020833 0.028333
2 0.684167 0.335000 0.048333 0.025000
3 0.761667 0.416667 0.009167 0.016667
2 0.262500 0.726667 0.026667 0.035000
2 0.424167 0.888333 0.045833 0.021667
2 0.410833 0.680000 0.014167 0.015000
3 0.581667 0.375000 0.017500 0.031667
3 0.676667 0.346667 0.006667 0.018333
2 0.482500 0.301667 0.035000 0.105000
2 0.581667 0.400000 0.015833 0.068333
3 0.646667 0.413333 0.008333 0.016667
2 0.267500 0.316667 0.021667 0.090000
2 0.569167 0.301667 0.020833 0.028333
3 0.680833 0.443333 0.007500 0.018333
3 0.293333 0.788333 0.007500 0.015000
3 0.371667 0.760000 0.010000 0.020000
3 0.340000 0.710000 0.007500 0.015000
3 0.452500 0.366667 0.010000 0.020000
2 0.749167 0.628333 0.019167 0.046667
