4 0.820000 0.605000 0.091667 0.133333
4 0.835833 0.495000 0.056667 0.115000
4 0.826667 0.570000 0.147500 0.251667
4 0.829167 0.396667 0.065833 0.021667
4 0.815000 0.480000 0.100833 0.148333
4 0.753333 0.681667 0.230833 0.225000
4 0.900833 0.443333 0.031667 0.081667
4 0.842500 0.406667 0.062500 0.048333
4 0.856667 0.413333 0.052500 0.071667
4 0.815833 0.488333 0.095833 0.053333
4 0.401667 0.551667 0.051667 0.073333
4 0.244167 0.628333 0.123333 0.210000
4 0.049167 0.558333 0.067500 0.051667
4 0.465000 0.568333 0.055833 0.068333
4 0.616667 0.486667 0.075000 0.128333
4 0.396667 0.571667 0.162500 0.103333
4 0.650833 0.536667 0.060000 0.023333
4 0.647500 0.558333 0.080000 0.151667
4 0.688333 0.503333 0.070833 0.058333
4 0.425000 0.606667 0.089167 0.128333
3 0.510000 0.603333 0.009167 0.023333
3 0.624167 0.615000 0.007500 0.015000
3 0.080833 0.488333 0.006667 0.018333
2 0.601667 0.513333 0.026667 0.035000
2 0.215833 0.498333 0.034167 0.100000
2 0.182500 0.568333 0.011667 0.066667
3 0.216667 0.501667 0.008333 0.016667
2 0.229167 0.550000 0.020833 0.080000
3 0.020000 0.526667 0.017500 0.031667
3 0.650000 0.453333 0.010833 0.013333
3 0.463333 0.428333 0.007500 0.015000
3 0.819167 0.606667 0.007500 0.018333
3 0.612500 0.548333 0.008333 0.016667
3 0.478333 0.485000 0.014167 0.025000
2 0.564167 0.475000 0.058333 0.076667
3 0.749167 0.536667 0.017500 0.031667
2 0.076667 0.431667 0.058333 0.076667
3 0.195000 0.598333 0.007500 0.016667
2 0.268333 0.506667 0.026667 0.035000
2 0.669167 0.486667 0.023333 0.041667
3 0.200833 0.510000 0.009167 0.016667
2 0.778333 0.546667 0.023333 0.106667
3 0.422500 0.511667 0.013333 0.015000
3 0.405000 0.456667 0.011667 0.020000
2 0.317500 0.541667 0.023333 0.041667
3 0.333333 0.515000 0.011667 0.020000
2 0.503333 0.556667 0.026667 0.035000
2 0.745833 0.546667 0.027500 0.016667
3 0.605000 0.591667 0.008333 0.021667
3 0.671667 0.540000 0.015833 0.051667
2 0.374167 0.493333 0.019167 0.046667
2 0.451667 0.598333 0.023333 0.041667
2 0.610833 0.435000 0.015833 0.068333
2 0.085000 0.541667 0.097500 0.053333
2 0.480000 0.536667 0.014167 0.015000
2 0.580000 0.485000 0.029167 0.038333
2 0.441667 0.648333 0.013333 0.070000
2 0.058333 0.476667 0.022500 0.023333
3 0.124167 0.470000 0.013333 0.031667
2 0.822500 0.498333 0.010000 0.031667
3 0.521667 0.483333 0.007500 0.016667
3 0.333333 0.540000 0.009167 0.016667
2 0.443333 0.555000 0.022500 0.023333
3 0.275833 0.580000 0.009167 0.016667
2 0.217500 0.601667 0.021667 0.090000
2 0.469167 0.420000 0.010000 0.031667
3 0.760000 0.538333 0.013333 0.015000
3 0.359167 0.521667 0.011667 0.020000
2 0.749167 0.433333 0.020833 0.080000
3 0.338333 0.625000 0.007500 0.015000
3 0.535833 0.480000 0.008333 0.021667
2 0.183333 0.458333 0.019167 0.046667
3 0.110833 0.458333 0.009167 0.016667
3 0.164167 0.501667 0.009167 0.018333
3 0.313333 0.550000 0.007500 0.015000
3 0.116667 0.528333 0.009167 0.015000
3 0.215000 0.498333 0.009167 0.016667
2 0.520000 0.493333 0.014167 0.015000
3 0.726667 0.513333 0.010833 0.013333
3 0.805000 0.591667 0.010000 0.020000
3 0.730833 0.553333 0.009167 0.016667
2 0.197500 0.480000 0.022500 0.023333
3 0.597500 0.613333 0.010000 0.016667
2 0.723333 0.500000 0.021667 0.090000
3 0.411667 0.578333 0.010833 0.013333
3 0.351667 0.551667 0.009167 0.015000
2 0.099167 0.536667 0.010000 0.031667
3 0.316667 0.523333 0.009167 0.023333
2 0.355000 0.493333 0.029167 0.038333
3 0.422500 0.463333 0.009167 0.016667
2 0.411667 0.540000 0.035000 0.105000
2 0.426667 0.453333 0.045833 0.021667
2 0.657500 0.486667 0.021667 0.090000
3 0.513333 0.491667 0.009167 0.015000
3 0.670000 0.511667 0.007500 0.015000
3 0.410833 0.536667 0.008333 0.021667
2 0.199167 0.525000 0.048333 0.043333
2 0.347500 0.458333 0.011667 0.066667
3 0.325833 0.526667 0.009167 0.016667
2 0.634167 0.481667 0.030833 0.051667
3 0.035000 0.576667 0.017500 0.031667
3 0.561667 0.483333 0.010000 0.016667
2 0.491667 0.540000 0.009167 0.031667
3 0.552500 0.536667 0.007500 0.016667
3 0.624167 0.610000 0.008333 0.016667
2 0.461667 0.551667 0.015833 0.068333
2 0.077500 0.495000 0.058333 0.076667
2 0.475833 0.500000 0.017500 0.116667
2 0.418333 0.546667 0.010833 0.091667
3 0.328333 0.516667 0.007500 0.018333
2 0.023333 0.476667 0.020000 0.021667
2 0.604167 0.635000 0.023333 0.106667
2 0.031667 0.613333 0.021667 0.090000
3 0.435000 0.628333 0.011667 0.020000
2 0.682500 0.526667 0.027500 0.016667
2 0.537500 0.600000 0.026667 0.035000
2 0.245000 0.553333 0.030833 0.051667
3 0.611667 0.606667 0.009167 0.015000
2 0.766667 0.570000 0.023333 0.106667
2 0.170833 0.575000 0.011667 0.066667
2 0.724167 0.426667 0.020833 0.080000
2 0.329167 0.513333 0.097500 0.053333
2 0.789167 0.340000 0.009167 0.031667
2 0.624167 0.696667 0.034167 0.100000
2 0.779167 0.611667 0.023333 0.041667
3 0.225000 0.708333 0.010833 0.023333
2 0.670000 0.583333 0.097500 0.053333
2 0.701667 0.615000 0.048333 0.043333
2 0.325833 0.391667 0.009167 0.031667
2 0.515000 0.321667 0.097500 0.053333
2 0.334167 0.743333 0.030833 0.051667
2 0.647500 0.616667 0.019167 0.046667
2 0.232500 0.781667 0.009167 0.040000
2 0.262500 0.716667 0.019167 0.046667
3 0.531667 0.376667 0.009167 0.023333
3 0.692500 0.648333 0.009167 0.016667
3 0.560000 0.670000 0.015833 0.051667
2 0.672500 0.451667 0.009167 0.031667
2 0.637500 0.438333 0.020000 0.021667
2 0.772500 0.445000 0.027500 0.016667
3 0.253333 0.226667 0.013333 0.015000
3 0.715833 0.426667 0.010833 0.013333
2 0.674167 0.356667 0.058333 0.076667
2 0.232500 0.770000 0.023333 0.106667
3 0.458333 0.345000 0.008333 0.016667
3 0.790000 0.350000 0.009167 0.015000
2 0.293333 0.705000 0.011667 0.025000
3 0.808333 0.645000 0.009167 0.016667
3 0.732500 0.373333 0.011667 0.020000
2 0.748333 0.600000 0.020833 0.028333
2 0.404167 0.638333 0.035000 0.105000
2 0.720000 0.466667 0.020833 0.080000
2 0.459167 0.338333 0.022500 0.023333
2 0.265000 0.336667 0.048333 0.025000
2 0.621667 0.348333 0.015833 0.068333
2 0.600833 0.345000 0.058333 0.076667
3 0.375833 0.676667 0.007500 0.015000
2 0.537500 0.650000 0.027500 0.016667
3 0.711667 0.686667 0.007500 0.015000
2 0.684167 0.420000 0.010000 0.031667
2 0.665000 0.608333 0.097500 0.053333
2 0.309167 0.338333 0.017500 0.116667
3 0.285833 0.715000 0.010833 0.013333
2 0.310000 0.261667 0.034167 0.038333
2 0.610833 0.333333 0.023333 0.106667
2 0.520833 0.360000 0.014167 0.015000
3 0.175000 0.405000 0.009167 0.016667
3 0.739167 0.656667 0.007500 0.015000
3 0.725833 0.726667 0.011667 0.030000
3 0.519167 0.398333 0.009167 0.023333
2 0.685833 0.620000 0.020833 0.028333
3 0.655833 0.678333 0.009167 0.018333
2 0.777500 0.598333 0.058333 0.076667
3 0.690000 0.713333 0.011667 0.020000
3 0.694167 0.261667 0.014167 0.025000
3 0.529167 0.631667 0.009167 0.018333
3 0.469167 0.115000 0.014167 0.025000
3 0.441667 0.716667 0.008333 0.021667
2 0.608333 0.371667 0.058333 0.076667
2 0.775833 0.635000 0.013333 0.070000
2 0.380833 0.665000 0.048333 0.025000
2 0.553333 0.556667 0.097500 0.053333
3 0.380833 0.758333 0.008333 0.016667
2 0.550833 0.663333 0.026667 0.035000
3 0.451667 0.715000 0.006667 0.018333
3 0.801667 0.420000 0.011667 0.020000
3 0.485833 0.271667 0.010833 0.013333
2 0.281667 0.671667 0.035000 0.105000
2 0.614167 0.768333 0.010000 0.031667
2 0.337500 0.378333 0.022500 0.023333
3 0.597500 0.751667 0.017500 0.031667
2 0.481667 0.200000 0.009167 0.031667
2 0.683333 0.395000 0.023333 0.041667
3 0.555000 0.710000 0.007500 0.016667
3 0.607500 0.313333 0.007500 0.018333
3 0.555000 0.313333 0.014167 0.025000
2 0.695833 0.690000 0.013333 0.070000
2 0.280000 0.830000 0.023333 0.106667
2 0.760000 0.326667 0.048333 0.025000
2 0.524167 0.615000 0.019167 0.046667
3 0.675000 0.425000 0.009167 0.016667
3 0.702500 0.396667 0.007500 0.018333
2 0.357500 0.751667 0.011667 0.066667
2 0.804167 0.613333 0.019167 0.046667
2 0.188333 0.780000 0.097500 0.053333
3 0.511667 0.260000 0.008333 0.016667
3 0.495000 0.361667 0.010833 0.013333
2 0.700000 0.706667 0.030833 0.051667
2 0.780000 0.378333 0.014167 0.015000
3 0.753333 0.716667 0.007500 0.018333
2 0.427500 0.336667 0.035000 0.105000
2 0.293333 0.656667 0.022500 0.023333
2 0.645833 0.633333 0.027500 0.016667
2 0.702500 0.636667 0.023333 0.106667
3 0.625833 0.376667 0.010000 0.020000
3 0.785000 0.418333 0.011667 0.020000
3 0.680833 0.386667 0.010000 0.020000
2 0.410000 0.676667 0.010000 0.031667
2 0.686667 0.368333 0.020000 0.021667
3 0.441667 0.318333 0.013333 0.015000
2 0.665833 0.338333 0.058333 0.076667
3 0.271667 0.690000 0.006667 0.018333
2 0.684167 0.700000 0.026667 0.035000
2 0.455833 0.241667 0.017500 0.116667
2 0.777500 0.653333 0.048333 0.043333
2 0.353333 0.640000 0.017500 0.116667
2 0.269167 0.718333 0.011667 0.066667
3 0.289167 0.401667 0.013333 0.015000
2 0.676667 0.643333 0.022500 0.023333
2 0.554167 0.691667 0.009167 0.040000
2 0.756667 0.681667 0.020833 0.028333
2 0.510000 0.321667 0.020833 0.028333
2 0.762500 0.591667 0.027500 0.016667
2 0.324167 0.718333 0.022500 0.023333
3 0.638333 0.350000 0.010833 0.013333
3 0.657500 0.353333 0.014167 0.025000
3 0.428333 0.681667 0.015833 0.051667
3 0.291667 0.233333 0.008333 0.016667
2 0.755833 0.708333 0.011667 0.025000
2 0.548333 0.371667 0.020833 0.080000
3 0.515833 0.330000 0.010000 0.020000
2 0.757500 0.720000 0.023333 0.041667
2 0.373333 0.326667 0.020833 0.080000
2 0.616667 0.358333 0.011667 0.066667
3 0.367500 0.295000 0.009167 0.023333
3 0.324167 0.705000 0.010833 0.013333
2 0.723333 0.800000 0.048333 0.043333
2 0.719167 0.435000 0.023333 0.041667
2 0.721667 0.455000 0.010833 0.091667
2 0.726667 0.423333 0.026667 0.035000
2 0.404167 0.745000 0.045833 0.021667
3 0.275000 0.771667 0.013333 0.031667
3 0.426667 0.360000 0.011667 0.020000
2 0.685000 0.696667 0.021667 0.090000
2 0.377500 0.383333 0.013333 0.070000
2 0.775000 0.410000 0.015833 0.068333
2 0.611667 0.383333 0.097500 0.053333
2 0.432500 0.795000 0.010833 0.091667
2 0.485000 0.333333 0.029167 0.038333
2 0.579167 0.755000 0.023333 0.041667
3 0.314167 0.233333 0.010000 0.016667
2 0.305000 0.640000 0.027500 0.016667
2 0.507500 0.820000 0.010000 0.031667
3 0.325833 0.713333 0.008333 0.021667
2 0.549167 0.400000 0.011667 0.066667
2 0.671667 0.430000 0.020000 0.021667
3 0.525833 0.413333 0.013333 0.015000
2 0.601667 0.313333 0.014167 0.015000
3 0.669167 0.598333 0.014167 0.025000
3 0.453333 0.810000 0.009167 0.016667
2 0.213333 0.381667 0.048333 0.043333
3 0.686667 0.345000 0.010000 0.016667
2 0.700000 0.700000 0.027500 0.016667
2 0.365833 0.353333 0.023333 0.106667
3 0.413333 0.683333 0.009167 0.016667
2 0.665000 0.418333 0.010833 0.091667
3 0.735833 0.413333 0.008333 0.016667
3 0.612500 0.678333 0.007500 0.015000
2 0.801667 0.588333 0.020833 0.080000
2 0.540833 0.265000 0.045833 0.021667
3 0.544167 0.621667 0.009167 0.018333
3 0.379167 0.381667 0.007500 0.016667
3 0.352500 0.310000 0.007500 0.018333
2 0.680833 0.393333 0.023333 0.106667
3 0.567500 0.733333 0.010000 0.020000
3 0.511667 0.201667 0.011667 0.030000
3 0.477500 0.618333 0.007500 0.015000
2 0.613333 0.380000 0.027500 0.016667
2 0.779167 0.350000 0.058333 0.076667
2 0.710833 0.400000 0.020833 0.080000
2 0.732500 0.673333 0.011667 0.066667
3 0.555833 0.680000 0.007500 0.018333
3 0.645000 0.720000 0.017500 0.031667
2 0.539167 0.265000 0.010000 0.031667
2 0.490833 0.386667 0.029167 0.038333
2 0.605000 0.375000 0.011667 0.025000
2 0.198333 0.725000 0.020000 0.021667
3 0.290833 0.281667 0.009167 0.018333
3 0.796667 0.645000 0.009167 0.018333
2 0.465833 0.355000 0.009167 0.040000
3 0.768333 0.383333 0.008333 0.016667
3 0.800000 0.395000 0.007500 0.018333
2 0.669167 0.636667 0.048333 0.025000
2 0.447500 0.363333 0.035000 0.105000
3 0.781667 0.401667 0.017500 0.031667
2 0.430833 0.855000 0.022500 0.023333
3 0.661667 0.335000 0.010833 0.013333
3 0.695000 0.678333 0.007500 0.015000
2 0.698333 0.475000 0.034167 0.100000
2 0.405000 0.730000 0.058333 0.076667
3 0.309167 0.770000 0.013333 0.015000
3 0.554167 0.328333 0.015833 0.051667
3 0.281667 0.745000 0.008333 0.016667
3 0.566667 0.381667 0.009167 0.018333
2 0.383333 0.360000 0.097500 0.053333
3 0.272500 0.290000 0.011667 0.020000
2 0.481667 0.743333 0.034167 0.038333
3 0.417500 0.416667 0.015833 0.051667
2 0.497500 0.320000 0.097500 0.053333
2 0.732500 0.616667 0.010000 0.031667
