4 0.867500 0.535000 0.128333 0.100000
4 0.890000 0.600000 0.060000 0.025000
4 0.802500 0.515000 0.129167 0.048333
4 0.829167 0.591667 0.101667 0.071667
4 0.880833 0.526667 0.102500 0.028333
4 0.888333 0.555000 0.067500 0.085000
4 0.844167 0.461667 0.108333 0.175000
4 0.831667 0.556667 0.052500 0.105000
4 0.850000 0.465000 0.034167 0.076667
4 0.778333 0.463333 0.146667 0.156667
4 0.600000 0.540000 0.120000 0.100000
4 0.488333 0.481667 0.075833 0.043333
4 0.240000 0.538333 0.146667 0.075000
4 0.153333 0.591667 0.044167 0.071667
4 0.749167 0.530000 0.085833 0.036667
4 0.548333 0.543333 0.042500 0.035000
4 0.669167 0.608333 0.085833 0.200000
4 0.625833 0.408333 0.112500 0.178333
4 0.786667 0.615000 0.060833 0.146667
4 0.101667 0.703333 0.163333 0.285000
3 0.731667 0.518333 0.009167 0.015000
3 0.195833 0.503333 0.014167 0.025000
3 0.123333 0.456667 0.010833 0.013333
3 0.350000 0.561667 0.017500 0.031667
2 0.099167 0.513333 0.020833 0.080000
2 0.294167 0.485000 0.048333 0.043333
2 0.153333 0.553333 0.021667 0.090000
3 0.797500 0.490000 0.011667 0.030000
3 0.151667 0.450000 0.017500 0.031667
2 0.093333 0.526667 0.019167 0.046667
2 0.037500 0.548333 0.009167 0.031667
2 0.420000 0.545000 0.010000 0.031667
2 0.595000 0.608333 0.045833 0.021667
2 0.317500 0.595000 0.020000 0.021667
3 0.682500 0.501667 0.013333 0.031667
3 0.260000 0.515000 0.008333 0.016667
2 0.319167 0.613333 0.048333 0.043333
2 0.286667 0.601667 0.009167 0.031667
2 0.411667 0.480000 0.020833 0.080000
2 0.142500 0.633333 0.010833 0.091667
2 0.581667 0.491667 0.020833 0.080000
3 0.263333 0.600000 0.010833 0.023333
2 0.355000 0.483333 0.034167 0.038333
2 0.478333 0.425000 0.009167 0.040000
3 0.346667 0.571667 0.009167 0.023333
3 0.092500 0.490000 0.009167 0.016667
2 0.200833 0.573333 0.034167 0.038333
2 0.180000 0.485000 0.020833 0.080000
2 0.471667 0.446667 0.026667 0.035000
3 0.402500 0.461667 0.008333 0.021667
2 0.575000 0.593333 0.021667 0.090000
3 0.729167 0.546667 0.008333 0.016667
3 0.398333 0.548333 0.007500 0.018333
2 0.791667 0.608333 0.048333 0.025000
3 0.761667 0.506667 0.009167 0.016667
3 0.330833 0.508333 0.009167 0.015000
3 0.332500 0.550000 0.007500 0.018333
3 0.110000 0.476667 0.010000 0.020000
2 0.416667 0.595000 0.034167 0.100000
2 0.434167 0.458333 0.009167 0.040000
3 0.434167 0.601667 0.009167 0.018333
2 0.377500 0.575000 0.020000 0.021667
3 0.423333 0.520000 0.008333 0.016667
2 0.360000 0.570000 0.011667 0.025000
2 0.451667 0.448333 0.023333 0.041667
3 0.027500 0.521667 0.007500 0.015000
2 0.131667 0.478333 0.015833 0.068333
3 0.050000 0.511667 0.007500 0.018333
3 0.095833 0.493333 0.007500 0.015000
3 0.285000 0.476667 0.015833 0.051667
2 0.147500 0.475000 0.009167 0.040000
3 0.602500 0.621667 0.007500 0.015000
3 0.760000 0.503333 0.008333 0.016667
2 0.597500 0.548333 0.023333 0.041667
2 0.153333 0.533333 0.014167 0.015000
3 0.168333 0.538333 0.010000 0.020000
3 0.265833 0.505000 0.009167 0.016667
2 0.256667 0.526667 0.045833 0.021667
2 0.045000 0.545000 0.020833 0.080000
2 0.415833 0.396667 0.097500 0.053333
2 0.116667 0.610000 0.026667 0.035000
2 0.297500 0.546667 0.017500 0.116667
2 0.498333 0.476667 0.009167 0.031667
2 0.364167 0.521667 0.020833 0.080000
2 0.440833 0.448333 0.019167 0.046667
2 0.650833 0.466667 0.009167 0.040000
2 0.050833 0.503333 0.034167 0.038333
2 0.539167 0.573333 0.027500 0.016667
2 0.218333 0.571667 0.009167 0.040000
2 0.464167 0.468333 0.058333 0.076667
2 0.368333 0.471667 0.026667 0.035000
3 0.113333 0.558333 0.007500 0.015000
3 0.815833 0.501667 0.010000 0.020000
3 0.448333 0.571667 0.009167 0.016667
3 0.566667 0.516667 0.013333 0.015000
3 0.020000 0.528333 0.010833 0.013333
3 0.537500 0.491667 0.007500 0.018333
2 0.135833 0.583333 0.034167 0.038333
2 0.176667 0.491667 0.017500 0.116667
2 0.760000 0.518333 0.010000 0.031667
3 0.659167 0.476667 0.010833 0.013333
3 0.498333 0.431667 0.008333 0.016667
3 0.329167 0.531667 0.009167 0.016667
3 0.426667 0.463333 0.008333 0.016667
2 0.803333 0.600000 0.027500 0.016667
3 0.820000 0.658333 0.011667 0.020000
2 0.529167 0.540000 0.097500 0.053333
3 0.612500 0.606667 0.013333 0.031667
3 0.369167 0.511667 0.009167 0.016667
2 0.185833 0.508333 0.045833 0.021667
2 0.766667 0.551667 0.048333 0.043333
2 0.340000 0.500000 0.035000 0.105000
3 0.335833 0.445000 0.011667 0.030000
3 0.601667 0.561667 0.008333 0.016667
3 0.337500 0.448333 0.011667 0.030000
2 0.250833 0.446667 0.020833 0.080000
3 0.170833 0.578333 0.009167 0.016667
3 0.346667 0.461667 0.013333 0.015000
2 0.260833 0.551667 0.020833 0.080000
2 0.466667 0.446667 0.013333 0.070000
2 0.158333 0.481667 0.017500 0.116667
2 0.789167 0.501667 0.026667 0.035000
3 0.466667 0.331667 0.008333 0.016667
3 0.758333 0.591667 0.007500 0.015000
2 0.447500 0.821667 0.020833 0.028333
3 0.293333 0.761667 0.007500 0.015000
2 0.715000 0.698333 0.048333 0.043333
2 0.690833 0.671667 0.023333 0.041667
3 0.347500 0.616667 0.017500 0.031667
2 0.526667 0.385000 0.021667 0.090000
3 0.670833 0.363333 0.007500 0.018333
2 0.743333 0.331667 0.048333 0.043333
2 0.777500 0.371667 0.027500 0.016667
3 0.810000 0.630000 0.008333 0.016667
3 0.485000 0.311667 0.007500 0.015000
3 0.243333 0.390000 0.006667 0.018333
3 0.365833 0.680000 0.013333 0.031667
2 0.754167 0.405000 0.029167 0.038333
3 0.497500 0.400000 0.008333 0.016667
2 0.763333 0.351667 0.015833 0.068333
2 0.317500 0.291667 0.009167 0.031667
2 0.668333 0.406667 0.020833 0.080000
2 0.702500 0.325000 0.011667 0.025000
3 0.642500 0.365000 0.013333 0.031667
2 0.328333 0.365000 0.058333 0.076667
2 0.449167 0.673333 0.020833 0.080000
2 0.705833 0.691667 0.023333 0.041667
3 0.410833 0.691667 0.011667 0.020000
3 0.747500 0.606667 0.007500 0.018333
2 0.320000 0.285000 0.019167 0.046667
2 0.447500 0.418333 0.021667 0.090000
2 0.638333 0.661667 0.020833 0.080000
2 0.257500 0.356667 0.011667 0.025000
3 0.780833 0.608333 0.013333 0.015000
2 0.724167 0.336667 0.097500 0.053333
2 0.643333 0.708333 0.021667 0.090000
2 0.269167 0.646667 0.011667 0.025000
3 0.710000 0.688333 0.010833 0.023333
3 0.350000 0.743333 0.011667 0.030000
3 0.727500 0.641667 0.008333 0.016667
2 0.779167 0.700000 0.030833 0.051667
2 0.466667 0.695000 0.034167 0.038333
3 0.245000 0.696667 0.013333 0.015000
3 0.760833 0.608333 0.007500 0.015000
3 0.271667 0.715000 0.007500 0.015000
3 0.705000 0.720000 0.007500 0.016667
2 0.533333 0.716667 0.026667 0.035000
3 0.748333 0.408333 0.009167 0.015000
3 0.768333 0.383333 0.008333 0.016667
3 0.390833 0.378333 0.013333 0.031667
2 0.670000 0.431667 0.026667 0.035000
3 0.730000 0.378333 0.007500 0.015000
3 0.708333 0.436667 0.011667 0.030000
3 0.439167 0.325000 0.017500 0.031667
3 0.471667 0.121667 0.010000 0.016667
3 0.775833 0.783333 0.008333 0.016667
2 0.313333 0.388333 0.030833 0.051667
3 0.340000 0.650000 0.010000 0.016667
3 0.534167 0.300000 0.009167 0.016667
2 0.220000 0.390000 0.029167 0.038333
3 0.728333 0.380000 0.011667 0.020000
2 0.220833 0.810000 0.045833 0.021667
3 0.501667 0.393333 0.007500 0.015000
2 0.758333 0.348333 0.034167 0.100000
3 0.770000 0.381667 0.009167 0.023333
3 0.658333 0.410000 0.011667 0.030000
2 0.701667 0.458333 0.030833 0.051667
2 0.437500 0.411667 0.017500 0.116667
3 0.456667 0.201667 0.007500 0.015000
2 0.649167 0.373333 0.035000 0.105000
2 0.651667 0.401667 0.048333 0.043333
2 0.441667 0.931667 0.010833 0.091667
2 0.695833 0.676667 0.034167 0.100000
3 0.233333 0.381667 0.013333 0.031667
2 0.604167 0.636667 0.029167 0.038333
2 0.690833 0.395000 0.020833 0.080000
2 0.694167 0.255000 0.017500 0.116667
3 0.230833 0.400000 0.008333 0.016667
3 0.515000 0.825000 0.008333 0.016667
2 0.550000 0.763333 0.010833 0.091667
3 0.315833 0.790000 0.010000 0.016667
3 0.582500 0.643333 0.010000 0.020000
3 0.544167 0.240000 0.009167 0.016667
2 0.720833 0.690000 0.022500 0.023333
3 0.302500 0.408333 0.009167 0.016667
2 0.571667 0.598333 0.015833 0.068333
3 0.455833 0.223333 0.011667 0.020000
2 0.795000 0.408333 0.011667 0.025000
2 0.532500 0.228333 0.045833 0.021667
2 0.245833 0.383333 0.029167 0.038333
2 0.376667 0.388333 0.097500 0.053333
3 0.550833 0.725000 0.009167 0.015000
2 0.774167 0.665000 0.020833 0.028333
2 0.544167 0.661667 0.009167 0.031667
3 0.367500 0.680000 0.009167 0.016667
3 0.704167 0.731667 0.009167 0.023333
3 0.699167 0.260000 0.007500 0.018333
3 0.438333 0.900000 0.017500 0.031667
3 0.781667 0.416667 0.009167 0.015000
2 0.337500 0.406667 0.010833 0.091667
2 0.565000 0.606667 0.020833 0.080000
2 0.359167 0.656667 0.020833 0.028333
3 0.531667 0.365000 0.011667 0.020000
2 0.285000 0.350000 0.017500 0.116667
2 0.759167 0.588333 0.011667 0.066667
2 0.380833 0.648333 0.048333 0.043333
2 0.220000 0.698333 0.020833 0.028333
3 0.466667 0.785000 0.011667 0.020000
3 0.695000 0.343333 0.009167 0.018333
2 0.303333 0.348333 0.013333 0.070000
2 0.275833 0.466667 0.020833 0.080000
2 0.697500 0.325000 0.013333 0.070000
2 0.681667 0.325000 0.097500 0.053333
3 0.345833 0.396667 0.014167 0.025000
3 0.675000 0.351667 0.008333 0.016667
3 0.767500 0.646667 0.010000 0.016667
3 0.372500 0.760000 0.007500 0.015000
3 0.742500 0.615000 0.015833 0.051667
2 0.500000 0.411667 0.058333 0.076667
2 0.721667 0.673333 0.020833 0.028333
2 0.456667 0.276667 0.010000 0.031667
3 0.710000 0.341667 0.010833 0.013333
2 0.696667 0.700000 0.009167 0.040000
3 0.707500 0.705000 0.008333 0.016667
3 0.319167 0.343333 0.008333 0.016667
2 0.295000 0.638333 0.048333 0.043333
3 0.343333 0.371667 0.011667 0.020000
3 0.640833 0.643333 0.007500 0.015000
2 0.335833 0.856667 0.023333 0.106667
3 0.675000 0.426667 0.009167 0.016667
3 0.645833 0.633333 0.009167 0.016667
2 0.729167 0.718333 0.020000 0.021667
3 0.435833 0.330000 0.008333 0.016667
3 0.450833 0.713333 0.007500 0.018333
3 0.589167 0.630000 0.007500 0.016667
2 0.750833 0.605000 0.027500 0.016667
2 0.480000 0.403333 0.021667 0.090000
2 0.423333 0.640000 0.035000 0.105000
2 0.701667 0.445000 0.027500 0.016667
3 0.497500 0.256667 0.009167 0.016667
3 0.326667 0.383333 0.008333 0.016667
3 0.615000 0.645000 0.007500 0.016667
2 0.230833 0.373333 0.097500 0.053333
3 0.702500 0.685000 0.015833 0.051667
3 0.440000 0.343333 0.007500 0.015000
2 0.784167 0.391667 0.010000 0.031667
3 0.420000 0.351667 0.007500 0.015000
2 0.781667 0.603333 0.011667 0.025000
2 0.290000 0.640000 0.029167 0.038333
3 0.641667 0.623333 0.007500 0.015000
3 0.479167 0.323333 0.009167 0.016667
3 0.685833 0.620000 0.009167 0.023333
2 0.812500 0.401667 0.009167 0.040000
2 0.663333 0.303333 0.020833 0.080000
3 0.455833 0.753333 0.007500 0.016667
2 0.632500 0.411667 0.048333 0.043333
3 0.318333 0.768333 0.015833 0.051667
3 0.786667 0.406667 0.009167 0.016667
2 0.720833 0.410000 0.019167 0.046667
3 0.422500 0.396667 0.010000 0.020000
2 0.542500 0.628333 0.020000 0.021667
3 0.672500 0.673333 0.013333 0.015000
2 0.314167 0.678333 0.030833 0.051667
3 0.487500 0.258333 0.007500 0.016667
3 0.779167 0.663333 0.007500 0.018333
2 0.471667 0.255000 0.020833 0.080000
2 0.438333 0.371667 0.030833 0.051667
3 0.680833 0.615000 0.013333 0.015000
2 0.733333 0.435000 0.010833 0.091667
3 0.680000 0.650000 0.007500 0.018333
2 0.812500 0.730000 0.009167 0.031667
2 0.517500 0.303333 0.013333 0.070000
3 0.485833 0.640000 0.007500 0.016667
2 0.736667 0.373333 0.021667 0.090000
2 0.319167 0.255000 0.011667 0.025000
2 0.780000 0.631667 0.021667 0.090000
2 0.320833 0.715000 0.010000 0.031667
2 0.765833 0.376667 0.048333 0.043333
2 0.621667 0.661667 0.048333 0.025000
3 0.640833 0.623333 0.010000 0.016667
3 0.778333 0.736667 0.009167 0.018333
3 0.718333 0.660000 0.007500 0.016667
2 0.307500 0.465000 0.022500 0.023333
2 0.489167 0.291667 0.021667 0.090000
3 0.746667 0.375000 0.007500 0.015000
2 0.413333 0.866667 0.021667 0.090000
2 0.654167 0.331667 0.034167 0.038333
3 0.325000 0.658333 0.010000 0.016667
3 0.779167 0.426667 0.007500 0.016667
3 0.649167 0.680000 0.010000 0.016667
3 0.215833 0.680000 0.014167 0.025000
2 0.525833 0.371667 0.022500 0.023333
3 0.784167 0.661667 0.009167 0.018333
3 0.648333 0.381667 0.007500 0.018333
3 0.569167 0.276667 0.011667 0.020000
3 0.771667 0.358333 0.009167 0.016667
3 0.272500 0.260000 0.013333 0.015000
3 0.309167 0.721667 0.007500 0.018333
2 0.400000 0.833333 0.048333 0.043333
2 0.388333 0.320000 0.027500 0.016667
