4 0.876667 0.596667 0.060833 0.095000
4 0.835833 0.616667 0.140833 0.075000
4 0.843333 0.560000 0.106667 0.170000
4 0.816667 0.598333 0.184167 0.061667
4 0.784167 0.586667 0.141667 0.058333
4 0.854167 0.638333 0.067500 0.086667
4 0.783333 0.643333 0.211667 0.176667
4 0.820000 0.468333 0.088333 0.026667
4 0.902500 0.500000 0.031667 0.026667
4 0.828333 0.371667 0.111667 0.093333
4 0.510833 0.583333 0.098333 0.088333
4 0.020833 0.461667 0.041667 0.133333
4 0.238333 0.578333 0.076667 0.198333
4 0.749167 0.571667 0.143333 0.171667
4 0.091667 0.473333 0.133333 0.216667
4 0.063333 0.541667 0.037500 0.016667
4 0.146667 0.490000 0.245833 0.115000
4 0.776667 0.485000 0.074167 0.046667
4 0.265000 0.436667 0.149167 0.225000
4 0.036667 0.411667 0.074167 0.328333
3 0.419167 0.501667 0.010833 0.013333
3 0.694167 0.525000 0.007500 0.016667
3 0.508333 0.541667 0.011667 0.020000
3 0.450833 0.593333 0.007500 0.018333
3 0.189167 0.461667 0.007500 0.016667
2 0.120000 0.485000 0.009167 0.031667
2 0.050000 0.538333 0.015833 0.068333
3 0.343333 0.468333 0.011667 0.020000
2 0.339167 0.463333 0.058333 0.076667
2 0.227500 0.491667 0.022500 0.023333
3 0.750833 0.576667 0.009167 0.016667
3 0.330833 0.448333 0.009167 0.018333
3 0.069167 0.558333 0.014167 0.025000
2 0.251667 0.465000 0.020000 0.021667
3 0.182500 0.556667 0.010833 0.023333
2 0.771667 0.485000 0.029167 0.038333
2 0.202500 0.438333 0.020833 0.028333
2 0.593333 0.515000 0.013333 0.070000
3 0.190000 0.591667 0.007500 0.015000
3 0.154167 0.513333 0.014167 0.025000
3 0.434167 0.491667 0.006667 0.018333
2 0.715833 0.581667 0.021667 0.090000
3 0.774167 0.498333 0.008333 0.021667
3 0.091667 0.538333 0.007500 0.015000
2 0.075833 0.596667 0.030833 0.051667
3 0.210833 0.508333 0.013333 0.015000
2 0.056667 0.525000 0.011667 0.066667
2 0.049167 0.586667 0.021667 0.090000
3 0.480833 0.518333 0.008333 0.016667
2 0.275000 0.580000 0.097500 0.053333
2 0.780833 0.458333 0.030833 0.051667
2 0.810833 0.488333 0.020833 0.080000
2 0.175000 0.498333 0.020833 0.080000
2 0.010000 0.515000 0.020000 0.106667
2 0.225000 0.555000 0.017500 0.116667
2 0.111667 0.488333 0.097500 0.053333
3 0.723333 0.575000 0.010833 0.013333
2 0.038333 0.463333 0.023333 0.106667
3 0.744167 0.516667 0.007500 0.018333
2 0.480000 0.576667 0.009167 0.040000
2 0.637500 0.541667 0.011667 0.066667
2 0.045000 0.523333 0.017500 0.116667
3 0.401667 0.526667 0.009167 0.016667
2 0.106667 0.438333 0.048333 0.043333
3 0.328333 0.618333 0.015833 0.051667
2 0.590000 0.481667 0.027500 0.016667
2 0.640000 0.508333 0.097500 0.053333
2 0.765000 0.433333 0.097500 0.053333
3 0.820000 0.511667 0.009167 0.016667
3 0.081667 0.496667 0.013333 0.015000
3 0.828333 0.606667 0.007500 0.015000
2 0.373333 0.596667 0.009167 0.031667
3 0.542500 0.490000 0.017500 0.031667
3 0.327500 0.536667 0.010833 0.013333
3 0.110000 0.530000 0.009167 0.023333
2 0.076667 0.498333 0.015833 0.068333
3 0.417500 0.471667 0.008333 0.021667
3 0.310000 0.491667 0.010833 0.023333
2 0.452500 0.515000 0.022500 0.023333
2 0.210000 0.551667 0.026667 0.035000
3 0.784167 0.480000 0.007500 0.016667
2 0.734167 0.480000 0.020833 0.028333
3 0.695833 0.485000 0.010833 0.023333
3 0.263333 0.460000 0.009167 0.015000
2 0.113333 0.478333 0.034167 0.038333
2 0.773333 0.523333 0.009167 0.031667
2 0.435000 0.590000 0.020000 0.021667
3 0.344167 0.538333 0.006667 0.018333
2 0.451667 0.396667 0.048333 0.025000
2 0.169167 0.440000 0.034167 0.038333
3 0.565833 0.496667 0.010833 0.023333
2 0.136667 0.593333 0.023333 0.041667
2 0.334167 0.598333 0.027500 0.016667
2 0.541667 0.541667 0.010000 0.031667
2 0.680833 0.491667 0.009167 0.031667
3 0.463333 0.513333 0.007500 0.016667
2 0.223333 0.563333 0.048333 0.025000
2 0.816667 0.588333 0.014167 0.015000
2 0.370833 0.548333 0.019167 0.046667
2 0.234167 0.431667 0.009167 0.040000
2 0.482500 0.508333 0.034167 0.100000
2 0.400000 0.476667 0.009167 0.040000
3 0.117500 0.565000 0.014167 0.025000
2 0.363333 0.593333 0.013333 0.070000
2 0.356667 0.568333 0.048333 0.043333
3 0.382500 0.495000 0.010000 0.020000
2 0.407500 0.490000 0.058333 0.076667
2 0.360833 0.541667 0.048333 0.025000
3 0.035833 0.476667 0.011667 0.020000
2 0.632500 0.481667 0.009167 0.031667
3 0.802500 0.540000 0.008333 0.016667
3 0.251667 0.503333 0.007500 0.018333
3 0.573333 0.470000 0.015833 0.051667
3 0.275000 0.563333 0.011667 0.020000
2 0.734167 0.480000 0.048333 0.025000
3 0.515833 0.550000 0.013333 0.015000
3 0.252500 0.475000 0.009167 0.018333
3 0.259167 0.528333 0.008333 0.021667
2 0.189167 0.488333 0.030833 0.051667
2 0.203333 0.550000 0.022500 0.023333
3 0.323333 0.511667 0.009167 0.016667
3 0.403333 0.470000 0.008333 0.016667
2 0.350000 0.350000 0.019167 0.046667
3 0.680833 0.436667 0.015833 0.051667
2 0.500833 0.830000 0.023333 0.106667
2 0.672500 0.620000 0.020000 0.021667
2 0.480000 0.241667 0.019167 0.046667
3 0.423333 0.401667 0.008333 0.021667
3 0.653333 0.646667 0.011667 0.030000
2 0.349167 0.665000 0.023333 0.041667
2 0.336667 0.821667 0.019167 0.046667
3 0.785000 0.406667 0.011667 0.030000
3 0.422500 0.348333 0.009167 0.016667
2 0.756667 0.696667 0.009167 0.040000
2 0.672500 0.700000 0.020833 0.080000
2 0.665833 0.388333 0.045833 0.021667
3 0.474167 0.311667 0.007500 0.015000
2 0.661667 0.386667 0.010000 0.031667
3 0.550000 0.655000 0.008333 0.016667
3 0.782500 0.370000 0.007500 0.018333
2 0.285833 0.796667 0.023333 0.106667
3 0.600833 0.998333 0.009167 0.001667
3 0.453333 0.730000 0.007500 0.016667
2 0.554167 0.636667 0.019167 0.046667
3 0.242500 0.356667 0.013333 0.031667
2 0.440000 0.771667 0.034167 0.100000
2 0.721667 0.355000 0.058333 0.076667
2 0.786667 0.635000 0.023333 0.041667
3 0.600000 0.740000 0.007500 0.016667
2 0.694167 0.625000 0.026667 0.035000
2 0.673333 0.640000 0.020833 0.028333
3 0.814167 0.403333 0.006667 0.018333
2 0.257500 0.680000 0.034167 0.038333
2 0.739167 0.295000 0.035000 0.105000
2 0.552500 0.428333 0.027500 0.016667
2 0.665000 0.433333 0.027500 0.016667
3 0.271667 0.343333 0.009167 0.015000
2 0.720833 0.695000 0.021667 0.090000
2 0.706667 0.430000 0.048333 0.043333
3 0.291667 0.281667 0.007500 0.015000
2 0.770000 0.406667 0.034167 0.100000
2 0.332500 0.721667 0.022500 0.023333
3 0.680833 0.638333 0.009167 0.016667
2 0.323333 0.373333 0.034167 0.038333
3 0.757500 0.616667 0.011667 0.030000
2 0.559167 0.171667 0.030833 0.051667
2 0.518333 0.375000 0.011667 0.066667
2 0.260833 0.385000 0.009167 0.031667
2 0.608333 0.251667 0.035000 0.105000
3 0.449167 0.703333 0.007500 0.015000
2 0.567500 0.616667 0.019167 0.046667
2 0.584167 0.633333 0.023333 0.041667
2 0.217500 0.778333 0.097500 0.053333
3 0.257500 0.768333 0.008333 0.016667
3 0.685833 0.331667 0.008333 0.016667
2 0.760000 0.656667 0.045833 0.021667
3 0.388333 0.365000 0.007500 0.015000
2 0.153333 0.410000 0.020000 0.021667
3 0.498333 0.775000 0.010833 0.023333
3 0.329167 0.676667 0.009167 0.015000
2 0.418333 0.673333 0.022500 0.023333
3 0.662500 0.383333 0.008333 0.016667
2 0.683333 0.721667 0.010833 0.091667
3 0.517500 0.635000 0.008333 0.016667
2 0.772500 0.591667 0.017500 0.116667
3 0.455833 0.755000 0.007500 0.018333
3 0.660000 0.270000 0.007500 0.015000
2 0.585833 0.725000 0.045833 0.021667
2 0.343333 0.683333 0.034167 0.100000
3 0.287500 0.821667 0.007500 0.016667
2 0.687500 0.646667 0.022500 0.023333
3 0.242500 0.223333 0.007500 0.015000
2 0.585833 0.351667 0.009167 0.040000
2 0.576667 0.288333 0.020833 0.080000
2 0.665000 0.406667 0.048333 0.043333
3 0.624167 0.366667 0.010833 0.023333
3 0.303333 0.645000 0.009167 0.016667
2 0.678333 0.738333 0.034167 0.100000
2 0.640000 0.360000 0.017500 0.116667
2 0.482500 0.376667 0.020000 0.021667
3 0.702500 0.716667 0.009167 0.018333
3 0.694167 0.636667 0.007500 0.015000
3 0.748333 0.705000 0.008333 0.016667
2 0.542500 0.998333 0.034167 0.001667
2 0.720833 0.610000 0.020833 0.080000
2 0.741667 0.366667 0.048333 0.043333
2 0.770833 0.695000 0.020833 0.028333
3 0.533333 0.356667 0.007500 0.015000
2 0.770000 0.315000 0.011667 0.025000
3 0.641667 0.658333 0.007500 0.018333
3 0.730833 0.718333 0.009167 0.018333
2 0.318333 0.366667 0.026667 0.035000
3 0.517500 0.720000 0.006667 0.018333
3 0.280833 0.255000 0.017500 0.031667
2 0.762500 0.591667 0.020000 0.021667
3 0.560833 0.275000 0.009167 0.016667
2 0.685000 0.636667 0.023333 0.041667
2 0.559167 0.665000 0.010000 0.031667
2 0.533333 0.281667 0.010000 0.031667
3 0.646667 0.673333 0.014167 0.025000
3 0.739167 0.415000 0.008333 0.016667
3 0.234167 0.636667 0.009167 0.016667
3 0.320000 0.350000 0.007500 0.015000
2 0.312500 0.668333 0.015833 0.068333
3 0.778333 0.615000 0.017500 0.031667
3 0.534167 0.740000 0.011667 0.030000
3 0.269167 0.703333 0.008333 0.016667
2 0.637500 0.396667 0.045833 0.021667
3 0.432500 0.780000 0.009167 0.016667
3 0.458333 0.346667 0.007500 0.018333
3 0.702500 0.615000 0.010000 0.016667
3 0.759167 0.643333 0.009167 0.018333
3 0.641667 0.378333 0.009167 0.016667
2 0.757500 0.393333 0.048333 0.025000
3 0.302500 0.398333 0.009167 0.018333
3 0.317500 0.640000 0.008333 0.016667
3 0.806667 0.728333 0.009167 0.016667
3 0.741667 0.335000 0.008333 0.016667
2 0.450833 0.191667 0.020833 0.080000
2 0.553333 0.698333 0.020833 0.080000
3 0.440833 0.378333 0.008333 0.016667
2 0.459167 0.856667 0.011667 0.025000
2 0.429167 0.378333 0.045833 0.021667
2 0.433333 0.203333 0.097500 0.053333
2 0.398333 0.828333 0.020833 0.080000
2 0.324167 0.338333 0.010833 0.091667
2 0.250833 0.716667 0.030833 0.051667
3 0.688333 0.356667 0.013333 0.015000
2 0.745000 0.441667 0.034167 0.100000
2 0.795000 0.626667 0.023333 0.106667
3 0.670000 0.365000 0.009167 0.023333
3 0.739167 0.353333 0.015833 0.051667
2 0.535000 0.715000 0.022500 0.023333
2 0.427500 0.653333 0.020000 0.021667
2 0.302500 0.276667 0.019167 0.046667
3 0.715000 0.306667 0.008333 0.016667
3 0.630833 0.656667 0.007500 0.016667
3 0.282500 0.766667 0.008333 0.016667
3 0.655833 0.403333 0.010000 0.016667
2 0.535833 0.738333 0.020833 0.080000
2 0.321667 0.378333 0.017500 0.116667
3 0.825000 0.416667 0.011667 0.020000
2 0.502500 0.310000 0.015833 0.068333
2 0.418333 0.875000 0.010833 0.091667
3 0.677500 0.621667 0.010000 0.020000
3 0.754167 0.716667 0.006667 0.018333
3 0.844167 0.326667 0.009167 0.023333
3 0.329167 0.391667 0.010833 0.023333
3 0.660000 0.381667 0.013333 0.015000
3 0.761667 0.686667 0.010833 0.013333
2 0.695000 0.236667 0.048333 0.025000
3 0.237500 0.351667 0.013333 0.031667
3 0.290833 0.783333 0.008333 0.016667
3 0.707500 0.678333 0.006667 0.018333
2 0.625833 0.320000 0.015833 0.068333
3 0.639167 0.390000 0.006667 0.018333
3 0.420833 0.410000 0.009167 0.016667
3 0.343333 0.871667 0.008333 0.016667
3 0.285833 0.301667 0.010000 0.016667
3 0.693333 0.688333 0.007500 0.015000
3 0.650000 0.680000 0.007500 0.015000
3 0.444167 0.381667 0.007500 0.016667
3 0.653333 0.345000 0.015833 0.051667
3 0.760833 0.598333 0.008333 0.016667
3 0.705000 0.790000 0.009167 0.015000
3 0.686667 0.661667 0.007500 0.015000
2 0.538333 0.265000 0.020833 0.080000
3 0.732500 0.400000 0.013333 0.031667
2 0.792500 0.398333 0.015833 0.068333
2 0.625833 0.426667 0.010833 0.091667
3 0.441667 0.161667 0.013333 0.031667
2 0.628333 0.375000 0.048333 0.043333
2 0.792500 0.380000 0.023333 0.041667
2 0.639167 0.411667 0.021667 0.090000
2 0.626667 0.653333 0.048333 0.025000
3 0.693333 0.413333 0.006667 0.018333
2 0.761667 0.703333 0.022500 0.023333
3 0.454167 0.830000 0.008333 0.016667
2 0.463333 0.330000 0.034167 0.100000
2 0.345000 0.386667 0.015833 0.068333
3 0.696667 0.768333 0.010000 0.020000
3 0.311667 0.606667 0.007500 0.015000
3 0.768333 0.383333 0.008333 0.016667
2 0.668333 0.388333 0.013333 0.070000
3 0.446667 0.378333 0.015833 0.051667
3 0.365000 0.701667 0.007500 0.015000
2 0.705000 0.361667 0.020000 0.021667
3 0.670833 0.610000 0.011667 0.030000
2 0.737500 0.330000 0.010000 0.031667
3 0.810000 0.631667 0.007500 0.018333
3 0.756667 0.616667 0.015833 0.051667
2 0.736667 0.325000 0.011667 0.025000
3 0.189167 0.400000 0.009167 0.016667
2 0.796667 0.348333 0.058333 0.076667
2 0.336667 0.643333 0.022500 0.023333
2 0.776667 0.608333 0.026667 0.035000
3 0.548333 0.631667 0.008333 0.016667
3 0.432500 0.655000 0.010000 0.020000
3 0.776667 0.651667 0.017500 0.031667
2 0.687500 0.706667 0.048333 0.025000
