4 0.828333 0.468333 0.138333 0.170000
4 0.810833 0.661667 0.070833 0.060000
4 0.796667 0.585000 0.082500 0.021667
4 0.804167 0.550000 0.065833 0.055000
4 0.879167 0.596667 0.072500 0.111667
4 0.894167 0.616667 0.036667 0.090000
4 0.786667 0.608333 0.134167 0.058333
4 0.905000 0.603333 0.045833 0.073333
4 0.815000 0.536667 0.080000 0.083333
4 0.836667 0.715000 0.110000 0.063333
4 0.333333 0.521667 0.167500 0.160000
4 0.254167 0.478333 0.038333 0.080000
4 0.500000 0.556667 0.135000 0.046667
4 0.681667 0.556667 0.214167 0.093333
4 0.493333 0.608333 0.326667 0.250000
4 0.221667 0.521667 0.100000 0.063333
4 0.064167 0.591667 0.061667 0.083333
4 0.652500 0.453333 0.140833 0.188333
4 0.040833 0.648333 0.082500 0.238333
4 0.041667 0.553333 0.083333 0.080000
3 0.508333 0.588333 0.010000 0.016667
2 0.220833 0.583333 0.010000 0.031667
2 0.284167 0.506667 0.026667 0.035000
2 0.274167 0.605000 0.022500 0.023333
2 0.411667 0.575000 0.021667 0.090000
2 0.386667 0.513333 0.048333 0.043333
3 0.429167 0.616667 0.014167 0.025000
2 0.603333 0.508333 0.022500 0.023333
3 0.826667 0.350000 0.009167 0.015000
2 0.614167 0.568333 0.020833 0.028333
3 0.255000 0.553333 0.008333 0.016667
2 0.191667 0.523333 0.045833 0.021667
3 0.605833 0.623333 0.009167 0.016667
3 0.528333 0.573333 0.014167 0.025000
3 0.473333 0.560000 0.014167 0.025000
3 0.285833 0.501667 0.008333 0.016667
3 0.337500 0.461667 0.007500 0.018333
2 0.290000 0.561667 0.020833 0.080000
2 0.810833 0.565000 0.026667 0.035000
3 0.105000 0.555000 0.007500 0.015000
2 0.633333 0.545000 0.014167 0.015000
2 0.023333 0.581667 0.030833 0.051667
3 0.618333 0.571667 0.017500 0.031667
3 0.077500 0.496667 0.010833 0.013333
3 0.281667 0.556667 0.011667 0.030000
3 0.769167 0.461667 0.007500 0.015000
3 0.110000 0.545000 0.008333 0.016667
2 0.455000 0.553333 0.017500 0.116667
2 0.743333 0.483333 0.023333 0.106667
2 0.257500 0.493333 0.023333 0.041667
3 0.042500 0.511667 0.008333 0.016667
3 0.616667 0.550000 0.007500 0.015000
3 0.410000 0.496667 0.010833 0.023333
2 0.505833 0.533333 0.058333 0.076667
2 0.095000 0.503333 0.045833 0.021667
2 0.640000 0.558333 0.058333 0.076667
3 0.579167 0.553333 0.015833 0.051667
2 0.583333 0.508333 0.010000 0.031667
2 0.231667 0.438333 0.035000 0.105000
2 0.761667 0.581667 0.013333 0.070000
3 0.452500 0.460000 0.011667 0.030000
3 0.485000 0.563333 0.007500 0.015000
2 0.552500 0.573333 0.020000 0.021667
3 0.495833 0.493333 0.013333 0.031667
2 0.124167 0.535000 0.026667 0.035000
3 0.270833 0.460000 0.010833 0.023333
2 0.104167 0.528333 0.020833 0.080000
2 0.580833 0.476667 0.097500 0.053333
3 0.692500 0.515000 0.007500 0.015000
3 0.180000 0.453333 0.011667 0.030000
2 0.216667 0.491667 0.017500 0.116667
2 0.134167 0.550000 0.030833 0.051667
2 0.820000 0.673333 0.009167 0.031667
3 0.765833 0.515000 0.008333 0.021667
2 0.598333 0.425000 0.019167 0.046667
2 0.390000 0.500000 0.034167 0.038333
2 0.274167 0.510000 0.010000 0.031667
3 0.201667 0.490000 0.007500 0.018333
2 0.805000 0.468333 0.020000 0.021667
2 0.455000 0.468333 0.035000 0.105000
3 0.251667 0.601667 0.017500 0.031667
3 0.744167 0.498333 0.009167 0.023333
3 0.603333 0.531667 0.008333 0.016667
2 0.651667 0.610000 0.013333 0.070000
3 0.597500 0.600000 0.007500 0.018333
3 0.180000 0.528333 0.017500 0.031667
2 0.045833 0.553333 0.015833 0.068333
3 0.593333 0.468333 0.009167 0.015000
2 0.407500 0.510000 0.020000 0.021667
2 0.632500 0.563333 0.010833 0.091667
3 0.510000 0.566667 0.009167 0.018333
2 0.297500 0.533333 0.045833 0.021667
3 0.819167 0.601667 0.015833 0.051667
2 0.429167 0.453333 0.011667 0.066667
2 0.500000 0.511667 0.022500 0.023333
2 0.127500 0.463333 0.048333 0.043333
3 0.556667 0.553333 0.008333 0.016667
2 0.343333 0.548333 0.017500 0.116667
3 0.654167 0.475000 0.011667 0.030000
2 0.725000 0.511667 0.021667 0.090000
3 0.225833 0.478333 0.010000 0.020000
3 0.317500 0.475000 0.007500 0.016667
2 0.470000 0.543333 0.010833 0.091667
2 0.488333 0.551667 0.030833 0.051667
3 0.770000 0.478333 0.011667 0.020000
3 0.350833 0.586667 0.009167 0.018333
2 0.145000 0.450000 0.019167 0.046667
3 0.052500 0.543333 0.014167 0.025000
3 0.548333 0.498333 0.010000 0.020000
3 0.723333 0.520000 0.009167 0.015000
3 0.527500 0.503333 0.008333 0.016667
2 0.547500 0.456667 0.045833 0.021667
3 0.360000 0.466667 0.015833 0.051667
2 0.180000 0.585000 0.020833 0.028333
3 0.825833 0.343333 0.010833 0.023333
3 0.623333 0.533333 0.010833 0.013333
3 0.150833 0.590000 0.009167 0.016667
2 0.557500 0.565000 0.009167 0.040000
3 0.675833 0.585000 0.008333 0.016667
3 0.132500 0.485000 0.010000 0.020000
3 0.158333 0.575000 0.009167 0.018333
3 0.475000 0.491667 0.006667 0.018333
3 0.672500 0.605000 0.007500 0.015000
3 0.688333 0.605000 0.009167 0.018333
3 0.680000 0.638333 0.013333 0.015000
2 0.563333 0.673333 0.026667 0.035000
3 0.474167 0.803333 0.013333 0.015000
2 0.268333 0.711667 0.009167 0.031667
3 0.624167 0.641667 0.007500 0.015000
2 0.445000 0.353333 0.019167 0.046667
2 0.265833 0.253333 0.048333 0.025000
3 0.218333 0.686667 0.009167 0.018333
3 0.681667 0.670000 0.010833 0.013333
2 0.646667 0.353333 0.048333 0.025000
3 0.630833 0.383333 0.009167 0.018333
2 0.278333 0.373333 0.030833 0.051667
2 0.524167 0.338333 0.011667 0.066667
3 0.316667 0.716667 0.009167 0.023333
2 0.766667 0.681667 0.048333 0.043333
3 0.708333 0.685000 0.009167 0.016667
3 0.444167 0.671667 0.009167 0.016667
3 0.681667 0.385000 0.015833 0.051667
3 0.545000 0.645000 0.011667 0.020000
2 0.750833 0.361667 0.020833 0.028333
2 0.614167 0.385000 0.045833 0.021667
3 0.695000 0.353333 0.008333 0.021667
3 0.313333 0.723333 0.008333 0.021667
2 0.294167 0.353333 0.020833 0.080000
2 0.247500 0.791667 0.022500 0.023333
2 0.465000 0.875000 0.010000 0.031667
3 0.646667 0.416667 0.008333 0.021667
2 0.172500 0.641667 0.045833 0.021667
2 0.525000 0.405000 0.014167 0.015000
2 0.509167 0.718333 0.020833 0.080000
3 0.627500 0.655000 0.017500 0.031667
2 0.660000 0.643333 0.048333 0.043333
2 0.507500 0.666667 0.023333 0.106667
3 0.503333 0.270000 0.009167 0.016667
3 0.551667 0.235000 0.008333 0.016667
3 0.680000 0.648333 0.007500 0.018333
2 0.769167 0.606667 0.058333 0.076667
3 0.722500 0.616667 0.009167 0.023333
2 0.503333 0.678333 0.035000 0.105000
3 0.226667 0.708333 0.007500 0.018333
2 0.740000 0.725000 0.010833 0.091667
2 0.472500 0.615000 0.017500 0.116667
3 0.789167 0.333333 0.009167 0.023333
3 0.699167 0.676667 0.007500 0.015000
2 0.804167 0.883333 0.015833 0.068333
3 0.326667 0.381667 0.007500 0.015000
3 0.730000 0.301667 0.009167 0.016667
3 0.726667 0.346667 0.008333 0.016667
3 0.480000 0.778333 0.011667 0.020000
2 0.303333 0.178333 0.048333 0.025000
3 0.425000 0.368333 0.009167 0.015000
2 0.342500 0.295000 0.020833 0.028333
2 0.680000 0.301667 0.035000 0.105000
3 0.745833 0.663333 0.015833 0.051667
3 0.295000 0.291667 0.006667 0.018333
3 0.645833 0.678333 0.008333 0.016667
3 0.636667 0.626667 0.010000 0.016667
3 0.411667 0.691667 0.009167 0.016667
2 0.689167 0.373333 0.027500 0.016667
3 0.541667 0.691667 0.009167 0.016667
2 0.642500 0.450000 0.009167 0.031667
3 0.524167 0.708333 0.007500 0.018333
3 0.674167 0.438333 0.009167 0.016667
3 0.522500 0.758333 0.007500 0.015000
2 0.473333 0.165000 0.014167 0.015000
2 0.780833 0.656667 0.009167 0.031667
2 0.559167 0.715000 0.030833 0.051667
3 0.829167 0.423333 0.007500 0.018333
2 0.390000 0.365000 0.019167 0.046667
3 0.280833 0.641667 0.011667 0.020000
2 0.271667 0.398333 0.048333 0.043333
3 0.334167 0.341667 0.015833 0.051667
2 0.635833 0.380000 0.027500 0.016667
2 0.301667 0.193333 0.035000 0.105000
2 0.695833 0.643333 0.035000 0.105000
3 0.450000 0.670000 0.010833 0.013333
3 0.333333 0.400000 0.009167 0.016667
2 0.411667 0.416667 0.030833 0.051667
2 0.310000 0.795000 0.045833 0.021667
3 0.605000 0.326667 0.013333 0.031667
2 0.518333 0.998333 0.035000 0.001667
2 0.302500 0.696667 0.009167 0.040000
2 0.685000 0.663333 0.048333 0.043333
2 0.285000 0.275000 0.029167 0.038333
3 0.423333 0.363333 0.007500 0.016667
3 0.725000 0.606667 0.009167 0.016667
2 0.633333 0.403333 0.034167 0.038333
2 0.635833 0.448333 0.009167 0.031667
2 0.725000 0.596667 0.026667 0.035000
2 0.415833 0.405000 0.023333 0.041667
3 0.605833 0.381667 0.009167 0.016667
3 0.715833 0.343333 0.017500 0.031667
3 0.358333 0.741667 0.006667 0.018333
2 0.689167 0.673333 0.027500 0.016667
2 0.311667 0.760000 0.021667 0.090000
2 0.293333 0.368333 0.048333 0.043333
2 0.495000 0.696667 0.009167 0.040000
2 0.687500 0.418333 0.020833 0.080000
3 0.447500 0.350000 0.013333 0.015000
3 0.782500 0.361667 0.007500 0.015000
2 0.510000 0.288333 0.010000 0.031667
2 0.482500 0.741667 0.034167 0.100000
2 0.685833 0.285000 0.034167 0.100000
2 0.695000 0.606667 0.048333 0.025000
2 0.590833 0.383333 0.045833 0.021667
2 0.448333 0.741667 0.017500 0.116667
3 0.520000 0.663333 0.007500 0.018333
2 0.524167 0.448333 0.034167 0.100000
3 0.300000 0.651667 0.009167 0.023333
2 0.810000 0.400000 0.014167 0.015000
2 0.430833 0.348333 0.034167 0.038333
2 0.750833 0.348333 0.097500 0.053333
3 0.171667 0.411667 0.015833 0.051667
3 0.555000 0.711667 0.008333 0.016667
2 0.299167 0.718333 0.027500 0.016667
3 0.308333 0.295000 0.007500 0.018333
2 0.642500 0.663333 0.034167 0.100000
2 0.701667 0.260000 0.034167 0.100000
3 0.658333 0.355000 0.008333 0.021667
2 0.430833 0.353333 0.026667 0.035000
2 0.794167 0.711667 0.010000 0.031667
2 0.670000 0.423333 0.020000 0.021667
2 0.510000 0.371667 0.022500 0.023333
2 0.685833 0.648333 0.035000 0.105000
2 0.648333 0.406667 0.035000 0.105000
2 0.740000 0.313333 0.011667 0.066667
2 0.757500 0.365000 0.027500 0.016667
2 0.383333 0.640000 0.020833 0.028333
3 0.408333 0.390000 0.009167 0.016667
2 0.445833 0.871667 0.048333 0.043333
2 0.545833 0.665000 0.009167 0.040000
3 0.422500 0.396667 0.010000 0.016667
3 0.571667 0.635000 0.007500 0.018333
3 0.473333 0.798333 0.014167 0.025000
2 0.334167 0.813333 0.034167 0.100000
2 0.787500 0.451667 0.021667 0.090000
3 0.542500 0.690000 0.007500 0.015000
3 0.790000 0.343333 0.010000 0.016667
2 0.674167 0.645000 0.023333 0.041667
3 0.830833 0.408333 0.008333 0.016667
3 0.288333 0.823333 0.006667 0.018333
3 0.756667 0.370000 0.009167 0.018333
3 0.521667 0.403333 0.009167 0.015000
3 0.660000 0.405000 0.007500 0.015000
3 0.321667 0.761667 0.009167 0.016667
2 0.715833 0.426667 0.029167 0.038333
3 0.683333 0.675000 0.008333 0.016667
2 0.725833 0.375000 0.035000 0.105000
2 0.541667 0.231667 0.027500 0.016667
3 0.776667 0.651667 0.010000 0.016667
3 0.745000 0.600000 0.010000 0.020000
2 0.230000 0.396667 0.010000 0.031667
2 0.264167 0.698333 0.017500 0.116667
3 0.521667 0.405000 0.010000 0.020000
3 0.704167 0.793333 0.010833 0.023333
2 0.520833 0.646667 0.020833 0.080000
2 0.280000 0.265000 0.029167 0.038333
2 0.493333 0.271667 0.058333 0.076667
3 0.399167 0.663333 0.010833 0.023333
3 0.464167 0.718333 0.007500 0.018333
2 0.703333 0.430000 0.048333 0.043333
2 0.730000 0.436667 0.011667 0.025000
2 0.690833 0.658333 0.034167 0.100000
3 0.756667 0.335000 0.009167 0.023333
3 0.731667 0.385000 0.008333 0.016667
3 0.529167 0.646667 0.010833 0.013333
2 0.710000 0.650000 0.026667 0.035000
3 0.522500 0.758333 0.013333 0.031667
3 0.785833 0.336667 0.009167 0.018333
3 0.771667 0.346667 0.006667 0.018333
2 0.695833 0.265000 0.009167 0.040000
3 0.682500 0.641667 0.008333 0.016667
3 0.710000 0.363333 0.010000 0.020000
3 0.703333 0.718333 0.008333 0.016667
3 0.711667 0.998333 0.006667 0.001667
3 0.482500 0.190000 0.008333 0.016667
2 0.455000 0.393333 0.030833 0.051667
2 0.776667 0.416667 0.020000 0.021667
3 0.510000 0.351667 0.010833 0.013333
2 0.770000 0.373333 0.097500 0.053333
3 0.653333 0.643333 0.011667 0.020000
3 0.660833 0.393333 0.009167 0.016667
2 0.316667 0.646667 0.097500 0.053333
2 0.246667 0.755000 0.020833 0.028333
3 0.717500 0.656667 0.011667 0.020000
2 0.756667 0.638333 0.030833 0.051667
3 0.315833 0.251667 0.009167 0.018333
3 0.255833 0.393333 0.009167 0.016667
2 0.269167 0.385000 0.020833 0.028333
2 0.529167 0.726667 0.020833 0.028333
3 0.369167 0.720000 0.007500 0.015000
3 0.576667 0.616667 0.006667 0.018333
2 0.745833 0.440000 0.013333 0.070000
2 0.154167 0.631667 0.017500 0.116667
2 0.705000 0.388333 0.026667 0.035000
2 0.673333 0.403333 0.022500 0.023333
