4 0.848333 0.403333 0.103333 0.148333
4 0.869167 0.601667 0.067500 0.033333
4 0.800833 0.515000 0.082500 0.058333
4 0.835000 0.501667 0.110833 0.063333
4 0.685833 0.485000 0.312500 0.133333
4 0.838333 0.645000 0.065833 0.071667
4 0.785000 0.550000 0.267500 0.243333
4 0.829167 0.626667 0.142500 0.080000
4 0.865000 0.560000 0.084167 0.048333
4 0.875000 0.433333 0.044167 0.071667
4 0.115833 0.456667 0.226667 0.280000
4 0.562500 0.491667 0.060833 0.025000
4 0.163333 0.533333 0.100000 0.041667
4 0.375833 0.588333 0.060833 0.111667
4 0.537500 0.610000 0.048333 0.121667
4 0.518333 0.501667 0.075000 0.131667
4 0.434167 0.508333 0.090000 0.141667
4 0.067500 0.451667 0.054167 0.101667
4 0.563333 0.531667 0.081667 0.033333
4 0.052500 0.491667 0.048333 0.046667
3 0.223333 0.580000 0.013333 0.015000
3 0.710000 0.466667 0.006667 0.018333
2 0.179167 0.515000 0.010833 0.091667
3 0.517500 0.523333 0.015833 0.051667
3 0.336667 0.483333 0.007500 0.015000
2 0.391667 0.461667 0.020833 0.028333
3 0.272500 0.466667 0.014167 0.025000
2 0.208333 0.451667 0.034167 0.038333
2 0.790000 0.476667 0.045833 0.021667
3 0.209167 0.530000 0.007500 0.018333
3 0.683333 0.473333 0.007500 0.018333
2 0.779167 0.566667 0.027500 0.016667
3 0.567500 0.481667 0.007500 0.018333
2 0.641667 0.506667 0.048333 0.025000
2 0.442500 0.460000 0.026667 0.035000
2 0.287500 0.478333 0.020833 0.028333
2 0.085833 0.596667 0.020833 0.080000
2 0.229167 0.490000 0.015833 0.068333
3 0.800833 0.530000 0.017500 0.031667
2 0.059167 0.585000 0.048333 0.025000
2 0.394167 0.618333 0.013333 0.070000
2 0.487500 0.478333 0.011667 0.025000
2 0.430000 0.501667 0.058333 0.076667
3 0.569167 0.556667 0.009167 0.016667
3 0.355833 0.543333 0.008333 0.016667
2 0.321667 0.590000 0.030833 0.051667
2 0.760000 0.435000 0.097500 0.053333
2 0.282500 0.531667 0.011667 0.066667
2 0.369167 0.463333 0.048333 0.025000
3 0.328333 0.568333 0.010000 0.016667
3 0.672500 0.515000 0.009167 0.018333
3 0.621667 0.490000 0.014167 0.025000
2 0.498333 0.490000 0.027500 0.016667
3 0.770833 0.491667 0.009167 0.016667
2 0.318333 0.491667 0.034167 0.100000
3 0.298333 0.453333 0.008333 0.021667
3 0.768333 0.515000 0.009167 0.018333
2 0.190833 0.551667 0.034167 0.038333
2 0.399167 0.566667 0.011667 0.066667
2 0.431667 0.516667 0.027500 0.016667
2 0.424167 0.626667 0.021667 0.090000
3 0.518333 0.518333 0.013333 0.031667
2 0.439167 0.436667 0.029167 0.038333
3 0.219167 0.531667 0.009167 0.018333
2 0.478333 0.545000 0.034167 0.038333
2 0.539167 0.491667 0.035000 0.105000
2 0.485833 0.623333 0.034167 0.100000
2 0.069167 0.506667 0.020000 0.021667
2 0.731667 0.568333 0.010833 0.091667
2 0.286667 0.455000 0.029167 0.038333
2 0.800833 0.568333 0.009167 0.031667
3 0.448333 0.503333 0.008333 0.021667
2 0.020833 0.518333 0.026667 0.035000
2 0.551667 0.571667 0.010833 0.091667
2 0.152500 0.513333 0.034167 0.100000
2 0.600833 0.533333 0.017500 0.116667
3 0.110833 0.583333 0.010833 0.013333
3 0.804167 0.605000 0.008333 0.021667
3 0.821667 0.528333 0.010833 0.013333
2 0.700833 0.533333 0.027500 0.016667
3 0.681667 0.483333 0.006667 0.018333
3 0.675833 0.491667 0.008333 0.021667
3 0.550833 0.465000 0.007500 0.018333
3 0.362500 0.580000 0.007500 0.018333
3 0.116667 0.513333 0.017500 0.031667
3 0.447500 0.531667 0.010833 0.013333
3 0.695833 0.555000 0.007500 0.015000
3 0.120833 0.525000 0.009167 0.016667
3 0.713333 0.475000 0.007500 0.018333
3 0.107500 0.583333 0.007500 0.015000
3 0.500000 0.473333 0.009167 0.023333
3 0.639167 0.540000 0.009167 0.016667
3 0.805833 0.566667 0.008333 0.016667
2 0.700833 0.491667 0.021667 0.090000
2 0.451667 0.545000 0.010000 0.031667
3 0.460000 0.556667 0.011667 0.030000
2 0.539167 0.563333 0.034167 0.038333
2 0.770833 0.553333 0.034167 0.100000
2 0.467500 0.455000 0.026667 0.035000
2 0.325000 0.620000 0.022500 0.023333
3 0.380000 0.463333 0.010833 0.023333
3 0.347500 0.521667 0.009167 0.016667
2 0.755000 0.563333 0.020833 0.028333
2 0.470833 0.628333 0.020833 0.080000
2 0.786667 0.491667 0.013333 0.070000
2 0.616667 0.453333 0.020000 0.021667
3 0.675000 0.536667 0.013333 0.015000
3 0.660000 0.565000 0.008333 0.021667
2 0.355000 0.451667 0.020833 0.080000
2 0.286667 0.436667 0.035000 0.105000
3 0.085833 0.530000 0.008333 0.016667
3 0.483333 0.405000 0.013333 0.015000
2 0.760833 0.558333 0.045833 0.021667
2 0.705833 0.488333 0.097500 0.053333
3 0.268333 0.578333 0.010833 0.013333
2 0.152500 0.551667 0.027500 0.016667
2 0.156667 0.518333 0.023333 0.041667
3 0.575833 0.541667 0.010000 0.020000
2 0.129167 0.528333 0.023333 0.041667
2 0.327500 0.461667 0.011667 0.066667
3 0.055000 0.581667 0.010833 0.023333
2 0.195000 0.525000 0.010000 0.031667
3 0.530833 0.306667 0.015833 0.051667
2 0.770000 0.385000 0.020833 0.080000
3 0.297500 0.398333 0.011667 0.020000
2 0.802500 0.406667 0.010833 0.091667
2 0.406667 0.676667 0.011667 0.025000
2 0.308333 0.376667 0.011667 0.025000
2 0.455000 0.738333 0.020833 0.080000
3 0.678333 0.683333 0.011667 0.020000
2 0.741667 0.620000 0.058333 0.076667
2 0.721667 0.638333 0.030833 0.051667
3 0.560000 0.430000 0.013333 0.015000
2 0.686667 0.358333 0.048333 0.025000
2 0.545000 0.643333 0.027500 0.016667
3 0.441667 0.796667 0.008333 0.021667
2 0.511667 0.666667 0.027500 0.016667
2 0.295000 0.688333 0.034167 0.100000
2 0.682500 0.313333 0.020833 0.080000
3 0.605000 0.733333 0.008333 0.016667
3 0.645833 0.648333 0.009167 0.015000
3 0.276667 0.286667 0.011667 0.030000
2 0.257500 0.363333 0.023333 0.106667
2 0.665000 0.590000 0.020833 0.080000
2 0.800000 0.735000 0.023333 0.041667
3 0.594167 0.338333 0.011667 0.030000
2 0.337500 0.728333 0.030833 0.051667
2 0.715833 0.615000 0.010000 0.031667
2 0.627500 0.448333 0.026667 0.035000
2 0.483333 0.286667 0.035000 0.105000
2 0.506667 0.413333 0.020833 0.028333
2 0.765833 0.655000 0.045833 0.021667
2 0.680833 0.643333 0.013333 0.070000
2 0.772500 0.670000 0.011667 0.025000
2 0.695000 0.665000 0.020000 0.021667
3 0.574167 0.623333 0.011667 0.030000
2 0.025000 0.596667 0.017500 0.116667
2 0.474167 0.823333 0.010000 0.031667
3 0.534167 0.410000 0.010000 0.020000
3 0.524167 0.363333 0.008333 0.016667
3 0.672500 0.445000 0.009167 0.023333
3 0.735833 0.661667 0.009167 0.018333
2 0.474167 0.330000 0.013333 0.070000
3 0.557500 0.270000 0.013333 0.015000
3 0.600000 0.740000 0.007500 0.015000
2 0.445833 0.363333 0.011667 0.025000
3 0.440833 0.896667 0.013333 0.031667
3 0.530000 0.291667 0.007500 0.018333
2 0.661667 0.436667 0.045833 0.021667
2 0.470833 0.803333 0.020000 0.021667
2 0.687500 0.326667 0.010000 0.031667
2 0.221667 0.661667 0.034167 0.100000
3 0.315000 0.208333 0.006667 0.018333
3 0.517500 0.291667 0.009167 0.018333
2 0.340000 0.635000 0.019167 0.046667
2 0.728333 0.650000 0.022500 0.023333
2 0.429167 0.708333 0.048333 0.025000
2 0.775833 0.683333 0.011667 0.066667
3 0.705833 0.280000 0.010000 0.020000
2 0.713333 0.411667 0.020833 0.028333
3 0.335833 0.855000 0.014167 0.025000
2 0.585000 0.726667 0.011667 0.066667
2 0.520000 0.348333 0.034167 0.038333
3 0.455000 0.786667 0.008333 0.016667
3 0.718333 0.665000 0.008333 0.021667
2 0.657500 0.363333 0.048333 0.043333
2 0.640000 0.361667 0.020833 0.028333
3 0.725833 0.350000 0.008333 0.016667
3 0.330833 0.313333 0.007500 0.016667
3 0.304167 0.291667 0.009167 0.016667
2 0.713333 0.630000 0.011667 0.025000
3 0.270000 0.653333 0.010000 0.020000
3 0.760833 0.386667 0.010833 0.023333
2 0.660000 0.611667 0.058333 0.076667
2 0.689167 0.403333 0.013333 0.070000
3 0.402500 0.798333 0.013333 0.031667
2 0.293333 0.391667 0.022500 0.023333
3 0.379167 0.380000 0.007500 0.015000
2 0.760000 0.401667 0.097500 0.053333
3 0.714167 0.608333 0.013333 0.031667
3 0.621667 0.398333 0.007500 0.018333
2 0.508333 0.733333 0.020833 0.080000
2 0.249167 0.746667 0.015833 0.068333
2 0.746667 0.436667 0.013333 0.070000
3 0.478333 0.745000 0.008333 0.016667
3 0.645000 0.416667 0.011667 0.030000
3 0.757500 0.375000 0.008333 0.021667
2 0.631667 0.435000 0.013333 0.070000
2 0.725833 0.701667 0.019167 0.046667
3 0.301667 0.356667 0.014167 0.025000
3 0.250000 0.393333 0.010833 0.023333
2 0.490833 0.290000 0.058333 0.076667
2 0.405000 0.355000 0.009167 0.040000
3 0.552500 0.826667 0.015833 0.051667
3 0.460833 0.656667 0.010833 0.013333
2 0.719167 0.601667 0.029167 0.038333
2 0.532500 0.733333 0.014167 0.015000
2 0.446667 0.376667 0.010833 0.091667
3 0.670833 0.621667 0.009167 0.016667
2 0.770000 0.436667 0.026667 0.035000
3 0.778333 0.348333 0.008333 0.016667
3 0.365833 0.655000 0.010000 0.020000
3 0.645000 0.351667 0.010833 0.013333
2 0.460000 0.203333 0.035000 0.105000
2 0.727500 0.695000 0.048333 0.043333
2 0.519167 0.356667 0.014167 0.015000
3 0.668333 0.673333 0.006667 0.018333
3 0.321667 0.238333 0.009167 0.015000
3 0.590833 0.401667 0.014167 0.025000
3 0.621667 0.396667 0.008333 0.016667
2 0.468333 0.313333 0.045833 0.021667
2 0.363333 0.345000 0.058333 0.076667
3 0.670000 0.420000 0.013333 0.015000
3 0.797500 0.621667 0.008333 0.016667
2 0.218333 0.421667 0.017500 0.116667
2 0.311667 0.631667 0.020833 0.028333
3 0.655000 0.381667 0.007500 0.015000
2 0.689167 0.371667 0.021667 0.090000
2 0.649167 0.413333 0.020000 0.021667
3 0.431667 0.673333 0.009167 0.018333
3 0.270000 0.865000 0.009167 0.016667
2 0.771667 0.410000 0.029167 0.038333
3 0.732500 0.346667 0.008333 0.016667
3 0.654167 0.385000 0.009167 0.023333
3 0.481667 0.193333 0.009167 0.023333
3 0.770833 0.613333 0.007500 0.015000
3 0.766667 0.671667 0.008333 0.021667
2 0.446667 0.286667 0.097500 0.053333
3 0.605833 0.405000 0.009167 0.023333
2 0.521667 0.665000 0.015833 0.068333
2 0.609167 0.643333 0.020000 0.021667
3 0.522500 0.346667 0.010833 0.013333
3 0.792500 0.650000 0.017500 0.031667
3 0.289167 0.710000 0.010000 0.016667
2 0.272500 0.271667 0.048333 0.025000
2 0.677500 0.301667 0.030833 0.051667
2 0.716667 0.431667 0.027500 0.016667
2 0.254167 0.410000 0.030833 0.051667
3 0.336667 0.330000 0.010833 0.013333
2 0.573333 0.640000 0.027500 0.016667
2 0.770833 0.595000 0.020833 0.028333
3 0.785833 0.651667 0.015833 0.051667
2 0.526667 0.613333 0.020833 0.028333
3 0.322500 0.761667 0.008333 0.016667
3 0.480833 0.651667 0.011667 0.030000
3 0.287500 0.720000 0.008333 0.016667
3 0.670833 0.340000 0.008333 0.016667
2 0.247500 0.671667 0.021667 0.090000
2 0.579167 0.703333 0.035000 0.105000
2 0.779167 0.718333 0.034167 0.038333
3 0.705833 0.660000 0.007500 0.018333
3 0.696667 0.710000 0.007500 0.015000
2 0.497500 0.336667 0.026667 0.035000
2 0.483333 0.728333 0.035000 0.105000
2 0.636667 0.706667 0.034167 0.038333
2 0.319167 0.798333 0.027500 0.016667
3 0.686667 0.710000 0.007500 0.015000
3 0.679167 0.670000 0.008333 0.016667
2 0.278333 0.260000 0.034167 0.100000
3 0.726667 0.343333 0.007500 0.015000
2 0.690833 0.595000 0.009167 0.040000
2 0.752500 0.381667 0.027500 0.016667
3 0.393333 0.690000 0.008333 0.016667
3 0.455833 0.800000 0.009167 0.016667
3 0.478333 0.223333 0.007500 0.015000
2 0.721667 0.381667 0.021667 0.090000
3 0.754167 0.416667 0.007500 0.015000
2 0.669167 0.430000 0.027500 0.016667
2 0.521667 0.598333 0.019167 0.046667
2 0.570833 0.615000 0.009167 0.040000
2 0.755833 0.345000 0.022500 0.023333
3 0.741667 0.280000 0.010833 0.013333
2 0.710000 0.658333 0.027500 0.016667
3 0.494167 0.325000 0.013333 0.015000
2 0.280000 0.430000 0.011667 0.025000
2 0.710833 0.615000 0.020000 0.021667
2 0.453333 0.315000 0.013333 0.070000
2 0.234167 0.360000 0.011667 0.066667
3 0.407500 0.683333 0.009167 0.018333
2 0.744167 0.330000 0.035000 0.105000
2 0.685000 0.340000 0.009167 0.031667
3 0.550000 0.645000 0.008333 0.016667
2 0.475833 0.611667 0.011667 0.025000
2 0.630000 0.643333 0.030833 0.051667
3 0.545000 0.311667 0.010833 0.013333
3 0.691667 0.711667 0.007500 0.016667
2 0.704167 0.620000 0.023333 0.041667
3 0.486667 0.753333 0.008333 0.016667
3 0.427500 0.381667 0.009167 0.016667
3 0.575000 0.398333 0.007500 0.015000
3 0.747500 0.700000 0.007500 0.015000
2 0.603333 0.386667 0.048333 0.025000
2 0.796667 0.368333 0.058333 0.076667
2 0.716667 0.358333 0.026667 0.035000
2 0.702500 0.646667 0.009167 0.031667
2 0.671667 0.263333 0.058333 0.076667
2 0.798333 0.411667 0.034167 0.100000
2 0.706667 0.380000 0.035000 0.105000
2 0.695000 0.228333 0.048333 0.043333
3 0.516667 0.261667 0.013333 0.015000
