4 0.795833 0.540000 0.135000 0.106667
4 0.887500 0.423333 0.074167 0.140000
4 0.791667 0.501667 0.175833 0.095000
4 0.830833 0.460000 0.125000 0.041667
4 0.835833 0.656667 0.113333 0.070000
4 0.857500 0.448333 0.135833 0.065000
4 0.889167 0.581667 0.081667 0.100000
4 0.800000 0.413333 0.125000 0.066667
4 0.840833 0.691667 0.102500 0.191667
4 0.827500 0.396667 0.065000 0.030000
4 0.029167 0.536667 0.046667 0.093333
4 0.579167 0.520000 0.054167 0.081667
4 0.513333 0.616667 0.066667 0.138333
4 0.631667 0.743333 0.254167 0.511667
4 0.268333 0.490000 0.055833 0.033333
4 0.490000 0.510000 0.123333 0.126667
4 0.642500 0.738333 0.226667 0.466667
4 0.732500 0.511667 0.075833 0.040000
4 0.062500 0.601667 0.096667 0.143333
4 0.159167 0.578333 0.063333 0.080000
2 0.251667 0.530000 0.034167 0.038333
2 0.350000 0.446667 0.015833 0.068333
2 0.322500 0.431667 0.019167 0.046667
2 0.469167 0.571667 0.034167 0.100000
2 0.235833 0.558333 0.027500 0.016667
3 0.410000 0.528333 0.008333 0.016667
2 0.821667 0.585000 0.011667 0.025000
3 0.648333 0.475000 0.007500 0.015000
3 0.280833 0.446667 0.009167 0.015000
3 0.675833 0.485000 0.007500 0.018333
3 0.480000 0.540000 0.008333 0.016667
3 0.410833 0.563333 0.010000 0.020000
3 0.245000 0.551667 0.010000 0.020000
2 0.438333 0.541667 0.097500 0.053333
3 0.778333 0.551667 0.011667 0.020000
2 0.360833 0.445000 0.097500 0.053333
3 0.074167 0.566667 0.013333 0.015000
3 0.095833 0.535000 0.009167 0.016667
2 0.291667 0.585000 0.017500 0.116667
2 0.235000 0.486667 0.058333 0.076667
3 0.615000 0.595000 0.011667 0.020000
2 0.298333 0.606667 0.034167 0.100000
3 0.671667 0.580000 0.011667 0.020000
2 0.175000 0.486667 0.023333 0.041667
3 0.195000 0.480000 0.010833 0.023333
2 0.315833 0.501667 0.027500 0.016667
2 0.280000 0.515000 0.019167 0.046667
3 0.405000 0.526667 0.015833 0.051667
3 0.795833 0.470000 0.009167 0.018333
3 0.234167 0.573333 0.013333 0.015000
3 0.455000 0.458333 0.017500 0.031667
3 0.271667 0.501667 0.008333 0.016667
3 0.725833 0.560000 0.011667 0.030000
2 0.094167 0.571667 0.021667 0.090000
3 0.338333 0.531667 0.017500 0.031667
3 0.431667 0.515000 0.010000 0.020000
3 0.157500 0.553333 0.007500 0.015000
2 0.805000 0.533333 0.021667 0.090000
2 0.414167 0.500000 0.020833 0.028333
2 0.369167 0.461667 0.014167 0.015000
2 0.448333 0.545000 0.097500 0.053333
2 0.664167 0.585000 0.023333 0.041667
3 0.224167 0.538333 0.009167 0.016667
2 0.559167 0.455000 0.009167 0.040000
2 0.705000 0.530000 0.026667 0.035000
2 0.130833 0.608333 0.020833 0.080000
2 0.443333 0.561667 0.048333 0.025000
3 0.098333 0.485000 0.009167 0.023333
2 0.777500 0.470000 0.058333 0.076667
2 0.814167 0.518333 0.029167 0.038333
3 0.452500 0.508333 0.011667 0.020000
3 0.410000 0.521667 0.015833 0.051667
3 0.643333 0.493333 0.009167 0.015000
2 0.453333 0.476667 0.048333 0.025000
2 0.308333 0.508333 0.035000 0.105000
2 0.129167 0.573333 0.026667 0.035000
3 0.171667 0.535000 0.008333 0.016667
2 0.455000 0.531667 0.013333 0.070000
2 0.493333 0.536667 0.048333 0.043333
2 0.170833 0.465000 0.023333 0.041667
2 0.583333 0.535000 0.020833 0.080000
2 0.795833 0.541667 0.010000 0.031667
2 0.470000 0.590000 0.017500 0.116667
2 0.074167 0.618333 0.021667 0.090000
3 0.445833 0.513333 0.010833 0.023333
2 0.640833 0.490000 0.011667 0.066667
2 0.659167 0.476667 0.019167 0.046667
3 0.513333 0.536667 0.008333 0.016667
2 0.794167 0.471667 0.015833 0.068333
3 0.573333 0.506667 0.008333 0.016667
2 0.224167 0.570000 0.020833 0.080000
3 0.571667 0.461667 0.007500 0.015000
3 0.507500 0.575000 0.015833 0.051667
3 0.530000 0.526667 0.008333 0.016667
3 0.729167 0.500000 0.017500 0.031667
2 0.345833 0.533333 0.027500 0.016667
2 0.621667 0.516667 0.010833 0.091667
3 0.618333 0.510000 0.009167 0.018333
2 0.253333 0.530000 0.034167 0.100000
2 0.041667 0.511667 0.011667 0.066667
2 0.484167 0.588333 0.027500 0.016667
3 0.721667 0.476667 0.013333 0.031667
3 0.531667 0.575000 0.013333 0.015000
2 0.254167 0.530000 0.015833 0.068333
2 0.380000 0.485000 0.009167 0.031667
3 0.464167 0.588333 0.008333 0.021667
3 0.173333 0.595000 0.008333 0.016667
3 0.151667 0.550000 0.006667 0.018333
3 0.693333 0.516667 0.009167 0.016667
2 0.397500 0.458333 0.020833 0.028333
3 0.486667 0.420000 0.006667 0.018333
3 0.508333 0.541667 0.009167 0.016667
2 0.399167 0.430000 0.019167 0.046667
3 0.341667 0.463333 0.007500 0.015000
3 0.532500 0.518333 0.007500 0.016667
2 0.594167 0.530000 0.017500 0.116667
3 0.215000 0.581667 0.010833 0.013333
3 0.431667 0.616667 0.008333 0.021667
2 0.160833 0.555000 0.009167 0.040000
2 0.807500 0.563333 0.030833 0.051667
3 0.541667 0.493333 0.010833 0.023333
2 0.293333 0.543333 0.014167 0.015000
3 0.674167 0.426667 0.011667 0.020000
3 0.680833 0.623333 0.008333 0.016667
3 0.710000 0.673333 0.009167 0.016667
3 0.452500 0.366667 0.009167 0.018333
2 0.385000 0.790000 0.013333 0.070000
3 0.276667 0.760000 0.007500 0.018333
2 0.718333 0.760000 0.019167 0.046667
2 0.548333 0.735000 0.013333 0.070000
2 0.715833 0.603333 0.027500 0.016667
3 0.746667 0.611667 0.007500 0.018333
2 0.798333 0.305000 0.020833 0.080000
2 0.679167 0.396667 0.034167 0.100000
3 0.289167 0.711667 0.009167 0.016667
3 0.630000 0.356667 0.009167 0.016667
3 0.644167 0.388333 0.015833 0.051667
3 0.622500 0.390000 0.008333 0.016667
3 0.550000 0.646667 0.008333 0.016667
2 0.750000 0.345000 0.030833 0.051667
3 0.342500 0.371667 0.013333 0.031667
2 0.623333 0.400000 0.029167 0.038333
2 0.251667 0.756667 0.011667 0.025000
2 0.720833 0.608333 0.022500 0.023333
2 0.580833 0.353333 0.019167 0.046667
3 0.670000 0.630000 0.007500 0.015000
2 0.776667 0.398333 0.027500 0.016667
2 0.229167 0.371667 0.020833 0.028333
3 0.803333 0.636667 0.007500 0.018333
2 0.365833 0.318333 0.013333 0.070000
2 0.495000 0.653333 0.048333 0.043333
2 0.770833 0.413333 0.022500 0.023333
2 0.460833 0.646667 0.009167 0.040000
2 0.730000 0.365000 0.058333 0.076667
3 0.513333 0.711667 0.014167 0.025000
3 0.387500 0.756667 0.010833 0.023333
3 0.260000 0.730000 0.010833 0.023333
2 0.318333 0.698333 0.030833 0.051667
3 0.355000 0.281667 0.007500 0.015000
2 0.725833 0.603333 0.023333 0.041667
2 0.524167 0.998333 0.023333 0.001667
3 0.523333 0.361667 0.009167 0.016667
2 0.612500 0.386667 0.027500 0.016667
3 0.453333 0.196667 0.014167 0.025000
2 0.686667 0.363333 0.020833 0.080000
2 0.811667 0.395000 0.011667 0.025000
2 0.299167 0.371667 0.011667 0.066667
3 0.619167 0.371667 0.008333 0.016667
3 0.287500 0.768333 0.011667 0.020000
2 0.477500 0.403333 0.048333 0.025000
3 0.338333 0.370000 0.010000 0.016667
3 0.421667 0.408333 0.007500 0.018333
2 0.624167 0.371667 0.009167 0.031667
3 0.613333 0.771667 0.011667 0.020000
3 0.743333 0.283333 0.007500 0.015000
2 0.752500 0.396667 0.023333 0.041667
3 0.762500 0.416667 0.007500 0.018333
2 0.507500 0.340000 0.026667 0.035000
2 0.407500 0.686667 0.017500 0.116667
3 0.555833 0.998333 0.007500 0.001667
2 0.798333 0.305000 0.020833 0.080000
3 0.466667 0.330000 0.007500 0.015000
2 0.355833 0.646667 0.029167 0.038333
3 0.653333 0.445000 0.009167 0.016667
2 0.693333 0.686667 0.048333 0.025000
3 0.274167 0.290000 0.015833 0.051667
2 0.521667 0.623333 0.058333 0.076667
3 0.338333 0.333333 0.007500 0.015000
2 0.526667 0.670000 0.034167 0.038333
3 0.280000 0.720000 0.008333 0.016667
2 0.269167 0.226667 0.058333 0.076667
3 0.372500 0.670000 0.014167 0.025000
2 0.280000 0.725000 0.011667 0.066667
3 0.605833 0.368333 0.006667 0.018333
3 0.466667 0.330000 0.007500 0.016667
3 0.282500 0.746667 0.006667 0.018333
2 0.420833 0.720000 0.020000 0.021667
2 0.575833 0.635000 0.015833 0.068333
3 0.778333 0.656667 0.008333 0.016667
2 0.770000 0.710000 0.026667 0.035000
2 0.818333 0.366667 0.014167 0.015000
3 0.672500 0.338333 0.014167 0.025000
2 0.587500 0.378333 0.020833 0.080000
2 0.708333 0.655000 0.010833 0.091667
3 0.574167 0.618333 0.007500 0.018333
2 0.685833 0.640000 0.026667 0.035000
3 0.571667 0.626667 0.015833 0.051667
3 0.290000 0.783333 0.009167 0.018333
2 0.230833 0.376667 0.017500 0.116667
2 0.799167 0.378333 0.010000 0.031667
3 0.392500 0.770000 0.007500 0.018333
2 0.481667 0.748333 0.011667 0.025000
2 0.761667 0.625000 0.026667 0.035000
2 0.440833 0.451667 0.010833 0.091667
2 0.496667 0.260000 0.097500 0.053333
3 0.510833 0.361667 0.009167 0.016667
2 0.533333 0.350000 0.058333 0.076667
2 0.473333 0.200000 0.026667 0.035000
2 0.630833 0.393333 0.009167 0.031667
2 0.460000 0.290000 0.027500 0.016667
2 0.228333 0.401667 0.048333 0.025000
2 0.520833 0.233333 0.020833 0.080000
2 0.680000 0.708333 0.058333 0.076667
3 0.739167 0.415000 0.008333 0.016667
3 0.750833 0.608333 0.007500 0.018333
2 0.797500 0.428333 0.027500 0.016667
2 0.736667 0.305000 0.058333 0.076667
3 0.265000 0.390000 0.010000 0.020000
2 0.571667 0.341667 0.048333 0.025000
3 0.439167 0.756667 0.007500 0.018333
3 0.536667 0.346667 0.014167 0.025000
3 0.590000 0.340000 0.011667 0.020000
3 0.708333 0.620000 0.010833 0.023333
3 0.295833 0.861667 0.010000 0.020000
3 0.325000 0.763333 0.007500 0.015000
3 0.677500 0.710000 0.007500 0.015000
2 0.530833 0.391667 0.020833 0.080000
2 0.416667 0.710000 0.035000 0.105000
3 0.700833 0.635000 0.013333 0.015000
3 0.280833 0.770000 0.011667 0.030000
3 0.342500 0.261667 0.007500 0.016667
2 0.760833 0.695000 0.015833 0.068333
2 0.553333 0.706667 0.035000 0.105000
3 0.540833 0.251667 0.010000 0.020000
2 0.827500 0.450000 0.020833 0.080000
3 0.356667 0.686667 0.014167 0.025000
3 0.830000 0.413333 0.007500 0.016667
3 0.770833 0.323333 0.009167 0.016667
3 0.530833 0.998333 0.010000 0.001667
3 0.273333 0.266667 0.011667 0.030000
2 0.316667 0.301667 0.020833 0.080000
2 0.445000 0.345000 0.011667 0.066667
2 0.419167 0.361667 0.009167 0.031667
2 0.491667 0.415000 0.013333 0.070000
3 0.706667 0.693333 0.007500 0.018333
3 0.557500 0.320000 0.009167 0.018333
2 0.670833 0.620000 0.027500 0.016667
2 0.651667 0.370000 0.014167 0.015000
3 0.328333 0.238333 0.008333 0.016667
2 0.492500 0.298333 0.020833 0.080000
3 0.250833 0.391667 0.009167 0.016667
2 0.798333 0.305000 0.020833 0.080000
2 0.703333 0.436667 0.045833 0.021667
2 0.661667 0.331667 0.011667 0.025000
2 0.238333 0.853333 0.010833 0.091667
3 0.317500 0.295000 0.017500 0.031667
3 0.152500 0.678333 0.008333 0.021667
2 0.446667 0.673333 0.026667 0.035000
3 0.480833 0.778333 0.009167 0.016667
2 0.312500 0.260000 0.013333 0.070000
2 0.696667 0.578333 0.035000 0.105000
3 0.680000 0.395000 0.009167 0.018333
2 0.684167 0.228333 0.035000 0.105000
3 0.353333 0.385000 0.007500 0.016667
2 0.300000 0.690000 0.020000 0.021667
2 0.270833 0.383333 0.023333 0.041667
3 0.560000 0.271667 0.010833 0.013333
3 0.529167 0.631667 0.009167 0.018333
2 0.633333 0.306667 0.058333 0.076667
2 0.299167 0.290000 0.020000 0.021667
3 0.540833 0.728333 0.008333 0.021667
2 0.641667 0.406667 0.034167 0.038333
3 0.601667 0.360000 0.014167 0.025000
3 0.555000 0.705000 0.010000 0.016667
2 0.753333 0.588333 0.058333 0.076667
2 0.709167 0.625000 0.022500 0.023333
3 0.698333 0.350000 0.015833 0.051667
2 0.540000 0.273333 0.011667 0.025000
2 0.674167 0.316667 0.010000 0.031667
3 0.242500 0.745000 0.010833 0.023333
2 0.497500 0.341667 0.014167 0.015000
2 0.731667 0.621667 0.020833 0.080000
2 0.749167 0.608333 0.027500 0.016667
2 0.733333 0.418333 0.009167 0.040000
3 0.629167 0.363333 0.009167 0.016667
2 0.614167 0.678333 0.097500 0.053333
2 0.767500 0.611667 0.023333 0.106667
2 0.500833 0.316667 0.015833 0.068333
3 0.707500 0.341667 0.009167 0.023333
2 0.584167 0.765000 0.023333 0.041667
3 0.526667 0.265000 0.009167 0.016667
2 0.683333 0.678333 0.011667 0.025000
2 0.592500 0.300000 0.020833 0.080000
2 0.285833 0.803333 0.014167 0.015000
2 0.799167 0.620000 0.015833 0.068333
2 0.375833 0.783333 0.030833 0.051667
3 0.385833 0.656667 0.015833 0.051667
2 0.635000 0.673333 0.010833 0.091667
2 0.222500 0.340000 0.035000 0.105000
2 0.343333 0.390000 0.045833 0.021667
2 0.481667 0.273333 0.020000 0.021667
2 0.812500 0.611667 0.011667 0.025000
3 0.530000 0.291667 0.007500 0.015000
3 0.341667 0.773333 0.009167 0.016667
3 0.779167 0.603333 0.009167 0.016667
3 0.625000 0.350000 0.010000 0.020000
3 0.259167 0.363333 0.008333 0.016667
2 0.450000 0.286667 0.020000 0.021667
2 0.771667 0.426667 0.048333 0.025000
3 0.485833 0.635000 0.014167 0.025000
