4 0.767500 0.446667 0.190000 0.073333
4 0.836667 0.465000 0.077500 0.078333
4 0.885000 0.541667 0.072500 0.076667
4 0.862500 0.495000 0.112500 0.055000
4 0.866667 0.543333 0.071667 0.068333
4 0.845833 0.383333 0.078333 0.106667
4 0.870000 0.643333 0.086667 0.043333
4 0.860833 0.355000 0.064167 0.063333
4 0.820833 0.668333 0.100000 0.200000
4 0.832500 0.485000 0.094167 0.136667
4 0.110000 0.540000 0.049167 0.023333
4 0.732500 0.571667 0.165000 0.078333
4 0.178333 0.546667 0.202500 0.068333
4 0.735000 0.618333 0.173333 0.120000
4 0.180833 0.553333 0.057500 0.070000
4 0.171667 0.573333 0.090833 0.176667
4 0.731667 0.371667 0.148333 0.288333
4 0.642500 0.496667 0.094167 0.031667
4 0.544167 0.468333 0.050000 0.086667
4 0.788333 0.520000 0.060000 0.021667
2 0.510833 0.531667 0.010000 0.031667
3 0.701667 0.590000 0.015833 0.051667
2 0.142500 0.511667 0.023333 0.106667
2 0.065000 0.535000 0.021667 0.090000
2 0.273333 0.545000 0.030833 0.051667
3 0.790833 0.531667 0.007500 0.015000
3 0.717500 0.501667 0.008333 0.016667
3 0.655833 0.476667 0.009167 0.023333
2 0.393333 0.558333 0.045833 0.021667
3 0.133333 0.576667 0.010833 0.023333
3 0.717500 0.461667 0.007500 0.016667
3 0.389167 0.553333 0.007500 0.016667
2 0.717500 0.456667 0.009167 0.040000
2 0.396667 0.625000 0.021667 0.090000
2 0.632500 0.553333 0.017500 0.116667
2 0.525000 0.531667 0.097500 0.053333
3 0.808333 0.588333 0.007500 0.018333
3 0.705000 0.520000 0.009167 0.016667
2 0.769167 0.471667 0.010000 0.031667
3 0.705833 0.511667 0.009167 0.015000
3 0.690000 0.598333 0.008333 0.016667
2 0.535833 0.475000 0.019167 0.046667
2 0.819167 0.625000 0.022500 0.023333
2 0.627500 0.501667 0.048333 0.043333
2 0.160000 0.500000 0.027500 0.016667
2 0.758333 0.553333 0.011667 0.025000
2 0.802500 0.583333 0.015833 0.068333
2 0.658333 0.528333 0.097500 0.053333
3 0.512500 0.523333 0.008333 0.016667
3 0.244167 0.466667 0.010000 0.020000
3 0.623333 0.500000 0.009167 0.016667
2 0.306667 0.478333 0.045833 0.021667
2 0.351667 0.570000 0.027500 0.016667
2 0.448333 0.493333 0.048333 0.043333
3 0.239167 0.548333 0.007500 0.015000
2 0.295000 0.481667 0.023333 0.041667
2 0.527500 0.595000 0.027500 0.016667
2 0.305000 0.500000 0.020833 0.080000
3 0.716667 0.546667 0.010000 0.016667
2 0.467500 0.508333 0.023333 0.106667
3 0.148333 0.521667 0.009167 0.018333
2 0.287500 0.588333 0.010000 0.031667
2 0.573333 0.568333 0.009167 0.040000
3 0.473333 0.543333 0.009167 0.016667
2 0.485000 0.608333 0.009167 0.031667
2 0.494167 0.506667 0.013333 0.070000
2 0.383333 0.533333 0.019167 0.046667
2 0.690000 0.608333 0.034167 0.100000
2 0.185833 0.456667 0.027500 0.016667
2 0.561667 0.468333 0.022500 0.023333
2 0.328333 0.468333 0.019167 0.046667
2 0.327500 0.476667 0.019167 0.046667
2 0.348333 0.508333 0.048333 0.043333
3 0.354167 0.585000 0.015833 0.051667
2 0.127500 0.451667 0.022500 0.023333
2 0.326667 0.510000 0.035000 0.105000
2 0.195000 0.548333 0.023333 0.106667
2 0.043333 0.488333 0.009167 0.040000
2 0.661667 0.585000 0.048333 0.043333
2 0.160833 0.573333 0.029167 0.038333
2 0.245000 0.521667 0.045833 0.021667
2 0.326667 0.491667 0.045833 0.021667
2 0.609167 0.493333 0.011667 0.066667
3 0.495833 0.570000 0.009167 0.018333
2 0.493333 0.536667 0.020833 0.080000
3 0.222500 0.550000 0.011667 0.030000
2 0.478333 0.536667 0.023333 0.106667
2 0.502500 0.543333 0.013333 0.070000
2 0.500000 0.466667 0.023333 0.041667
3 0.032500 0.548333 0.010833 0.013333
2 0.047500 0.450000 0.011667 0.025000
2 0.660000 0.565000 0.010833 0.091667
3 0.582500 0.521667 0.009167 0.018333
2 0.227500 0.495000 0.034167 0.100000
2 0.467500 0.498333 0.030833 0.051667
2 0.613333 0.473333 0.029167 0.038333
3 0.270833 0.501667 0.007500 0.015000
3 0.130000 0.543333 0.010000 0.016667
3 0.121667 0.475000 0.008333 0.016667
2 0.620833 0.428333 0.009167 0.040000
3 0.445833 0.596667 0.009167 0.016667
2 0.579167 0.553333 0.013333 0.070000
3 0.411667 0.560000 0.017500 0.031667
2 0.790833 0.541667 0.010833 0.091667
2 0.756667 0.583333 0.013333 0.070000
2 0.360833 0.496667 0.045833 0.021667
2 0.463333 0.488333 0.048333 0.025000
2 0.487500 0.506667 0.011667 0.066667
3 0.267500 0.513333 0.008333 0.016667
2 0.389167 0.550000 0.010833 0.091667
2 0.800833 0.570000 0.009167 0.031667
2 0.535833 0.528333 0.022500 0.023333
3 0.217500 0.450000 0.009167 0.018333
2 0.707500 0.486667 0.020000 0.021667
3 0.524167 0.538333 0.009167 0.016667
2 0.314167 0.578333 0.022500 0.023333
3 0.143333 0.461667 0.010833 0.023333
3 0.317500 0.523333 0.006667 0.018333
2 0.681667 0.468333 0.034167 0.038333
2 0.545000 0.555000 0.020833 0.080000
3 0.415000 0.445000 0.013333 0.015000
3 0.264167 0.593333 0.007500 0.015000
3 0.344167 0.230000 0.007500 0.015000
3 0.451667 0.785000 0.007500 0.016667
2 0.309167 0.366667 0.019167 0.046667
3 0.265833 0.356667 0.006667 0.018333
2 0.377500 0.350000 0.048333 0.025000
3 0.315833 0.790000 0.010000 0.016667
3 0.328333 0.235000 0.007500 0.015000
2 0.661667 0.666667 0.034167 0.038333
3 0.728333 0.718333 0.009167 0.016667
2 0.805000 0.628333 0.026667 0.035000
2 0.677500 0.648333 0.023333 0.106667
3 0.680833 0.631667 0.017500 0.031667
3 0.679167 0.681667 0.009167 0.016667
2 0.302500 0.675000 0.019167 0.046667
3 0.777500 0.738333 0.011667 0.020000
2 0.315000 0.355000 0.017500 0.116667
2 0.327500 0.426667 0.021667 0.090000
2 0.697500 0.613333 0.020000 0.021667
2 0.714167 0.585000 0.009167 0.040000
2 0.269167 0.696667 0.058333 0.076667
3 0.365833 0.620000 0.009167 0.023333
2 0.294167 0.288333 0.022500 0.023333
2 0.542500 0.766667 0.026667 0.035000
3 0.702500 0.616667 0.009167 0.016667
2 0.721667 0.748333 0.048333 0.025000
3 0.710000 0.436667 0.008333 0.021667
3 0.375000 0.370000 0.017500 0.031667
2 0.785000 0.326667 0.019167 0.046667
2 0.705833 0.651667 0.009167 0.031667
2 0.255833 0.660000 0.048333 0.043333
3 0.268333 0.653333 0.008333 0.021667
3 0.505833 0.786667 0.010833 0.023333
3 0.803333 0.643333 0.007500 0.016667
3 0.381667 0.373333 0.010833 0.013333
2 0.648333 0.351667 0.020833 0.080000
2 0.713333 0.645000 0.023333 0.041667
3 0.340833 0.650000 0.007500 0.015000
2 0.420000 0.653333 0.009167 0.040000
2 0.417500 0.371667 0.029167 0.038333
3 0.650000 0.715000 0.007500 0.015000
3 0.671667 0.408333 0.008333 0.016667
2 0.678333 0.660000 0.030833 0.051667
3 0.169167 0.393333 0.007500 0.018333
2 0.662500 0.631667 0.027500 0.016667
3 0.510000 0.341667 0.007500 0.015000
2 0.381667 0.413333 0.010833 0.091667
2 0.765833 0.350000 0.020833 0.028333
3 0.395833 0.325000 0.013333 0.031667
2 0.617500 0.346667 0.034167 0.038333
2 0.431667 0.651667 0.048333 0.025000
3 0.235000 0.378333 0.009167 0.015000
2 0.260000 0.373333 0.019167 0.046667
3 0.313333 0.758333 0.009167 0.018333
2 0.668333 0.350000 0.026667 0.035000
2 0.513333 0.700000 0.045833 0.021667
2 0.152500 0.605000 0.020833 0.080000
2 0.387500 0.766667 0.017500 0.116667
2 0.456667 0.231667 0.009167 0.031667
3 0.765833 0.665000 0.009167 0.015000
3 0.652500 0.636667 0.009167 0.023333
2 0.652500 0.348333 0.058333 0.076667
2 0.443333 0.675000 0.020000 0.021667
2 0.680833 0.708333 0.020000 0.021667
3 0.292500 0.786667 0.009167 0.015000
2 0.433333 0.325000 0.058333 0.076667
2 0.201667 0.316667 0.058333 0.076667
2 0.715833 0.708333 0.020833 0.080000
3 0.267500 0.641667 0.009167 0.016667
2 0.671667 0.435000 0.013333 0.070000
3 0.600833 0.706667 0.008333 0.016667
2 0.715833 0.366667 0.014167 0.015000
3 0.383333 0.708333 0.013333 0.031667
2 0.672500 0.383333 0.021667 0.090000
3 0.694167 0.665000 0.007500 0.018333
3 0.673333 0.320000 0.010833 0.023333
3 0.560833 0.450000 0.015833 0.051667
3 0.300833 0.385000 0.008333 0.016667
3 0.848333 0.325000 0.008333 0.016667
3 0.478333 0.283333 0.008333 0.016667
2 0.339167 0.631667 0.017500 0.116667
2 0.710000 0.680000 0.011667 0.025000
2 0.656667 0.373333 0.026667 0.035000
3 0.288333 0.410000 0.008333 0.016667
3 0.576667 0.741667 0.007500 0.015000
2 0.792500 0.388333 0.023333 0.106667
2 0.767500 0.401667 0.014167 0.015000
3 0.230833 0.591667 0.010000 0.016667
3 0.580000 0.745000 0.014167 0.025000
2 0.680000 0.708333 0.058333 0.076667
2 0.706667 0.998333 0.035000 0.001667
2 0.381667 0.690000 0.015833 0.068333
3 0.686667 0.616667 0.007500 0.015000
2 0.767500 0.393333 0.009167 0.031667
2 0.328333 0.400000 0.015833 0.068333
3 0.777500 0.653333 0.009167 0.015000
3 0.189167 0.646667 0.013333 0.015000
2 0.370833 0.740000 0.011667 0.066667
3 0.433333 0.778333 0.007500 0.015000
2 0.570000 0.750000 0.097500 0.053333
3 0.644167 0.680000 0.011667 0.020000
2 0.728333 0.711667 0.020833 0.028333
3 0.785833 0.370000 0.007500 0.018333
2 0.476667 0.311667 0.029167 0.038333
3 0.696667 0.733333 0.007500 0.018333
2 0.530000 0.336667 0.020833 0.080000
3 0.792500 0.726667 0.008333 0.016667
2 0.275833 0.758333 0.034167 0.038333
3 0.779167 0.426667 0.007500 0.018333
3 0.661667 0.383333 0.009167 0.016667
3 0.716667 0.606667 0.007500 0.016667
2 0.478333 0.266667 0.022500 0.023333
2 0.778333 0.350000 0.030833 0.051667
3 0.746667 0.608333 0.007500 0.018333
3 0.659167 0.365000 0.011667 0.030000
2 0.432500 0.365000 0.030833 0.051667
3 0.635833 0.438333 0.010000 0.020000
2 0.632500 0.285000 0.035000 0.105000
3 0.460000 0.691667 0.007500 0.015000
3 0.713333 0.676667 0.010833 0.023333
2 0.739167 0.673333 0.023333 0.106667
3 0.481667 0.335000 0.009167 0.023333
3 0.402500 0.693333 0.009167 0.015000
3 0.248333 0.400000 0.007500 0.018333
3 0.753333 0.648333 0.009167 0.018333
3 0.573333 0.385000 0.007500 0.016667
2 0.537500 0.998333 0.014167 0.001667
2 0.360000 0.698333 0.011667 0.066667
2 0.452500 0.868333 0.034167 0.038333
2 0.637500 0.371667 0.023333 0.106667
2 0.660833 0.700000 0.021667 0.090000
3 0.690833 0.640000 0.009167 0.016667
3 0.715000 0.645000 0.013333 0.031667
3 0.700833 0.613333 0.014167 0.025000
3 0.673333 0.410000 0.009167 0.016667
3 0.670000 0.630000 0.011667 0.020000
3 0.409167 0.753333 0.008333 0.016667
3 0.811667 0.386667 0.007500 0.018333
3 0.530000 0.631667 0.008333 0.016667
2 0.531667 0.675000 0.015833 0.068333
3 0.408333 0.683333 0.007500 0.015000
3 0.460833 0.113333 0.007500 0.015000
2 0.447500 0.675000 0.035000 0.105000
3 0.758333 0.610000 0.013333 0.031667
2 0.795000 0.385000 0.019167 0.046667
3 0.484167 0.210000 0.010000 0.016667
2 0.692500 0.380000 0.011667 0.025000
3 0.425833 0.670000 0.008333 0.021667
2 0.526667 0.443333 0.010833 0.091667
2 0.668333 0.441667 0.026667 0.035000
2 0.435833 0.780000 0.045833 0.021667
3 0.419167 0.371667 0.013333 0.031667
2 0.804167 0.688333 0.010833 0.091667
3 0.327500 0.391667 0.008333 0.016667
2 0.415000 0.340000 0.035000 0.105000
3 0.361667 0.396667 0.009167 0.018333
3 0.457500 0.226667 0.008333 0.021667
3 0.729167 0.591667 0.017500 0.031667
2 0.320000 0.705000 0.048333 0.043333
3 0.706667 0.453333 0.017500 0.031667
3 0.821667 0.436667 0.010000 0.020000
3 0.245000 0.700000 0.013333 0.031667
2 0.290000 0.275000 0.011667 0.025000
2 0.374167 0.340000 0.019167 0.046667
2 0.673333 0.363333 0.045833 0.021667
3 0.655833 0.630000 0.008333 0.021667
3 0.649167 0.635000 0.007500 0.018333
2 0.356667 0.623333 0.011667 0.066667
2 0.693333 0.635000 0.013333 0.070000
3 0.803333 0.643333 0.007500 0.018333
2 0.698333 0.451667 0.030833 0.051667
2 0.297500 0.670000 0.023333 0.041667
2 0.760833 0.600000 0.010000 0.031667
2 0.286667 0.400000 0.017500 0.116667
3 0.173333 0.636667 0.007500 0.015000
2 0.785000 0.583333 0.011667 0.066667
3 0.267500 0.200000 0.010000 0.016667
2 0.639167 0.426667 0.011667 0.025000
3 0.376667 0.318333 0.007500 0.015000
3 0.761667 0.603333 0.008333 0.016667
3 0.705000 0.423333 0.008333 0.016667
3 0.535000 0.738333 0.009167 0.023333
3 0.300833 0.391667 0.007500 0.016667
3 0.690833 0.640000 0.009167 0.016667
2 0.659167 0.615000 0.058333 0.076667
3 0.355000 0.646667 0.009167 0.023333
2 0.518333 0.376667 0.017500 0.116667
3 0.731667 0.600000 0.011667 0.030000
3 0.290833 0.830000 0.010833 0.023333
2 0.652500 0.648333 0.013333 0.070000
3 0.378333 0.381667 0.017500 0.031667
2 0.543333 0.645000 0.011667 0.025000
2 0.734167 0.643333 0.048333 0.043333
3 0.796667 0.400000 0.008333 0.016667
3 0.657500 0.680000 0.006667 0.018333
2 0.660000 0.420000 0.010000 0.031667
3 0.477500 0.320000 0.013333 0.015000
2 0.768333 0.350000 0.010833 0.091667
2 0.661667 0.600000 0.019167 0.046667
