4 0.846667 0.466667 0.074167 0.026667
4 0.878333 0.421667 0.086667 0.181667
4 0.801667 0.503333 0.073333 0.020000
4 0.820833 0.670000 0.085000 0.100000
4 0.754167 0.540000 0.205833 0.193333
4 0.771667 0.481667 0.145000 0.103333
4 0.827500 0.611667 0.060833 0.118333
4 0.829167 0.498333 0.084167 0.055000
4 0.888333 0.413333 0.075833 0.158333
4 0.856667 0.533333 0.085000 0.056667
4 0.520833 0.518333 0.116667 0.050000
4 0.321667 0.598333 0.038333 0.103333
4 0.468333 0.435000 0.099167 0.150000
4 0.205833 0.458333 0.093333 0.175000
4 0.076667 0.511667 0.154167 0.085000
4 0.325000 0.486667 0.095833 0.120000
4 0.109167 0.506667 0.093333 0.126667
4 0.414167 0.563333 0.189167 0.148333
4 0.675833 0.621667 0.121667 0.141667
4 0.671667 0.483333 0.076667 0.026667
3 0.660833 0.466667 0.010000 0.016667
2 0.610000 0.478333 0.019167 0.046667
2 0.722500 0.461667 0.015833 0.068333
3 0.589167 0.453333 0.009167 0.015000
3 0.405000 0.448333 0.008333 0.016667
2 0.132500 0.515000 0.035000 0.105000
3 0.404167 0.463333 0.007500 0.018333
2 0.275000 0.510000 0.010833 0.091667
3 0.582500 0.580000 0.008333 0.016667
2 0.592500 0.501667 0.013333 0.070000
3 0.601667 0.545000 0.008333 0.021667
3 0.422500 0.495000 0.006667 0.018333
3 0.535833 0.525000 0.007500 0.015000
2 0.635833 0.580000 0.021667 0.090000
3 0.201667 0.596667 0.007500 0.018333
2 0.060833 0.521667 0.097500 0.053333
2 0.699167 0.545000 0.058333 0.076667
2 0.415000 0.490000 0.021667 0.090000
2 0.500000 0.576667 0.097500 0.053333
3 0.318333 0.578333 0.008333 0.016667
3 0.423333 0.573333 0.013333 0.015000
3 0.435833 0.488333 0.009167 0.015000
3 0.116667 0.563333 0.009167 0.016667
2 0.384167 0.526667 0.014167 0.015000
2 0.338333 0.516667 0.021667 0.090000
3 0.436667 0.496667 0.007500 0.016667
3 0.337500 0.503333 0.010000 0.016667
3 0.426667 0.508333 0.008333 0.016667
3 0.540833 0.586667 0.007500 0.018333
2 0.065833 0.516667 0.035000 0.105000
2 0.410000 0.491667 0.011667 0.025000
3 0.482500 0.403333 0.008333 0.016667
3 0.126667 0.448333 0.010000 0.020000
2 0.640833 0.528333 0.029167 0.038333
3 0.276667 0.478333 0.014167 0.025000
2 0.820000 0.341667 0.023333 0.041667
2 0.189167 0.511667 0.020833 0.080000
3 0.269167 0.573333 0.009167 0.016667
2 0.264167 0.523333 0.023333 0.041667
3 0.219167 0.460000 0.017500 0.031667
3 0.215833 0.575000 0.010000 0.020000
3 0.284167 0.458333 0.007500 0.016667
3 0.175000 0.596667 0.011667 0.030000
2 0.285000 0.568333 0.011667 0.066667
3 0.341667 0.478333 0.007500 0.015000
3 0.296667 0.523333 0.008333 0.021667
3 0.302500 0.588333 0.007500 0.015000
2 0.418333 0.556667 0.097500 0.053333
2 0.092500 0.491667 0.020833 0.028333
2 0.671667 0.461667 0.027500 0.016667
3 0.789167 0.475000 0.009167 0.018333
2 0.364167 0.476667 0.058333 0.076667
2 0.070000 0.558333 0.021667 0.090000
2 0.412500 0.538333 0.020833 0.028333
3 0.125833 0.480000 0.007500 0.018333
2 0.475833 0.418333 0.023333 0.106667
3 0.393333 0.526667 0.009167 0.015000
2 0.721667 0.493333 0.014167 0.015000
2 0.720833 0.491667 0.026667 0.035000
3 0.115000 0.458333 0.011667 0.030000
2 0.531667 0.580000 0.020833 0.080000
3 0.407500 0.585000 0.010000 0.020000
2 0.265000 0.606667 0.026667 0.035000
2 0.182500 0.441667 0.020833 0.080000
2 0.384167 0.513333 0.020833 0.028333
2 0.573333 0.521667 0.017500 0.116667
2 0.420000 0.468333 0.009167 0.031667
3 0.531667 0.543333 0.010833 0.013333
2 0.416667 0.466667 0.035000 0.105000
2 0.541667 0.461667 0.029167 0.038333
2 0.130000 0.466667 0.030833 0.051667
2 0.471667 0.431667 0.034167 0.100000
3 0.328333 0.518333 0.009167 0.016667
3 0.400833 0.496667 0.009167 0.015000
3 0.506667 0.540000 0.011667 0.030000
3 0.820000 0.638333 0.008333 0.016667
2 0.323333 0.591667 0.010000 0.031667
2 0.280000 0.558333 0.048333 0.043333
3 0.790833 0.510000 0.007500 0.015000
2 0.483333 0.496667 0.021667 0.090000
3 0.460833 0.490000 0.013333 0.031667
3 0.418333 0.548333 0.017500 0.031667
2 0.083333 0.481667 0.010000 0.031667
2 0.813333 0.523333 0.019167 0.046667
2 0.408333 0.568333 0.023333 0.106667
3 0.605000 0.556667 0.008333 0.016667
3 0.814167 0.516667 0.007500 0.018333
3 0.102500 0.496667 0.007500 0.016667
3 0.775000 0.488333 0.006667 0.018333
2 0.329167 0.545000 0.023333 0.106667
3 0.259167 0.571667 0.007500 0.018333
2 0.557500 0.506667 0.048333 0.043333
3 0.475833 0.505000 0.007500 0.015000
3 0.635000 0.528333 0.006667 0.018333
2 0.776667 0.453333 0.014167 0.015000
3 0.305000 0.493333 0.007500 0.015000
2 0.026667 0.576667 0.023333 0.041667
2 0.264167 0.530000 0.021667 0.090000
3 0.125000 0.555000 0.010833 0.023333
3 0.501667 0.598333 0.007500 0.016667
2 0.455000 0.431667 0.022500 0.023333
3 0.707500 0.461667 0.006667 0.018333
2 0.653333 0.303333 0.020833 0.080000
3 0.321667 0.716667 0.007500 0.015000
2 0.512500 0.360000 0.017500 0.116667
3 0.287500 0.771667 0.011667 0.030000
2 0.481667 0.790000 0.023333 0.106667
2 0.754167 0.356667 0.029167 0.038333
2 0.270833 0.338333 0.011667 0.025000
2 0.736667 0.596667 0.029167 0.038333
3 0.646667 0.336667 0.009167 0.016667
3 0.330000 0.678333 0.007500 0.018333
2 0.639167 0.670000 0.020833 0.028333
3 0.457500 0.223333 0.008333 0.016667
2 0.224167 0.706667 0.048333 0.025000
3 0.438333 0.655000 0.009167 0.015000
3 0.710833 0.420000 0.008333 0.021667
2 0.530000 0.361667 0.010000 0.031667
3 0.680833 0.648333 0.015833 0.051667
3 0.551667 0.388333 0.007500 0.015000
2 0.589167 0.705000 0.027500 0.016667
3 0.727500 0.681667 0.009167 0.016667
3 0.527500 0.406667 0.010000 0.020000
2 0.285833 0.736667 0.023333 0.106667
2 0.208333 0.678333 0.029167 0.038333
2 0.546667 0.815000 0.027500 0.016667
2 0.810000 0.365000 0.011667 0.066667
2 0.700000 0.710000 0.034167 0.100000
3 0.338333 0.391667 0.011667 0.030000
2 0.505000 0.721667 0.019167 0.046667
2 0.227500 0.385000 0.020000 0.021667
2 0.661667 0.616667 0.027500 0.016667
3 0.444167 0.830000 0.009167 0.016667
2 0.341667 0.785000 0.020000 0.021667
3 0.485000 0.446667 0.009167 0.016667
2 0.311667 0.786667 0.017500 0.116667
2 0.800833 0.460000 0.021667 0.090000
2 0.150833 0.615000 0.020000 0.021667
2 0.341667 0.670000 0.014167 0.015000
3 0.745833 0.605000 0.013333 0.031667
3 0.490000 0.295000 0.009167 0.018333
3 0.682500 0.636667 0.011667 0.020000
2 0.273333 0.766667 0.048333 0.025000
3 0.665833 0.383333 0.009167 0.016667
2 0.690833 0.698333 0.034167 0.100000
3 0.290000 0.273333 0.010000 0.020000
3 0.554167 0.701667 0.010833 0.013333
2 0.800833 0.663333 0.013333 0.070000
3 0.750000 0.610000 0.009167 0.016667
3 0.307500 0.366667 0.013333 0.015000
3 0.386667 0.766667 0.009167 0.023333
2 0.462500 0.711667 0.009167 0.031667
2 0.294167 0.341667 0.030833 0.051667
3 0.223333 0.770000 0.010833 0.023333
2 0.245000 0.423333 0.020833 0.080000
3 0.776667 0.701667 0.013333 0.031667
3 0.326667 0.715000 0.017500 0.031667
2 0.371667 0.396667 0.030833 0.051667
3 0.775833 0.783333 0.007500 0.015000
3 0.618333 0.646667 0.011667 0.020000
3 0.785833 0.605000 0.009167 0.016667
3 0.656667 0.371667 0.011667 0.020000
3 0.734167 0.398333 0.010000 0.016667
2 0.657500 0.620000 0.058333 0.076667
3 0.385833 0.375000 0.010000 0.020000
2 0.709167 0.668333 0.034167 0.038333
3 0.453333 0.830000 0.009167 0.018333
2 0.700833 0.695000 0.020833 0.028333
2 0.540000 0.705000 0.009167 0.040000
2 0.785000 0.368333 0.010000 0.031667
2 0.542500 0.201667 0.022500 0.023333
2 0.502500 0.371667 0.026667 0.035000
2 0.678333 0.343333 0.048333 0.043333
2 0.425000 0.873333 0.034167 0.100000
2 0.215833 0.328333 0.029167 0.038333
2 0.465000 0.858333 0.009167 0.040000
3 0.705833 0.280000 0.009167 0.018333
3 0.644167 0.405000 0.008333 0.016667
3 0.762500 0.403333 0.009167 0.016667
2 0.665000 0.675000 0.010000 0.031667
3 0.417500 0.716667 0.010833 0.023333
3 0.345833 0.676667 0.014167 0.025000
2 0.779167 0.611667 0.023333 0.106667
3 0.663333 0.340000 0.008333 0.016667
3 0.682500 0.641667 0.008333 0.016667
2 0.362500 0.286667 0.011667 0.066667
2 0.662500 0.630000 0.026667 0.035000
2 0.324167 0.281667 0.011667 0.066667
2 0.151667 0.613333 0.017500 0.116667
3 0.520000 0.278333 0.008333 0.016667
3 0.449167 0.678333 0.008333 0.016667
2 0.730833 0.453333 0.009167 0.031667
3 0.471667 0.728333 0.009167 0.015000
3 0.398333 0.348333 0.006667 0.018333
2 0.785000 0.401667 0.013333 0.070000
2 0.797500 0.358333 0.035000 0.105000
2 0.569167 0.255000 0.011667 0.066667
2 0.568333 0.706667 0.010833 0.091667
3 0.769167 0.328333 0.009167 0.018333
2 0.683333 0.403333 0.013333 0.070000
2 0.580833 0.710000 0.048333 0.025000
2 0.441667 0.780000 0.026667 0.035000
2 0.765833 0.703333 0.029167 0.038333
2 0.686667 0.395000 0.023333 0.041667
2 0.140833 0.693333 0.030833 0.051667
3 0.299167 0.736667 0.007500 0.018333
2 0.354167 0.623333 0.011667 0.066667
3 0.785833 0.380000 0.007500 0.015000
3 0.695000 0.350000 0.014167 0.025000
2 0.763333 0.375000 0.048333 0.043333
3 0.669167 0.658333 0.008333 0.016667
2 0.820000 0.406667 0.020833 0.028333
3 0.222500 0.766667 0.013333 0.015000
2 0.526667 0.678333 0.048333 0.043333
3 0.722500 0.433333 0.009167 0.015000
3 0.685000 0.411667 0.007500 0.016667
3 0.526667 0.265000 0.009167 0.016667
3 0.241667 0.386667 0.009167 0.015000
3 0.719167 0.633333 0.010833 0.013333
3 0.683333 0.390000 0.017500 0.031667
3 0.663333 0.416667 0.013333 0.015000
3 0.499167 0.668333 0.007500 0.015000
2 0.280000 0.651667 0.010000 0.031667
2 0.419167 0.361667 0.009167 0.031667
3 0.670000 0.606667 0.013333 0.031667
3 0.310000 0.711667 0.014167 0.025000
2 0.315833 0.698333 0.026667 0.035000
3 0.555000 0.340000 0.007500 0.016667
2 0.649167 0.408333 0.026667 0.035000
3 0.828333 0.410000 0.010833 0.013333
3 0.546667 0.635000 0.011667 0.030000
3 0.677500 0.441667 0.007500 0.015000
3 0.697500 0.670000 0.007500 0.018333
3 0.642500 0.378333 0.007500 0.018333
2 0.680000 0.410000 0.022500 0.023333
3 0.317500 0.410000 0.009167 0.015000
3 0.656667 0.328333 0.010833 0.023333
2 0.695000 0.641667 0.026667 0.035000
2 0.562500 0.645000 0.034167 0.100000
3 0.219167 0.686667 0.008333 0.016667
3 0.790833 0.425000 0.009167 0.016667
2 0.519167 0.366667 0.020000 0.021667
2 0.262500 0.730000 0.021667 0.090000
2 0.487500 0.358333 0.020833 0.080000
2 0.280000 0.780000 0.034167 0.038333
3 0.407500 0.676667 0.009167 0.018333
3 0.679167 0.591667 0.009167 0.018333
2 0.683333 0.378333 0.029167 0.038333
3 0.655000 0.623333 0.009167 0.015000
3 0.649167 0.633333 0.007500 0.015000
3 0.448333 0.655000 0.009167 0.016667
3 0.330000 0.765000 0.015833 0.051667
3 0.649167 0.640000 0.008333 0.021667
2 0.639167 0.671667 0.029167 0.038333
2 0.255000 0.265000 0.048333 0.025000
3 0.447500 0.353333 0.013333 0.031667
3 0.525833 0.416667 0.013333 0.031667
2 0.623333 0.640000 0.010000 0.031667
2 0.346667 0.376667 0.020833 0.028333
2 0.704167 0.635000 0.034167 0.038333
2 0.241667 0.370000 0.009167 0.040000
2 0.157500 0.376667 0.034167 0.038333
2 0.231667 0.780000 0.011667 0.066667
3 0.440833 0.793333 0.009167 0.016667
2 0.315833 0.281667 0.020833 0.028333
2 0.722500 0.393333 0.011667 0.025000
2 0.701667 0.608333 0.027500 0.016667
3 0.321667 0.351667 0.010000 0.016667
2 0.652500 0.360000 0.013333 0.070000
2 0.761667 0.703333 0.023333 0.106667
3 0.721667 0.353333 0.011667 0.030000
2 0.395833 0.350000 0.013333 0.070000
3 0.680000 0.591667 0.007500 0.015000
3 0.715833 0.345000 0.009167 0.016667
2 0.688333 0.611667 0.015833 0.068333
2 0.463333 0.845000 0.030833 0.051667
2 0.702500 0.711667 0.023333 0.041667
2 0.596667 0.331667 0.029167 0.038333
2 0.495000 0.295000 0.097500 0.053333
3 0.537500 0.386667 0.006667 0.018333
3 0.710000 0.350000 0.011667 0.030000
3 0.640833 0.350000 0.009167 0.016667
2 0.671667 0.363333 0.022500 0.023333
2 0.521667 0.641667 0.030833 0.051667
3 0.483333 0.826667 0.009167 0.016667
2 0.610833 0.716667 0.010833 0.091667
2 0.703333 0.371667 0.023333 0.041667
3 0.710000 0.690000 0.010833 0.013333
2 0.689167 0.630000 0.015833 0.068333
2 0.787500 0.728333 0.029167 0.038333
2 0.736667 0.626667 0.097500 0.053333
2 0.687500 0.310000 0.009167 0.040000
3 0.678333 0.663333 0.007500 0.015000
2 0.373333 0.348333 0.020833 0.028333
3 0.317500 0.245000 0.017500 0.031667
3 0.532500 0.363333 0.009167 0.016667
3 0.409167 0.390000 0.008333 0.016667
3 0.766667 0.326667 0.017500 0.031667
2 0.640000 0.343333 0.023333 0.041667
2 0.453333 0.871667 0.023333 0.106667
