4 0.783333 0.601667 0.206667 0.243333
4 0.820833 0.655000 0.043333 0.116667
4 0.834167 0.485000 0.137500 0.031667
4 0.795000 0.546667 0.085000 0.065000
4 0.741667 0.615000 0.300833 0.080000
4 0.847500 0.626667 0.103333 0.046667
4 0.830833 0.476667 0.137500 0.083333
4 0.822500 0.470000 0.105000 0.155000
4 0.824167 0.536667 0.050833 0.043333
4 0.866667 0.586667 0.077500 0.143333
4 0.713333 0.535000 0.097500 0.045000
4 0.248333 0.530000 0.065000 0.066667
4 0.099167 0.566667 0.088333 0.041667
4 0.623333 0.598333 0.115833 0.223333
4 0.500833 0.445000 0.065000 0.133333
4 0.174167 0.546667 0.144167 0.053333
4 0.290833 0.520000 0.075000 0.108333
4 0.104167 0.650000 0.129167 0.365000
4 0.704167 0.548333 0.045833 0.125000
4 0.743333 0.461667 0.059167 0.095000
3 0.785000 0.461667 0.006667 0.018333
2 0.310833 0.465000 0.045833 0.021667
2 0.169167 0.615000 0.023333 0.106667
3 0.703333 0.586667 0.008333 0.016667
3 0.482500 0.591667 0.011667 0.020000
2 0.246667 0.515000 0.023333 0.106667
3 0.145000 0.586667 0.011667 0.030000
2 0.304167 0.511667 0.020833 0.028333
3 0.790000 0.531667 0.010833 0.013333
3 0.390833 0.548333 0.011667 0.030000
2 0.172500 0.463333 0.048333 0.025000
3 0.132500 0.580000 0.009167 0.016667
2 0.330833 0.480000 0.034167 0.038333
2 0.665000 0.575000 0.097500 0.053333
2 0.603333 0.598333 0.020833 0.080000
3 0.169167 0.448333 0.009167 0.018333
3 0.719167 0.566667 0.013333 0.015000
2 0.665000 0.491667 0.013333 0.070000
3 0.054167 0.583333 0.009167 0.016667
2 0.529167 0.493333 0.058333 0.076667
2 0.165000 0.605000 0.009167 0.031667
2 0.497500 0.456667 0.034167 0.038333
3 0.797500 0.526667 0.007500 0.015000
3 0.482500 0.583333 0.010833 0.013333
3 0.151667 0.611667 0.015833 0.051667
2 0.228333 0.570000 0.023333 0.041667
3 0.498333 0.588333 0.017500 0.031667
3 0.617500 0.568333 0.008333 0.016667
3 0.575000 0.546667 0.013333 0.031667
2 0.251667 0.516667 0.029167 0.038333
2 0.804167 0.415000 0.020833 0.080000
3 0.544167 0.528333 0.008333 0.016667
3 0.330833 0.601667 0.009167 0.016667
3 0.562500 0.576667 0.007500 0.015000
3 0.717500 0.528333 0.010833 0.023333
3 0.173333 0.563333 0.006667 0.018333
2 0.805833 0.485000 0.045833 0.021667
3 0.170000 0.588333 0.007500 0.015000
3 0.788333 0.513333 0.010833 0.013333
2 0.308333 0.540000 0.023333 0.041667
3 0.636667 0.528333 0.010000 0.020000
3 0.807500 0.598333 0.014167 0.025000
3 0.060833 0.516667 0.010000 0.020000
3 0.330000 0.516667 0.013333 0.015000
2 0.257500 0.506667 0.011667 0.066667
3 0.106667 0.501667 0.008333 0.021667
3 0.025833 0.465000 0.007500 0.015000
3 0.204167 0.571667 0.009167 0.015000
3 0.618333 0.576667 0.007500 0.018333
2 0.688333 0.591667 0.034167 0.100000
2 0.143333 0.520000 0.022500 0.023333
2 0.211667 0.541667 0.020833 0.080000
3 0.044167 0.485000 0.010833 0.013333
2 0.582500 0.490000 0.011667 0.025000
3 0.774167 0.586667 0.009167 0.016667
2 0.650000 0.540000 0.097500 0.053333
2 0.018333 0.438333 0.020833 0.080000
2 0.569167 0.475000 0.020833 0.028333
3 0.326667 0.595000 0.008333 0.016667
2 0.222500 0.556667 0.029167 0.038333
2 0.405000 0.551667 0.019167 0.046667
3 0.271667 0.488333 0.010833 0.013333
3 0.314167 0.468333 0.010833 0.013333
2 0.440000 0.590000 0.009167 0.040000
3 0.827500 0.523333 0.007500 0.016667
2 0.194167 0.515000 0.011667 0.066667
2 0.778333 0.533333 0.013333 0.070000
3 0.616667 0.573333 0.013333 0.031667
3 0.594167 0.473333 0.007500 0.018333
3 0.290000 0.473333 0.007500 0.015000
3 0.791667 0.491667 0.010833 0.013333
3 0.715000 0.535000 0.009167 0.016667
3 0.411667 0.488333 0.011667 0.030000
2 0.158333 0.438333 0.011667 0.025000
3 0.250833 0.490000 0.013333 0.031667
3 0.155833 0.458333 0.008333 0.016667
2 0.711667 0.463333 0.010000 0.031667
3 0.332500 0.608333 0.007500 0.015000
3 0.715000 0.565000 0.006667 0.018333
2 0.040833 0.556667 0.011667 0.066667
3 0.151667 0.563333 0.011667 0.030000
3 0.720833 0.568333 0.007500 0.015000
3 0.078333 0.460000 0.007500 0.015000
3 0.814167 0.670000 0.010833 0.013333
3 0.048333 0.538333 0.009167 0.016667
2 0.709167 0.550000 0.048333 0.025000
3 0.525000 0.553333 0.010833 0.023333
2 0.251667 0.535000 0.022500 0.023333
3 0.068333 0.510000 0.008333 0.021667
3 0.628333 0.515000 0.013333 0.015000
3 0.601667 0.573333 0.010000 0.020000
2 0.334167 0.453333 0.022500 0.023333
2 0.577500 0.456667 0.058333 0.076667
3 0.455000 0.498333 0.008333 0.016667
2 0.609167 0.545000 0.097500 0.053333
3 0.188333 0.501667 0.010833 0.013333
3 0.421667 0.455000 0.007500 0.018333
2 0.436667 0.603333 0.048333 0.043333
3 0.280000 0.470000 0.007500 0.016667
2 0.355833 0.546667 0.011667 0.066667
2 0.326667 0.588333 0.020000 0.021667
2 0.468333 0.591667 0.020000 0.021667
2 0.384167 0.733333 0.058333 0.076667
2 0.543333 0.376667 0.030833 0.051667
2 0.564167 0.635000 0.030833 0.051667
3 0.330833 0.410000 0.009167 0.023333
2 0.670833 0.390000 0.048333 0.025000
2 0.371667 0.770000 0.009167 0.031667
3 0.812500 0.625000 0.009167 0.023333
3 0.326667 0.715000 0.017500 0.031667
2 0.704167 0.430000 0.020000 0.021667
3 0.279167 0.731667 0.009167 0.016667
2 0.290833 0.400000 0.048333 0.025000
2 0.279167 0.241667 0.020833 0.028333
2 0.655833 0.618333 0.035000 0.105000
3 0.807500 0.900000 0.009167 0.016667
3 0.598333 0.998333 0.008333 0.001667
3 0.572500 0.663333 0.007500 0.018333
3 0.520000 0.275000 0.007500 0.015000
2 0.567500 0.660000 0.097500 0.053333
3 0.500833 0.348333 0.008333 0.021667
3 0.780833 0.346667 0.007500 0.018333
2 0.626667 0.671667 0.045833 0.021667
2 0.510833 0.671667 0.058333 0.076667
3 0.795833 0.415000 0.009167 0.016667
2 0.518333 0.273333 0.026667 0.035000
3 0.781667 0.685000 0.013333 0.031667
3 0.340833 0.673333 0.008333 0.016667
2 0.305000 0.361667 0.022500 0.023333
3 0.600833 0.748333 0.010833 0.023333
3 0.332500 0.333333 0.010833 0.023333
2 0.225000 0.326667 0.034167 0.038333
3 0.806667 0.390000 0.017500 0.031667
3 0.473333 0.826667 0.011667 0.020000
2 0.435833 0.731667 0.034167 0.100000
3 0.544167 0.295000 0.010000 0.020000
3 0.640833 0.671667 0.008333 0.016667
2 0.310000 0.403333 0.020833 0.080000
3 0.753333 0.650000 0.011667 0.030000
3 0.737500 0.416667 0.011667 0.020000
3 0.795833 0.413333 0.009167 0.015000
3 0.526667 0.416667 0.011667 0.020000
2 0.549167 0.331667 0.035000 0.105000
2 0.628333 0.373333 0.010833 0.091667
2 0.349167 0.413333 0.023333 0.106667
2 0.721667 0.416667 0.048333 0.025000
3 0.768333 0.620000 0.008333 0.016667
2 0.470000 0.136667 0.020833 0.080000
3 0.285833 0.780000 0.008333 0.016667
3 0.796667 0.640000 0.008333 0.016667
3 0.760833 0.691667 0.013333 0.031667
2 0.575000 0.745000 0.048333 0.043333
2 0.392500 0.385000 0.013333 0.070000
3 0.245000 0.356667 0.008333 0.016667
2 0.840000 0.320000 0.017500 0.116667
2 0.408333 0.368333 0.045833 0.021667
3 0.388333 0.755000 0.010000 0.016667
3 0.317500 0.641667 0.009167 0.016667
3 0.300833 0.383333 0.007500 0.018333
3 0.440833 0.736667 0.010000 0.020000
3 0.480833 0.711667 0.014167 0.025000
2 0.610833 0.605000 0.097500 0.053333
2 0.775000 0.343333 0.011667 0.066667
3 0.557500 0.323333 0.009167 0.023333
2 0.402500 0.773333 0.034167 0.100000
2 0.439167 0.171667 0.020833 0.080000
2 0.645833 0.613333 0.030833 0.051667
2 0.237500 0.673333 0.020833 0.080000
2 0.673333 0.346667 0.020000 0.021667
3 0.270000 0.688333 0.010000 0.020000
2 0.431667 0.643333 0.048333 0.043333
2 0.502500 0.775000 0.034167 0.100000
2 0.725000 0.578333 0.011667 0.066667
3 0.692500 0.618333 0.007500 0.015000
2 0.407500 0.733333 0.011667 0.066667
3 0.682500 0.388333 0.006667 0.018333
3 0.738333 0.651667 0.008333 0.016667
3 0.706667 0.356667 0.008333 0.016667
2 0.720000 0.336667 0.020833 0.028333
3 0.370833 0.343333 0.013333 0.015000
3 0.725833 0.795000 0.008333 0.016667
3 0.782500 0.375000 0.007500 0.016667
3 0.469167 0.373333 0.011667 0.020000
2 0.705000 0.241667 0.019167 0.046667
3 0.333333 0.731667 0.007500 0.015000
3 0.306667 0.403333 0.010000 0.016667
3 0.662500 0.336667 0.009167 0.015000
2 0.510833 0.358333 0.048333 0.043333
3 0.330000 0.316667 0.009167 0.023333
2 0.369167 0.651667 0.035000 0.105000
3 0.727500 0.625000 0.008333 0.021667
2 0.730000 0.365000 0.058333 0.076667
2 0.538333 0.270000 0.020833 0.080000
2 0.220000 0.636667 0.009167 0.040000
2 0.409167 0.805000 0.045833 0.021667
2 0.286667 0.790000 0.048333 0.025000
2 0.785000 0.420000 0.030833 0.051667
2 0.770833 0.631667 0.010833 0.091667
2 0.292500 0.745000 0.009167 0.040000
3 0.310833 0.716667 0.013333 0.015000
3 0.727500 0.356667 0.009167 0.023333
3 0.723333 0.778333 0.009167 0.016667
2 0.686667 0.308333 0.013333 0.070000
3 0.719167 0.395000 0.017500 0.031667
2 0.370000 0.353333 0.027500 0.016667
2 0.784167 0.636667 0.045833 0.021667
3 0.640000 0.663333 0.011667 0.030000
3 0.632500 0.436667 0.008333 0.016667
2 0.270000 0.666667 0.027500 0.016667
2 0.755833 0.388333 0.030833 0.051667
2 0.469167 0.291667 0.010000 0.031667
3 0.648333 0.346667 0.007500 0.015000
2 0.763333 0.416667 0.009167 0.031667
3 0.804167 0.645000 0.006667 0.018333
3 0.158333 0.633333 0.009167 0.015000
2 0.380000 0.693333 0.030833 0.051667
2 0.520833 0.998333 0.048333 0.001667
2 0.623333 0.328333 0.020833 0.028333
3 0.672500 0.423333 0.008333 0.016667
2 0.277500 0.715000 0.027500 0.016667
3 0.746667 0.410000 0.010833 0.013333
2 0.731667 0.695000 0.023333 0.106667
2 0.337500 0.258333 0.017500 0.116667
3 0.760000 0.606667 0.011667 0.030000
3 0.305000 0.363333 0.008333 0.016667
3 0.688333 0.623333 0.013333 0.015000
2 0.464167 0.578333 0.035000 0.105000
2 0.259167 0.305000 0.035000 0.105000
3 0.302500 0.715000 0.009167 0.018333
2 0.230833 0.673333 0.010000 0.031667
3 0.582500 0.320000 0.009167 0.016667
3 0.620833 0.398333 0.009167 0.016667
3 0.579167 0.653333 0.009167 0.016667
2 0.793333 0.615000 0.019167 0.046667
2 0.593333 0.406667 0.010000 0.031667
2 0.341667 0.405000 0.030833 0.051667
3 0.424167 0.713333 0.009167 0.023333
3 0.450000 0.731667 0.007500 0.018333
3 0.617500 0.371667 0.010833 0.023333
2 0.310000 0.795000 0.045833 0.021667
3 0.680000 0.430000 0.011667 0.030000
2 0.300833 0.233333 0.034167 0.100000
3 0.753333 0.646667 0.010833 0.023333
3 0.444167 0.160000 0.008333 0.016667
3 0.637500 0.355000 0.013333 0.031667
2 0.693333 0.626667 0.048333 0.043333
3 0.378333 0.366667 0.010833 0.023333
3 0.587500 0.633333 0.015833 0.051667
3 0.422500 0.816667 0.011667 0.020000
2 0.678333 0.653333 0.026667 0.035000
3 0.315000 0.456667 0.008333 0.016667
3 0.251667 0.391667 0.008333 0.016667
3 0.712500 0.363333 0.008333 0.016667
3 0.571667 0.665000 0.009167 0.016667
2 0.690000 0.670000 0.011667 0.025000
2 0.449167 0.275000 0.011667 0.025000
2 0.620833 0.406667 0.010833 0.091667
3 0.244167 0.380000 0.011667 0.030000
3 0.410833 0.678333 0.007500 0.015000
2 0.487500 0.293333 0.014167 0.015000
3 0.745833 0.375000 0.010000 0.016667
2 0.776667 0.605000 0.009167 0.031667
2 0.526667 0.318333 0.048333 0.025000
3 0.666667 0.616667 0.009167 0.016667
2 0.487500 0.416667 0.021667 0.090000
2 0.670000 0.440000 0.023333 0.106667
3 0.451667 0.785000 0.008333 0.016667
2 0.585833 0.760000 0.026667 0.035000
2 0.710000 0.381667 0.048333 0.025000
3 0.736667 0.661667 0.007500 0.018333
2 0.334167 0.316667 0.015833 0.068333
2 0.665833 0.630000 0.020833 0.080000
2 0.292500 0.350000 0.019167 0.046667
2 0.737500 0.396667 0.058333 0.076667
3 0.286667 0.821667 0.009167 0.016667
2 0.169167 0.421667 0.010833 0.091667
3 0.486667 0.256667 0.009167 0.015000
3 0.810000 0.398333 0.009167 0.018333
3 0.713333 0.438333 0.015833 0.051667
3 0.760833 0.368333 0.011667 0.020000
2 0.785833 0.328333 0.045833 0.021667
2 0.212500 0.635000 0.020833 0.080000
2 0.300000 0.743333 0.058333 0.076667
2 0.229167 0.408333 0.021667 0.090000
3 0.619167 0.371667 0.007500 0.018333
3 0.317500 0.640000 0.008333 0.016667
2 0.374167 0.350000 0.035000 0.105000
2 0.670000 0.656667 0.030833 0.051667
3 0.583333 0.641667 0.013333 0.031667
2 0.697500 0.301667 0.020833 0.080000
3 0.765000 0.615000 0.009167 0.016667
3 0.317500 0.378333 0.009167 0.016667
2 0.550833 0.371667 0.009167 0.040000
3 0.780000 0.676667 0.009167 0.023333
3 0.437500 0.370000 0.014167 0.025000
2 0.741667 0.383333 0.020833 0.080000
3 0.695833 0.370000 0.014167 0.025000
3 0.323333 0.706667 0.013333 0.015000
3 0.359167 0.316667 0.007500 0.018333
2 0.480833 0.193333 0.015833 0.068333
