4 0.815000 0.600000 0.090833 0.075000
4 0.816667 0.541667 0.060833 0.135000
4 0.819167 0.335000 0.119167 0.138333
4 0.854167 0.400000 0.133333 0.061667
4 0.807500 0.540000 0.108333 0.140000
4 0.878333 0.640000 0.076667 0.030000
4 0.857500 0.581667 0.114167 0.173333
4 0.850000 0.411667 0.088333 0.096667
4 0.824167 0.421667 0.173333 0.200000
4 0.838333 0.591667 0.080000 0.130000
4 0.548333 0.473333 0.035833 0.066667
4 0.268333 0.545000 0.274167 0.163333
4 0.439167 0.563333 0.128333 0.070000
4 0.250833 0.496667 0.095833 0.025000
4 0.103333 0.510000 0.067500 0.048333
4 0.047500 0.431667 0.081667 0.155000
4 0.650000 0.530000 0.087500 0.108333
4 0.070000 0.560000 0.053333 0.066667
4 0.530833 0.626667 0.122500 0.220000
4 0.392500 0.593333 0.206667 0.185000
2 0.304167 0.468333 0.009167 0.040000
3 0.548333 0.543333 0.007500 0.015000
3 0.080000 0.526667 0.008333 0.016667
3 0.147500 0.510000 0.010000 0.020000
2 0.643333 0.455000 0.058333 0.076667
2 0.039167 0.551667 0.009167 0.031667
2 0.645833 0.480000 0.048333 0.043333
2 0.228333 0.578333 0.011667 0.025000
2 0.431667 0.603333 0.019167 0.046667
2 0.344167 0.586667 0.010833 0.091667
3 0.541667 0.548333 0.010000 0.020000
3 0.796667 0.548333 0.008333 0.021667
2 0.562500 0.548333 0.010000 0.031667
3 0.439167 0.566667 0.010000 0.020000
2 0.250000 0.495000 0.048333 0.043333
3 0.592500 0.545000 0.009167 0.018333
3 0.700000 0.595000 0.008333 0.021667
2 0.418333 0.543333 0.011667 0.066667
2 0.432500 0.490000 0.011667 0.066667
3 0.787500 0.558333 0.011667 0.020000
3 0.653333 0.520000 0.007500 0.018333
2 0.458333 0.525000 0.015833 0.068333
3 0.405833 0.550000 0.007500 0.015000
3 0.203333 0.455000 0.010833 0.023333
3 0.440833 0.603333 0.009167 0.015000
2 0.273333 0.485000 0.097500 0.053333
2 0.105833 0.505000 0.034167 0.038333
2 0.365000 0.470000 0.009167 0.031667
2 0.287500 0.513333 0.021667 0.090000
3 0.674167 0.508333 0.017500 0.031667
3 0.093333 0.528333 0.009167 0.016667
2 0.039167 0.476667 0.014167 0.015000
3 0.145833 0.565000 0.013333 0.015000
2 0.646667 0.498333 0.015833 0.068333
3 0.828333 0.491667 0.008333 0.016667
2 0.205000 0.526667 0.027500 0.016667
2 0.205000 0.560000 0.009167 0.031667
2 0.089167 0.478333 0.010000 0.031667
3 0.127500 0.478333 0.007500 0.016667
2 0.105000 0.478333 0.030833 0.051667
3 0.487500 0.556667 0.007500 0.015000
2 0.165833 0.533333 0.014167 0.015000
3 0.145833 0.566667 0.009167 0.016667
2 0.580833 0.483333 0.035000 0.105000
2 0.580833 0.466667 0.011667 0.025000
2 0.668333 0.501667 0.034167 0.038333
3 0.478333 0.508333 0.008333 0.016667
2 0.250833 0.523333 0.010000 0.031667
3 0.090833 0.500000 0.014167 0.025000
2 0.667500 0.586667 0.048333 0.025000
3 0.396667 0.518333 0.009167 0.016667
2 0.776667 0.490000 0.009167 0.031667
3 0.130000 0.601667 0.017500 0.031667
2 0.265000 0.591667 0.023333 0.106667
3 0.159167 0.541667 0.013333 0.031667
3 0.540000 0.580000 0.009167 0.018333
3 0.782500 0.535000 0.010000 0.020000
3 0.472500 0.511667 0.008333 0.021667
3 0.213333 0.540000 0.011667 0.030000
3 0.476667 0.570000 0.010000 0.020000
2 0.180000 0.558333 0.030833 0.051667
2 0.106667 0.446667 0.034167 0.038333
2 0.249167 0.593333 0.010000 0.031667
3 0.134167 0.525000 0.006667 0.018333
2 0.463333 0.605000 0.023333 0.106667
2 0.375833 0.473333 0.023333 0.106667
3 0.073333 0.538333 0.008333 0.021667
2 0.240000 0.500000 0.034167 0.100000
3 0.489167 0.428333 0.007500 0.015000
2 0.339167 0.556667 0.015833 0.068333
3 0.023333 0.545000 0.010833 0.023333
2 0.204167 0.565000 0.015833 0.068333
2 0.780000 0.526667 0.010000 0.031667
3 0.312500 0.568333 0.017500 0.031667
3 0.403333 0.565000 0.017500 0.031667
2 0.198333 0.460000 0.023333 0.041667
3 0.055833 0.465000 0.011667 0.030000
3 0.618333 0.600000 0.009167 0.016667
2 0.333333 0.625000 0.034167 0.100000
2 0.462500 0.553333 0.019167 0.046667
3 0.108333 0.518333 0.010833 0.013333
2 0.180000 0.503333 0.010833 0.091667
3 0.472500 0.540000 0.007500 0.015000
3 0.511667 0.548333 0.010833 0.013333
2 0.376667 0.511667 0.022500 0.023333
2 0.513333 0.533333 0.015833 0.068333
2 0.200833 0.496667 0.015833 0.068333
3 0.676667 0.571667 0.008333 0.016667
2 0.095000 0.575000 0.019167 0.046667
3 0.070833 0.535000 0.010000 0.016667
3 0.205000 0.451667 0.009167 0.016667
2 0.076667 0.488333 0.015833 0.068333
3 0.409167 0.470000 0.010833 0.023333
2 0.477500 0.506667 0.030833 0.051667
2 0.105000 0.506667 0.020833 0.080000
3 0.147500 0.551667 0.007500 0.015000
3 0.529167 0.531667 0.007500 0.015000
2 0.803333 0.620000 0.035000 0.105000
2 0.130000 0.520000 0.010833 0.091667
3 0.373333 0.566667 0.013333 0.015000
3 0.815000 0.680000 0.011667 0.030000
2 0.790000 0.501667 0.011667 0.066667
3 0.290833 0.778333 0.013333 0.031667
3 0.247500 0.398333 0.010000 0.020000
2 0.540833 0.660000 0.045833 0.021667
3 0.539167 0.678333 0.010000 0.016667
3 0.335833 0.863333 0.007500 0.018333
2 0.559167 0.623333 0.035000 0.105000
3 0.466667 0.846667 0.006667 0.018333
2 0.683333 0.421667 0.011667 0.025000
3 0.646667 0.633333 0.013333 0.015000
3 0.710833 0.448333 0.010000 0.020000
2 0.502500 0.413333 0.029167 0.038333
3 0.804167 0.370000 0.007500 0.016667
3 0.739167 0.653333 0.006667 0.018333
2 0.359167 0.786667 0.034167 0.100000
2 0.616667 0.361667 0.010833 0.091667
3 0.472500 0.730000 0.007500 0.016667
3 0.557500 0.663333 0.009167 0.016667
2 0.637500 0.350000 0.035000 0.105000
3 0.495000 0.751667 0.007500 0.018333
3 0.438333 0.423333 0.015833 0.051667
3 0.482500 0.331667 0.008333 0.016667
2 0.657500 0.625000 0.097500 0.053333
3 0.447500 0.710000 0.011667 0.030000
2 0.523333 0.418333 0.021667 0.090000
3 0.810833 0.398333 0.007500 0.016667
3 0.755833 0.610000 0.006667 0.018333
3 0.517500 0.233333 0.009167 0.016667
2 0.199167 0.285000 0.058333 0.076667
3 0.403333 0.360000 0.017500 0.031667
3 0.570833 0.631667 0.009167 0.015000
3 0.695000 0.638333 0.006667 0.018333
3 0.488333 0.203333 0.010000 0.020000
3 0.305000 0.391667 0.009167 0.018333
3 0.255833 0.785000 0.006667 0.018333
3 0.380833 0.758333 0.008333 0.016667
3 0.591667 0.623333 0.007500 0.015000
3 0.550000 0.681667 0.009167 0.018333
3 0.309167 0.308333 0.007500 0.018333
2 0.628333 0.381667 0.013333 0.070000
2 0.730833 0.700000 0.022500 0.023333
3 0.338333 0.645000 0.008333 0.016667
2 0.605833 0.636667 0.058333 0.076667
2 0.684167 0.595000 0.020833 0.080000
2 0.658333 0.686667 0.021667 0.090000
2 0.274167 0.685000 0.020833 0.080000
3 0.648333 0.380000 0.008333 0.016667
2 0.792500 0.655000 0.017500 0.116667
3 0.692500 0.753333 0.008333 0.016667
3 0.801667 0.620000 0.009167 0.016667
2 0.276667 0.340000 0.030833 0.051667
3 0.420833 0.656667 0.009167 0.016667
3 0.457500 0.361667 0.009167 0.018333
3 0.692500 0.291667 0.015833 0.051667
2 0.604167 0.650000 0.048333 0.043333
2 0.630833 0.616667 0.058333 0.076667
2 0.543333 0.190000 0.009167 0.040000
3 0.761667 0.406667 0.011667 0.030000
2 0.316667 0.368333 0.013333 0.070000
2 0.359167 0.703333 0.009167 0.031667
2 0.509167 0.655000 0.029167 0.038333
3 0.775000 0.691667 0.009167 0.016667
3 0.701667 0.340000 0.009167 0.015000
3 0.473333 0.826667 0.010833 0.023333
3 0.540000 0.998333 0.009167 0.001667
3 0.785833 0.380000 0.011667 0.030000
2 0.416667 0.316667 0.020833 0.080000
2 0.506667 0.413333 0.020833 0.028333
2 0.275833 0.403333 0.010000 0.031667
2 0.280833 0.651667 0.048333 0.025000
3 0.624167 0.655000 0.007500 0.018333
2 0.757500 0.648333 0.010833 0.091667
2 0.771667 0.640000 0.020833 0.080000
3 0.662500 0.390000 0.008333 0.016667
2 0.447500 0.378333 0.013333 0.070000
3 0.697500 0.370000 0.008333 0.016667
2 0.405833 0.675000 0.017500 0.116667
3 0.290833 0.730000 0.013333 0.031667
3 0.565000 0.786667 0.015833 0.051667
3 0.645833 0.618333 0.010000 0.016667
2 0.766667 0.425000 0.030833 0.051667
2 0.670000 0.635000 0.048333 0.043333
2 0.495000 0.245000 0.009167 0.040000
2 0.242500 0.793333 0.048333 0.043333
2 0.359167 0.441667 0.026667 0.035000
2 0.781667 0.416667 0.010000 0.031667
3 0.646667 0.651667 0.008333 0.016667
3 0.447500 0.338333 0.009167 0.015000
3 0.739167 0.686667 0.007500 0.018333
3 0.645000 0.638333 0.011667 0.030000
3 0.718333 0.356667 0.006667 0.018333
2 0.725833 0.626667 0.023333 0.106667
2 0.635833 0.448333 0.022500 0.023333
2 0.682500 0.400000 0.048333 0.025000
3 0.431667 0.781667 0.010833 0.023333
2 0.495000 0.346667 0.030833 0.051667
2 0.674167 0.395000 0.023333 0.041667
2 0.537500 0.263333 0.015833 0.068333
3 0.343333 0.643333 0.011667 0.030000
2 0.708333 0.646667 0.034167 0.100000
3 0.560833 0.665000 0.014167 0.025000
3 0.678333 0.665000 0.007500 0.018333
3 0.826667 0.415000 0.008333 0.016667
3 0.447500 0.386667 0.009167 0.016667
2 0.535833 0.315000 0.009167 0.031667
3 0.697500 0.363333 0.007500 0.018333
3 0.777500 0.366667 0.017500 0.031667
2 0.780000 0.415000 0.022500 0.023333
2 0.679167 0.405000 0.021667 0.090000
2 0.658333 0.616667 0.097500 0.053333
2 0.282500 0.825000 0.027500 0.016667
2 0.762500 0.723333 0.021667 0.090000
3 0.727500 0.608333 0.013333 0.015000
2 0.609167 0.350000 0.035000 0.105000
2 0.423333 0.720000 0.014167 0.015000
3 0.646667 0.391667 0.007500 0.018333
2 0.684167 0.278333 0.017500 0.116667
2 0.278333 0.743333 0.014167 0.015000
2 0.427500 0.340000 0.009167 0.040000
3 0.715833 0.616667 0.010000 0.016667
2 0.321667 0.695000 0.010000 0.031667
3 0.714167 0.675000 0.010000 0.020000
3 0.310000 0.368333 0.007500 0.015000
3 0.528333 0.411667 0.015833 0.051667
3 0.589167 0.626667 0.013333 0.031667
3 0.716667 0.355000 0.010000 0.020000
3 0.511667 0.426667 0.011667 0.030000
3 0.665833 0.368333 0.008333 0.021667
3 0.519167 0.265000 0.007500 0.018333
2 0.623333 0.445000 0.026667 0.035000
3 0.820000 0.390000 0.010833 0.023333
2 0.755833 0.766667 0.030833 0.051667
2 0.468333 0.298333 0.058333 0.076667
3 0.497500 0.400000 0.007500 0.015000
3 0.468333 0.261667 0.006667 0.018333
3 0.774167 0.605000 0.009167 0.016667
2 0.772500 0.305000 0.015833 0.068333
2 0.410000 0.766667 0.097500 0.053333
3 0.510000 0.360000 0.011667 0.030000
2 0.684167 0.720000 0.022500 0.023333
2 0.739167 0.668333 0.017500 0.116667
3 0.275833 0.666667 0.008333 0.016667
3 0.695000 0.665000 0.009167 0.023333
3 0.694167 0.666667 0.011667 0.030000
3 0.570000 0.670000 0.007500 0.015000
2 0.740833 0.778333 0.020000 0.021667
3 0.803333 0.423333 0.011667 0.020000
2 0.666667 0.715000 0.029167 0.038333
2 0.645000 0.391667 0.048333 0.043333
3 0.734167 0.638333 0.010833 0.013333
2 0.730833 0.686667 0.015833 0.068333
3 0.313333 0.341667 0.010000 0.016667
3 0.790000 0.330000 0.007500 0.015000
3 0.652500 0.416667 0.007500 0.015000
3 0.702500 0.371667 0.013333 0.015000
2 0.415833 0.395000 0.030833 0.051667
2 0.702500 0.391667 0.019167 0.046667
2 0.808333 0.421667 0.021667 0.090000
2 0.687500 0.293333 0.026667 0.035000
3 0.780833 0.363333 0.011667 0.020000
2 0.285000 0.726667 0.026667 0.035000
3 0.310833 0.401667 0.008333 0.021667
2 0.470833 0.808333 0.015833 0.068333
2 0.489167 0.311667 0.020833 0.080000
3 0.227500 0.391667 0.014167 0.025000
3 0.670833 0.353333 0.010833 0.013333
3 0.452500 0.811667 0.010833 0.023333
3 0.696667 0.350000 0.010833 0.023333
2 0.572500 0.696667 0.058333 0.076667
3 0.515833 0.330000 0.010000 0.020000
2 0.750000 0.678333 0.009167 0.031667
2 0.533333 0.710000 0.034167 0.100000
2 0.564167 0.245000 0.020833 0.080000
2 0.755833 0.698333 0.023333 0.041667
3 0.670833 0.640000 0.007500 0.015000
3 0.734167 0.720000 0.009167 0.018333
3 0.710000 0.415000 0.009167 0.018333
3 0.493333 0.713333 0.013333 0.015000
2 0.320000 0.221667 0.048333 0.043333
3 0.717500 0.415000 0.008333 0.016667
3 0.797500 0.643333 0.007500 0.015000
3 0.266667 0.201667 0.010833 0.023333
2 0.347500 0.635000 0.029167 0.038333
2 0.769167 0.460000 0.020833 0.080000
2 0.680000 0.645000 0.021667 0.090000
2 0.523333 0.601667 0.020833 0.080000
2 0.545000 0.655000 0.034167 0.038333
3 0.790000 0.680000 0.009167 0.018333
3 0.278333 0.728333 0.010833 0.013333
2 0.755000 0.390000 0.027500 0.016667
2 0.573333 0.615000 0.010000 0.031667
3 0.730833 0.658333 0.013333 0.031667
2 0.730000 0.398333 0.010833 0.091667
2 0.474167 0.640000 0.035000 0.105000
3 0.795833 0.715000 0.010833 0.013333
2 0.320000 0.730000 0.030833 0.051667
2 0.569167 0.280000 0.020833 0.080000
3 0.584167 0.443333 0.011667 0.030000
3 0.803333 0.643333 0.007500 0.015000
