4 0.857500 0.596667 0.074167 0.120000
4 0.872500 0.435000 0.097500 0.058333
4 0.821667 0.560000 0.046667 0.125000
4 0.896667 0.543333 0.055833 0.035000
4 0.814167 0.545000 0.077500 0.036667
4 0.760833 0.671667 0.169167 0.276667
4 0.823333 0.510000 0.071667 0.151667
4 0.860833 0.601667 0.088333 0.095000
4 0.820000 0.631667 0.097500 0.056667
4 0.838333 0.416667 0.066667 0.046667
4 0.241667 0.501667 0.098333 0.121667
4 0.101667 0.568333 0.060000 0.160000
4 0.790000 0.536667 0.048333 0.030000
4 0.600000 0.588333 0.057500 0.136667
4 0.204167 0.491667 0.076667 0.070000
4 0.660000 0.538333 0.134167 0.048333
4 0.645833 0.476667 0.090833 0.083333
4 0.534167 0.443333 0.073333 0.120000
4 0.385833 0.605000 0.161667 0.261667
4 0.485000 0.620000 0.075000 0.160000
2 0.367500 0.543333 0.020833 0.080000
3 0.076667 0.560000 0.013333 0.031667
2 0.595833 0.430000 0.048333 0.043333
3 0.214167 0.573333 0.010833 0.023333
2 0.113333 0.468333 0.045833 0.021667
3 0.023333 0.498333 0.008333 0.016667
2 0.075000 0.526667 0.019167 0.046667
2 0.137500 0.565000 0.023333 0.041667
2 0.806667 0.688333 0.020833 0.080000
3 0.412500 0.540000 0.008333 0.021667
3 0.324167 0.475000 0.009167 0.016667
2 0.504167 0.450000 0.020833 0.028333
3 0.629167 0.498333 0.008333 0.016667
2 0.420833 0.571667 0.045833 0.021667
2 0.612500 0.513333 0.048333 0.043333
2 0.544167 0.546667 0.048333 0.025000
3 0.820833 0.348333 0.014167 0.025000
2 0.479167 0.583333 0.048333 0.025000
3 0.695833 0.508333 0.009167 0.016667
3 0.365000 0.533333 0.009167 0.016667
2 0.460000 0.461667 0.010833 0.091667
3 0.171667 0.581667 0.008333 0.016667
3 0.337500 0.441667 0.007500 0.016667
2 0.378333 0.578333 0.017500 0.116667
2 0.607500 0.545000 0.045833 0.021667
3 0.545833 0.458333 0.009167 0.015000
3 0.798333 0.473333 0.009167 0.016667
3 0.473333 0.570000 0.009167 0.016667
2 0.074167 0.573333 0.022500 0.023333
2 0.435833 0.468333 0.011667 0.066667
2 0.177500 0.548333 0.029167 0.038333
3 0.725833 0.485000 0.007500 0.015000
3 0.810000 0.591667 0.009167 0.023333
2 0.055000 0.540000 0.035000 0.105000
2 0.220000 0.465000 0.023333 0.041667
3 0.697500 0.583333 0.014167 0.025000
3 0.418333 0.446667 0.013333 0.031667
3 0.228333 0.500000 0.008333 0.016667
3 0.797500 0.448333 0.010833 0.023333
3 0.515833 0.506667 0.008333 0.016667
2 0.076667 0.573333 0.013333 0.070000
3 0.298333 0.600000 0.008333 0.016667
3 0.775833 0.496667 0.010833 0.023333
2 0.130000 0.450000 0.015833 0.068333
2 0.522500 0.508333 0.022500 0.023333
2 0.232500 0.558333 0.023333 0.041667
2 0.335000 0.500000 0.097500 0.053333
3 0.131667 0.466667 0.007500 0.016667
2 0.604167 0.451667 0.026667 0.035000
3 0.179167 0.496667 0.007500 0.015000
2 0.499167 0.503333 0.026667 0.035000
3 0.218333 0.493333 0.007500 0.015000
3 0.531667 0.546667 0.013333 0.015000
2 0.613333 0.511667 0.030833 0.051667
3 0.395833 0.591667 0.009167 0.018333
3 0.740833 0.453333 0.010000 0.020000
2 0.560833 0.581667 0.014167 0.015000
3 0.456667 0.596667 0.007500 0.018333
3 0.769167 0.511667 0.007500 0.015000
2 0.276667 0.531667 0.034167 0.038333
3 0.464167 0.446667 0.007500 0.015000
3 0.747500 0.481667 0.007500 0.015000
2 0.798333 0.501667 0.020833 0.080000
2 0.677500 0.460000 0.019167 0.046667
2 0.536667 0.540000 0.027500 0.016667
2 0.592500 0.580000 0.020833 0.080000
3 0.280833 0.595000 0.007500 0.018333
3 0.033333 0.490000 0.009167 0.016667
2 0.700833 0.436667 0.019167 0.046667
3 0.229167 0.593333 0.008333 0.016667
3 0.025833 0.563333 0.008333 0.016667
2 0.605000 0.446667 0.015833 0.068333
3 0.158333 0.485000 0.017500 0.031667
2 0.444167 0.436667 0.020833 0.080000
2 0.659167 0.500000 0.020833 0.028333
2 0.687500 0.525000 0.017500 0.116667
2 0.727500 0.471667 0.015833 0.068333
2 0.212500 0.475000 0.023333 0.041667
3 0.671667 0.478333 0.017500 0.031667
2 0.353333 0.576667 0.013333 0.070000
2 0.794167 0.515000 0.011667 0.025000
3 0.520000 0.556667 0.007500 0.015000
2 0.523333 0.516667 0.011667 0.025000
3 0.657500 0.513333 0.009167 0.016667
2 0.585000 0.563333 0.030833 0.051667
3 0.639167 0.498333 0.008333 0.016667
2 0.477500 0.443333 0.013333 0.070000
2 0.774167 0.443333 0.034167 0.038333
3 0.340000 0.610000 0.007500 0.018333
3 0.318333 0.570000 0.009167 0.016667
3 0.808333 0.511667 0.010833 0.023333
3 0.472500 0.475000 0.010000 0.020000
2 0.502500 0.536667 0.020833 0.080000
3 0.330833 0.613333 0.008333 0.016667
2 0.401667 0.456667 0.022500 0.023333
2 0.518333 0.525000 0.027500 0.016667
3 0.273333 0.520000 0.006667 0.018333
3 0.391667 0.556667 0.009167 0.015000
3 0.393333 0.575000 0.010833 0.013333
2 0.461667 0.468333 0.009167 0.031667
3 0.445833 0.488333 0.009167 0.023333
3 0.549167 0.556667 0.007500 0.018333
2 0.446667 0.730000 0.023333 0.106667
2 0.342500 0.728333 0.011667 0.066667
3 0.789167 0.403333 0.010000 0.020000
2 0.735833 0.438333 0.034167 0.038333
3 0.280833 0.653333 0.008333 0.016667
3 0.599167 0.330000 0.007500 0.018333
2 0.695000 0.743333 0.030833 0.051667
3 0.745000 0.603333 0.013333 0.015000
3 0.762500 0.411667 0.013333 0.015000
2 0.741667 0.591667 0.045833 0.021667
3 0.390000 0.648333 0.007500 0.015000
3 0.517500 0.260000 0.010833 0.013333
3 0.450000 0.283333 0.009167 0.016667
2 0.436667 0.886667 0.020833 0.028333
2 0.338333 0.380000 0.011667 0.025000
2 0.757500 0.338333 0.035000 0.105000
3 0.244167 0.745000 0.008333 0.016667
3 0.557500 0.210000 0.009167 0.015000
2 0.598333 0.335000 0.026667 0.035000
2 0.766667 0.343333 0.048333 0.043333
2 0.642500 0.596667 0.058333 0.076667
3 0.558333 0.343333 0.011667 0.020000
2 0.711667 0.763333 0.010833 0.091667
2 0.585000 0.741667 0.017500 0.116667
3 0.489167 0.288333 0.008333 0.016667
2 0.505833 0.778333 0.011667 0.025000
2 0.663333 0.400000 0.029167 0.038333
2 0.773333 0.393333 0.034167 0.038333
3 0.282500 0.766667 0.008333 0.016667
2 0.796667 0.405000 0.014167 0.015000
2 0.570833 0.156667 0.015833 0.068333
3 0.599167 0.738333 0.009167 0.015000
2 0.225833 0.348333 0.045833 0.021667
2 0.372500 0.326667 0.009167 0.040000
2 0.582500 0.305000 0.058333 0.076667
3 0.215000 0.665000 0.014167 0.025000
2 0.334167 0.703333 0.020833 0.080000
2 0.699167 0.650000 0.011667 0.025000
2 0.439167 0.390000 0.030833 0.051667
3 0.530000 0.631667 0.007500 0.016667
2 0.638333 0.395000 0.020833 0.080000
2 0.775833 0.403333 0.009167 0.040000
2 0.405833 0.743333 0.027500 0.016667
2 0.322500 0.723333 0.029167 0.038333
2 0.691667 0.380000 0.009167 0.031667
2 0.828333 0.406667 0.011667 0.025000
2 0.691667 0.316667 0.022500 0.023333
2 0.236667 0.751667 0.022500 0.023333
2 0.736667 0.436667 0.020833 0.080000
2 0.658333 0.385000 0.011667 0.066667
3 0.805000 0.335000 0.007500 0.015000
3 0.288333 0.411667 0.008333 0.016667
3 0.244167 0.358333 0.010833 0.013333
2 0.297500 0.371667 0.023333 0.106667
3 0.359167 0.695000 0.009167 0.016667
3 0.408333 0.753333 0.010000 0.020000
3 0.680000 0.653333 0.008333 0.021667
3 0.686667 0.631667 0.013333 0.015000
3 0.635833 0.623333 0.009167 0.023333
3 0.701667 0.333333 0.013333 0.031667
3 0.317500 0.413333 0.009167 0.016667
3 0.789167 0.425000 0.013333 0.031667
3 0.402500 0.695000 0.010000 0.016667
3 0.585000 0.415000 0.009167 0.015000
3 0.285833 0.248333 0.007500 0.015000
2 0.787500 0.658333 0.020833 0.080000
2 0.602500 0.326667 0.029167 0.038333
2 0.145833 0.643333 0.020833 0.080000
3 0.815833 0.711667 0.013333 0.015000
2 0.206667 0.686667 0.045833 0.021667
3 0.805833 0.898333 0.013333 0.015000
3 0.258333 0.315000 0.009167 0.015000
3 0.781667 0.598333 0.007500 0.018333
3 0.485833 0.640000 0.007500 0.015000
3 0.735833 0.696667 0.010833 0.023333
2 0.405833 0.721667 0.020833 0.080000
2 0.514167 0.575000 0.035000 0.105000
3 0.534167 0.410000 0.010000 0.020000
3 0.505833 0.676667 0.007500 0.015000
3 0.305000 0.363333 0.008333 0.016667
2 0.355000 0.391667 0.035000 0.105000
2 0.688333 0.373333 0.026667 0.035000
3 0.445000 0.366667 0.011667 0.020000
2 0.273333 0.445000 0.026667 0.035000
2 0.661667 0.666667 0.023333 0.041667
2 0.748333 0.690000 0.019167 0.046667
3 0.660833 0.446667 0.009167 0.016667
3 0.483333 0.755000 0.008333 0.016667
2 0.475000 0.798333 0.011667 0.025000
2 0.570833 0.711667 0.011667 0.025000
3 0.187500 0.400000 0.013333 0.031667
2 0.745000 0.618333 0.034167 0.100000
2 0.398333 0.680000 0.013333 0.070000
2 0.448333 0.705000 0.019167 0.046667
3 0.424167 0.710000 0.010000 0.020000
2 0.379167 0.695000 0.011667 0.025000
2 0.696667 0.601667 0.048333 0.043333
3 0.511667 0.363333 0.007500 0.018333
2 0.651667 0.413333 0.014167 0.015000
2 0.681667 0.613333 0.022500 0.023333
2 0.388333 0.380000 0.014167 0.015000
3 0.776667 0.410000 0.013333 0.015000
2 0.669167 0.613333 0.009167 0.040000
2 0.230833 0.360000 0.026667 0.035000
3 0.531667 0.688333 0.008333 0.016667
3 0.760833 0.400000 0.014167 0.025000
3 0.560000 0.271667 0.007500 0.016667
2 0.405000 0.790000 0.026667 0.035000
3 0.318333 0.411667 0.008333 0.016667
3 0.601667 0.998333 0.007500 0.001667
2 0.544167 0.735000 0.023333 0.041667
2 0.649167 0.393333 0.021667 0.090000
3 0.375000 0.315000 0.010833 0.013333
3 0.495000 0.263333 0.010000 0.016667
2 0.312500 0.711667 0.022500 0.023333
3 0.734167 0.613333 0.007500 0.018333
2 0.485833 0.660000 0.011667 0.066667
3 0.425833 0.810000 0.013333 0.015000
3 0.680000 0.400000 0.006667 0.018333
2 0.525000 0.683333 0.029167 0.038333
3 0.820000 0.390000 0.011667 0.020000
2 0.577500 0.718333 0.009167 0.040000
3 0.779167 0.596667 0.013333 0.015000
2 0.570000 0.750000 0.097500 0.053333
3 0.663333 0.340000 0.008333 0.016667
2 0.514167 0.661667 0.020000 0.021667
3 0.399167 0.658333 0.010833 0.013333
2 0.436667 0.788333 0.017500 0.116667
3 0.747500 0.395000 0.008333 0.016667
3 0.304167 0.785000 0.013333 0.015000
2 0.441667 0.731667 0.097500 0.053333
3 0.786667 0.418333 0.007500 0.018333
3 0.691667 0.660000 0.009167 0.016667
2 0.535000 0.308333 0.021667 0.090000
2 0.461667 0.113333 0.029167 0.038333
3 0.570000 0.155000 0.009167 0.023333
2 0.460000 0.873333 0.009167 0.031667
2 0.225000 0.696667 0.045833 0.021667
2 0.761667 0.330000 0.011667 0.025000
3 0.715000 0.353333 0.013333 0.015000
3 0.465000 0.321667 0.017500 0.031667
2 0.455000 0.305000 0.045833 0.021667
2 0.364167 0.661667 0.015833 0.068333
3 0.581667 0.760000 0.006667 0.018333
2 0.200833 0.715000 0.058333 0.076667
2 0.260000 0.731667 0.023333 0.041667
3 0.349167 0.405000 0.008333 0.016667
2 0.310833 0.630000 0.020833 0.028333
2 0.452500 0.871667 0.034167 0.100000
2 0.710000 0.438333 0.023333 0.041667
2 0.328333 0.315000 0.019167 0.046667
3 0.758333 0.363333 0.009167 0.016667
2 0.341667 0.721667 0.048333 0.025000
2 0.709167 0.653333 0.029167 0.038333
3 0.345000 0.671667 0.007500 0.015000
2 0.632500 0.390000 0.010000 0.031667
2 0.409167 0.738333 0.058333 0.076667
3 0.669167 0.636667 0.006667 0.018333
2 0.738333 0.656667 0.010000 0.031667
3 0.808333 0.611667 0.013333 0.015000
2 0.766667 0.573333 0.011667 0.066667
3 0.322500 0.366667 0.013333 0.015000
3 0.735833 0.653333 0.009167 0.015000
2 0.480833 0.636667 0.017500 0.116667
3 0.301667 0.410000 0.011667 0.020000
2 0.532500 0.741667 0.023333 0.041667
3 0.784167 0.683333 0.008333 0.016667
3 0.352500 0.386667 0.009167 0.016667
2 0.327500 0.663333 0.034167 0.038333
3 0.558333 0.273333 0.010833 0.023333
2 0.244167 0.656667 0.015833 0.068333
3 0.721667 0.621667 0.008333 0.016667
3 0.445000 0.346667 0.006667 0.018333
3 0.277500 0.770000 0.007500 0.018333
3 0.598333 0.711667 0.009167 0.023333
2 0.686667 0.678333 0.020833 0.080000
3 0.289167 0.710000 0.010000 0.020000
2 0.693333 0.675000 0.022500 0.023333
3 0.641667 0.658333 0.008333 0.016667
3 0.604167 0.366667 0.009167 0.016667
3 0.540833 0.708333 0.010833 0.023333
2 0.249167 0.268333 0.058333 0.076667
3 0.336667 0.383333 0.008333 0.016667
3 0.414167 0.683333 0.008333 0.016667
2 0.664167 0.415000 0.022500 0.023333
3 0.721667 0.356667 0.015833 0.051667
3 0.325833 0.301667 0.008333 0.016667
2 0.685000 0.583333 0.020833 0.080000
2 0.697500 0.356667 0.011667 0.066667
2 0.463333 0.903333 0.013333 0.070000
2 0.765000 0.386667 0.019167 0.046667
2 0.681667 0.330000 0.015833 0.068333
2 0.251667 0.371667 0.022500 0.023333
3 0.684167 0.618333 0.013333 0.031667
3 0.359167 0.696667 0.009167 0.023333
2 0.277500 0.775000 0.034167 0.038333
2 0.695000 0.405000 0.022500 0.023333
2 0.710000 0.723333 0.010833 0.091667
