4 0.892500 0.608333 0.060833 0.028333
4 0.841667 0.393333 0.139167 0.210000
4 0.849167 0.443333 0.058333 0.056667
4 0.849167 0.380000 0.060000 0.020000
4 0.902500 0.540000 0.051667 0.021667
4 0.777500 0.581667 0.176667 0.063333
4 0.876667 0.648333 0.095833 0.126667
4 0.834167 0.638333 0.094167 0.245000
4 0.867500 0.556667 0.097500 0.115000
4 0.878333 0.428333 0.050000 0.073333
4 0.278333 0.496667 0.060000 0.030000
4 0.460833 0.593333 0.040000 0.058333
4 0.138333 0.616667 0.087500 0.155000
4 0.078333 0.508333 0.156667 0.176667
4 0.470000 0.555000 0.130833 0.128333
4 0.720000 0.485000 0.160833 0.036667
4 0.541667 0.618333 0.081667 0.246667
4 0.075000 0.540000 0.033333 0.051667
4 0.449167 0.540000 0.215000 0.070000
4 0.199167 0.561667 0.080000 0.140000
2 0.231667 0.510000 0.023333 0.106667
2 0.568333 0.525000 0.010000 0.031667
2 0.196667 0.516667 0.097500 0.053333
3 0.362500 0.583333 0.007500 0.015000
3 0.412500 0.526667 0.009167 0.018333
2 0.619167 0.541667 0.035000 0.105000
3 0.180833 0.488333 0.009167 0.016667
3 0.083333 0.490000 0.007500 0.018333
2 0.246667 0.551667 0.048333 0.043333
3 0.290000 0.501667 0.009167 0.023333
2 0.543333 0.541667 0.034167 0.100000
2 0.817500 0.561667 0.020833 0.080000
2 0.380833 0.556667 0.035000 0.105000
2 0.240000 0.556667 0.035000 0.105000
3 0.114167 0.498333 0.007500 0.015000
2 0.097500 0.485000 0.030833 0.051667
3 0.672500 0.536667 0.006667 0.018333
3 0.467500 0.525000 0.011667 0.020000
3 0.469167 0.465000 0.010000 0.016667
2 0.423333 0.518333 0.034167 0.038333
2 0.207500 0.448333 0.011667 0.066667
2 0.200000 0.535000 0.011667 0.066667
3 0.298333 0.560000 0.009167 0.016667
2 0.559167 0.508333 0.020833 0.028333
3 0.395000 0.485000 0.015833 0.051667
3 0.583333 0.506667 0.007500 0.018333
3 0.185833 0.540000 0.009167 0.018333
3 0.510833 0.518333 0.009167 0.016667
2 0.192500 0.445000 0.026667 0.035000
3 0.415000 0.506667 0.014167 0.025000
3 0.730000 0.553333 0.007500 0.015000
3 0.535000 0.498333 0.011667 0.020000
2 0.309167 0.466667 0.015833 0.068333
2 0.616667 0.560000 0.058333 0.076667
2 0.511667 0.520000 0.010000 0.031667
2 0.212500 0.533333 0.034167 0.038333
2 0.772500 0.475000 0.097500 0.053333
2 0.416667 0.506667 0.022500 0.023333
3 0.114167 0.561667 0.013333 0.015000
2 0.466667 0.488333 0.034167 0.100000
3 0.594167 0.568333 0.008333 0.021667
3 0.726667 0.580000 0.007500 0.015000
2 0.246667 0.518333 0.014167 0.015000
2 0.650833 0.568333 0.030833 0.051667
3 0.825000 0.620000 0.013333 0.031667
2 0.434167 0.461667 0.048333 0.043333
3 0.179167 0.488333 0.007500 0.018333
2 0.706667 0.480000 0.010000 0.031667
2 0.811667 0.600000 0.010833 0.091667
2 0.081667 0.545000 0.034167 0.100000
3 0.811667 0.610000 0.009167 0.023333
3 0.515000 0.501667 0.007500 0.018333
2 0.355833 0.591667 0.013333 0.070000
3 0.681667 0.590000 0.007500 0.015000
2 0.133333 0.481667 0.034167 0.038333
2 0.725833 0.458333 0.058333 0.076667
2 0.099167 0.460000 0.048333 0.043333
3 0.504167 0.465000 0.007500 0.018333
2 0.342500 0.526667 0.019167 0.046667
2 0.371667 0.533333 0.048333 0.025000
2 0.435000 0.650000 0.034167 0.100000
3 0.820000 0.555000 0.007500 0.015000
2 0.190833 0.421667 0.015833 0.068333
2 0.565000 0.466667 0.023333 0.106667
2 0.206667 0.480000 0.009167 0.040000
2 0.450000 0.640000 0.013333 0.070000
2 0.050833 0.498333 0.020833 0.080000
2 0.230833 0.533333 0.011667 0.025000
3 0.698333 0.558333 0.010000 0.016667
3 0.140833 0.530000 0.009167 0.015000
3 0.330833 0.548333 0.017500 0.031667
3 0.755833 0.456667 0.007500 0.018333
2 0.215000 0.586667 0.022500 0.023333
3 0.715833 0.516667 0.009167 0.023333
2 0.180000 0.500000 0.030833 0.051667
3 0.628333 0.521667 0.010000 0.016667
3 0.538333 0.530000 0.008333 0.016667
2 0.134167 0.620000 0.020833 0.080000
3 0.133333 0.510000 0.011667 0.020000
2 0.155833 0.513333 0.029167 0.038333
3 0.215000 0.576667 0.011667 0.030000
2 0.041667 0.501667 0.013333 0.070000
3 0.680000 0.530000 0.006667 0.018333
3 0.524167 0.470000 0.017500 0.031667
3 0.169167 0.560000 0.007500 0.018333
3 0.241667 0.448333 0.008333 0.016667
3 0.246667 0.451667 0.008333 0.016667
3 0.353333 0.561667 0.009167 0.016667
2 0.099167 0.551667 0.030833 0.051667
2 0.064167 0.453333 0.015833 0.068333
3 0.790000 0.480000 0.009167 0.016667
3 0.425833 0.578333 0.015833 0.051667
2 0.598333 0.486667 0.027500 0.016667
3 0.520000 0.561667 0.010833 0.023333
3 0.340000 0.571667 0.007500 0.018333
3 0.605833 0.540000 0.007500 0.015000
2 0.804167 0.520000 0.011667 0.066667
3 0.603333 0.625000 0.008333 0.016667
3 0.618333 0.526667 0.007500 0.018333
3 0.580000 0.478333 0.007500 0.015000
2 0.492500 0.421667 0.020833 0.080000
3 0.587500 0.505000 0.009167 0.016667
2 0.425833 0.616667 0.035000 0.105000
2 0.331667 0.870000 0.022500 0.023333
2 0.221667 0.333333 0.017500 0.116667
3 0.510000 0.343333 0.007500 0.018333
3 0.808333 0.645000 0.009167 0.016667
3 0.614167 0.655000 0.015833 0.051667
3 0.334167 0.398333 0.007500 0.016667
2 0.385833 0.708333 0.048333 0.043333
3 0.695000 0.735000 0.011667 0.020000
2 0.670000 0.686667 0.013333 0.070000
3 0.716667 0.343333 0.008333 0.016667
2 0.630833 0.406667 0.014167 0.015000
3 0.466667 0.138333 0.008333 0.016667
2 0.532500 0.228333 0.030833 0.051667
2 0.757500 0.688333 0.020000 0.021667
3 0.642500 0.426667 0.009167 0.016667
2 0.665833 0.395000 0.097500 0.053333
2 0.747500 0.685000 0.009167 0.040000
3 0.450833 0.370000 0.007500 0.015000
2 0.270833 0.381667 0.010833 0.091667
3 0.660000 0.441667 0.011667 0.030000
2 0.350000 0.313333 0.011667 0.066667
2 0.426667 0.368333 0.048333 0.025000
3 0.449167 0.341667 0.006667 0.018333
2 0.255833 0.790000 0.020833 0.028333
2 0.195000 0.736667 0.026667 0.035000
2 0.364167 0.641667 0.014167 0.015000
2 0.591667 0.716667 0.023333 0.041667
3 0.776667 0.331667 0.013333 0.015000
3 0.735000 0.720000 0.007500 0.016667
2 0.716667 0.318333 0.020833 0.080000
3 0.390000 0.370000 0.014167 0.025000
3 0.585833 0.421667 0.008333 0.021667
3 0.790000 0.723333 0.010833 0.023333
2 0.285833 0.728333 0.034167 0.038333
2 0.450833 0.656667 0.029167 0.038333
3 0.788333 0.405000 0.010833 0.023333
3 0.705000 0.423333 0.008333 0.016667
2 0.695833 0.715000 0.009167 0.040000
3 0.644167 0.413333 0.013333 0.031667
3 0.599167 0.708333 0.007500 0.015000
2 0.367500 0.290000 0.010000 0.031667
3 0.481667 0.280000 0.008333 0.021667
2 0.254167 0.715000 0.034167 0.038333
2 0.250833 0.790000 0.013333 0.070000
2 0.470833 0.305000 0.026667 0.035000
3 0.619167 0.391667 0.015833 0.051667
3 0.510833 0.278333 0.008333 0.016667
3 0.321667 0.405000 0.013333 0.015000
3 0.254167 0.783333 0.009167 0.016667
2 0.701667 0.225000 0.034167 0.038333
3 0.688333 0.606667 0.009167 0.016667
2 0.545000 0.665000 0.045833 0.021667
2 0.680833 0.373333 0.021667 0.090000
3 0.449167 0.371667 0.010833 0.023333
3 0.690000 0.353333 0.008333 0.016667
2 0.406667 0.343333 0.034167 0.038333
3 0.452500 0.730000 0.009167 0.016667
2 0.697500 0.291667 0.023333 0.106667
2 0.441667 0.380000 0.026667 0.035000
2 0.600833 0.371667 0.020833 0.080000
3 0.650833 0.391667 0.008333 0.016667
3 0.650000 0.680000 0.007500 0.015000
2 0.285833 0.311667 0.009167 0.031667
2 0.780833 0.395000 0.009167 0.031667
2 0.698333 0.633333 0.017500 0.116667
3 0.460000 0.658333 0.013333 0.015000
2 0.287500 0.396667 0.097500 0.053333
2 0.336667 0.336667 0.021667 0.090000
3 0.645833 0.326667 0.007500 0.018333
3 0.445833 0.140000 0.007500 0.018333
3 0.226667 0.336667 0.007500 0.015000
2 0.225000 0.371667 0.029167 0.038333
2 0.642500 0.616667 0.034167 0.038333
2 0.362500 0.640000 0.017500 0.116667
3 0.410000 0.390000 0.006667 0.018333
3 0.525000 0.431667 0.007500 0.016667
2 0.589167 0.405000 0.017500 0.116667
2 0.500833 0.333333 0.021667 0.090000
2 0.531667 0.615000 0.011667 0.025000
2 0.529167 0.698333 0.034167 0.038333
3 0.493333 0.760000 0.007500 0.015000
3 0.710000 0.673333 0.009167 0.016667
2 0.294167 0.415000 0.020833 0.080000
2 0.660833 0.685000 0.019167 0.046667
2 0.785833 0.391667 0.029167 0.038333
3 0.703333 0.616667 0.008333 0.016667
3 0.618333 0.641667 0.010833 0.013333
2 0.675833 0.690000 0.011667 0.066667
2 0.335000 0.641667 0.014167 0.015000
2 0.348333 0.873333 0.010833 0.091667
3 0.303333 0.748333 0.006667 0.018333
2 0.664167 0.713333 0.010833 0.091667
3 0.310833 0.775000 0.009167 0.023333
2 0.430833 0.375000 0.017500 0.116667
2 0.370000 0.346667 0.021667 0.090000
3 0.544167 0.620000 0.009167 0.015000
3 0.330833 0.390000 0.008333 0.016667
2 0.626667 0.400000 0.009167 0.031667
3 0.605000 0.315000 0.007500 0.018333
2 0.391667 0.780000 0.009167 0.031667
2 0.688333 0.621667 0.029167 0.038333
2 0.286667 0.758333 0.020833 0.080000
2 0.719167 0.635000 0.029167 0.038333
2 0.575000 0.628333 0.009167 0.031667
2 0.270833 0.726667 0.009167 0.031667
3 0.320833 0.286667 0.010833 0.013333
2 0.224167 0.400000 0.030833 0.051667
3 0.811667 0.716667 0.011667 0.030000
3 0.805833 0.651667 0.007500 0.015000
3 0.667500 0.341667 0.008333 0.016667
2 0.480000 0.366667 0.020833 0.028333
2 0.761667 0.376667 0.058333 0.076667
3 0.568333 0.153333 0.013333 0.031667
3 0.295833 0.348333 0.015833 0.051667
2 0.591667 0.753333 0.009167 0.031667
3 0.423333 0.216667 0.007500 0.016667
3 0.421667 0.656667 0.008333 0.016667
2 0.716667 0.605000 0.020833 0.028333
2 0.353333 0.348333 0.048333 0.025000
2 0.650000 0.666667 0.023333 0.106667
2 0.762500 0.413333 0.048333 0.043333
3 0.641667 0.658333 0.008333 0.016667
2 0.301667 0.656667 0.019167 0.046667
3 0.345833 0.725000 0.008333 0.016667
2 0.786667 0.601667 0.035000 0.105000
2 0.701667 0.400000 0.020833 0.028333
3 0.442500 0.350000 0.011667 0.030000
3 0.402500 0.798333 0.013333 0.031667
2 0.322500 0.721667 0.011667 0.066667
3 0.654167 0.405000 0.013333 0.031667
2 0.350000 0.746667 0.020833 0.028333
3 0.780833 0.598333 0.009167 0.016667
2 0.731667 0.395000 0.097500 0.053333
3 0.407500 0.355000 0.010000 0.020000
3 0.650000 0.715000 0.008333 0.016667
3 0.677500 0.450000 0.007500 0.015000
3 0.782500 0.418333 0.007500 0.018333
3 0.331667 0.406667 0.007500 0.018333
2 0.616667 0.408333 0.023333 0.106667
3 0.375833 0.763333 0.017500 0.031667
2 0.459167 0.276667 0.020000 0.021667
3 0.584167 0.611667 0.009167 0.015000
2 0.375000 0.700000 0.023333 0.106667
3 0.584167 0.641667 0.011667 0.020000
3 0.358333 0.620000 0.015833 0.051667
3 0.699167 0.283333 0.009167 0.023333
3 0.454167 0.390000 0.007500 0.018333
3 0.731667 0.651667 0.008333 0.016667
3 0.220000 0.655000 0.010000 0.016667
2 0.323333 0.765000 0.045833 0.021667
2 0.316667 0.645000 0.017500 0.116667
2 0.288333 0.811667 0.015833 0.068333
2 0.687500 0.693333 0.034167 0.100000
2 0.810833 0.423333 0.022500 0.023333
2 0.350000 0.638333 0.013333 0.070000
3 0.277500 0.771667 0.007500 0.018333
3 0.420833 0.671667 0.008333 0.016667
2 0.423333 0.890000 0.048333 0.043333
3 0.775000 0.648333 0.014167 0.025000
2 0.779167 0.641667 0.034167 0.038333
2 0.689167 0.423333 0.034167 0.100000
3 0.630833 0.386667 0.009167 0.023333
2 0.494167 0.795000 0.013333 0.070000
3 0.734167 0.586667 0.008333 0.016667
3 0.646667 0.658333 0.017500 0.031667
2 0.437500 0.170000 0.097500 0.053333
3 0.710833 0.371667 0.014167 0.025000
2 0.542500 0.361667 0.058333 0.076667
2 0.250000 0.428333 0.010833 0.091667
2 0.787500 0.428333 0.034167 0.100000
3 0.712500 0.438333 0.009167 0.018333
3 0.644167 0.321667 0.010833 0.013333
2 0.518333 0.838333 0.011667 0.025000
3 0.470000 0.330000 0.017500 0.031667
3 0.667500 0.660000 0.011667 0.020000
2 0.307500 0.288333 0.021667 0.090000
2 0.525833 0.703333 0.019167 0.046667
3 0.685000 0.280000 0.010000 0.016667
2 0.726667 0.651667 0.026667 0.035000
3 0.551667 0.726667 0.007500 0.015000
3 0.777500 0.601667 0.007500 0.015000
2 0.528333 0.326667 0.021667 0.090000
3 0.286667 0.261667 0.009167 0.018333
2 0.340833 0.255000 0.011667 0.025000
3 0.450000 0.715000 0.009167 0.016667
3 0.311667 0.606667 0.007500 0.015000
2 0.460000 0.166667 0.021667 0.090000
2 0.623333 0.650000 0.023333 0.041667
3 0.643333 0.626667 0.010833 0.013333
2 0.332500 0.253333 0.017500 0.116667
3 0.735833 0.663333 0.009167 0.016667
2 0.652500 0.360000 0.013333 0.070000
2 0.750833 0.358333 0.058333 0.076667
2 0.565000 0.726667 0.023333 0.041667
3 0.655833 0.338333 0.010833 0.023333
3 0.280833 0.436667 0.011667 0.020000
3 0.553333 0.225000 0.009167 0.015000
