4 0.810000 0.380000 0.118333 0.100000
4 0.805833 0.458333 0.101667 0.173333
4 0.785833 0.658333 0.124167 0.106667
4 0.837500 0.743333 0.101667 0.245000
4 0.844167 0.638333 0.175000 0.310000
4 0.863333 0.586667 0.069167 0.076667
4 0.890833 0.648333 0.071667 0.098333
4 0.874167 0.521667 0.045000 0.080000
4 0.809167 0.563333 0.055000 0.076667
4 0.865833 0.625000 0.070000 0.186667
4 0.259167 0.463333 0.045000 0.088333
4 0.479167 0.666667 0.103333 0.245000
4 0.117500 0.423333 0.118333 0.171667
4 0.287500 0.605000 0.046667 0.136667
4 0.270000 0.580000 0.197500 0.071667
4 0.683333 0.543333 0.076667 0.055000
4 0.050833 0.505000 0.102500 0.078333
4 0.389167 0.558333 0.038333 0.105000
4 0.417500 0.521667 0.134167 0.101667
4 0.405000 0.515000 0.060000 0.046667
3 0.594167 0.561667 0.009167 0.018333
2 0.434167 0.451667 0.019167 0.046667
2 0.186667 0.553333 0.022500 0.023333
2 0.181667 0.526667 0.027500 0.016667
2 0.124167 0.556667 0.020833 0.028333
3 0.359167 0.510000 0.010833 0.013333
2 0.340000 0.613333 0.011667 0.025000
2 0.018333 0.501667 0.017500 0.116667
2 0.536667 0.481667 0.013333 0.070000
2 0.229167 0.481667 0.010000 0.031667
3 0.454167 0.605000 0.007500 0.018333
2 0.020000 0.573333 0.027500 0.016667
2 0.689167 0.476667 0.013333 0.070000
3 0.225833 0.466667 0.011667 0.030000
2 0.366667 0.513333 0.021667 0.090000
3 0.743333 0.560000 0.013333 0.031667
2 0.176667 0.408333 0.035000 0.105000
2 0.185000 0.525000 0.013333 0.070000
2 0.450833 0.553333 0.020833 0.080000
3 0.703333 0.581667 0.009167 0.016667
3 0.154167 0.550000 0.008333 0.016667
2 0.783333 0.501667 0.023333 0.106667
3 0.477500 0.451667 0.008333 0.016667
3 0.475833 0.500000 0.009167 0.016667
2 0.601667 0.426667 0.029167 0.038333
2 0.075000 0.468333 0.015833 0.068333
2 0.809167 0.536667 0.026667 0.035000
2 0.501667 0.560000 0.011667 0.025000
3 0.170000 0.563333 0.015833 0.051667
3 0.410000 0.445000 0.010000 0.020000
2 0.124167 0.511667 0.097500 0.053333
2 0.640833 0.625000 0.010833 0.091667
3 0.789167 0.575000 0.008333 0.016667
3 0.320833 0.501667 0.011667 0.030000
3 0.770000 0.575000 0.008333 0.016667
2 0.171667 0.571667 0.011667 0.025000
3 0.105833 0.553333 0.014167 0.025000
3 0.514167 0.460000 0.007500 0.015000
3 0.025000 0.585000 0.007500 0.015000
2 0.520833 0.498333 0.011667 0.025000
3 0.348333 0.583333 0.009167 0.023333
2 0.027500 0.546667 0.048333 0.025000
3 0.439167 0.610000 0.010000 0.020000
2 0.391667 0.541667 0.023333 0.041667
3 0.611667 0.518333 0.009167 0.015000
2 0.294167 0.521667 0.034167 0.038333
3 0.715833 0.500000 0.011667 0.030000
3 0.219167 0.580000 0.011667 0.030000
3 0.364167 0.565000 0.007500 0.018333
3 0.647500 0.520000 0.007500 0.018333
3 0.661667 0.473333 0.017500 0.031667
3 0.433333 0.561667 0.008333 0.016667
2 0.485833 0.461667 0.020833 0.028333
3 0.402500 0.595000 0.015833 0.051667
2 0.128333 0.491667 0.058333 0.076667
3 0.160833 0.510000 0.014167 0.025000
2 0.213333 0.591667 0.023333 0.106667
3 0.425833 0.493333 0.010000 0.020000
2 0.392500 0.555000 0.045833 0.021667
3 0.062500 0.570000 0.007500 0.018333
2 0.284167 0.621667 0.034167 0.100000
2 0.061667 0.553333 0.027500 0.016667
2 0.258333 0.518333 0.011667 0.066667
2 0.406667 0.600000 0.023333 0.106667
3 0.621667 0.488333 0.007500 0.018333
3 0.211667 0.576667 0.008333 0.016667
3 0.570833 0.551667 0.008333 0.016667
3 0.521667 0.511667 0.015833 0.051667
3 0.787500 0.475000 0.010833 0.013333
3 0.063333 0.485000 0.015833 0.051667
2 0.073333 0.581667 0.011667 0.025000
3 0.203333 0.580000 0.008333 0.016667
2 0.460000 0.565000 0.023333 0.106667
3 0.420000 0.525000 0.007500 0.016667
2 0.135833 0.475000 0.009167 0.040000
3 0.382500 0.476667 0.007500 0.016667
3 0.107500 0.556667 0.007500 0.016667
3 0.029167 0.513333 0.011667 0.020000
2 0.130000 0.543333 0.011667 0.025000
3 0.109167 0.570000 0.013333 0.015000
2 0.242500 0.533333 0.058333 0.076667
2 0.035833 0.593333 0.026667 0.035000
3 0.334167 0.515000 0.009167 0.015000
2 0.760000 0.528333 0.023333 0.106667
2 0.801667 0.536667 0.020833 0.080000
3 0.331667 0.470000 0.007500 0.016667
3 0.105000 0.540000 0.011667 0.030000
2 0.123333 0.523333 0.034167 0.100000
2 0.388333 0.475000 0.058333 0.076667
3 0.700000 0.591667 0.008333 0.016667
3 0.033333 0.496667 0.008333 0.016667
2 0.248333 0.590000 0.020000 0.021667
2 0.675833 0.480000 0.020833 0.080000
3 0.069167 0.481667 0.009167 0.018333
3 0.146667 0.530000 0.009167 0.023333
3 0.122500 0.546667 0.010000 0.020000
3 0.155000 0.600000 0.010000 0.016667
2 0.192500 0.573333 0.023333 0.106667
3 0.580000 0.546667 0.009167 0.015000
2 0.804167 0.513333 0.034167 0.038333
3 0.161667 0.558333 0.010833 0.013333
3 0.063333 0.475000 0.010833 0.023333
3 0.293333 0.778333 0.008333 0.016667
2 0.671667 0.361667 0.021667 0.090000
2 0.331667 0.211667 0.015833 0.068333
2 0.568333 0.760000 0.009167 0.040000
3 0.605833 0.381667 0.010000 0.020000
3 0.290000 0.273333 0.009167 0.016667
3 0.519167 0.263333 0.007500 0.015000
2 0.676667 0.720000 0.011667 0.025000
3 0.679167 0.343333 0.009167 0.023333
3 0.294167 0.860000 0.013333 0.015000
3 0.355833 0.366667 0.007500 0.018333
2 0.771667 0.576667 0.009167 0.040000
3 0.769167 0.380000 0.010833 0.023333
3 0.681667 0.445000 0.006667 0.018333
2 0.782500 0.448333 0.020833 0.080000
3 0.622500 0.660000 0.011667 0.030000
3 0.523333 0.356667 0.013333 0.015000
2 0.296667 0.400000 0.020833 0.028333
2 0.656667 0.695000 0.021667 0.090000
2 0.307500 0.333333 0.020833 0.028333
2 0.760833 0.631667 0.097500 0.053333
2 0.675833 0.365000 0.030833 0.051667
3 0.618333 0.648333 0.008333 0.016667
2 0.749167 0.586667 0.045833 0.021667
3 0.342500 0.838333 0.007500 0.018333
2 0.727500 0.231667 0.020833 0.080000
2 0.767500 0.413333 0.023333 0.106667
2 0.184167 0.645000 0.011667 0.025000
3 0.578333 0.648333 0.010833 0.013333
2 0.721667 0.776667 0.015833 0.068333
3 0.403333 0.695000 0.008333 0.016667
2 0.466667 0.320000 0.022500 0.023333
3 0.487500 0.256667 0.007500 0.015000
3 0.764167 0.686667 0.015833 0.051667
3 0.785833 0.420000 0.009167 0.023333
2 0.659167 0.596667 0.034167 0.038333
2 0.336667 0.255000 0.010000 0.031667
3 0.494167 0.168333 0.011667 0.030000
3 0.778333 0.736667 0.010000 0.020000
3 0.743333 0.805000 0.008333 0.016667
2 0.506667 0.450000 0.021667 0.090000
2 0.721667 0.570000 0.020833 0.080000
2 0.578333 0.733333 0.017500 0.116667
3 0.352500 0.666667 0.008333 0.021667
3 0.798333 0.376667 0.011667 0.030000
3 0.386667 0.695000 0.009167 0.018333
2 0.503333 0.313333 0.011667 0.066667
3 0.404167 0.800000 0.009167 0.023333
2 0.544167 0.670000 0.013333 0.070000
3 0.628333 0.415000 0.009167 0.016667
2 0.307500 0.235000 0.021667 0.090000
3 0.716667 0.655000 0.014167 0.025000
3 0.625000 0.391667 0.013333 0.031667
2 0.728333 0.358333 0.011667 0.066667
3 0.575833 0.175000 0.006667 0.018333
2 0.457500 0.331667 0.035000 0.105000
3 0.691667 0.376667 0.007500 0.015000
3 0.734167 0.643333 0.010833 0.023333
2 0.742500 0.475000 0.021667 0.090000
2 0.622500 0.635000 0.011667 0.025000
3 0.671667 0.635000 0.009167 0.016667
2 0.733333 0.633333 0.034167 0.100000
2 0.520000 0.341667 0.019167 0.046667
2 0.480833 0.338333 0.048333 0.043333
3 0.631667 0.410000 0.013333 0.031667
2 0.485833 0.260000 0.027500 0.016667
2 0.666667 0.685000 0.013333 0.070000
2 0.778333 0.350000 0.030833 0.051667
2 0.588333 0.760000 0.030833 0.051667
2 0.700000 0.430000 0.034167 0.038333
3 0.415000 0.683333 0.006667 0.018333
2 0.651667 0.471667 0.013333 0.070000
2 0.290000 0.726667 0.014167 0.015000
3 0.787500 0.401667 0.013333 0.015000
3 0.343333 0.291667 0.017500 0.031667
3 0.797500 0.378333 0.013333 0.015000
3 0.526667 0.383333 0.011667 0.030000
2 0.507500 0.353333 0.058333 0.076667
3 0.718333 0.660000 0.007500 0.015000
2 0.743333 0.626667 0.058333 0.076667
3 0.793333 0.393333 0.014167 0.025000
3 0.315833 0.791667 0.009167 0.016667
3 0.314167 0.661667 0.008333 0.016667
2 0.622500 0.635000 0.011667 0.066667
3 0.259167 0.363333 0.007500 0.015000
3 0.648333 0.445000 0.010833 0.023333
2 0.686667 0.718333 0.048333 0.043333
3 0.802500 0.396667 0.008333 0.016667
3 0.369167 0.720000 0.007500 0.018333
3 0.443333 0.360000 0.009167 0.023333
2 0.697500 0.438333 0.022500 0.023333
3 0.546667 0.683333 0.007500 0.016667
3 0.621667 0.381667 0.017500 0.031667
3 0.820833 0.703333 0.013333 0.031667
2 0.275833 0.293333 0.029167 0.038333
3 0.515000 0.660000 0.008333 0.016667
3 0.719167 0.368333 0.007500 0.016667
3 0.325000 0.305000 0.009167 0.023333
2 0.509167 0.826667 0.009167 0.031667
2 0.687500 0.363333 0.013333 0.070000
3 0.280833 0.341667 0.015833 0.051667
2 0.616667 0.353333 0.020833 0.080000
3 0.709167 0.618333 0.010000 0.016667
2 0.602500 0.630000 0.058333 0.076667
3 0.550000 0.193333 0.007500 0.015000
2 0.649167 0.373333 0.035000 0.105000
2 0.385833 0.376667 0.048333 0.025000
2 0.448333 0.796667 0.013333 0.070000
3 0.248333 0.385000 0.014167 0.025000
2 0.679167 0.261667 0.048333 0.025000
3 0.667500 0.615000 0.007500 0.015000
3 0.304167 0.665000 0.009167 0.023333
3 0.597500 0.576667 0.010000 0.016667
3 0.595000 0.333333 0.009167 0.018333
3 0.704167 0.331667 0.007500 0.015000
3 0.526667 0.658333 0.015833 0.051667
2 0.671667 0.355000 0.010000 0.031667
3 0.756667 0.606667 0.017500 0.031667
3 0.350833 0.430000 0.010000 0.016667
3 0.287500 0.776667 0.014167 0.025000
3 0.607500 0.330000 0.008333 0.021667
2 0.435000 0.761667 0.020833 0.080000
3 0.801667 0.396667 0.009167 0.018333
2 0.732500 0.391667 0.048333 0.043333
3 0.289167 0.151667 0.007500 0.015000
2 0.372500 0.368333 0.029167 0.038333
2 0.381667 0.763333 0.022500 0.023333
3 0.596667 0.335000 0.006667 0.018333
2 0.329167 0.865000 0.034167 0.100000
3 0.390000 0.648333 0.008333 0.016667
3 0.722500 0.416667 0.009167 0.015000
3 0.408333 0.355000 0.007500 0.018333
2 0.659167 0.333333 0.020833 0.080000
2 0.785000 0.596667 0.011667 0.025000
3 0.253333 0.385000 0.008333 0.016667
2 0.425000 0.313333 0.045833 0.021667
2 0.690000 0.356667 0.011667 0.066667
2 0.526667 0.633333 0.015833 0.068333
3 0.520833 0.670000 0.010000 0.016667
2 0.769167 0.598333 0.097500 0.053333
2 0.701667 0.428333 0.022500 0.023333
2 0.285833 0.695000 0.048333 0.025000
3 0.550833 0.713333 0.008333 0.021667
3 0.560833 0.275000 0.010000 0.016667
3 0.645833 0.325000 0.008333 0.016667
3 0.668333 0.668333 0.015833 0.051667
2 0.704167 0.701667 0.023333 0.041667
3 0.761667 0.691667 0.010833 0.023333
3 0.686667 0.423333 0.011667 0.020000
3 0.313333 0.373333 0.007500 0.018333
2 0.311667 0.648333 0.035000 0.105000
2 0.750833 0.408333 0.058333 0.076667
2 0.666667 0.630000 0.014167 0.015000
2 0.760000 0.580000 0.009167 0.040000
3 0.721667 0.356667 0.015833 0.051667
2 0.362500 0.300000 0.011667 0.025000
2 0.767500 0.403333 0.022500 0.023333
3 0.280833 0.711667 0.013333 0.031667
3 0.752500 0.375000 0.017500 0.031667
2 0.530000 0.406667 0.017500 0.116667
2 0.547500 0.196667 0.020833 0.080000
2 0.517500 0.243333 0.011667 0.066667
2 0.802500 0.400000 0.009167 0.040000
3 0.248333 0.673333 0.007500 0.016667
2 0.702500 0.675000 0.015833 0.068333
2 0.646667 0.433333 0.011667 0.025000
2 0.690833 0.350000 0.011667 0.066667
2 0.656667 0.391667 0.011667 0.025000
2 0.752500 0.640000 0.021667 0.090000
3 0.704167 0.793333 0.010833 0.023333
2 0.724167 0.626667 0.019167 0.046667
2 0.669167 0.658333 0.014167 0.015000
2 0.713333 0.690000 0.021667 0.090000
3 0.444167 0.381667 0.007500 0.016667
3 0.690833 0.366667 0.010833 0.013333
2 0.559167 0.635000 0.009167 0.040000
2 0.700000 0.775000 0.019167 0.046667
2 0.562500 0.295000 0.020000 0.021667
3 0.571667 0.626667 0.015833 0.051667
3 0.713333 0.675000 0.007500 0.015000
2 0.626667 0.631667 0.009167 0.040000
2 0.690833 0.731667 0.020000 0.021667
2 0.570833 0.383333 0.015833 0.068333
2 0.538333 0.663333 0.026667 0.035000
3 0.746667 0.700000 0.009167 0.018333
3 0.705000 0.283333 0.008333 0.016667
3 0.598333 0.998333 0.008333 0.001667
2 0.651667 0.713333 0.097500 0.053333
2 0.317500 0.350000 0.035000 0.105000
2 0.711667 0.413333 0.019167 0.046667
3 0.719167 0.420000 0.010000 0.016667
2 0.536667 0.605000 0.035000 0.105000
3 0.729167 0.716667 0.007500 0.015000
3 0.320833 0.771667 0.015833 0.051667
2 0.701667 0.358333 0.013333 0.070000
3 0.744167 0.778333 0.013333 0.015000
2 0.750000 0.345000 0.020833 0.080000
3 0.273333 0.288333 0.010000 0.020000
