4 0.891667 0.590000 0.040000 0.100000
4 0.890000 0.491667 0.038333 0.071667
4 0.820833 0.385000 0.113333 0.120000
4 0.858333 0.513333 0.060000 0.025000
4 0.799167 0.426667 0.173333 0.246667
4 0.779167 0.643333 0.118333 0.125000
4 0.884167 0.456667 0.055000 0.110000
4 0.835833 0.426667 0.068333 0.038333
4 0.884167 0.406667 0.045000 0.085000
4 0.813333 0.383333 0.085833 0.023333
4 0.312500 0.473333 0.068333 0.065000
4 0.145000 0.631667 0.078333 0.170000
4 0.422500 0.506667 0.035833 0.036667
4 0.717500 0.416667 0.091667 0.170000
4 0.169167 0.501667 0.140000 0.038333
4 0.089167 0.538333 0.124167 0.123333
4 0.455000 0.571667 0.051667 0.016667
4 0.229167 0.571667 0.209167 0.065000
4 0.030833 0.496667 0.040000 0.041667
4 0.673333 0.523333 0.047500 0.090000
2 0.359167 0.580000 0.048333 0.025000
3 0.174167 0.596667 0.017500 0.031667
3 0.600833 0.631667 0.009167 0.023333
3 0.653333 0.555000 0.014167 0.025000
2 0.177500 0.565000 0.010833 0.091667
3 0.386667 0.575000 0.011667 0.020000
3 0.435833 0.601667 0.007500 0.018333
3 0.499167 0.526667 0.013333 0.031667
2 0.418333 0.541667 0.023333 0.106667
2 0.297500 0.533333 0.048333 0.025000
2 0.782500 0.533333 0.048333 0.025000
2 0.158333 0.555000 0.045833 0.021667
3 0.142500 0.583333 0.008333 0.016667
3 0.190000 0.451667 0.008333 0.016667
3 0.690833 0.465000 0.011667 0.020000
3 0.257500 0.466667 0.010000 0.016667
3 0.327500 0.598333 0.008333 0.016667
2 0.608333 0.433333 0.010000 0.031667
3 0.137500 0.503333 0.010000 0.016667
3 0.465000 0.443333 0.009167 0.023333
2 0.110000 0.421667 0.058333 0.076667
3 0.050000 0.518333 0.008333 0.016667
3 0.469167 0.436667 0.013333 0.031667
3 0.300000 0.451667 0.007500 0.018333
2 0.557500 0.535000 0.045833 0.021667
3 0.391667 0.498333 0.008333 0.016667
2 0.032500 0.563333 0.011667 0.066667
3 0.434167 0.471667 0.007500 0.016667
3 0.550000 0.488333 0.007500 0.018333
2 0.262500 0.538333 0.097500 0.053333
2 0.340000 0.505000 0.011667 0.025000
2 0.239167 0.571667 0.013333 0.070000
3 0.424167 0.528333 0.008333 0.016667
3 0.705000 0.458333 0.011667 0.030000
2 0.630833 0.590000 0.023333 0.106667
3 0.353333 0.458333 0.014167 0.025000
2 0.205833 0.605000 0.010833 0.091667
3 0.143333 0.558333 0.014167 0.025000
3 0.558333 0.565000 0.009167 0.015000
2 0.151667 0.510000 0.009167 0.031667
2 0.199167 0.565000 0.029167 0.038333
3 0.218333 0.553333 0.011667 0.030000
3 0.601667 0.595000 0.008333 0.016667
2 0.252500 0.456667 0.027500 0.016667
2 0.180000 0.511667 0.020000 0.021667
3 0.650833 0.488333 0.008333 0.016667
2 0.717500 0.511667 0.045833 0.021667
2 0.728333 0.513333 0.013333 0.070000
3 0.244167 0.545000 0.007500 0.015000
2 0.080000 0.526667 0.015833 0.068333
3 0.218333 0.598333 0.007500 0.016667
3 0.539167 0.486667 0.009167 0.018333
2 0.429167 0.453333 0.009167 0.040000
3 0.448333 0.488333 0.008333 0.016667
3 0.401667 0.500000 0.007500 0.015000
3 0.253333 0.493333 0.009167 0.015000
3 0.608333 0.491667 0.015833 0.051667
2 0.116667 0.485000 0.015833 0.068333
3 0.286667 0.453333 0.007500 0.018333
3 0.387500 0.545000 0.013333 0.015000
2 0.050833 0.575000 0.009167 0.031667
3 0.485000 0.551667 0.008333 0.021667
3 0.052500 0.586667 0.008333 0.021667
2 0.226667 0.523333 0.014167 0.015000
3 0.820000 0.510000 0.009167 0.023333
2 0.779167 0.488333 0.014167 0.015000
3 0.485833 0.465000 0.014167 0.025000
3 0.824167 0.541667 0.009167 0.016667
2 0.180833 0.623333 0.013333 0.070000
2 0.474167 0.505000 0.045833 0.021667
2 0.690000 0.453333 0.014167 0.015000
2 0.187500 0.433333 0.011667 0.066667
3 0.101667 0.600000 0.008333 0.021667
2 0.267500 0.523333 0.009167 0.031667
3 0.235833 0.486667 0.007500 0.015000
2 0.427500 0.553333 0.058333 0.076667
2 0.332500 0.611667 0.011667 0.025000
2 0.769167 0.540000 0.048333 0.043333
3 0.590833 0.491667 0.014167 0.025000
2 0.590000 0.588333 0.020833 0.080000
2 0.651667 0.508333 0.097500 0.053333
3 0.809167 0.540000 0.009167 0.016667
3 0.489167 0.573333 0.010000 0.020000
2 0.278333 0.583333 0.010000 0.031667
3 0.658333 0.523333 0.007500 0.018333
2 0.550833 0.571667 0.011667 0.025000
2 0.350000 0.515000 0.034167 0.100000
2 0.474167 0.431667 0.010833 0.091667
3 0.528333 0.491667 0.009167 0.015000
2 0.370000 0.468333 0.015833 0.068333
2 0.085833 0.450000 0.058333 0.076667
3 0.346667 0.576667 0.011667 0.020000
2 0.235000 0.538333 0.034167 0.038333
2 0.705000 0.510000 0.021667 0.090000
2 0.636667 0.531667 0.013333 0.070000
2 0.449167 0.603333 0.009167 0.031667
2 0.171667 0.508333 0.027500 0.016667
3 0.826667 0.525000 0.011667 0.030000
2 0.497500 0.573333 0.020833 0.080000
3 0.418333 0.535000 0.010833 0.013333
2 0.780000 0.620000 0.010833 0.091667
3 0.062500 0.476667 0.009167 0.023333
2 0.547500 0.258333 0.020833 0.080000
3 0.770833 0.361667 0.007500 0.015000
3 0.645833 0.383333 0.007500 0.015000
3 0.391667 0.706667 0.010833 0.023333
3 0.336667 0.728333 0.013333 0.015000
2 0.702500 0.715000 0.010000 0.031667
3 0.310833 0.396667 0.007500 0.015000
2 0.653333 0.615000 0.011667 0.025000
3 0.560833 0.655000 0.014167 0.025000
2 0.193333 0.670000 0.026667 0.035000
3 0.500000 0.773333 0.007500 0.015000
3 0.377500 0.795000 0.007500 0.015000
2 0.670833 0.630000 0.023333 0.041667
2 0.306667 0.410000 0.097500 0.053333
3 0.313333 0.400000 0.007500 0.015000
2 0.757500 0.355000 0.058333 0.076667
2 0.480000 0.753333 0.034167 0.038333
2 0.759167 0.648333 0.045833 0.021667
3 0.430000 0.753333 0.007500 0.016667
3 0.645000 0.373333 0.014167 0.025000
3 0.761667 0.326667 0.008333 0.016667
3 0.775833 0.323333 0.009167 0.016667
2 0.635000 0.696667 0.013333 0.070000
2 0.688333 0.411667 0.048333 0.025000
2 0.284167 0.801667 0.017500 0.116667
2 0.730000 0.630000 0.011667 0.066667
3 0.465000 0.876667 0.009167 0.018333
3 0.368333 0.678333 0.008333 0.016667
3 0.407500 0.390000 0.011667 0.020000
3 0.576667 0.743333 0.007500 0.018333
2 0.765000 0.718333 0.010000 0.031667
3 0.355833 0.245000 0.014167 0.025000
2 0.642500 0.330000 0.027500 0.016667
2 0.522500 0.300000 0.023333 0.106667
3 0.250000 0.651667 0.009167 0.016667
3 0.697500 0.663333 0.010000 0.020000
3 0.757500 0.331667 0.007500 0.016667
3 0.638333 0.388333 0.007500 0.016667
2 0.268333 0.780000 0.026667 0.035000
2 0.665000 0.598333 0.020833 0.080000
2 0.385833 0.426667 0.010833 0.091667
3 0.808333 0.428333 0.011667 0.020000
3 0.370000 0.721667 0.006667 0.018333
3 0.582500 0.643333 0.010000 0.020000
2 0.710000 0.335000 0.020833 0.028333
3 0.655000 0.641667 0.007500 0.015000
3 0.794167 0.425000 0.008333 0.016667
2 0.149167 0.625000 0.022500 0.023333
2 0.289167 0.670000 0.020833 0.028333
2 0.274167 0.800000 0.030833 0.051667
2 0.661667 0.375000 0.010833 0.091667
2 0.762500 0.318333 0.009167 0.040000
3 0.758333 0.415000 0.007500 0.015000
2 0.713333 0.645000 0.022500 0.023333
3 0.508333 0.253333 0.014167 0.025000
3 0.465833 0.878333 0.008333 0.016667
3 0.736667 0.663333 0.008333 0.016667
3 0.282500 0.765000 0.007500 0.015000
2 0.529167 0.400000 0.009167 0.031667
3 0.291667 0.705000 0.014167 0.025000
3 0.702500 0.396667 0.007500 0.015000
2 0.668333 0.626667 0.014167 0.015000
2 0.774167 0.611667 0.058333 0.076667
3 0.785833 0.371667 0.008333 0.016667
2 0.681667 0.343333 0.020000 0.021667
2 0.640000 0.593333 0.035000 0.105000
2 0.372500 0.773333 0.048333 0.025000
3 0.680000 0.388333 0.010833 0.023333
3 0.404167 0.660000 0.008333 0.016667
2 0.380000 0.728333 0.027500 0.016667
3 0.402500 0.693333 0.009167 0.015000
3 0.462500 0.660000 0.008333 0.016667
3 0.695000 0.343333 0.009167 0.018333
3 0.635833 0.390000 0.013333 0.031667
2 0.641667 0.375000 0.021667 0.090000
3 0.539167 0.353333 0.009167 0.016667
2 0.645000 0.698333 0.030833 0.051667
2 0.337500 0.278333 0.029167 0.038333
3 0.790833 0.681667 0.007500 0.018333
3 0.680000 0.340000 0.008333 0.016667
3 0.660833 0.438333 0.009167 0.016667
2 0.540000 0.715000 0.020833 0.080000
2 0.375833 0.391667 0.029167 0.038333
3 0.406667 0.351667 0.010833 0.013333
2 0.681667 0.621667 0.034167 0.038333
2 0.672500 0.331667 0.020000 0.021667
2 0.325833 0.696667 0.048333 0.025000
2 0.775833 0.586667 0.015833 0.068333
2 0.471667 0.698333 0.097500 0.053333
2 0.492500 0.385000 0.058333 0.076667
2 0.422500 0.758333 0.022500 0.023333
3 0.685000 0.400000 0.008333 0.021667
2 0.337500 0.291667 0.019167 0.046667
3 0.809167 0.631667 0.009167 0.016667
2 0.521667 0.255000 0.048333 0.025000
2 0.555000 0.306667 0.020833 0.080000
2 0.306667 0.396667 0.030833 0.051667
3 0.623333 0.385000 0.007500 0.018333
3 0.450000 0.731667 0.007500 0.018333
3 0.463333 0.310000 0.009167 0.016667
2 0.290833 0.375000 0.023333 0.041667
2 0.527500 0.703333 0.015833 0.068333
2 0.520000 0.641667 0.029167 0.038333
3 0.365833 0.616667 0.009167 0.018333
3 0.730000 0.380000 0.010833 0.013333
2 0.719167 0.651667 0.058333 0.076667
3 0.665000 0.396667 0.007500 0.015000
3 0.786667 0.378333 0.009167 0.023333
3 0.222500 0.425000 0.010000 0.020000
3 0.611667 0.681667 0.009167 0.016667
2 0.642500 0.628333 0.034167 0.038333
2 0.654167 0.656667 0.014167 0.015000
2 0.725000 0.353333 0.020833 0.028333
2 0.778333 0.425000 0.020833 0.080000
2 0.726667 0.630000 0.009167 0.031667
3 0.341667 0.836667 0.009167 0.015000
2 0.379167 0.383333 0.023333 0.041667
3 0.295833 0.678333 0.007500 0.015000
3 0.769167 0.356667 0.007500 0.015000
3 0.776667 0.421667 0.008333 0.016667
3 0.453333 0.751667 0.013333 0.015000
2 0.574167 0.350000 0.097500 0.053333
2 0.646667 0.375000 0.026667 0.035000
3 0.511667 0.260000 0.007500 0.015000
2 0.443333 0.343333 0.020833 0.028333
2 0.806667 0.711667 0.020833 0.028333
2 0.250000 0.691667 0.097500 0.053333
3 0.511667 0.355000 0.007500 0.015000
3 0.737500 0.603333 0.009167 0.016667
3 0.739167 0.746667 0.013333 0.031667
2 0.275000 0.408333 0.023333 0.106667
2 0.310000 0.296667 0.034167 0.100000
3 0.679167 0.648333 0.010000 0.020000
3 0.691667 0.638333 0.007500 0.015000
3 0.340000 0.713333 0.007500 0.015000
2 0.750833 0.670000 0.058333 0.076667
2 0.766667 0.353333 0.023333 0.041667
2 0.688333 0.670000 0.022500 0.023333
3 0.689167 0.356667 0.009167 0.023333
2 0.694167 0.316667 0.029167 0.038333
3 0.407500 0.390000 0.010833 0.023333
3 0.705000 0.333333 0.006667 0.018333
2 0.824167 0.411667 0.020000 0.021667
2 0.757500 0.710000 0.022500 0.023333
3 0.255000 0.785000 0.008333 0.016667
3 0.783333 0.596667 0.014167 0.025000
3 0.429167 0.663333 0.015833 0.051667
2 0.283333 0.151667 0.020000 0.021667
2 0.704167 0.385000 0.048333 0.043333
3 0.515833 0.810000 0.008333 0.016667
2 0.702500 0.373333 0.097500 0.053333
2 0.339167 0.255000 0.048333 0.025000
2 0.748333 0.636667 0.020833 0.028333
2 0.635833 0.408333 0.045833 0.021667
3 0.781667 0.598333 0.007500 0.015000
3 0.536667 0.385000 0.008333 0.016667
2 0.655833 0.341667 0.029167 0.038333
3 0.705000 0.373333 0.007500 0.016667
3 0.600833 0.998333 0.017500 0.001667
3 0.312500 0.353333 0.008333 0.016667
3 0.738333 0.331667 0.007500 0.015000
2 0.247500 0.375000 0.015833 0.068333
3 0.374167 0.386667 0.017500 0.031667
2 0.599167 0.325000 0.017500 0.116667
3 0.486667 0.680000 0.009167 0.016667
2 0.329167 0.383333 0.058333 0.076667
3 0.683333 0.423333 0.011667 0.020000
3 0.550833 0.646667 0.006667 0.018333
3 0.607500 0.323333 0.007500 0.015000
2 0.434167 0.640000 0.011667 0.025000
2 0.705000 0.790000 0.010000 0.031667
3 0.291667 0.403333 0.007500 0.015000
2 0.692500 0.726667 0.014167 0.015000
3 0.481667 0.333333 0.009167 0.016667
2 0.385833 0.640000 0.014167 0.015000
2 0.732500 0.275000 0.029167 0.038333
3 0.515833 0.365000 0.010833 0.023333
3 0.331667 0.406667 0.008333 0.016667
3 0.747500 0.605000 0.009167 0.016667
3 0.645000 0.615000 0.010833 0.013333
3 0.701667 0.658333 0.006667 0.018333
2 0.703333 0.660000 0.020833 0.080000
3 0.232500 0.593333 0.006667 0.018333
3 0.475000 0.325000 0.008333 0.016667
2 0.733333 0.255000 0.015833 0.068333
2 0.679167 0.660000 0.010833 0.091667
2 0.685833 0.698333 0.023333 0.041667
3 0.329167 0.646667 0.007500 0.015000
3 0.441667 0.738333 0.007500 0.018333
2 0.657500 0.368333 0.010000 0.031667
3 0.780000 0.323333 0.007500 0.016667
3 0.741667 0.415000 0.008333 0.016667
2 0.650000 0.413333 0.030833 0.051667
3 0.537500 0.676667 0.013333 0.015000
3 0.699167 0.296667 0.009167 0.015000
3 0.228333 0.585000 0.014167 0.025000
3 0.701667 0.645000 0.010000 0.020000
3 0.705833 0.690000 0.009167 0.015000
