4 0.896667 0.551667 0.056667 0.063333
4 0.877500 0.471667 0.062500 0.068333
4 0.874167 0.460000 0.089167 0.065000
4 0.825833 0.385000 0.123333 0.230000
4 0.878333 0.523333 0.038333 0.090000
4 0.816667 0.453333 0.086667 0.115000
4 0.884167 0.661667 0.058333 0.046667
4 0.849167 0.596667 0.085000 0.070000
4 0.815000 0.450000 0.106667 0.060000
4 0.795833 0.628333 0.088333 0.041667
4 0.061667 0.396667 0.124167 0.246667
4 0.505000 0.503333 0.094167 0.031667
4 0.645000 0.538333 0.051667 0.025000
4 0.630833 0.573333 0.062500 0.086667
4 0.099167 0.700000 0.170000 0.308333
4 0.250833 0.528333 0.075000 0.016667
4 0.152500 0.561667 0.047500 0.058333
4 0.765833 0.555000 0.050000 0.041667
4 0.720000 0.576667 0.079167 0.161667
4 0.046667 0.496667 0.069167 0.058333
3 0.616667 0.470000 0.007500 0.018333
2 0.189167 0.533333 0.027500 0.016667
2 0.260833 0.610000 0.009167 0.031667
3 0.269167 0.498333 0.014167 0.025000
2 0.699167 0.560000 0.015833 0.068333
2 0.302500 0.460000 0.035000 0.105000
2 0.542500 0.533333 0.009167 0.040000
3 0.215000 0.523333 0.008333 0.016667
3 0.096667 0.555000 0.011667 0.030000
2 0.439167 0.585000 0.011667 0.066667
3 0.407500 0.530000 0.009167 0.018333
3 0.043333 0.565000 0.009167 0.023333
3 0.274167 0.455000 0.007500 0.018333
2 0.376667 0.553333 0.027500 0.016667
2 0.640000 0.545000 0.017500 0.116667
2 0.811667 0.480000 0.020000 0.021667
2 0.328333 0.440000 0.097500 0.053333
3 0.430833 0.501667 0.009167 0.016667
3 0.570833 0.571667 0.014167 0.025000
3 0.300000 0.476667 0.015833 0.051667
2 0.531667 0.565000 0.019167 0.046667
3 0.260000 0.500000 0.009167 0.023333
2 0.478333 0.440000 0.010833 0.091667
3 0.239167 0.485000 0.007500 0.015000
3 0.364167 0.538333 0.017500 0.031667
2 0.660000 0.558333 0.009167 0.031667
3 0.342500 0.513333 0.008333 0.016667
2 0.607500 0.561667 0.023333 0.106667
2 0.690000 0.540000 0.010833 0.091667
3 0.242500 0.510000 0.008333 0.016667
3 0.704167 0.465000 0.007500 0.015000
2 0.136667 0.445000 0.029167 0.038333
3 0.228333 0.536667 0.007500 0.015000
2 0.047500 0.516667 0.023333 0.041667
3 0.367500 0.481667 0.006667 0.018333
3 0.593333 0.478333 0.014167 0.025000
3 0.238333 0.555000 0.010833 0.013333
2 0.066667 0.456667 0.020000 0.021667
2 0.014167 0.530000 0.013333 0.070000
2 0.565833 0.460000 0.020833 0.028333
2 0.800833 0.561667 0.017500 0.116667
2 0.363333 0.491667 0.010000 0.031667
3 0.286667 0.481667 0.009167 0.018333
3 0.496667 0.495000 0.008333 0.021667
2 0.338333 0.526667 0.023333 0.041667
3 0.599167 0.536667 0.008333 0.016667
3 0.411667 0.566667 0.011667 0.030000
3 0.077500 0.575000 0.007500 0.018333
2 0.147500 0.501667 0.011667 0.066667
3 0.544167 0.546667 0.013333 0.015000
3 0.570833 0.521667 0.010833 0.013333
3 0.792500 0.460000 0.008333 0.021667
3 0.496667 0.566667 0.007500 0.015000
3 0.495833 0.455000 0.014167 0.025000
2 0.748333 0.546667 0.011667 0.066667
2 0.284167 0.508333 0.026667 0.035000
2 0.725000 0.458333 0.010000 0.031667
3 0.024167 0.561667 0.007500 0.018333
2 0.508333 0.540000 0.035000 0.105000
2 0.197500 0.506667 0.014167 0.015000
3 0.598333 0.486667 0.009167 0.018333
2 0.702500 0.465000 0.020000 0.021667
2 0.517500 0.553333 0.014167 0.015000
3 0.567500 0.540000 0.009167 0.016667
2 0.454167 0.531667 0.034167 0.038333
3 0.768333 0.540000 0.009167 0.015000
2 0.751667 0.451667 0.019167 0.046667
2 0.533333 0.446667 0.020833 0.080000
2 0.422500 0.580000 0.010833 0.091667
3 0.792500 0.536667 0.010000 0.020000
3 0.025833 0.500000 0.008333 0.021667
3 0.292500 0.533333 0.009167 0.016667
2 0.339167 0.523333 0.097500 0.053333
2 0.025000 0.553333 0.023333 0.106667
3 0.110000 0.535000 0.013333 0.031667
3 0.725000 0.483333 0.009167 0.016667
3 0.561667 0.478333 0.009167 0.023333
3 0.698333 0.458333 0.007500 0.015000
2 0.130833 0.518333 0.013333 0.070000
3 0.077500 0.523333 0.013333 0.031667
3 0.551667 0.585000 0.008333 0.016667
3 0.503333 0.540000 0.009167 0.018333
2 0.060000 0.526667 0.029167 0.038333
2 0.490833 0.416667 0.020833 0.028333
3 0.148333 0.533333 0.011667 0.020000
3 0.110833 0.463333 0.010833 0.013333
3 0.175833 0.480000 0.006667 0.018333
2 0.312500 0.553333 0.013333 0.070000
2 0.640000 0.498333 0.013333 0.070000
2 0.656667 0.548333 0.030833 0.051667
3 0.035833 0.488333 0.010000 0.020000
3 0.266667 0.561667 0.007500 0.015000
2 0.811667 0.533333 0.019167 0.046667
2 0.507500 0.523333 0.026667 0.035000
2 0.569167 0.513333 0.030833 0.051667
3 0.111667 0.535000 0.010000 0.016667
2 0.275000 0.560000 0.027500 0.016667
2 0.030000 0.523333 0.027500 0.016667
3 0.734167 0.480000 0.014167 0.025000
2 0.610000 0.541667 0.020833 0.080000
3 0.181667 0.480000 0.010833 0.023333
2 0.560000 0.543333 0.022500 0.023333
2 0.724167 0.628333 0.026667 0.035000
3 0.338333 0.733333 0.009167 0.023333
3 0.566667 0.735000 0.010833 0.023333
2 0.412500 0.380000 0.009167 0.040000
2 0.585000 0.370000 0.058333 0.076667
2 0.779167 0.413333 0.020833 0.080000
2 0.382500 0.348333 0.019167 0.046667
3 0.431667 0.806667 0.009167 0.018333
3 0.355833 0.765000 0.014167 0.025000
2 0.456667 0.203333 0.009167 0.040000
2 0.702500 0.755000 0.013333 0.070000
2 0.690833 0.640000 0.020833 0.080000
2 0.756667 0.408333 0.011667 0.025000
2 0.639167 0.400000 0.023333 0.041667
2 0.756667 0.571667 0.011667 0.066667
3 0.495000 0.343333 0.009167 0.016667
3 0.413333 0.681667 0.009167 0.018333
2 0.446667 0.696667 0.015833 0.068333
2 0.440833 0.366667 0.027500 0.016667
3 0.282500 0.261667 0.010833 0.013333
3 0.665833 0.445000 0.011667 0.020000
2 0.330000 0.343333 0.045833 0.021667
2 0.485000 0.278333 0.019167 0.046667
3 0.768333 0.371667 0.009167 0.015000
2 0.804167 0.393333 0.022500 0.023333
2 0.764167 0.346667 0.009167 0.040000
2 0.488333 0.213333 0.009167 0.031667
2 0.576667 0.628333 0.015833 0.068333
2 0.751667 0.396667 0.045833 0.021667
2 0.472500 0.613333 0.097500 0.053333
2 0.444167 0.310000 0.021667 0.090000
3 0.517500 0.363333 0.007500 0.015000
2 0.755000 0.620000 0.034167 0.100000
3 0.480833 0.776667 0.010000 0.020000
2 0.781667 0.653333 0.027500 0.016667
2 0.544167 0.673333 0.020833 0.028333
3 0.703333 0.408333 0.009167 0.016667
2 0.692500 0.606667 0.029167 0.038333
2 0.423333 0.645000 0.017500 0.116667
2 0.304167 0.675000 0.015833 0.068333
2 0.655833 0.445000 0.020000 0.021667
3 0.771667 0.595000 0.010000 0.016667
3 0.580833 0.758333 0.008333 0.016667
3 0.752500 0.336667 0.017500 0.031667
2 0.713333 0.558333 0.035000 0.105000
2 0.345833 0.331667 0.020000 0.021667
2 0.285833 0.255000 0.011667 0.025000
2 0.302500 0.713333 0.020833 0.028333
2 0.778333 0.690000 0.021667 0.090000
2 0.695000 0.716667 0.027500 0.016667
3 0.408333 0.390000 0.009167 0.016667
3 0.634167 0.426667 0.015833 0.051667
2 0.670000 0.638333 0.010000 0.031667
3 0.755833 0.313333 0.010000 0.020000
3 0.776667 0.390000 0.010000 0.020000
2 0.444167 0.181667 0.035000 0.105000
3 0.495833 0.163333 0.008333 0.016667
3 0.354167 0.285000 0.009167 0.023333
3 0.423333 0.685000 0.007500 0.018333
2 0.303333 0.711667 0.034167 0.100000
3 0.323333 0.761667 0.006667 0.018333
3 0.617500 0.375000 0.011667 0.030000
2 0.710000 0.573333 0.035000 0.105000
2 0.563333 0.630000 0.027500 0.016667
2 0.435000 0.845000 0.014167 0.015000
3 0.272500 0.775000 0.017500 0.031667
3 0.329167 0.655000 0.017500 0.031667
2 0.428333 0.666667 0.048333 0.025000
2 0.467500 0.630000 0.034167 0.038333
2 0.591667 0.700000 0.019167 0.046667
3 0.337500 0.645000 0.009167 0.016667
2 0.794167 0.348333 0.011667 0.066667
2 0.689167 0.650000 0.009167 0.031667
3 0.639167 0.413333 0.008333 0.016667
3 0.682500 0.638333 0.013333 0.015000
2 0.786667 0.433333 0.034167 0.100000
3 0.349167 0.713333 0.008333 0.021667
3 0.497500 0.256667 0.010000 0.020000
3 0.270833 0.868333 0.008333 0.021667
3 0.755833 0.398333 0.010833 0.013333
3 0.497500 0.268333 0.011667 0.020000
3 0.733333 0.688333 0.009167 0.016667
3 0.570000 0.630000 0.010833 0.013333
2 0.614167 0.338333 0.027500 0.016667
3 0.465000 0.278333 0.008333 0.016667
3 0.725000 0.355000 0.009167 0.015000
3 0.677500 0.725000 0.008333 0.016667
2 0.167500 0.620000 0.019167 0.046667
3 0.336667 0.380000 0.014167 0.025000
2 0.667500 0.445000 0.022500 0.023333
2 0.775833 0.403333 0.009167 0.040000
3 0.802500 0.653333 0.010000 0.016667
3 0.643333 0.385000 0.013333 0.031667
3 0.440000 0.348333 0.008333 0.021667
3 0.582500 0.655000 0.007500 0.015000
2 0.722500 0.665000 0.019167 0.046667
3 0.269167 0.735000 0.006667 0.018333
2 0.314167 0.653333 0.009167 0.031667
2 0.270000 0.736667 0.010000 0.031667
2 0.381667 0.705000 0.058333 0.076667
3 0.458333 0.865000 0.013333 0.031667
2 0.725000 0.331667 0.020833 0.080000
2 0.611667 0.388333 0.034167 0.100000
3 0.790000 0.648333 0.017500 0.031667
2 0.646667 0.625000 0.020833 0.028333
2 0.640833 0.661667 0.009167 0.040000
2 0.715833 0.335000 0.017500 0.116667
2 0.378333 0.326667 0.097500 0.053333
2 0.275833 0.116667 0.029167 0.038333
3 0.358333 0.641667 0.007500 0.015000
3 0.204167 0.728333 0.007500 0.018333
2 0.638333 0.423333 0.017500 0.116667
3 0.534167 0.415000 0.014167 0.025000
3 0.766667 0.623333 0.015833 0.051667
2 0.693333 0.450000 0.030833 0.051667
3 0.573333 0.385000 0.007500 0.015000
3 0.297500 0.733333 0.010833 0.013333
3 0.673333 0.376667 0.015833 0.051667
3 0.660833 0.415000 0.011667 0.020000
3 0.289167 0.155000 0.008333 0.016667
3 0.493333 0.358333 0.014167 0.025000
3 0.700000 0.628333 0.015833 0.051667
3 0.789167 0.398333 0.011667 0.030000
2 0.698333 0.421667 0.020833 0.028333
3 0.483333 0.328333 0.015833 0.051667
2 0.295000 0.898333 0.010833 0.091667
2 0.429167 0.406667 0.034167 0.038333
2 0.649167 0.373333 0.035000 0.105000
3 0.621667 0.390000 0.010000 0.016667
3 0.676667 0.725000 0.009167 0.016667
2 0.466667 0.315000 0.014167 0.015000
3 0.778333 0.705000 0.006667 0.018333
3 0.282500 0.401667 0.008333 0.016667
2 0.807500 0.695000 0.019167 0.046667
2 0.426667 0.368333 0.048333 0.025000
2 0.703333 0.686667 0.013333 0.070000
2 0.711667 0.646667 0.026667 0.035000
3 0.727500 0.600000 0.010000 0.020000
2 0.511667 0.263333 0.020833 0.080000
3 0.365000 0.656667 0.010833 0.023333
3 0.190833 0.650000 0.009167 0.016667
3 0.754167 0.386667 0.009167 0.016667
2 0.266667 0.403333 0.026667 0.035000
3 0.775833 0.415000 0.010000 0.016667
3 0.217500 0.673333 0.009167 0.016667
2 0.361667 0.710000 0.020833 0.080000
2 0.741667 0.371667 0.017500 0.116667
2 0.566667 0.671667 0.022500 0.023333
3 0.450000 0.838333 0.015833 0.051667
3 0.443333 0.345000 0.010000 0.020000
2 0.546667 0.390000 0.030833 0.051667
3 0.520000 0.663333 0.007500 0.015000
2 0.680833 0.336667 0.022500 0.023333
3 0.753333 0.410000 0.015833 0.051667
2 0.436667 0.333333 0.035000 0.105000
3 0.290833 0.761667 0.013333 0.015000
3 0.339167 0.715000 0.009167 0.016667
2 0.693333 0.666667 0.010833 0.091667
2 0.617500 0.360000 0.009167 0.040000
3 0.290833 0.778333 0.013333 0.031667
2 0.320000 0.381667 0.048333 0.043333
3 0.308333 0.293333 0.007500 0.015000
3 0.225833 0.693333 0.007500 0.018333
3 0.632500 0.675000 0.017500 0.031667
3 0.300833 0.383333 0.007500 0.015000
2 0.600833 0.998333 0.010000 0.001667
2 0.420833 0.371667 0.048333 0.043333
3 0.700833 0.656667 0.008333 0.016667
2 0.450833 0.656667 0.029167 0.038333
2 0.603333 0.308333 0.015833 0.068333
2 0.649167 0.661667 0.009167 0.040000
2 0.461667 0.775000 0.020833 0.028333
2 0.721667 0.730000 0.034167 0.100000
3 0.795000 0.646667 0.017500 0.031667
3 0.715833 0.356667 0.011667 0.020000
3 0.686667 0.368333 0.007500 0.015000
2 0.385000 0.363333 0.014167 0.015000
2 0.512500 0.728333 0.030833 0.051667
2 0.456667 0.228333 0.015833 0.068333
3 0.724167 0.603333 0.010833 0.013333
2 0.706667 0.595000 0.011667 0.025000
2 0.536667 0.676667 0.014167 0.015000
2 0.643333 0.351667 0.013333 0.070000
3 0.535833 0.388333 0.009167 0.023333
3 0.274167 0.666667 0.006667 0.018333
2 0.430833 0.775000 0.021667 0.090000
3 0.505833 0.310000 0.011667 0.030000
3 0.550833 0.726667 0.010000 0.016667
2 0.637500 0.350000 0.035000 0.105000
3 0.715000 0.305000 0.008333 0.016667
3 0.300833 0.671667 0.009167 0.015000
3 0.726667 0.448333 0.009167 0.016667
3 0.765000 0.333333 0.017500 0.031667
3 0.405000 0.396667 0.015833 0.051667
3 0.730000 0.385000 0.010833 0.023333
3 0.642500 0.426667 0.010000 0.020000
2 0.325000 0.785000 0.015833 0.068333
3 0.305000 0.321667 0.010000 0.016667
