4 0.780000 0.556667 0.171667 0.131667
4 0.783333 0.558333 0.118333 0.060000
4 0.847500 0.551667 0.064167 0.038333
4 0.810833 0.448333 0.207500 0.198333
4 0.849167 0.500000 0.088333 0.038333
4 0.851667 0.423333 0.064167 0.088333
4 0.847500 0.583333 0.100833 0.161667
4 0.870833 0.560000 0.095833 0.128333
4 0.787500 0.625000 0.231667 0.083333
4 0.823333 0.405000 0.115000 0.096667
4 0.636667 0.486667 0.060000 0.083333
4 0.478333 0.486667 0.070000 0.100000
4 0.720833 0.468333 0.053333 0.086667
4 0.432500 0.586667 0.048333 0.103333
4 0.497500 0.511667 0.138333 0.145000
4 0.062500 0.573333 0.031667 0.085000
4 0.057500 0.568333 0.101667 0.116667
4 0.494167 0.486667 0.102500 0.105000
4 0.659167 0.555000 0.068333 0.020000
4 0.733333 0.505000 0.058333 0.076667
2 0.636667 0.516667 0.021667 0.090000
3 0.514167 0.565000 0.010000 0.016667
3 0.371667 0.581667 0.017500 0.031667
2 0.406667 0.488333 0.048333 0.043333
3 0.250000 0.585000 0.009167 0.016667
2 0.461667 0.526667 0.020000 0.021667
2 0.785833 0.448333 0.023333 0.106667
2 0.203333 0.536667 0.058333 0.076667
2 0.464167 0.488333 0.014167 0.015000
3 0.745833 0.526667 0.011667 0.030000
2 0.295833 0.440000 0.020833 0.080000
3 0.803333 0.595000 0.010000 0.016667
2 0.509167 0.580000 0.013333 0.070000
3 0.539167 0.506667 0.013333 0.015000
3 0.475833 0.390000 0.014167 0.025000
2 0.321667 0.586667 0.017500 0.116667
2 0.673333 0.550000 0.020000 0.021667
3 0.202500 0.570000 0.010000 0.020000
2 0.134167 0.473333 0.020833 0.028333
2 0.510000 0.480000 0.009167 0.040000
2 0.810000 0.596667 0.023333 0.041667
3 0.334167 0.466667 0.008333 0.016667
3 0.455833 0.518333 0.013333 0.031667
3 0.236667 0.533333 0.011667 0.030000
2 0.444167 0.625000 0.026667 0.035000
2 0.250833 0.450000 0.014167 0.015000
3 0.693333 0.601667 0.008333 0.021667
2 0.102500 0.540000 0.035000 0.105000
2 0.091667 0.530000 0.026667 0.035000
3 0.285000 0.485000 0.008333 0.016667
3 0.311667 0.588333 0.010833 0.013333
3 0.367500 0.506667 0.009167 0.016667
3 0.534167 0.483333 0.017500 0.031667
2 0.575833 0.565000 0.015833 0.068333
3 0.323333 0.593333 0.009167 0.016667
2 0.205000 0.450000 0.097500 0.053333
3 0.465833 0.505000 0.007500 0.018333
2 0.356667 0.563333 0.058333 0.076667
2 0.174167 0.536667 0.045833 0.021667
3 0.112500 0.446667 0.009167 0.018333
2 0.498333 0.513333 0.045833 0.021667
2 0.737500 0.460000 0.019167 0.046667
3 0.727500 0.483333 0.007500 0.016667
2 0.740833 0.453333 0.010000 0.031667
3 0.371667 0.491667 0.015833 0.051667
2 0.314167 0.516667 0.020833 0.080000
2 0.639167 0.460000 0.027500 0.016667
3 0.332500 0.595000 0.010000 0.016667
3 0.564167 0.475000 0.008333 0.021667
3 0.516667 0.560000 0.015833 0.051667
2 0.218333 0.538333 0.034167 0.038333
2 0.152500 0.443333 0.011667 0.025000
2 0.315833 0.556667 0.021667 0.090000
3 0.372500 0.518333 0.007500 0.016667
2 0.814167 0.330000 0.027500 0.016667
3 0.262500 0.465000 0.008333 0.016667
2 0.063333 0.553333 0.011667 0.066667
3 0.205000 0.576667 0.008333 0.021667
2 0.541667 0.488333 0.058333 0.076667
3 0.216667 0.565000 0.008333 0.016667
2 0.078333 0.561667 0.009167 0.031667
2 0.200833 0.431667 0.020833 0.080000
3 0.646667 0.590000 0.009167 0.016667
3 0.599167 0.533333 0.010000 0.016667
3 0.662500 0.566667 0.011667 0.020000
2 0.278333 0.555000 0.015833 0.068333
3 0.650000 0.533333 0.008333 0.021667
3 0.119167 0.463333 0.009167 0.016667
3 0.027500 0.473333 0.010000 0.020000
2 0.276667 0.491667 0.023333 0.106667
2 0.749167 0.561667 0.029167 0.038333
2 0.813333 0.503333 0.010833 0.091667
2 0.203333 0.618333 0.013333 0.070000
3 0.739167 0.533333 0.010833 0.013333
2 0.185000 0.590000 0.023333 0.041667
2 0.242500 0.466667 0.023333 0.041667
2 0.123333 0.620000 0.010833 0.091667
3 0.148333 0.566667 0.013333 0.031667
2 0.312500 0.575000 0.011667 0.066667
3 0.254167 0.478333 0.007500 0.015000
3 0.550000 0.465000 0.011667 0.030000
3 0.121667 0.495000 0.007500 0.015000
3 0.181667 0.580000 0.007500 0.015000
2 0.798333 0.485000 0.029167 0.038333
2 0.644167 0.576667 0.034167 0.038333
3 0.156667 0.586667 0.008333 0.021667
3 0.659167 0.531667 0.010833 0.013333
3 0.194167 0.458333 0.006667 0.018333
2 0.410000 0.510000 0.013333 0.070000
2 0.600833 0.505000 0.014167 0.015000
2 0.670000 0.496667 0.020833 0.028333
2 0.770000 0.451667 0.045833 0.021667
2 0.385000 0.566667 0.015833 0.068333
2 0.777500 0.518333 0.011667 0.025000
2 0.495833 0.528333 0.029167 0.038333
2 0.552500 0.441667 0.020833 0.080000
2 0.185833 0.610000 0.010833 0.091667
3 0.284167 0.483333 0.007500 0.018333
3 0.813333 0.458333 0.009167 0.016667
2 0.765000 0.548333 0.011667 0.025000
2 0.605000 0.536667 0.013333 0.070000
2 0.426667 0.540000 0.034167 0.100000
3 0.675833 0.336667 0.010833 0.013333
3 0.723333 0.398333 0.009167 0.015000
2 0.515833 0.208333 0.019167 0.046667
2 0.718333 0.321667 0.035000 0.105000
2 0.679167 0.596667 0.020833 0.080000
2 0.361667 0.406667 0.009167 0.031667
3 0.454167 0.746667 0.006667 0.018333
3 0.706667 0.723333 0.007500 0.015000
2 0.480000 0.358333 0.013333 0.070000
2 0.456667 0.886667 0.026667 0.035000
2 0.693333 0.631667 0.097500 0.053333
2 0.180833 0.648333 0.017500 0.116667
2 0.675833 0.635000 0.014167 0.015000
2 0.515833 0.686667 0.048333 0.043333
3 0.461667 0.708333 0.008333 0.016667
2 0.260833 0.648333 0.023333 0.041667
2 0.454167 0.796667 0.009167 0.031667
3 0.702500 0.708333 0.017500 0.031667
3 0.258333 0.366667 0.009167 0.023333
2 0.457500 0.355000 0.009167 0.031667
3 0.315833 0.251667 0.009167 0.016667
3 0.765833 0.688333 0.014167 0.025000
3 0.720833 0.353333 0.017500 0.031667
2 0.685833 0.640000 0.026667 0.035000
2 0.469167 0.638333 0.034167 0.038333
2 0.597500 0.323333 0.011667 0.025000
3 0.671667 0.620000 0.007500 0.018333
3 0.710000 0.628333 0.008333 0.016667
2 0.790833 0.746667 0.021667 0.090000
2 0.573333 0.665000 0.026667 0.035000
3 0.778333 0.405000 0.007500 0.018333
2 0.757500 0.606667 0.034167 0.038333
3 0.319167 0.346667 0.008333 0.021667
3 0.517500 0.231667 0.010000 0.016667
2 0.730833 0.393333 0.009167 0.031667
3 0.170833 0.403333 0.007500 0.018333
3 0.755000 0.716667 0.013333 0.031667
3 0.512500 0.421667 0.009167 0.018333
3 0.448333 0.371667 0.006667 0.018333
3 0.666667 0.660000 0.013333 0.031667
3 0.282500 0.641667 0.008333 0.016667
2 0.267500 0.651667 0.014167 0.015000
2 0.691667 0.610000 0.009167 0.040000
3 0.566667 0.243333 0.007500 0.015000
3 0.340000 0.713333 0.007500 0.015000
3 0.618333 0.641667 0.010833 0.013333
2 0.760833 0.400000 0.027500 0.016667
2 0.449167 0.785000 0.020000 0.021667
2 0.669167 0.655000 0.013333 0.070000
3 0.465000 0.876667 0.009167 0.016667
2 0.759167 0.710000 0.020000 0.021667
2 0.700833 0.278333 0.020000 0.021667
2 0.670833 0.310000 0.020833 0.080000
3 0.648333 0.681667 0.010833 0.023333
2 0.352500 0.326667 0.030833 0.051667
2 0.706667 0.430000 0.048333 0.043333
3 0.525833 0.433333 0.006667 0.018333
3 0.223333 0.305000 0.009167 0.016667
2 0.281667 0.230000 0.027500 0.016667
2 0.535000 0.298333 0.011667 0.025000
3 0.464167 0.690000 0.009167 0.016667
3 0.510833 0.276667 0.008333 0.016667
3 0.682500 0.350000 0.014167 0.025000
3 0.555000 0.355000 0.007500 0.015000
3 0.754167 0.708333 0.008333 0.016667
2 0.762500 0.665000 0.020833 0.080000
3 0.271667 0.385000 0.008333 0.021667
2 0.531667 0.413333 0.009167 0.031667
3 0.450833 0.676667 0.009167 0.023333
3 0.393333 0.691667 0.008333 0.016667
3 0.701667 0.620000 0.011667 0.030000
3 0.681667 0.613333 0.010833 0.013333
3 0.175833 0.390000 0.010000 0.016667
2 0.410833 0.841667 0.034167 0.100000
2 0.545000 0.691667 0.019167 0.046667
3 0.329167 0.386667 0.010833 0.013333
3 0.332500 0.731667 0.010000 0.020000
3 0.615000 0.365000 0.009167 0.016667
3 0.744167 0.671667 0.007500 0.015000
3 0.672500 0.393333 0.010000 0.020000
3 0.314167 0.343333 0.008333 0.016667
2 0.723333 0.310000 0.023333 0.106667
2 0.614167 0.391667 0.058333 0.076667
2 0.678333 0.668333 0.021667 0.090000
2 0.294167 0.658333 0.011667 0.066667
2 0.258333 0.285000 0.048333 0.025000
3 0.521667 0.403333 0.015833 0.051667
3 0.550833 0.756667 0.009167 0.016667
2 0.791667 0.605000 0.019167 0.046667
2 0.240000 0.641667 0.029167 0.038333
3 0.646667 0.413333 0.008333 0.016667
3 0.709167 0.683333 0.007500 0.015000
2 0.780000 0.345000 0.010000 0.031667
2 0.559167 0.696667 0.023333 0.106667
3 0.565833 0.748333 0.009167 0.016667
3 0.643333 0.440000 0.007500 0.015000
2 0.675833 0.405000 0.010833 0.091667
3 0.360000 0.316667 0.006667 0.018333
2 0.205833 0.646667 0.035000 0.105000
2 0.783333 0.671667 0.021667 0.090000
2 0.254167 0.383333 0.023333 0.106667
2 0.647500 0.320000 0.035000 0.105000
3 0.697500 0.355000 0.009167 0.015000
2 0.416667 0.248333 0.020833 0.080000
2 0.668333 0.720000 0.026667 0.035000
2 0.290000 0.400000 0.034167 0.038333
3 0.734167 0.418333 0.011667 0.030000
3 0.393333 0.690000 0.007500 0.016667
2 0.670000 0.450000 0.022500 0.023333
2 0.460000 0.243333 0.010000 0.031667
3 0.425000 0.710000 0.007500 0.015000
2 0.296667 0.746667 0.020833 0.080000
3 0.304167 0.693333 0.014167 0.025000
2 0.239167 0.406667 0.020833 0.080000
2 0.697500 0.376667 0.020833 0.080000
3 0.560000 0.430000 0.013333 0.015000
2 0.258333 0.406667 0.034167 0.100000
3 0.680000 0.375000 0.007500 0.016667
2 0.654167 0.445000 0.023333 0.041667
2 0.315833 0.788333 0.010000 0.031667
3 0.697500 0.678333 0.011667 0.020000
3 0.391667 0.383333 0.008333 0.016667
2 0.294167 0.201667 0.048333 0.043333
3 0.640000 0.431667 0.009167 0.015000
2 0.688333 0.418333 0.058333 0.076667
2 0.700000 0.321667 0.017500 0.116667
2 0.320833 0.220000 0.011667 0.066667
2 0.652500 0.600000 0.048333 0.043333
2 0.279167 0.701667 0.009167 0.040000
3 0.285833 0.760000 0.014167 0.025000
3 0.652500 0.686667 0.015833 0.051667
3 0.795000 0.713333 0.007500 0.018333
3 0.451667 0.785000 0.007500 0.016667
3 0.762500 0.418333 0.008333 0.016667
3 0.751667 0.315000 0.007500 0.015000
2 0.745000 0.641667 0.027500 0.016667
3 0.609167 0.390000 0.009167 0.018333
3 0.615000 0.368333 0.009167 0.023333
3 0.696667 0.358333 0.011667 0.020000
3 0.727500 0.621667 0.008333 0.016667
2 0.500000 0.658333 0.048333 0.043333
3 0.225000 0.703333 0.010833 0.013333
2 0.445833 0.631667 0.019167 0.046667
2 0.399167 0.780000 0.019167 0.046667
2 0.356667 0.698333 0.030833 0.051667
3 0.276667 0.286667 0.011667 0.030000
2 0.355833 0.646667 0.029167 0.038333
3 0.703333 0.630000 0.009167 0.015000
2 0.687500 0.315000 0.019167 0.046667
3 0.732500 0.701667 0.013333 0.015000
2 0.638333 0.645000 0.034167 0.038333
2 0.210833 0.680000 0.023333 0.041667
3 0.279167 0.435000 0.013333 0.015000
3 0.476667 0.803333 0.007500 0.015000
2 0.340000 0.413333 0.026667 0.035000
2 0.604167 0.345000 0.017500 0.116667
3 0.405833 0.646667 0.009167 0.015000
2 0.811667 0.395000 0.011667 0.025000
2 0.500000 0.381667 0.035000 0.105000
2 0.447500 0.363333 0.035000 0.105000
3 0.725000 0.626667 0.007500 0.016667
3 0.327500 0.671667 0.007500 0.016667
3 0.428333 0.746667 0.010833 0.013333
2 0.524167 0.620000 0.020833 0.080000
3 0.660833 0.436667 0.009167 0.018333
2 0.728333 0.368333 0.020833 0.080000
3 0.484167 0.826667 0.007500 0.016667
2 0.525833 0.630000 0.022500 0.023333
2 0.300000 0.706667 0.048333 0.025000
3 0.778333 0.426667 0.010000 0.016667
3 0.637500 0.626667 0.008333 0.016667
2 0.621667 0.613333 0.058333 0.076667
3 0.775833 0.363333 0.009167 0.018333
2 0.730000 0.755000 0.010833 0.091667
2 0.339167 0.655000 0.019167 0.046667
2 0.719167 0.635000 0.021667 0.090000
2 0.385833 0.713333 0.022500 0.023333
3 0.225833 0.336667 0.010000 0.020000
2 0.697500 0.713333 0.010833 0.091667
3 0.548333 0.720000 0.014167 0.025000
3 0.311667 0.723333 0.011667 0.030000
3 0.683333 0.433333 0.011667 0.030000
2 0.533333 0.403333 0.011667 0.025000
3 0.507500 0.328333 0.006667 0.018333
2 0.615833 0.673333 0.017500 0.116667
3 0.749167 0.410000 0.007500 0.018333
2 0.755000 0.400000 0.021667 0.090000
2 0.301667 0.643333 0.048333 0.043333
3 0.678333 0.338333 0.008333 0.021667
3 0.480833 0.776667 0.010000 0.020000
3 0.777500 0.350000 0.009167 0.016667
2 0.664167 0.628333 0.022500 0.023333
2 0.341667 0.670000 0.014167 0.015000
2 0.519167 0.843333 0.010000 0.031667
3 0.485000 0.313333 0.008333 0.016667
2 0.718333 0.470000 0.034167 0.100000
3 0.568333 0.296667 0.007500 0.015000
2 0.822500 0.398333 0.015833 0.068333
