4 0.819167 0.341667 0.125000 0.100000
4 0.823333 0.455000 0.064167 0.028333
4 0.804167 0.493333 0.146667 0.218333
4 0.835833 0.678333 0.060000 0.131667
4 0.821667 0.683333 0.205833 0.341667
4 0.839167 0.500000 0.041667 0.086667
4 0.765833 0.555000 0.166667 0.088333
4 0.715000 0.595000 0.239167 0.076667
4 0.812500 0.505000 0.051667 0.076667
4 0.841667 0.495000 0.035000 0.068333
4 0.660000 0.541667 0.043333 0.030000
4 0.135833 0.535000 0.135000 0.085000
4 0.171667 0.543333 0.125000 0.111667
4 0.542500 0.463333 0.290833 0.155000
4 0.533333 0.418333 0.170833 0.298333
4 0.425000 0.550000 0.105833 0.096667
4 0.128333 0.580000 0.118333 0.031667
4 0.749167 0.560000 0.087500 0.145000
4 0.060000 0.510000 0.073333 0.051667
4 0.215000 0.528333 0.061667 0.030000
3 0.667500 0.506667 0.014167 0.025000
2 0.731667 0.486667 0.023333 0.106667
2 0.699167 0.516667 0.021667 0.090000
3 0.681667 0.505000 0.009167 0.016667
2 0.396667 0.560000 0.011667 0.066667
3 0.211667 0.470000 0.007500 0.016667
2 0.785000 0.480000 0.020833 0.028333
3 0.466667 0.593333 0.007500 0.015000
2 0.469167 0.421667 0.045833 0.021667
2 0.273333 0.558333 0.035000 0.105000
3 0.494167 0.420000 0.007500 0.015000
3 0.504167 0.525000 0.010000 0.020000
2 0.429167 0.580000 0.048333 0.043333
2 0.058333 0.443333 0.019167 0.046667
3 0.464167 0.556667 0.008333 0.021667
2 0.445833 0.601667 0.013333 0.070000
2 0.780000 0.560000 0.030833 0.051667
3 0.158333 0.563333 0.009167 0.016667
3 0.232500 0.511667 0.009167 0.018333
2 0.780000 0.563333 0.017500 0.116667
3 0.507500 0.466667 0.011667 0.030000
2 0.153333 0.556667 0.048333 0.043333
3 0.470000 0.425000 0.009167 0.015000
2 0.296667 0.483333 0.020833 0.080000
3 0.312500 0.581667 0.008333 0.016667
3 0.116667 0.586667 0.007500 0.016667
2 0.337500 0.455000 0.035000 0.105000
3 0.599167 0.500000 0.008333 0.016667
3 0.158333 0.480000 0.007500 0.018333
2 0.489167 0.486667 0.045833 0.021667
2 0.403333 0.478333 0.011667 0.066667
3 0.432500 0.615000 0.011667 0.030000
2 0.507500 0.495000 0.011667 0.066667
3 0.624167 0.565000 0.006667 0.018333
3 0.460833 0.503333 0.007500 0.015000
2 0.399167 0.538333 0.023333 0.106667
2 0.144167 0.436667 0.058333 0.076667
2 0.119167 0.568333 0.097500 0.053333
3 0.697500 0.546667 0.010833 0.013333
3 0.805000 0.500000 0.009167 0.015000
2 0.825833 0.550000 0.010000 0.031667
2 0.585000 0.530000 0.020833 0.080000
3 0.015000 0.506667 0.017500 0.031667
2 0.285833 0.590000 0.034167 0.038333
2 0.670000 0.466667 0.029167 0.038333
3 0.081667 0.583333 0.006667 0.018333
3 0.811667 0.481667 0.010000 0.020000
3 0.465833 0.453333 0.007500 0.018333
2 0.395833 0.483333 0.019167 0.046667
2 0.645833 0.478333 0.030833 0.051667
3 0.580000 0.555000 0.014167 0.025000
3 0.226667 0.540000 0.007500 0.018333
3 0.355000 0.558333 0.009167 0.016667
3 0.379167 0.521667 0.007500 0.016667
3 0.374167 0.490000 0.007500 0.018333
2 0.045000 0.591667 0.022500 0.023333
3 0.822500 0.625000 0.009167 0.015000
3 0.685000 0.501667 0.010000 0.020000
2 0.149167 0.500000 0.023333 0.041667
2 0.265000 0.501667 0.030833 0.051667
2 0.615833 0.558333 0.097500 0.053333
3 0.595000 0.600000 0.010833 0.023333
2 0.060833 0.503333 0.021667 0.090000
2 0.229167 0.500000 0.011667 0.066667
3 0.829167 0.580000 0.007500 0.018333
2 0.711667 0.456667 0.020833 0.080000
2 0.040000 0.556667 0.020000 0.021667
3 0.354167 0.513333 0.010833 0.013333
3 0.496667 0.478333 0.008333 0.021667
2 0.725000 0.438333 0.035000 0.105000
2 0.022500 0.493333 0.034167 0.038333
2 0.425833 0.628333 0.021667 0.090000
2 0.791667 0.498333 0.048333 0.043333
3 0.689167 0.525000 0.013333 0.015000
2 0.760833 0.485000 0.009167 0.031667
3 0.645833 0.540000 0.008333 0.016667
3 0.764167 0.475000 0.007500 0.015000
3 0.796667 0.520000 0.009167 0.016667
2 0.339167 0.561667 0.058333 0.076667
3 0.322500 0.456667 0.007500 0.018333
2 0.052500 0.563333 0.030833 0.051667
2 0.588333 0.580000 0.020833 0.080000
3 0.310833 0.508333 0.009167 0.016667
3 0.145000 0.595000 0.007500 0.016667
3 0.782500 0.473333 0.008333 0.021667
2 0.055833 0.575000 0.014167 0.015000
3 0.200000 0.453333 0.008333 0.016667
3 0.323333 0.445000 0.013333 0.015000
2 0.415000 0.570000 0.009167 0.040000
2 0.362500 0.443333 0.035000 0.105000
3 0.388333 0.546667 0.013333 0.015000
3 0.295000 0.510000 0.017500 0.031667
3 0.526667 0.518333 0.013333 0.015000
2 0.151667 0.576667 0.026667 0.035000
2 0.041667 0.513333 0.020833 0.028333
3 0.804167 0.575000 0.009167 0.016667
3 0.555833 0.478333 0.007500 0.015000
3 0.239167 0.578333 0.006667 0.018333
2 0.359167 0.545000 0.048333 0.025000
3 0.086667 0.531667 0.008333 0.016667
2 0.199167 0.465000 0.058333 0.076667
2 0.097500 0.578333 0.020000 0.021667
3 0.750833 0.606667 0.007500 0.015000
2 0.478333 0.266667 0.022500 0.023333
3 0.645833 0.413333 0.009167 0.016667
2 0.639167 0.375000 0.020833 0.028333
3 0.439167 0.790000 0.013333 0.015000
2 0.562500 0.641667 0.034167 0.100000
3 0.520000 0.663333 0.008333 0.016667
2 0.468333 0.251667 0.045833 0.021667
3 0.279167 0.838333 0.010833 0.023333
3 0.699167 0.280000 0.009167 0.018333
3 0.638333 0.673333 0.014167 0.025000
3 0.505833 0.743333 0.017500 0.031667
3 0.786667 0.375000 0.009167 0.018333
2 0.255000 0.385000 0.011667 0.025000
3 0.325000 0.708333 0.010000 0.020000
2 0.720833 0.680000 0.034167 0.038333
3 0.572500 0.618333 0.011667 0.020000
3 0.405833 0.648333 0.010000 0.016667
2 0.457500 0.685000 0.019167 0.046667
2 0.256667 0.260000 0.097500 0.053333
2 0.327500 0.413333 0.017500 0.116667
2 0.655000 0.355000 0.029167 0.038333
2 0.670833 0.641667 0.010833 0.091667
3 0.356667 0.658333 0.008333 0.016667
3 0.754167 0.650000 0.008333 0.016667
2 0.504167 0.625000 0.034167 0.038333
2 0.703333 0.610000 0.020833 0.028333
2 0.475833 0.310000 0.013333 0.070000
2 0.350833 0.731667 0.020833 0.028333
3 0.655833 0.670000 0.009167 0.016667
2 0.770000 0.411667 0.019167 0.046667
2 0.491667 0.676667 0.023333 0.106667
2 0.698333 0.421667 0.020833 0.028333
2 0.593333 0.715000 0.023333 0.106667
3 0.476667 0.280000 0.010833 0.013333
3 0.252500 0.781667 0.013333 0.015000
2 0.770833 0.731667 0.021667 0.090000
3 0.797500 0.640000 0.006667 0.018333
2 0.715833 0.416667 0.048333 0.025000
2 0.243333 0.401667 0.013333 0.070000
3 0.701667 0.713333 0.010833 0.013333
3 0.650833 0.668333 0.008333 0.016667
2 0.730833 0.763333 0.097500 0.053333
2 0.729167 0.653333 0.009167 0.031667
2 0.585000 0.726667 0.011667 0.066667
3 0.722500 0.658333 0.008333 0.016667
3 0.242500 0.388333 0.007500 0.018333
2 0.657500 0.678333 0.011667 0.066667
2 0.265000 0.411667 0.020833 0.080000
2 0.662500 0.280000 0.023333 0.106667
3 0.282500 0.400000 0.007500 0.015000
2 0.367500 0.688333 0.009167 0.031667
2 0.680000 0.741667 0.020833 0.080000
2 0.424167 0.658333 0.011667 0.025000
3 0.515000 0.701667 0.008333 0.016667
3 0.725000 0.356667 0.009167 0.018333
2 0.485000 0.255000 0.029167 0.038333
2 0.385833 0.366667 0.030833 0.051667
3 0.270833 0.398333 0.017500 0.031667
2 0.431667 0.745000 0.020000 0.021667
3 0.453333 0.298333 0.010833 0.023333
2 0.444167 0.755000 0.026667 0.035000
2 0.689167 0.616667 0.014167 0.015000
2 0.307500 0.176667 0.020833 0.080000
3 0.356667 0.645000 0.006667 0.018333
3 0.482500 0.715000 0.010833 0.013333
3 0.655000 0.373333 0.008333 0.016667
3 0.540000 0.676667 0.007500 0.015000
3 0.760000 0.388333 0.008333 0.016667
3 0.688333 0.623333 0.013333 0.015000
2 0.778333 0.316667 0.011667 0.025000
2 0.459167 0.391667 0.030833 0.051667
2 0.517500 0.323333 0.035000 0.105000
3 0.447500 0.370000 0.007500 0.015000
3 0.800000 0.411667 0.008333 0.021667
3 0.625833 0.328333 0.011667 0.020000
3 0.695000 0.735000 0.010833 0.023333
3 0.705000 0.325000 0.007500 0.015000
3 0.288333 0.805000 0.010000 0.020000
3 0.726667 0.615000 0.007500 0.018333
2 0.255833 0.733333 0.045833 0.021667
2 0.491667 0.340000 0.009167 0.031667
2 0.302500 0.781667 0.026667 0.035000
3 0.701667 0.396667 0.010000 0.020000
2 0.677500 0.616667 0.011667 0.066667
3 0.331667 0.315000 0.006667 0.018333
3 0.540833 0.998333 0.007500 0.001667
3 0.646667 0.376667 0.010833 0.013333
2 0.463333 0.701667 0.020833 0.028333
3 0.363333 0.310000 0.009167 0.023333
2 0.287500 0.720000 0.023333 0.041667
3 0.297500 0.393333 0.010833 0.013333
3 0.617500 0.375000 0.017500 0.031667
2 0.315833 0.728333 0.020833 0.080000
2 0.524167 0.366667 0.010000 0.031667
2 0.698333 0.325000 0.097500 0.053333
2 0.502500 0.285000 0.013333 0.070000
3 0.288333 0.355000 0.010833 0.023333
2 0.730000 0.371667 0.034167 0.100000
2 0.420833 0.778333 0.011667 0.025000
3 0.672500 0.633333 0.007500 0.015000
3 0.731667 0.445000 0.008333 0.016667
2 0.647500 0.446667 0.048333 0.025000
3 0.484167 0.213333 0.009167 0.023333
3 0.517500 0.365000 0.008333 0.016667
2 0.545833 0.755000 0.020000 0.021667
3 0.606667 0.658333 0.007500 0.015000
2 0.600833 0.305000 0.097500 0.053333
3 0.275000 0.665000 0.009167 0.016667
2 0.270833 0.703333 0.045833 0.021667
2 0.705833 0.325000 0.027500 0.016667
2 0.751667 0.620000 0.023333 0.041667
3 0.636667 0.440000 0.008333 0.016667
3 0.678333 0.445000 0.013333 0.031667
2 0.268333 0.673333 0.023333 0.106667
2 0.753333 0.626667 0.017500 0.116667
3 0.700000 0.280000 0.007500 0.015000
3 0.666667 0.675000 0.009167 0.023333
2 0.360833 0.686667 0.022500 0.023333
3 0.789167 0.428333 0.017500 0.031667
3 0.683333 0.391667 0.010833 0.013333
2 0.720833 0.596667 0.019167 0.046667
2 0.500833 0.405000 0.009167 0.031667
3 0.757500 0.370000 0.007500 0.015000
3 0.622500 0.370000 0.007500 0.015000
2 0.732500 0.650000 0.020000 0.021667
2 0.347500 0.285000 0.010000 0.031667
2 0.472500 0.788333 0.015833 0.068333
3 0.733333 0.696667 0.017500 0.031667
2 0.378333 0.196667 0.097500 0.053333
3 0.810000 0.398333 0.009167 0.018333
3 0.435833 0.645000 0.007500 0.015000
2 0.761667 0.700000 0.014167 0.015000
2 0.783333 0.386667 0.011667 0.025000
3 0.419167 0.715000 0.008333 0.016667
3 0.735000 0.400000 0.008333 0.016667
2 0.429167 0.748333 0.022500 0.023333
2 0.314167 0.243333 0.009167 0.031667
3 0.426667 0.813333 0.011667 0.020000
2 0.535833 0.305000 0.026667 0.035000
2 0.515000 0.390000 0.013333 0.070000
2 0.771667 0.418333 0.017500 0.116667
2 0.422500 0.606667 0.035000 0.105000
2 0.315000 0.360000 0.022500 0.023333
3 0.799167 0.395000 0.009167 0.016667
2 0.275000 0.818333 0.010000 0.031667
2 0.475000 0.340000 0.010833 0.091667
2 0.741667 0.613333 0.020000 0.021667
2 0.530000 0.430000 0.023333 0.041667
3 0.245833 0.360000 0.007500 0.015000
2 0.730833 0.671667 0.048333 0.025000
2 0.541667 0.705000 0.010000 0.031667
2 0.327500 0.726667 0.020833 0.080000
3 0.485000 0.678333 0.013333 0.015000
3 0.460000 0.113333 0.009167 0.018333
2 0.717500 0.440000 0.017500 0.116667
3 0.340833 0.650000 0.007500 0.015000
2 0.444167 0.720000 0.048333 0.025000
2 0.703333 0.998333 0.022500 0.001667
3 0.403333 0.660000 0.010000 0.020000
2 0.740833 0.421667 0.023333 0.041667
3 0.771667 0.698333 0.015833 0.051667
2 0.473333 0.271667 0.097500 0.053333
2 0.487500 0.286667 0.030833 0.051667
2 0.474167 0.785000 0.023333 0.106667
3 0.457500 0.343333 0.009167 0.015000
3 0.530000 0.365000 0.009167 0.016667
2 0.691667 0.333333 0.035000 0.105000
2 0.578333 0.298333 0.035000 0.105000
3 0.505000 0.333333 0.007500 0.018333
3 0.400000 0.801667 0.017500 0.031667
3 0.280000 0.668333 0.007500 0.015000
2 0.499167 0.341667 0.058333 0.076667
3 0.794167 0.401667 0.013333 0.031667
3 0.776667 0.323333 0.008333 0.016667
3 0.748333 0.656667 0.011667 0.020000
3 0.573333 0.401667 0.011667 0.020000
3 0.812500 0.620000 0.009167 0.015000
3 0.309167 0.713333 0.007500 0.015000
2 0.760000 0.351667 0.011667 0.066667
3 0.318333 0.340000 0.009167 0.015000
2 0.260833 0.778333 0.011667 0.066667
2 0.504167 0.800000 0.019167 0.046667
2 0.385000 0.738333 0.015833 0.068333
3 0.330833 0.271667 0.010000 0.016667
3 0.708333 0.420000 0.009167 0.016667
3 0.332500 0.761667 0.011667 0.030000
3 0.396667 0.348333 0.009167 0.016667
2 0.315000 0.360000 0.022500 0.023333
3 0.354167 0.403333 0.008333 0.016667
3 0.735000 0.660000 0.011667 0.030000
2 0.451667 0.836667 0.013333 0.070000
3 0.800833 0.638333 0.013333 0.031667
2 0.660000 0.671667 0.020833 0.080000
2 0.281667 0.668333 0.048333 0.043333
3 0.782500 0.380000 0.010000 0.020000
2 0.756667 0.725000 0.009167 0.031667
2 0.485000 0.788333 0.022500 0.023333
