4 0.898333 0.526667 0.050833 0.028333
4 0.876667 0.703333 0.064167 0.096667
4 0.809167 0.626667 0.175000 0.150000
4 0.885000 0.448333 0.055833 0.130000
4 0.875833 0.495000 0.045000 0.020000
4 0.833333 0.501667 0.195833 0.055000
4 0.881667 0.586667 0.065833 0.145000
4 0.814167 0.598333 0.067500 0.026667
4 0.842500 0.601667 0.050000 0.058333
4 0.869167 0.661667 0.054167 0.123333
4 0.092500 0.516667 0.053333 0.048333
4 0.164167 0.550000 0.147500 0.055000
4 0.045000 0.473333 0.090000 0.143333
4 0.062500 0.531667 0.103333 0.076667
4 0.544167 0.546667 0.060000 0.038333
4 0.094167 0.605000 0.110000 0.131667
4 0.663333 0.520000 0.131667 0.041667
4 0.517500 0.543333 0.082500 0.026667
4 0.150833 0.566667 0.105000 0.036667
4 0.390833 0.628333 0.245000 0.225000
2 0.448333 0.481667 0.019167 0.046667
3 0.329167 0.621667 0.007500 0.015000
2 0.557500 0.543333 0.027500 0.016667
3 0.104167 0.560000 0.010000 0.016667
3 0.491667 0.533333 0.007500 0.016667
3 0.341667 0.588333 0.011667 0.020000
3 0.402500 0.526667 0.010833 0.023333
2 0.814167 0.513333 0.023333 0.106667
3 0.114167 0.491667 0.008333 0.021667
3 0.075000 0.488333 0.008333 0.016667
3 0.598333 0.508333 0.007500 0.015000
3 0.304167 0.588333 0.009167 0.023333
2 0.706667 0.516667 0.020833 0.080000
2 0.200833 0.426667 0.097500 0.053333
3 0.500833 0.435000 0.007500 0.015000
2 0.033333 0.533333 0.048333 0.025000
2 0.665833 0.466667 0.097500 0.053333
2 0.170833 0.525000 0.020833 0.028333
2 0.446667 0.428333 0.058333 0.076667
2 0.144167 0.563333 0.020833 0.080000
3 0.446667 0.513333 0.007500 0.018333
3 0.508333 0.585000 0.007500 0.018333
3 0.632500 0.555000 0.007500 0.015000
2 0.478333 0.515000 0.014167 0.015000
3 0.585833 0.486667 0.015833 0.051667
3 0.490833 0.435000 0.009167 0.015000
3 0.700000 0.480000 0.007500 0.018333
2 0.449167 0.513333 0.009167 0.031667
2 0.058333 0.478333 0.048333 0.043333
2 0.533333 0.488333 0.058333 0.076667
2 0.720000 0.555000 0.017500 0.116667
2 0.362500 0.520000 0.011667 0.066667
2 0.400833 0.501667 0.034167 0.100000
3 0.756667 0.518333 0.007500 0.018333
3 0.085833 0.510000 0.007500 0.015000
3 0.533333 0.571667 0.014167 0.025000
2 0.149167 0.476667 0.010000 0.031667
3 0.653333 0.531667 0.013333 0.015000
3 0.185000 0.501667 0.010000 0.020000
2 0.606667 0.576667 0.013333 0.070000
3 0.205833 0.608333 0.009167 0.023333
2 0.523333 0.578333 0.014167 0.015000
2 0.734167 0.555000 0.027500 0.016667
2 0.635833 0.498333 0.009167 0.040000
2 0.423333 0.581667 0.045833 0.021667
3 0.236667 0.545000 0.007500 0.015000
2 0.240000 0.545000 0.010833 0.091667
3 0.282500 0.516667 0.011667 0.030000
3 0.105000 0.543333 0.013333 0.031667
3 0.527500 0.581667 0.015833 0.051667
3 0.806667 0.466667 0.015833 0.051667
2 0.549167 0.565000 0.010833 0.091667
3 0.085000 0.588333 0.011667 0.030000
2 0.793333 0.531667 0.048333 0.025000
3 0.449167 0.581667 0.009167 0.015000
2 0.371667 0.545000 0.058333 0.076667
2 0.465833 0.415000 0.048333 0.043333
3 0.787500 0.566667 0.015833 0.051667
3 0.327500 0.460000 0.007500 0.015000
3 0.820833 0.556667 0.008333 0.016667
3 0.483333 0.466667 0.007500 0.015000
3 0.458333 0.503333 0.007500 0.015000
3 0.683333 0.506667 0.013333 0.031667
3 0.284167 0.580000 0.006667 0.018333
3 0.372500 0.500000 0.010000 0.016667
3 0.241667 0.475000 0.008333 0.016667
3 0.514167 0.541667 0.007500 0.018333
2 0.695833 0.411667 0.035000 0.105000
3 0.669167 0.473333 0.006667 0.018333
2 0.562500 0.531667 0.010833 0.091667
3 0.521667 0.565000 0.010833 0.023333
3 0.408333 0.580000 0.008333 0.016667
3 0.410833 0.566667 0.009167 0.016667
3 0.783333 0.511667 0.008333 0.016667
3 0.692500 0.516667 0.009167 0.016667
3 0.029167 0.580000 0.007500 0.018333
2 0.268333 0.573333 0.023333 0.041667
2 0.122500 0.435000 0.020833 0.028333
3 0.694167 0.551667 0.008333 0.021667
2 0.290000 0.461667 0.020833 0.028333
2 0.120000 0.478333 0.045833 0.021667
3 0.255000 0.576667 0.017500 0.031667
3 0.227500 0.518333 0.013333 0.015000
2 0.084167 0.480000 0.035000 0.105000
3 0.703333 0.491667 0.011667 0.030000
2 0.547500 0.520000 0.010000 0.031667
2 0.596667 0.451667 0.014167 0.015000
3 0.685833 0.466667 0.009167 0.015000
3 0.335833 0.530000 0.007500 0.016667
2 0.546667 0.576667 0.027500 0.016667
2 0.401667 0.585000 0.020833 0.028333
2 0.425000 0.466667 0.017500 0.116667
3 0.484167 0.543333 0.009167 0.016667
3 0.390833 0.530000 0.007500 0.016667
3 0.035833 0.545000 0.008333 0.016667
3 0.758333 0.465000 0.009167 0.018333
2 0.228333 0.523333 0.048333 0.043333
2 0.494167 0.601667 0.013333 0.070000
2 0.791667 0.570000 0.045833 0.021667
2 0.281667 0.590000 0.027500 0.016667
2 0.820833 0.661667 0.023333 0.041667
3 0.821667 0.543333 0.017500 0.031667
3 0.786667 0.396667 0.007500 0.015000
2 0.762500 0.591667 0.045833 0.021667
2 0.709167 0.998333 0.011667 0.001667
2 0.261667 0.766667 0.034167 0.100000
2 0.695000 0.630000 0.026667 0.035000
3 0.745000 0.710000 0.011667 0.030000
3 0.779167 0.663333 0.007500 0.015000
2 0.338333 0.698333 0.013333 0.070000
2 0.449167 0.265000 0.030833 0.051667
3 0.370833 0.761667 0.011667 0.020000
3 0.622500 0.385000 0.009167 0.016667
2 0.463333 0.365000 0.023333 0.106667
3 0.570000 0.405000 0.017500 0.031667
2 0.343333 0.390000 0.045833 0.021667
3 0.672500 0.456667 0.017500 0.031667
2 0.761667 0.376667 0.058333 0.076667
3 0.705000 0.668333 0.008333 0.016667
2 0.275833 0.758333 0.010000 0.031667
2 0.680833 0.773333 0.097500 0.053333
3 0.692500 0.370000 0.008333 0.016667
3 0.684167 0.683333 0.009167 0.015000
2 0.819167 0.685000 0.015833 0.068333
2 0.339167 0.368333 0.020000 0.021667
2 0.695000 0.691667 0.011667 0.066667
3 0.665000 0.441667 0.013333 0.015000
3 0.774167 0.351667 0.009167 0.015000
3 0.555833 0.665000 0.013333 0.031667
2 0.489167 0.275000 0.011667 0.066667
2 0.264167 0.731667 0.029167 0.038333
3 0.637500 0.671667 0.007500 0.018333
3 0.676667 0.708333 0.009167 0.015000
3 0.149167 0.666667 0.014167 0.025000
2 0.704167 0.701667 0.023333 0.041667
2 0.504167 0.331667 0.010000 0.031667
3 0.230833 0.398333 0.007500 0.015000
2 0.416667 0.768333 0.019167 0.046667
2 0.757500 0.590000 0.048333 0.043333
3 0.776667 0.660000 0.011667 0.030000
3 0.832500 0.410000 0.008333 0.016667
2 0.457500 0.696667 0.022500 0.023333
3 0.698333 0.663333 0.007500 0.015000
3 0.340000 0.391667 0.008333 0.021667
2 0.716667 0.340000 0.020833 0.028333
2 0.815000 0.396667 0.021667 0.090000
2 0.362500 0.640000 0.017500 0.116667
3 0.762500 0.373333 0.006667 0.018333
3 0.461667 0.658333 0.009167 0.015000
3 0.540833 0.998333 0.008333 0.001667
2 0.705000 0.621667 0.011667 0.066667
3 0.390000 0.733333 0.008333 0.016667
3 0.572500 0.386667 0.009167 0.016667
2 0.655000 0.648333 0.011667 0.066667
3 0.433333 0.758333 0.009167 0.016667
3 0.428333 0.681667 0.015833 0.051667
3 0.725833 0.668333 0.011667 0.020000
2 0.748333 0.636667 0.020833 0.028333
2 0.820833 0.430000 0.030833 0.051667
3 0.323333 0.345000 0.006667 0.018333
3 0.430833 0.748333 0.011667 0.030000
3 0.469167 0.115000 0.014167 0.025000
2 0.770833 0.421667 0.020833 0.080000
2 0.265833 0.390000 0.027500 0.016667
3 0.380000 0.758333 0.010000 0.020000
3 0.421667 0.656667 0.007500 0.018333
2 0.232500 0.750000 0.097500 0.053333
2 0.697500 0.333333 0.023333 0.041667
3 0.663333 0.340000 0.008333 0.016667
3 0.655000 0.381667 0.007500 0.016667
3 0.620833 0.290000 0.009167 0.015000
2 0.550000 0.788333 0.020833 0.080000
2 0.589167 0.156667 0.017500 0.116667
3 0.405833 0.715000 0.008333 0.016667
2 0.348333 0.673333 0.048333 0.043333
2 0.790000 0.715000 0.011667 0.025000
2 0.531667 0.730000 0.048333 0.025000
3 0.407500 0.676667 0.010000 0.020000
2 0.700000 0.643333 0.035000 0.105000
2 0.705000 0.651667 0.034167 0.038333
3 0.784167 0.393333 0.009167 0.018333
2 0.666667 0.340000 0.045833 0.021667
2 0.448333 0.373333 0.019167 0.046667
2 0.622500 0.381667 0.010000 0.031667
2 0.443333 0.688333 0.019167 0.046667
3 0.731667 0.723333 0.007500 0.018333
2 0.611667 0.630000 0.029167 0.038333
3 0.670000 0.365000 0.009167 0.023333
2 0.651667 0.640000 0.014167 0.015000
3 0.775833 0.323333 0.009167 0.016667
2 0.556667 0.415000 0.011667 0.025000
3 0.680833 0.623333 0.008333 0.016667
3 0.648333 0.685000 0.011667 0.030000
3 0.764167 0.705000 0.009167 0.023333
2 0.329167 0.293333 0.011667 0.066667
2 0.783333 0.885000 0.011667 0.025000
3 0.535833 0.693333 0.007500 0.018333
2 0.659167 0.383333 0.034167 0.100000
2 0.670833 0.420000 0.013333 0.070000
3 0.683333 0.673333 0.007500 0.015000
2 0.665833 0.390000 0.009167 0.040000
2 0.554167 0.668333 0.027500 0.016667
2 0.472500 0.150000 0.015833 0.068333
2 0.768333 0.418333 0.029167 0.038333
3 0.753333 0.623333 0.010000 0.016667
2 0.775000 0.671667 0.009167 0.040000
2 0.715833 0.790000 0.027500 0.016667
3 0.366667 0.616667 0.007500 0.016667
2 0.272500 0.818333 0.014167 0.015000
3 0.675000 0.380000 0.017500 0.031667
3 0.404167 0.661667 0.008333 0.016667
3 0.685833 0.346667 0.007500 0.015000
3 0.755833 0.366667 0.010833 0.013333
2 0.538333 0.625000 0.035000 0.105000
3 0.566667 0.381667 0.010000 0.016667
3 0.786667 0.336667 0.007500 0.016667
2 0.220000 0.676667 0.020833 0.080000
3 0.553333 0.998333 0.013333 0.001667
2 0.798333 0.648333 0.022500 0.023333
3 0.750833 0.713333 0.013333 0.015000
3 0.515833 0.810000 0.007500 0.015000
2 0.557500 0.253333 0.026667 0.035000
2 0.558333 0.308333 0.010833 0.091667
2 0.341667 0.735000 0.027500 0.016667
2 0.726667 0.671667 0.030833 0.051667
3 0.759167 0.610000 0.007500 0.015000
3 0.574167 0.663333 0.007500 0.015000
2 0.395833 0.356667 0.097500 0.053333
2 0.310000 0.808333 0.010833 0.091667
3 0.469167 0.376667 0.011667 0.030000
2 0.280000 0.815000 0.034167 0.100000
3 0.645833 0.635000 0.009167 0.016667
3 0.306667 0.726667 0.009167 0.016667
2 0.485000 0.283333 0.034167 0.100000
2 0.748333 0.625000 0.014167 0.015000
3 0.389167 0.731667 0.009167 0.016667
2 0.449167 0.261667 0.011667 0.066667
2 0.685833 0.440000 0.021667 0.090000
2 0.673333 0.711667 0.010833 0.091667
3 0.460000 0.715000 0.009167 0.016667
2 0.664167 0.628333 0.023333 0.106667
3 0.309167 0.726667 0.008333 0.021667
2 0.715833 0.416667 0.048333 0.025000
3 0.567500 0.300000 0.009167 0.023333
3 0.353333 0.663333 0.006667 0.018333
3 0.795833 0.645000 0.006667 0.018333
2 0.760833 0.655000 0.022500 0.023333
2 0.748333 0.316667 0.034167 0.038333
3 0.200000 0.658333 0.013333 0.015000
2 0.684167 0.616667 0.020833 0.028333
2 0.471667 0.616667 0.020000 0.021667
3 0.341667 0.838333 0.009167 0.018333
3 0.741667 0.380000 0.017500 0.031667
2 0.618333 0.391667 0.048333 0.025000
3 0.393333 0.691667 0.008333 0.016667
2 0.640833 0.631667 0.020000 0.021667
3 0.330833 0.390000 0.007500 0.015000
2 0.453333 0.278333 0.009167 0.031667
2 0.658333 0.386667 0.013333 0.070000
2 0.597500 0.323333 0.023333 0.106667
3 0.290000 0.358333 0.008333 0.021667
2 0.803333 0.416667 0.027500 0.016667
3 0.803333 0.346667 0.009167 0.016667
2 0.646667 0.385000 0.048333 0.025000
3 0.361667 0.668333 0.008333 0.016667
3 0.730000 0.445000 0.015833 0.051667
3 0.479167 0.183333 0.014167 0.025000
3 0.710833 0.683333 0.015833 0.051667
2 0.748333 0.378333 0.048333 0.043333
2 0.333333 0.640000 0.017500 0.116667
3 0.673333 0.410000 0.009167 0.016667
3 0.293333 0.830000 0.006667 0.018333
2 0.524167 0.618333 0.017500 0.116667
3 0.740000 0.658333 0.013333 0.015000
2 0.715000 0.441667 0.013333 0.070000
2 0.776667 0.576667 0.009167 0.040000
2 0.347500 0.373333 0.020833 0.080000
2 0.598333 0.641667 0.017500 0.116667
2 0.769167 0.326667 0.010000 0.031667
2 0.659167 0.381667 0.014167 0.015000
2 0.312500 0.383333 0.009167 0.031667
2 0.304167 0.685000 0.011667 0.025000
3 0.425833 0.721667 0.009167 0.018333
3 0.691667 0.710000 0.007500 0.015000
2 0.421667 0.340000 0.011667 0.025000
2 0.550000 0.370000 0.011667 0.066667
2 0.394167 0.631667 0.020833 0.080000
3 0.711667 0.611667 0.008333 0.016667
3 0.735833 0.413333 0.008333 0.016667
2 0.237500 0.641667 0.034167 0.038333
2 0.266667 0.761667 0.029167 0.038333
2 0.588333 0.770000 0.021667 0.090000
2 0.818333 0.420000 0.015833 0.068333
2 0.476667 0.398333 0.030833 0.051667
2 0.530000 0.271667 0.030833 0.051667
2 0.632500 0.401667 0.011667 0.025000
2 0.455833 0.258333 0.011667 0.066667
2 0.430000 0.708333 0.021667 0.090000
2 0.540000 0.345000 0.048333 0.025000
3 0.738333 0.416667 0.009167 0.016667
