4 0.800833 0.633333 0.085833 0.135000
4 0.878333 0.453333 0.035000 0.063333
4 0.830000 0.531667 0.063333 0.061667
4 0.805833 0.653333 0.065000 0.158333
4 0.858333 0.516667 0.068333 0.156667
4 0.790833 0.465000 0.130833 0.181667
4 0.835000 0.358333 0.094167 0.025000
4 0.863333 0.416667 0.055833 0.053333
4 0.758333 0.358333 0.219167 0.081667
4 0.827500 0.451667 0.052500 0.075000
4 0.325833 0.596667 0.150000 0.066667
4 0.407500 0.603333 0.167500 0.238333
4 0.037500 0.656667 0.075000 0.220000
4 0.489167 0.435000 0.058333 0.120000
4 0.067500 0.448333 0.115833 0.143333
4 0.171667 0.555000 0.038333 0.093333
4 0.347500 0.606667 0.047500 0.116667
4 0.165000 0.463333 0.111667 0.185000
4 0.114167 0.710000 0.229167 0.368333
4 0.117500 0.596667 0.065000 0.116667
3 0.295833 0.530000 0.013333 0.015000
3 0.238333 0.565000 0.010833 0.023333
2 0.585833 0.458333 0.097500 0.053333
3 0.354167 0.528333 0.010000 0.016667
3 0.655000 0.476667 0.007500 0.016667
3 0.480000 0.455000 0.009167 0.018333
2 0.308333 0.515000 0.023333 0.041667
2 0.245833 0.523333 0.009167 0.031667
2 0.161667 0.453333 0.011667 0.025000
3 0.185833 0.480000 0.010000 0.016667
3 0.738333 0.513333 0.013333 0.015000
3 0.143333 0.485000 0.013333 0.031667
3 0.450000 0.586667 0.009167 0.016667
3 0.582500 0.563333 0.009167 0.016667
2 0.604167 0.476667 0.020833 0.080000
2 0.198333 0.571667 0.010000 0.031667
2 0.270833 0.503333 0.026667 0.035000
3 0.145833 0.568333 0.011667 0.030000
2 0.332500 0.466667 0.014167 0.015000
2 0.466667 0.406667 0.058333 0.076667
2 0.810000 0.705000 0.020833 0.080000
2 0.202500 0.590000 0.034167 0.038333
2 0.161667 0.485000 0.034167 0.100000
3 0.124167 0.531667 0.006667 0.018333
2 0.178333 0.563333 0.022500 0.023333
3 0.469167 0.603333 0.010833 0.023333
2 0.524167 0.540000 0.030833 0.051667
3 0.215000 0.531667 0.009167 0.015000
2 0.030000 0.436667 0.020833 0.080000
2 0.787500 0.560000 0.034167 0.038333
2 0.815000 0.466667 0.027500 0.016667
2 0.075833 0.561667 0.013333 0.070000
2 0.290000 0.536667 0.023333 0.041667
2 0.222500 0.448333 0.097500 0.053333
3 0.319167 0.468333 0.008333 0.016667
3 0.521667 0.535000 0.007500 0.018333
3 0.609167 0.613333 0.011667 0.030000
2 0.595833 0.563333 0.029167 0.038333
2 0.274167 0.441667 0.019167 0.046667
3 0.803333 0.605000 0.006667 0.018333
2 0.632500 0.493333 0.009167 0.031667
2 0.790833 0.510000 0.022500 0.023333
3 0.610833 0.611667 0.009167 0.023333
3 0.490833 0.511667 0.007500 0.018333
2 0.490000 0.445000 0.010000 0.031667
3 0.018333 0.535000 0.009167 0.016667
3 0.390000 0.488333 0.008333 0.016667
3 0.553333 0.573333 0.009167 0.015000
2 0.210000 0.493333 0.023333 0.041667
3 0.123333 0.483333 0.010000 0.016667
2 0.036667 0.565000 0.023333 0.106667
3 0.290833 0.573333 0.009167 0.016667
2 0.250833 0.471667 0.034167 0.038333
2 0.485000 0.465000 0.013333 0.070000
2 0.264167 0.555000 0.048333 0.025000
2 0.618333 0.485000 0.048333 0.025000
3 0.035833 0.531667 0.017500 0.031667
2 0.021667 0.536667 0.020833 0.028333
2 0.662500 0.556667 0.009167 0.031667
2 0.374167 0.531667 0.045833 0.021667
3 0.652500 0.495000 0.010000 0.020000
2 0.555000 0.498333 0.048333 0.025000
3 0.655000 0.580000 0.009167 0.018333
2 0.355833 0.455000 0.017500 0.116667
3 0.613333 0.476667 0.010833 0.013333
2 0.281667 0.580000 0.020833 0.028333
2 0.475000 0.526667 0.020833 0.080000
3 0.678333 0.513333 0.007500 0.018333
3 0.127500 0.525000 0.007500 0.015000
3 0.685833 0.508333 0.010000 0.020000
3 0.823333 0.596667 0.009167 0.018333
3 0.385833 0.566667 0.008333 0.016667
2 0.295833 0.580000 0.011667 0.066667
2 0.675000 0.581667 0.048333 0.043333
2 0.041667 0.538333 0.021667 0.090000
2 0.268333 0.506667 0.010833 0.091667
3 0.501667 0.500000 0.007500 0.015000
2 0.511667 0.496667 0.029167 0.038333
2 0.276667 0.495000 0.010833 0.091667
2 0.351667 0.526667 0.048333 0.025000
2 0.442500 0.486667 0.020833 0.080000
3 0.600000 0.523333 0.009167 0.015000
2 0.070000 0.510000 0.020000 0.021667
3 0.430000 0.585000 0.010833 0.023333
2 0.482500 0.578333 0.023333 0.106667
2 0.319167 0.483333 0.023333 0.041667
3 0.065000 0.490000 0.010000 0.016667
3 0.020833 0.541667 0.008333 0.016667
2 0.355833 0.513333 0.020000 0.021667
2 0.520000 0.515000 0.048333 0.025000
2 0.583333 0.628333 0.034167 0.100000
2 0.680000 0.561667 0.029167 0.038333
3 0.322500 0.555000 0.015833 0.051667
3 0.088333 0.568333 0.007500 0.016667
2 0.403333 0.616667 0.020833 0.080000
3 0.370833 0.470000 0.008333 0.016667
3 0.780833 0.550000 0.009167 0.016667
2 0.338333 0.563333 0.034167 0.038333
2 0.466667 0.410000 0.009167 0.040000
2 0.280833 0.531667 0.011667 0.066667
3 0.166667 0.581667 0.008333 0.016667
3 0.721667 0.543333 0.008333 0.021667
2 0.401667 0.703333 0.020000 0.021667
3 0.474167 0.825000 0.010000 0.020000
3 0.755000 0.311667 0.008333 0.016667
2 0.546667 0.648333 0.023333 0.106667
2 0.275000 0.391667 0.010000 0.031667
3 0.646667 0.385000 0.006667 0.018333
2 0.532500 0.276667 0.011667 0.025000
2 0.548333 0.660000 0.027500 0.016667
2 0.258333 0.680000 0.015833 0.068333
2 0.675000 0.633333 0.048333 0.025000
2 0.340833 0.746667 0.014167 0.015000
3 0.674167 0.430000 0.011667 0.030000
2 0.740833 0.410000 0.034167 0.038333
2 0.655833 0.358333 0.020833 0.080000
3 0.770833 0.615000 0.007500 0.016667
2 0.720000 0.336667 0.020833 0.028333
2 0.415000 0.838333 0.034167 0.100000
3 0.485000 0.313333 0.008333 0.016667
3 0.392500 0.351667 0.017500 0.031667
2 0.670833 0.416667 0.009167 0.031667
3 0.715000 0.370000 0.009167 0.016667
2 0.751667 0.710000 0.030833 0.051667
2 0.466667 0.281667 0.035000 0.105000
3 0.710833 0.673333 0.008333 0.016667
2 0.431667 0.745000 0.020000 0.021667
2 0.705833 0.666667 0.034167 0.100000
2 0.260833 0.840000 0.048333 0.025000
2 0.559167 0.775000 0.027500 0.016667
2 0.523333 0.411667 0.011667 0.066667
2 0.273333 0.261667 0.045833 0.021667
2 0.501667 0.220000 0.048333 0.043333
3 0.795833 0.413333 0.009167 0.015000
3 0.555833 0.706667 0.008333 0.016667
3 0.585000 0.613333 0.007500 0.015000
3 0.715000 0.675000 0.008333 0.016667
2 0.265000 0.273333 0.034167 0.038333
3 0.655000 0.415000 0.007500 0.018333
2 0.636667 0.615000 0.027500 0.016667
2 0.295833 0.376667 0.045833 0.021667
2 0.421667 0.386667 0.021667 0.090000
3 0.755833 0.413333 0.013333 0.015000
3 0.705000 0.725000 0.010833 0.023333
3 0.250833 0.650000 0.007500 0.016667
2 0.510000 0.295000 0.048333 0.025000
2 0.649167 0.415000 0.034167 0.100000
3 0.719167 0.368333 0.008333 0.016667
3 0.250833 0.650000 0.008333 0.016667
2 0.660000 0.396667 0.014167 0.015000
3 0.550833 0.756667 0.009167 0.016667
3 0.465000 0.261667 0.013333 0.031667
2 0.676667 0.691667 0.019167 0.046667
3 0.764167 0.725000 0.011667 0.030000
3 0.698333 0.381667 0.015833 0.051667
3 0.153333 0.675000 0.006667 0.018333
3 0.662500 0.666667 0.009167 0.016667
2 0.798333 0.411667 0.034167 0.100000
2 0.337500 0.831667 0.019167 0.046667
3 0.788333 0.681667 0.013333 0.031667
3 0.674167 0.408333 0.008333 0.016667
2 0.718333 0.785000 0.058333 0.076667
3 0.344167 0.638333 0.010000 0.020000
3 0.330000 0.676667 0.007500 0.015000
2 0.315000 0.293333 0.029167 0.038333
3 0.745000 0.383333 0.009167 0.018333
3 0.326667 0.710000 0.006667 0.018333
2 0.491667 0.361667 0.017500 0.116667
3 0.366667 0.616667 0.008333 0.016667
2 0.634167 0.663333 0.013333 0.070000
2 0.650833 0.676667 0.020000 0.021667
2 0.337500 0.718333 0.020833 0.080000
3 0.789167 0.390000 0.010833 0.013333
3 0.387500 0.700000 0.008333 0.021667
2 0.769167 0.406667 0.021667 0.090000
2 0.801667 0.421667 0.030833 0.051667
2 0.775000 0.616667 0.020833 0.080000
3 0.738333 0.693333 0.008333 0.016667
3 0.535000 0.303333 0.008333 0.021667
3 0.410000 0.688333 0.013333 0.015000
2 0.414167 0.843333 0.010000 0.031667
3 0.574167 0.616667 0.010833 0.023333
2 0.258333 0.383333 0.021667 0.090000
3 0.465833 0.376667 0.009167 0.023333
2 0.825000 0.428333 0.026667 0.035000
3 0.658333 0.391667 0.015833 0.051667
3 0.470000 0.358333 0.009167 0.016667
2 0.617500 0.621667 0.048333 0.043333
2 0.247500 0.746667 0.019167 0.046667
2 0.594167 0.358333 0.029167 0.038333
3 0.731667 0.383333 0.008333 0.016667
2 0.770000 0.638333 0.048333 0.043333
3 0.434167 0.661667 0.017500 0.031667
2 0.325833 0.380000 0.010000 0.031667
2 0.522500 0.398333 0.022500 0.023333
2 0.757500 0.591667 0.011667 0.066667
3 0.650000 0.668333 0.010000 0.020000
3 0.736667 0.663333 0.008333 0.016667
3 0.445000 0.376667 0.009167 0.016667
2 0.770833 0.346667 0.048333 0.025000
3 0.467500 0.711667 0.013333 0.031667
3 0.141667 0.650000 0.010833 0.013333
2 0.747500 0.410000 0.020833 0.028333
3 0.804167 0.648333 0.010833 0.013333
3 0.734167 0.718333 0.009167 0.015000
2 0.706667 0.581667 0.011667 0.066667
3 0.481667 0.303333 0.010833 0.023333
3 0.689167 0.355000 0.009167 0.016667
2 0.380833 0.665000 0.020833 0.080000
2 0.299167 0.795000 0.022500 0.023333
3 0.701667 0.273333 0.007500 0.015000
3 0.226667 0.336667 0.008333 0.016667
2 0.654167 0.345000 0.011667 0.066667
2 0.281667 0.671667 0.035000 0.105000
3 0.428333 0.811667 0.008333 0.016667
3 0.719167 0.640000 0.007500 0.018333
3 0.315000 0.645000 0.008333 0.016667
3 0.338333 0.643333 0.007500 0.016667
2 0.790000 0.368333 0.027500 0.016667
2 0.300833 0.686667 0.034167 0.100000
3 0.230833 0.675000 0.010000 0.020000
3 0.657500 0.398333 0.009167 0.018333
3 0.778333 0.700000 0.009167 0.018333
2 0.739167 0.628333 0.021667 0.090000
3 0.440833 0.656667 0.009167 0.023333
3 0.290000 0.355000 0.008333 0.016667
3 0.264167 0.355000 0.009167 0.018333
2 0.325833 0.448333 0.020833 0.080000
2 0.687500 0.366667 0.017500 0.116667
2 0.180000 0.635000 0.019167 0.046667
2 0.544167 0.735000 0.023333 0.106667
3 0.231667 0.400000 0.006667 0.018333
3 0.767500 0.330000 0.015833 0.051667
3 0.333333 0.648333 0.009167 0.015000
2 0.804167 0.411667 0.026667 0.035000
2 0.452500 0.348333 0.009167 0.040000
3 0.654167 0.380000 0.009167 0.015000
2 0.551667 0.181667 0.020833 0.080000
2 0.752500 0.396667 0.023333 0.106667
3 0.385000 0.371667 0.010833 0.013333
2 0.690000 0.628333 0.023333 0.041667
2 0.527500 0.698333 0.097500 0.053333
2 0.665833 0.361667 0.026667 0.035000
2 0.434167 0.738333 0.045833 0.021667
2 0.690833 0.698333 0.021667 0.090000
2 0.335000 0.241667 0.026667 0.035000
3 0.562500 0.371667 0.007500 0.015000
2 0.444167 0.323333 0.015833 0.068333
3 0.305000 0.733333 0.007500 0.015000
3 0.455833 0.803333 0.009167 0.023333
3 0.785000 0.601667 0.009167 0.023333
3 0.444167 0.670000 0.010000 0.020000
3 0.334167 0.758333 0.008333 0.016667
2 0.291667 0.175000 0.034167 0.100000
2 0.300000 0.678333 0.035000 0.105000
2 0.825833 0.403333 0.017500 0.116667
2 0.440000 0.805000 0.030833 0.051667
2 0.668333 0.441667 0.026667 0.035000
2 0.307500 0.701667 0.009167 0.031667
3 0.479167 0.640000 0.014167 0.025000
3 0.355833 0.645000 0.013333 0.031667
2 0.210000 0.385000 0.035000 0.105000
2 0.472500 0.821667 0.013333 0.070000
3 0.620833 0.678333 0.008333 0.016667
3 0.658333 0.356667 0.008333 0.016667
2 0.320833 0.700000 0.021667 0.090000
2 0.510000 0.371667 0.023333 0.106667
3 0.288333 0.808333 0.009167 0.023333
2 0.795833 0.355000 0.015833 0.068333
3 0.385000 0.391667 0.013333 0.031667
3 0.460000 0.666667 0.011667 0.020000
3 0.690000 0.640000 0.007500 0.015000
2 0.380833 0.373333 0.022500 0.023333
2 0.443333 0.166667 0.013333 0.070000
2 0.500000 0.281667 0.029167 0.038333
3 0.829167 0.413333 0.009167 0.018333
3 0.193333 0.401667 0.010000 0.020000
3 0.326667 0.671667 0.009167 0.018333
3 0.302500 0.406667 0.009167 0.015000
3 0.510833 0.260000 0.009167 0.016667
2 0.673333 0.390000 0.009167 0.040000
3 0.230833 0.678333 0.009167 0.023333
2 0.452500 0.836667 0.035000 0.105000
2 0.685833 0.703333 0.029167 0.038333
2 0.450833 0.370000 0.022500 0.023333
2 0.775833 0.450000 0.020833 0.080000
3 0.791667 0.425000 0.007500 0.018333
3 0.667500 0.616667 0.007500 0.016667
2 0.673333 0.331667 0.019167 0.046667
2 0.540833 0.718333 0.029167 0.038333
3 0.305833 0.691667 0.007500 0.018333
2 0.672500 0.653333 0.034167 0.100000
3 0.441667 0.791667 0.007500 0.018333
3 0.630833 0.440000 0.011667 0.030000
3 0.811667 0.721667 0.011667 0.020000
2 0.295833 0.688333 0.027500 0.016667
2 0.619167 0.395000 0.035000 0.105000
2 0.532500 0.368333 0.015833 0.068333
3 0.730000 0.301667 0.010000 0.020000
2 0.680000 0.651667 0.023333 0.041667
