4 0.815000 0.476667 0.107500 0.036667
4 0.780833 0.501667 0.131667 0.138333
4 0.748333 0.498333 0.247500 0.076667
4 0.829167 0.445000 0.107500 0.058333
4 0.873333 0.691667 0.064167 0.066667
4 0.818333 0.663333 0.161667 0.115000
4 0.781667 0.543333 0.134167 0.155000
4 0.839167 0.386667 0.088333 0.055000
4 0.850000 0.558333 0.065000 0.070000
4 0.769167 0.653333 0.245000 0.120000
4 0.025833 0.460000 0.051667 0.095000
4 0.649167 0.438333 0.116667 0.155000
4 0.563333 0.500000 0.098333 0.113333
4 0.289167 0.480000 0.129167 0.180000
4 0.568333 0.556667 0.050000 0.048333
4 0.324167 0.475000 0.074167 0.060000
4 0.511667 0.508333 0.082500 0.065000
4 0.020833 0.486667 0.042500 0.091667
4 0.620833 0.476667 0.068333 0.045000
4 0.176667 0.651667 0.208333 0.340000
2 0.299167 0.503333 0.020000 0.021667
2 0.272500 0.485000 0.017500 0.116667
2 0.578333 0.581667 0.023333 0.041667
2 0.821667 0.495000 0.017500 0.116667
3 0.817500 0.665000 0.008333 0.016667
3 0.110000 0.453333 0.009167 0.016667
2 0.600833 0.475000 0.058333 0.076667
2 0.783333 0.525000 0.020000 0.021667
2 0.602500 0.513333 0.097500 0.053333
2 0.504167 0.535000 0.009167 0.031667
2 0.430000 0.483333 0.009167 0.040000
2 0.717500 0.461667 0.029167 0.038333
3 0.040833 0.536667 0.010000 0.020000
2 0.390833 0.481667 0.014167 0.015000
2 0.347500 0.540000 0.029167 0.038333
2 0.097500 0.445000 0.034167 0.038333
3 0.200000 0.455000 0.008333 0.016667
3 0.641667 0.505000 0.013333 0.015000
2 0.365000 0.491667 0.011667 0.066667
2 0.719167 0.513333 0.011667 0.066667
3 0.297500 0.525000 0.008333 0.016667
2 0.515833 0.538333 0.020000 0.021667
2 0.218333 0.526667 0.023333 0.106667
2 0.655000 0.515000 0.034167 0.038333
3 0.817500 0.526667 0.008333 0.021667
2 0.438333 0.526667 0.019167 0.046667
3 0.052500 0.531667 0.010000 0.016667
2 0.381667 0.558333 0.034167 0.100000
3 0.725000 0.473333 0.015833 0.051667
2 0.658333 0.498333 0.015833 0.068333
2 0.803333 0.580000 0.048333 0.025000
2 0.488333 0.521667 0.048333 0.025000
3 0.287500 0.563333 0.007500 0.016667
3 0.051667 0.566667 0.008333 0.016667
3 0.033333 0.561667 0.009167 0.016667
2 0.141667 0.465000 0.029167 0.038333
3 0.572500 0.498333 0.009167 0.016667
2 0.185000 0.476667 0.020833 0.028333
3 0.126667 0.578333 0.015833 0.051667
3 0.059167 0.531667 0.009167 0.016667
3 0.295000 0.540000 0.013333 0.015000
3 0.318333 0.561667 0.013333 0.015000
3 0.020000 0.523333 0.006667 0.018333
3 0.803333 0.540000 0.008333 0.016667
2 0.538333 0.565000 0.014167 0.015000
3 0.328333 0.455000 0.013333 0.031667
3 0.160000 0.576667 0.009167 0.016667
2 0.308333 0.615000 0.034167 0.100000
2 0.239167 0.521667 0.015833 0.068333
2 0.265833 0.583333 0.020833 0.028333
3 0.651667 0.468333 0.010833 0.013333
2 0.287500 0.513333 0.020833 0.080000
3 0.300833 0.568333 0.015833 0.051667
2 0.728333 0.560000 0.020833 0.080000
2 0.153333 0.576667 0.011667 0.066667
3 0.353333 0.503333 0.006667 0.018333
3 0.285833 0.570000 0.010000 0.020000
2 0.535833 0.446667 0.097500 0.053333
2 0.715833 0.511667 0.034167 0.100000
2 0.341667 0.548333 0.010833 0.091667
2 0.732500 0.480000 0.045833 0.021667
3 0.178333 0.465000 0.007500 0.018333
2 0.308333 0.543333 0.010833 0.091667
2 0.329167 0.448333 0.009167 0.040000
2 0.202500 0.536667 0.029167 0.038333
3 0.631667 0.486667 0.010833 0.013333
3 0.611667 0.558333 0.008333 0.016667
2 0.440833 0.530000 0.014167 0.015000
2 0.146667 0.501667 0.048333 0.025000
2 0.288333 0.468333 0.015833 0.068333
2 0.106667 0.543333 0.020833 0.080000
3 0.144167 0.520000 0.007500 0.018333
2 0.519167 0.525000 0.034167 0.100000
2 0.801667 0.566667 0.035000 0.105000
2 0.650000 0.511667 0.020833 0.028333
2 0.674167 0.468333 0.010000 0.031667
2 0.196667 0.523333 0.017500 0.116667
2 0.209167 0.486667 0.020833 0.028333
2 0.804167 0.555000 0.010833 0.091667
3 0.615833 0.495000 0.009167 0.016667
2 0.120000 0.451667 0.011667 0.066667
3 0.160000 0.553333 0.010000 0.016667
3 0.580833 0.535000 0.007500 0.016667
2 0.495833 0.465000 0.014167 0.015000
3 0.036667 0.475000 0.009167 0.016667
3 0.431667 0.598333 0.009167 0.016667
2 0.526667 0.501667 0.009167 0.031667
2 0.409167 0.581667 0.013333 0.070000
3 0.107500 0.573333 0.013333 0.031667
3 0.825833 0.645000 0.013333 0.031667
2 0.681667 0.473333 0.027500 0.016667
3 0.358333 0.511667 0.006667 0.018333
3 0.521667 0.496667 0.007500 0.018333
3 0.375833 0.485000 0.007500 0.015000
3 0.427500 0.580000 0.010000 0.016667
2 0.468333 0.403333 0.009167 0.040000
2 0.526667 0.573333 0.020000 0.021667
2 0.740000 0.500000 0.020000 0.021667
2 0.640833 0.525000 0.022500 0.023333
2 0.773333 0.571667 0.027500 0.016667
3 0.564167 0.513333 0.007500 0.015000
3 0.636667 0.486667 0.013333 0.015000
3 0.306667 0.811667 0.008333 0.016667
3 0.774167 0.361667 0.013333 0.015000
3 0.607500 0.345000 0.008333 0.021667
2 0.672500 0.316667 0.035000 0.105000
3 0.520000 0.845000 0.007500 0.018333
2 0.715833 0.403333 0.034167 0.038333
3 0.777500 0.366667 0.017500 0.031667
2 0.401667 0.386667 0.020833 0.080000
2 0.210833 0.651667 0.027500 0.016667
3 0.648333 0.346667 0.007500 0.015000
3 0.550833 0.710000 0.008333 0.016667
2 0.720833 0.700000 0.097500 0.053333
3 0.323333 0.375000 0.014167 0.025000
3 0.623333 0.658333 0.009167 0.023333
3 0.575000 0.618333 0.010000 0.016667
2 0.292500 0.738333 0.013333 0.070000
3 0.391667 0.381667 0.007500 0.015000
2 0.716667 0.413333 0.010000 0.031667
3 0.725000 0.665000 0.014167 0.025000
2 0.766667 0.630000 0.034167 0.100000
3 0.708333 0.371667 0.009167 0.015000
2 0.670833 0.346667 0.045833 0.021667
2 0.499167 0.335000 0.022500 0.023333
2 0.577500 0.718333 0.009167 0.040000
2 0.258333 0.676667 0.035000 0.105000
3 0.323333 0.656667 0.013333 0.015000
2 0.351667 0.693333 0.034167 0.038333
3 0.699167 0.308333 0.007500 0.015000
3 0.285833 0.250000 0.007500 0.015000
2 0.340000 0.668333 0.017500 0.116667
2 0.652500 0.393333 0.014167 0.015000
3 0.767500 0.383333 0.009167 0.018333
2 0.675000 0.406667 0.009167 0.040000
3 0.399167 0.655000 0.011667 0.020000
2 0.496667 0.326667 0.015833 0.068333
3 0.629167 0.338333 0.009167 0.016667
2 0.474167 0.346667 0.011667 0.066667
3 0.390000 0.648333 0.007500 0.016667
2 0.804167 0.385000 0.029167 0.038333
3 0.505833 0.295000 0.017500 0.031667
2 0.424167 0.685000 0.058333 0.076667
2 0.707500 0.640000 0.034167 0.038333
3 0.226667 0.706667 0.007500 0.015000
2 0.524167 0.620000 0.020833 0.080000
2 0.380000 0.711667 0.009167 0.031667
2 0.770000 0.603333 0.023333 0.041667
3 0.792500 0.650000 0.007500 0.018333
3 0.300833 0.650000 0.008333 0.016667
2 0.665000 0.330000 0.011667 0.066667
3 0.307500 0.693333 0.009167 0.016667
3 0.509167 0.318333 0.007500 0.018333
3 0.272500 0.320000 0.009167 0.015000
2 0.230833 0.770000 0.034167 0.100000
3 0.418333 0.363333 0.014167 0.025000
2 0.702500 0.288333 0.035000 0.105000
2 0.525000 0.293333 0.026667 0.035000
3 0.758333 0.415000 0.007500 0.015000
3 0.682500 0.615000 0.009167 0.015000
2 0.714167 0.658333 0.034167 0.038333
2 0.665833 0.418333 0.009167 0.031667
3 0.701667 0.373333 0.010000 0.020000
2 0.367500 0.661667 0.035000 0.105000
2 0.566667 0.135000 0.015833 0.068333
3 0.649167 0.680000 0.009167 0.016667
3 0.626667 0.326667 0.010000 0.016667
2 0.769167 0.398333 0.010833 0.091667
3 0.571667 0.638333 0.008333 0.016667
2 0.440833 0.673333 0.048333 0.025000
3 0.463333 0.843333 0.013333 0.015000
3 0.665833 0.701667 0.010000 0.020000
3 0.219167 0.685000 0.007500 0.015000
2 0.727500 0.728333 0.022500 0.023333
3 0.359167 0.253333 0.007500 0.018333
3 0.686667 0.405000 0.009167 0.023333
3 0.371667 0.346667 0.010833 0.023333
3 0.776667 0.355000 0.015833 0.051667
2 0.710833 0.350000 0.035000 0.105000
2 0.326667 0.663333 0.030833 0.051667
2 0.580000 0.768333 0.009167 0.031667
3 0.645833 0.325000 0.007500 0.016667
2 0.606667 0.323333 0.010000 0.031667
3 0.699167 0.658333 0.010833 0.023333
3 0.555833 0.678333 0.007500 0.015000
3 0.670833 0.618333 0.009167 0.015000
2 0.469167 0.606667 0.035000 0.105000
2 0.273333 0.783333 0.048333 0.043333
2 0.565000 0.668333 0.011667 0.066667
3 0.350000 0.836667 0.007500 0.016667
3 0.690000 0.338333 0.008333 0.016667
2 0.450833 0.306667 0.021667 0.090000
3 0.685833 0.616667 0.010000 0.016667
2 0.315833 0.343333 0.020833 0.028333
3 0.270833 0.738333 0.008333 0.016667
3 0.776667 0.415000 0.007500 0.016667
3 0.583333 0.656667 0.006667 0.018333
2 0.548333 0.310000 0.020833 0.080000
3 0.340000 0.715000 0.008333 0.021667
3 0.715000 0.645000 0.013333 0.031667
3 0.673333 0.441667 0.007500 0.018333
3 0.289167 0.231667 0.013333 0.015000
3 0.470000 0.710000 0.007500 0.016667
2 0.616667 0.350000 0.023333 0.041667
2 0.670833 0.701667 0.020833 0.028333
2 0.405833 0.703333 0.045833 0.021667
2 0.672500 0.383333 0.022500 0.023333
3 0.653333 0.635000 0.007500 0.018333
2 0.530000 0.398333 0.029167 0.038333
3 0.776667 0.701667 0.013333 0.031667
2 0.665000 0.365000 0.023333 0.041667
3 0.541667 0.998333 0.006667 0.001667
3 0.439167 0.655000 0.013333 0.031667
2 0.413333 0.690000 0.035000 0.105000
3 0.321667 0.696667 0.009167 0.018333
3 0.745000 0.701667 0.010833 0.013333
2 0.601667 0.286667 0.048333 0.043333
2 0.620833 0.346667 0.026667 0.035000
3 0.290833 0.783333 0.007500 0.016667
3 0.733333 0.618333 0.007500 0.015000
3 0.695000 0.661667 0.010000 0.020000
3 0.730833 0.720000 0.009167 0.016667
2 0.337500 0.710000 0.011667 0.066667
2 0.771667 0.673333 0.015833 0.068333
2 0.267500 0.365000 0.097500 0.053333
3 0.347500 0.763333 0.007500 0.015000
3 0.642500 0.375000 0.007500 0.015000
3 0.471667 0.120000 0.009167 0.015000
2 0.600833 0.295000 0.020833 0.080000
2 0.380833 0.665000 0.029167 0.038333
2 0.440833 0.830000 0.013333 0.070000
2 0.627500 0.338333 0.048333 0.025000
3 0.438333 0.348333 0.011667 0.030000
2 0.560833 0.410000 0.021667 0.090000
2 0.649167 0.331667 0.014167 0.015000
2 0.429167 0.291667 0.097500 0.053333
2 0.634167 0.425000 0.020833 0.028333
2 0.623333 0.628333 0.034167 0.038333
3 0.701667 0.373333 0.009167 0.018333
3 0.280833 0.401667 0.011667 0.020000
2 0.627500 0.655000 0.014167 0.015000
2 0.648333 0.443333 0.020000 0.021667
2 0.238333 0.741667 0.011667 0.066667
2 0.687500 0.708333 0.030833 0.051667
2 0.469167 0.408333 0.010833 0.091667
2 0.369167 0.705000 0.021667 0.090000
2 0.570000 0.393333 0.035000 0.105000
3 0.700833 0.658333 0.008333 0.016667
2 0.375833 0.316667 0.010000 0.031667
3 0.664167 0.398333 0.009167 0.016667
2 0.470833 0.363333 0.017500 0.116667
2 0.707500 0.445000 0.021667 0.090000
2 0.468333 0.401667 0.097500 0.053333
3 0.670833 0.665000 0.011667 0.030000
2 0.306667 0.396667 0.030833 0.051667
3 0.519167 0.366667 0.017500 0.031667
3 0.742500 0.668333 0.010833 0.013333
2 0.724167 0.658333 0.023333 0.041667
2 0.436667 0.728333 0.023333 0.106667
3 0.692500 0.646667 0.010000 0.020000
3 0.600833 0.740000 0.015833 0.051667
2 0.450833 0.711667 0.027500 0.016667
2 0.190000 0.685000 0.010833 0.091667
3 0.455000 0.270000 0.006667 0.018333
3 0.308333 0.691667 0.008333 0.016667
2 0.412500 0.396667 0.034167 0.100000
2 0.746667 0.740000 0.010833 0.091667
3 0.325833 0.765000 0.006667 0.018333
3 0.495000 0.715000 0.009167 0.016667
2 0.530833 0.391667 0.020833 0.080000
3 0.727500 0.600000 0.009167 0.018333
3 0.790833 0.343333 0.008333 0.016667
3 0.696667 0.735000 0.007500 0.018333
3 0.551667 0.235000 0.007500 0.015000
3 0.550833 0.686667 0.008333 0.021667
3 0.525000 0.358333 0.009167 0.016667
3 0.553333 0.703333 0.013333 0.015000
3 0.325833 0.318333 0.017500 0.031667
2 0.698333 0.371667 0.034167 0.100000
2 0.642500 0.676667 0.014167 0.015000
3 0.302500 0.733333 0.013333 0.015000
3 0.705000 0.790000 0.009167 0.015000
2 0.418333 0.385000 0.026667 0.035000
2 0.330833 0.191667 0.035000 0.105000
2 0.525833 0.371667 0.023333 0.041667
3 0.490833 0.296667 0.008333 0.016667
3 0.797500 0.623333 0.017500 0.031667
3 0.730000 0.611667 0.008333 0.016667
3 0.261667 0.376667 0.008333 0.016667
3 0.712500 0.676667 0.009167 0.016667
2 0.494167 0.335000 0.011667 0.025000
2 0.476667 0.650000 0.097500 0.053333
3 0.773333 0.611667 0.015833 0.051667
2 0.449167 0.361667 0.009167 0.031667
2 0.540000 0.346667 0.020833 0.080000
2 0.303333 0.683333 0.015833 0.068333
2 0.334167 0.778333 0.034167 0.038333
3 0.568333 0.781667 0.009167 0.023333
2 0.500833 0.316667 0.015833 0.068333
2 0.717500 0.355000 0.026667 0.035000
