4 0.854167 0.421667 0.085833 0.050000
4 0.852500 0.645000 0.041667 0.105000
4 0.759167 0.486667 0.230833 0.138333
4 0.877500 0.605000 0.065833 0.140000
4 0.815833 0.420000 0.114167 0.108333
4 0.864167 0.508333 0.119167 0.121667
4 0.880833 0.460000 0.051667 0.020000
4 0.859167 0.680000 0.083333 0.046667
4 0.898333 0.643333 0.049167 0.110000
4 0.795833 0.508333 0.125833 0.188333
4 0.077500 0.598333 0.150833 0.096667
4 0.514167 0.685000 0.125833 0.366667
4 0.399167 0.528333 0.070000 0.060000
4 0.763333 0.588333 0.115000 0.076667
4 0.098333 0.550000 0.076667 0.033333
4 0.044167 0.543333 0.088333 0.076667
4 0.297500 0.543333 0.085833 0.018333
4 0.745000 0.600000 0.102500 0.201667
4 0.627500 0.616667 0.135000 0.146667
4 0.368333 0.610000 0.050000 0.120000
3 0.740833 0.478333 0.007500 0.015000
3 0.717500 0.583333 0.015833 0.051667
2 0.448333 0.563333 0.021667 0.090000
3 0.705833 0.483333 0.007500 0.015000
2 0.128333 0.450000 0.048333 0.043333
2 0.405000 0.470000 0.045833 0.021667
2 0.245000 0.478333 0.020833 0.028333
2 0.574167 0.545000 0.045833 0.021667
3 0.654167 0.501667 0.007500 0.016667
3 0.063333 0.471667 0.007500 0.018333
3 0.309167 0.593333 0.014167 0.025000
2 0.630000 0.561667 0.010833 0.091667
3 0.180000 0.566667 0.007500 0.015000
2 0.092500 0.471667 0.014167 0.015000
2 0.565833 0.540000 0.034167 0.100000
2 0.664167 0.536667 0.020833 0.080000
3 0.458333 0.446667 0.008333 0.016667
3 0.418333 0.555000 0.007500 0.018333
3 0.786667 0.500000 0.007500 0.015000
2 0.658333 0.500000 0.015833 0.068333
3 0.602500 0.476667 0.013333 0.031667
2 0.225833 0.460000 0.020833 0.080000
3 0.607500 0.485000 0.008333 0.016667
3 0.773333 0.531667 0.009167 0.016667
3 0.223333 0.540000 0.013333 0.031667
3 0.489167 0.560000 0.010000 0.020000
3 0.585000 0.541667 0.008333 0.016667
3 0.260833 0.590000 0.009167 0.023333
2 0.106667 0.493333 0.009167 0.031667
3 0.493333 0.560000 0.007500 0.016667
2 0.595833 0.563333 0.011667 0.066667
3 0.824167 0.565000 0.010833 0.023333
3 0.242500 0.561667 0.017500 0.031667
3 0.350833 0.523333 0.010000 0.020000
2 0.263333 0.560000 0.021667 0.090000
2 0.150000 0.458333 0.026667 0.035000
3 0.577500 0.515000 0.015833 0.051667
2 0.396667 0.548333 0.030833 0.051667
2 0.187500 0.433333 0.015833 0.068333
2 0.116667 0.565000 0.014167 0.015000
2 0.437500 0.498333 0.019167 0.046667
2 0.621667 0.503333 0.023333 0.041667
2 0.531667 0.546667 0.010833 0.091667
3 0.233333 0.455000 0.009167 0.023333
3 0.804167 0.583333 0.011667 0.030000
2 0.517500 0.541667 0.019167 0.046667
3 0.686667 0.515000 0.009167 0.015000
2 0.435833 0.543333 0.009167 0.040000
2 0.455833 0.450000 0.011667 0.066667
2 0.074167 0.493333 0.035000 0.105000
2 0.471667 0.486667 0.009167 0.031667
2 0.119167 0.600000 0.022500 0.023333
3 0.205833 0.520000 0.010833 0.013333
2 0.515833 0.526667 0.045833 0.021667
2 0.095000 0.556667 0.045833 0.021667
3 0.310833 0.563333 0.013333 0.015000
3 0.508333 0.536667 0.007500 0.015000
2 0.188333 0.516667 0.097500 0.053333
2 0.691667 0.485000 0.010833 0.091667
2 0.068333 0.535000 0.022500 0.023333
3 0.445000 0.620000 0.008333 0.016667
2 0.415833 0.616667 0.048333 0.025000
2 0.702500 0.591667 0.048333 0.025000
3 0.375000 0.558333 0.013333 0.015000
3 0.619167 0.616667 0.008333 0.016667
3 0.179167 0.566667 0.008333 0.021667
2 0.635000 0.478333 0.034167 0.100000
3 0.824167 0.661667 0.007500 0.018333
2 0.143333 0.558333 0.009167 0.040000
3 0.519167 0.488333 0.010833 0.023333
3 0.529167 0.563333 0.013333 0.031667
2 0.792500 0.571667 0.010000 0.031667
2 0.643333 0.505000 0.035000 0.105000
3 0.225833 0.505000 0.013333 0.031667
2 0.522500 0.550000 0.020833 0.080000
3 0.621667 0.553333 0.007500 0.015000
2 0.069167 0.493333 0.034167 0.100000
3 0.342500 0.571667 0.009167 0.016667
2 0.751667 0.491667 0.097500 0.053333
3 0.020833 0.465000 0.013333 0.015000
3 0.406667 0.510000 0.010000 0.016667
3 0.741667 0.470000 0.007500 0.015000
2 0.248333 0.568333 0.013333 0.070000
2 0.300000 0.563333 0.013333 0.070000
3 0.561667 0.496667 0.015833 0.051667
2 0.275833 0.508333 0.026667 0.035000
3 0.560833 0.555000 0.008333 0.016667
2 0.615000 0.480000 0.030833 0.051667
3 0.163333 0.606667 0.013333 0.031667
2 0.767500 0.555000 0.023333 0.106667
3 0.823333 0.508333 0.009167 0.016667
3 0.527500 0.520000 0.011667 0.030000
3 0.822500 0.555000 0.014167 0.025000
3 0.625833 0.485000 0.007500 0.016667
2 0.655833 0.585000 0.026667 0.035000
3 0.821667 0.480000 0.008333 0.016667
3 0.582500 0.576667 0.009167 0.016667
2 0.195833 0.500000 0.020833 0.028333
2 0.197500 0.583333 0.026667 0.035000
2 0.250000 0.483333 0.035000 0.105000
2 0.020833 0.458333 0.041667 0.043333
3 0.147500 0.553333 0.008333 0.021667
3 0.419167 0.760000 0.015833 0.051667
3 0.228333 0.661667 0.007500 0.015000
2 0.722500 0.813333 0.010833 0.091667
3 0.476667 0.220000 0.010833 0.013333
3 0.595000 0.410000 0.006667 0.018333
2 0.330000 0.373333 0.020833 0.028333
3 0.785833 0.383333 0.008333 0.016667
3 0.656667 0.338333 0.009167 0.016667
2 0.398333 0.680000 0.027500 0.016667
3 0.706667 0.651667 0.013333 0.031667
3 0.746667 0.705000 0.008333 0.016667
3 0.510833 0.258333 0.009167 0.015000
2 0.242500 0.721667 0.045833 0.021667
2 0.579167 0.711667 0.048333 0.025000
3 0.344167 0.668333 0.007500 0.018333
2 0.669167 0.321667 0.045833 0.021667
2 0.287500 0.420000 0.009167 0.031667
2 0.636667 0.351667 0.027500 0.016667
2 0.686667 0.363333 0.020833 0.080000
2 0.555833 0.773333 0.020833 0.080000
2 0.438333 0.811667 0.034167 0.100000
3 0.762500 0.373333 0.017500 0.031667
3 0.656667 0.396667 0.006667 0.018333
2 0.770000 0.421667 0.026667 0.035000
2 0.288333 0.703333 0.011667 0.025000
3 0.706667 0.423333 0.015833 0.051667
2 0.316667 0.413333 0.010833 0.091667
2 0.649167 0.356667 0.020833 0.028333
2 0.483333 0.700000 0.009167 0.040000
3 0.295833 0.683333 0.008333 0.021667
2 0.715833 0.406667 0.021667 0.090000
3 0.791667 0.728333 0.009167 0.016667
2 0.753333 0.588333 0.058333 0.076667
3 0.688333 0.328333 0.008333 0.016667
3 0.668333 0.666667 0.007500 0.018333
3 0.311667 0.795000 0.008333 0.016667
2 0.713333 0.285000 0.011667 0.066667
2 0.250000 0.776667 0.023333 0.106667
2 0.337500 0.406667 0.010833 0.091667
3 0.534167 0.383333 0.013333 0.015000
2 0.657500 0.321667 0.019167 0.046667
2 0.714167 0.613333 0.009167 0.031667
3 0.775833 0.730000 0.014167 0.025000
3 0.705833 0.636667 0.015833 0.051667
2 0.520000 0.998333 0.030833 0.001667
2 0.662500 0.665000 0.020000 0.021667
3 0.671667 0.443333 0.010833 0.023333
3 0.507500 0.785000 0.008333 0.016667
3 0.282500 0.266667 0.011667 0.020000
3 0.369167 0.408333 0.009167 0.023333
2 0.692500 0.366667 0.048333 0.025000
2 0.549167 0.708333 0.021667 0.090000
3 0.474167 0.311667 0.007500 0.015000
2 0.469167 0.291667 0.010000 0.031667
3 0.645833 0.633333 0.009167 0.018333
3 0.466667 0.728333 0.009167 0.023333
2 0.712500 0.453333 0.010833 0.091667
3 0.599167 0.738333 0.009167 0.015000
2 0.457500 0.326667 0.009167 0.040000
3 0.575000 0.618333 0.010000 0.020000
2 0.660833 0.326667 0.058333 0.076667
2 0.660833 0.663333 0.020833 0.028333
3 0.493333 0.716667 0.013333 0.031667
3 0.533333 0.411667 0.011667 0.020000
3 0.775000 0.343333 0.009167 0.023333
2 0.740000 0.281667 0.014167 0.015000
3 0.748333 0.620000 0.009167 0.016667
3 0.760833 0.418333 0.010833 0.023333
3 0.451667 0.731667 0.011667 0.020000
2 0.729167 0.376667 0.010000 0.031667
3 0.725000 0.610000 0.010833 0.013333
2 0.713333 0.345000 0.027500 0.016667
3 0.746667 0.606667 0.007500 0.018333
2 0.301667 0.416667 0.035000 0.105000
2 0.525000 0.726667 0.029167 0.038333
3 0.336667 0.371667 0.013333 0.031667
3 0.719167 0.641667 0.011667 0.030000
3 0.685000 0.685000 0.007500 0.015000
2 0.780000 0.401667 0.058333 0.076667
3 0.775833 0.691667 0.008333 0.016667
2 0.403333 0.395000 0.027500 0.016667
2 0.731667 0.328333 0.009167 0.040000
2 0.743333 0.376667 0.015833 0.068333
3 0.446667 0.365000 0.007500 0.015000
2 0.643333 0.676667 0.023333 0.106667
2 0.315000 0.353333 0.015833 0.068333
3 0.423333 0.363333 0.007500 0.016667
3 0.662500 0.383333 0.007500 0.015000
3 0.693333 0.668333 0.009167 0.023333
2 0.660000 0.675000 0.020000 0.021667
2 0.766667 0.411667 0.048333 0.043333
3 0.315833 0.641667 0.013333 0.031667
2 0.448333 0.296667 0.022500 0.023333
2 0.400833 0.806667 0.034167 0.100000
2 0.268333 0.771667 0.020833 0.080000
3 0.780000 0.348333 0.009167 0.016667
3 0.708333 0.408333 0.007500 0.015000
2 0.456667 0.341667 0.011667 0.066667
3 0.430000 0.750000 0.007500 0.016667
2 0.694167 0.711667 0.029167 0.038333
2 0.779167 0.361667 0.020833 0.028333
2 0.358333 0.665000 0.014167 0.015000
2 0.460000 0.170000 0.020833 0.080000
2 0.765833 0.593333 0.097500 0.053333
2 0.347500 0.863333 0.013333 0.070000
3 0.317500 0.715000 0.008333 0.016667
2 0.476667 0.621667 0.015833 0.068333
2 0.345833 0.301667 0.020833 0.028333
2 0.577500 0.643333 0.014167 0.015000
2 0.675833 0.376667 0.010833 0.091667
3 0.281667 0.435000 0.010000 0.016667
2 0.333333 0.396667 0.010000 0.031667
3 0.645833 0.678333 0.007500 0.015000
2 0.635833 0.423333 0.097500 0.053333
3 0.673333 0.441667 0.007500 0.015000
2 0.665833 0.421667 0.045833 0.021667
2 0.645000 0.623333 0.020833 0.080000
3 0.348333 0.683333 0.010000 0.020000
2 0.704167 0.678333 0.009167 0.031667
2 0.619167 0.676667 0.030833 0.051667
2 0.626667 0.386667 0.097500 0.053333
3 0.713333 0.675000 0.007500 0.018333
3 0.786667 0.415000 0.013333 0.015000
3 0.270833 0.320000 0.013333 0.015000
3 0.492500 0.760000 0.009167 0.015000
2 0.685833 0.725000 0.029167 0.038333
3 0.718333 0.663333 0.011667 0.020000
3 0.359167 0.316667 0.008333 0.016667
3 0.539167 0.408333 0.011667 0.020000
2 0.560000 0.268333 0.011667 0.025000
2 0.331667 0.231667 0.023333 0.041667
2 0.374167 0.386667 0.026667 0.035000
2 0.474167 0.835000 0.009167 0.031667
3 0.644167 0.368333 0.013333 0.015000
3 0.260000 0.695000 0.013333 0.015000
3 0.741667 0.331667 0.007500 0.015000
3 0.353333 0.650000 0.014167 0.025000
2 0.272500 0.263333 0.048333 0.043333
3 0.809167 0.643333 0.008333 0.016667
2 0.517500 0.406667 0.029167 0.038333
2 0.743333 0.711667 0.027500 0.016667
3 0.234167 0.388333 0.006667 0.018333
3 0.437500 0.848333 0.009167 0.016667
3 0.390000 0.768333 0.013333 0.015000
2 0.333333 0.740000 0.029167 0.038333
2 0.734167 0.701667 0.009167 0.040000
2 0.355000 0.283333 0.034167 0.038333
2 0.548333 0.660000 0.027500 0.016667
2 0.312500 0.286667 0.027500 0.016667
3 0.720000 0.426667 0.007500 0.015000
3 0.658333 0.356667 0.008333 0.016667
2 0.420833 0.710000 0.013333 0.070000
2 0.253333 0.660000 0.048333 0.043333
2 0.337500 0.855000 0.011667 0.025000
2 0.720000 0.648333 0.022500 0.023333
2 0.255833 0.748333 0.011667 0.066667
3 0.687500 0.425000 0.009167 0.023333
2 0.286667 0.831667 0.009167 0.031667
3 0.457500 0.221667 0.007500 0.015000
2 0.682500 0.420000 0.020000 0.021667
2 0.163333 0.375000 0.019167 0.046667
2 0.501667 0.728333 0.034167 0.100000
3 0.656667 0.338333 0.009167 0.016667
3 0.496667 0.768333 0.007500 0.016667
3 0.687500 0.355000 0.013333 0.031667
2 0.172500 0.373333 0.015833 0.068333
2 0.190000 0.685000 0.010833 0.091667
3 0.541667 0.251667 0.008333 0.016667
2 0.690833 0.396667 0.021667 0.090000
3 0.515000 0.701667 0.007500 0.015000
3 0.555833 0.703333 0.007500 0.015000
3 0.322500 0.291667 0.007500 0.018333
3 0.533333 0.283333 0.010000 0.020000
3 0.754167 0.315000 0.013333 0.031667
3 0.705833 0.676667 0.009167 0.018333
2 0.713333 0.668333 0.026667 0.035000
2 0.690000 0.315000 0.020833 0.080000
3 0.412500 0.695000 0.008333 0.021667
3 0.440000 0.365000 0.015833 0.051667
3 0.510000 0.276667 0.009167 0.016667
3 0.492500 0.780000 0.007500 0.015000
3 0.401667 0.375000 0.010000 0.020000
2 0.437500 0.791667 0.010833 0.091667
3 0.285833 0.780000 0.007500 0.015000
3 0.802500 0.376667 0.008333 0.021667
2 0.801667 0.651667 0.022500 0.023333
2 0.524167 0.641667 0.020833 0.028333
2 0.759167 0.385000 0.034167 0.100000
2 0.680000 0.631667 0.020833 0.080000
2 0.754167 0.610000 0.023333 0.041667
3 0.269167 0.750000 0.009167 0.015000
2 0.757500 0.705000 0.045833 0.021667
2 0.772500 0.651667 0.023333 0.106667
3 0.470000 0.355000 0.009167 0.015000
3 0.289167 0.796667 0.015833 0.051667
2 0.259167 0.673333 0.030833 0.051667
2 0.672500 0.706667 0.017500 0.116667
2 0.706667 0.581667 0.011667 0.066667
