4 0.849167 0.540000 0.125000 0.078333
4 0.830833 0.505000 0.095000 0.215000
4 0.830833 0.640000 0.057500 0.036667
4 0.839167 0.580000 0.107500 0.038333
4 0.830833 0.541667 0.070000 0.133333
4 0.902500 0.653333 0.045833 0.123333
4 0.805000 0.555000 0.183333 0.126667
4 0.858333 0.625000 0.073333 0.123333
4 0.893333 0.443333 0.045000 0.050000
4 0.815833 0.588333 0.080000 0.101667
4 0.025000 0.528333 0.050833 0.048333
4 0.214167 0.585000 0.063333 0.133333
4 0.389167 0.473333 0.152500 0.156667
4 0.172500 0.640000 0.063333 0.153333
4 0.692500 0.545000 0.060833 0.090000
4 0.678333 0.578333 0.081667 0.038333
4 0.170833 0.488333 0.094167 0.048333
4 0.315833 0.440000 0.085000 0.178333
4 0.151667 0.526667 0.039167 0.046667
4 0.572500 0.531667 0.208333 0.095000
3 0.290833 0.598333 0.010000 0.020000
2 0.788333 0.495000 0.013333 0.070000
3 0.247500 0.548333 0.007500 0.015000
2 0.318333 0.571667 0.023333 0.106667
3 0.610000 0.615000 0.007500 0.015000
3 0.292500 0.468333 0.013333 0.015000
3 0.675833 0.461667 0.017500 0.031667
2 0.651667 0.461667 0.014167 0.015000
3 0.645000 0.525000 0.009167 0.015000
2 0.728333 0.475000 0.048333 0.025000
2 0.720000 0.476667 0.011667 0.066667
3 0.405833 0.525000 0.007500 0.018333
2 0.015833 0.453333 0.031667 0.021667
2 0.230000 0.590000 0.029167 0.038333
2 0.413333 0.446667 0.020833 0.080000
2 0.671667 0.578333 0.058333 0.076667
3 0.168333 0.511667 0.010833 0.013333
3 0.730833 0.565000 0.007500 0.018333
2 0.402500 0.551667 0.035000 0.105000
2 0.074167 0.451667 0.020000 0.021667
2 0.560000 0.498333 0.020833 0.028333
2 0.454167 0.451667 0.017500 0.116667
3 0.383333 0.560000 0.006667 0.018333
3 0.468333 0.571667 0.007500 0.016667
2 0.716667 0.456667 0.015833 0.068333
3 0.241667 0.493333 0.007500 0.015000
3 0.347500 0.496667 0.007500 0.015000
3 0.224167 0.550000 0.007500 0.018333
3 0.592500 0.561667 0.008333 0.016667
2 0.249167 0.511667 0.011667 0.066667
2 0.068333 0.558333 0.048333 0.043333
2 0.197500 0.601667 0.048333 0.025000
3 0.560833 0.490000 0.015833 0.051667
2 0.754167 0.485000 0.017500 0.116667
3 0.036667 0.565000 0.010833 0.023333
2 0.247500 0.485000 0.020000 0.021667
3 0.627500 0.535000 0.007500 0.018333
2 0.474167 0.546667 0.058333 0.076667
2 0.703333 0.460000 0.048333 0.043333
3 0.480000 0.591667 0.009167 0.016667
3 0.325000 0.501667 0.007500 0.015000
3 0.109167 0.468333 0.008333 0.016667
3 0.748333 0.571667 0.007500 0.016667
2 0.315833 0.431667 0.020833 0.028333
3 0.498333 0.583333 0.013333 0.015000
3 0.635833 0.598333 0.015833 0.051667
2 0.341667 0.595000 0.048333 0.025000
2 0.014167 0.523333 0.020833 0.080000
3 0.332500 0.498333 0.006667 0.018333
2 0.595833 0.488333 0.035000 0.105000
3 0.379167 0.576667 0.013333 0.015000
3 0.738333 0.526667 0.015833 0.051667
3 0.453333 0.496667 0.007500 0.018333
3 0.071667 0.475000 0.007500 0.015000
3 0.335000 0.571667 0.007500 0.018333
2 0.476667 0.438333 0.048333 0.043333
3 0.415000 0.535000 0.008333 0.021667
3 0.595000 0.476667 0.008333 0.016667
2 0.058333 0.496667 0.013333 0.070000
2 0.198333 0.500000 0.021667 0.090000
2 0.551667 0.500000 0.013333 0.070000
2 0.265833 0.550000 0.019167 0.046667
2 0.335000 0.555000 0.029167 0.038333
2 0.782500 0.495000 0.015833 0.068333
3 0.814167 0.626667 0.014167 0.025000
2 0.607500 0.535000 0.015833 0.068333
3 0.455833 0.586667 0.010833 0.013333
2 0.570833 0.560000 0.021667 0.090000
3 0.246667 0.578333 0.006667 0.018333
3 0.341667 0.545000 0.007500 0.016667
2 0.102500 0.588333 0.009167 0.031667
3 0.336667 0.440000 0.007500 0.018333
2 0.295833 0.560000 0.020833 0.028333
2 0.725000 0.466667 0.023333 0.041667
2 0.037500 0.450000 0.058333 0.076667
2 0.616667 0.505000 0.009167 0.040000
3 0.720000 0.508333 0.017500 0.031667
2 0.230833 0.496667 0.015833 0.068333
2 0.025000 0.528333 0.010833 0.091667
2 0.775000 0.570000 0.030833 0.051667
3 0.821667 0.668333 0.007500 0.015000
3 0.690833 0.561667 0.009167 0.016667
2 0.640833 0.545000 0.029167 0.038333
2 0.590833 0.538333 0.009167 0.040000
3 0.665833 0.488333 0.009167 0.015000
3 0.339167 0.561667 0.010833 0.013333
2 0.162500 0.438333 0.034167 0.038333
3 0.606667 0.543333 0.008333 0.016667
2 0.103333 0.495000 0.020833 0.028333
3 0.752500 0.453333 0.013333 0.015000
2 0.530833 0.475000 0.030833 0.051667
3 0.215833 0.518333 0.009167 0.016667
3 0.325833 0.523333 0.007500 0.015000
2 0.075833 0.520000 0.030833 0.051667
3 0.749167 0.463333 0.015833 0.051667
2 0.679167 0.460000 0.023333 0.106667
2 0.532500 0.543333 0.020000 0.021667
2 0.310833 0.588333 0.034167 0.038333
3 0.342500 0.510000 0.010000 0.020000
2 0.578333 0.460000 0.017500 0.116667
2 0.266667 0.450000 0.035000 0.105000
2 0.240833 0.586667 0.020833 0.028333
3 0.669167 0.663333 0.008333 0.021667
2 0.620833 0.398333 0.014167 0.015000
3 0.700000 0.666667 0.009167 0.016667
2 0.321667 0.810000 0.023333 0.106667
2 0.759167 0.656667 0.026667 0.035000
2 0.629167 0.626667 0.034167 0.038333
3 0.774167 0.406667 0.009167 0.016667
3 0.768333 0.616667 0.007500 0.015000
2 0.330833 0.791667 0.030833 0.051667
3 0.496667 0.670000 0.013333 0.031667
3 0.584167 0.753333 0.006667 0.018333
3 0.358333 0.771667 0.009167 0.018333
2 0.402500 0.666667 0.019167 0.046667
3 0.345000 0.280000 0.014167 0.025000
2 0.809167 0.428333 0.034167 0.038333
3 0.310833 0.605000 0.009167 0.015000
2 0.218333 0.583333 0.034167 0.038333
2 0.712500 0.641667 0.009167 0.031667
3 0.649167 0.640000 0.008333 0.021667
3 0.480833 0.275000 0.010000 0.016667
3 0.665000 0.676667 0.010000 0.020000
3 0.688333 0.330000 0.008333 0.016667
3 0.655833 0.365000 0.007500 0.018333
2 0.774167 0.331667 0.015833 0.068333
3 0.732500 0.595000 0.009167 0.016667
2 0.284167 0.301667 0.021667 0.090000
2 0.780833 0.676667 0.027500 0.016667
3 0.530000 0.631667 0.008333 0.016667
3 0.322500 0.760000 0.007500 0.015000
3 0.384167 0.373333 0.015833 0.051667
2 0.697500 0.323333 0.035000 0.105000
2 0.282500 0.265000 0.027500 0.016667
3 0.665833 0.366667 0.017500 0.031667
2 0.671667 0.616667 0.048333 0.025000
2 0.581667 0.998333 0.048333 0.001667
2 0.467500 0.241667 0.020000 0.021667
3 0.518333 0.396667 0.011667 0.020000
3 0.532500 0.363333 0.009167 0.016667
3 0.691667 0.360000 0.006667 0.018333
2 0.664167 0.683333 0.035000 0.105000
3 0.417500 0.680000 0.008333 0.016667
2 0.693333 0.666667 0.010833 0.091667
3 0.830000 0.410000 0.009167 0.023333
3 0.515833 0.811667 0.008333 0.016667
2 0.574167 0.411667 0.048333 0.025000
2 0.355833 0.646667 0.029167 0.038333
3 0.720000 0.638333 0.009167 0.016667
2 0.748333 0.588333 0.048333 0.043333
2 0.724167 0.625000 0.010000 0.031667
2 0.294167 0.665000 0.034167 0.038333
2 0.595000 0.575000 0.014167 0.015000
2 0.550833 0.351667 0.026667 0.035000
2 0.487500 0.323333 0.010833 0.091667
2 0.734167 0.660000 0.035000 0.105000
2 0.450833 0.253333 0.020833 0.080000
3 0.675833 0.725000 0.011667 0.020000
2 0.253333 0.741667 0.010833 0.091667
2 0.456667 0.810000 0.048333 0.043333
3 0.699167 0.260000 0.007500 0.018333
2 0.425000 0.711667 0.030833 0.051667
3 0.774167 0.416667 0.013333 0.031667
3 0.811667 0.615000 0.006667 0.018333
2 0.561667 0.430000 0.010000 0.031667
2 0.305833 0.718333 0.011667 0.025000
2 0.740833 0.395000 0.009167 0.040000
3 0.765000 0.415000 0.007500 0.018333
2 0.472500 0.266667 0.019167 0.046667
2 0.477500 0.676667 0.027500 0.016667
3 0.351667 0.660000 0.009167 0.015000
3 0.725833 0.450000 0.011667 0.020000
3 0.798333 0.660000 0.006667 0.018333
2 0.380000 0.645000 0.027500 0.016667
3 0.746667 0.375000 0.007500 0.016667
2 0.688333 0.633333 0.011667 0.025000
3 0.384167 0.401667 0.013333 0.031667
3 0.270833 0.825000 0.017500 0.031667
3 0.449167 0.730000 0.010000 0.016667
3 0.624167 0.351667 0.010833 0.023333
2 0.653333 0.663333 0.027500 0.016667
2 0.762500 0.650000 0.035000 0.105000
3 0.672500 0.640000 0.008333 0.021667
2 0.310833 0.426667 0.013333 0.070000
2 0.324167 0.216667 0.035000 0.105000
2 0.506667 0.315000 0.009167 0.031667
3 0.439167 0.725000 0.017500 0.031667
3 0.327500 0.236667 0.009167 0.016667
3 0.260833 0.728333 0.010000 0.020000
2 0.262500 0.733333 0.020833 0.080000
2 0.306667 0.766667 0.023333 0.106667
3 0.680833 0.390000 0.009167 0.023333
3 0.564167 0.670000 0.007500 0.015000
3 0.340000 0.386667 0.008333 0.016667
2 0.235833 0.383333 0.011667 0.025000
3 0.373333 0.761667 0.006667 0.018333
3 0.555000 0.340000 0.008333 0.016667
2 0.700833 0.706667 0.019167 0.046667
2 0.648333 0.325000 0.020833 0.028333
3 0.640000 0.671667 0.010000 0.020000
3 0.820833 0.438333 0.011667 0.020000
2 0.522500 0.361667 0.009167 0.040000
2 0.798333 0.391667 0.020833 0.080000
2 0.370833 0.796667 0.010833 0.091667
2 0.342500 0.306667 0.010000 0.031667
3 0.494167 0.346667 0.011667 0.030000
2 0.716667 0.398333 0.022500 0.023333
3 0.363333 0.436667 0.017500 0.031667
3 0.581667 0.606667 0.014167 0.025000
3 0.813333 0.420000 0.008333 0.016667
3 0.640833 0.646667 0.008333 0.016667
2 0.725000 0.616667 0.009167 0.031667
3 0.574167 0.616667 0.007500 0.015000
3 0.262500 0.698333 0.008333 0.016667
2 0.470833 0.210000 0.030833 0.051667
3 0.321667 0.695000 0.009167 0.015000
3 0.555833 0.665000 0.010833 0.013333
3 0.291667 0.715000 0.013333 0.015000
2 0.601667 0.671667 0.029167 0.038333
3 0.281667 0.436667 0.007500 0.018333
2 0.708333 0.595000 0.020833 0.028333
2 0.568333 0.776667 0.010000 0.031667
2 0.268333 0.673333 0.023333 0.041667
2 0.433333 0.311667 0.029167 0.038333
3 0.620000 0.640000 0.013333 0.031667
2 0.284167 0.811667 0.021667 0.090000
3 0.720833 0.375000 0.010833 0.013333
3 0.448333 0.706667 0.009167 0.016667
3 0.528333 0.365000 0.013333 0.031667
2 0.525000 0.288333 0.017500 0.116667
2 0.540000 0.336667 0.048333 0.043333
2 0.602500 0.630000 0.058333 0.076667
3 0.475000 0.305000 0.010833 0.023333
2 0.643333 0.670000 0.048333 0.025000
2 0.308333 0.695000 0.009167 0.040000
3 0.755833 0.610000 0.006667 0.018333
3 0.450000 0.770000 0.009167 0.016667
2 0.630000 0.618333 0.048333 0.043333
2 0.390833 0.331667 0.022500 0.023333
3 0.758333 0.408333 0.010000 0.016667
2 0.590000 0.316667 0.019167 0.046667
3 0.240000 0.711667 0.015833 0.051667
2 0.776667 0.691667 0.010833 0.091667
3 0.520000 0.393333 0.007500 0.015000
2 0.510833 0.353333 0.010000 0.031667
2 0.674167 0.668333 0.048333 0.025000
2 0.748333 0.678333 0.010833 0.091667
3 0.576667 0.738333 0.011667 0.020000
2 0.400000 0.355000 0.048333 0.025000
3 0.288333 0.320000 0.007500 0.018333
2 0.610833 0.368333 0.034167 0.100000
3 0.291667 0.266667 0.009167 0.015000
2 0.166667 0.668333 0.020833 0.080000
2 0.235000 0.813333 0.017500 0.116667
3 0.697500 0.346667 0.009167 0.015000
3 0.775000 0.416667 0.011667 0.020000
3 0.775833 0.783333 0.008333 0.016667
3 0.705833 0.660000 0.007500 0.018333
2 0.267500 0.721667 0.048333 0.025000
3 0.637500 0.395000 0.010833 0.013333
2 0.615833 0.395000 0.020000 0.021667
2 0.329167 0.390000 0.023333 0.106667
3 0.770000 0.333333 0.008333 0.021667
2 0.481667 0.341667 0.009167 0.031667
3 0.635833 0.441667 0.009167 0.023333
2 0.549167 0.645000 0.029167 0.038333
2 0.673333 0.395000 0.034167 0.100000
3 0.757500 0.413333 0.009167 0.015000
2 0.674167 0.300000 0.030833 0.051667
3 0.506667 0.325000 0.007500 0.015000
2 0.304167 0.675000 0.015833 0.068333
2 0.574167 0.183333 0.009167 0.031667
3 0.715833 0.328333 0.007500 0.018333
2 0.595833 0.998333 0.020000 0.001667
3 0.506667 0.306667 0.009167 0.016667
3 0.460000 0.691667 0.007500 0.015000
2 0.230000 0.763333 0.058333 0.076667
2 0.260833 0.310000 0.020833 0.080000
2 0.660833 0.380000 0.015833 0.068333
2 0.592500 0.650000 0.097500 0.053333
3 0.605833 0.660000 0.009167 0.018333
3 0.453333 0.730000 0.007500 0.015000
2 0.455000 0.793333 0.011667 0.025000
3 0.558333 0.213333 0.008333 0.016667
2 0.692500 0.661667 0.020000 0.021667
3 0.243333 0.225000 0.006667 0.018333
3 0.222500 0.410000 0.013333 0.031667
3 0.695833 0.345000 0.007500 0.018333
2 0.476667 0.271667 0.017500 0.116667
3 0.650833 0.418333 0.010833 0.023333
2 0.679167 0.321667 0.020833 0.028333
3 0.717500 0.660000 0.010000 0.016667
2 0.752500 0.328333 0.029167 0.038333
3 0.534167 0.296667 0.009167 0.015000
2 0.799167 0.361667 0.009167 0.040000
2 0.512500 0.290000 0.020000 0.021667
3 0.807500 0.391667 0.014167 0.025000
2 0.431667 0.363333 0.045833 0.021667
3 0.250833 0.233333 0.017500 0.031667
2 0.314167 0.398333 0.013333 0.070000
