4 0.843333 0.581667 0.104167 0.190000
4 0.855833 0.458333 0.033333 0.055000
4 0.827500 0.631667 0.112500 0.125000
4 0.806667 0.473333 0.140833 0.135000
4 0.815833 0.478333 0.145000 0.070000
4 0.804167 0.585000 0.060833 0.025000
4 0.817500 0.470000 0.093333 0.131667
4 0.771667 0.563333 0.144167 0.216667
4 0.806667 0.620000 0.065000 0.030000
4 0.798333 0.550000 0.140833 0.201667
4 0.675000 0.555000 0.037500 0.026667
4 0.573333 0.643333 0.172500 0.205000
4 0.341667 0.508333 0.145000 0.076667
4 0.031667 0.536667 0.063333 0.068333
4 0.724167 0.496667 0.077500 0.106667
4 0.389167 0.596667 0.068333 0.136667
4 0.625833 0.495000 0.067500 0.060000
4 0.565000 0.678333 0.137500 0.390000
4 0.565833 0.523333 0.080000 0.066667
4 0.143333 0.521667 0.045000 0.061667
2 0.538333 0.508333 0.048333 0.025000
2 0.581667 0.588333 0.022500 0.023333
2 0.610833 0.548333 0.010833 0.091667
2 0.102500 0.475000 0.015833 0.068333
3 0.098333 0.503333 0.011667 0.030000
3 0.723333 0.575000 0.010000 0.016667
3 0.443333 0.478333 0.007500 0.018333
2 0.326667 0.576667 0.022500 0.023333
2 0.594167 0.503333 0.010000 0.031667
2 0.197500 0.470000 0.011667 0.025000
3 0.755000 0.473333 0.007500 0.016667
3 0.451667 0.585000 0.008333 0.016667
3 0.244167 0.501667 0.015833 0.051667
3 0.285833 0.450000 0.010833 0.013333
3 0.084167 0.508333 0.011667 0.030000
2 0.336667 0.491667 0.010833 0.091667
3 0.502500 0.486667 0.009167 0.016667
2 0.286667 0.551667 0.021667 0.090000
3 0.226667 0.443333 0.013333 0.015000
2 0.550000 0.525000 0.026667 0.035000
2 0.386667 0.508333 0.027500 0.016667
2 0.345833 0.551667 0.009167 0.031667
2 0.435000 0.615000 0.022500 0.023333
3 0.290000 0.505000 0.007500 0.015000
2 0.680833 0.551667 0.013333 0.070000
3 0.565833 0.498333 0.009167 0.023333
2 0.620833 0.543333 0.048333 0.025000
3 0.129167 0.596667 0.010000 0.020000
2 0.444167 0.401667 0.035000 0.105000
3 0.766667 0.525000 0.008333 0.016667
3 0.479167 0.570000 0.011667 0.030000
3 0.488333 0.595000 0.015833 0.051667
2 0.325000 0.476667 0.020833 0.080000
3 0.787500 0.490000 0.008333 0.016667
3 0.037500 0.521667 0.006667 0.018333
2 0.026667 0.513333 0.010833 0.091667
2 0.700000 0.476667 0.035000 0.105000
3 0.202500 0.598333 0.008333 0.016667
3 0.369167 0.588333 0.015833 0.051667
3 0.280833 0.478333 0.011667 0.030000
3 0.495833 0.470000 0.010000 0.020000
3 0.590000 0.493333 0.009167 0.015000
2 0.585000 0.526667 0.009167 0.040000
3 0.065000 0.568333 0.017500 0.031667
2 0.203333 0.463333 0.045833 0.021667
2 0.675000 0.493333 0.048333 0.025000
2 0.132500 0.518333 0.045833 0.021667
2 0.565833 0.556667 0.015833 0.068333
3 0.193333 0.528333 0.009167 0.016667
3 0.139167 0.455000 0.009167 0.015000
2 0.397500 0.460000 0.023333 0.106667
2 0.212500 0.571667 0.034167 0.038333
3 0.351667 0.513333 0.013333 0.031667
3 0.282500 0.516667 0.007500 0.015000
2 0.161667 0.581667 0.058333 0.076667
2 0.632500 0.516667 0.048333 0.025000
3 0.421667 0.506667 0.007500 0.018333
3 0.343333 0.503333 0.011667 0.030000
3 0.140833 0.530000 0.011667 0.030000
2 0.761667 0.591667 0.013333 0.070000
3 0.496667 0.516667 0.013333 0.031667
2 0.594167 0.570000 0.021667 0.090000
3 0.670833 0.573333 0.009167 0.018333
2 0.256667 0.561667 0.013333 0.070000
3 0.814167 0.570000 0.006667 0.018333
3 0.081667 0.468333 0.010000 0.016667
2 0.230833 0.468333 0.023333 0.106667
3 0.288333 0.580000 0.008333 0.016667
2 0.346667 0.555000 0.015833 0.068333
2 0.206667 0.578333 0.048333 0.043333
2 0.435833 0.586667 0.009167 0.040000
2 0.192500 0.466667 0.020833 0.028333
2 0.480833 0.488333 0.026667 0.035000
3 0.542500 0.546667 0.010000 0.020000
3 0.455833 0.538333 0.009167 0.018333
2 0.807500 0.475000 0.013333 0.070000
2 0.607500 0.548333 0.030833 0.051667
3 0.149167 0.463333 0.013333 0.015000
3 0.258333 0.546667 0.009167 0.015000
3 0.353333 0.583333 0.008333 0.016667
2 0.689167 0.476667 0.022500 0.023333
3 0.170833 0.513333 0.010833 0.023333
2 0.783333 0.458333 0.017500 0.116667
3 0.209167 0.488333 0.017500 0.031667
2 0.630000 0.468333 0.022500 0.023333
3 0.476667 0.465000 0.006667 0.018333
2 0.690000 0.580000 0.019167 0.046667
3 0.038333 0.470000 0.008333 0.016667
2 0.554167 0.503333 0.010000 0.031667
2 0.204167 0.530000 0.011667 0.066667
2 0.340000 0.488333 0.034167 0.038333
3 0.037500 0.488333 0.011667 0.030000
2 0.720833 0.513333 0.048333 0.043333
2 0.452500 0.470000 0.020833 0.080000
3 0.240833 0.518333 0.008333 0.021667
2 0.391667 0.436667 0.048333 0.043333
3 0.615833 0.593333 0.006667 0.018333
2 0.620000 0.615000 0.013333 0.070000
3 0.182500 0.558333 0.015833 0.051667
2 0.503333 0.516667 0.019167 0.046667
2 0.353333 0.526667 0.022500 0.023333
3 0.620000 0.481667 0.009167 0.015000
2 0.755000 0.363333 0.020833 0.028333
2 0.350833 0.655000 0.011667 0.025000
2 0.709167 0.685000 0.009167 0.040000
3 0.280000 0.653333 0.010000 0.020000
3 0.517500 0.405000 0.008333 0.016667
2 0.489167 0.313333 0.048333 0.043333
2 0.560833 0.691667 0.027500 0.016667
3 0.705833 0.355000 0.009167 0.016667
3 0.367500 0.433333 0.009167 0.016667
3 0.350000 0.740000 0.011667 0.020000
3 0.753333 0.706667 0.010000 0.020000
3 0.353333 0.386667 0.008333 0.016667
3 0.335833 0.296667 0.007500 0.018333
3 0.660833 0.393333 0.009167 0.018333
2 0.268333 0.441667 0.021667 0.090000
3 0.488333 0.293333 0.013333 0.015000
3 0.232500 0.390000 0.009167 0.023333
3 0.676667 0.343333 0.009167 0.023333
3 0.712500 0.420000 0.017500 0.031667
3 0.316667 0.381667 0.011667 0.030000
2 0.783333 0.351667 0.023333 0.041667
3 0.295833 0.680000 0.007500 0.018333
2 0.780833 0.341667 0.011667 0.066667
3 0.830000 0.415000 0.008333 0.016667
3 0.302500 0.715000 0.010000 0.016667
2 0.513333 0.376667 0.027500 0.016667
3 0.463333 0.716667 0.010000 0.020000
3 0.460000 0.403333 0.009167 0.016667
2 0.700000 0.615000 0.015833 0.068333
2 0.696667 0.708333 0.020833 0.028333
3 0.690000 0.373333 0.010833 0.013333
2 0.787500 0.406667 0.015833 0.068333
3 0.313333 0.756667 0.009167 0.015000
3 0.485000 0.318333 0.013333 0.015000
3 0.475000 0.171667 0.011667 0.030000
2 0.330833 0.651667 0.023333 0.106667
2 0.497500 0.705000 0.010833 0.091667
3 0.797500 0.633333 0.010833 0.023333
3 0.617500 0.326667 0.009167 0.016667
2 0.758333 0.445000 0.020833 0.080000
3 0.720833 0.660000 0.010833 0.023333
2 0.660833 0.365000 0.013333 0.070000
2 0.704167 0.448333 0.026667 0.035000
2 0.421667 0.731667 0.011667 0.066667
2 0.773333 0.441667 0.010833 0.091667
2 0.417500 0.346667 0.019167 0.046667
2 0.573333 0.740000 0.014167 0.015000
3 0.585833 0.438333 0.007500 0.015000
3 0.597500 0.716667 0.007500 0.018333
2 0.425833 0.350000 0.058333 0.076667
2 0.473333 0.335000 0.035000 0.105000
3 0.557500 0.673333 0.008333 0.021667
2 0.416667 0.675000 0.026667 0.035000
3 0.827500 0.428333 0.011667 0.030000
3 0.782500 0.380000 0.010000 0.020000
2 0.636667 0.651667 0.009167 0.040000
3 0.337500 0.731667 0.010833 0.023333
3 0.718333 0.650000 0.013333 0.031667
2 0.757500 0.320000 0.019167 0.046667
3 0.617500 0.405000 0.015833 0.051667
3 0.686667 0.661667 0.007500 0.016667
2 0.327500 0.253333 0.027500 0.016667
2 0.529167 0.280000 0.017500 0.116667
2 0.767500 0.331667 0.026667 0.035000
2 0.392500 0.365000 0.034167 0.038333
3 0.583333 0.615000 0.011667 0.020000
3 0.348333 0.403333 0.009167 0.018333
3 0.457500 0.345000 0.009167 0.016667
3 0.775000 0.785000 0.009167 0.016667
3 0.533333 0.356667 0.007500 0.018333
2 0.251667 0.670000 0.013333 0.070000
2 0.764167 0.423333 0.009167 0.031667
3 0.560000 0.343333 0.008333 0.016667
2 0.267500 0.638333 0.010000 0.031667
3 0.295000 0.248333 0.006667 0.018333
3 0.710833 0.260000 0.007500 0.018333
2 0.688333 0.710000 0.020833 0.080000
2 0.500000 0.268333 0.029167 0.038333
2 0.747500 0.685000 0.009167 0.040000
2 0.633333 0.385000 0.020833 0.080000
3 0.719167 0.370000 0.008333 0.016667
2 0.536667 0.671667 0.034167 0.100000
2 0.600000 0.640000 0.048333 0.043333
3 0.467500 0.260000 0.007500 0.018333
3 0.520000 0.221667 0.010833 0.013333
2 0.475000 0.250000 0.029167 0.038333
2 0.436667 0.683333 0.013333 0.070000
3 0.796667 0.418333 0.015833 0.051667
2 0.510833 0.346667 0.045833 0.021667
3 0.755000 0.608333 0.008333 0.016667
3 0.334167 0.300000 0.011667 0.030000
3 0.327500 0.355000 0.007500 0.015000
3 0.738333 0.651667 0.008333 0.016667
2 0.236667 0.883333 0.021667 0.090000
3 0.463333 0.280000 0.010833 0.023333
3 0.757500 0.315000 0.006667 0.018333
2 0.586667 0.731667 0.034167 0.038333
3 0.703333 0.636667 0.007500 0.016667
3 0.802500 0.396667 0.007500 0.015000
2 0.442500 0.633333 0.034167 0.038333
3 0.670833 0.606667 0.011667 0.020000
3 0.252500 0.763333 0.010000 0.016667
2 0.205000 0.633333 0.045833 0.021667
2 0.275000 0.401667 0.034167 0.038333
2 0.805000 0.596667 0.019167 0.046667
3 0.369167 0.406667 0.009167 0.016667
2 0.750000 0.590000 0.029167 0.038333
2 0.221667 0.330000 0.015833 0.068333
3 0.731667 0.716667 0.007500 0.015000
2 0.667500 0.385000 0.030833 0.051667
2 0.672500 0.621667 0.048333 0.025000
2 0.700000 0.370000 0.017500 0.116667
2 0.705000 0.633333 0.015833 0.068333
2 0.210000 0.416667 0.034167 0.038333
3 0.460000 0.666667 0.010833 0.023333
3 0.643333 0.348333 0.014167 0.025000
3 0.338333 0.648333 0.008333 0.021667
3 0.480833 0.376667 0.010000 0.020000
2 0.318333 0.666667 0.022500 0.023333
2 0.708333 0.376667 0.023333 0.041667
2 0.394167 0.645000 0.020833 0.028333
3 0.820833 0.441667 0.011667 0.030000
2 0.498333 0.685000 0.023333 0.106667
3 0.675000 0.640000 0.010000 0.020000
3 0.720833 0.445000 0.011667 0.020000
2 0.255833 0.361667 0.014167 0.015000
2 0.620833 0.383333 0.011667 0.025000
3 0.763333 0.633333 0.014167 0.025000
3 0.527500 0.408333 0.017500 0.031667
2 0.751667 0.421667 0.030833 0.051667
3 0.707500 0.408333 0.009167 0.018333
3 0.543333 0.243333 0.011667 0.030000
3 0.697500 0.670000 0.007500 0.016667
3 0.632500 0.435000 0.007500 0.016667
2 0.609167 0.388333 0.058333 0.076667
3 0.711667 0.448333 0.007500 0.016667
2 0.743333 0.676667 0.023333 0.106667
2 0.694167 0.358333 0.009167 0.031667
3 0.792500 0.645000 0.009167 0.016667
3 0.435000 0.646667 0.010000 0.020000
3 0.762500 0.703333 0.013333 0.031667
3 0.688333 0.390000 0.008333 0.021667
3 0.691667 0.670000 0.007500 0.018333
2 0.534167 0.351667 0.020000 0.021667
3 0.844167 0.326667 0.009167 0.023333
2 0.630000 0.651667 0.020833 0.080000
2 0.645833 0.373333 0.009167 0.040000
3 0.752500 0.368333 0.010000 0.016667
2 0.218333 0.383333 0.045833 0.021667
2 0.743333 0.331667 0.048333 0.043333
2 0.544167 0.665000 0.048333 0.025000
2 0.307500 0.715000 0.011667 0.025000
2 0.591667 0.186667 0.013333 0.070000
2 0.640833 0.628333 0.011667 0.025000
2 0.410833 0.723333 0.020000 0.021667
2 0.643333 0.618333 0.019167 0.046667
2 0.635000 0.381667 0.015833 0.068333
3 0.700000 0.281667 0.008333 0.016667
2 0.790833 0.381667 0.026667 0.035000
3 0.727500 0.640000 0.007500 0.018333
3 0.442500 0.346667 0.011667 0.020000
2 0.435833 0.803333 0.020833 0.080000
3 0.309167 0.713333 0.008333 0.016667
2 0.302500 0.725000 0.009167 0.031667
2 0.605000 0.316667 0.034167 0.038333
3 0.710833 0.345000 0.009167 0.016667
2 0.626667 0.338333 0.015833 0.068333
3 0.507500 0.786667 0.008333 0.016667
3 0.307500 0.725000 0.007500 0.018333
3 0.594167 0.413333 0.008333 0.021667
3 0.675000 0.255000 0.009167 0.015000
3 0.562500 0.371667 0.007500 0.015000
3 0.320000 0.645000 0.010833 0.013333
2 0.736667 0.631667 0.011667 0.066667
2 0.316667 0.326667 0.019167 0.046667
3 0.335000 0.870000 0.015833 0.051667
3 0.640833 0.658333 0.010000 0.020000
3 0.493333 0.358333 0.014167 0.025000
2 0.745833 0.305000 0.029167 0.038333
2 0.320833 0.380000 0.010833 0.091667
2 0.574167 0.651667 0.010833 0.091667
2 0.542500 0.666667 0.015833 0.068333
2 0.736667 0.396667 0.020833 0.028333
2 0.732500 0.425000 0.013333 0.070000
2 0.342500 0.670000 0.034167 0.100000
2 0.459167 0.756667 0.034167 0.100000
3 0.315000 0.405000 0.014167 0.025000
3 0.710833 0.258333 0.007500 0.015000
2 0.708333 0.613333 0.011667 0.066667
3 0.482500 0.648333 0.008333 0.016667
2 0.655000 0.401667 0.045833 0.021667
2 0.691667 0.310000 0.034167 0.100000
3 0.750000 0.610000 0.009167 0.016667
2 0.659167 0.408333 0.026667 0.035000
3 0.709167 0.340000 0.006667 0.018333
2 0.215000 0.405000 0.027500 0.016667
3 0.675833 0.725000 0.013333 0.015000
3 0.441667 0.796667 0.008333 0.021667
