4 0.881667 0.515000 0.041667 0.038333
4 0.840833 0.528333 0.068333 0.146667
4 0.846667 0.631667 0.142500 0.323333
4 0.822500 0.445000 0.140000 0.251667
4 0.890000 0.678333 0.050000 0.116667
4 0.801667 0.553333 0.086667 0.100000
4 0.883333 0.485000 0.060000 0.110000
4 0.881667 0.366667 0.089167 0.141667
4 0.842500 0.483333 0.077500 0.053333
4 0.847500 0.351667 0.072500 0.143333
4 0.357500 0.626667 0.085833 0.155000
4 0.135000 0.540000 0.083333 0.030000
4 0.612500 0.493333 0.123333 0.090000
4 0.090833 0.505000 0.100833 0.041667
4 0.664167 0.586667 0.055000 0.098333
4 0.545000 0.453333 0.190000 0.155000
4 0.158333 0.563333 0.128333 0.100000
4 0.491667 0.636667 0.071667 0.183333
4 0.418333 0.605000 0.160833 0.126667
4 0.504167 0.535000 0.135000 0.088333
2 0.477500 0.561667 0.029167 0.038333
2 0.637500 0.465000 0.023333 0.106667
2 0.539167 0.543333 0.013333 0.070000
2 0.406667 0.450000 0.020833 0.028333
3 0.427500 0.550000 0.007500 0.015000
2 0.770000 0.461667 0.058333 0.076667
2 0.483333 0.528333 0.029167 0.038333
2 0.107500 0.445000 0.029167 0.038333
3 0.720833 0.460000 0.007500 0.018333
3 0.509167 0.553333 0.015833 0.051667
2 0.437500 0.536667 0.011667 0.025000
3 0.110833 0.441667 0.014167 0.025000
2 0.305000 0.496667 0.023333 0.106667
2 0.750833 0.521667 0.027500 0.016667
3 0.478333 0.448333 0.007500 0.015000
2 0.405000 0.548333 0.020833 0.080000
3 0.709167 0.486667 0.011667 0.020000
3 0.600833 0.528333 0.008333 0.016667
3 0.114167 0.566667 0.008333 0.016667
3 0.150000 0.533333 0.009167 0.015000
2 0.677500 0.478333 0.026667 0.035000
3 0.308333 0.548333 0.007500 0.015000
3 0.512500 0.568333 0.007500 0.018333
2 0.695000 0.573333 0.030833 0.051667
2 0.468333 0.465000 0.097500 0.053333
3 0.281667 0.455000 0.015833 0.051667
3 0.402500 0.505000 0.007500 0.018333
2 0.755833 0.483333 0.020833 0.028333
2 0.768333 0.525000 0.013333 0.070000
2 0.148333 0.538333 0.011667 0.025000
3 0.822500 0.520000 0.017500 0.031667
2 0.813333 0.450000 0.035000 0.105000
2 0.221667 0.461667 0.026667 0.035000
3 0.061667 0.556667 0.009167 0.015000
2 0.735000 0.448333 0.017500 0.116667
2 0.298333 0.575000 0.020833 0.080000
2 0.415833 0.468333 0.013333 0.070000
2 0.128333 0.520000 0.026667 0.035000
3 0.687500 0.538333 0.008333 0.016667
3 0.021667 0.538333 0.017500 0.031667
2 0.619167 0.485000 0.021667 0.090000
3 0.761667 0.558333 0.008333 0.021667
2 0.692500 0.440000 0.020833 0.028333
3 0.807500 0.583333 0.007500 0.015000
3 0.602500 0.490000 0.017500 0.031667
3 0.364167 0.590000 0.011667 0.030000
2 0.490833 0.480000 0.048333 0.025000
3 0.036667 0.545000 0.007500 0.016667
3 0.555000 0.481667 0.011667 0.020000
2 0.538333 0.496667 0.027500 0.016667
2 0.081667 0.521667 0.015833 0.068333
2 0.378333 0.506667 0.034167 0.100000
3 0.053333 0.566667 0.009167 0.015000
3 0.460833 0.503333 0.009167 0.018333
2 0.290833 0.578333 0.020000 0.021667
3 0.179167 0.498333 0.013333 0.031667
2 0.581667 0.518333 0.011667 0.066667
2 0.324167 0.510000 0.017500 0.116667
3 0.380833 0.585000 0.009167 0.023333
3 0.665833 0.563333 0.007500 0.016667
3 0.730000 0.538333 0.007500 0.018333
2 0.676667 0.505000 0.022500 0.023333
3 0.686667 0.526667 0.014167 0.025000
2 0.220833 0.476667 0.058333 0.076667
2 0.167500 0.538333 0.030833 0.051667
2 0.588333 0.550000 0.013333 0.070000
2 0.541667 0.528333 0.027500 0.016667
2 0.175833 0.495000 0.022500 0.023333
3 0.494167 0.421667 0.009167 0.016667
2 0.166667 0.543333 0.020833 0.028333
2 0.695000 0.601667 0.013333 0.070000
3 0.647500 0.478333 0.010833 0.023333
3 0.158333 0.555000 0.007500 0.016667
3 0.774167 0.536667 0.009167 0.016667
2 0.142500 0.483333 0.020833 0.028333
3 0.386667 0.581667 0.008333 0.016667
3 0.740833 0.498333 0.009167 0.023333
2 0.018333 0.513333 0.015833 0.068333
3 0.022500 0.545000 0.008333 0.016667
3 0.454167 0.538333 0.010000 0.020000
3 0.239167 0.465000 0.011667 0.020000
2 0.184167 0.538333 0.023333 0.106667
2 0.411667 0.496667 0.035000 0.105000
3 0.472500 0.411667 0.008333 0.016667
2 0.505000 0.571667 0.010833 0.091667
3 0.062500 0.541667 0.009167 0.015000
3 0.331667 0.578333 0.009167 0.018333
2 0.689167 0.516667 0.029167 0.038333
2 0.304167 0.438333 0.011667 0.025000
2 0.719167 0.476667 0.009167 0.040000
2 0.685000 0.486667 0.058333 0.076667
2 0.601667 0.473333 0.009167 0.031667
3 0.473333 0.596667 0.008333 0.016667
2 0.236667 0.515000 0.021667 0.090000
2 0.161667 0.605000 0.013333 0.070000
3 0.543333 0.565000 0.009167 0.016667
2 0.186667 0.575000 0.026667 0.035000
2 0.041667 0.503333 0.020000 0.021667
3 0.811667 0.481667 0.007500 0.016667
3 0.273333 0.535000 0.008333 0.016667
3 0.482500 0.551667 0.013333 0.031667
3 0.515833 0.465000 0.008333 0.016667
2 0.325833 0.426667 0.010833 0.091667
2 0.727500 0.605000 0.045833 0.021667
3 0.701667 0.728333 0.017500 0.031667
2 0.668333 0.380000 0.048333 0.043333
2 0.635000 0.320000 0.097500 0.053333
3 0.644167 0.713333 0.008333 0.016667
2 0.707500 0.686667 0.010833 0.091667
2 0.529167 0.686667 0.034167 0.038333
3 0.405000 0.713333 0.010000 0.016667
3 0.271667 0.666667 0.011667 0.020000
3 0.705833 0.723333 0.010000 0.020000
3 0.460833 0.670000 0.007500 0.015000
2 0.775833 0.388333 0.020833 0.080000
2 0.790833 0.720000 0.034167 0.038333
2 0.617500 0.368333 0.097500 0.053333
3 0.475000 0.793333 0.007500 0.015000
3 0.744167 0.380000 0.010833 0.013333
3 0.778333 0.645000 0.010833 0.023333
2 0.522500 0.343333 0.011667 0.025000
2 0.422500 0.713333 0.015833 0.068333
2 0.260833 0.741667 0.023333 0.041667
2 0.282500 0.245000 0.011667 0.066667
2 0.525833 0.275000 0.015833 0.068333
3 0.395833 0.666667 0.009167 0.015000
3 0.219167 0.663333 0.007500 0.015000
3 0.491667 0.370000 0.017500 0.031667
2 0.701667 0.726667 0.014167 0.015000
3 0.472500 0.245000 0.009167 0.016667
2 0.503333 0.288333 0.015833 0.068333
3 0.312500 0.403333 0.009167 0.023333
2 0.727500 0.670000 0.013333 0.070000
2 0.482500 0.706667 0.034167 0.038333
3 0.716667 0.643333 0.010000 0.016667
3 0.685000 0.633333 0.008333 0.016667
3 0.743333 0.406667 0.007500 0.018333
3 0.359167 0.251667 0.008333 0.016667
3 0.447500 0.706667 0.014167 0.025000
2 0.403333 0.646667 0.014167 0.015000
2 0.779167 0.310000 0.020833 0.080000
2 0.710833 0.326667 0.009167 0.040000
3 0.348333 0.766667 0.006667 0.018333
3 0.546667 0.653333 0.009167 0.018333
3 0.640000 0.350000 0.010833 0.023333
3 0.348333 0.403333 0.010000 0.016667
2 0.665000 0.641667 0.015833 0.068333
3 0.320833 0.376667 0.015833 0.051667
2 0.649167 0.371667 0.034167 0.100000
2 0.741667 0.591667 0.045833 0.021667
2 0.565833 0.433333 0.048333 0.043333
3 0.713333 0.416667 0.010000 0.020000
3 0.799167 0.641667 0.009167 0.018333
2 0.514167 0.390000 0.026667 0.035000
2 0.633333 0.410000 0.020000 0.021667
2 0.640000 0.676667 0.020000 0.021667
3 0.771667 0.348333 0.015833 0.051667
2 0.289167 0.820000 0.010833 0.091667
2 0.689167 0.255000 0.027500 0.016667
3 0.607500 0.403333 0.006667 0.018333
3 0.441667 0.771667 0.009167 0.018333
2 0.532500 0.410000 0.045833 0.021667
2 0.555000 0.998333 0.009167 0.001667
3 0.328333 0.341667 0.009167 0.016667
2 0.510000 0.275000 0.010000 0.031667
3 0.450833 0.651667 0.009167 0.023333
3 0.716667 0.356667 0.009167 0.016667
2 0.780000 0.378333 0.014167 0.015000
2 0.445833 0.738333 0.023333 0.041667
2 0.543333 0.428333 0.023333 0.041667
3 0.558333 0.423333 0.007500 0.018333
2 0.713333 0.671667 0.058333 0.076667
3 0.734167 0.686667 0.007500 0.015000
2 0.691667 0.711667 0.034167 0.038333
2 0.421667 0.376667 0.011667 0.066667
3 0.732500 0.621667 0.009167 0.023333
3 0.603333 0.311667 0.010833 0.013333
2 0.329167 0.390000 0.023333 0.041667
2 0.398333 0.745000 0.026667 0.035000
3 0.778333 0.700000 0.009167 0.016667
3 0.562500 0.755000 0.015833 0.051667
3 0.356667 0.755000 0.007500 0.015000
3 0.714167 0.603333 0.009167 0.016667
2 0.220000 0.418333 0.020833 0.080000
2 0.502500 0.361667 0.048333 0.025000
3 0.350000 0.836667 0.007500 0.016667
2 0.411667 0.183333 0.097500 0.053333
2 0.549167 0.691667 0.013333 0.070000
2 0.344167 0.760000 0.010833 0.091667
3 0.320833 0.345000 0.011667 0.020000
3 0.408333 0.355000 0.008333 0.016667
3 0.415833 0.746667 0.007500 0.018333
3 0.332500 0.408333 0.006667 0.018333
3 0.341667 0.771667 0.009167 0.016667
3 0.719167 0.998333 0.009167 0.001667
2 0.432500 0.641667 0.045833 0.021667
3 0.482500 0.333333 0.008333 0.016667
3 0.690833 0.676667 0.010000 0.020000
2 0.311667 0.393333 0.011667 0.025000
3 0.680000 0.638333 0.011667 0.020000
3 0.729167 0.411667 0.007500 0.016667
3 0.687500 0.663333 0.017500 0.031667
2 0.450000 0.855000 0.029167 0.038333
2 0.350000 0.396667 0.020833 0.028333
3 0.572500 0.388333 0.009167 0.023333
3 0.710000 0.258333 0.010000 0.016667
2 0.754167 0.740000 0.030833 0.051667
2 0.315833 0.673333 0.034167 0.100000
2 0.556667 0.998333 0.097500 0.001667
3 0.776667 0.413333 0.007500 0.015000
2 0.555000 0.176667 0.048333 0.025000
2 0.701667 0.595000 0.011667 0.066667
2 0.512500 0.206667 0.009167 0.031667
3 0.344167 0.233333 0.008333 0.016667
2 0.165833 0.400000 0.027500 0.016667
3 0.627500 0.326667 0.007500 0.018333
3 0.268333 0.640000 0.007500 0.015000
3 0.746667 0.780000 0.008333 0.016667
2 0.780000 0.635000 0.010833 0.091667
2 0.395833 0.651667 0.058333 0.076667
2 0.745833 0.351667 0.097500 0.053333
2 0.623333 0.326667 0.058333 0.076667
3 0.170000 0.401667 0.010000 0.016667
2 0.756667 0.368333 0.020833 0.080000
3 0.673333 0.348333 0.010833 0.013333
3 0.563333 0.738333 0.017500 0.031667
3 0.822500 0.396667 0.008333 0.016667
2 0.305000 0.361667 0.023333 0.106667
2 0.504167 0.341667 0.020000 0.021667
2 0.477500 0.801667 0.030833 0.051667
2 0.779167 0.413333 0.020833 0.080000
3 0.423333 0.683333 0.008333 0.016667
3 0.764167 0.361667 0.014167 0.025000
2 0.495833 0.283333 0.013333 0.070000
3 0.450000 0.285000 0.009167 0.023333
2 0.681667 0.743333 0.029167 0.038333
2 0.680833 0.276667 0.017500 0.116667
3 0.810833 0.620000 0.013333 0.015000
3 0.545000 0.651667 0.007500 0.016667
2 0.646667 0.400000 0.019167 0.046667
3 0.731667 0.723333 0.008333 0.021667
3 0.521667 0.670000 0.007500 0.015000
2 0.750000 0.378333 0.022500 0.023333
2 0.735000 0.383333 0.020833 0.080000
2 0.745833 0.395000 0.026667 0.035000
3 0.797500 0.716667 0.007500 0.015000
3 0.685833 0.356667 0.007500 0.015000
3 0.295000 0.678333 0.009167 0.018333
2 0.325000 0.741667 0.020833 0.080000
3 0.790000 0.331667 0.007500 0.018333
2 0.700000 0.693333 0.026667 0.035000
2 0.618333 0.343333 0.035000 0.105000
3 0.408333 0.676667 0.007500 0.015000
3 0.730000 0.270000 0.015833 0.051667
3 0.030000 0.600000 0.008333 0.016667
2 0.345833 0.348333 0.014167 0.015000
3 0.657500 0.356667 0.009167 0.016667
3 0.770833 0.378333 0.007500 0.016667
3 0.695833 0.715000 0.010833 0.013333
2 0.529167 0.726667 0.020833 0.028333
3 0.300833 0.743333 0.010833 0.013333
2 0.177500 0.640000 0.058333 0.076667
2 0.672500 0.705000 0.027500 0.016667
3 0.556667 0.423333 0.010833 0.023333
3 0.255833 0.706667 0.006667 0.018333
2 0.696667 0.643333 0.020000 0.021667
3 0.605833 0.400000 0.009167 0.015000
2 0.715000 0.336667 0.011667 0.025000
3 0.671667 0.443333 0.011667 0.020000
2 0.476667 0.736667 0.011667 0.025000
2 0.682500 0.268333 0.020000 0.021667
2 0.310000 0.398333 0.014167 0.015000
3 0.319167 0.361667 0.009167 0.023333
3 0.294167 0.290000 0.008333 0.016667
3 0.597500 0.716667 0.008333 0.016667
3 0.574167 0.616667 0.008333 0.016667
2 0.626667 0.335000 0.014167 0.015000
3 0.290833 0.273333 0.008333 0.016667
3 0.439167 0.656667 0.007500 0.018333
3 0.328333 0.238333 0.008333 0.016667
3 0.760000 0.398333 0.017500 0.031667
3 0.775000 0.378333 0.010000 0.016667
2 0.476667 0.783333 0.021667 0.090000
3 0.768333 0.593333 0.008333 0.016667
2 0.645833 0.336667 0.009167 0.040000
2 0.338333 0.701667 0.023333 0.041667
3 0.806667 0.641667 0.006667 0.018333
3 0.446667 0.370000 0.010000 0.016667
2 0.422500 0.321667 0.034167 0.038333
3 0.675833 0.348333 0.015833 0.051667
3 0.690000 0.353333 0.008333 0.016667
2 0.421667 0.376667 0.011667 0.066667
3 0.796667 0.416667 0.008333 0.016667
3 0.678333 0.668333 0.008333 0.021667
2 0.495833 0.818333 0.045833 0.021667
2 0.656667 0.366667 0.019167 0.046667
3 0.662500 0.621667 0.017500 0.031667
3 0.679167 0.365000 0.007500 0.018333
2 0.712500 0.426667 0.017500 0.116667
3 0.805833 0.656667 0.008333 0.021667
