4 0.779167 0.525000 0.133333 0.183333
4 0.866667 0.441667 0.121667 0.048333
4 0.815000 0.596667 0.094167 0.091667
4 0.858333 0.535000 0.139167 0.150000
4 0.846667 0.480000 0.145833 0.061667
4 0.792500 0.551667 0.120000 0.046667
4 0.760000 0.723333 0.190000 0.406667
4 0.863333 0.431667 0.075833 0.085000
4 0.777500 0.415000 0.152500 0.125000
4 0.798333 0.573333 0.106667 0.035000
4 0.135833 0.685000 0.141667 0.235000
4 0.028333 0.565000 0.056667 0.036667
4 0.311667 0.550000 0.052500 0.101667
4 0.361667 0.585000 0.128333 0.070000
4 0.547500 0.535000 0.064167 0.058333
4 0.222500 0.505000 0.050833 0.036667
4 0.160000 0.521667 0.245000 0.105000
4 0.459167 0.528333 0.048333 0.098333
4 0.091667 0.598333 0.058333 0.115000
4 0.450833 0.615000 0.119167 0.208333
3 0.308333 0.485000 0.009167 0.018333
3 0.079167 0.470000 0.009167 0.018333
3 0.790833 0.453333 0.010833 0.023333
2 0.260000 0.565000 0.023333 0.106667
3 0.828333 0.350000 0.008333 0.021667
3 0.750833 0.480000 0.013333 0.031667
2 0.668333 0.548333 0.011667 0.066667
3 0.115000 0.575000 0.009167 0.016667
3 0.508333 0.496667 0.017500 0.031667
2 0.469167 0.558333 0.020833 0.028333
3 0.466667 0.590000 0.010000 0.016667
2 0.343333 0.555000 0.058333 0.076667
3 0.508333 0.556667 0.008333 0.016667
2 0.275833 0.450000 0.014167 0.015000
3 0.435000 0.525000 0.007500 0.016667
3 0.615000 0.490000 0.010000 0.016667
2 0.290833 0.470000 0.020000 0.021667
3 0.632500 0.480000 0.008333 0.016667
3 0.451667 0.595000 0.008333 0.021667
3 0.351667 0.450000 0.008333 0.016667
3 0.372500 0.485000 0.009167 0.016667
2 0.647500 0.570000 0.027500 0.016667
3 0.444167 0.478333 0.010833 0.013333
3 0.645833 0.498333 0.009167 0.016667
3 0.313333 0.536667 0.007500 0.018333
2 0.038333 0.548333 0.048333 0.043333
3 0.487500 0.433333 0.017500 0.031667
3 0.462500 0.565000 0.010833 0.023333
3 0.185833 0.458333 0.011667 0.030000
2 0.403333 0.443333 0.017500 0.116667
2 0.395833 0.510000 0.027500 0.016667
3 0.295833 0.511667 0.008333 0.021667
3 0.058333 0.530000 0.008333 0.016667
3 0.097500 0.493333 0.007500 0.018333
3 0.683333 0.468333 0.007500 0.015000
3 0.590000 0.486667 0.007500 0.015000
2 0.405000 0.523333 0.020000 0.021667
2 0.115000 0.558333 0.020000 0.021667
2 0.519167 0.563333 0.019167 0.046667
2 0.207500 0.471667 0.023333 0.106667
3 0.507500 0.560000 0.010833 0.023333
2 0.684167 0.500000 0.011667 0.025000
2 0.154167 0.575000 0.034167 0.038333
2 0.427500 0.491667 0.020833 0.080000
3 0.580833 0.543333 0.013333 0.015000
3 0.216667 0.543333 0.006667 0.018333
2 0.052500 0.573333 0.010833 0.091667
2 0.428333 0.478333 0.029167 0.038333
3 0.020833 0.541667 0.013333 0.015000
3 0.737500 0.538333 0.010000 0.016667
3 0.698333 0.516667 0.010833 0.013333
3 0.107500 0.576667 0.010000 0.020000
2 0.511667 0.570000 0.022500 0.023333
3 0.817500 0.550000 0.009167 0.016667
3 0.058333 0.476667 0.007500 0.015000
3 0.565833 0.520000 0.017500 0.031667
2 0.445833 0.468333 0.011667 0.066667
3 0.330000 0.513333 0.011667 0.030000
3 0.615833 0.528333 0.007500 0.018333
2 0.812500 0.495000 0.019167 0.046667
2 0.145000 0.508333 0.020000 0.021667
3 0.205833 0.508333 0.009167 0.015000
3 0.112500 0.496667 0.008333 0.016667
2 0.250833 0.563333 0.045833 0.021667
3 0.405000 0.500000 0.010000 0.020000
3 0.360833 0.461667 0.009167 0.016667
2 0.675000 0.476667 0.034167 0.100000
3 0.659167 0.466667 0.017500 0.031667
2 0.158333 0.560000 0.011667 0.025000
3 0.692500 0.516667 0.009167 0.023333
3 0.185833 0.465000 0.008333 0.021667
3 0.477500 0.551667 0.009167 0.018333
2 0.487500 0.398333 0.011667 0.025000
3 0.771667 0.486667 0.009167 0.023333
3 0.108333 0.558333 0.008333 0.016667
3 0.280000 0.533333 0.008333 0.016667
2 0.356667 0.515000 0.048333 0.025000
2 0.477500 0.603333 0.048333 0.025000
2 0.627500 0.595000 0.010833 0.091667
3 0.490000 0.468333 0.009167 0.023333
3 0.056667 0.495000 0.008333 0.016667
3 0.020000 0.545000 0.007500 0.016667
3 0.795000 0.575000 0.014167 0.025000
3 0.086667 0.530000 0.007500 0.016667
3 0.619167 0.488333 0.010833 0.023333
3 0.223333 0.565000 0.009167 0.015000
3 0.244167 0.523333 0.013333 0.031667
2 0.149167 0.580000 0.020833 0.080000
3 0.343333 0.615000 0.008333 0.021667
2 0.785000 0.585000 0.026667 0.035000
2 0.410833 0.426667 0.020833 0.080000
3 0.764167 0.525000 0.008333 0.016667
2 0.793333 0.483333 0.034167 0.038333
3 0.821667 0.463333 0.010000 0.020000
3 0.073333 0.450000 0.014167 0.025000
2 0.485833 0.551667 0.048333 0.043333
3 0.089167 0.555000 0.014167 0.025000
2 0.626667 0.540000 0.013333 0.070000
2 0.400000 0.511667 0.014167 0.015000
2 0.330000 0.611667 0.017500 0.116667
2 0.178333 0.595000 0.013333 0.070000
2 0.542500 0.461667 0.019167 0.046667
3 0.531667 0.373333 0.009167 0.016667
2 0.285000 0.318333 0.014167 0.015000
3 0.745833 0.668333 0.009167 0.023333
2 0.411667 0.701667 0.034167 0.038333
2 0.603333 0.725000 0.011667 0.025000
3 0.580000 0.646667 0.009167 0.016667
3 0.685833 0.381667 0.008333 0.021667
3 0.765833 0.670000 0.009167 0.023333
2 0.780000 0.683333 0.010833 0.091667
3 0.489167 0.775000 0.007500 0.015000
3 0.690000 0.413333 0.013333 0.031667
3 0.263333 0.356667 0.011667 0.020000
3 0.319167 0.350000 0.010000 0.016667
3 0.523333 0.381667 0.007500 0.018333
2 0.672500 0.401667 0.011667 0.025000
2 0.638333 0.678333 0.014167 0.015000
2 0.535000 0.633333 0.058333 0.076667
2 0.390833 0.686667 0.034167 0.100000
3 0.570000 0.275000 0.010000 0.016667
3 0.711667 0.376667 0.013333 0.015000
2 0.799167 0.620000 0.015833 0.068333
2 0.509167 0.808333 0.019167 0.046667
2 0.733333 0.698333 0.009167 0.031667
2 0.473333 0.271667 0.097500 0.053333
3 0.726667 0.366667 0.017500 0.031667
2 0.656667 0.306667 0.011667 0.066667
3 0.689167 0.360000 0.011667 0.020000
2 0.275000 0.406667 0.020833 0.080000
2 0.609167 0.643333 0.020000 0.021667
3 0.030000 0.600000 0.007500 0.015000
3 0.339167 0.730000 0.007500 0.018333
3 0.538333 0.646667 0.009167 0.018333
3 0.480833 0.640000 0.007500 0.018333
2 0.772500 0.638333 0.058333 0.076667
2 0.750833 0.638333 0.023333 0.106667
3 0.413333 0.400000 0.008333 0.016667
2 0.605000 0.341667 0.058333 0.076667
2 0.487500 0.688333 0.030833 0.051667
2 0.796667 0.405000 0.014167 0.015000
2 0.760833 0.316667 0.045833 0.021667
2 0.380000 0.398333 0.023333 0.041667
2 0.161667 0.656667 0.030833 0.051667
2 0.682500 0.310000 0.021667 0.090000
2 0.323333 0.743333 0.011667 0.066667
3 0.215833 0.673333 0.013333 0.031667
2 0.732500 0.655000 0.010000 0.031667
2 0.449167 0.686667 0.034167 0.100000
3 0.754167 0.420000 0.008333 0.016667
3 0.558333 0.668333 0.010833 0.023333
3 0.775833 0.365000 0.009167 0.016667
2 0.383333 0.780000 0.026667 0.035000
3 0.808333 0.725000 0.017500 0.031667
2 0.673333 0.403333 0.023333 0.106667
2 0.440000 0.396667 0.020833 0.080000
2 0.785000 0.376667 0.011667 0.066667
3 0.706667 0.646667 0.008333 0.021667
2 0.199167 0.620000 0.058333 0.076667
3 0.533333 0.370000 0.011667 0.020000
2 0.580000 0.610000 0.017500 0.116667
3 0.459167 0.886667 0.008333 0.021667
3 0.405000 0.645000 0.010833 0.013333
3 0.621667 0.638333 0.009167 0.016667
3 0.748333 0.603333 0.007500 0.015000
2 0.456667 0.338333 0.011667 0.025000
3 0.455833 0.755000 0.008333 0.016667
2 0.727500 0.388333 0.048333 0.043333
2 0.395833 0.716667 0.029167 0.038333
3 0.799167 0.636667 0.008333 0.021667
2 0.754167 0.291667 0.017500 0.116667
3 0.707500 0.680000 0.010833 0.013333
3 0.777500 0.408333 0.010833 0.013333
3 0.226667 0.338333 0.008333 0.016667
2 0.341667 0.635000 0.015833 0.068333
3 0.245000 0.360000 0.008333 0.021667
2 0.760833 0.306667 0.009167 0.040000
2 0.762500 0.630000 0.019167 0.046667
2 0.667500 0.390000 0.015833 0.068333
2 0.520833 0.346667 0.045833 0.021667
2 0.699167 0.370000 0.058333 0.076667
3 0.375833 0.375000 0.014167 0.025000
2 0.561667 0.786667 0.023333 0.041667
3 0.245000 0.376667 0.009167 0.016667
3 0.557500 0.820000 0.006667 0.018333
2 0.725000 0.611667 0.035000 0.105000
2 0.520833 0.206667 0.009167 0.040000
2 0.495000 0.426667 0.020833 0.080000
2 0.333333 0.713333 0.019167 0.046667
2 0.328333 0.783333 0.009167 0.040000
2 0.405833 0.406667 0.023333 0.041667
2 0.429167 0.406667 0.021667 0.090000
3 0.409167 0.388333 0.008333 0.016667
3 0.525833 0.268333 0.011667 0.030000
3 0.345000 0.636667 0.007500 0.015000
2 0.426667 0.338333 0.011667 0.066667
3 0.804167 0.421667 0.009167 0.018333
2 0.623333 0.385000 0.022500 0.023333
3 0.598333 0.736667 0.010833 0.013333
3 0.678333 0.668333 0.010000 0.020000
2 0.686667 0.283333 0.048333 0.025000
2 0.776667 0.690000 0.013333 0.070000
2 0.392500 0.685000 0.048333 0.043333
3 0.753333 0.661667 0.010833 0.023333
2 0.350000 0.370000 0.010833 0.091667
3 0.495833 0.161667 0.007500 0.015000
2 0.420833 0.366667 0.023333 0.106667
3 0.613333 0.766667 0.010833 0.013333
3 0.790000 0.718333 0.017500 0.031667
3 0.290000 0.276667 0.009167 0.023333
2 0.558333 0.413333 0.058333 0.076667
3 0.813333 0.631667 0.009167 0.016667
3 0.294167 0.765000 0.006667 0.018333
3 0.550000 0.731667 0.011667 0.030000
2 0.466667 0.438333 0.045833 0.021667
2 0.370000 0.825000 0.097500 0.053333
2 0.287500 0.380000 0.013333 0.070000
3 0.690833 0.733333 0.017500 0.031667
3 0.565833 0.690000 0.009167 0.016667
2 0.714167 0.410000 0.019167 0.046667
2 0.647500 0.620000 0.048333 0.025000
3 0.804167 0.370000 0.007500 0.015000
3 0.626667 0.650000 0.009167 0.018333
3 0.367500 0.680000 0.009167 0.016667
2 0.285833 0.665000 0.035000 0.105000
2 0.282500 0.653333 0.058333 0.076667
3 0.530000 0.721667 0.011667 0.020000
3 0.543333 0.426667 0.015833 0.051667
3 0.655000 0.333333 0.007500 0.015000
3 0.349167 0.393333 0.015833 0.051667
3 0.505000 0.815000 0.014167 0.025000
3 0.240833 0.370000 0.008333 0.016667
2 0.568333 0.671667 0.030833 0.051667
3 0.275833 0.763333 0.009167 0.023333
3 0.584167 0.435000 0.010833 0.013333
3 0.542500 0.706667 0.007500 0.015000
2 0.621667 0.388333 0.020000 0.021667
3 0.447500 0.386667 0.009167 0.016667
3 0.575833 0.311667 0.008333 0.016667
3 0.550833 0.726667 0.009167 0.016667
3 0.702500 0.401667 0.008333 0.021667
3 0.332500 0.416667 0.007500 0.018333
2 0.606667 0.363333 0.021667 0.090000
2 0.797500 0.420000 0.013333 0.070000
2 0.800833 0.598333 0.011667 0.066667
3 0.760000 0.608333 0.009167 0.016667
3 0.355000 0.661667 0.011667 0.030000
3 0.691667 0.616667 0.015833 0.051667
2 0.675000 0.418333 0.027500 0.016667
2 0.608333 0.426667 0.010833 0.091667
3 0.451667 0.648333 0.007500 0.015000
3 0.257500 0.768333 0.007500 0.018333
3 0.770833 0.360000 0.010833 0.023333
2 0.645833 0.391667 0.027500 0.016667
3 0.470000 0.320000 0.015833 0.051667
2 0.754167 0.360000 0.034167 0.038333
3 0.224167 0.695000 0.011667 0.020000
3 0.359167 0.251667 0.007500 0.015000
3 0.320833 0.340000 0.010833 0.013333
2 0.648333 0.325000 0.020833 0.028333
2 0.685833 0.640000 0.026667 0.035000
2 0.333333 0.356667 0.020833 0.080000
3 0.488333 0.781667 0.010000 0.020000
2 0.665833 0.341667 0.027500 0.016667
3 0.337500 0.256667 0.008333 0.016667
3 0.659167 0.356667 0.010833 0.013333
2 0.529167 0.470000 0.034167 0.100000
2 0.486667 0.256667 0.010000 0.031667
2 0.691667 0.380000 0.020833 0.080000
3 0.646667 0.400000 0.008333 0.016667
3 0.307500 0.296667 0.009167 0.023333
2 0.596667 0.690000 0.015833 0.068333
3 0.730833 0.418333 0.017500 0.031667
2 0.404167 0.356667 0.045833 0.021667
2 0.641667 0.375000 0.035000 0.105000
2 0.382500 0.766667 0.027500 0.016667
3 0.486667 0.258333 0.009167 0.016667
2 0.385000 0.728333 0.017500 0.116667
2 0.545833 0.653333 0.009167 0.031667
3 0.383333 0.703333 0.015833 0.051667
3 0.727500 0.448333 0.007500 0.015000
2 0.279167 0.740000 0.048333 0.025000
3 0.667500 0.361667 0.017500 0.031667
2 0.506667 0.303333 0.010000 0.031667
2 0.713333 0.618333 0.020833 0.028333
2 0.610000 0.380000 0.026667 0.035000
2 0.663333 0.703333 0.013333 0.070000
2 0.725000 0.325000 0.011667 0.066667
2 0.702500 0.325000 0.011667 0.025000
2 0.570000 0.673333 0.010833 0.091667
2 0.722500 0.738333 0.045833 0.021667
3 0.782500 0.688333 0.011667 0.030000
2 0.502500 0.218333 0.045833 0.021667
2 0.552500 0.626667 0.045833 0.021667
2 0.357500 0.338333 0.020833 0.080000
2 0.390833 0.331667 0.022500 0.023333
2 0.266667 0.376667 0.017500 0.116667
3 0.328333 0.341667 0.009167 0.016667
3 0.405000 0.730000 0.011667 0.030000
3 0.730833 0.620000 0.013333 0.031667
