4 0.893333 0.570000 0.043333 0.026667
4 0.802500 0.596667 0.105833 0.195000
4 0.889167 0.665000 0.055000 0.048333
4 0.864167 0.653333 0.084167 0.083333
4 0.846667 0.611667 0.044167 0.065000
4 0.835833 0.445000 0.081667 0.043333
4 0.865833 0.631667 0.075833 0.055000
4 0.800000 0.468333 0.185833 0.193333
4 0.804167 0.695000 0.093333 0.178333
4 0.895000 0.428333 0.044167 0.055000
4 0.475000 0.555000 0.042500 0.108333
4 0.048333 0.526667 0.097500 0.075000
4 0.335833 0.535000 0.060833 0.035000
4 0.440833 0.551667 0.220000 0.063333
4 0.225000 0.525000 0.105000 0.086667
4 0.071667 0.528333 0.143333 0.053333
4 0.318333 0.515000 0.125000 0.131667
4 0.144167 0.545000 0.094167 0.106667
4 0.430000 0.540000 0.068333 0.096667
4 0.157500 0.628333 0.140000 0.258333
3 0.610000 0.501667 0.010000 0.020000
3 0.398333 0.510000 0.007500 0.018333
3 0.700000 0.556667 0.007500 0.015000
3 0.363333 0.553333 0.007500 0.015000
2 0.739167 0.466667 0.026667 0.035000
3 0.315833 0.583333 0.007500 0.015000
3 0.115833 0.516667 0.007500 0.015000
2 0.629167 0.516667 0.014167 0.015000
3 0.457500 0.428333 0.009167 0.015000
3 0.441667 0.496667 0.007500 0.018333
3 0.640000 0.488333 0.010833 0.023333
2 0.271667 0.593333 0.014167 0.015000
3 0.680833 0.556667 0.013333 0.031667
3 0.801667 0.443333 0.007500 0.016667
3 0.141667 0.535000 0.017500 0.031667
3 0.065000 0.555000 0.006667 0.018333
2 0.153333 0.458333 0.048333 0.025000
2 0.014167 0.558333 0.022500 0.023333
3 0.590000 0.533333 0.011667 0.020000
3 0.825833 0.580000 0.010833 0.013333
3 0.475833 0.535000 0.009167 0.016667
3 0.495833 0.460000 0.008333 0.016667
2 0.103333 0.466667 0.045833 0.021667
2 0.217500 0.485000 0.048333 0.025000
3 0.271667 0.585000 0.008333 0.016667
3 0.818333 0.481667 0.008333 0.016667
2 0.445833 0.505000 0.011667 0.025000
3 0.110000 0.448333 0.013333 0.015000
3 0.209167 0.530000 0.013333 0.015000
2 0.347500 0.443333 0.009167 0.040000
2 0.423333 0.531667 0.020833 0.080000
2 0.495000 0.563333 0.045833 0.021667
2 0.585833 0.488333 0.045833 0.021667
3 0.572500 0.575000 0.007500 0.015000
2 0.681667 0.530000 0.020833 0.080000
2 0.334167 0.583333 0.029167 0.038333
2 0.746667 0.485000 0.045833 0.021667
2 0.072500 0.555000 0.017500 0.116667
2 0.200833 0.543333 0.097500 0.053333
2 0.019167 0.466667 0.027500 0.016667
2 0.452500 0.508333 0.011667 0.066667
2 0.491667 0.475000 0.058333 0.076667
2 0.599167 0.563333 0.035000 0.105000
3 0.818333 0.640000 0.007500 0.016667
3 0.175000 0.580000 0.008333 0.016667
3 0.414167 0.448333 0.006667 0.018333
2 0.444167 0.480000 0.045833 0.021667
3 0.065833 0.480000 0.008333 0.016667
2 0.286667 0.475000 0.022500 0.023333
2 0.494167 0.568333 0.011667 0.066667
2 0.787500 0.595000 0.013333 0.070000
3 0.670000 0.521667 0.008333 0.016667
3 0.100000 0.586667 0.010833 0.013333
2 0.535833 0.478333 0.017500 0.116667
2 0.135833 0.503333 0.058333 0.076667
2 0.516667 0.536667 0.011667 0.025000
3 0.187500 0.585000 0.010833 0.023333
2 0.075000 0.513333 0.026667 0.035000
2 0.225000 0.478333 0.010000 0.031667
2 0.805000 0.685000 0.020833 0.080000
3 0.620000 0.570000 0.013333 0.031667
2 0.383333 0.596667 0.023333 0.106667
3 0.251667 0.441667 0.008333 0.016667
3 0.260833 0.576667 0.007500 0.018333
3 0.515833 0.555000 0.007500 0.018333
2 0.783333 0.503333 0.030833 0.051667
2 0.125833 0.543333 0.022500 0.023333
3 0.126667 0.446667 0.010000 0.020000
2 0.738333 0.588333 0.020833 0.080000
2 0.245000 0.558333 0.045833 0.021667
2 0.720000 0.551667 0.048333 0.025000
2 0.150833 0.541667 0.023333 0.041667
2 0.041667 0.523333 0.020833 0.028333
2 0.225833 0.520000 0.023333 0.106667
2 0.555000 0.443333 0.011667 0.066667
2 0.609167 0.541667 0.026667 0.035000
3 0.515833 0.496667 0.013333 0.031667
2 0.090000 0.580000 0.021667 0.090000
2 0.508333 0.490000 0.010000 0.031667
2 0.680833 0.451667 0.097500 0.053333
3 0.641667 0.498333 0.011667 0.030000
3 0.291667 0.511667 0.006667 0.018333
3 0.275833 0.510000 0.013333 0.015000
2 0.181667 0.493333 0.020833 0.028333
2 0.645000 0.568333 0.045833 0.021667
2 0.470000 0.593333 0.021667 0.090000
2 0.684167 0.545000 0.048333 0.025000
2 0.436667 0.531667 0.020833 0.080000
3 0.024167 0.496667 0.011667 0.030000
2 0.665000 0.465000 0.026667 0.035000
3 0.612500 0.626667 0.007500 0.015000
2 0.207500 0.595000 0.022500 0.023333
2 0.598333 0.546667 0.097500 0.053333
2 0.439167 0.521667 0.023333 0.041667
2 0.273333 0.510000 0.009167 0.031667
2 0.607500 0.568333 0.022500 0.023333
2 0.789167 0.536667 0.020000 0.021667
2 0.215000 0.535000 0.048333 0.025000
2 0.358333 0.485000 0.045833 0.021667
3 0.105000 0.486667 0.011667 0.020000
2 0.446667 0.550000 0.029167 0.038333
2 0.537500 0.498333 0.023333 0.106667
3 0.805833 0.436667 0.011667 0.030000
3 0.738333 0.333333 0.008333 0.016667
2 0.510833 0.788333 0.020000 0.021667
2 0.450000 0.728333 0.034167 0.100000
3 0.475000 0.308333 0.011667 0.030000
3 0.251667 0.776667 0.014167 0.025000
3 0.759167 0.295000 0.008333 0.016667
3 0.407500 0.356667 0.009167 0.016667
2 0.329167 0.753333 0.017500 0.116667
3 0.272500 0.345000 0.007500 0.018333
2 0.485000 0.338333 0.022500 0.023333
3 0.307500 0.701667 0.007500 0.018333
3 0.735833 0.700000 0.011667 0.030000
2 0.273333 0.261667 0.035000 0.105000
3 0.440000 0.343333 0.007500 0.015000
3 0.709167 0.420000 0.007500 0.018333
3 0.378333 0.700000 0.013333 0.015000
2 0.545000 0.643333 0.027500 0.016667
2 0.712500 0.453333 0.010833 0.091667
3 0.705000 0.431667 0.008333 0.016667
2 0.648333 0.366667 0.027500 0.016667
3 0.613333 0.646667 0.011667 0.020000
2 0.635833 0.396667 0.014167 0.015000
2 0.630833 0.620000 0.019167 0.046667
3 0.704167 0.671667 0.007500 0.018333
3 0.829167 0.423333 0.007500 0.016667
3 0.672500 0.605000 0.007500 0.018333
2 0.781667 0.345000 0.017500 0.116667
3 0.706667 0.691667 0.017500 0.031667
2 0.526667 0.645000 0.058333 0.076667
3 0.410833 0.678333 0.008333 0.016667
3 0.677500 0.638333 0.011667 0.020000
2 0.327500 0.413333 0.017500 0.116667
3 0.341667 0.665000 0.014167 0.025000
3 0.541667 0.443333 0.009167 0.018333
3 0.782500 0.380000 0.009167 0.016667
3 0.695833 0.610000 0.008333 0.016667
3 0.677500 0.368333 0.008333 0.016667
2 0.737500 0.396667 0.015833 0.068333
3 0.791667 0.650000 0.009167 0.018333
2 0.647500 0.438333 0.010000 0.031667
2 0.744167 0.396667 0.015833 0.068333
2 0.408333 0.386667 0.010000 0.031667
2 0.735833 0.326667 0.097500 0.053333
2 0.235833 0.816667 0.097500 0.053333
2 0.384167 0.700000 0.011667 0.025000
2 0.452500 0.693333 0.029167 0.038333
3 0.535000 0.415000 0.008333 0.021667
2 0.268333 0.740000 0.030833 0.051667
3 0.276667 0.376667 0.010833 0.023333
3 0.419167 0.715000 0.008333 0.016667
3 0.672500 0.635000 0.007500 0.016667
2 0.485833 0.695000 0.034167 0.100000
3 0.300000 0.386667 0.009167 0.023333
3 0.385000 0.650000 0.015833 0.051667
3 0.440000 0.343333 0.008333 0.016667
2 0.720833 0.608333 0.022500 0.023333
3 0.704167 0.423333 0.009167 0.018333
2 0.446667 0.398333 0.023333 0.106667
3 0.253333 0.643333 0.010000 0.016667
2 0.287500 0.351667 0.035000 0.105000
2 0.687500 0.293333 0.026667 0.035000
3 0.550000 0.420000 0.009167 0.018333
2 0.435000 0.781667 0.048333 0.043333
3 0.462500 0.701667 0.009167 0.016667
3 0.682500 0.718333 0.015833 0.051667
3 0.737500 0.416667 0.010833 0.023333
3 0.752500 0.618333 0.009167 0.023333
3 0.470833 0.356667 0.007500 0.015000
3 0.317500 0.376667 0.009167 0.016667
3 0.615000 0.646667 0.007500 0.018333
2 0.421667 0.786667 0.048333 0.043333
2 0.510833 0.396667 0.020833 0.028333
2 0.838333 0.351667 0.021667 0.090000
3 0.786667 0.395000 0.007500 0.015000
2 0.726667 0.630000 0.009167 0.031667
3 0.289167 0.708333 0.009167 0.015000
2 0.479167 0.473333 0.021667 0.090000
2 0.440000 0.273333 0.029167 0.038333
3 0.795833 0.401667 0.009167 0.016667
3 0.292500 0.778333 0.009167 0.016667
3 0.686667 0.386667 0.010833 0.023333
2 0.785000 0.393333 0.097500 0.053333
3 0.548333 0.656667 0.011667 0.020000
2 0.725833 0.360000 0.020000 0.021667
2 0.449167 0.806667 0.010833 0.091667
3 0.365833 0.616667 0.009167 0.016667
2 0.698333 0.615000 0.019167 0.046667
3 0.804167 0.346667 0.008333 0.016667
2 0.329167 0.398333 0.048333 0.043333
2 0.343333 0.868333 0.020833 0.080000
3 0.375000 0.320000 0.010833 0.023333
2 0.508333 0.671667 0.020833 0.080000
2 0.539167 0.705000 0.014167 0.015000
3 0.567500 0.668333 0.013333 0.015000
3 0.669167 0.363333 0.011667 0.020000
3 0.319167 0.358333 0.009167 0.016667
2 0.558333 0.293333 0.027500 0.016667
2 0.782500 0.646667 0.030833 0.051667
2 0.670000 0.255000 0.020000 0.021667
2 0.716667 0.681667 0.013333 0.070000
2 0.348333 0.401667 0.020000 0.021667
3 0.685833 0.648333 0.015833 0.051667
3 0.750000 0.640000 0.007500 0.015000
2 0.706667 0.425000 0.023333 0.106667
2 0.804167 0.613333 0.019167 0.046667
2 0.551667 0.453333 0.020833 0.080000
3 0.557500 0.665000 0.009167 0.016667
3 0.542500 0.695000 0.007500 0.015000
3 0.764167 0.368333 0.009167 0.023333
2 0.155000 0.653333 0.010833 0.091667
3 0.546667 0.685000 0.008333 0.016667
2 0.240833 0.260000 0.010833 0.091667
3 0.661667 0.395000 0.007500 0.018333
2 0.448333 0.793333 0.019167 0.046667
3 0.321667 0.698333 0.009167 0.016667
2 0.783333 0.665000 0.034167 0.100000
3 0.757500 0.401667 0.008333 0.016667
3 0.478333 0.296667 0.010833 0.023333
2 0.539167 0.705000 0.014167 0.015000
3 0.700833 0.291667 0.015833 0.051667
3 0.280833 0.645000 0.011667 0.030000
2 0.428333 0.335000 0.048333 0.043333
2 0.783333 0.655000 0.011667 0.025000
2 0.594167 0.760000 0.009167 0.031667
3 0.596667 0.998333 0.011667 0.001667
3 0.218333 0.638333 0.008333 0.021667
3 0.437500 0.745000 0.007500 0.015000
2 0.367500 0.430000 0.010000 0.031667
2 0.549167 0.645000 0.029167 0.038333
2 0.603333 0.363333 0.045833 0.021667
2 0.227500 0.643333 0.009167 0.040000
2 0.543333 0.615000 0.011667 0.025000
3 0.488333 0.203333 0.009167 0.016667
2 0.782500 0.361667 0.009167 0.040000
3 0.782500 0.333333 0.014167 0.025000
3 0.790833 0.373333 0.008333 0.016667
3 0.421667 0.653333 0.007500 0.015000
3 0.376667 0.678333 0.006667 0.018333
3 0.440833 0.375000 0.014167 0.025000
2 0.498333 0.321667 0.035000 0.105000
3 0.792500 0.650000 0.008333 0.016667
3 0.583333 0.643333 0.008333 0.016667
2 0.800833 0.626667 0.022500 0.023333
3 0.564167 0.686667 0.013333 0.015000
3 0.650833 0.668333 0.008333 0.016667
3 0.595000 0.741667 0.008333 0.016667
2 0.641667 0.411667 0.020833 0.080000
3 0.390000 0.731667 0.007500 0.015000
3 0.222500 0.306667 0.010833 0.023333
3 0.715000 0.608333 0.008333 0.021667
3 0.790000 0.330000 0.008333 0.016667
3 0.759167 0.295000 0.007500 0.015000
3 0.695000 0.346667 0.009167 0.023333
3 0.449167 0.731667 0.009167 0.016667
2 0.674167 0.656667 0.009167 0.040000
3 0.760833 0.326667 0.009167 0.016667
2 0.402500 0.653333 0.011667 0.025000
2 0.743333 0.703333 0.014167 0.015000
3 0.326667 0.355000 0.009167 0.015000
2 0.163333 0.393333 0.023333 0.106667
2 0.770833 0.413333 0.022500 0.023333
3 0.409167 0.675000 0.010833 0.013333
3 0.240000 0.370000 0.010000 0.020000
2 0.590833 0.606667 0.009167 0.040000
3 0.695000 0.628333 0.007500 0.015000
2 0.321667 0.596667 0.097500 0.053333
2 0.354167 0.311667 0.017500 0.116667
3 0.765833 0.366667 0.006667 0.018333
2 0.705833 0.683333 0.011667 0.066667
3 0.660833 0.450000 0.009167 0.023333
2 0.694167 0.721667 0.011667 0.025000
3 0.735833 0.415000 0.008333 0.016667
3 0.804167 0.370000 0.008333 0.016667
2 0.500833 0.241667 0.015833 0.068333
2 0.563333 0.655000 0.029167 0.038333
2 0.725000 0.588333 0.009167 0.040000
2 0.350833 0.591667 0.011667 0.066667
2 0.505000 0.288333 0.021667 0.090000
3 0.415000 0.726667 0.011667 0.020000
3 0.456667 0.411667 0.015833 0.051667
2 0.649167 0.380000 0.034167 0.038333
2 0.270000 0.645000 0.029167 0.038333
2 0.682500 0.666667 0.013333 0.070000
3 0.654167 0.643333 0.009167 0.016667
3 0.733333 0.590000 0.009167 0.023333
3 0.329167 0.678333 0.010000 0.020000
3 0.649167 0.633333 0.007500 0.015000
3 0.601667 0.330000 0.013333 0.031667
2 0.735833 0.265000 0.011667 0.025000
3 0.615833 0.646667 0.006667 0.018333
3 0.703333 0.716667 0.007500 0.015000
2 0.469167 0.150000 0.035000 0.105000
3 0.692500 0.370000 0.008333 0.016667
3 0.744167 0.610000 0.013333 0.015000
2 0.796667 0.700000 0.009167 0.040000
3 0.636667 0.653333 0.015833 0.051667
3 0.337500 0.333333 0.009167 0.016667
