4 0.840833 0.550000 0.094167 0.106667
4 0.843333 0.400000 0.098333 0.048333
4 0.862500 0.635000 0.080833 0.093333
4 0.808333 0.486667 0.126667 0.063333
4 0.817500 0.470000 0.117500 0.156667
4 0.765000 0.540000 0.177500 0.196667
4 0.826667 0.448333 0.103333 0.118333
4 0.863333 0.483333 0.073333 0.040000
4 0.815833 0.563333 0.056667 0.125000
4 0.838333 0.735000 0.137500 0.136667
4 0.044167 0.526667 0.088333 0.063333
4 0.465000 0.556667 0.070000 0.041667
4 0.180833 0.540000 0.060833 0.063333
4 0.659167 0.555000 0.029167 0.041667
4 0.581667 0.550000 0.067500 0.045000
4 0.592500 0.676667 0.200833 0.350000
4 0.541667 0.570000 0.140833 0.096667
4 0.361667 0.523333 0.075833 0.055000
4 0.160833 0.520000 0.090833 0.090000
4 0.590833 0.516667 0.135000 0.038333
2 0.686667 0.571667 0.013333 0.070000
2 0.214167 0.578333 0.026667 0.035000
2 0.456667 0.443333 0.020833 0.080000
2 0.553333 0.560000 0.022500 0.023333
3 0.290833 0.526667 0.010000 0.016667
3 0.269167 0.560000 0.011667 0.020000
3 0.825000 0.518333 0.009167 0.016667
3 0.489167 0.448333 0.013333 0.015000
3 0.065833 0.500000 0.017500 0.031667
3 0.664167 0.505000 0.007500 0.015000
2 0.657500 0.561667 0.023333 0.041667
3 0.302500 0.603333 0.008333 0.016667
3 0.288333 0.570000 0.010000 0.020000
2 0.165833 0.481667 0.027500 0.016667
2 0.085833 0.601667 0.021667 0.090000
3 0.398333 0.491667 0.008333 0.016667
2 0.040000 0.513333 0.022500 0.023333
2 0.484167 0.553333 0.023333 0.106667
3 0.066667 0.520000 0.014167 0.025000
2 0.313333 0.626667 0.020833 0.080000
3 0.241667 0.458333 0.010000 0.020000
2 0.757500 0.488333 0.011667 0.066667
2 0.550833 0.546667 0.048333 0.025000
3 0.670833 0.550000 0.010833 0.023333
3 0.140833 0.565000 0.009167 0.016667
3 0.755000 0.541667 0.014167 0.025000
3 0.435000 0.621667 0.010833 0.013333
2 0.525833 0.473333 0.026667 0.035000
3 0.707500 0.558333 0.015833 0.051667
2 0.526667 0.558333 0.014167 0.015000
3 0.803333 0.448333 0.008333 0.016667
2 0.235000 0.550000 0.026667 0.035000
3 0.649167 0.510000 0.010833 0.013333
2 0.502500 0.506667 0.019167 0.046667
2 0.541667 0.563333 0.048333 0.025000
3 0.145833 0.533333 0.013333 0.031667
3 0.817500 0.648333 0.014167 0.025000
2 0.344167 0.498333 0.021667 0.090000
2 0.272500 0.508333 0.045833 0.021667
3 0.667500 0.460000 0.010833 0.023333
3 0.449167 0.605000 0.008333 0.016667
2 0.154167 0.461667 0.014167 0.015000
2 0.564167 0.570000 0.027500 0.016667
3 0.253333 0.458333 0.007500 0.018333
3 0.124167 0.518333 0.007500 0.015000
2 0.029167 0.540000 0.010833 0.091667
3 0.195833 0.593333 0.007500 0.016667
3 0.076667 0.491667 0.007500 0.018333
2 0.238333 0.565000 0.023333 0.106667
2 0.656667 0.521667 0.026667 0.035000
3 0.473333 0.470000 0.008333 0.016667
3 0.507500 0.510000 0.006667 0.018333
2 0.751667 0.541667 0.009167 0.040000
2 0.114167 0.576667 0.010833 0.091667
3 0.175833 0.436667 0.009167 0.018333
3 0.265000 0.546667 0.007500 0.018333
3 0.485833 0.573333 0.010000 0.016667
3 0.180000 0.436667 0.009167 0.018333
3 0.137500 0.471667 0.008333 0.016667
3 0.105833 0.575000 0.009167 0.018333
3 0.650000 0.461667 0.010000 0.020000
3 0.092500 0.486667 0.007500 0.015000
2 0.762500 0.471667 0.019167 0.046667
3 0.270833 0.455000 0.013333 0.015000
3 0.212500 0.571667 0.009167 0.016667
2 0.497500 0.418333 0.010000 0.031667
2 0.488333 0.476667 0.048333 0.043333
2 0.813333 0.523333 0.029167 0.038333
2 0.399167 0.460000 0.045833 0.021667
2 0.030000 0.536667 0.014167 0.015000
2 0.556667 0.456667 0.019167 0.046667
3 0.199167 0.578333 0.010000 0.016667
3 0.258333 0.466667 0.007500 0.018333
3 0.030000 0.465000 0.011667 0.020000
2 0.540833 0.588333 0.011667 0.025000
3 0.130833 0.458333 0.008333 0.016667
2 0.652500 0.536667 0.013333 0.070000
2 0.348333 0.548333 0.048333 0.043333
2 0.215000 0.546667 0.045833 0.021667
3 0.801667 0.578333 0.009167 0.015000
2 0.364167 0.471667 0.023333 0.041667
3 0.827500 0.630000 0.009167 0.023333
2 0.579167 0.533333 0.014167 0.015000
2 0.779167 0.450000 0.048333 0.043333
2 0.442500 0.598333 0.023333 0.041667
2 0.390833 0.495000 0.021667 0.090000
2 0.601667 0.461667 0.020833 0.080000
2 0.652500 0.511667 0.009167 0.031667
3 0.059167 0.570000 0.009167 0.016667
3 0.424167 0.500000 0.008333 0.016667
2 0.682500 0.516667 0.014167 0.015000
2 0.505833 0.443333 0.020833 0.080000
2 0.555000 0.555000 0.010000 0.031667
3 0.540000 0.596667 0.007500 0.015000
3 0.437500 0.466667 0.009167 0.015000
3 0.815833 0.496667 0.008333 0.016667
2 0.193333 0.543333 0.026667 0.035000
3 0.757500 0.570000 0.010000 0.016667
3 0.470000 0.425000 0.007500 0.015000
3 0.255000 0.520000 0.008333 0.016667
2 0.245833 0.543333 0.029167 0.038333
3 0.356667 0.548333 0.010000 0.016667
3 0.393333 0.360000 0.010833 0.023333
3 0.313333 0.340000 0.009167 0.015000
3 0.636667 0.390000 0.011667 0.020000
3 0.271667 0.286667 0.013333 0.015000
3 0.435833 0.741667 0.009167 0.016667
3 0.528333 0.265000 0.006667 0.018333
2 0.697500 0.323333 0.035000 0.105000
2 0.678333 0.628333 0.035000 0.105000
3 0.531667 0.721667 0.008333 0.016667
3 0.407500 0.353333 0.009167 0.015000
2 0.360833 0.761667 0.048333 0.025000
3 0.517500 0.846667 0.013333 0.031667
3 0.327500 0.390000 0.008333 0.016667
2 0.612500 0.363333 0.014167 0.015000
2 0.366667 0.315000 0.020833 0.080000
3 0.683333 0.358333 0.013333 0.031667
3 0.763333 0.401667 0.007500 0.015000
2 0.770000 0.395000 0.020833 0.080000
3 0.439167 0.756667 0.008333 0.016667
3 0.190833 0.648333 0.009167 0.016667
2 0.796667 0.603333 0.009167 0.040000
2 0.260000 0.723333 0.048333 0.025000
3 0.568333 0.733333 0.008333 0.016667
2 0.748333 0.621667 0.048333 0.025000
2 0.667500 0.665000 0.010000 0.031667
2 0.666667 0.675000 0.034167 0.100000
3 0.700000 0.275000 0.010833 0.023333
2 0.767500 0.343333 0.014167 0.015000
3 0.754167 0.661667 0.009167 0.016667
3 0.431667 0.386667 0.015833 0.051667
2 0.430000 0.756667 0.030833 0.051667
2 0.500833 0.346667 0.029167 0.038333
2 0.289167 0.695000 0.019167 0.046667
2 0.540833 0.665000 0.026667 0.035000
3 0.273333 0.320000 0.007500 0.015000
3 0.661667 0.446667 0.007500 0.015000
2 0.695000 0.725000 0.027500 0.016667
3 0.555000 0.646667 0.008333 0.016667
3 0.747500 0.393333 0.007500 0.016667
2 0.472500 0.291667 0.011667 0.066667
3 0.776667 0.610000 0.010833 0.023333
3 0.580000 0.651667 0.007500 0.016667
2 0.745000 0.641667 0.013333 0.070000
2 0.616667 0.388333 0.020000 0.021667
2 0.685000 0.623333 0.035000 0.105000
3 0.740000 0.338333 0.011667 0.030000
2 0.480833 0.650000 0.020833 0.080000
2 0.479167 0.261667 0.048333 0.043333
3 0.313333 0.408333 0.009167 0.016667
3 0.461667 0.661667 0.009167 0.016667
2 0.747500 0.450000 0.020833 0.080000
3 0.420833 0.718333 0.015833 0.051667
2 0.548333 0.736667 0.058333 0.076667
2 0.286667 0.690000 0.097500 0.053333
3 0.802500 0.620000 0.007500 0.018333
3 0.463333 0.700000 0.007500 0.015000
2 0.763333 0.320000 0.020833 0.028333
3 0.502500 0.260000 0.013333 0.031667
3 0.310833 0.381667 0.010833 0.013333
3 0.718333 0.368333 0.010000 0.020000
3 0.678333 0.365000 0.009167 0.016667
3 0.805833 0.651667 0.007500 0.016667
2 0.630000 0.298333 0.097500 0.053333
3 0.300833 0.636667 0.014167 0.025000
2 0.781667 0.660000 0.014167 0.015000
2 0.734167 0.450000 0.010833 0.091667
2 0.791667 0.381667 0.035000 0.105000
3 0.486667 0.375000 0.010833 0.013333
2 0.319167 0.798333 0.027500 0.016667
2 0.675000 0.238333 0.009167 0.040000
3 0.692500 0.331667 0.010000 0.016667
2 0.486667 0.725000 0.026667 0.035000
3 0.309167 0.211667 0.017500 0.031667
3 0.280000 0.750000 0.013333 0.031667
2 0.255833 0.823333 0.048333 0.025000
2 0.658333 0.658333 0.048333 0.043333
2 0.624167 0.405000 0.021667 0.090000
3 0.473333 0.243333 0.007500 0.015000
2 0.605000 0.423333 0.097500 0.053333
2 0.524167 0.203333 0.048333 0.043333
3 0.554167 0.328333 0.007500 0.015000
2 0.693333 0.241667 0.019167 0.046667
3 0.610000 0.390000 0.007500 0.015000
3 0.650833 0.418333 0.011667 0.020000
3 0.323333 0.726667 0.010000 0.020000
2 0.674167 0.300000 0.030833 0.051667
3 0.822500 0.438333 0.007500 0.018333
3 0.655833 0.395000 0.007500 0.018333
2 0.812500 0.430000 0.009167 0.031667
3 0.251667 0.396667 0.008333 0.021667
3 0.442500 0.801667 0.009167 0.015000
2 0.360833 0.728333 0.009167 0.031667
2 0.467500 0.815000 0.026667 0.035000
3 0.598333 0.998333 0.007500 0.001667
2 0.743333 0.373333 0.014167 0.015000
3 0.337500 0.735000 0.011667 0.030000
2 0.477500 0.186667 0.017500 0.116667
2 0.651667 0.641667 0.019167 0.046667
2 0.464167 0.253333 0.026667 0.035000
3 0.685833 0.686667 0.006667 0.018333
3 0.734167 0.813333 0.010833 0.023333
2 0.563333 0.241667 0.014167 0.015000
3 0.616667 0.648333 0.010833 0.023333
2 0.433333 0.655000 0.020000 0.021667
2 0.655000 0.468333 0.020833 0.080000
3 0.280833 0.655000 0.008333 0.016667
2 0.691667 0.638333 0.023333 0.106667
2 0.247500 0.808333 0.097500 0.053333
3 0.786667 0.348333 0.008333 0.016667
3 0.664167 0.663333 0.017500 0.031667
2 0.698333 0.648333 0.030833 0.051667
2 0.688333 0.668333 0.029167 0.038333
3 0.760833 0.605000 0.009167 0.023333
2 0.701667 0.325000 0.058333 0.076667
2 0.455833 0.370000 0.048333 0.025000
3 0.487500 0.283333 0.007500 0.015000
3 0.551667 0.416667 0.008333 0.016667
2 0.581667 0.636667 0.009167 0.040000
3 0.262500 0.696667 0.008333 0.016667
2 0.362500 0.676667 0.020000 0.021667
3 0.562500 0.743333 0.008333 0.016667
3 0.453333 0.268333 0.009167 0.018333
3 0.786667 0.336667 0.008333 0.016667
2 0.289167 0.648333 0.020833 0.080000
2 0.695833 0.318333 0.058333 0.076667
3 0.703333 0.685000 0.014167 0.025000
3 0.776667 0.323333 0.008333 0.016667
3 0.304167 0.323333 0.011667 0.020000
3 0.400833 0.653333 0.007500 0.016667
2 0.475833 0.686667 0.015833 0.068333
2 0.428333 0.756667 0.020833 0.080000
3 0.745833 0.605000 0.013333 0.031667
3 0.663333 0.390000 0.006667 0.018333
2 0.316667 0.758333 0.020000 0.021667
2 0.679167 0.631667 0.017500 0.116667
3 0.680833 0.386667 0.010000 0.016667
3 0.735833 0.640000 0.007500 0.015000
2 0.322500 0.185000 0.009167 0.031667
2 0.645000 0.651667 0.019167 0.046667
2 0.310833 0.788333 0.020000 0.021667
3 0.315833 0.635000 0.010833 0.013333
3 0.492500 0.385000 0.010833 0.013333
2 0.698333 0.385000 0.097500 0.053333
3 0.780000 0.675000 0.009167 0.016667
3 0.318333 0.411667 0.007500 0.015000
2 0.540833 0.320000 0.011667 0.066667
2 0.495833 0.818333 0.045833 0.021667
2 0.300833 0.291667 0.029167 0.038333
3 0.487500 0.321667 0.008333 0.016667
2 0.690000 0.575000 0.035000 0.105000
3 0.568333 0.296667 0.008333 0.016667
2 0.770000 0.660000 0.015833 0.068333
3 0.241667 0.225000 0.009167 0.016667
2 0.432500 0.368333 0.017500 0.116667
2 0.540833 0.681667 0.020000 0.021667
2 0.673333 0.660000 0.017500 0.116667
2 0.410000 0.676667 0.010000 0.031667
3 0.597500 0.716667 0.007500 0.015000
3 0.344167 0.728333 0.011667 0.030000
3 0.302500 0.410000 0.009167 0.016667
2 0.437500 0.655000 0.029167 0.038333
3 0.285833 0.250000 0.007500 0.016667
3 0.719167 0.998333 0.009167 0.001667
2 0.740833 0.728333 0.021667 0.090000
2 0.669167 0.355000 0.014167 0.015000
2 0.720833 0.640000 0.013333 0.070000
2 0.432500 0.411667 0.027500 0.016667
2 0.779167 0.676667 0.034167 0.100000
2 0.822500 0.711667 0.009167 0.031667
2 0.745833 0.723333 0.048333 0.025000
2 0.602500 0.758333 0.013333 0.070000
3 0.768333 0.593333 0.008333 0.016667
2 0.795000 0.408333 0.020000 0.021667
3 0.750833 0.626667 0.010000 0.020000
2 0.766667 0.695000 0.029167 0.038333
2 0.155833 0.406667 0.048333 0.025000
3 0.741667 0.688333 0.008333 0.016667
3 0.757500 0.645000 0.013333 0.031667
2 0.570000 0.646667 0.015833 0.068333
3 0.405833 0.701667 0.010833 0.013333
3 0.225833 0.660000 0.013333 0.015000
2 0.245000 0.780000 0.027500 0.016667
3 0.549167 0.655000 0.010000 0.020000
2 0.384167 0.390000 0.022500 0.023333
3 0.462500 0.713333 0.010833 0.013333
2 0.744167 0.361667 0.035000 0.105000
2 0.545000 0.381667 0.035000 0.105000
3 0.432500 0.700000 0.015833 0.051667
2 0.256667 0.391667 0.020000 0.021667
3 0.789167 0.643333 0.010000 0.016667
2 0.710833 0.416667 0.034167 0.100000
2 0.671667 0.695000 0.020833 0.080000
3 0.646667 0.396667 0.008333 0.021667
3 0.487500 0.783333 0.011667 0.020000
2 0.765833 0.586667 0.020833 0.028333
2 0.449167 0.355000 0.009167 0.040000
2 0.528333 0.743333 0.023333 0.106667
3 0.734167 0.688333 0.007500 0.015000
