4 0.879167 0.613333 0.054167 0.133333
4 0.811667 0.500000 0.181667 0.081667
4 0.849167 0.498333 0.071667 0.065000
4 0.831667 0.571667 0.045000 0.063333
4 0.717500 0.541667 0.333333 0.243333
4 0.845833 0.450000 0.127500 0.080000
4 0.858333 0.678333 0.091667 0.115000
4 0.815000 0.580000 0.102500 0.051667
4 0.801667 0.791667 0.200000 0.275000
4 0.806667 0.550000 0.073333 0.076667
4 0.080833 0.646667 0.161667 0.216667
4 0.554167 0.510000 0.240000 0.153333
4 0.309167 0.561667 0.098333 0.031667
4 0.022500 0.496667 0.045833 0.091667
4 0.275000 0.516667 0.060000 0.021667
4 0.780833 0.516667 0.046667 0.078333
4 0.173333 0.528333 0.067500 0.026667
4 0.435833 0.693333 0.320833 0.320000
4 0.573333 0.570000 0.049167 0.100000
4 0.451667 0.603333 0.053333 0.086667
2 0.265833 0.475000 0.048333 0.025000
3 0.790833 0.555000 0.010000 0.016667
3 0.436667 0.473333 0.007500 0.015000
2 0.825833 0.561667 0.009167 0.040000
2 0.170833 0.521667 0.045833 0.021667
3 0.752500 0.470000 0.009167 0.023333
2 0.349167 0.530000 0.020833 0.028333
2 0.505000 0.463333 0.009167 0.040000
3 0.212500 0.581667 0.009167 0.016667
2 0.074167 0.595000 0.023333 0.106667
3 0.486667 0.546667 0.008333 0.016667
2 0.214167 0.516667 0.027500 0.016667
2 0.320000 0.541667 0.021667 0.090000
2 0.690000 0.461667 0.034167 0.038333
2 0.653333 0.526667 0.029167 0.038333
2 0.580000 0.561667 0.030833 0.051667
2 0.741667 0.505000 0.020833 0.028333
3 0.165833 0.458333 0.007500 0.018333
2 0.470833 0.461667 0.027500 0.016667
3 0.256667 0.531667 0.009167 0.016667
2 0.338333 0.535000 0.058333 0.076667
3 0.643333 0.533333 0.007500 0.018333
2 0.067500 0.485000 0.011667 0.066667
2 0.180000 0.523333 0.034167 0.038333
2 0.451667 0.525000 0.030833 0.051667
2 0.253333 0.516667 0.019167 0.046667
3 0.187500 0.563333 0.011667 0.020000
3 0.425000 0.538333 0.009167 0.018333
2 0.175000 0.516667 0.015833 0.068333
3 0.645000 0.566667 0.008333 0.021667
2 0.520000 0.550000 0.011667 0.066667
2 0.317500 0.548333 0.009167 0.031667
3 0.497500 0.571667 0.009167 0.016667
3 0.353333 0.548333 0.011667 0.020000
3 0.605833 0.470000 0.007500 0.015000
3 0.626667 0.445000 0.007500 0.018333
2 0.183333 0.556667 0.023333 0.106667
3 0.429167 0.561667 0.008333 0.016667
2 0.230000 0.561667 0.023333 0.041667
2 0.278333 0.605000 0.034167 0.100000
3 0.828333 0.356667 0.006667 0.018333
2 0.270000 0.526667 0.058333 0.076667
3 0.235000 0.555000 0.009167 0.016667
3 0.261667 0.471667 0.007500 0.015000
3 0.329167 0.540000 0.008333 0.016667
2 0.055000 0.570000 0.020833 0.028333
3 0.420000 0.561667 0.007500 0.015000
2 0.249167 0.506667 0.048333 0.043333
3 0.593333 0.496667 0.007500 0.018333
3 0.156667 0.523333 0.014167 0.025000
3 0.407500 0.528333 0.008333 0.016667
3 0.171667 0.455000 0.007500 0.018333
3 0.335833 0.443333 0.008333 0.016667
3 0.614167 0.491667 0.007500 0.016667
2 0.455833 0.436667 0.030833 0.051667
2 0.588333 0.480000 0.034167 0.038333
2 0.192500 0.523333 0.011667 0.025000
3 0.543333 0.495000 0.008333 0.016667
3 0.563333 0.586667 0.013333 0.031667
3 0.474167 0.513333 0.007500 0.015000
2 0.109167 0.465000 0.048333 0.025000
3 0.440000 0.565000 0.007500 0.015000
3 0.699167 0.506667 0.007500 0.015000
2 0.332500 0.563333 0.023333 0.041667
2 0.706667 0.490000 0.029167 0.038333
2 0.674167 0.510000 0.023333 0.041667
3 0.172500 0.465000 0.013333 0.031667
2 0.355833 0.461667 0.020000 0.021667
3 0.096667 0.465000 0.007500 0.016667
3 0.374167 0.491667 0.007500 0.015000
3 0.685000 0.533333 0.009167 0.016667
3 0.548333 0.495000 0.009167 0.023333
3 0.085833 0.541667 0.010000 0.016667
2 0.222500 0.438333 0.020833 0.080000
2 0.765833 0.413333 0.035000 0.105000
2 0.615000 0.590000 0.014167 0.015000
3 0.148333 0.445000 0.009167 0.016667
2 0.391667 0.525000 0.021667 0.090000
3 0.590000 0.561667 0.009167 0.016667
3 0.802500 0.481667 0.013333 0.015000
3 0.312500 0.465000 0.008333 0.021667
3 0.415833 0.545000 0.007500 0.015000
2 0.077500 0.446667 0.009167 0.040000
2 0.455000 0.510000 0.034167 0.100000
3 0.446667 0.476667 0.011667 0.020000
3 0.528333 0.530000 0.008333 0.021667
3 0.299167 0.573333 0.008333 0.016667
3 0.758333 0.563333 0.007500 0.015000
2 0.568333 0.515000 0.009167 0.031667
2 0.448333 0.575000 0.029167 0.038333
3 0.065833 0.505000 0.007500 0.016667
3 0.375833 0.465000 0.008333 0.021667
3 0.287500 0.560000 0.006667 0.018333
3 0.212500 0.601667 0.006667 0.018333
2 0.792500 0.540000 0.011667 0.025000
2 0.135833 0.578333 0.011667 0.025000
3 0.443333 0.470000 0.008333 0.016667
3 0.530833 0.498333 0.007500 0.016667
3 0.238333 0.520000 0.008333 0.016667
3 0.086667 0.503333 0.017500 0.031667
2 0.422500 0.506667 0.020833 0.028333
2 0.590833 0.616667 0.030833 0.051667
2 0.705833 0.796667 0.048333 0.025000
3 0.718333 0.451667 0.015833 0.051667
3 0.550000 0.715000 0.017500 0.031667
2 0.320000 0.691667 0.035000 0.105000
2 0.765833 0.348333 0.011667 0.066667
2 0.365833 0.653333 0.010000 0.031667
3 0.682500 0.615000 0.009167 0.015000
2 0.443333 0.826667 0.034167 0.100000
3 0.768333 0.363333 0.013333 0.031667
3 0.725000 0.621667 0.013333 0.031667
3 0.499167 0.265000 0.007500 0.015000
3 0.541667 0.695000 0.009167 0.016667
2 0.480000 0.311667 0.010833 0.091667
2 0.324167 0.305000 0.020833 0.028333
2 0.738333 0.661667 0.030833 0.051667
2 0.690000 0.606667 0.011667 0.025000
2 0.303333 0.656667 0.015833 0.068333
3 0.558333 0.211667 0.007500 0.018333
3 0.722500 0.658333 0.007500 0.015000
3 0.490833 0.738333 0.011667 0.020000
2 0.268333 0.708333 0.058333 0.076667
3 0.523333 0.708333 0.009167 0.018333
3 0.547500 0.195000 0.013333 0.031667
3 0.736667 0.655000 0.007500 0.016667
2 0.650000 0.666667 0.010000 0.031667
3 0.305000 0.691667 0.010000 0.020000
2 0.219167 0.715000 0.022500 0.023333
2 0.255000 0.720000 0.020833 0.028333
2 0.676667 0.658333 0.048333 0.025000
3 0.564167 0.673333 0.007500 0.018333
2 0.560000 0.686667 0.029167 0.038333
3 0.361667 0.610000 0.009167 0.015000
2 0.225000 0.366667 0.011667 0.066667
3 0.675000 0.395000 0.011667 0.020000
3 0.594167 0.741667 0.010000 0.016667
3 0.780000 0.641667 0.007500 0.015000
3 0.307500 0.340000 0.007500 0.018333
2 0.510833 0.378333 0.030833 0.051667
3 0.420833 0.218333 0.013333 0.031667
2 0.437500 0.751667 0.020833 0.080000
2 0.395833 0.348333 0.035000 0.105000
2 0.422500 0.425000 0.034167 0.100000
3 0.470000 0.316667 0.007500 0.018333
2 0.627500 0.425000 0.034167 0.038333
3 0.785833 0.383333 0.007500 0.018333
2 0.770833 0.595000 0.020833 0.028333
3 0.441667 0.653333 0.007500 0.015000
2 0.470000 0.293333 0.034167 0.038333
3 0.236667 0.331667 0.010833 0.013333
2 0.701667 0.265000 0.035000 0.105000
2 0.230833 0.826667 0.013333 0.070000
2 0.785000 0.663333 0.019167 0.046667
3 0.720833 0.445000 0.011667 0.020000
2 0.730833 0.686667 0.020833 0.028333
3 0.581667 0.423333 0.007500 0.015000
2 0.697500 0.701667 0.026667 0.035000
2 0.565000 0.671667 0.022500 0.023333
2 0.812500 0.598333 0.011667 0.066667
2 0.677500 0.318333 0.035000 0.105000
2 0.754167 0.716667 0.058333 0.076667
2 0.465000 0.323333 0.011667 0.025000
2 0.663333 0.303333 0.020833 0.080000
2 0.773333 0.640000 0.010833 0.091667
3 0.509167 0.356667 0.013333 0.031667
2 0.749167 0.380000 0.029167 0.038333
2 0.614167 0.381667 0.034167 0.038333
3 0.786667 0.605000 0.008333 0.016667
2 0.594167 0.998333 0.030833 0.001667
3 0.800000 0.353333 0.015833 0.051667
3 0.388333 0.381667 0.017500 0.031667
2 0.539167 0.335000 0.009167 0.040000
3 0.478333 0.288333 0.008333 0.021667
2 0.680000 0.313333 0.019167 0.046667
3 0.732500 0.348333 0.008333 0.016667
3 0.332500 0.731667 0.009167 0.018333
2 0.688333 0.608333 0.020833 0.080000
3 0.564167 0.441667 0.010000 0.020000
3 0.658333 0.351667 0.007500 0.018333
2 0.745833 0.715000 0.048333 0.043333
3 0.295000 0.678333 0.009167 0.016667
2 0.428333 0.386667 0.023333 0.106667
3 0.669167 0.341667 0.010833 0.023333
3 0.717500 0.356667 0.008333 0.016667
2 0.726667 0.636667 0.010833 0.091667
3 0.542500 0.345000 0.008333 0.021667
2 0.809167 0.695000 0.015833 0.068333
2 0.415833 0.373333 0.048333 0.043333
2 0.721667 0.638333 0.030833 0.051667
2 0.362500 0.711667 0.020833 0.028333
3 0.380000 0.701667 0.009167 0.018333
3 0.709167 0.703333 0.009167 0.016667
2 0.270833 0.698333 0.009167 0.040000
3 0.765833 0.321667 0.015833 0.051667
3 0.735833 0.650000 0.013333 0.015000
3 0.522500 0.405000 0.007500 0.015000
2 0.158333 0.616667 0.009167 0.040000
2 0.296667 0.346667 0.011667 0.066667
2 0.166667 0.645000 0.045833 0.021667
3 0.274167 0.263333 0.009167 0.016667
3 0.322500 0.696667 0.007500 0.018333
2 0.740000 0.366667 0.019167 0.046667
2 0.285000 0.350000 0.017500 0.116667
2 0.775000 0.421667 0.030833 0.051667
3 0.707500 0.408333 0.009167 0.018333
3 0.680833 0.705000 0.010833 0.013333
2 0.390000 0.660000 0.020833 0.028333
3 0.470000 0.330000 0.017500 0.031667
2 0.495833 0.998333 0.097500 0.001667
3 0.313333 0.398333 0.011667 0.030000
3 0.536667 0.998333 0.015833 0.001667
3 0.321667 0.716667 0.007500 0.015000
3 0.801667 0.423333 0.011667 0.030000
3 0.495000 0.263333 0.010000 0.020000
2 0.423333 0.796667 0.009167 0.040000
2 0.745833 0.368333 0.035000 0.105000
2 0.746667 0.380000 0.034167 0.038333
3 0.392500 0.356667 0.013333 0.015000
2 0.685833 0.366667 0.045833 0.021667
2 0.309167 0.383333 0.015833 0.068333
2 0.557500 0.428333 0.017500 0.116667
2 0.793333 0.363333 0.020833 0.028333
3 0.585000 0.360000 0.009167 0.018333
2 0.790833 0.421667 0.014167 0.015000
2 0.726667 0.595000 0.022500 0.023333
2 0.323333 0.725000 0.010833 0.091667
2 0.401667 0.373333 0.048333 0.025000
3 0.345833 0.390000 0.011667 0.020000
2 0.247500 0.338333 0.020000 0.021667
3 0.227500 0.388333 0.006667 0.018333
2 0.340833 0.295000 0.023333 0.106667
2 0.418333 0.808333 0.027500 0.016667
2 0.279167 0.398333 0.014167 0.015000
3 0.327500 0.280000 0.015833 0.051667
2 0.285833 0.231667 0.020000 0.021667
2 0.468333 0.266667 0.034167 0.038333
3 0.323333 0.270000 0.007500 0.015000
2 0.366667 0.743333 0.019167 0.046667
3 0.325833 0.708333 0.008333 0.016667
2 0.791667 0.416667 0.010000 0.031667
2 0.765833 0.676667 0.009167 0.031667
2 0.218333 0.743333 0.023333 0.041667
3 0.691667 0.716667 0.017500 0.031667
3 0.518333 0.413333 0.015833 0.051667
2 0.640833 0.613333 0.015833 0.068333
3 0.480833 0.303333 0.013333 0.031667
2 0.705833 0.278333 0.010000 0.031667
2 0.560000 0.738333 0.020833 0.028333
2 0.517500 0.331667 0.020833 0.080000
3 0.398333 0.700000 0.017500 0.031667
3 0.745833 0.601667 0.007500 0.018333
2 0.389167 0.383333 0.048333 0.043333
3 0.724167 0.353333 0.011667 0.030000
3 0.426667 0.723333 0.007500 0.018333
3 0.275833 0.393333 0.007500 0.015000
3 0.751667 0.318333 0.017500 0.031667
3 0.317500 0.640000 0.007500 0.018333
2 0.780833 0.411667 0.011667 0.025000
2 0.710000 0.361667 0.015833 0.068333
2 0.568333 0.381667 0.017500 0.116667
2 0.521667 0.341667 0.015833 0.068333
2 0.274167 0.430000 0.010833 0.091667
2 0.751667 0.358333 0.029167 0.038333
2 0.730000 0.810000 0.020000 0.021667
3 0.667500 0.383333 0.006667 0.018333
3 0.426667 0.360000 0.011667 0.020000
2 0.605833 0.621667 0.058333 0.076667
2 0.377500 0.775000 0.030833 0.051667
3 0.420000 0.673333 0.009167 0.016667
2 0.647500 0.361667 0.029167 0.038333
3 0.524167 0.431667 0.009167 0.018333
2 0.667500 0.720000 0.027500 0.016667
3 0.780833 0.388333 0.009167 0.023333
3 0.497500 0.256667 0.009167 0.018333
3 0.607500 0.345000 0.008333 0.021667
3 0.237500 0.388333 0.007500 0.015000
3 0.636667 0.668333 0.009167 0.015000
3 0.758333 0.610000 0.009167 0.015000
2 0.545000 0.665000 0.045833 0.021667
2 0.720000 0.373333 0.021667 0.090000
2 0.705000 0.336667 0.020833 0.028333
2 0.410000 0.390000 0.034167 0.100000
3 0.760833 0.371667 0.011667 0.030000
2 0.692500 0.666667 0.017500 0.116667
2 0.533333 0.415000 0.022500 0.023333
3 0.795000 0.623333 0.013333 0.031667
2 0.778333 0.358333 0.015833 0.068333
2 0.733333 0.691667 0.010000 0.031667
3 0.287500 0.321667 0.009167 0.016667
3 0.714167 0.365000 0.010833 0.013333
2 0.678333 0.411667 0.026667 0.035000
2 0.345833 0.640000 0.021667 0.090000
3 0.678333 0.421667 0.009167 0.018333
3 0.509167 0.823333 0.006667 0.018333
2 0.260000 0.281667 0.035000 0.105000
2 0.768333 0.638333 0.034167 0.038333
3 0.535000 0.691667 0.010000 0.020000
2 0.655000 0.425000 0.020833 0.080000
2 0.450000 0.286667 0.023333 0.041667
