4 0.694167 0.786667 0.366667 0.426667
4 0.839167 0.536667 0.080833 0.030000
4 0.784167 0.381667 0.229167 0.316667
4 0.840833 0.455000 0.082500 0.028333
4 0.815833 0.546667 0.062500 0.150000
4 0.861667 0.340000 0.102500 0.176667
4 0.750000 0.585000 0.210833 0.190000
4 0.801667 0.611667 0.075833 0.125000
4 0.818333 0.676667 0.055000 0.105000
4 0.757500 0.756667 0.169167 0.255000
4 0.119167 0.575000 0.074167 0.123333
4 0.741667 0.443333 0.066667 0.116667
4 0.454167 0.596667 0.048333 0.121667
4 0.708333 0.713333 0.121667 0.321667
4 0.035833 0.493333 0.031667 0.050000
4 0.770000 0.620000 0.075000 0.155000
4 0.567500 0.628333 0.089167 0.108333
4 0.106667 0.625000 0.214167 0.150000
4 0.107500 0.480000 0.083333 0.025000
4 0.179167 0.561667 0.063333 0.021667
2 0.796667 0.456667 0.010000 0.031667
2 0.537500 0.493333 0.011667 0.066667
3 0.209167 0.516667 0.014167 0.025000
3 0.702500 0.591667 0.009167 0.016667
2 0.522500 0.480000 0.023333 0.041667
3 0.084167 0.468333 0.008333 0.016667
2 0.816667 0.461667 0.014167 0.015000
2 0.049167 0.495000 0.020833 0.028333
3 0.239167 0.575000 0.010000 0.020000
2 0.359167 0.536667 0.019167 0.046667
2 0.070833 0.541667 0.017500 0.116667
2 0.435000 0.541667 0.022500 0.023333
2 0.647500 0.458333 0.017500 0.116667
3 0.164167 0.603333 0.009167 0.016667
2 0.770833 0.461667 0.009167 0.031667
2 0.150833 0.411667 0.020833 0.080000
2 0.649167 0.461667 0.020000 0.021667
3 0.539167 0.545000 0.011667 0.030000
3 0.320000 0.531667 0.010000 0.016667
2 0.400833 0.583333 0.034167 0.038333
2 0.729167 0.505000 0.010000 0.031667
3 0.660833 0.490000 0.007500 0.015000
3 0.057500 0.581667 0.008333 0.021667
3 0.784167 0.446667 0.014167 0.025000
2 0.118333 0.458333 0.009167 0.040000
3 0.645833 0.505000 0.013333 0.015000
3 0.378333 0.515000 0.009167 0.016667
2 0.601667 0.473333 0.045833 0.021667
2 0.575833 0.530000 0.097500 0.053333
2 0.018333 0.503333 0.009167 0.040000
2 0.022500 0.555000 0.045000 0.025000
3 0.554167 0.503333 0.008333 0.016667
3 0.078333 0.585000 0.015833 0.051667
3 0.124167 0.493333 0.007500 0.015000
2 0.593333 0.546667 0.058333 0.076667
3 0.101667 0.485000 0.008333 0.016667
2 0.637500 0.478333 0.013333 0.070000
3 0.605833 0.538333 0.010833 0.023333
2 0.349167 0.506667 0.017500 0.116667
3 0.055833 0.488333 0.009167 0.016667
3 0.294167 0.566667 0.011667 0.020000
2 0.028333 0.536667 0.009167 0.031667
3 0.368333 0.493333 0.009167 0.015000
2 0.392500 0.565000 0.030833 0.051667
3 0.710000 0.595000 0.007500 0.015000
3 0.233333 0.486667 0.010000 0.020000
3 0.072500 0.453333 0.014167 0.025000
2 0.297500 0.470000 0.048333 0.043333
3 0.394167 0.563333 0.007500 0.018333
3 0.695833 0.591667 0.008333 0.016667
3 0.113333 0.508333 0.007500 0.016667
3 0.542500 0.551667 0.007500 0.018333
2 0.455833 0.530000 0.097500 0.053333
2 0.344167 0.523333 0.023333 0.106667
3 0.318333 0.588333 0.013333 0.031667
2 0.610833 0.531667 0.023333 0.106667
2 0.085000 0.520000 0.022500 0.023333
2 0.205000 0.571667 0.009167 0.031667
2 0.277500 0.583333 0.029167 0.038333
2 0.343333 0.483333 0.015833 0.068333
3 0.265833 0.461667 0.010000 0.020000
2 0.330000 0.500000 0.035000 0.105000
2 0.750000 0.516667 0.048333 0.025000
3 0.560833 0.485000 0.010000 0.016667
3 0.196667 0.570000 0.007500 0.016667
3 0.785000 0.568333 0.009167 0.023333
2 0.716667 0.516667 0.020833 0.080000
2 0.208333 0.556667 0.020833 0.080000
2 0.145833 0.533333 0.027500 0.016667
2 0.602500 0.526667 0.058333 0.076667
3 0.140000 0.456667 0.009167 0.016667
2 0.370833 0.508333 0.010000 0.031667
3 0.820000 0.491667 0.009167 0.023333
2 0.028333 0.541667 0.029167 0.038333
3 0.454167 0.528333 0.017500 0.031667
3 0.521667 0.520000 0.007500 0.016667
3 0.599167 0.566667 0.011667 0.030000
3 0.055000 0.510000 0.017500 0.031667
3 0.741667 0.585000 0.011667 0.030000
2 0.277500 0.548333 0.026667 0.035000
2 0.542500 0.510000 0.010833 0.091667
3 0.219167 0.498333 0.013333 0.015000
3 0.327500 0.503333 0.014167 0.025000
3 0.659167 0.475000 0.008333 0.016667
2 0.285000 0.570000 0.014167 0.015000
2 0.035000 0.576667 0.023333 0.106667
3 0.779167 0.558333 0.007500 0.018333
3 0.043333 0.485000 0.008333 0.016667
3 0.050833 0.508333 0.013333 0.031667
2 0.559167 0.461667 0.097500 0.053333
2 0.624167 0.445000 0.097500 0.053333
3 0.536667 0.511667 0.015833 0.051667
2 0.490000 0.566667 0.015833 0.068333
3 0.821667 0.650000 0.010833 0.023333
2 0.676667 0.496667 0.029167 0.038333
2 0.480833 0.553333 0.020833 0.028333
2 0.678333 0.448333 0.011667 0.025000
2 0.811667 0.643333 0.020833 0.028333
2 0.160000 0.455000 0.020833 0.080000
2 0.026667 0.501667 0.009167 0.040000
2 0.100000 0.493333 0.034167 0.100000
2 0.375000 0.446667 0.035000 0.105000
2 0.450833 0.250000 0.021667 0.090000
2 0.756667 0.683333 0.045833 0.021667
2 0.815833 0.351667 0.019167 0.046667
3 0.600000 0.736667 0.017500 0.031667
2 0.684167 0.376667 0.009167 0.040000
2 0.211667 0.603333 0.020833 0.080000
3 0.455833 0.205000 0.009167 0.016667
2 0.300833 0.431667 0.021667 0.090000
3 0.347500 0.765000 0.007500 0.016667
2 0.631667 0.406667 0.022500 0.023333
2 0.800000 0.405000 0.030833 0.051667
3 0.461667 0.698333 0.010833 0.013333
2 0.310000 0.721667 0.022500 0.023333
3 0.285000 0.306667 0.011667 0.030000
2 0.775000 0.456667 0.023333 0.106667
3 0.621667 0.638333 0.009167 0.018333
2 0.262500 0.625000 0.035000 0.105000
3 0.435833 0.398333 0.007500 0.015000
2 0.522500 0.361667 0.022500 0.023333
2 0.412500 0.781667 0.027500 0.016667
2 0.465833 0.805000 0.026667 0.035000
2 0.475833 0.165000 0.010000 0.031667
2 0.658333 0.385000 0.011667 0.066667
2 0.486667 0.803333 0.013333 0.070000
3 0.581667 0.645000 0.011667 0.020000
3 0.753333 0.413333 0.013333 0.031667
2 0.754167 0.618333 0.009167 0.031667
2 0.549167 0.645000 0.020000 0.021667
2 0.690833 0.675000 0.010000 0.031667
2 0.549167 0.325000 0.017500 0.116667
3 0.336667 0.220000 0.014167 0.025000
2 0.460833 0.313333 0.019167 0.046667
3 0.342500 0.771667 0.007500 0.018333
2 0.028333 0.593333 0.011667 0.025000
2 0.644167 0.606667 0.019167 0.046667
3 0.519167 0.261667 0.007500 0.015000
3 0.695000 0.365000 0.013333 0.031667
2 0.454167 0.295000 0.010000 0.031667
2 0.565833 0.606667 0.045833 0.021667
3 0.602500 0.368333 0.013333 0.031667
3 0.650833 0.668333 0.007500 0.015000
3 0.746667 0.705000 0.008333 0.016667
2 0.442500 0.668333 0.034167 0.100000
2 0.801667 0.636667 0.011667 0.025000
2 0.797500 0.398333 0.013333 0.070000
2 0.796667 0.355000 0.019167 0.046667
3 0.515833 0.328333 0.009167 0.015000
2 0.717500 0.336667 0.014167 0.015000
2 0.340000 0.693333 0.026667 0.035000
3 0.487500 0.281667 0.007500 0.015000
3 0.733333 0.688333 0.009167 0.018333
2 0.496667 0.205000 0.058333 0.076667
3 0.275833 0.395000 0.007500 0.018333
2 0.713333 0.558333 0.035000 0.105000
2 0.302500 0.175000 0.013333 0.070000
3 0.375833 0.320000 0.009167 0.016667
3 0.710833 0.645000 0.015833 0.051667
2 0.671667 0.366667 0.020000 0.021667
3 0.770000 0.330000 0.007500 0.018333
3 0.622500 0.636667 0.007500 0.015000
3 0.726667 0.433333 0.007500 0.015000
2 0.342500 0.395000 0.020833 0.028333
3 0.780000 0.648333 0.011667 0.020000
2 0.426667 0.363333 0.029167 0.038333
2 0.670000 0.731667 0.022500 0.023333
3 0.444167 0.356667 0.008333 0.016667
3 0.487500 0.315000 0.015833 0.051667
2 0.247500 0.713333 0.022500 0.023333
3 0.705000 0.356667 0.010833 0.023333
2 0.360833 0.671667 0.021667 0.090000
3 0.774167 0.396667 0.009167 0.016667
3 0.583333 0.736667 0.007500 0.015000
3 0.758333 0.295000 0.009167 0.016667
3 0.539167 0.315000 0.010000 0.016667
3 0.377500 0.366667 0.013333 0.031667
3 0.605000 0.403333 0.011667 0.020000
2 0.587500 0.375000 0.045833 0.021667
3 0.454167 0.298333 0.009167 0.016667
3 0.605833 0.998333 0.008333 0.001667
3 0.775000 0.691667 0.009167 0.016667
2 0.636667 0.405000 0.097500 0.053333
3 0.535000 0.298333 0.008333 0.016667
2 0.284167 0.646667 0.048333 0.025000
2 0.659167 0.326667 0.045833 0.021667
3 0.789167 0.643333 0.010000 0.020000
3 0.580833 0.763333 0.008333 0.021667
3 0.318333 0.705000 0.015833 0.051667
2 0.325833 0.263333 0.013333 0.070000
2 0.640833 0.453333 0.026667 0.035000
2 0.334167 0.208333 0.011667 0.066667
3 0.776667 0.716667 0.008333 0.021667
2 0.300833 0.700000 0.023333 0.106667
2 0.721667 0.658333 0.009167 0.040000
2 0.596667 0.603333 0.097500 0.053333
3 0.275000 0.413333 0.008333 0.016667
2 0.400000 0.425000 0.034167 0.100000
2 0.593333 0.390000 0.009167 0.040000
2 0.350833 0.641667 0.011667 0.066667
3 0.429167 0.753333 0.010000 0.020000
3 0.697500 0.631667 0.010833 0.023333
2 0.285833 0.798333 0.020833 0.080000
3 0.632500 0.650000 0.007500 0.015000
2 0.638333 0.333333 0.023333 0.106667
3 0.728333 0.600000 0.007500 0.015000
2 0.434167 0.738333 0.045833 0.021667
2 0.712500 0.598333 0.034167 0.038333
2 0.691667 0.665000 0.045833 0.021667
2 0.314167 0.253333 0.020833 0.028333
2 0.460833 0.230000 0.020833 0.080000
2 0.670000 0.616667 0.097500 0.053333
3 0.544167 0.641667 0.013333 0.015000
2 0.348333 0.301667 0.010000 0.031667
3 0.685000 0.280000 0.010000 0.016667
3 0.666667 0.618333 0.009167 0.016667
3 0.687500 0.645000 0.008333 0.016667
2 0.745000 0.405000 0.022500 0.023333
2 0.185000 0.640000 0.020833 0.028333
3 0.630833 0.436667 0.010833 0.023333
2 0.683333 0.603333 0.020000 0.021667
3 0.476667 0.815000 0.007500 0.018333
2 0.749167 0.376667 0.045833 0.021667
3 0.813333 0.420000 0.007500 0.015000
2 0.480833 0.328333 0.013333 0.070000
3 0.317500 0.415000 0.009167 0.023333
2 0.617500 0.381667 0.020000 0.021667
2 0.546667 0.635000 0.009167 0.040000
3 0.709167 0.626667 0.009167 0.015000
3 0.672500 0.635000 0.008333 0.016667
3 0.580833 0.443333 0.017500 0.031667
3 0.506667 0.303333 0.009167 0.015000
2 0.530000 0.336667 0.020833 0.080000
2 0.549167 0.753333 0.013333 0.070000
3 0.396667 0.668333 0.007500 0.018333
2 0.410833 0.723333 0.020000 0.021667
3 0.818333 0.416667 0.007500 0.018333
2 0.763333 0.405000 0.010000 0.031667
2 0.487500 0.183333 0.011667 0.066667
2 0.712500 0.326667 0.014167 0.015000
2 0.540833 0.620000 0.097500 0.053333
3 0.666667 0.703333 0.008333 0.016667
3 0.307500 0.725000 0.007500 0.015000
3 0.673333 0.393333 0.007500 0.015000
2 0.241667 0.386667 0.010000 0.031667
3 0.515000 0.310000 0.010000 0.016667
3 0.492500 0.781667 0.007500 0.018333
3 0.664167 0.673333 0.010833 0.013333
2 0.656667 0.330000 0.020833 0.028333
2 0.590833 0.686667 0.020833 0.080000
3 0.701667 0.341667 0.010000 0.016667
3 0.758333 0.408333 0.009167 0.018333
2 0.237500 0.771667 0.048333 0.025000
3 0.515833 0.330000 0.009167 0.016667
2 0.290833 0.380000 0.027500 0.016667
3 0.645000 0.381667 0.009167 0.015000
3 0.745833 0.378333 0.009167 0.023333
2 0.625833 0.681667 0.048333 0.025000
3 0.305000 0.325000 0.009167 0.023333
2 0.432500 0.403333 0.034167 0.100000
2 0.463333 0.295000 0.034167 0.038333
2 0.615000 0.378333 0.022500 0.023333
2 0.640000 0.443333 0.020833 0.080000
3 0.803333 0.370000 0.010000 0.020000
2 0.700000 0.398333 0.035000 0.105000
3 0.666667 0.671667 0.011667 0.030000
3 0.309167 0.401667 0.011667 0.030000
3 0.325833 0.301667 0.007500 0.015000
3 0.630833 0.641667 0.007500 0.015000
2 0.480000 0.291667 0.023333 0.106667
2 0.307500 0.701667 0.009167 0.031667
3 0.355833 0.405000 0.009167 0.016667
2 0.756667 0.380000 0.009167 0.031667
2 0.634167 0.335000 0.097500 0.053333
3 0.354167 0.403333 0.007500 0.015000
3 0.437500 0.371667 0.007500 0.015000
3 0.640000 0.355000 0.007500 0.018333
2 0.666667 0.470000 0.021667 0.090000
2 0.794167 0.361667 0.011667 0.025000
2 0.550833 0.766667 0.009167 0.031667
3 0.171667 0.638333 0.010833 0.023333
3 0.312500 0.395000 0.013333 0.031667
3 0.648333 0.440000 0.010833 0.013333
3 0.732500 0.725000 0.006667 0.018333
3 0.314167 0.258333 0.007500 0.015000
2 0.527500 0.418333 0.022500 0.023333
3 0.510000 0.736667 0.009167 0.015000
2 0.158333 0.616667 0.009167 0.040000
3 0.583333 0.738333 0.007500 0.018333
2 0.747500 0.668333 0.023333 0.106667
3 0.797500 0.381667 0.013333 0.031667
2 0.780000 0.656667 0.020833 0.080000
3 0.725833 0.608333 0.008333 0.016667
2 0.767500 0.410000 0.048333 0.025000
2 0.778333 0.735000 0.010000 0.031667
2 0.697500 0.673333 0.009167 0.031667
3 0.746667 0.706667 0.008333 0.016667
2 0.701667 0.383333 0.009167 0.031667
3 0.715833 0.328333 0.007500 0.015000
2 0.672500 0.716667 0.014167 0.015000
