4 0.822500 0.635000 0.080833 0.205000
4 0.800833 0.576667 0.085833 0.071667
4 0.749167 0.678333 0.179167 0.291667
4 0.839167 0.556667 0.088333 0.030000
4 0.827500 0.588333 0.067500 0.038333
4 0.841667 0.356667 0.056667 0.095000
4 0.865833 0.478333 0.100000 0.186667
4 0.830000 0.440000 0.108333 0.113333
4 0.865833 0.635000 0.056667 0.115000
4 0.851667 0.595000 0.073333 0.073333
4 0.412500 0.603333 0.069167 0.141667
4 0.526667 0.451667 0.181667 0.171667
4 0.347500 0.490000 0.077500 0.080000
4 0.581667 0.486667 0.058333 0.065000
4 0.694167 0.503333 0.097500 0.166667
4 0.340000 0.725000 0.150000 0.378333
4 0.643333 0.550000 0.070833 0.023333
4 0.326667 0.605000 0.097500 0.210000
4 0.186667 0.613333 0.121667 0.198333
4 0.068333 0.461667 0.050000 0.093333
3 0.040000 0.556667 0.009167 0.018333
2 0.360000 0.488333 0.023333 0.106667
2 0.800833 0.586667 0.020833 0.080000
2 0.560833 0.530000 0.013333 0.070000
3 0.466667 0.428333 0.009167 0.018333
3 0.510000 0.575000 0.010000 0.016667
3 0.487500 0.548333 0.013333 0.015000
2 0.395833 0.451667 0.097500 0.053333
2 0.503333 0.586667 0.023333 0.106667
2 0.428333 0.498333 0.011667 0.066667
2 0.792500 0.445000 0.009167 0.031667
3 0.111667 0.586667 0.009167 0.016667
3 0.710833 0.540000 0.008333 0.016667
3 0.306667 0.493333 0.008333 0.016667
2 0.392500 0.483333 0.048333 0.043333
2 0.256667 0.568333 0.027500 0.016667
2 0.780833 0.488333 0.019167 0.046667
3 0.463333 0.480000 0.011667 0.020000
3 0.082500 0.513333 0.007500 0.015000
3 0.173333 0.533333 0.015833 0.051667
3 0.270833 0.505000 0.008333 0.016667
2 0.360000 0.506667 0.045833 0.021667
3 0.765833 0.505000 0.007500 0.015000
3 0.754167 0.561667 0.007500 0.016667
3 0.060000 0.470000 0.008333 0.016667
3 0.216667 0.583333 0.007500 0.018333
2 0.298333 0.535000 0.035000 0.105000
3 0.073333 0.545000 0.009167 0.023333
3 0.779167 0.508333 0.009167 0.016667
3 0.475833 0.585000 0.007500 0.015000
3 0.771667 0.523333 0.007500 0.015000
3 0.166667 0.586667 0.009167 0.016667
2 0.709167 0.618333 0.020833 0.080000
3 0.155833 0.605000 0.007500 0.016667
3 0.801667 0.495000 0.007500 0.015000
3 0.815000 0.660000 0.009167 0.016667
3 0.694167 0.500000 0.008333 0.016667
3 0.458333 0.566667 0.009167 0.018333
2 0.645833 0.536667 0.097500 0.053333
2 0.359167 0.568333 0.026667 0.035000
2 0.436667 0.583333 0.020833 0.080000
2 0.303333 0.510000 0.034167 0.038333
2 0.445833 0.505000 0.009167 0.031667
3 0.284167 0.466667 0.011667 0.020000
2 0.224167 0.510000 0.009167 0.031667
2 0.135000 0.498333 0.097500 0.053333
2 0.019167 0.590000 0.026667 0.035000
3 0.691667 0.461667 0.015833 0.051667
2 0.475833 0.581667 0.020833 0.080000
2 0.819167 0.325000 0.020833 0.080000
3 0.060000 0.485000 0.009167 0.018333
3 0.454167 0.476667 0.010000 0.020000
2 0.430000 0.611667 0.026667 0.035000
3 0.090000 0.573333 0.007500 0.015000
3 0.140833 0.575000 0.010000 0.020000
3 0.104167 0.545000 0.007500 0.015000
3 0.798333 0.575000 0.010833 0.023333
2 0.265833 0.456667 0.015833 0.068333
3 0.447500 0.623333 0.013333 0.031667
2 0.604167 0.488333 0.026667 0.035000
3 0.338333 0.498333 0.009167 0.016667
3 0.448333 0.493333 0.011667 0.020000
2 0.645833 0.490000 0.034167 0.038333
2 0.165000 0.523333 0.014167 0.015000
3 0.223333 0.466667 0.006667 0.018333
2 0.447500 0.588333 0.010833 0.091667
2 0.628333 0.515000 0.058333 0.076667
3 0.386667 0.555000 0.008333 0.016667
2 0.123333 0.466667 0.020833 0.080000
3 0.503333 0.501667 0.006667 0.018333
3 0.045833 0.528333 0.008333 0.016667
3 0.273333 0.506667 0.007500 0.018333
2 0.444167 0.585000 0.048333 0.043333
2 0.316667 0.496667 0.014167 0.015000
2 0.325000 0.446667 0.014167 0.015000
2 0.102500 0.553333 0.029167 0.038333
3 0.806667 0.505000 0.013333 0.031667
2 0.678333 0.595000 0.027500 0.016667
2 0.424167 0.558333 0.010000 0.031667
2 0.651667 0.500000 0.023333 0.041667
2 0.650833 0.585000 0.023333 0.041667
3 0.485833 0.408333 0.007500 0.018333
2 0.256667 0.526667 0.014167 0.015000
3 0.740000 0.570000 0.007500 0.016667
2 0.353333 0.491667 0.015833 0.068333
3 0.515000 0.520000 0.017500 0.031667
2 0.053333 0.533333 0.009167 0.040000
3 0.311667 0.508333 0.009167 0.016667
2 0.232500 0.561667 0.020833 0.080000
2 0.045000 0.595000 0.034167 0.100000
3 0.613333 0.538333 0.009167 0.023333
2 0.324167 0.531667 0.027500 0.016667
3 0.342500 0.468333 0.008333 0.021667
3 0.555833 0.463333 0.011667 0.020000
2 0.503333 0.461667 0.019167 0.046667
3 0.269167 0.581667 0.007500 0.018333
3 0.485833 0.430000 0.011667 0.020000
3 0.748333 0.525000 0.007500 0.015000
2 0.533333 0.498333 0.048333 0.043333
3 0.481667 0.573333 0.010833 0.013333
2 0.115000 0.481667 0.023333 0.106667
2 0.712500 0.490000 0.019167 0.046667
3 0.659167 0.391667 0.013333 0.015000
3 0.431667 0.743333 0.010000 0.020000
3 0.743333 0.708333 0.017500 0.031667
3 0.684167 0.431667 0.009167 0.023333
2 0.684167 0.656667 0.020833 0.080000
3 0.327500 0.391667 0.008333 0.016667
2 0.479167 0.290000 0.035000 0.105000
3 0.652500 0.630000 0.014167 0.025000
2 0.378333 0.340000 0.045833 0.021667
3 0.407500 0.758333 0.011667 0.030000
2 0.255833 0.790000 0.020833 0.028333
2 0.290000 0.435000 0.034167 0.100000
2 0.679167 0.601667 0.027500 0.016667
2 0.216667 0.651667 0.011667 0.066667
3 0.624167 0.361667 0.010000 0.016667
3 0.695833 0.343333 0.007500 0.018333
2 0.789167 0.351667 0.011667 0.066667
2 0.519167 0.345000 0.029167 0.038333
2 0.795833 0.451667 0.030833 0.051667
2 0.704167 0.600000 0.097500 0.053333
2 0.454167 0.706667 0.020833 0.028333
2 0.495833 0.278333 0.035000 0.105000
2 0.488333 0.285000 0.010000 0.031667
3 0.722500 0.660000 0.008333 0.016667
2 0.638333 0.651667 0.045833 0.021667
2 0.392500 0.333333 0.035000 0.105000
3 0.494167 0.165000 0.011667 0.020000
3 0.704167 0.668333 0.010000 0.016667
3 0.482500 0.333333 0.007500 0.018333
3 0.725833 0.723333 0.010833 0.023333
2 0.802500 0.625000 0.009167 0.040000
2 0.772500 0.338333 0.011667 0.025000
3 0.263333 0.698333 0.006667 0.018333
2 0.450833 0.353333 0.022500 0.023333
3 0.566667 0.243333 0.007500 0.015000
2 0.321667 0.810000 0.023333 0.106667
2 0.595833 0.328333 0.014167 0.015000
3 0.586667 0.370000 0.007500 0.015000
3 0.308333 0.361667 0.015833 0.051667
2 0.187500 0.423333 0.020833 0.080000
2 0.545000 0.386667 0.020833 0.080000
3 0.245833 0.375000 0.007500 0.015000
3 0.680000 0.591667 0.007500 0.018333
2 0.760000 0.646667 0.048333 0.025000
2 0.620833 0.351667 0.027500 0.016667
3 0.418333 0.835000 0.010833 0.013333
3 0.461667 0.665000 0.007500 0.015000
3 0.674167 0.673333 0.009167 0.015000
2 0.516667 0.606667 0.029167 0.038333
2 0.283333 0.760000 0.027500 0.016667
3 0.448333 0.371667 0.017500 0.031667
3 0.480833 0.778333 0.009167 0.016667
3 0.622500 0.343333 0.014167 0.025000
2 0.686667 0.333333 0.020833 0.028333
2 0.664167 0.630000 0.048333 0.043333
2 0.510000 0.398333 0.010833 0.091667
2 0.661667 0.388333 0.045833 0.021667
2 0.275833 0.116667 0.029167 0.038333
2 0.772500 0.768333 0.020833 0.080000
3 0.715000 0.340000 0.010833 0.013333
2 0.781667 0.600000 0.017500 0.116667
2 0.670833 0.601667 0.026667 0.035000
3 0.320000 0.341667 0.013333 0.015000
2 0.275833 0.796667 0.034167 0.038333
2 0.679167 0.645000 0.034167 0.100000
2 0.533333 0.998333 0.023333 0.001667
3 0.802500 0.398333 0.008333 0.016667
2 0.670000 0.613333 0.011667 0.025000
2 0.710000 0.658333 0.027500 0.016667
3 0.648333 0.635000 0.010000 0.016667
2 0.660833 0.348333 0.020000 0.021667
2 0.825833 0.396667 0.009167 0.040000
2 0.747500 0.568333 0.035000 0.105000
2 0.770000 0.326667 0.009167 0.040000
3 0.780000 0.323333 0.008333 0.016667
3 0.794167 0.631667 0.008333 0.021667
2 0.444167 0.778333 0.029167 0.038333
3 0.226667 0.385000 0.007500 0.015000
3 0.325833 0.658333 0.007500 0.018333
2 0.606667 0.363333 0.021667 0.090000
2 0.724167 0.391667 0.023333 0.041667
2 0.777500 0.613333 0.026667 0.035000
2 0.563333 0.745000 0.014167 0.015000
3 0.748333 0.605000 0.007500 0.018333
2 0.768333 0.651667 0.027500 0.016667
3 0.652500 0.341667 0.017500 0.031667
3 0.714167 0.605000 0.013333 0.015000
2 0.792500 0.380000 0.023333 0.041667
2 0.406667 0.688333 0.020000 0.021667
2 0.639167 0.350000 0.045833 0.021667
3 0.753333 0.705000 0.009167 0.015000
2 0.575833 0.656667 0.034167 0.100000
2 0.346667 0.361667 0.097500 0.053333
2 0.362500 0.640000 0.017500 0.116667
2 0.319167 0.686667 0.021667 0.090000
3 0.722500 0.628333 0.013333 0.031667
2 0.257500 0.730000 0.034167 0.038333
3 0.832500 0.411667 0.008333 0.016667
3 0.702500 0.615000 0.009167 0.018333
3 0.306667 0.700000 0.010000 0.016667
3 0.715000 0.608333 0.011667 0.020000
2 0.660000 0.721667 0.023333 0.106667
3 0.821667 0.393333 0.008333 0.021667
2 0.223333 0.761667 0.013333 0.070000
2 0.405833 0.681667 0.020833 0.028333
2 0.750833 0.293333 0.015833 0.068333
2 0.773333 0.431667 0.010833 0.091667
2 0.525833 0.735000 0.021667 0.090000
2 0.509167 0.798333 0.009167 0.040000
3 0.339167 0.225000 0.008333 0.016667
3 0.512500 0.823333 0.013333 0.015000
2 0.419167 0.693333 0.019167 0.046667
3 0.670833 0.620000 0.010000 0.020000
3 0.653333 0.445000 0.009167 0.016667
3 0.445000 0.668333 0.007500 0.015000
3 0.640000 0.355000 0.007500 0.018333
3 0.267500 0.280000 0.007500 0.018333
3 0.775000 0.603333 0.007500 0.015000
3 0.474167 0.825000 0.010000 0.016667
3 0.550833 0.710000 0.008333 0.016667
2 0.483333 0.795000 0.034167 0.100000
3 0.445000 0.141667 0.009167 0.016667
3 0.708333 0.650000 0.010000 0.016667
2 0.728333 0.623333 0.011667 0.066667
2 0.643333 0.648333 0.014167 0.015000
2 0.786667 0.433333 0.034167 0.100000
3 0.470000 0.710000 0.008333 0.016667
3 0.530000 0.998333 0.010833 0.001667
3 0.168333 0.395000 0.009167 0.023333
2 0.671667 0.645000 0.022500 0.023333
3 0.382500 0.376667 0.010000 0.016667
2 0.579167 0.621667 0.097500 0.053333
3 0.224167 0.338333 0.013333 0.031667
2 0.342500 0.285000 0.020000 0.021667
2 0.745833 0.695000 0.045833 0.021667
3 0.530000 0.353333 0.008333 0.016667
3 0.725833 0.348333 0.007500 0.015000
3 0.555000 0.356667 0.008333 0.016667
2 0.457500 0.148333 0.026667 0.035000
3 0.338333 0.388333 0.010833 0.023333
2 0.744167 0.330000 0.045833 0.021667
3 0.679167 0.623333 0.006667 0.018333
2 0.544167 0.675000 0.048333 0.025000
2 0.658333 0.386667 0.013333 0.070000
3 0.436667 0.680000 0.007500 0.016667
3 0.305000 0.148333 0.008333 0.016667
2 0.610833 0.368333 0.034167 0.100000
2 0.420000 0.753333 0.020833 0.080000
3 0.465000 0.298333 0.017500 0.031667
2 0.303333 0.753333 0.045833 0.021667
2 0.269167 0.656667 0.020833 0.028333
2 0.254167 0.683333 0.035000 0.105000
2 0.747500 0.608333 0.023333 0.041667
3 0.338333 0.706667 0.010833 0.013333
3 0.775000 0.693333 0.009167 0.023333
3 0.537500 0.421667 0.007500 0.018333
3 0.744167 0.671667 0.007500 0.015000
2 0.566667 0.633333 0.017500 0.116667
3 0.323333 0.275000 0.008333 0.021667
2 0.751667 0.315000 0.019167 0.046667
2 0.384167 0.761667 0.014167 0.015000
3 0.628333 0.363333 0.010833 0.023333
2 0.639167 0.335000 0.009167 0.040000
3 0.668333 0.651667 0.013333 0.031667
3 0.503333 0.826667 0.017500 0.031667
3 0.252500 0.640000 0.010833 0.013333
3 0.488333 0.776667 0.009167 0.018333
3 0.580000 0.756667 0.009167 0.015000
2 0.338333 0.295000 0.029167 0.038333
3 0.774167 0.405000 0.009167 0.018333
3 0.432500 0.763333 0.011667 0.030000
2 0.366667 0.763333 0.030833 0.051667
2 0.447500 0.656667 0.011667 0.066667
2 0.784167 0.613333 0.034167 0.038333
3 0.276667 0.713333 0.014167 0.025000
2 0.309167 0.343333 0.048333 0.025000
2 0.506667 0.341667 0.014167 0.015000
3 0.307500 0.725000 0.008333 0.016667
3 0.498333 0.256667 0.007500 0.015000
3 0.777500 0.603333 0.007500 0.015000
2 0.620833 0.410000 0.013333 0.070000
2 0.685000 0.690000 0.034167 0.100000
2 0.795833 0.651667 0.011667 0.025000
2 0.581667 0.741667 0.034167 0.038333
2 0.214167 0.760000 0.029167 0.038333
2 0.457500 0.301667 0.020833 0.028333
2 0.616667 0.640000 0.011667 0.025000
3 0.420000 0.840000 0.008333 0.016667
2 0.285833 0.785000 0.022500 0.023333
3 0.288333 0.706667 0.010833 0.013333
2 0.702500 0.746667 0.013333 0.070000
2 0.553333 0.388333 0.048333 0.025000
3 0.704167 0.331667 0.008333 0.016667
2 0.379167 0.338333 0.009167 0.040000
2 0.445833 0.351667 0.058333 0.076667
2 0.427500 0.623333 0.097500 0.053333
3 0.796667 0.721667 0.009167 0.023333
2 0.556667 0.240000 0.027500 0.016667
