4 0.848333 0.483333 0.127500 0.056667
4 0.833333 0.531667 0.146667 0.058333
4 0.805833 0.540000 0.076667 0.098333
4 0.890833 0.376667 0.060000 0.100000
4 0.851667 0.496667 0.076667 0.030000
4 0.843333 0.670000 0.050833 0.133333
4 0.895833 0.581667 0.049167 0.018333
4 0.855000 0.568333 0.064167 0.111667
4 0.831667 0.436667 0.083333 0.173333
4 0.875000 0.391667 0.086667 0.065000
4 0.270833 0.456667 0.095833 0.108333
4 0.485833 0.565000 0.038333 0.058333
4 0.613333 0.556667 0.105833 0.028333
4 0.542500 0.493333 0.129167 0.043333
4 0.792500 0.538333 0.037500 0.091667
4 0.315833 0.586667 0.374167 0.186667
4 0.380833 0.520000 0.045833 0.048333
4 0.240833 0.633333 0.103333 0.273333
4 0.675833 0.546667 0.094167 0.035000
4 0.650000 0.518333 0.072500 0.073333
2 0.452500 0.595000 0.026667 0.035000
2 0.265000 0.550000 0.020833 0.028333
3 0.140000 0.521667 0.009167 0.016667
2 0.645000 0.513333 0.048333 0.043333
2 0.550833 0.558333 0.011667 0.066667
2 0.169167 0.500000 0.034167 0.038333
3 0.796667 0.486667 0.010000 0.016667
2 0.016667 0.520000 0.026667 0.035000
2 0.501667 0.523333 0.014167 0.015000
3 0.230000 0.568333 0.009167 0.016667
3 0.042500 0.580000 0.015833 0.051667
2 0.379167 0.563333 0.015833 0.068333
2 0.166667 0.515000 0.023333 0.106667
2 0.644167 0.598333 0.013333 0.070000
3 0.750833 0.546667 0.014167 0.025000
2 0.567500 0.450000 0.097500 0.053333
2 0.796667 0.525000 0.021667 0.090000
2 0.330000 0.511667 0.034167 0.038333
3 0.515000 0.545000 0.008333 0.016667
3 0.717500 0.595000 0.007500 0.016667
2 0.251667 0.501667 0.048333 0.025000
3 0.827500 0.663333 0.010833 0.013333
2 0.090833 0.540000 0.020000 0.021667
3 0.575833 0.570000 0.006667 0.018333
2 0.644167 0.495000 0.009167 0.031667
2 0.460000 0.498333 0.019167 0.046667
2 0.776667 0.518333 0.034167 0.038333
3 0.534167 0.546667 0.009167 0.015000
2 0.480000 0.428333 0.011667 0.066667
2 0.046667 0.538333 0.094167 0.053333
3 0.529167 0.501667 0.011667 0.030000
3 0.287500 0.598333 0.009167 0.016667
2 0.765833 0.441667 0.015833 0.068333
3 0.505000 0.598333 0.009167 0.023333
2 0.719167 0.473333 0.045833 0.021667
2 0.481667 0.443333 0.027500 0.016667
2 0.329167 0.575000 0.010000 0.031667
2 0.492500 0.540000 0.014167 0.015000
3 0.538333 0.483333 0.009167 0.018333
2 0.423333 0.546667 0.020833 0.080000
2 0.486667 0.410000 0.009167 0.040000
3 0.275833 0.591667 0.009167 0.016667
2 0.440000 0.581667 0.045833 0.021667
2 0.288333 0.601667 0.034167 0.100000
2 0.119167 0.446667 0.020833 0.080000
2 0.182500 0.565000 0.034167 0.100000
2 0.574167 0.508333 0.030833 0.051667
2 0.218333 0.538333 0.029167 0.038333
3 0.463333 0.425000 0.014167 0.025000
2 0.175833 0.588333 0.011667 0.025000
3 0.718333 0.533333 0.013333 0.015000
3 0.755833 0.575000 0.011667 0.030000
3 0.173333 0.615000 0.011667 0.030000
3 0.345833 0.498333 0.011667 0.030000
3 0.312500 0.526667 0.010000 0.016667
3 0.285833 0.505000 0.017500 0.031667
3 0.142500 0.446667 0.007500 0.018333
3 0.580833 0.490000 0.017500 0.031667
3 0.384167 0.503333 0.009167 0.018333
2 0.509167 0.526667 0.009167 0.040000
3 0.255833 0.568333 0.007500 0.018333
2 0.269167 0.583333 0.013333 0.070000
2 0.194167 0.593333 0.048333 0.025000
2 0.432500 0.511667 0.020833 0.080000
2 0.020000 0.568333 0.020833 0.080000
2 0.550833 0.496667 0.026667 0.035000
3 0.114167 0.538333 0.008333 0.016667
2 0.643333 0.530000 0.009167 0.040000
3 0.105833 0.466667 0.011667 0.030000
2 0.197500 0.593333 0.048333 0.025000
2 0.366667 0.503333 0.021667 0.090000
3 0.337500 0.525000 0.009167 0.018333
3 0.410833 0.448333 0.014167 0.025000
2 0.802500 0.456667 0.014167 0.015000
3 0.155833 0.478333 0.013333 0.031667
2 0.505000 0.558333 0.014167 0.015000
2 0.695833 0.473333 0.020833 0.028333
2 0.679167 0.558333 0.030833 0.051667
2 0.620833 0.521667 0.013333 0.070000
2 0.665000 0.515000 0.023333 0.041667
3 0.725000 0.465000 0.010000 0.020000
2 0.295000 0.525000 0.022500 0.023333
3 0.295833 0.603333 0.007500 0.015000
2 0.675000 0.445000 0.034167 0.038333
3 0.304167 0.535000 0.010000 0.020000
2 0.328333 0.495000 0.021667 0.090000
2 0.547500 0.535000 0.010000 0.031667
2 0.040000 0.535000 0.026667 0.035000
3 0.735000 0.565000 0.011667 0.030000
2 0.123333 0.440000 0.029167 0.038333
3 0.257500 0.455000 0.007500 0.015000
3 0.659167 0.551667 0.009167 0.016667
3 0.260000 0.546667 0.009167 0.018333
2 0.280833 0.585000 0.034167 0.038333
2 0.324167 0.618333 0.034167 0.038333
3 0.606667 0.480000 0.007500 0.015000
2 0.765000 0.496667 0.017500 0.116667
3 0.637500 0.471667 0.008333 0.016667
2 0.420000 0.590000 0.020833 0.080000
2 0.074167 0.548333 0.029167 0.038333
2 0.410000 0.471667 0.021667 0.090000
2 0.606667 0.478333 0.034167 0.100000
2 0.696667 0.335000 0.013333 0.070000
2 0.753333 0.610000 0.020000 0.021667
3 0.721667 0.615000 0.011667 0.020000
2 0.531667 0.751667 0.048333 0.043333
2 0.722500 0.605000 0.014167 0.015000
3 0.525000 0.431667 0.008333 0.016667
2 0.312500 0.693333 0.027500 0.016667
3 0.539167 0.253333 0.013333 0.031667
3 0.699167 0.678333 0.007500 0.018333
2 0.723333 0.683333 0.058333 0.076667
2 0.639167 0.685000 0.013333 0.070000
2 0.710833 0.216667 0.015833 0.068333
2 0.491667 0.226667 0.020833 0.080000
2 0.437500 0.775000 0.015833 0.068333
3 0.270000 0.653333 0.010000 0.016667
2 0.171667 0.630000 0.011667 0.025000
2 0.690000 0.631667 0.011667 0.025000
3 0.756667 0.331667 0.010000 0.020000
3 0.612500 0.680000 0.007500 0.016667
2 0.537500 0.246667 0.023333 0.041667
3 0.745000 0.611667 0.011667 0.030000
3 0.719167 0.638333 0.011667 0.020000
2 0.668333 0.416667 0.048333 0.043333
3 0.584167 0.443333 0.011667 0.030000
3 0.759167 0.611667 0.008333 0.016667
2 0.539167 0.313333 0.045833 0.021667
2 0.317500 0.773333 0.009167 0.031667
2 0.311667 0.436667 0.010833 0.091667
3 0.565000 0.248333 0.011667 0.030000
2 0.448333 0.796667 0.013333 0.070000
3 0.462500 0.311667 0.010833 0.023333
3 0.715833 0.645000 0.010833 0.023333
3 0.786667 0.341667 0.006667 0.018333
3 0.482500 0.195000 0.008333 0.021667
3 0.671667 0.620000 0.007500 0.015000
3 0.648333 0.670000 0.013333 0.031667
3 0.621667 0.640000 0.009167 0.016667
3 0.365833 0.645000 0.010833 0.023333
2 0.469167 0.175000 0.023333 0.106667
2 0.607500 0.778333 0.023333 0.041667
3 0.345000 0.411667 0.015833 0.051667
3 0.362500 0.396667 0.008333 0.016667
3 0.253333 0.338333 0.007500 0.015000
2 0.450833 0.783333 0.019167 0.046667
2 0.217500 0.336667 0.020833 0.080000
3 0.706667 0.603333 0.011667 0.020000
3 0.770833 0.591667 0.010833 0.013333
2 0.443333 0.321667 0.020833 0.080000
2 0.478333 0.298333 0.017500 0.116667
3 0.505833 0.823333 0.013333 0.031667
2 0.429167 0.333333 0.045833 0.021667
2 0.340000 0.681667 0.058333 0.076667
2 0.654167 0.413333 0.020833 0.028333
3 0.365833 0.665000 0.007500 0.015000
3 0.414167 0.683333 0.007500 0.018333
2 0.599167 0.691667 0.097500 0.053333
3 0.325833 0.658333 0.007500 0.015000
3 0.769167 0.358333 0.010833 0.013333
3 0.546667 0.683333 0.007500 0.015000
2 0.790833 0.638333 0.030833 0.051667
3 0.645000 0.336667 0.013333 0.031667
2 0.377500 0.765000 0.097500 0.053333
3 0.637500 0.626667 0.007500 0.016667
2 0.750833 0.591667 0.015833 0.068333
2 0.275000 0.636667 0.019167 0.046667
3 0.186667 0.653333 0.006667 0.018333
2 0.702500 0.391667 0.019167 0.046667
3 0.449167 0.665000 0.006667 0.018333
2 0.622500 0.335000 0.011667 0.025000
2 0.785833 0.668333 0.009167 0.040000
3 0.778333 0.333333 0.009167 0.018333
2 0.656667 0.430000 0.020833 0.080000
2 0.732500 0.715000 0.021667 0.090000
2 0.585833 0.168333 0.009167 0.040000
3 0.415833 0.723333 0.009167 0.015000
2 0.760000 0.641667 0.058333 0.076667
2 0.441667 0.371667 0.020833 0.080000
2 0.485833 0.728333 0.020833 0.028333
3 0.456667 0.800000 0.007500 0.015000
3 0.548333 0.631667 0.008333 0.016667
2 0.780000 0.378333 0.014167 0.015000
2 0.539167 0.731667 0.010000 0.031667
2 0.666667 0.633333 0.020000 0.021667
3 0.686667 0.618333 0.008333 0.016667
2 0.442500 0.713333 0.035000 0.105000
3 0.684167 0.683333 0.009167 0.015000
2 0.529167 0.686667 0.010833 0.091667
2 0.273333 0.791667 0.048333 0.025000
3 0.580833 0.365000 0.017500 0.031667
2 0.527500 0.615000 0.011667 0.025000
2 0.707500 0.420000 0.045833 0.021667
2 0.257500 0.613333 0.035000 0.105000
2 0.748333 0.635000 0.011667 0.066667
3 0.651667 0.653333 0.007500 0.016667
3 0.463333 0.718333 0.009167 0.016667
3 0.347500 0.286667 0.009167 0.016667
3 0.780000 0.673333 0.009167 0.016667
2 0.541667 0.638333 0.034167 0.038333
2 0.795000 0.396667 0.048333 0.025000
3 0.510833 0.363333 0.009167 0.016667
3 0.400000 0.656667 0.009167 0.023333
2 0.315000 0.705000 0.023333 0.041667
2 0.475833 0.633333 0.034167 0.038333
2 0.678333 0.376667 0.010833 0.091667
3 0.313333 0.401667 0.008333 0.016667
2 0.787500 0.730000 0.048333 0.025000
2 0.730833 0.660000 0.023333 0.106667
3 0.709167 0.618333 0.010000 0.020000
3 0.460000 0.863333 0.009167 0.016667
2 0.315000 0.263333 0.034167 0.100000
2 0.353333 0.753333 0.045833 0.021667
2 0.700833 0.408333 0.020833 0.080000
2 0.703333 0.403333 0.011667 0.066667
2 0.226667 0.415000 0.021667 0.090000
3 0.350000 0.836667 0.007500 0.015000
2 0.715833 0.998333 0.015833 0.001667
2 0.489167 0.335000 0.014167 0.015000
2 0.226667 0.381667 0.015833 0.068333
2 0.259167 0.743333 0.029167 0.038333
2 0.776667 0.691667 0.022500 0.023333
2 0.465000 0.213333 0.048333 0.025000
3 0.495833 0.768333 0.010000 0.016667
3 0.636667 0.670000 0.010000 0.016667
2 0.572500 0.755000 0.010000 0.031667
3 0.244167 0.371667 0.010833 0.013333
3 0.810833 0.388333 0.009167 0.023333
3 0.741667 0.688333 0.007500 0.016667
3 0.481667 0.298333 0.010833 0.013333
3 0.277500 0.775000 0.008333 0.021667
3 0.709167 0.450000 0.013333 0.031667
2 0.325833 0.310000 0.017500 0.116667
2 0.397500 0.751667 0.097500 0.053333
2 0.510833 0.716667 0.020000 0.021667
2 0.298333 0.675000 0.013333 0.070000
2 0.805833 0.728333 0.022500 0.023333
2 0.660833 0.625000 0.030833 0.051667
3 0.322500 0.176667 0.009167 0.016667
2 0.692500 0.250000 0.020833 0.028333
3 0.500833 0.345000 0.007500 0.018333
3 0.427500 0.358333 0.009167 0.018333
3 0.760000 0.410000 0.006667 0.018333
2 0.459167 0.701667 0.009167 0.031667
3 0.225833 0.693333 0.007500 0.018333
3 0.762500 0.710000 0.013333 0.015000
3 0.319167 0.351667 0.009167 0.016667
2 0.736667 0.685000 0.013333 0.070000
2 0.691667 0.591667 0.015833 0.068333
3 0.631667 0.410000 0.013333 0.031667
2 0.331667 0.725000 0.011667 0.025000
3 0.220833 0.351667 0.017500 0.031667
3 0.446667 0.336667 0.010833 0.013333
2 0.374167 0.728333 0.020833 0.080000
3 0.670833 0.361667 0.008333 0.016667
2 0.339167 0.296667 0.011667 0.025000
2 0.308333 0.695000 0.009167 0.040000
3 0.674167 0.318333 0.009167 0.018333
3 0.395833 0.381667 0.007500 0.015000
2 0.601667 0.730000 0.014167 0.015000
2 0.495000 0.805000 0.010833 0.091667
3 0.300000 0.745000 0.013333 0.015000
2 0.722500 0.440000 0.021667 0.090000
3 0.421667 0.783333 0.009167 0.015000
3 0.391667 0.691667 0.011667 0.020000
3 0.527500 0.620000 0.008333 0.021667
3 0.492500 0.736667 0.007500 0.015000
2 0.215833 0.418333 0.026667 0.035000
2 0.513333 0.643333 0.097500 0.053333
2 0.283333 0.680000 0.020833 0.080000
2 0.670833 0.728333 0.030833 0.051667
2 0.625000 0.415000 0.034167 0.100000
2 0.529167 0.620000 0.058333 0.076667
3 0.224167 0.641667 0.007500 0.018333
3 0.481667 0.378333 0.007500 0.018333
3 0.450000 0.730000 0.015833 0.051667
2 0.754167 0.633333 0.030833 0.051667
2 0.810000 0.416667 0.045833 0.021667
2 0.482500 0.595000 0.097500 0.053333
3 0.390833 0.706667 0.013333 0.031667
3 0.658333 0.351667 0.008333 0.016667
2 0.428333 0.756667 0.020833 0.080000
2 0.723333 0.433333 0.014167 0.015000
2 0.355833 0.716667 0.020000 0.021667
2 0.454167 0.673333 0.022500 0.023333
2 0.315833 0.381667 0.009167 0.031667
2 0.632500 0.375000 0.034167 0.038333
2 0.385000 0.410000 0.021667 0.090000
3 0.691667 0.378333 0.008333 0.016667
3 0.715000 0.368333 0.010000 0.020000
3 0.294167 0.291667 0.008333 0.016667
3 0.730000 0.305000 0.009167 0.023333
2 0.598333 0.381667 0.048333 0.025000
2 0.685000 0.290000 0.009167 0.031667
3 0.707500 0.406667 0.009167 0.015000
3 0.849167 0.325000 0.006667 0.018333
2 0.740000 0.413333 0.034167 0.100000
3 0.695000 0.678333 0.008333 0.016667
2 0.729167 0.338333 0.010833 0.091667
3 0.564167 0.676667 0.008333 0.021667
