4 0.851667 0.490000 0.071667 0.033333
4 0.805833 0.616667 0.154167 0.101667
4 0.853333 0.596667 0.146667 0.035000
4 0.845000 0.703333 0.118333 0.343333
4 0.830000 0.501667 0.133333 0.161667
4 0.816667 0.581667 0.107500 0.050000
4 0.778333 0.645000 0.140833 0.250000
4 0.890000 0.445000 0.049167 0.090000
4 0.788333 0.546667 0.163333 0.111667
4 0.820000 0.508333 0.170833 0.091667
4 0.095000 0.481667 0.168333 0.215000
4 0.038333 0.518333 0.077500 0.078333
4 0.332500 0.443333 0.216667 0.241667
4 0.743333 0.463333 0.159167 0.155000
4 0.595000 0.486667 0.052500 0.106667
4 0.128333 0.481667 0.043333 0.016667
4 0.059167 0.495000 0.118333 0.110000
4 0.659167 0.636667 0.200833 0.210000
4 0.206667 0.473333 0.115000 0.205000
4 0.292500 0.570000 0.064167 0.146667
2 0.186667 0.578333 0.022500 0.023333
2 0.354167 0.503333 0.020833 0.028333
2 0.385000 0.481667 0.097500 0.053333
3 0.477500 0.461667 0.010833 0.013333
3 0.039167 0.578333 0.017500 0.031667
2 0.331667 0.533333 0.021667 0.090000
3 0.632500 0.513333 0.014167 0.025000
3 0.215000 0.468333 0.010833 0.013333
3 0.478333 0.463333 0.007500 0.015000
2 0.282500 0.431667 0.011667 0.066667
3 0.164167 0.506667 0.007500 0.015000
3 0.449167 0.520000 0.007500 0.015000
2 0.036667 0.491667 0.020000 0.021667
3 0.373333 0.588333 0.009167 0.016667
2 0.233333 0.466667 0.010000 0.031667
3 0.032500 0.521667 0.007500 0.018333
2 0.277500 0.528333 0.030833 0.051667
2 0.409167 0.565000 0.027500 0.016667
3 0.590833 0.561667 0.007500 0.018333
2 0.655833 0.490000 0.023333 0.041667
2 0.473333 0.461667 0.034167 0.038333
3 0.538333 0.581667 0.009167 0.018333
2 0.136667 0.563333 0.029167 0.038333
2 0.225833 0.588333 0.009167 0.031667
2 0.742500 0.525000 0.013333 0.070000
2 0.197500 0.515000 0.011667 0.066667
2 0.596667 0.571667 0.019167 0.046667
3 0.475000 0.530000 0.009167 0.015000
2 0.456667 0.521667 0.014167 0.015000
2 0.090000 0.548333 0.020833 0.080000
2 0.208333 0.466667 0.023333 0.041667
2 0.262500 0.455000 0.029167 0.038333
3 0.166667 0.516667 0.009167 0.016667
2 0.332500 0.513333 0.097500 0.053333
2 0.538333 0.531667 0.045833 0.021667
3 0.622500 0.465000 0.007500 0.018333
2 0.629167 0.606667 0.013333 0.070000
3 0.687500 0.476667 0.007500 0.018333
3 0.620000 0.451667 0.010833 0.013333
2 0.451667 0.595000 0.023333 0.041667
2 0.585000 0.455000 0.011667 0.025000
3 0.615833 0.446667 0.006667 0.018333
3 0.450833 0.578333 0.009167 0.023333
3 0.670833 0.536667 0.007500 0.016667
3 0.471667 0.440000 0.008333 0.016667
2 0.776667 0.531667 0.014167 0.015000
3 0.765833 0.468333 0.008333 0.021667
3 0.605833 0.530000 0.009167 0.016667
2 0.503333 0.511667 0.058333 0.076667
3 0.397500 0.525000 0.008333 0.016667
2 0.680833 0.541667 0.045833 0.021667
2 0.300000 0.518333 0.021667 0.090000
3 0.195000 0.600000 0.013333 0.015000
3 0.615000 0.540000 0.007500 0.015000
2 0.756667 0.511667 0.048333 0.043333
3 0.403333 0.468333 0.010000 0.020000
2 0.027500 0.540000 0.010833 0.091667
2 0.591667 0.520000 0.020833 0.080000
3 0.710833 0.501667 0.008333 0.021667
3 0.473333 0.576667 0.009167 0.018333
3 0.818333 0.636667 0.008333 0.021667
3 0.646667 0.481667 0.010000 0.020000
2 0.070000 0.606667 0.013333 0.070000
2 0.364167 0.506667 0.048333 0.025000
3 0.711667 0.485000 0.007500 0.018333
2 0.786667 0.563333 0.021667 0.090000
2 0.055833 0.520000 0.017500 0.116667
3 0.216667 0.453333 0.009167 0.018333
3 0.450000 0.533333 0.007500 0.015000
3 0.787500 0.521667 0.009167 0.015000
3 0.391667 0.483333 0.007500 0.015000
2 0.191667 0.525000 0.020833 0.080000
2 0.271667 0.521667 0.010000 0.031667
2 0.811667 0.513333 0.030833 0.051667
3 0.359167 0.591667 0.015833 0.051667
3 0.775833 0.500000 0.008333 0.016667
3 0.295000 0.535000 0.008333 0.016667
3 0.114167 0.576667 0.007500 0.015000
2 0.760000 0.418333 0.097500 0.053333
3 0.695000 0.598333 0.007500 0.015000
3 0.825000 0.465000 0.010000 0.016667
2 0.122500 0.516667 0.010000 0.031667
2 0.021667 0.510000 0.020000 0.021667
2 0.338333 0.445000 0.015833 0.068333
3 0.064167 0.511667 0.006667 0.018333
3 0.595833 0.486667 0.010833 0.013333
2 0.631667 0.478333 0.045833 0.021667
3 0.707500 0.475000 0.010000 0.016667
3 0.594167 0.500000 0.014167 0.025000
2 0.550000 0.495000 0.019167 0.046667
2 0.634167 0.438333 0.015833 0.068333
3 0.301667 0.521667 0.013333 0.031667
2 0.185833 0.595000 0.026667 0.035000
2 0.182500 0.491667 0.010000 0.031667
3 0.162500 0.505000 0.013333 0.015000
3 0.165833 0.505000 0.011667 0.030000
3 0.606667 0.606667 0.007500 0.018333
3 0.452500 0.485000 0.008333 0.016667
2 0.687500 0.470000 0.035000 0.105000
3 0.375000 0.523333 0.007500 0.018333
3 0.402500 0.515000 0.013333 0.031667
2 0.798333 0.475000 0.019167 0.046667
2 0.442500 0.645000 0.020833 0.028333
3 0.675000 0.425000 0.009167 0.018333
3 0.785000 0.425000 0.015833 0.051667
3 0.295000 0.711667 0.007500 0.016667
3 0.497500 0.256667 0.010000 0.020000
3 0.287500 0.823333 0.008333 0.016667
3 0.639167 0.438333 0.011667 0.030000
2 0.295833 0.723333 0.023333 0.041667
2 0.782500 0.666667 0.026667 0.035000
2 0.685000 0.623333 0.097500 0.053333
2 0.302500 0.276667 0.019167 0.046667
2 0.561667 0.441667 0.009167 0.031667
3 0.486667 0.275000 0.010000 0.020000
3 0.565000 0.751667 0.011667 0.030000
3 0.640000 0.400000 0.006667 0.018333
3 0.235833 0.336667 0.013333 0.031667
3 0.658333 0.331667 0.008333 0.021667
3 0.780000 0.373333 0.014167 0.025000
3 0.228333 0.396667 0.013333 0.015000
2 0.579167 0.416667 0.015833 0.068333
2 0.774167 0.330000 0.017500 0.116667
3 0.766667 0.748333 0.009167 0.016667
2 0.665000 0.688333 0.048333 0.025000
3 0.731667 0.363333 0.008333 0.016667
3 0.352500 0.745000 0.017500 0.031667
3 0.729167 0.601667 0.006667 0.018333
2 0.782500 0.766667 0.020833 0.080000
2 0.317500 0.321667 0.011667 0.066667
2 0.658333 0.625000 0.048333 0.025000
3 0.690833 0.330000 0.013333 0.015000
2 0.730000 0.283333 0.009167 0.040000
2 0.520833 0.291667 0.021667 0.090000
3 0.646667 0.355000 0.007500 0.015000
3 0.525833 0.358333 0.007500 0.015000
2 0.765833 0.638333 0.010000 0.031667
3 0.240000 0.815000 0.007500 0.015000
3 0.347500 0.765000 0.008333 0.016667
2 0.785000 0.735000 0.023333 0.041667
3 0.618333 0.650000 0.011667 0.030000
3 0.622500 0.398333 0.006667 0.018333
2 0.507500 0.338333 0.015833 0.068333
3 0.660833 0.423333 0.008333 0.016667
2 0.282500 0.393333 0.019167 0.046667
2 0.567500 0.655000 0.020833 0.028333
3 0.306667 0.725000 0.009167 0.016667
2 0.683333 0.368333 0.030833 0.051667
2 0.735833 0.331667 0.020000 0.021667
2 0.270833 0.383333 0.023333 0.041667
3 0.275833 0.283333 0.013333 0.031667
2 0.690833 0.661667 0.015833 0.068333
2 0.473333 0.813333 0.014167 0.015000
2 0.506667 0.396667 0.097500 0.053333
3 0.498333 0.256667 0.008333 0.016667
3 0.745833 0.703333 0.009167 0.015000
2 0.705833 0.328333 0.019167 0.046667
2 0.401667 0.653333 0.020833 0.080000
3 0.500000 0.343333 0.009167 0.018333
3 0.432500 0.656667 0.009167 0.016667
3 0.416667 0.748333 0.006667 0.018333
3 0.475833 0.303333 0.010000 0.016667
2 0.471667 0.771667 0.021667 0.090000
2 0.756667 0.623333 0.011667 0.025000
2 0.750833 0.408333 0.017500 0.116667
3 0.723333 0.396667 0.014167 0.025000
2 0.569167 0.643333 0.029167 0.038333
3 0.670833 0.651667 0.007500 0.018333
2 0.245833 0.735000 0.010833 0.091667
2 0.731667 0.323333 0.020833 0.028333
2 0.415833 0.650000 0.048333 0.025000
2 0.415000 0.350000 0.034167 0.038333
2 0.303333 0.683333 0.015833 0.068333
2 0.711667 0.368333 0.019167 0.046667
2 0.286667 0.255000 0.023333 0.106667
2 0.252500 0.338333 0.010000 0.031667
2 0.625833 0.328333 0.048333 0.025000
2 0.619167 0.401667 0.048333 0.025000
3 0.715000 0.631667 0.017500 0.031667
2 0.481667 0.735000 0.011667 0.066667
2 0.294167 0.680000 0.020833 0.080000
2 0.745833 0.406667 0.045833 0.021667
3 0.668333 0.613333 0.014167 0.025000
3 0.790000 0.403333 0.008333 0.016667
2 0.783333 0.366667 0.013333 0.070000
2 0.668333 0.438333 0.017500 0.116667
2 0.697500 0.663333 0.034167 0.038333
2 0.441667 0.355000 0.097500 0.053333
3 0.529167 0.353333 0.010000 0.016667
2 0.520833 0.233333 0.020833 0.080000
2 0.782500 0.443333 0.030833 0.051667
2 0.378333 0.345000 0.011667 0.066667
3 0.672500 0.633333 0.014167 0.025000
2 0.688333 0.413333 0.013333 0.070000
2 0.677500 0.401667 0.011667 0.066667
3 0.790833 0.353333 0.008333 0.016667
3 0.628333 0.416667 0.009167 0.023333
2 0.772500 0.688333 0.014167 0.015000
3 0.407500 0.678333 0.009167 0.016667
3 0.778333 0.391667 0.006667 0.018333
2 0.313333 0.680000 0.010833 0.091667
2 0.658333 0.453333 0.026667 0.035000
2 0.332500 0.331667 0.020000 0.021667
3 0.551667 0.390000 0.008333 0.016667
3 0.745000 0.598333 0.009167 0.015000
2 0.340000 0.360000 0.026667 0.035000
3 0.353333 0.650000 0.014167 0.025000
3 0.754167 0.660000 0.009167 0.018333
3 0.770000 0.326667 0.007500 0.015000
2 0.774167 0.655000 0.023333 0.106667
3 0.675833 0.320000 0.006667 0.018333
2 0.294167 0.263333 0.011667 0.066667
3 0.385833 0.376667 0.009167 0.016667
2 0.317500 0.386667 0.027500 0.016667
3 0.248333 0.680000 0.009167 0.023333
2 0.625000 0.660000 0.058333 0.076667
3 0.423333 0.753333 0.008333 0.016667
3 0.700833 0.381667 0.015833 0.051667
3 0.293333 0.788333 0.007500 0.015000
3 0.705833 0.641667 0.010000 0.016667
2 0.258333 0.645000 0.027500 0.016667
2 0.525000 0.655000 0.048333 0.025000
2 0.559167 0.425000 0.019167 0.046667
2 0.627500 0.380000 0.029167 0.038333
2 0.620000 0.285000 0.011667 0.025000
3 0.595000 0.743333 0.008333 0.016667
2 0.743333 0.626667 0.013333 0.070000
2 0.437500 0.396667 0.034167 0.100000
3 0.479167 0.295000 0.010000 0.020000
2 0.793333 0.605000 0.015833 0.068333
3 0.756667 0.365000 0.013333 0.031667
3 0.344167 0.640000 0.009167 0.016667
2 0.640000 0.651667 0.011667 0.025000
2 0.545833 0.665000 0.009167 0.040000
3 0.709167 0.360000 0.010833 0.013333
2 0.548333 0.675000 0.021667 0.090000
2 0.579167 0.681667 0.010833 0.091667
3 0.362500 0.396667 0.008333 0.016667
3 0.740833 0.416667 0.009167 0.023333
3 0.552500 0.641667 0.010833 0.023333
2 0.756667 0.351667 0.009167 0.040000
3 0.630000 0.336667 0.007500 0.015000
3 0.783333 0.341667 0.014167 0.025000
2 0.772500 0.388333 0.019167 0.046667
3 0.361667 0.718333 0.008333 0.016667
2 0.543333 0.360000 0.030833 0.051667
3 0.710000 0.628333 0.008333 0.016667
3 0.703333 0.673333 0.009167 0.016667
3 0.673333 0.668333 0.017500 0.031667
2 0.628333 0.668333 0.013333 0.070000
2 0.685000 0.376667 0.048333 0.025000
2 0.701667 0.666667 0.014167 0.015000
2 0.695000 0.305000 0.020833 0.080000
3 0.818333 0.713333 0.007500 0.016667
2 0.346667 0.763333 0.010000 0.031667
3 0.307500 0.345000 0.010833 0.013333
2 0.496667 0.686667 0.026667 0.035000
3 0.743333 0.381667 0.013333 0.015000
2 0.724167 0.695000 0.029167 0.038333
3 0.759167 0.611667 0.008333 0.016667
3 0.759167 0.413333 0.008333 0.021667
2 0.647500 0.343333 0.048333 0.025000
3 0.485833 0.676667 0.010833 0.013333
2 0.790000 0.630000 0.023333 0.041667
3 0.583333 0.358333 0.013333 0.015000
2 0.615000 0.425000 0.021667 0.090000
3 0.453333 0.725000 0.009167 0.023333
3 0.633333 0.408333 0.010000 0.016667
2 0.343333 0.683333 0.034167 0.100000
2 0.211667 0.760000 0.034167 0.038333
2 0.790833 0.686667 0.010833 0.091667
2 0.456667 0.288333 0.009167 0.031667
3 0.646667 0.413333 0.008333 0.016667
3 0.733333 0.403333 0.011667 0.030000
3 0.800000 0.630000 0.014167 0.025000
3 0.440000 0.365000 0.015833 0.051667
2 0.496667 0.398333 0.010000 0.031667
3 0.765833 0.373333 0.011667 0.030000
3 0.684167 0.348333 0.011667 0.020000
2 0.485833 0.201667 0.014167 0.015000
3 0.340000 0.713333 0.007500 0.015000
2 0.537500 0.236667 0.021667 0.090000
3 0.646667 0.650000 0.008333 0.016667
3 0.310833 0.771667 0.009167 0.018333
2 0.838333 0.293333 0.020833 0.080000
3 0.678333 0.728333 0.007500 0.018333
3 0.156667 0.621667 0.008333 0.021667
2 0.472500 0.331667 0.048333 0.043333
3 0.329167 0.801667 0.008333 0.016667
2 0.661667 0.335000 0.097500 0.053333
3 0.280000 0.750000 0.011667 0.030000
2 0.459167 0.670000 0.034167 0.100000
3 0.340833 0.773333 0.011667 0.020000
2 0.748333 0.316667 0.034167 0.038333
2 0.615833 0.340000 0.020833 0.080000
2 0.413333 0.380000 0.021667 0.090000
3 0.702500 0.288333 0.015833 0.051667
3 0.743333 0.285000 0.007500 0.018333
3 0.287500 0.718333 0.007500 0.015000
2 0.297500 0.633333 0.048333 0.043333
