4 0.868333 0.665000 0.085833 0.023333
4 0.867500 0.643333 0.081667 0.075000
4 0.825833 0.656667 0.038333 0.086667
4 0.811667 0.661667 0.200833 0.420000
4 0.795833 0.498333 0.086667 0.021667
4 0.805833 0.515000 0.150000 0.075000
4 0.869167 0.448333 0.049167 0.023333
4 0.842500 0.606667 0.092500 0.051667
4 0.870000 0.563333 0.115833 0.030000
4 0.806667 0.576667 0.185833 0.111667
4 0.206667 0.508333 0.082500 0.048333
4 0.083333 0.520000 0.125833 0.123333
4 0.567500 0.608333 0.168333 0.211667
4 0.456667 0.616667 0.062500 0.121667
4 0.330000 0.530000 0.029167 0.076667
4 0.754167 0.581667 0.071667 0.103333
4 0.693333 0.530000 0.105833 0.038333
4 0.467500 0.513333 0.054167 0.055000
4 0.179167 0.605000 0.030000 0.065000
4 0.103333 0.336667 0.198333 0.441667
3 0.513333 0.546667 0.007500 0.018333
2 0.342500 0.493333 0.048333 0.043333
2 0.175000 0.460000 0.029167 0.038333
2 0.827500 0.581667 0.009167 0.040000
3 0.635000 0.578333 0.017500 0.031667
2 0.678333 0.530000 0.010833 0.091667
3 0.411667 0.490000 0.009167 0.016667
2 0.610833 0.478333 0.030833 0.051667
2 0.820833 0.565000 0.015833 0.068333
3 0.814167 0.540000 0.010833 0.013333
3 0.355833 0.531667 0.010000 0.020000
3 0.528333 0.511667 0.011667 0.020000
3 0.304167 0.498333 0.008333 0.016667
2 0.397500 0.580000 0.009167 0.040000
3 0.239167 0.516667 0.007500 0.018333
3 0.180000 0.578333 0.009167 0.018333
2 0.404167 0.486667 0.020000 0.021667
2 0.125000 0.521667 0.015833 0.068333
3 0.136667 0.460000 0.009167 0.015000
3 0.705000 0.588333 0.007500 0.015000
2 0.490000 0.580000 0.009167 0.031667
2 0.023333 0.566667 0.011667 0.066667
3 0.246667 0.541667 0.007500 0.018333
2 0.502500 0.556667 0.014167 0.015000
3 0.494167 0.491667 0.010000 0.016667
3 0.322500 0.518333 0.010000 0.020000
2 0.730833 0.573333 0.027500 0.016667
3 0.702500 0.451667 0.013333 0.015000
2 0.401667 0.406667 0.035000 0.105000
2 0.148333 0.438333 0.035000 0.105000
3 0.486667 0.506667 0.007500 0.015000
2 0.127500 0.500000 0.010000 0.031667
3 0.024167 0.496667 0.013333 0.031667
3 0.592500 0.456667 0.007500 0.018333
3 0.551667 0.461667 0.009167 0.015000
2 0.255000 0.623333 0.013333 0.070000
2 0.513333 0.483333 0.015833 0.068333
2 0.823333 0.615000 0.009167 0.040000
2 0.035000 0.510000 0.058333 0.076667
2 0.560000 0.508333 0.023333 0.041667
3 0.749167 0.480000 0.007500 0.018333
3 0.507500 0.573333 0.007500 0.016667
3 0.785000 0.528333 0.010833 0.013333
3 0.485833 0.575000 0.007500 0.015000
2 0.350833 0.521667 0.023333 0.041667
3 0.160000 0.440000 0.009167 0.016667
3 0.190000 0.571667 0.008333 0.021667
2 0.535833 0.535000 0.022500 0.023333
2 0.286667 0.475000 0.020833 0.028333
3 0.255000 0.525000 0.014167 0.025000
3 0.515833 0.508333 0.010000 0.016667
2 0.477500 0.556667 0.027500 0.016667
3 0.206667 0.575000 0.010000 0.016667
2 0.394167 0.526667 0.048333 0.025000
3 0.099167 0.535000 0.007500 0.015000
3 0.225833 0.465000 0.013333 0.015000
3 0.420833 0.455000 0.008333 0.016667
2 0.740833 0.488333 0.027500 0.016667
2 0.243333 0.518333 0.021667 0.090000
3 0.578333 0.561667 0.017500 0.031667
2 0.072500 0.451667 0.058333 0.076667
3 0.603333 0.500000 0.011667 0.020000
3 0.575000 0.565000 0.009167 0.016667
2 0.453333 0.418333 0.048333 0.043333
2 0.738333 0.560000 0.010000 0.031667
2 0.778333 0.510000 0.010833 0.091667
2 0.680000 0.556667 0.022500 0.023333
2 0.160833 0.430000 0.058333 0.076667
2 0.743333 0.481667 0.020833 0.028333
3 0.235000 0.550000 0.009167 0.016667
2 0.605833 0.558333 0.015833 0.068333
3 0.023333 0.530000 0.014167 0.025000
2 0.629167 0.448333 0.029167 0.038333
2 0.303333 0.581667 0.013333 0.070000
2 0.541667 0.553333 0.026667 0.035000
3 0.065000 0.585000 0.008333 0.021667
2 0.017500 0.563333 0.009167 0.031667
2 0.483333 0.473333 0.034167 0.038333
2 0.126667 0.540000 0.010833 0.091667
3 0.627500 0.541667 0.007500 0.015000
2 0.247500 0.608333 0.023333 0.041667
3 0.280833 0.576667 0.007500 0.018333
2 0.366667 0.520000 0.027500 0.016667
3 0.209167 0.471667 0.007500 0.015000
3 0.491667 0.591667 0.017500 0.031667
2 0.336667 0.468333 0.045833 0.021667
2 0.343333 0.565000 0.009167 0.040000
2 0.689167 0.501667 0.009167 0.040000
2 0.805833 0.520000 0.023333 0.106667
2 0.017500 0.473333 0.026667 0.035000
2 0.379167 0.568333 0.019167 0.046667
2 0.283333 0.480000 0.035000 0.105000
2 0.187500 0.465000 0.009167 0.040000
2 0.373333 0.560000 0.011667 0.066667
3 0.290833 0.446667 0.006667 0.018333
2 0.172500 0.565000 0.009167 0.031667
2 0.421667 0.431667 0.097500 0.053333
2 0.254167 0.476667 0.058333 0.076667
3 0.522500 0.483333 0.008333 0.021667
2 0.800833 0.441667 0.035000 0.105000
3 0.407500 0.460000 0.011667 0.030000
3 0.283333 0.578333 0.009167 0.018333
3 0.510000 0.291667 0.009167 0.016667
2 0.439167 0.811667 0.019167 0.046667
2 0.659167 0.668333 0.020833 0.028333
3 0.240000 0.761667 0.007500 0.015000
2 0.735833 0.251667 0.011667 0.066667
2 0.335833 0.275000 0.045833 0.021667
2 0.755833 0.406667 0.010833 0.091667
2 0.760000 0.341667 0.030833 0.051667
2 0.646667 0.405000 0.026667 0.035000
2 0.761667 0.396667 0.034167 0.038333
2 0.512500 0.398333 0.048333 0.043333
2 0.776667 0.410000 0.048333 0.043333
3 0.751667 0.420000 0.015833 0.051667
2 0.716667 0.406667 0.045833 0.021667
3 0.334167 0.233333 0.011667 0.030000
3 0.721667 0.423333 0.011667 0.030000
3 0.755000 0.310000 0.007500 0.018333
2 0.316667 0.385000 0.048333 0.025000
2 0.690000 0.678333 0.023333 0.106667
3 0.491667 0.323333 0.011667 0.030000
3 0.543333 0.210000 0.009167 0.016667
3 0.472500 0.123333 0.008333 0.016667
3 0.354167 0.368333 0.011667 0.020000
2 0.575000 0.721667 0.011667 0.066667
3 0.223333 0.425000 0.007500 0.015000
2 0.600000 0.430000 0.021667 0.090000
3 0.487500 0.643333 0.010833 0.023333
2 0.523333 0.345000 0.035000 0.105000
2 0.695833 0.356667 0.011667 0.025000
2 0.751667 0.620000 0.022500 0.023333
3 0.569167 0.298333 0.006667 0.018333
2 0.804167 0.631667 0.026667 0.035000
3 0.317500 0.761667 0.009167 0.015000
3 0.471667 0.820000 0.017500 0.031667
3 0.629167 0.413333 0.017500 0.031667
2 0.419167 0.333333 0.009167 0.040000
2 0.282500 0.393333 0.019167 0.046667
3 0.407500 0.758333 0.011667 0.030000
2 0.642500 0.423333 0.019167 0.046667
3 0.666667 0.341667 0.009167 0.016667
2 0.655000 0.363333 0.013333 0.070000
3 0.547500 0.735000 0.015833 0.051667
3 0.666667 0.443333 0.010000 0.020000
3 0.575000 0.615000 0.009167 0.018333
2 0.505000 0.658333 0.009167 0.040000
3 0.605000 0.731667 0.007500 0.016667
2 0.737500 0.281667 0.020000 0.021667
3 0.519167 0.263333 0.008333 0.016667
2 0.686667 0.280000 0.023333 0.106667
2 0.685000 0.665000 0.045833 0.021667
3 0.307500 0.675000 0.008333 0.016667
2 0.638333 0.393333 0.048333 0.043333
2 0.667500 0.445000 0.023333 0.041667
2 0.769167 0.341667 0.017500 0.116667
2 0.276667 0.275000 0.011667 0.025000
2 0.375000 0.361667 0.017500 0.116667
3 0.300833 0.326667 0.017500 0.031667
3 0.586667 0.746667 0.007500 0.018333
2 0.661667 0.666667 0.023333 0.106667
3 0.364167 0.701667 0.009167 0.018333
3 0.220833 0.423333 0.013333 0.015000
3 0.687500 0.388333 0.009167 0.023333
2 0.730000 0.363333 0.011667 0.066667
3 0.251667 0.391667 0.007500 0.015000
3 0.809167 0.720000 0.015833 0.051667
2 0.705833 0.281667 0.058333 0.076667
2 0.315000 0.391667 0.045833 0.021667
3 0.778333 0.591667 0.014167 0.025000
2 0.704167 0.428333 0.010000 0.031667
3 0.741667 0.745000 0.007500 0.018333
2 0.715833 0.741667 0.030833 0.051667
2 0.636667 0.335000 0.026667 0.035000
3 0.510000 0.343333 0.007500 0.018333
2 0.671667 0.695000 0.020833 0.080000
2 0.348333 0.690000 0.009167 0.040000
2 0.637500 0.643333 0.014167 0.015000
3 0.275833 0.771667 0.010833 0.023333
2 0.263333 0.431667 0.034167 0.100000
3 0.741667 0.715000 0.017500 0.031667
2 0.646667 0.360000 0.011667 0.066667
2 0.570833 0.376667 0.097500 0.053333
2 0.519167 0.618333 0.027500 0.016667
2 0.709167 0.358333 0.030833 0.051667
2 0.442500 0.366667 0.017500 0.116667
3 0.723333 0.388333 0.009167 0.015000
3 0.366667 0.645000 0.009167 0.016667
3 0.649167 0.623333 0.010000 0.020000
2 0.495833 0.756667 0.015833 0.068333
3 0.727500 0.721667 0.011667 0.030000
3 0.425833 0.665000 0.007500 0.015000
3 0.785833 0.370000 0.008333 0.016667
2 0.500833 0.286667 0.027500 0.016667
2 0.571667 0.670000 0.010833 0.091667
2 0.575833 0.421667 0.020000 0.021667
3 0.383333 0.376667 0.008333 0.016667
3 0.673333 0.258333 0.013333 0.031667
2 0.722500 0.436667 0.010833 0.091667
2 0.779167 0.601667 0.010000 0.031667
2 0.750833 0.643333 0.015833 0.068333
3 0.656667 0.680000 0.008333 0.016667
2 0.800000 0.703333 0.034167 0.038333
2 0.619167 0.385000 0.022500 0.023333
3 0.753333 0.386667 0.007500 0.015000
2 0.809167 0.593333 0.011667 0.066667
2 0.774167 0.408333 0.011667 0.066667
3 0.435833 0.845000 0.013333 0.015000
3 0.781667 0.375000 0.009167 0.016667
3 0.637500 0.418333 0.009167 0.016667
2 0.623333 0.375000 0.014167 0.015000
3 0.339167 0.223333 0.007500 0.018333
3 0.717500 0.370000 0.011667 0.020000
2 0.682500 0.600000 0.015833 0.068333
2 0.681667 0.263333 0.015833 0.068333
3 0.524167 0.360000 0.007500 0.015000
2 0.315833 0.606667 0.035000 0.105000
2 0.415833 0.333333 0.048333 0.025000
2 0.747500 0.656667 0.010833 0.091667
3 0.458333 0.361667 0.007500 0.015000
2 0.269167 0.733333 0.009167 0.040000
3 0.175833 0.405000 0.007500 0.018333
3 0.847500 0.323333 0.010000 0.020000
3 0.545000 0.621667 0.008333 0.016667
2 0.755000 0.303333 0.058333 0.076667
2 0.685833 0.350000 0.009167 0.040000
2 0.548333 0.691667 0.010833 0.091667
3 0.342500 0.848333 0.010000 0.020000
2 0.549167 0.175000 0.009167 0.040000
3 0.322500 0.271667 0.009167 0.016667
3 0.303333 0.408333 0.007500 0.018333
3 0.710000 0.705000 0.008333 0.016667
2 0.692500 0.306667 0.023333 0.106667
2 0.735000 0.405000 0.034167 0.038333
2 0.736667 0.623333 0.030833 0.051667
2 0.646667 0.431667 0.009167 0.031667
3 0.669167 0.631667 0.010000 0.020000
2 0.655000 0.421667 0.021667 0.090000
2 0.461667 0.351667 0.034167 0.100000
3 0.639167 0.398333 0.007500 0.015000
3 0.463333 0.701667 0.007500 0.015000
3 0.684167 0.421667 0.010000 0.016667
2 0.537500 0.630000 0.022500 0.023333
3 0.555000 0.710000 0.008333 0.016667
2 0.543333 0.810000 0.034167 0.038333
2 0.688333 0.666667 0.014167 0.015000
2 0.577500 0.316667 0.020000 0.021667
2 0.797500 0.698333 0.020833 0.080000
3 0.425000 0.723333 0.011667 0.020000
2 0.775833 0.425000 0.014167 0.015000
3 0.483333 0.211667 0.011667 0.020000
2 0.700833 0.695000 0.020833 0.028333
2 0.641667 0.371667 0.020833 0.028333
2 0.620833 0.383333 0.011667 0.025000
2 0.771667 0.686667 0.020833 0.080000
2 0.695833 0.281667 0.015833 0.068333
3 0.350833 0.738333 0.010000 0.020000
3 0.563333 0.673333 0.009167 0.016667
3 0.623333 0.341667 0.010000 0.020000
2 0.560000 0.390000 0.023333 0.106667
2 0.370833 0.726667 0.097500 0.053333
3 0.289167 0.805000 0.007500 0.016667
3 0.644167 0.371667 0.013333 0.031667
2 0.778333 0.401667 0.015833 0.068333
3 0.645000 0.448333 0.017500 0.031667
3 0.335000 0.228333 0.010000 0.020000
3 0.630833 0.656667 0.007500 0.018333
2 0.264167 0.328333 0.097500 0.053333
2 0.705833 0.701667 0.009167 0.031667
3 0.710833 0.610000 0.009167 0.015000
3 0.534167 0.358333 0.006667 0.018333
2 0.468333 0.723333 0.030833 0.051667
2 0.685000 0.708333 0.020833 0.080000
2 0.469167 0.398333 0.020833 0.080000
2 0.655000 0.385000 0.020833 0.028333
3 0.480833 0.651667 0.011667 0.030000
3 0.367500 0.293333 0.009167 0.016667
2 0.699167 0.290000 0.009167 0.031667
3 0.334167 0.333333 0.008333 0.016667
3 0.700000 0.608333 0.014167 0.025000
2 0.307500 0.750000 0.010833 0.091667
2 0.663333 0.701667 0.045833 0.021667
3 0.550833 0.726667 0.009167 0.016667
3 0.585000 0.640000 0.009167 0.016667
2 0.336667 0.840000 0.020833 0.080000
3 0.719167 0.638333 0.007500 0.015000
2 0.336667 0.326667 0.011667 0.025000
2 0.527500 0.418333 0.023333 0.106667
3 0.232500 0.800000 0.010000 0.016667
2 0.700833 0.346667 0.022500 0.023333
3 0.750000 0.655000 0.007500 0.015000
3 0.751667 0.315000 0.007500 0.016667
3 0.426667 0.355000 0.010833 0.013333
3 0.400833 0.653333 0.008333 0.016667
3 0.285833 0.321667 0.013333 0.031667
3 0.251667 0.385000 0.010833 0.023333
2 0.291667 0.276667 0.027500 0.016667
3 0.723333 0.456667 0.015833 0.051667
3 0.443333 0.718333 0.009167 0.015000
2 0.707500 0.645000 0.023333 0.041667
