4 0.860000 0.445000 0.081667 0.146667
4 0.820833 0.623333 0.055833 0.153333
4 0.840000 0.595000 0.150833 0.070000
4 0.845833 0.565000 0.048333 0.080000
4 0.795833 0.541667 0.124167 0.098333
4 0.820833 0.550000 0.070833 0.060000
4 0.878333 0.688333 0.061667 0.126667
4 0.843333 0.528333 0.179167 0.073333
4 0.815000 0.598333 0.099167 0.110000
4 0.844167 0.715000 0.125833 0.135000
4 0.218333 0.511667 0.033333 0.061667
4 0.385000 0.545000 0.165000 0.090000
4 0.115000 0.463333 0.135000 0.210000
4 0.272500 0.633333 0.083333 0.176667
4 0.725000 0.496667 0.046667 0.058333
4 0.192500 0.548333 0.070000 0.045000
4 0.143333 0.570000 0.065000 0.085000
4 0.330833 0.466667 0.250000 0.088333
4 0.735833 0.596667 0.088333 0.133333
4 0.037500 0.635000 0.075833 0.295000
2 0.143333 0.603333 0.020000 0.021667
3 0.493333 0.545000 0.009167 0.018333
2 0.401667 0.538333 0.020833 0.028333
2 0.720833 0.488333 0.048333 0.025000
2 0.479167 0.488333 0.027500 0.016667
2 0.243333 0.475000 0.022500 0.023333
2 0.695833 0.561667 0.010000 0.031667
2 0.196667 0.485000 0.023333 0.041667
2 0.785000 0.581667 0.034167 0.100000
3 0.171667 0.583333 0.015833 0.051667
3 0.329167 0.446667 0.010833 0.023333
2 0.362500 0.545000 0.026667 0.035000
2 0.431667 0.506667 0.011667 0.025000
2 0.595833 0.490000 0.020833 0.028333
3 0.063333 0.485000 0.009167 0.018333
3 0.648333 0.535000 0.008333 0.016667
2 0.666667 0.473333 0.035000 0.105000
2 0.164167 0.461667 0.023333 0.041667
3 0.590833 0.503333 0.010000 0.016667
2 0.805000 0.546667 0.048333 0.043333
2 0.455000 0.558333 0.017500 0.116667
2 0.535833 0.578333 0.011667 0.025000
3 0.466667 0.513333 0.017500 0.031667
3 0.652500 0.568333 0.009167 0.016667
2 0.234167 0.563333 0.029167 0.038333
3 0.420833 0.481667 0.009167 0.015000
2 0.266667 0.531667 0.014167 0.015000
3 0.158333 0.605000 0.015833 0.051667
3 0.135000 0.561667 0.007500 0.015000
3 0.266667 0.468333 0.010000 0.020000
2 0.275833 0.490000 0.009167 0.040000
3 0.450833 0.561667 0.007500 0.016667
3 0.023333 0.461667 0.008333 0.021667
2 0.476667 0.488333 0.020833 0.028333
2 0.764167 0.456667 0.014167 0.015000
2 0.421667 0.446667 0.015833 0.068333
2 0.239167 0.516667 0.010833 0.091667
2 0.745000 0.573333 0.029167 0.038333
2 0.207500 0.510000 0.011667 0.066667
2 0.560000 0.481667 0.097500 0.053333
3 0.089167 0.506667 0.011667 0.030000
3 0.794167 0.561667 0.007500 0.015000
3 0.059167 0.520000 0.007500 0.015000
3 0.482500 0.483333 0.013333 0.031667
2 0.746667 0.525000 0.010000 0.031667
3 0.196667 0.466667 0.007500 0.015000
3 0.766667 0.518333 0.008333 0.016667
2 0.186667 0.468333 0.035000 0.105000
2 0.715833 0.533333 0.034167 0.100000
3 0.693333 0.578333 0.013333 0.015000
3 0.387500 0.578333 0.009167 0.016667
3 0.800000 0.543333 0.008333 0.016667
2 0.475000 0.440000 0.045833 0.021667
2 0.594167 0.591667 0.022500 0.023333
2 0.144167 0.520000 0.023333 0.041667
3 0.756667 0.545000 0.007500 0.015000
3 0.637500 0.458333 0.008333 0.016667
2 0.140833 0.598333 0.030833 0.051667
3 0.547500 0.566667 0.010833 0.023333
2 0.704167 0.470000 0.020000 0.021667
2 0.286667 0.601667 0.020833 0.080000
2 0.433333 0.445000 0.020833 0.080000
3 0.647500 0.500000 0.011667 0.030000
3 0.809167 0.533333 0.011667 0.030000
3 0.415833 0.508333 0.007500 0.016667
2 0.267500 0.461667 0.010000 0.031667
2 0.215000 0.501667 0.020833 0.080000
3 0.683333 0.586667 0.010833 0.013333
2 0.455833 0.573333 0.013333 0.070000
2 0.047500 0.548333 0.009167 0.031667
2 0.585833 0.463333 0.015833 0.068333
2 0.115000 0.501667 0.009167 0.040000
3 0.767500 0.496667 0.007500 0.015000
3 0.359167 0.458333 0.015833 0.051667
2 0.145833 0.571667 0.014167 0.015000
3 0.261667 0.541667 0.007500 0.015000
2 0.610000 0.520000 0.058333 0.076667
2 0.557500 0.533333 0.048333 0.043333
3 0.424167 0.520000 0.008333 0.016667
2 0.592500 0.491667 0.020000 0.021667
2 0.396667 0.520000 0.011667 0.025000
2 0.646667 0.548333 0.020833 0.080000
2 0.295833 0.558333 0.009167 0.040000
2 0.530833 0.566667 0.010000 0.031667
3 0.518333 0.500000 0.011667 0.020000
2 0.633333 0.516667 0.021667 0.090000
3 0.715000 0.505000 0.008333 0.016667
2 0.682500 0.518333 0.020833 0.028333
2 0.056667 0.556667 0.011667 0.066667
2 0.265000 0.488333 0.045833 0.021667
3 0.790000 0.538333 0.007500 0.015000
2 0.322500 0.456667 0.023333 0.106667
2 0.464167 0.491667 0.097500 0.053333
3 0.146667 0.448333 0.014167 0.025000
3 0.498333 0.516667 0.008333 0.016667
3 0.500833 0.443333 0.011667 0.030000
2 0.185000 0.528333 0.097500 0.053333
3 0.471667 0.583333 0.008333 0.016667
2 0.403333 0.436667 0.035000 0.105000
2 0.105000 0.441667 0.097500 0.053333
3 0.142500 0.450000 0.009167 0.015000
3 0.640833 0.533333 0.007500 0.018333
2 0.788333 0.601667 0.058333 0.076667
3 0.515000 0.311667 0.009167 0.016667
3 0.348333 0.620000 0.015833 0.051667
2 0.670833 0.671667 0.023333 0.106667
2 0.406667 0.415000 0.013333 0.070000
2 0.652500 0.590000 0.017500 0.116667
2 0.525833 0.373333 0.020833 0.080000
2 0.769167 0.338333 0.048333 0.043333
3 0.702500 0.716667 0.010000 0.020000
2 0.274167 0.373333 0.011667 0.066667
3 0.458333 0.361667 0.008333 0.016667
3 0.325000 0.765000 0.007500 0.018333
3 0.653333 0.335000 0.011667 0.020000
3 0.654167 0.396667 0.010833 0.023333
2 0.538333 0.718333 0.034167 0.038333
3 0.294167 0.715000 0.009167 0.023333
3 0.306667 0.810000 0.007500 0.016667
2 0.273333 0.690000 0.020833 0.080000
2 0.580833 0.186667 0.034167 0.100000
2 0.344167 0.380000 0.009167 0.031667
3 0.477500 0.616667 0.007500 0.015000
2 0.513333 0.776667 0.030833 0.051667
2 0.689167 0.416667 0.097500 0.053333
3 0.407500 0.705000 0.008333 0.016667
2 0.683333 0.310000 0.034167 0.100000
3 0.741667 0.338333 0.008333 0.021667
3 0.596667 0.716667 0.009167 0.016667
3 0.810833 0.396667 0.007500 0.015000
3 0.628333 0.651667 0.006667 0.018333
2 0.264167 0.276667 0.014167 0.015000
2 0.599167 0.691667 0.097500 0.053333
3 0.697500 0.313333 0.011667 0.030000
2 0.677500 0.616667 0.011667 0.066667
2 0.705833 0.290000 0.009167 0.031667
3 0.463333 0.311667 0.009167 0.016667
2 0.540833 0.408333 0.029167 0.038333
2 0.497500 0.783333 0.045833 0.021667
2 0.764167 0.395000 0.009167 0.040000
3 0.387500 0.695000 0.007500 0.015000
2 0.728333 0.368333 0.020833 0.080000
2 0.517500 0.721667 0.097500 0.053333
3 0.733333 0.656667 0.008333 0.016667
3 0.505000 0.258333 0.007500 0.015000
3 0.737500 0.273333 0.007500 0.018333
3 0.273333 0.263333 0.010833 0.023333
2 0.618333 0.638333 0.011667 0.025000
3 0.776667 0.415000 0.007500 0.015000
2 0.539167 0.641667 0.058333 0.076667
3 0.705000 0.281667 0.011667 0.020000
3 0.584167 0.421667 0.011667 0.030000
3 0.731667 0.346667 0.010000 0.020000
2 0.538333 0.298333 0.097500 0.053333
2 0.740000 0.696667 0.020833 0.028333
2 0.264167 0.685000 0.030833 0.051667
2 0.752500 0.746667 0.034167 0.100000
2 0.599167 0.410000 0.023333 0.106667
2 0.282500 0.720000 0.009167 0.031667
3 0.680833 0.403333 0.015833 0.051667
3 0.785833 0.688333 0.009167 0.016667
2 0.713333 0.418333 0.020833 0.028333
3 0.736667 0.663333 0.008333 0.016667
2 0.534167 0.391667 0.009167 0.040000
2 0.491667 0.310000 0.023333 0.106667
2 0.725000 0.396667 0.011667 0.025000
3 0.297500 0.366667 0.010000 0.016667
2 0.640000 0.430000 0.023333 0.041667
2 0.776667 0.408333 0.021667 0.090000
2 0.569167 0.383333 0.019167 0.046667
3 0.747500 0.705000 0.008333 0.021667
2 0.420000 0.753333 0.020833 0.080000
2 0.467500 0.675000 0.048333 0.043333
3 0.756667 0.631667 0.010833 0.023333
2 0.810000 0.365000 0.011667 0.066667
3 0.754167 0.600000 0.015833 0.051667
3 0.786667 0.348333 0.008333 0.016667
3 0.734167 0.436667 0.008333 0.016667
2 0.269167 0.633333 0.011667 0.066667
2 0.635000 0.708333 0.021667 0.090000
3 0.730833 0.361667 0.009167 0.016667
2 0.757500 0.640000 0.009167 0.031667
3 0.409167 0.678333 0.006667 0.018333
3 0.640833 0.381667 0.011667 0.030000
2 0.550000 0.676667 0.023333 0.106667
3 0.310833 0.391667 0.015833 0.051667
2 0.300833 0.726667 0.011667 0.066667
2 0.306667 0.671667 0.010000 0.031667
2 0.817500 0.723333 0.009167 0.031667
2 0.280833 0.225000 0.029167 0.038333
2 0.769167 0.368333 0.021667 0.090000
2 0.655833 0.675000 0.023333 0.041667
3 0.755000 0.646667 0.007500 0.018333
3 0.795000 0.715000 0.008333 0.016667
2 0.674167 0.395000 0.023333 0.106667
3 0.795833 0.368333 0.008333 0.016667
3 0.334167 0.331667 0.007500 0.015000
3 0.766667 0.371667 0.009167 0.023333
2 0.202500 0.678333 0.097500 0.053333
2 0.508333 0.258333 0.014167 0.015000
3 0.821667 0.706667 0.011667 0.030000
3 0.280000 0.670000 0.007500 0.015000
2 0.775000 0.656667 0.019167 0.046667
2 0.795833 0.681667 0.010833 0.091667
3 0.640833 0.640000 0.011667 0.030000
2 0.335000 0.780000 0.023333 0.041667
3 0.292500 0.780000 0.009167 0.023333
2 0.404167 0.806667 0.009167 0.031667
2 0.453333 0.238333 0.048333 0.043333
2 0.214167 0.366667 0.030833 0.051667
2 0.512500 0.701667 0.015833 0.068333
2 0.288333 0.251667 0.015833 0.068333
3 0.500833 0.396667 0.009167 0.016667
2 0.297500 0.743333 0.023333 0.106667
2 0.751667 0.321667 0.027500 0.016667
3 0.461667 0.665000 0.007500 0.015000
2 0.489167 0.263333 0.097500 0.053333
2 0.355833 0.638333 0.013333 0.070000
3 0.483333 0.755000 0.008333 0.016667
2 0.657500 0.408333 0.013333 0.070000
3 0.282500 0.440000 0.008333 0.021667
2 0.257500 0.765000 0.034167 0.100000
3 0.289167 0.153333 0.007500 0.018333
3 0.422500 0.738333 0.015833 0.051667
3 0.585000 0.436667 0.009167 0.015000
3 0.776667 0.605000 0.009167 0.016667
2 0.360833 0.728333 0.009167 0.031667
3 0.248333 0.673333 0.007500 0.018333
2 0.765000 0.308333 0.035000 0.105000
3 0.379167 0.760000 0.011667 0.020000
2 0.534167 0.693333 0.020833 0.080000
3 0.702500 0.670000 0.013333 0.031667
3 0.317500 0.731667 0.010000 0.020000
2 0.688333 0.575000 0.097500 0.053333
3 0.762500 0.385000 0.007500 0.015000
2 0.560833 0.998333 0.097500 0.001667
2 0.279167 0.310000 0.023333 0.106667
3 0.515000 0.596667 0.010833 0.013333
2 0.790833 0.403333 0.026667 0.035000
2 0.490000 0.713333 0.020000 0.021667
2 0.737500 0.700000 0.021667 0.090000
2 0.465000 0.738333 0.022500 0.023333
3 0.331667 0.416667 0.009167 0.016667
3 0.465000 0.370000 0.010833 0.013333
2 0.354167 0.626667 0.015833 0.068333
3 0.434167 0.725000 0.009167 0.016667
3 0.645833 0.393333 0.009167 0.016667
2 0.741667 0.695000 0.020833 0.028333
2 0.360000 0.755000 0.010833 0.091667
2 0.756667 0.320000 0.034167 0.038333
2 0.439167 0.353333 0.017500 0.116667
2 0.720833 0.640000 0.013333 0.070000
2 0.780000 0.388333 0.013333 0.070000
3 0.597500 0.578333 0.009167 0.016667
3 0.701667 0.800000 0.015833 0.051667
2 0.502500 0.346667 0.021667 0.090000
3 0.687500 0.270000 0.009167 0.016667
2 0.656667 0.608333 0.029167 0.038333
2 0.583333 0.443333 0.013333 0.070000
2 0.610833 0.355000 0.045833 0.021667
2 0.488333 0.780000 0.021667 0.090000
2 0.305000 0.635000 0.021667 0.090000
2 0.530833 0.453333 0.020833 0.080000
2 0.217500 0.346667 0.026667 0.035000
2 0.784167 0.710000 0.034167 0.038333
3 0.745833 0.613333 0.014167 0.025000
3 0.478333 0.268333 0.014167 0.025000
2 0.490833 0.391667 0.020833 0.028333
2 0.739167 0.290000 0.048333 0.043333
3 0.317500 0.295000 0.017500 0.031667
3 0.475833 0.170000 0.009167 0.023333
2 0.704167 0.678333 0.009167 0.031667
2 0.660833 0.471667 0.021667 0.090000
2 0.701667 0.586667 0.097500 0.053333
3 0.438333 0.808333 0.017500 0.031667
2 0.622500 0.621667 0.011667 0.066667
3 0.476667 0.288333 0.011667 0.030000
2 0.382500 0.715000 0.058333 0.076667
2 0.761667 0.700000 0.014167 0.015000
2 0.470833 0.310000 0.014167 0.015000
3 0.615000 0.650000 0.008333 0.021667
3 0.320000 0.261667 0.009167 0.018333
3 0.305000 0.290000 0.007500 0.015000
3 0.709167 0.685000 0.013333 0.015000
2 0.451667 0.305000 0.034167 0.100000
3 0.310000 0.396667 0.009167 0.016667
2 0.570000 0.676667 0.009167 0.040000
3 0.253333 0.385000 0.008333 0.016667
2 0.328333 0.270000 0.014167 0.015000
2 0.575833 0.760000 0.022500 0.023333
2 0.697500 0.600000 0.045833 0.021667
2 0.425000 0.815000 0.023333 0.041667
2 0.260000 0.373333 0.019167 0.046667
2 0.664167 0.331667 0.034167 0.038333
2 0.405000 0.713333 0.048333 0.025000
2 0.440833 0.451667 0.010833 0.091667
3 0.607500 0.311667 0.008333 0.016667
2 0.757500 0.391667 0.013333 0.070000
3 0.533333 0.351667 0.009167 0.023333
2 0.260833 0.338333 0.015833 0.068333
