4 0.809167 0.605000 0.055000 0.058333
4 0.864167 0.565000 0.046667 0.051667
4 0.740000 0.538333 0.293333 0.146667
4 0.899167 0.593333 0.047500 0.090000
4 0.867500 0.533333 0.046667 0.026667
4 0.829167 0.665000 0.128333 0.075000
4 0.820000 0.691667 0.077500 0.181667
4 0.831667 0.353333 0.079167 0.068333
4 0.866667 0.580000 0.100833 0.206667
4 0.887500 0.405000 0.057500 0.053333
4 0.097500 0.678333 0.195000 0.246667
4 0.734167 0.590000 0.091667 0.085000
4 0.775833 0.510000 0.109167 0.058333
4 0.695000 0.563333 0.045000 0.018333
4 0.684167 0.556667 0.062500 0.100000
4 0.061667 0.516667 0.123333 0.038333
4 0.477500 0.525000 0.085000 0.043333
4 0.257500 0.425000 0.070833 0.106667
4 0.533333 0.501667 0.080833 0.050000
4 0.215833 0.423333 0.124167 0.205000
3 0.524167 0.580000 0.008333 0.016667
2 0.069167 0.523333 0.011667 0.025000
3 0.812500 0.506667 0.011667 0.030000
3 0.759167 0.548333 0.009167 0.015000
3 0.284167 0.475000 0.009167 0.016667
3 0.789167 0.583333 0.011667 0.030000
3 0.752500 0.580000 0.017500 0.031667
2 0.640000 0.505000 0.034167 0.038333
2 0.450833 0.608333 0.020000 0.021667
2 0.595833 0.430000 0.048333 0.043333
3 0.650000 0.588333 0.013333 0.015000
3 0.778333 0.526667 0.009167 0.016667
3 0.327500 0.566667 0.009167 0.018333
2 0.304167 0.526667 0.034167 0.038333
2 0.122500 0.525000 0.026667 0.035000
3 0.589167 0.550000 0.010000 0.016667
3 0.310000 0.550000 0.011667 0.020000
2 0.399167 0.535000 0.020833 0.028333
2 0.221667 0.555000 0.020833 0.080000
3 0.550000 0.585000 0.008333 0.016667
2 0.570000 0.528333 0.021667 0.090000
2 0.547500 0.568333 0.029167 0.038333
3 0.407500 0.571667 0.009167 0.016667
2 0.340000 0.585000 0.011667 0.025000
2 0.066667 0.475000 0.023333 0.041667
3 0.290833 0.540000 0.007500 0.018333
2 0.482500 0.491667 0.045833 0.021667
3 0.392500 0.586667 0.007500 0.015000
2 0.065000 0.565000 0.045833 0.021667
2 0.699167 0.571667 0.011667 0.066667
2 0.363333 0.476667 0.035000 0.105000
3 0.712500 0.561667 0.009167 0.016667
3 0.550000 0.600000 0.006667 0.018333
3 0.419167 0.475000 0.007500 0.018333
2 0.630833 0.498333 0.009167 0.031667
2 0.513333 0.543333 0.010000 0.031667
3 0.747500 0.568333 0.007500 0.018333
2 0.166667 0.461667 0.035000 0.105000
2 0.751667 0.543333 0.014167 0.015000
2 0.787500 0.450000 0.048333 0.043333
3 0.356667 0.551667 0.010833 0.023333
3 0.336667 0.516667 0.010833 0.023333
3 0.715000 0.568333 0.009167 0.018333
2 0.460833 0.425000 0.022500 0.023333
2 0.262500 0.410000 0.035000 0.105000
2 0.413333 0.476667 0.009167 0.031667
3 0.312500 0.520000 0.010000 0.016667
2 0.532500 0.538333 0.020833 0.028333
2 0.390833 0.526667 0.027500 0.016667
3 0.249167 0.495000 0.009167 0.016667
3 0.375000 0.473333 0.009167 0.018333
3 0.815000 0.678333 0.017500 0.031667
3 0.240833 0.466667 0.009167 0.016667
2 0.620000 0.533333 0.010000 0.031667
2 0.650833 0.510000 0.034167 0.038333
3 0.226667 0.558333 0.009167 0.016667
3 0.360000 0.488333 0.009167 0.023333
2 0.460833 0.495000 0.019167 0.046667
2 0.160833 0.443333 0.048333 0.025000
2 0.144167 0.553333 0.011667 0.025000
3 0.124167 0.530000 0.008333 0.016667
3 0.433333 0.598333 0.010000 0.016667
2 0.675000 0.450000 0.097500 0.053333
2 0.338333 0.518333 0.045833 0.021667
3 0.637500 0.483333 0.008333 0.016667
3 0.209167 0.560000 0.011667 0.020000
2 0.056667 0.543333 0.030833 0.051667
2 0.731667 0.556667 0.048333 0.043333
2 0.634167 0.476667 0.017500 0.116667
2 0.653333 0.431667 0.035000 0.105000
2 0.818333 0.608333 0.011667 0.066667
3 0.143333 0.466667 0.007500 0.018333
2 0.251667 0.486667 0.013333 0.070000
2 0.243333 0.551667 0.034167 0.100000
2 0.333333 0.505000 0.010000 0.031667
3 0.730833 0.523333 0.009167 0.016667
2 0.279167 0.573333 0.034167 0.038333
3 0.620833 0.533333 0.010000 0.016667
3 0.341667 0.553333 0.008333 0.016667
3 0.545000 0.495000 0.007500 0.016667
3 0.505000 0.518333 0.008333 0.016667
3 0.625833 0.488333 0.014167 0.025000
3 0.284167 0.578333 0.010833 0.013333
3 0.270000 0.545000 0.007500 0.015000
3 0.800833 0.446667 0.007500 0.015000
2 0.449167 0.590000 0.010000 0.031667
2 0.618333 0.500000 0.013333 0.070000
3 0.243333 0.573333 0.009167 0.015000
3 0.185833 0.458333 0.007500 0.018333
3 0.404167 0.573333 0.013333 0.031667
2 0.457500 0.501667 0.017500 0.116667
2 0.145000 0.501667 0.010833 0.091667
3 0.259167 0.473333 0.011667 0.020000
2 0.399167 0.521667 0.010000 0.031667
2 0.644167 0.511667 0.010833 0.091667
2 0.025833 0.558333 0.013333 0.070000
2 0.618333 0.593333 0.017500 0.116667
2 0.383333 0.526667 0.034167 0.100000
2 0.555000 0.545000 0.097500 0.053333
2 0.668333 0.560000 0.023333 0.106667
3 0.416667 0.571667 0.010833 0.013333
3 0.670833 0.551667 0.009167 0.016667
2 0.343333 0.675000 0.010833 0.091667
2 0.524167 0.381667 0.035000 0.105000
2 0.280833 0.293333 0.020833 0.080000
2 0.512500 0.851667 0.013333 0.070000
2 0.530833 0.200000 0.034167 0.038333
2 0.465000 0.358333 0.029167 0.038333
3 0.780833 0.673333 0.008333 0.016667
2 0.481667 0.211667 0.022500 0.023333
3 0.531667 0.373333 0.009167 0.018333
2 0.610000 0.641667 0.027500 0.016667
3 0.266667 0.196667 0.010833 0.013333
2 0.170000 0.401667 0.020000 0.021667
3 0.713333 0.378333 0.010000 0.016667
2 0.573333 0.213333 0.034167 0.100000
3 0.693333 0.341667 0.007500 0.015000
3 0.613333 0.336667 0.008333 0.016667
2 0.530833 0.743333 0.026667 0.035000
3 0.470833 0.356667 0.007500 0.018333
3 0.475000 0.366667 0.009167 0.018333
2 0.691667 0.695000 0.020833 0.080000
2 0.704167 0.430000 0.020000 0.021667
3 0.315000 0.458333 0.007500 0.018333
2 0.148333 0.656667 0.015833 0.068333
2 0.651667 0.418333 0.030833 0.051667
2 0.700000 0.606667 0.058333 0.076667
3 0.348333 0.686667 0.009167 0.023333
3 0.605000 0.731667 0.007500 0.015000
2 0.370000 0.803333 0.023333 0.041667
2 0.612500 0.420000 0.030833 0.051667
3 0.486667 0.260000 0.006667 0.018333
2 0.677500 0.705000 0.045833 0.021667
2 0.380000 0.683333 0.009167 0.040000
3 0.705833 0.440000 0.010833 0.023333
2 0.537500 0.693333 0.026667 0.035000
2 0.695000 0.368333 0.035000 0.105000
2 0.384167 0.715000 0.026667 0.035000
3 0.527500 0.378333 0.010000 0.016667
3 0.316667 0.250000 0.007500 0.015000
2 0.443333 0.290000 0.023333 0.106667
3 0.545833 0.623333 0.006667 0.018333
3 0.727500 0.685000 0.009167 0.023333
3 0.757500 0.630000 0.009167 0.016667
2 0.147500 0.670000 0.017500 0.116667
2 0.556667 0.998333 0.097500 0.001667
3 0.300000 0.745000 0.013333 0.015000
2 0.669167 0.671667 0.020833 0.080000
2 0.721667 0.340000 0.015833 0.068333
2 0.690000 0.703333 0.020833 0.080000
3 0.319167 0.345000 0.014167 0.025000
2 0.654167 0.288333 0.097500 0.053333
2 0.670833 0.630000 0.023333 0.106667
2 0.665000 0.361667 0.011667 0.066667
2 0.744167 0.361667 0.034167 0.038333
3 0.651667 0.653333 0.007500 0.018333
3 0.704167 0.633333 0.008333 0.016667
2 0.798333 0.896667 0.027500 0.016667
3 0.514167 0.701667 0.010000 0.016667
3 0.517500 0.233333 0.009167 0.016667
2 0.375833 0.770000 0.013333 0.070000
3 0.584167 0.440000 0.011667 0.020000
3 0.267500 0.725000 0.007500 0.018333
3 0.313333 0.400000 0.008333 0.016667
3 0.260833 0.395000 0.010833 0.023333
2 0.440000 0.666667 0.017500 0.116667
3 0.475833 0.805000 0.010000 0.020000
3 0.428333 0.360000 0.008333 0.016667
2 0.641667 0.325000 0.034167 0.038333
3 0.276667 0.410000 0.008333 0.021667
3 0.751667 0.711667 0.010833 0.013333
3 0.387500 0.733333 0.013333 0.031667
3 0.622500 0.651667 0.010833 0.013333
3 0.679167 0.636667 0.007500 0.016667
3 0.543333 0.636667 0.014167 0.025000
2 0.503333 0.298333 0.023333 0.106667
2 0.191667 0.418333 0.013333 0.070000
2 0.408333 0.368333 0.035000 0.105000
3 0.710000 0.260000 0.009167 0.016667
3 0.307500 0.726667 0.011667 0.030000
2 0.632500 0.638333 0.035000 0.105000
3 0.702500 0.613333 0.009167 0.015000
2 0.388333 0.380000 0.014167 0.015000
2 0.253333 0.403333 0.026667 0.035000
3 0.301667 0.330000 0.015833 0.051667
2 0.725000 0.683333 0.034167 0.038333
3 0.278333 0.280000 0.007500 0.015000
2 0.320833 0.291667 0.035000 0.105000
3 0.734167 0.690000 0.007500 0.018333
3 0.305000 0.391667 0.009167 0.016667
3 0.563333 0.665000 0.009167 0.023333
2 0.799167 0.370000 0.010000 0.031667
2 0.279167 0.220000 0.020833 0.080000
3 0.226667 0.708333 0.007500 0.018333
2 0.225833 0.630000 0.058333 0.076667
2 0.490000 0.763333 0.013333 0.070000
3 0.314167 0.211667 0.008333 0.021667
3 0.585833 0.186667 0.010000 0.016667
3 0.672500 0.676667 0.013333 0.031667
3 0.688333 0.420000 0.007500 0.015000
2 0.284167 0.290000 0.022500 0.023333
2 0.642500 0.323333 0.014167 0.015000
2 0.742500 0.438333 0.021667 0.090000
2 0.260000 0.400000 0.030833 0.051667
2 0.454167 0.855000 0.020833 0.028333
2 0.672500 0.668333 0.020833 0.080000
3 0.292500 0.830000 0.008333 0.016667
2 0.237500 0.771667 0.021667 0.090000
2 0.280000 0.473333 0.010833 0.091667
2 0.523333 0.713333 0.097500 0.053333
2 0.499167 0.335000 0.029167 0.038333
3 0.420833 0.345000 0.013333 0.015000
2 0.345000 0.711667 0.097500 0.053333
3 0.336667 0.648333 0.011667 0.030000
3 0.762500 0.366667 0.007500 0.016667
2 0.792500 0.388333 0.022500 0.023333
3 0.668333 0.636667 0.008333 0.016667
3 0.622500 0.398333 0.006667 0.018333
2 0.586667 0.753333 0.017500 0.116667
2 0.308333 0.231667 0.048333 0.043333
2 0.495000 0.713333 0.097500 0.053333
3 0.776667 0.706667 0.009167 0.023333
3 0.734167 0.688333 0.008333 0.016667
2 0.780000 0.388333 0.013333 0.070000
3 0.581667 0.425000 0.007500 0.018333
2 0.441667 0.353333 0.019167 0.046667
2 0.481667 0.410000 0.020833 0.080000
2 0.690833 0.721667 0.009167 0.031667
2 0.538333 0.621667 0.020833 0.080000
2 0.635833 0.663333 0.011667 0.025000
2 0.680833 0.315000 0.020833 0.080000
2 0.658333 0.685000 0.023333 0.041667
2 0.611667 0.690000 0.009167 0.031667
2 0.249167 0.766667 0.019167 0.046667
2 0.780000 0.410000 0.048333 0.025000
3 0.695000 0.346667 0.009167 0.023333
2 0.345833 0.331667 0.020000 0.021667
3 0.307500 0.405000 0.008333 0.016667
3 0.477500 0.226667 0.009167 0.023333
2 0.450000 0.105000 0.029167 0.038333
2 0.519167 0.363333 0.015833 0.068333
3 0.655833 0.338333 0.011667 0.020000
3 0.767500 0.678333 0.009167 0.016667
2 0.324167 0.283333 0.034167 0.100000
3 0.334167 0.858333 0.010833 0.013333
3 0.422500 0.396667 0.009167 0.016667
2 0.822500 0.421667 0.023333 0.041667
2 0.747500 0.701667 0.010000 0.031667
3 0.750000 0.641667 0.007500 0.015000
3 0.650000 0.443333 0.007500 0.018333
2 0.472500 0.631667 0.034167 0.038333
2 0.774167 0.338333 0.020833 0.028333
3 0.387500 0.363333 0.009167 0.015000
3 0.772500 0.371667 0.014167 0.025000
2 0.756667 0.400000 0.019167 0.046667
3 0.285833 0.778333 0.007500 0.015000
3 0.368333 0.678333 0.007500 0.015000
3 0.810833 0.615000 0.007500 0.018333
3 0.659167 0.380000 0.009167 0.015000
3 0.466667 0.260000 0.010000 0.020000
2 0.630833 0.405000 0.097500 0.053333
3 0.218333 0.635000 0.008333 0.016667
3 0.225833 0.735000 0.007500 0.018333
3 0.495833 0.326667 0.010000 0.016667
3 0.645000 0.363333 0.008333 0.016667
3 0.570833 0.631667 0.013333 0.015000
2 0.610833 0.655000 0.023333 0.041667
3 0.799167 0.393333 0.010000 0.020000
2 0.732500 0.718333 0.020833 0.080000
3 0.342500 0.750000 0.011667 0.020000
3 0.790000 0.330000 0.007500 0.018333
2 0.684167 0.383333 0.010833 0.091667
3 0.770833 0.321667 0.009167 0.018333
3 0.235000 0.633333 0.007500 0.015000
3 0.745833 0.705000 0.011667 0.030000
2 0.724167 0.628333 0.026667 0.035000
2 0.639167 0.408333 0.022500 0.023333
2 0.632500 0.631667 0.027500 0.016667
3 0.753333 0.418333 0.009167 0.016667
2 0.540833 0.620000 0.097500 0.053333
2 0.537500 0.380000 0.013333 0.070000
2 0.670000 0.701667 0.019167 0.046667
2 0.678333 0.670000 0.017500 0.116667
3 0.460000 0.691667 0.007500 0.015000
3 0.265000 0.710000 0.015833 0.051667
3 0.486667 0.860000 0.008333 0.016667
3 0.326667 0.390000 0.010000 0.020000
3 0.288333 0.793333 0.017500 0.031667
2 0.432500 0.351667 0.022500 0.023333
3 0.664167 0.406667 0.013333 0.015000
3 0.754167 0.645000 0.009167 0.016667
2 0.626667 0.645000 0.048333 0.043333
3 0.785000 0.660000 0.007500 0.015000
3 0.260000 0.730000 0.011667 0.020000
3 0.317500 0.656667 0.015833 0.051667
3 0.185833 0.650000 0.007500 0.015000
2 0.398333 0.351667 0.027500 0.016667
2 0.546667 0.441667 0.030833 0.051667
3 0.217500 0.633333 0.009167 0.018333
3 0.313333 0.206667 0.009167 0.016667
