4 0.828333 0.581667 0.090833 0.091667
4 0.908333 0.506667 0.045000 0.026667
4 0.845833 0.571667 0.125833 0.208333
4 0.775833 0.421667 0.160833 0.300000
4 0.813333 0.498333 0.055000 0.066667
4 0.872500 0.573333 0.094167 0.110000
4 0.815000 0.710000 0.103333 0.195000
4 0.848333 0.583333 0.033333 0.081667
4 0.859167 0.526667 0.135000 0.061667
4 0.730000 0.625000 0.343333 0.323333
4 0.641667 0.478333 0.040833 0.078333
4 0.542500 0.520000 0.088333 0.030000
4 0.263333 0.636667 0.096667 0.283333
4 0.363333 0.651667 0.084167 0.193333
4 0.308333 0.558333 0.067500 0.130000
4 0.321667 0.470000 0.260000 0.196667
4 0.646667 0.506667 0.079167 0.063333
4 0.431667 0.468333 0.063333 0.103333
4 0.765000 0.660000 0.110833 0.308333
4 0.185000 0.540000 0.085000 0.053333
3 0.824167 0.556667 0.013333 0.031667
3 0.577500 0.570000 0.008333 0.016667
3 0.628333 0.535000 0.008333 0.016667
2 0.350000 0.481667 0.034167 0.100000
2 0.124167 0.473333 0.013333 0.070000
3 0.405000 0.595000 0.011667 0.030000
3 0.470833 0.401667 0.008333 0.016667
2 0.283333 0.623333 0.030833 0.051667
2 0.487500 0.456667 0.010833 0.091667
3 0.429167 0.566667 0.009167 0.018333
2 0.574167 0.498333 0.027500 0.016667
2 0.313333 0.535000 0.010833 0.091667
2 0.724167 0.573333 0.029167 0.038333
2 0.623333 0.483333 0.026667 0.035000
3 0.552500 0.531667 0.009167 0.016667
3 0.803333 0.450000 0.010000 0.016667
3 0.213333 0.521667 0.015833 0.051667
2 0.635000 0.533333 0.023333 0.041667
2 0.411667 0.556667 0.048333 0.043333
2 0.379167 0.493333 0.048333 0.043333
3 0.425000 0.513333 0.009167 0.023333
3 0.473333 0.580000 0.010000 0.016667
3 0.388333 0.466667 0.008333 0.016667
3 0.291667 0.578333 0.014167 0.025000
3 0.410000 0.576667 0.010833 0.023333
2 0.163333 0.470000 0.013333 0.070000
2 0.023333 0.535000 0.010000 0.031667
2 0.140000 0.473333 0.027500 0.016667
2 0.127500 0.600000 0.048333 0.025000
2 0.285833 0.468333 0.048333 0.025000
3 0.084167 0.545000 0.013333 0.015000
3 0.447500 0.611667 0.010000 0.016667
2 0.445000 0.611667 0.020833 0.080000
3 0.141667 0.546667 0.007500 0.016667
3 0.396667 0.506667 0.007500 0.015000
3 0.107500 0.568333 0.007500 0.015000
3 0.175000 0.576667 0.007500 0.016667
2 0.351667 0.498333 0.020833 0.080000
3 0.069167 0.566667 0.011667 0.030000
2 0.494167 0.581667 0.009167 0.031667
3 0.358333 0.576667 0.009167 0.023333
3 0.040000 0.538333 0.017500 0.031667
3 0.391667 0.475000 0.009167 0.016667
3 0.686667 0.536667 0.008333 0.021667
3 0.603333 0.528333 0.008333 0.016667
2 0.251667 0.453333 0.011667 0.025000
3 0.622500 0.458333 0.007500 0.018333
3 0.407500 0.585000 0.007500 0.015000
2 0.040833 0.511667 0.045833 0.021667
3 0.029167 0.533333 0.009167 0.016667
2 0.758333 0.555000 0.097500 0.053333
3 0.614167 0.611667 0.007500 0.015000
3 0.231667 0.485000 0.013333 0.031667
2 0.701667 0.481667 0.058333 0.076667
2 0.766667 0.480000 0.011667 0.066667
2 0.670000 0.538333 0.010833 0.091667
3 0.049167 0.538333 0.008333 0.016667
2 0.035000 0.513333 0.020833 0.080000
2 0.237500 0.545000 0.011667 0.066667
3 0.022500 0.480000 0.011667 0.030000
3 0.706667 0.590000 0.007500 0.015000
2 0.425000 0.635000 0.021667 0.090000
2 0.682500 0.548333 0.022500 0.023333
2 0.330833 0.430000 0.020833 0.028333
3 0.079167 0.535000 0.007500 0.015000
3 0.364167 0.460000 0.009167 0.015000
2 0.019167 0.508333 0.020833 0.080000
2 0.457500 0.545000 0.021667 0.090000
3 0.219167 0.508333 0.007500 0.015000
3 0.650000 0.570000 0.009167 0.016667
3 0.315000 0.496667 0.017500 0.031667
2 0.410000 0.558333 0.022500 0.023333
3 0.645833 0.583333 0.013333 0.031667
3 0.562500 0.470000 0.007500 0.015000
3 0.498333 0.488333 0.008333 0.016667
2 0.766667 0.510000 0.013333 0.070000
2 0.608333 0.460000 0.020000 0.021667
2 0.609167 0.580000 0.020833 0.080000
2 0.167500 0.465000 0.015833 0.068333
2 0.094167 0.526667 0.009167 0.031667
3 0.115000 0.560000 0.015833 0.051667
2 0.140000 0.550000 0.020833 0.080000
3 0.769167 0.538333 0.007500 0.018333
2 0.102500 0.608333 0.030833 0.051667
3 0.706667 0.516667 0.007500 0.018333
3 0.538333 0.491667 0.007500 0.018333
2 0.708333 0.491667 0.029167 0.038333
3 0.592500 0.508333 0.007500 0.015000
3 0.742500 0.455000 0.006667 0.018333
2 0.340833 0.558333 0.029167 0.038333
2 0.501667 0.583333 0.020833 0.028333
2 0.274167 0.566667 0.034167 0.038333
2 0.678333 0.483333 0.015833 0.068333
2 0.415000 0.491667 0.009167 0.031667
2 0.259167 0.470000 0.010000 0.031667
3 0.557500 0.498333 0.009167 0.016667
3 0.292500 0.446667 0.007500 0.015000
3 0.771667 0.520000 0.009167 0.023333
2 0.109167 0.510000 0.014167 0.015000
2 0.174167 0.540000 0.027500 0.016667
3 0.224167 0.551667 0.010000 0.020000
2 0.441667 0.461667 0.022500 0.023333
3 0.770833 0.361667 0.007500 0.015000
3 0.345000 0.726667 0.009167 0.023333
3 0.547500 0.653333 0.008333 0.016667
3 0.777500 0.665000 0.011667 0.020000
2 0.690000 0.661667 0.011667 0.025000
2 0.248333 0.236667 0.023333 0.041667
3 0.344167 0.750000 0.008333 0.016667
3 0.778333 0.346667 0.007500 0.015000
2 0.765000 0.431667 0.034167 0.100000
3 0.712500 0.625000 0.015833 0.051667
2 0.680000 0.410000 0.058333 0.076667
3 0.288333 0.318333 0.007500 0.015000
2 0.180000 0.635000 0.019167 0.046667
3 0.658333 0.351667 0.008333 0.016667
3 0.349167 0.710000 0.008333 0.016667
2 0.512500 0.295000 0.020833 0.080000
2 0.694167 0.340000 0.015833 0.068333
2 0.535833 0.306667 0.029167 0.038333
2 0.668333 0.666667 0.013333 0.070000
2 0.438333 0.398333 0.015833 0.068333
3 0.284167 0.711667 0.014167 0.025000
2 0.442500 0.315000 0.034167 0.100000
2 0.612500 0.366667 0.027500 0.016667
2 0.679167 0.388333 0.020833 0.080000
2 0.703333 0.335000 0.034167 0.038333
2 0.544167 0.243333 0.023333 0.106667
3 0.634167 0.620000 0.014167 0.025000
2 0.525000 0.998333 0.021667 0.001667
3 0.406667 0.735000 0.010000 0.020000
3 0.631667 0.378333 0.006667 0.018333
2 0.600000 0.630000 0.020833 0.080000
3 0.720000 0.625000 0.011667 0.030000
3 0.690000 0.388333 0.009167 0.016667
2 0.433333 0.800000 0.027500 0.016667
2 0.470833 0.310000 0.014167 0.015000
2 0.744167 0.323333 0.022500 0.023333
2 0.548333 0.648333 0.011667 0.025000
2 0.806667 0.451667 0.020833 0.080000
3 0.578333 0.736667 0.007500 0.016667
2 0.293333 0.311667 0.030833 0.051667
2 0.462500 0.726667 0.027500 0.016667
2 0.723333 0.601667 0.020833 0.028333
3 0.219167 0.670000 0.008333 0.021667
3 0.690000 0.356667 0.009167 0.015000
2 0.672500 0.661667 0.045833 0.021667
2 0.770833 0.573333 0.020833 0.080000
2 0.570833 0.376667 0.097500 0.053333
3 0.690833 0.360000 0.008333 0.016667
2 0.815000 0.411667 0.045833 0.021667
3 0.622500 0.398333 0.006667 0.018333
2 0.435833 0.673333 0.009167 0.040000
2 0.695000 0.405000 0.023333 0.106667
2 0.775000 0.716667 0.048333 0.025000
2 0.547500 0.718333 0.022500 0.023333
2 0.761667 0.683333 0.011667 0.025000
2 0.645000 0.425000 0.023333 0.106667
2 0.251667 0.790000 0.029167 0.038333
2 0.720000 0.628333 0.023333 0.106667
3 0.674167 0.318333 0.010000 0.016667
2 0.648333 0.603333 0.011667 0.066667
3 0.701667 0.718333 0.010833 0.023333
3 0.695833 0.341667 0.007500 0.015000
3 0.724167 0.690000 0.015833 0.051667
2 0.288333 0.686667 0.022500 0.023333
3 0.779167 0.700000 0.008333 0.016667
2 0.430833 0.621667 0.058333 0.076667
2 0.768333 0.388333 0.013333 0.070000
3 0.661667 0.390000 0.009167 0.016667
2 0.808333 0.640000 0.013333 0.070000
2 0.717500 0.431667 0.030833 0.051667
3 0.322500 0.175000 0.009167 0.016667
2 0.480833 0.356667 0.030833 0.051667
3 0.481667 0.778333 0.007500 0.018333
2 0.352500 0.701667 0.022500 0.023333
2 0.213333 0.685000 0.020000 0.021667
3 0.685833 0.413333 0.006667 0.018333
2 0.467500 0.735000 0.029167 0.038333
2 0.495000 0.813333 0.034167 0.038333
3 0.435833 0.330000 0.007500 0.015000
2 0.235000 0.231667 0.022500 0.023333
3 0.469167 0.711667 0.009167 0.016667
2 0.289167 0.640000 0.058333 0.076667
3 0.684167 0.631667 0.009167 0.016667
3 0.720000 0.998333 0.007500 0.001667
3 0.402500 0.695000 0.010000 0.016667
3 0.235833 0.380000 0.007500 0.015000
2 0.757500 0.376667 0.097500 0.053333
3 0.547500 0.316667 0.006667 0.018333
2 0.457500 0.311667 0.058333 0.076667
2 0.702500 0.715000 0.010000 0.031667
2 0.666667 0.403333 0.017500 0.116667
2 0.557500 0.680000 0.013333 0.070000
2 0.599167 0.390000 0.023333 0.041667
2 0.572500 0.651667 0.027500 0.016667
2 0.635833 0.435000 0.023333 0.106667
3 0.334167 0.333333 0.008333 0.016667
2 0.430833 0.733333 0.058333 0.076667
3 0.802500 0.373333 0.008333 0.016667
2 0.686667 0.680000 0.048333 0.025000
2 0.775000 0.658333 0.027500 0.016667
3 0.709167 0.383333 0.017500 0.031667
3 0.798333 0.381667 0.011667 0.020000
2 0.630833 0.616667 0.045833 0.021667
2 0.683333 0.243333 0.035000 0.105000
2 0.780000 0.400000 0.027500 0.016667
2 0.473333 0.861667 0.010833 0.091667
2 0.143333 0.683333 0.026667 0.035000
2 0.680000 0.301667 0.048333 0.025000
2 0.718333 0.356667 0.022500 0.023333
3 0.290833 0.790000 0.013333 0.031667
3 0.600833 0.705000 0.007500 0.015000
2 0.278333 0.263333 0.020000 0.021667
3 0.495000 0.161667 0.009167 0.015000
2 0.545000 0.758333 0.020833 0.080000
2 0.505833 0.353333 0.048333 0.043333
3 0.476667 0.166667 0.007500 0.016667
3 0.291667 0.235000 0.008333 0.016667
2 0.545000 0.386667 0.020833 0.080000
2 0.727500 0.323333 0.029167 0.038333
2 0.714167 0.658333 0.034167 0.038333
2 0.695000 0.375000 0.030833 0.051667
2 0.673333 0.328333 0.058333 0.076667
2 0.779167 0.653333 0.009167 0.031667
3 0.295833 0.396667 0.017500 0.031667
3 0.237500 0.393333 0.017500 0.031667
3 0.444167 0.345000 0.007500 0.015000
3 0.286667 0.346667 0.014167 0.025000
3 0.644167 0.371667 0.013333 0.031667
2 0.430833 0.305000 0.035000 0.105000
3 0.464167 0.716667 0.007500 0.015000
3 0.702500 0.333333 0.010833 0.023333
2 0.355000 0.638333 0.035000 0.105000
3 0.798333 0.631667 0.010000 0.020000
2 0.720833 0.680000 0.022500 0.023333
3 0.489167 0.778333 0.008333 0.016667
2 0.285833 0.316667 0.048333 0.043333
2 0.571667 0.640000 0.034167 0.100000
2 0.426667 0.805000 0.020000 0.021667
2 0.579167 0.416667 0.015833 0.068333
3 0.265833 0.798333 0.009167 0.023333
2 0.353333 0.723333 0.015833 0.068333
2 0.802500 0.428333 0.009167 0.031667
2 0.341667 0.635000 0.015833 0.068333
3 0.330833 0.410000 0.009167 0.023333
3 0.506667 0.305000 0.009167 0.018333
2 0.446667 0.276667 0.023333 0.106667
2 0.638333 0.686667 0.022500 0.023333
2 0.435000 0.623333 0.035000 0.105000
2 0.532500 0.361667 0.023333 0.041667
2 0.628333 0.328333 0.045833 0.021667
3 0.752500 0.616667 0.009167 0.016667
3 0.829167 0.415000 0.009167 0.016667
2 0.725000 0.406667 0.011667 0.066667
3 0.485000 0.678333 0.013333 0.015000
3 0.800000 0.633333 0.006667 0.018333
2 0.322500 0.686667 0.023333 0.041667
2 0.741667 0.603333 0.020000 0.021667
3 0.556667 0.366667 0.010833 0.013333
3 0.574167 0.398333 0.009167 0.015000
2 0.404167 0.810000 0.048333 0.043333
2 0.597500 0.321667 0.027500 0.016667
2 0.772500 0.421667 0.013333 0.070000
3 0.462500 0.666667 0.006667 0.018333
2 0.343333 0.333333 0.019167 0.046667
3 0.562500 0.371667 0.008333 0.016667
2 0.662500 0.365000 0.015833 0.068333
3 0.705833 0.730000 0.006667 0.018333
3 0.544167 0.295000 0.010000 0.020000
3 0.630833 0.355000 0.007500 0.018333
2 0.783333 0.611667 0.045833 0.021667
3 0.225000 0.338333 0.010833 0.023333
2 0.784167 0.626667 0.019167 0.046667
2 0.535833 0.368333 0.021667 0.090000
2 0.650833 0.651667 0.019167 0.046667
2 0.703333 0.603333 0.020833 0.080000
2 0.320833 0.715000 0.010000 0.031667
2 0.475833 0.763333 0.023333 0.041667
2 0.328333 0.236667 0.022500 0.023333
2 0.519167 0.651667 0.020833 0.080000
2 0.589167 0.365000 0.013333 0.070000
2 0.544167 0.398333 0.022500 0.023333
2 0.581667 0.735000 0.029167 0.038333
2 0.677500 0.708333 0.013333 0.070000
2 0.466667 0.335000 0.020000 0.021667
2 0.701667 0.268333 0.026667 0.035000
2 0.621667 0.388333 0.097500 0.053333
2 0.743333 0.628333 0.030833 0.051667
3 0.551667 0.416667 0.008333 0.016667
2 0.549167 0.998333 0.021667 0.001667
3 0.658333 0.383333 0.010833 0.023333
3 0.467500 0.261667 0.008333 0.016667
2 0.635833 0.321667 0.027500 0.016667
2 0.689167 0.346667 0.020000 0.021667
3 0.662500 0.345000 0.007500 0.015000
3 0.253333 0.785000 0.011667 0.020000
3 0.583333 0.740000 0.014167 0.025000
3 0.694167 0.356667 0.015833 0.051667
2 0.690000 0.636667 0.048333 0.025000
