4 0.862500 0.585000 0.057500 0.015000
4 0.801667 0.483333 0.085833 0.073333
4 0.822500 0.508333 0.055000 0.060000
4 0.888333 0.536667 0.067500 0.066667
4 0.821667 0.573333 0.110000 0.303333
4 0.857500 0.638333 0.105000 0.036667
4 0.805000 0.658333 0.082500 0.151667
4 0.817500 0.633333 0.069167 0.063333
4 0.787500 0.546667 0.154167 0.073333
4 0.887500 0.378333 0.072500 0.141667
4 0.520000 0.616667 0.260000 0.195000
4 0.101667 0.625000 0.195000 0.203333
4 0.570833 0.603333 0.100833 0.196667
4 0.095000 0.546667 0.087500 0.060000
4 0.545833 0.595000 0.162500 0.126667
4 0.090000 0.526667 0.060833 0.038333
4 0.090000 0.703333 0.180833 0.306667
4 0.265000 0.601667 0.167500 0.108333
4 0.281667 0.495000 0.052500 0.091667
4 0.199167 0.536667 0.081667 0.040000
3 0.181667 0.585000 0.007500 0.018333
2 0.680000 0.520000 0.097500 0.053333
2 0.523333 0.463333 0.034167 0.038333
3 0.130833 0.450000 0.010833 0.013333
2 0.466667 0.468333 0.010833 0.091667
2 0.033333 0.463333 0.019167 0.046667
3 0.040000 0.551667 0.009167 0.016667
2 0.455000 0.418333 0.029167 0.038333
3 0.080833 0.546667 0.008333 0.016667
3 0.237500 0.493333 0.010000 0.020000
3 0.544167 0.518333 0.009167 0.023333
2 0.491667 0.443333 0.097500 0.053333
2 0.274167 0.576667 0.014167 0.015000
3 0.460000 0.450000 0.008333 0.016667
3 0.160833 0.438333 0.017500 0.031667
3 0.500833 0.451667 0.011667 0.020000
2 0.191667 0.590000 0.014167 0.015000
3 0.685833 0.526667 0.009167 0.016667
3 0.100833 0.576667 0.007500 0.018333
2 0.816667 0.613333 0.010833 0.091667
2 0.276667 0.550000 0.011667 0.066667
3 0.381667 0.581667 0.008333 0.016667
3 0.095833 0.510000 0.010833 0.023333
2 0.571667 0.546667 0.097500 0.053333
2 0.396667 0.526667 0.035000 0.105000
2 0.087500 0.511667 0.013333 0.070000
3 0.649167 0.566667 0.009167 0.016667
3 0.016667 0.521667 0.007500 0.015000
2 0.662500 0.528333 0.014167 0.015000
2 0.541667 0.495000 0.026667 0.035000
2 0.286667 0.561667 0.020000 0.021667
3 0.404167 0.550000 0.017500 0.031667
3 0.814167 0.596667 0.011667 0.030000
3 0.081667 0.555000 0.007500 0.015000
2 0.444167 0.510000 0.020833 0.028333
3 0.459167 0.471667 0.010833 0.013333
2 0.518333 0.520000 0.097500 0.053333
3 0.770000 0.515000 0.010000 0.016667
3 0.227500 0.476667 0.014167 0.025000
2 0.637500 0.545000 0.030833 0.051667
2 0.100833 0.518333 0.034167 0.038333
2 0.752500 0.591667 0.030833 0.051667
3 0.569167 0.535000 0.011667 0.020000
2 0.458333 0.451667 0.011667 0.066667
3 0.600000 0.556667 0.007500 0.018333
2 0.655833 0.555000 0.034167 0.100000
2 0.155000 0.628333 0.010833 0.091667
2 0.483333 0.428333 0.026667 0.035000
3 0.577500 0.558333 0.010833 0.023333
2 0.795000 0.501667 0.021667 0.090000
2 0.684167 0.516667 0.023333 0.106667
2 0.530833 0.473333 0.048333 0.025000
2 0.675000 0.555000 0.019167 0.046667
3 0.642500 0.488333 0.010833 0.013333
2 0.124167 0.458333 0.022500 0.023333
3 0.650000 0.465000 0.010000 0.020000
2 0.065833 0.478333 0.097500 0.053333
2 0.764167 0.546667 0.034167 0.038333
3 0.322500 0.533333 0.008333 0.016667
3 0.710833 0.588333 0.006667 0.018333
2 0.337500 0.586667 0.020833 0.028333
2 0.061667 0.561667 0.019167 0.046667
3 0.548333 0.505000 0.009167 0.015000
2 0.446667 0.441667 0.097500 0.053333
3 0.796667 0.498333 0.009167 0.016667
2 0.576667 0.446667 0.034167 0.038333
3 0.793333 0.576667 0.010833 0.013333
2 0.502500 0.498333 0.009167 0.031667
3 0.140833 0.441667 0.009167 0.018333
3 0.049167 0.475000 0.010000 0.020000
2 0.633333 0.493333 0.010000 0.031667
2 0.619167 0.550000 0.097500 0.053333
2 0.355833 0.505000 0.010000 0.031667
2 0.431667 0.506667 0.023333 0.106667
2 0.575000 0.495000 0.026667 0.035000
2 0.202500 0.471667 0.020833 0.080000
2 0.277500 0.580000 0.019167 0.046667
3 0.234167 0.590000 0.010833 0.013333
3 0.109167 0.596667 0.011667 0.030000
2 0.798333 0.631667 0.034167 0.100000
2 0.106667 0.490000 0.034167 0.038333
2 0.102500 0.450000 0.027500 0.016667
2 0.298333 0.571667 0.022500 0.023333
2 0.110000 0.555000 0.029167 0.038333
2 0.386667 0.563333 0.009167 0.031667
2 0.741667 0.506667 0.020833 0.028333
2 0.458333 0.455000 0.015833 0.068333
3 0.234167 0.526667 0.017500 0.031667
3 0.045833 0.515000 0.010833 0.013333
3 0.057500 0.485000 0.007500 0.015000
3 0.330833 0.515000 0.017500 0.031667
2 0.095833 0.511667 0.027500 0.016667
2 0.640000 0.525000 0.035000 0.105000
3 0.501667 0.533333 0.007500 0.015000
2 0.165000 0.568333 0.097500 0.053333
3 0.372500 0.493333 0.010000 0.016667
3 0.730833 0.455000 0.010833 0.013333
2 0.700833 0.555000 0.097500 0.053333
3 0.497500 0.578333 0.010833 0.013333
2 0.174167 0.513333 0.034167 0.100000
2 0.729167 0.436667 0.020833 0.080000
3 0.605000 0.555000 0.014167 0.025000
2 0.634167 0.378333 0.097500 0.053333
3 0.312500 0.385000 0.013333 0.031667
2 0.572500 0.618333 0.045833 0.021667
3 0.747500 0.656667 0.013333 0.031667
2 0.773333 0.678333 0.034167 0.038333
2 0.381667 0.388333 0.020000 0.021667
2 0.513333 0.360000 0.048333 0.025000
2 0.508333 0.410000 0.048333 0.043333
2 0.614167 0.630000 0.015833 0.068333
3 0.385000 0.710000 0.009167 0.023333
2 0.459167 0.338333 0.023333 0.041667
3 0.320833 0.696667 0.015833 0.051667
3 0.554167 0.356667 0.009167 0.018333
2 0.680000 0.400000 0.020833 0.080000
3 0.411667 0.400000 0.010833 0.023333
3 0.778333 0.413333 0.009167 0.016667
3 0.797500 0.738333 0.009167 0.016667
2 0.380833 0.353333 0.058333 0.076667
3 0.703333 0.280000 0.010833 0.013333
3 0.386667 0.390000 0.009167 0.016667
3 0.789167 0.658333 0.013333 0.031667
3 0.627500 0.390000 0.007500 0.015000
2 0.345833 0.736667 0.020000 0.021667
2 0.434167 0.813333 0.048333 0.025000
2 0.374167 0.733333 0.020833 0.080000
2 0.795833 0.755000 0.010833 0.091667
2 0.617500 0.363333 0.011667 0.025000
2 0.717500 0.421667 0.020833 0.080000
3 0.546667 0.421667 0.009167 0.023333
3 0.586667 0.748333 0.008333 0.016667
3 0.753333 0.418333 0.009167 0.016667
3 0.685833 0.330000 0.008333 0.016667
2 0.789167 0.408333 0.022500 0.023333
2 0.523333 0.361667 0.011667 0.025000
3 0.435833 0.695000 0.009167 0.023333
2 0.775833 0.340000 0.020833 0.080000
2 0.777500 0.631667 0.045833 0.021667
3 0.765000 0.366667 0.013333 0.015000
2 0.690000 0.650000 0.010833 0.091667
2 0.408333 0.330000 0.035000 0.105000
3 0.275000 0.418333 0.008333 0.021667
3 0.785833 0.348333 0.017500 0.031667
2 0.283333 0.263333 0.010000 0.031667
3 0.240833 0.370000 0.007500 0.016667
3 0.790000 0.636667 0.014167 0.025000
3 0.025000 0.605000 0.017500 0.031667
2 0.471667 0.748333 0.058333 0.076667
2 0.788333 0.610000 0.019167 0.046667
3 0.427500 0.383333 0.009167 0.023333
3 0.691667 0.636667 0.007500 0.015000
2 0.275833 0.610000 0.020833 0.080000
3 0.686667 0.401667 0.009167 0.018333
3 0.685000 0.641667 0.015833 0.051667
3 0.375833 0.678333 0.008333 0.016667
2 0.804167 0.721667 0.026667 0.035000
2 0.658333 0.435000 0.014167 0.015000
2 0.671667 0.758333 0.020833 0.080000
2 0.505833 0.425000 0.045833 0.021667
3 0.491667 0.781667 0.009167 0.016667
2 0.724167 0.666667 0.048333 0.043333
3 0.322500 0.690000 0.013333 0.031667
2 0.285000 0.203333 0.020833 0.080000
2 0.663333 0.620000 0.048333 0.025000
3 0.737500 0.273333 0.008333 0.016667
2 0.297500 0.241667 0.097500 0.053333
2 0.466667 0.730000 0.034167 0.100000
3 0.536667 0.305000 0.008333 0.016667
3 0.780000 0.603333 0.008333 0.016667
2 0.731667 0.613333 0.013333 0.070000
2 0.582500 0.750000 0.048333 0.025000
2 0.441667 0.355000 0.097500 0.053333
2 0.268333 0.278333 0.027500 0.016667
2 0.655833 0.721667 0.048333 0.025000
3 0.286667 0.781667 0.006667 0.018333
2 0.518333 0.400000 0.020833 0.080000
2 0.290833 0.721667 0.021667 0.090000
3 0.757500 0.591667 0.010000 0.016667
2 0.700833 0.631667 0.048333 0.043333
3 0.570000 0.675000 0.008333 0.021667
2 0.449167 0.280000 0.020833 0.028333
3 0.664167 0.420000 0.010833 0.023333
3 0.706667 0.453333 0.017500 0.031667
3 0.423333 0.685000 0.007500 0.018333
2 0.280833 0.285000 0.019167 0.046667
2 0.709167 0.475000 0.013333 0.070000
2 0.491667 0.365000 0.048333 0.025000
3 0.401667 0.376667 0.009167 0.016667
2 0.717500 0.636667 0.027500 0.016667
2 0.249167 0.400000 0.023333 0.106667
3 0.474167 0.323333 0.009167 0.015000
3 0.710833 0.998333 0.007500 0.001667
3 0.797500 0.633333 0.010833 0.023333
3 0.469167 0.316667 0.009167 0.016667
3 0.527500 0.406667 0.009167 0.016667
3 0.302500 0.818333 0.015833 0.051667
2 0.357500 0.621667 0.009167 0.031667
2 0.678333 0.640000 0.034167 0.100000
2 0.719167 0.825000 0.020833 0.080000
3 0.292500 0.243333 0.010833 0.013333
3 0.799167 0.383333 0.009167 0.023333
3 0.550000 0.345000 0.017500 0.031667
2 0.361667 0.401667 0.020833 0.080000
3 0.755000 0.645000 0.007500 0.015000
3 0.707500 0.321667 0.007500 0.016667
3 0.285000 0.820000 0.013333 0.015000
3 0.313333 0.400000 0.007500 0.016667
2 0.739167 0.326667 0.034167 0.038333
3 0.552500 0.826667 0.015833 0.051667
3 0.252500 0.763333 0.010000 0.020000
3 0.460833 0.403333 0.008333 0.016667
2 0.540000 0.410000 0.030833 0.051667
3 0.780833 0.670000 0.015833 0.051667
3 0.674167 0.426667 0.010833 0.023333
2 0.490833 0.783333 0.026667 0.035000
3 0.225000 0.410000 0.008333 0.016667
3 0.749167 0.610000 0.010833 0.023333
3 0.387500 0.696667 0.007500 0.018333
3 0.530000 0.388333 0.007500 0.015000
3 0.449167 0.730000 0.009167 0.018333
3 0.748333 0.413333 0.008333 0.016667
3 0.700833 0.646667 0.010833 0.023333
2 0.712500 0.635000 0.023333 0.041667
3 0.231667 0.805000 0.011667 0.030000
3 0.356667 0.740000 0.010000 0.020000
3 0.480833 0.638333 0.008333 0.016667
3 0.812500 0.711667 0.010000 0.016667
3 0.514167 0.806667 0.010833 0.013333
2 0.672500 0.661667 0.045833 0.021667
2 0.731667 0.343333 0.097500 0.053333
2 0.481667 0.390000 0.048333 0.043333
3 0.819167 0.390000 0.014167 0.025000
3 0.355000 0.645000 0.009167 0.016667
2 0.729167 0.258333 0.017500 0.116667
2 0.469167 0.216667 0.034167 0.100000
2 0.428333 0.716667 0.020833 0.028333
2 0.399167 0.750000 0.027500 0.016667
3 0.326667 0.356667 0.010000 0.016667
3 0.695000 0.640000 0.007500 0.018333
3 0.605833 0.661667 0.009167 0.016667
3 0.690000 0.616667 0.013333 0.015000
3 0.321667 0.725000 0.013333 0.015000
2 0.312500 0.410000 0.020000 0.021667
3 0.455833 0.353333 0.009167 0.016667
3 0.663333 0.666667 0.007500 0.015000
2 0.790000 0.366667 0.020000 0.021667
2 0.510000 0.336667 0.097500 0.053333
3 0.712500 0.380000 0.010833 0.023333
3 0.346667 0.653333 0.006667 0.018333
2 0.833333 0.416667 0.010000 0.031667
3 0.444167 0.160000 0.007500 0.015000
3 0.604167 0.330000 0.008333 0.016667
3 0.694167 0.663333 0.014167 0.025000
2 0.796667 0.603333 0.009167 0.040000
3 0.359167 0.770000 0.007500 0.015000
2 0.342500 0.606667 0.048333 0.043333
2 0.435000 0.761667 0.020833 0.080000
2 0.645833 0.426667 0.015833 0.068333
2 0.508333 0.818333 0.023333 0.106667
3 0.590833 0.626667 0.009167 0.016667
3 0.454167 0.811667 0.008333 0.016667
3 0.550000 0.195000 0.007500 0.018333
2 0.569167 0.778333 0.030833 0.051667
3 0.421667 0.408333 0.007500 0.015000
3 0.655000 0.416667 0.008333 0.016667
3 0.274167 0.740000 0.010000 0.020000
2 0.255833 0.693333 0.034167 0.038333
2 0.651667 0.430000 0.020833 0.080000
2 0.770000 0.398333 0.023333 0.041667
2 0.763333 0.671667 0.035000 0.105000
3 0.318333 0.281667 0.007500 0.018333
2 0.700000 0.330000 0.023333 0.041667
2 0.434167 0.745000 0.023333 0.106667
2 0.299167 0.346667 0.019167 0.046667
2 0.513333 0.691667 0.021667 0.090000
2 0.235833 0.215000 0.020833 0.028333
3 0.671667 0.630000 0.008333 0.016667
3 0.539167 0.728333 0.011667 0.030000
3 0.338333 0.223333 0.010000 0.016667
2 0.817500 0.398333 0.034167 0.038333
2 0.282500 0.750000 0.048333 0.025000
3 0.704167 0.325000 0.009167 0.016667
3 0.726667 0.426667 0.007500 0.015000
3 0.730000 0.720000 0.010833 0.013333
3 0.262500 0.393333 0.007500 0.015000
3 0.335833 0.228333 0.008333 0.016667
3 0.705833 0.641667 0.010000 0.020000
2 0.535000 0.360000 0.048333 0.025000
2 0.562500 0.665000 0.011667 0.025000
3 0.485000 0.443333 0.009167 0.015000
3 0.455000 0.723333 0.006667 0.018333
2 0.455000 0.668333 0.022500 0.023333
3 0.449167 0.715000 0.011667 0.020000
2 0.306667 0.766667 0.023333 0.106667
3 0.685833 0.648333 0.015833 0.051667
3 0.476667 0.166667 0.008333 0.016667
2 0.399167 0.681667 0.034167 0.038333
3 0.157500 0.413333 0.010833 0.023333
3 0.779167 0.325000 0.009167 0.016667
