4 0.845833 0.461667 0.111667 0.161667
4 0.884167 0.506667 0.052500 0.108333
4 0.824167 0.646667 0.050000 0.135000
4 0.812500 0.513333 0.082500 0.026667
4 0.863333 0.403333 0.115000 0.165000
4 0.786667 0.485000 0.288333 0.210000
4 0.798333 0.670000 0.151667 0.116667
4 0.827500 0.576667 0.117500 0.156667
4 0.803333 0.448333 0.068333 0.125000
4 0.875000 0.653333 0.085833 0.033333
4 0.465000 0.525000 0.067500 0.020000
4 0.560833 0.598333 0.044167 0.108333
4 0.461667 0.495000 0.057500 0.041667
4 0.180000 0.448333 0.220833 0.198333
4 0.623333 0.485000 0.066667 0.076667
4 0.780000 0.530000 0.055000 0.058333
4 0.151667 0.626667 0.055833 0.155000
4 0.370833 0.490000 0.074167 0.055000
4 0.056667 0.520000 0.114167 0.163333
4 0.121667 0.558333 0.165000 0.163333
2 0.055000 0.460000 0.048333 0.025000
2 0.299167 0.520000 0.017500 0.116667
2 0.305833 0.556667 0.045833 0.021667
2 0.178333 0.588333 0.010833 0.091667
3 0.535000 0.548333 0.017500 0.031667
3 0.656667 0.488333 0.008333 0.016667
2 0.725833 0.425000 0.020833 0.080000
2 0.772500 0.453333 0.009167 0.040000
2 0.084167 0.451667 0.048333 0.043333
2 0.697500 0.503333 0.023333 0.041667
2 0.257500 0.523333 0.097500 0.053333
3 0.448333 0.570000 0.010833 0.023333
2 0.359167 0.465000 0.035000 0.105000
2 0.540000 0.525000 0.034167 0.038333
3 0.115833 0.580000 0.006667 0.018333
3 0.660833 0.516667 0.008333 0.016667
3 0.153333 0.441667 0.007500 0.018333
2 0.721667 0.515000 0.023333 0.041667
2 0.196667 0.580000 0.023333 0.041667
3 0.500833 0.418333 0.008333 0.016667
3 0.251667 0.568333 0.010833 0.023333
3 0.205833 0.460000 0.015833 0.051667
2 0.275000 0.488333 0.017500 0.116667
2 0.411667 0.461667 0.027500 0.016667
2 0.139167 0.501667 0.020000 0.021667
3 0.705833 0.510000 0.008333 0.016667
3 0.816667 0.541667 0.008333 0.016667
2 0.705000 0.536667 0.034167 0.038333
3 0.600833 0.543333 0.008333 0.016667
2 0.233333 0.460000 0.026667 0.035000
3 0.660000 0.578333 0.013333 0.015000
2 0.147500 0.543333 0.022500 0.023333
2 0.199167 0.571667 0.013333 0.070000
3 0.230833 0.503333 0.008333 0.016667
3 0.598333 0.523333 0.011667 0.030000
2 0.638333 0.571667 0.015833 0.068333
3 0.131667 0.441667 0.013333 0.031667
2 0.531667 0.528333 0.013333 0.070000
3 0.341667 0.605000 0.011667 0.020000
3 0.777500 0.536667 0.010000 0.016667
2 0.500000 0.488333 0.023333 0.041667
3 0.413333 0.451667 0.007500 0.015000
3 0.447500 0.473333 0.007500 0.018333
2 0.805000 0.586667 0.015833 0.068333
2 0.600000 0.490000 0.048333 0.043333
3 0.432500 0.616667 0.015833 0.051667
3 0.365833 0.536667 0.013333 0.015000
3 0.495000 0.503333 0.007500 0.015000
3 0.350000 0.600000 0.009167 0.016667
2 0.088333 0.476667 0.020000 0.021667
3 0.555000 0.476667 0.007500 0.015000
2 0.691667 0.541667 0.048333 0.043333
3 0.691667 0.485000 0.009167 0.015000
3 0.597500 0.583333 0.011667 0.030000
2 0.271667 0.486667 0.020833 0.028333
2 0.347500 0.540000 0.011667 0.066667
2 0.540000 0.546667 0.022500 0.023333
2 0.198333 0.575000 0.020833 0.028333
3 0.808333 0.440000 0.007500 0.016667
3 0.781667 0.585000 0.009167 0.016667
3 0.295833 0.553333 0.013333 0.031667
2 0.626667 0.416667 0.035000 0.105000
3 0.533333 0.468333 0.010000 0.016667
3 0.046667 0.590000 0.006667 0.018333
2 0.130000 0.520000 0.020000 0.021667
3 0.363333 0.485000 0.008333 0.016667
2 0.145833 0.450000 0.011667 0.025000
3 0.585833 0.536667 0.007500 0.018333
2 0.432500 0.475000 0.011667 0.025000
3 0.151667 0.450000 0.009167 0.016667
3 0.288333 0.505000 0.008333 0.016667
3 0.161667 0.506667 0.009167 0.016667
3 0.267500 0.533333 0.010833 0.013333
2 0.466667 0.491667 0.029167 0.038333
3 0.180000 0.491667 0.008333 0.016667
3 0.473333 0.553333 0.017500 0.031667
3 0.159167 0.506667 0.009167 0.016667
2 0.602500 0.581667 0.029167 0.038333
3 0.385833 0.520000 0.015833 0.051667
3 0.167500 0.451667 0.010833 0.023333
3 0.586667 0.528333 0.014167 0.025000
2 0.203333 0.578333 0.045833 0.021667
2 0.643333 0.510000 0.020000 0.021667
3 0.043333 0.503333 0.009167 0.016667
2 0.535000 0.471667 0.020833 0.028333
3 0.267500 0.456667 0.008333 0.016667
2 0.177500 0.546667 0.027500 0.016667
3 0.466667 0.438333 0.013333 0.031667
2 0.212500 0.481667 0.034167 0.038333
3 0.762500 0.485000 0.009167 0.016667
3 0.582500 0.483333 0.009167 0.016667
3 0.510833 0.476667 0.006667 0.018333
3 0.255000 0.590000 0.017500 0.031667
2 0.206667 0.496667 0.021667 0.090000
3 0.703333 0.521667 0.006667 0.018333
3 0.822500 0.663333 0.013333 0.031667
3 0.476667 0.550000 0.013333 0.015000
2 0.372500 0.570000 0.034167 0.100000
3 0.111667 0.545000 0.009167 0.023333
3 0.228333 0.485000 0.006667 0.018333
2 0.542500 0.603333 0.010833 0.091667
2 0.328333 0.576667 0.020833 0.080000
3 0.687500 0.635000 0.011667 0.020000
2 0.655000 0.468333 0.020833 0.080000
3 0.647500 0.636667 0.011667 0.020000
2 0.694167 0.660000 0.029167 0.038333
2 0.510000 0.626667 0.048333 0.043333
3 0.262500 0.800000 0.007500 0.018333
3 0.792500 0.651667 0.008333 0.016667
3 0.780000 0.386667 0.011667 0.020000
3 0.702500 0.373333 0.007500 0.016667
3 0.790833 0.420000 0.011667 0.020000
3 0.659167 0.400000 0.006667 0.018333
3 0.692500 0.658333 0.007500 0.018333
2 0.653333 0.376667 0.034167 0.100000
2 0.463333 0.305000 0.048333 0.025000
3 0.450833 0.768333 0.007500 0.015000
2 0.488333 0.185000 0.009167 0.040000
3 0.575000 0.173333 0.008333 0.016667
2 0.694167 0.358333 0.009167 0.031667
3 0.340000 0.713333 0.008333 0.016667
2 0.370000 0.368333 0.034167 0.038333
2 0.635833 0.646667 0.009167 0.031667
3 0.697500 0.360000 0.009167 0.023333
2 0.275833 0.705000 0.045833 0.021667
3 0.618333 0.370000 0.009167 0.018333
3 0.312500 0.208333 0.011667 0.020000
2 0.313333 0.353333 0.026667 0.035000
3 0.294167 0.713333 0.009167 0.016667
3 0.730000 0.643333 0.007500 0.015000
2 0.566667 0.605000 0.058333 0.076667
2 0.323333 0.321667 0.023333 0.106667
3 0.525833 0.398333 0.015833 0.051667
2 0.685000 0.383333 0.034167 0.100000
2 0.729167 0.603333 0.058333 0.076667
2 0.755833 0.438333 0.010833 0.091667
3 0.710000 0.433333 0.008333 0.016667
2 0.605833 0.400000 0.010000 0.031667
2 0.199167 0.723333 0.097500 0.053333
2 0.384167 0.348333 0.015833 0.068333
3 0.744167 0.406667 0.006667 0.018333
2 0.685000 0.386667 0.009167 0.031667
3 0.029167 0.598333 0.009167 0.015000
3 0.784167 0.415000 0.013333 0.015000
2 0.275000 0.801667 0.009167 0.040000
2 0.571667 0.793333 0.010833 0.091667
3 0.728333 0.413333 0.009167 0.016667
2 0.689167 0.703333 0.013333 0.070000
2 0.350000 0.278333 0.017500 0.116667
2 0.453333 0.333333 0.010833 0.091667
2 0.605000 0.688333 0.023333 0.041667
3 0.668333 0.633333 0.007500 0.015000
3 0.172500 0.636667 0.010000 0.020000
2 0.665833 0.326667 0.020833 0.080000
2 0.418333 0.681667 0.097500 0.053333
3 0.554167 0.640000 0.007500 0.015000
3 0.191667 0.650000 0.008333 0.016667
3 0.293333 0.763333 0.007500 0.015000
2 0.691667 0.351667 0.009167 0.040000
2 0.696667 0.458333 0.034167 0.100000
3 0.306667 0.405000 0.009167 0.016667
3 0.719167 0.426667 0.009167 0.016667
2 0.708333 0.666667 0.048333 0.043333
2 0.529167 0.650000 0.035000 0.105000
3 0.331667 0.406667 0.007500 0.015000
3 0.808333 0.620000 0.007500 0.018333
2 0.318333 0.791667 0.021667 0.090000
3 0.715833 0.435000 0.011667 0.030000
3 0.598333 0.575000 0.007500 0.015000
3 0.685000 0.358333 0.009167 0.016667
2 0.654167 0.413333 0.010000 0.031667
3 0.798333 0.633333 0.009167 0.016667
3 0.466667 0.373333 0.008333 0.016667
2 0.253333 0.741667 0.010833 0.091667
3 0.705833 0.323333 0.011667 0.020000
2 0.440000 0.258333 0.058333 0.076667
3 0.400833 0.653333 0.007500 0.018333
3 0.440000 0.658333 0.006667 0.018333
2 0.522500 0.370000 0.027500 0.016667
2 0.247500 0.338333 0.020000 0.021667
3 0.691667 0.658333 0.010000 0.020000
2 0.706667 0.616667 0.014167 0.015000
2 0.461667 0.786667 0.034167 0.038333
2 0.516667 0.716667 0.023333 0.106667
2 0.748333 0.578333 0.020833 0.080000
2 0.726667 0.380000 0.023333 0.041667
3 0.620833 0.395000 0.009167 0.015000
2 0.378333 0.380000 0.010000 0.031667
3 0.704167 0.373333 0.009167 0.016667
3 0.466667 0.260000 0.010000 0.020000
2 0.491667 0.391667 0.027500 0.016667
2 0.456667 0.375000 0.097500 0.053333
2 0.264167 0.658333 0.020833 0.080000
3 0.223333 0.765000 0.010833 0.013333
2 0.358333 0.781667 0.009167 0.031667
2 0.693333 0.658333 0.011667 0.066667
2 0.670000 0.731667 0.023333 0.041667
3 0.585000 0.641667 0.009167 0.016667
3 0.671667 0.605000 0.009167 0.016667
3 0.711667 0.448333 0.008333 0.016667
3 0.479167 0.183333 0.014167 0.025000
2 0.433333 0.740000 0.009167 0.040000
3 0.527500 0.378333 0.009167 0.016667
2 0.641667 0.366667 0.017500 0.116667
3 0.711667 0.691667 0.008333 0.021667
2 0.499167 0.771667 0.010000 0.031667
2 0.296667 0.338333 0.014167 0.015000
3 0.752500 0.388333 0.009167 0.016667
2 0.570000 0.748333 0.048333 0.025000
2 0.542500 0.201667 0.011667 0.025000
2 0.518333 0.403333 0.027500 0.016667
2 0.462500 0.700000 0.010000 0.031667
2 0.732500 0.350000 0.058333 0.076667
3 0.343333 0.725000 0.013333 0.031667
3 0.715000 0.675000 0.008333 0.016667
3 0.605833 0.383333 0.009167 0.016667
2 0.680833 0.430000 0.023333 0.041667
2 0.506667 0.236667 0.035000 0.105000
2 0.338333 0.283333 0.027500 0.016667
2 0.224167 0.698333 0.048333 0.043333
3 0.792500 0.418333 0.008333 0.016667
3 0.809167 0.645000 0.008333 0.016667
3 0.754167 0.625000 0.008333 0.016667
2 0.706667 0.340000 0.048333 0.043333
3 0.492500 0.765000 0.009167 0.023333
3 0.557500 0.668333 0.013333 0.031667
2 0.710000 0.673333 0.014167 0.015000
2 0.777500 0.696667 0.026667 0.035000
2 0.556667 0.680000 0.023333 0.041667
2 0.616667 0.381667 0.029167 0.038333
3 0.533333 0.285000 0.009167 0.016667
3 0.575833 0.616667 0.008333 0.016667
3 0.308333 0.661667 0.007500 0.018333
2 0.506667 0.188333 0.020833 0.028333
3 0.686667 0.708333 0.007500 0.015000
3 0.615000 0.646667 0.008333 0.016667
3 0.623333 0.400000 0.010000 0.016667
2 0.746667 0.426667 0.022500 0.023333
3 0.528333 0.633333 0.010833 0.023333
2 0.425000 0.646667 0.014167 0.015000
2 0.575833 0.625000 0.020833 0.080000
2 0.485833 0.356667 0.010833 0.091667
2 0.325000 0.690000 0.009167 0.040000
2 0.647500 0.390000 0.009167 0.031667
2 0.281667 0.808333 0.030833 0.051667
3 0.823333 0.701667 0.007500 0.015000
2 0.553333 0.333333 0.011667 0.025000
3 0.159167 0.636667 0.008333 0.016667
2 0.688333 0.351667 0.023333 0.041667
2 0.689167 0.703333 0.013333 0.070000
2 0.205000 0.660000 0.034167 0.100000
2 0.670833 0.371667 0.020833 0.080000
2 0.562500 0.748333 0.020833 0.080000
2 0.721667 0.336667 0.048333 0.025000
3 0.734167 0.441667 0.008333 0.021667
3 0.487500 0.378333 0.010000 0.020000
2 0.695000 0.618333 0.009167 0.031667
3 0.360000 0.398333 0.013333 0.031667
3 0.746667 0.391667 0.009167 0.015000
3 0.387500 0.391667 0.008333 0.016667
3 0.477500 0.701667 0.013333 0.015000
2 0.521667 0.403333 0.010000 0.031667
2 0.582500 0.625000 0.009167 0.040000
2 0.313333 0.373333 0.034167 0.038333
3 0.677500 0.423333 0.011667 0.020000
2 0.719167 0.998333 0.009167 0.001667
2 0.648333 0.633333 0.010000 0.031667
3 0.676667 0.660000 0.010833 0.013333
2 0.510000 0.393333 0.048333 0.025000
2 0.651667 0.608333 0.015833 0.068333
3 0.777500 0.651667 0.007500 0.016667
3 0.459167 0.666667 0.010833 0.013333
3 0.575000 0.405000 0.008333 0.021667
2 0.765000 0.376667 0.020000 0.021667
2 0.332500 0.713333 0.009167 0.040000
3 0.765000 0.701667 0.008333 0.016667
3 0.328333 0.648333 0.009167 0.016667
3 0.480000 0.708333 0.008333 0.021667
2 0.336667 0.238333 0.009167 0.040000
2 0.693333 0.396667 0.009167 0.031667
3 0.704167 0.631667 0.008333 0.016667
2 0.462500 0.875000 0.014167 0.015000
3 0.661667 0.445000 0.007500 0.015000
3 0.511667 0.201667 0.011667 0.030000
2 0.685833 0.626667 0.009167 0.031667
2 0.493333 0.278333 0.030833 0.051667
2 0.745833 0.390000 0.034167 0.100000
2 0.557500 0.653333 0.020833 0.028333
2 0.763333 0.693333 0.020000 0.021667
3 0.643333 0.323333 0.013333 0.015000
3 0.735833 0.268333 0.010833 0.013333
2 0.272500 0.446667 0.026667 0.035000
2 0.612500 0.386667 0.027500 0.016667
2 0.680833 0.430000 0.023333 0.106667
2 0.360000 0.663333 0.020000 0.021667
3 0.753333 0.368333 0.007500 0.015000
2 0.621667 0.633333 0.019167 0.046667
3 0.509167 0.278333 0.010833 0.023333
3 0.809167 0.643333 0.008333 0.016667
3 0.708333 0.408333 0.008333 0.016667
