4 0.834167 0.508333 0.040833 0.023333
4 0.780000 0.581667 0.117500 0.053333
4 0.861667 0.695000 0.059167 0.090000
4 0.832500 0.526667 0.126667 0.088333
4 0.863333 0.513333 0.043333 0.031667
4 0.795000 0.435000 0.130833 0.176667
4 0.847500 0.451667 0.045833 0.120000
4 0.828333 0.623333 0.116667 0.215000
4 0.891667 0.513333 0.041667 0.100000
4 0.823333 0.448333 0.134167 0.128333
4 0.780000 0.483333 0.103333 0.048333
4 0.486667 0.510000 0.330833 0.213333
4 0.245000 0.551667 0.080833 0.038333
4 0.629167 0.473333 0.085833 0.060000
4 0.532500 0.483333 0.068333 0.060000
4 0.049167 0.521667 0.099167 0.115000
4 0.705000 0.493333 0.042500 0.028333
4 0.440833 0.635000 0.102500 0.270000
4 0.038333 0.533333 0.077500 0.026667
4 0.220833 0.605000 0.136667 0.081667
3 0.388333 0.465000 0.009167 0.016667
3 0.192500 0.563333 0.006667 0.018333
3 0.326667 0.448333 0.008333 0.016667
2 0.156667 0.540000 0.029167 0.038333
2 0.072500 0.540000 0.013333 0.070000
3 0.413333 0.486667 0.009167 0.015000
3 0.825000 0.530000 0.011667 0.020000
2 0.382500 0.501667 0.011667 0.025000
3 0.166667 0.475000 0.017500 0.031667
3 0.440833 0.515000 0.015833 0.051667
3 0.600833 0.540000 0.008333 0.016667
2 0.324167 0.490000 0.022500 0.023333
2 0.716667 0.531667 0.097500 0.053333
3 0.746667 0.493333 0.008333 0.016667
3 0.440833 0.615000 0.006667 0.018333
2 0.821667 0.668333 0.020833 0.028333
3 0.211667 0.578333 0.007500 0.015000
3 0.495833 0.470000 0.009167 0.016667
2 0.505833 0.531667 0.027500 0.016667
2 0.326667 0.510000 0.014167 0.015000
2 0.578333 0.480000 0.034167 0.100000
2 0.497500 0.506667 0.023333 0.106667
2 0.236667 0.450000 0.048333 0.043333
3 0.256667 0.581667 0.010833 0.023333
2 0.386667 0.438333 0.045833 0.021667
3 0.809167 0.488333 0.008333 0.016667
2 0.475833 0.538333 0.020000 0.021667
2 0.614167 0.511667 0.009167 0.040000
2 0.280000 0.563333 0.030833 0.051667
2 0.197500 0.568333 0.027500 0.016667
3 0.530833 0.563333 0.007500 0.018333
2 0.760000 0.551667 0.023333 0.041667
2 0.392500 0.523333 0.020000 0.021667
3 0.397500 0.465000 0.010000 0.020000
3 0.289167 0.596667 0.007500 0.018333
3 0.148333 0.525000 0.013333 0.015000
2 0.410000 0.591667 0.013333 0.070000
3 0.430833 0.535000 0.009167 0.018333
3 0.081667 0.508333 0.010000 0.016667
3 0.562500 0.585000 0.013333 0.031667
3 0.622500 0.493333 0.009167 0.016667
3 0.505000 0.595000 0.007500 0.015000
2 0.359167 0.543333 0.035000 0.105000
3 0.412500 0.498333 0.009167 0.023333
2 0.223333 0.551667 0.034167 0.100000
3 0.022500 0.525000 0.010000 0.020000
2 0.567500 0.561667 0.027500 0.016667
3 0.225000 0.560000 0.008333 0.016667
3 0.115000 0.568333 0.009167 0.023333
3 0.279167 0.508333 0.010000 0.020000
2 0.357500 0.495000 0.034167 0.038333
2 0.450833 0.521667 0.020833 0.080000
3 0.155833 0.595000 0.009167 0.015000
3 0.359167 0.451667 0.008333 0.016667
2 0.713333 0.591667 0.017500 0.116667
3 0.421667 0.483333 0.007500 0.016667
3 0.050000 0.491667 0.007500 0.015000
3 0.135000 0.551667 0.009167 0.016667
3 0.619167 0.521667 0.009167 0.016667
3 0.112500 0.580000 0.010833 0.023333
2 0.397500 0.446667 0.029167 0.038333
3 0.164167 0.488333 0.007500 0.015000
2 0.238333 0.528333 0.029167 0.038333
2 0.435000 0.483333 0.027500 0.016667
2 0.440000 0.575000 0.015833 0.068333
2 0.144167 0.506667 0.019167 0.046667
3 0.195833 0.430000 0.014167 0.025000
3 0.248333 0.525000 0.007500 0.015000
2 0.275833 0.586667 0.030833 0.051667
2 0.334167 0.450000 0.010000 0.031667
2 0.633333 0.560000 0.017500 0.116667
2 0.203333 0.483333 0.021667 0.090000
2 0.179167 0.455000 0.029167 0.038333
2 0.776667 0.555000 0.022500 0.023333
2 0.564167 0.596667 0.009167 0.031667
2 0.183333 0.578333 0.021667 0.090000
2 0.636667 0.470000 0.058333 0.076667
2 0.420000 0.485000 0.019167 0.046667
3 0.520833 0.546667 0.017500 0.031667
2 0.097500 0.571667 0.010000 0.031667
3 0.148333 0.568333 0.009167 0.016667
2 0.766667 0.493333 0.014167 0.015000
2 0.417500 0.528333 0.035000 0.105000
2 0.220833 0.546667 0.023333 0.106667
3 0.522500 0.488333 0.008333 0.016667
3 0.702500 0.591667 0.007500 0.015000
3 0.619167 0.613333 0.009167 0.016667
2 0.015000 0.545000 0.017500 0.116667
2 0.413333 0.545000 0.014167 0.015000
2 0.599167 0.598333 0.019167 0.046667
3 0.220000 0.463333 0.009167 0.023333
3 0.650833 0.573333 0.010000 0.020000
2 0.815833 0.668333 0.034167 0.038333
3 0.302500 0.525000 0.013333 0.031667
3 0.066667 0.495000 0.007500 0.015000
2 0.747500 0.550000 0.034167 0.100000
2 0.708333 0.611667 0.021667 0.090000
3 0.472500 0.453333 0.008333 0.016667
2 0.069167 0.461667 0.023333 0.041667
3 0.427500 0.503333 0.009167 0.018333
3 0.037500 0.556667 0.007500 0.016667
3 0.765000 0.558333 0.009167 0.015000
2 0.337500 0.378333 0.022500 0.023333
2 0.667500 0.665000 0.010000 0.031667
2 0.674167 0.418333 0.009167 0.040000
2 0.285833 0.386667 0.019167 0.046667
3 0.720833 0.350000 0.013333 0.031667
3 0.759167 0.365000 0.010000 0.020000
3 0.480000 0.781667 0.011667 0.030000
2 0.302500 0.645000 0.019167 0.046667
3 0.780000 0.691667 0.015833 0.051667
2 0.758333 0.611667 0.048333 0.025000
3 0.673333 0.393333 0.007500 0.016667
2 0.546667 0.623333 0.011667 0.025000
3 0.465833 0.331667 0.009167 0.016667
3 0.705833 0.440000 0.015833 0.051667
3 0.716667 0.625000 0.017500 0.031667
3 0.329167 0.648333 0.007500 0.018333
2 0.704167 0.701667 0.023333 0.106667
3 0.455833 0.280000 0.010833 0.023333
3 0.489167 0.641667 0.007500 0.015000
2 0.502500 0.288333 0.020833 0.080000
3 0.475833 0.826667 0.006667 0.018333
2 0.775000 0.388333 0.009167 0.031667
2 0.791667 0.391667 0.045833 0.021667
3 0.287500 0.810000 0.011667 0.030000
2 0.765000 0.623333 0.009167 0.031667
3 0.463333 0.878333 0.013333 0.031667
3 0.621667 0.373333 0.015833 0.051667
2 0.330000 0.300000 0.034167 0.038333
2 0.285000 0.136667 0.015833 0.068333
3 0.714167 0.638333 0.009167 0.016667
2 0.424167 0.155000 0.048333 0.043333
2 0.718333 0.650000 0.026667 0.035000
3 0.645833 0.678333 0.008333 0.016667
2 0.691667 0.443333 0.048333 0.043333
2 0.645000 0.380000 0.011667 0.066667
3 0.662500 0.621667 0.017500 0.031667
3 0.763333 0.408333 0.009167 0.016667
2 0.223333 0.796667 0.027500 0.016667
3 0.353333 0.311667 0.006667 0.018333
2 0.625000 0.356667 0.011667 0.066667
2 0.435000 0.131667 0.029167 0.038333
2 0.803333 0.615000 0.017500 0.116667
3 0.516667 0.788333 0.007500 0.015000
2 0.308333 0.261667 0.021667 0.090000
3 0.282500 0.335000 0.013333 0.031667
2 0.262500 0.760000 0.023333 0.041667
2 0.585000 0.420000 0.009167 0.040000
2 0.282500 0.310000 0.030833 0.051667
2 0.566667 0.365000 0.048333 0.043333
3 0.275000 0.761667 0.011667 0.020000
3 0.756667 0.313333 0.007500 0.015000
2 0.326667 0.353333 0.030833 0.051667
2 0.765000 0.388333 0.048333 0.043333
3 0.773333 0.345000 0.009167 0.018333
3 0.797500 0.621667 0.007500 0.016667
2 0.523333 0.660000 0.021667 0.090000
2 0.447500 0.101667 0.058333 0.076667
2 0.705833 0.588333 0.097500 0.053333
2 0.783333 0.413333 0.048333 0.043333
2 0.665000 0.418333 0.010833 0.091667
3 0.314167 0.788333 0.013333 0.015000
3 0.286667 0.820000 0.009167 0.015000
3 0.575833 0.618333 0.008333 0.016667
2 0.277500 0.323333 0.097500 0.053333
2 0.720000 0.791667 0.020000 0.021667
3 0.258333 0.363333 0.009167 0.016667
3 0.319167 0.733333 0.006667 0.018333
3 0.678333 0.348333 0.009167 0.018333
3 0.745833 0.663333 0.009167 0.015000
3 0.325833 0.303333 0.008333 0.016667
3 0.308333 0.715000 0.009167 0.016667
3 0.715000 0.328333 0.009167 0.018333
2 0.425000 0.751667 0.022500 0.023333
2 0.445833 0.195000 0.029167 0.038333
3 0.472500 0.643333 0.007500 0.015000
3 0.291667 0.248333 0.013333 0.031667
3 0.650833 0.418333 0.010833 0.023333
3 0.710000 0.628333 0.007500 0.015000
3 0.685000 0.421667 0.007500 0.015000
2 0.616667 0.328333 0.034167 0.038333
2 0.619167 0.651667 0.017500 0.116667
3 0.650833 0.635000 0.013333 0.031667
2 0.829167 0.408333 0.014167 0.015000
2 0.643333 0.401667 0.097500 0.053333
2 0.432500 0.340000 0.030833 0.051667
2 0.739167 0.713333 0.026667 0.035000
3 0.547500 0.630000 0.010000 0.016667
3 0.728333 0.380000 0.011667 0.020000
3 0.462500 0.686667 0.013333 0.015000
2 0.596667 0.271667 0.058333 0.076667
2 0.617500 0.630000 0.048333 0.025000
3 0.796667 0.645000 0.010000 0.020000
2 0.611667 0.635000 0.045833 0.021667
3 0.681667 0.678333 0.011667 0.030000
2 0.281667 0.671667 0.035000 0.105000
3 0.642500 0.713333 0.010833 0.023333
3 0.778333 0.608333 0.007500 0.015000
3 0.678333 0.686667 0.011667 0.030000
2 0.349167 0.613333 0.020833 0.080000
2 0.709167 0.413333 0.017500 0.116667
2 0.784167 0.731667 0.048333 0.025000
2 0.680000 0.673333 0.034167 0.100000
2 0.672500 0.423333 0.009167 0.040000
3 0.747500 0.705000 0.009167 0.016667
3 0.767500 0.396667 0.014167 0.025000
3 0.680000 0.648333 0.008333 0.016667
3 0.567500 0.736667 0.009167 0.023333
2 0.435833 0.680000 0.026667 0.035000
2 0.298333 0.330000 0.023333 0.106667
2 0.285833 0.376667 0.058333 0.076667
2 0.297500 0.678333 0.045833 0.021667
3 0.780833 0.386667 0.017500 0.031667
3 0.758333 0.631667 0.007500 0.018333
3 0.310000 0.383333 0.008333 0.016667
2 0.330000 0.443333 0.010833 0.091667
3 0.495833 0.343333 0.007500 0.018333
3 0.533333 0.378333 0.014167 0.025000
3 0.450833 0.283333 0.008333 0.016667
3 0.439167 0.655000 0.013333 0.031667
2 0.785000 0.688333 0.020833 0.080000
2 0.390833 0.671667 0.010000 0.031667
2 0.821667 0.418333 0.009167 0.040000
3 0.714167 0.603333 0.010000 0.016667
3 0.320833 0.651667 0.009167 0.023333
2 0.212500 0.718333 0.020833 0.080000
3 0.640833 0.433333 0.008333 0.016667
3 0.480833 0.380000 0.009167 0.023333
2 0.703333 0.410000 0.011667 0.066667
3 0.278333 0.443333 0.015833 0.051667
3 0.299167 0.735000 0.007500 0.015000
2 0.597500 0.740000 0.023333 0.041667
3 0.519167 0.278333 0.009167 0.016667
3 0.726667 0.450000 0.009167 0.016667
2 0.349167 0.638333 0.034167 0.100000
3 0.483333 0.211667 0.011667 0.020000
2 0.626667 0.371667 0.009167 0.040000
3 0.768333 0.373333 0.010000 0.016667
2 0.750000 0.378333 0.023333 0.041667
2 0.527500 0.421667 0.048333 0.025000
2 0.205000 0.403333 0.048333 0.043333
2 0.740000 0.701667 0.020833 0.028333
3 0.702500 0.288333 0.015833 0.051667
3 0.380833 0.703333 0.008333 0.016667
3 0.688333 0.426667 0.008333 0.021667
2 0.780833 0.331667 0.019167 0.046667
2 0.238333 0.351667 0.035000 0.105000
2 0.705000 0.998333 0.020000 0.001667
3 0.727500 0.620000 0.007500 0.018333
2 0.719167 0.998333 0.009167 0.001667
2 0.585000 0.316667 0.097500 0.053333
3 0.309167 0.348333 0.007500 0.015000
3 0.659167 0.438333 0.013333 0.031667
2 0.356667 0.698333 0.030833 0.051667
3 0.627500 0.390000 0.008333 0.016667
3 0.318333 0.351667 0.010833 0.023333
2 0.485000 0.240000 0.009167 0.040000
2 0.249167 0.688333 0.019167 0.046667
2 0.241667 0.835000 0.011667 0.066667
2 0.592500 0.445000 0.010833 0.091667
3 0.480833 0.191667 0.010833 0.023333
2 0.670833 0.416667 0.009167 0.031667
2 0.669167 0.405000 0.017500 0.116667
2 0.554167 0.283333 0.023333 0.041667
3 0.656667 0.678333 0.007500 0.015000
2 0.690000 0.276667 0.023333 0.106667
2 0.720833 0.658333 0.020833 0.028333
3 0.575833 0.310000 0.007500 0.015000
2 0.305000 0.363333 0.048333 0.043333
3 0.489167 0.641667 0.007500 0.015000
3 0.492500 0.780000 0.007500 0.018333
2 0.264167 0.675000 0.026667 0.035000
3 0.775000 0.405000 0.008333 0.016667
3 0.686667 0.403333 0.009167 0.016667
3 0.442500 0.813333 0.007500 0.018333
3 0.441667 0.378333 0.006667 0.018333
2 0.540000 0.656667 0.048333 0.025000
2 0.726667 0.646667 0.021667 0.090000
3 0.568333 0.671667 0.010833 0.023333
2 0.595000 0.575000 0.014167 0.015000
2 0.417500 0.785000 0.020833 0.080000
3 0.776667 0.363333 0.007500 0.015000
2 0.700000 0.621667 0.048333 0.043333
2 0.761667 0.683333 0.011667 0.025000
3 0.672500 0.393333 0.009167 0.016667
3 0.477500 0.285000 0.009167 0.016667
2 0.744167 0.635000 0.023333 0.106667
2 0.696667 0.430000 0.029167 0.038333
2 0.470000 0.363333 0.013333 0.070000
2 0.314167 0.725000 0.022500 0.023333
2 0.273333 0.821667 0.045833 0.021667
2 0.750833 0.706667 0.020833 0.028333
3 0.315000 0.405000 0.014167 0.025000
2 0.689167 0.305000 0.027500 0.016667
3 0.785000 0.398333 0.010833 0.023333
3 0.746667 0.648333 0.014167 0.025000
2 0.448333 0.720000 0.020000 0.021667
2 0.708333 0.418333 0.010000 0.031667
2 0.720833 0.750000 0.021667 0.090000
