4 0.783333 0.510000 0.115833 0.198333
4 0.825833 0.763333 0.138333 0.210000
4 0.795833 0.525000 0.110000 0.028333
4 0.835833 0.498333 0.106667 0.208333
4 0.832500 0.400000 0.056667 0.053333
4 0.785833 0.630000 0.129167 0.046667
4 0.811667 0.506667 0.050833 0.033333
4 0.869167 0.603333 0.035000 0.040000
4 0.812500 0.488333 0.234167 0.206667
4 0.792500 0.503333 0.119167 0.031667
4 0.403333 0.588333 0.175833 0.215000
4 0.030833 0.460000 0.061667 0.093333
4 0.041667 0.300000 0.084167 0.470000
4 0.341667 0.535000 0.062500 0.050000
4 0.630833 0.473333 0.091667 0.131667
4 0.277500 0.570000 0.154167 0.056667
4 0.170833 0.495000 0.115000 0.098333
4 0.592500 0.508333 0.055833 0.060000
4 0.436667 0.373333 0.171667 0.291667
4 0.653333 0.533333 0.028333 0.050000
2 0.780833 0.483333 0.027500 0.016667
2 0.076667 0.478333 0.017500 0.116667
3 0.074167 0.480000 0.009167 0.016667
2 0.533333 0.563333 0.017500 0.116667
2 0.669167 0.558333 0.097500 0.053333
2 0.320833 0.595000 0.030833 0.051667
2 0.468333 0.461667 0.027500 0.016667
3 0.185833 0.596667 0.007500 0.015000
3 0.437500 0.483333 0.010833 0.023333
2 0.192500 0.500000 0.021667 0.090000
2 0.449167 0.651667 0.013333 0.070000
3 0.506667 0.551667 0.010833 0.023333
3 0.326667 0.600000 0.010000 0.016667
2 0.691667 0.546667 0.017500 0.116667
3 0.612500 0.523333 0.008333 0.021667
3 0.231667 0.475000 0.007500 0.018333
3 0.337500 0.528333 0.011667 0.020000
2 0.471667 0.473333 0.014167 0.015000
2 0.078333 0.526667 0.020833 0.080000
3 0.185000 0.531667 0.013333 0.031667
3 0.503333 0.573333 0.009167 0.016667
3 0.460000 0.428333 0.013333 0.031667
2 0.755833 0.558333 0.010833 0.091667
3 0.413333 0.585000 0.017500 0.031667
3 0.139167 0.480000 0.008333 0.016667
2 0.144167 0.581667 0.020000 0.021667
2 0.477500 0.401667 0.020833 0.080000
3 0.451667 0.473333 0.007500 0.015000
3 0.535000 0.500000 0.007500 0.018333
2 0.590833 0.445000 0.058333 0.076667
2 0.412500 0.540000 0.011667 0.066667
3 0.790833 0.480000 0.008333 0.016667
3 0.604167 0.623333 0.009167 0.023333
2 0.021667 0.588333 0.010833 0.091667
2 0.099167 0.531667 0.027500 0.016667
2 0.645833 0.540000 0.021667 0.090000
3 0.683333 0.495000 0.008333 0.016667
3 0.178333 0.603333 0.009167 0.018333
3 0.149167 0.465000 0.007500 0.018333
3 0.691667 0.580000 0.017500 0.031667
2 0.549167 0.521667 0.022500 0.023333
2 0.603333 0.515000 0.013333 0.070000
2 0.603333 0.616667 0.020833 0.028333
2 0.100833 0.581667 0.048333 0.025000
3 0.643333 0.585000 0.008333 0.016667
2 0.070833 0.548333 0.011667 0.066667
2 0.354167 0.545000 0.010000 0.031667
3 0.707500 0.530000 0.008333 0.016667
3 0.028333 0.541667 0.011667 0.020000
2 0.166667 0.523333 0.029167 0.038333
2 0.085000 0.531667 0.021667 0.090000
3 0.610000 0.578333 0.009167 0.016667
2 0.607500 0.531667 0.048333 0.043333
2 0.593333 0.610000 0.020833 0.080000
2 0.501667 0.485000 0.048333 0.025000
3 0.599167 0.536667 0.009167 0.018333
2 0.127500 0.470000 0.013333 0.070000
3 0.310833 0.533333 0.010833 0.013333
3 0.750000 0.478333 0.009167 0.015000
2 0.614167 0.450000 0.034167 0.038333
3 0.607500 0.470000 0.007500 0.015000
2 0.755833 0.541667 0.011667 0.066667
3 0.679167 0.533333 0.007500 0.015000
3 0.231667 0.486667 0.007500 0.016667
2 0.203333 0.430000 0.020833 0.080000
2 0.380000 0.531667 0.015833 0.068333
3 0.169167 0.501667 0.017500 0.031667
3 0.248333 0.598333 0.007500 0.018333
2 0.111667 0.533333 0.034167 0.038333
3 0.584167 0.505000 0.007500 0.016667
2 0.120000 0.500000 0.035000 0.105000
2 0.412500 0.476667 0.011667 0.066667
2 0.290833 0.558333 0.010000 0.031667
3 0.091667 0.561667 0.009167 0.018333
2 0.465000 0.385000 0.035000 0.105000
2 0.698333 0.531667 0.020833 0.028333
3 0.228333 0.571667 0.009167 0.016667
3 0.295833 0.475000 0.010833 0.023333
2 0.680000 0.595000 0.022500 0.023333
2 0.689167 0.565000 0.013333 0.070000
3 0.455000 0.485000 0.010000 0.016667
2 0.440833 0.476667 0.020833 0.080000
3 0.713333 0.486667 0.013333 0.031667
3 0.742500 0.463333 0.007500 0.015000
3 0.630000 0.466667 0.007500 0.018333
3 0.335833 0.493333 0.009167 0.016667
2 0.452500 0.395000 0.097500 0.053333
3 0.267500 0.586667 0.007500 0.018333
3 0.048333 0.585000 0.010833 0.023333
2 0.420000 0.488333 0.020833 0.028333
3 0.175000 0.505000 0.009167 0.016667
2 0.608333 0.440000 0.097500 0.053333
3 0.213333 0.518333 0.010000 0.020000
2 0.366667 0.566667 0.029167 0.038333
2 0.305833 0.466667 0.020833 0.028333
2 0.754167 0.558333 0.017500 0.116667
3 0.031667 0.543333 0.008333 0.016667
3 0.497500 0.593333 0.011667 0.030000
3 0.133333 0.460000 0.014167 0.025000
3 0.445833 0.611667 0.007500 0.015000
2 0.735000 0.526667 0.010000 0.031667
2 0.351667 0.566667 0.017500 0.116667
2 0.460833 0.715000 0.014167 0.015000
2 0.285833 0.736667 0.023333 0.041667
2 0.773333 0.420000 0.014167 0.015000
2 0.308333 0.298333 0.014167 0.015000
2 0.755833 0.345000 0.023333 0.041667
2 0.384167 0.646667 0.020000 0.021667
3 0.307500 0.381667 0.013333 0.015000
3 0.631667 0.388333 0.008333 0.021667
3 0.844167 0.325000 0.009167 0.016667
3 0.280833 0.766667 0.011667 0.020000
2 0.461667 0.721667 0.029167 0.038333
2 0.455000 0.810000 0.034167 0.100000
2 0.757500 0.363333 0.017500 0.116667
2 0.701667 0.355000 0.097500 0.053333
3 0.530833 0.358333 0.013333 0.031667
2 0.608333 0.426667 0.010833 0.091667
2 0.263333 0.416667 0.013333 0.070000
3 0.729167 0.380000 0.009167 0.016667
3 0.620833 0.366667 0.010833 0.013333
3 0.686667 0.616667 0.007500 0.015000
2 0.275833 0.653333 0.015833 0.068333
3 0.764167 0.406667 0.008333 0.016667
3 0.442500 0.156667 0.010833 0.013333
2 0.813333 0.616667 0.010000 0.031667
3 0.397500 0.321667 0.009167 0.015000
2 0.559167 0.425000 0.019167 0.046667
3 0.805833 0.651667 0.008333 0.016667
2 0.470833 0.330000 0.011667 0.025000
2 0.640000 0.383333 0.021667 0.090000
3 0.731667 0.366667 0.008333 0.021667
3 0.554167 0.228333 0.008333 0.016667
3 0.801667 0.396667 0.009167 0.016667
3 0.516667 0.750000 0.006667 0.018333
2 0.680833 0.430000 0.023333 0.041667
2 0.284167 0.260000 0.014167 0.015000
2 0.571667 0.771667 0.030833 0.051667
3 0.325833 0.656667 0.007500 0.015000
2 0.775833 0.476667 0.021667 0.090000
3 0.270000 0.751667 0.008333 0.016667
2 0.703333 0.373333 0.026667 0.035000
2 0.727500 0.658333 0.045833 0.021667
3 0.482500 0.808333 0.009167 0.015000
3 0.710000 0.433333 0.008333 0.016667
2 0.360833 0.780000 0.030833 0.051667
2 0.273333 0.356667 0.097500 0.053333
2 0.805833 0.720000 0.022500 0.023333
2 0.355000 0.318333 0.034167 0.100000
3 0.455000 0.663333 0.010000 0.020000
3 0.720000 0.606667 0.014167 0.025000
2 0.655833 0.360000 0.027500 0.016667
2 0.707500 0.725000 0.020000 0.021667
2 0.435000 0.411667 0.034167 0.100000
2 0.345833 0.631667 0.020833 0.080000
2 0.811667 0.713333 0.011667 0.025000
2 0.275000 0.408333 0.022500 0.023333
2 0.783333 0.635000 0.020833 0.028333
2 0.754167 0.578333 0.020833 0.080000
2 0.706667 0.655000 0.015833 0.068333
3 0.218333 0.670000 0.007500 0.015000
2 0.326667 0.410000 0.058333 0.076667
2 0.725833 0.360000 0.020000 0.021667
3 0.525000 0.756667 0.008333 0.016667
2 0.365833 0.310000 0.029167 0.038333
3 0.720833 0.353333 0.017500 0.031667
2 0.721667 0.650000 0.010833 0.091667
3 0.156667 0.616667 0.007500 0.018333
2 0.294167 0.841667 0.097500 0.053333
2 0.800000 0.663333 0.020833 0.080000
2 0.700833 0.408333 0.034167 0.038333
3 0.467500 0.708333 0.013333 0.015000
3 0.295000 0.711667 0.007500 0.015000
2 0.604167 0.388333 0.020000 0.021667
2 0.494167 0.403333 0.022500 0.023333
3 0.723333 0.631667 0.011667 0.030000
2 0.760000 0.326667 0.048333 0.025000
3 0.243333 0.743333 0.010000 0.020000
3 0.285833 0.278333 0.017500 0.031667
3 0.335833 0.226667 0.007500 0.015000
2 0.332500 0.626667 0.019167 0.046667
2 0.730000 0.696667 0.026667 0.035000
2 0.670833 0.628333 0.011667 0.025000
2 0.584167 0.340000 0.011667 0.066667
3 0.710000 0.415000 0.009167 0.018333
3 0.582500 0.433333 0.010000 0.016667
3 0.757500 0.331667 0.008333 0.016667
3 0.431667 0.673333 0.009167 0.018333
3 0.271667 0.380000 0.007500 0.018333
2 0.744167 0.625000 0.019167 0.046667
3 0.310000 0.385000 0.007500 0.018333
2 0.709167 0.615000 0.022500 0.023333
2 0.448333 0.331667 0.011667 0.066667
2 0.518333 0.311667 0.030833 0.051667
3 0.343333 0.291667 0.017500 0.031667
2 0.293333 0.228333 0.009167 0.040000
3 0.621667 0.640000 0.009167 0.016667
2 0.678333 0.356667 0.045833 0.021667
3 0.540833 0.406667 0.007500 0.018333
2 0.566667 0.625000 0.023333 0.106667
3 0.532500 0.366667 0.009167 0.023333
3 0.529167 0.621667 0.007500 0.016667
2 0.349167 0.818333 0.009167 0.040000
3 0.844167 0.325000 0.009167 0.016667
2 0.320833 0.646667 0.010000 0.031667
2 0.675833 0.660000 0.034167 0.100000
3 0.624167 0.341667 0.007500 0.015000
3 0.808333 0.396667 0.013333 0.015000
2 0.550833 0.646667 0.009167 0.040000
2 0.471667 0.193333 0.020833 0.080000
3 0.649167 0.665000 0.010833 0.013333
3 0.525833 0.268333 0.011667 0.030000
2 0.427500 0.701667 0.026667 0.035000
3 0.487500 0.681667 0.008333 0.016667
3 0.491667 0.738333 0.009167 0.016667
2 0.299167 0.733333 0.020000 0.021667
3 0.338333 0.301667 0.013333 0.015000
3 0.784167 0.341667 0.010833 0.023333
3 0.658333 0.370000 0.007500 0.016667
3 0.455000 0.786667 0.007500 0.016667
3 0.450833 0.713333 0.007500 0.015000
3 0.325000 0.301667 0.009167 0.016667
3 0.540833 0.406667 0.007500 0.018333
3 0.798333 0.395000 0.007500 0.015000
2 0.405833 0.710000 0.013333 0.070000
3 0.768333 0.695000 0.009167 0.016667
3 0.670000 0.633333 0.008333 0.016667
2 0.306667 0.350000 0.034167 0.038333
3 0.224167 0.638333 0.007500 0.015000
2 0.299167 0.345000 0.035000 0.105000
2 0.228333 0.796667 0.017500 0.116667
3 0.767500 0.330000 0.015833 0.051667
2 0.348333 0.736667 0.014167 0.015000
3 0.645000 0.401667 0.011667 0.020000
3 0.765000 0.748333 0.013333 0.031667
2 0.386667 0.693333 0.010000 0.031667
2 0.554167 0.666667 0.014167 0.015000
3 0.614167 0.370000 0.011667 0.030000
3 0.777500 0.350000 0.009167 0.016667
2 0.496667 0.843333 0.034167 0.100000
2 0.445000 0.776667 0.020833 0.028333
2 0.649167 0.383333 0.011667 0.025000
3 0.620833 0.681667 0.008333 0.021667
3 0.493333 0.390000 0.009167 0.016667
2 0.731667 0.255000 0.019167 0.046667
2 0.464167 0.870000 0.011667 0.025000
3 0.344167 0.370000 0.010000 0.016667
2 0.745000 0.381667 0.010000 0.031667
2 0.392500 0.306667 0.019167 0.046667
3 0.684167 0.393333 0.015833 0.051667
3 0.796667 0.398333 0.007500 0.015000
2 0.315000 0.248333 0.022500 0.023333
3 0.334167 0.758333 0.008333 0.016667
2 0.463333 0.725000 0.010833 0.091667
3 0.673333 0.353333 0.011667 0.020000
3 0.323333 0.706667 0.013333 0.015000
3 0.605000 0.733333 0.008333 0.016667
3 0.190000 0.400000 0.008333 0.016667
2 0.739167 0.718333 0.022500 0.023333
2 0.640000 0.625000 0.020833 0.028333
2 0.398333 0.673333 0.027500 0.016667
2 0.337500 0.378333 0.022500 0.023333
2 0.469167 0.175000 0.022500 0.023333
2 0.675833 0.753333 0.013333 0.070000
2 0.340000 0.396667 0.023333 0.041667
3 0.813333 0.630000 0.009167 0.016667
3 0.332500 0.273333 0.006667 0.018333
2 0.635833 0.368333 0.020833 0.028333
3 0.373333 0.803333 0.015833 0.051667
3 0.495000 0.751667 0.008333 0.016667
2 0.344167 0.310000 0.048333 0.025000
2 0.804167 0.411667 0.026667 0.035000
2 0.303333 0.273333 0.048333 0.025000
2 0.795000 0.393333 0.019167 0.046667
3 0.846667 0.320000 0.010833 0.013333
2 0.705000 0.348333 0.011667 0.025000
3 0.470833 0.333333 0.015833 0.051667
3 0.305833 0.401667 0.017500 0.031667
3 0.405833 0.713333 0.007500 0.018333
2 0.380833 0.795000 0.020833 0.080000
3 0.380833 0.758333 0.008333 0.016667
3 0.322500 0.728333 0.011667 0.020000
2 0.257500 0.720000 0.027500 0.016667
2 0.270833 0.263333 0.058333 0.076667
2 0.485000 0.426667 0.009167 0.040000
2 0.775833 0.393333 0.029167 0.038333
2 0.293333 0.623333 0.097500 0.053333
2 0.182500 0.406667 0.022500 0.023333
3 0.541667 0.696667 0.009167 0.016667
3 0.760000 0.608333 0.009167 0.018333
2 0.481667 0.336667 0.045833 0.021667
3 0.717500 0.370000 0.010833 0.023333
2 0.324167 0.718333 0.023333 0.106667
3 0.534167 0.353333 0.008333 0.021667
3 0.704167 0.408333 0.008333 0.016667
3 0.549167 0.710000 0.011667 0.020000
3 0.777500 0.713333 0.006667 0.018333
3 0.551667 0.391667 0.008333 0.016667
3 0.488333 0.641667 0.010000 0.020000
3 0.679167 0.638333 0.007500 0.018333
