4 0.873333 0.528333 0.045000 0.018333
4 0.821667 0.570000 0.130833 0.138333
4 0.805833 0.606667 0.075833 0.118333
4 0.873333 0.620000 0.031667 0.028333
4 0.836667 0.600000 0.036667 0.018333
4 0.833333 0.568333 0.043333 0.061667
4 0.802500 0.493333 0.128333 0.050000
4 0.830833 0.538333 0.084167 0.175000
4 0.731667 0.558333 0.228333 0.143333
4 0.880833 0.710000 0.070000 0.126667
4 0.497500 0.700000 0.144167 0.393333
4 0.433333 0.551667 0.070833 0.038333
4 0.687500 0.431667 0.115000 0.225000
4 0.113333 0.520000 0.063333 0.070000
4 0.432500 0.458333 0.166667 0.223333
4 0.126667 0.576667 0.080000 0.045000
4 0.417500 0.523333 0.052500 0.090000
4 0.571667 0.530000 0.107500 0.078333
4 0.665000 0.533333 0.064167 0.046667
4 0.601667 0.478333 0.069167 0.068333
3 0.310833 0.505000 0.017500 0.031667
3 0.662500 0.536667 0.009167 0.015000
3 0.383333 0.486667 0.009167 0.016667
2 0.143333 0.520000 0.023333 0.041667
3 0.144167 0.545000 0.008333 0.016667
2 0.069167 0.483333 0.015833 0.068333
3 0.673333 0.523333 0.013333 0.015000
2 0.725000 0.551667 0.026667 0.035000
2 0.674167 0.520000 0.017500 0.116667
3 0.104167 0.510000 0.009167 0.016667
2 0.810000 0.638333 0.035000 0.105000
3 0.720000 0.475000 0.010000 0.016667
3 0.305000 0.475000 0.011667 0.030000
3 0.690833 0.483333 0.017500 0.031667
3 0.327500 0.540000 0.009167 0.016667
3 0.505000 0.531667 0.009167 0.016667
2 0.065000 0.541667 0.019167 0.046667
3 0.505000 0.595000 0.008333 0.016667
3 0.161667 0.458333 0.008333 0.016667
3 0.710000 0.543333 0.014167 0.025000
2 0.814167 0.541667 0.014167 0.015000
3 0.707500 0.580000 0.017500 0.031667
2 0.709167 0.471667 0.023333 0.041667
2 0.525000 0.450000 0.097500 0.053333
2 0.216667 0.598333 0.020833 0.080000
3 0.545000 0.491667 0.010000 0.020000
2 0.280833 0.538333 0.045833 0.021667
3 0.482500 0.421667 0.014167 0.025000
2 0.812500 0.535000 0.023333 0.041667
2 0.794167 0.451667 0.045833 0.021667
3 0.825833 0.673333 0.009167 0.016667
3 0.268333 0.516667 0.009167 0.016667
3 0.105833 0.571667 0.015833 0.051667
3 0.716667 0.523333 0.010833 0.023333
2 0.229167 0.561667 0.048333 0.025000
2 0.501667 0.483333 0.026667 0.035000
3 0.205000 0.585000 0.009167 0.016667
3 0.544167 0.576667 0.017500 0.031667
3 0.555000 0.456667 0.014167 0.025000
3 0.623333 0.510000 0.010000 0.016667
2 0.129167 0.556667 0.097500 0.053333
2 0.485833 0.550000 0.020000 0.021667
2 0.439167 0.490000 0.045833 0.021667
3 0.425833 0.586667 0.009167 0.016667
2 0.616667 0.513333 0.058333 0.076667
3 0.589167 0.463333 0.009167 0.023333
2 0.548333 0.486667 0.020833 0.080000
3 0.124167 0.568333 0.009167 0.016667
2 0.178333 0.571667 0.011667 0.025000
2 0.712500 0.498333 0.058333 0.076667
2 0.178333 0.490000 0.034167 0.100000
3 0.752500 0.576667 0.010000 0.016667
3 0.451667 0.606667 0.014167 0.025000
2 0.212500 0.465000 0.009167 0.031667
3 0.383333 0.506667 0.009167 0.023333
3 0.613333 0.581667 0.009167 0.015000
3 0.190000 0.526667 0.008333 0.016667
2 0.061667 0.525000 0.048333 0.025000
3 0.476667 0.583333 0.007500 0.018333
2 0.492500 0.523333 0.097500 0.053333
2 0.217500 0.546667 0.030833 0.051667
3 0.445833 0.628333 0.010833 0.023333
3 0.790000 0.453333 0.010000 0.016667
3 0.793333 0.478333 0.007500 0.015000
2 0.205000 0.493333 0.058333 0.076667
3 0.257500 0.591667 0.006667 0.018333
2 0.631667 0.571667 0.023333 0.106667
2 0.735000 0.523333 0.029167 0.038333
2 0.342500 0.573333 0.097500 0.053333
3 0.653333 0.528333 0.011667 0.020000
2 0.071667 0.566667 0.011667 0.025000
3 0.630833 0.473333 0.006667 0.018333
3 0.688333 0.526667 0.010000 0.016667
3 0.068333 0.491667 0.010833 0.023333
3 0.825000 0.650000 0.010000 0.020000
2 0.750000 0.531667 0.010000 0.031667
3 0.242500 0.530000 0.010833 0.023333
2 0.474167 0.551667 0.022500 0.023333
2 0.466667 0.456667 0.010000 0.031667
3 0.767500 0.570000 0.009167 0.016667
3 0.398333 0.575000 0.006667 0.018333
3 0.535833 0.591667 0.007500 0.015000
3 0.375833 0.541667 0.011667 0.020000
2 0.158333 0.610000 0.020833 0.080000
3 0.120000 0.503333 0.009167 0.016667
2 0.820833 0.693333 0.020833 0.080000
2 0.582500 0.526667 0.022500 0.023333
3 0.807500 0.450000 0.006667 0.018333
3 0.080000 0.523333 0.009167 0.016667
3 0.825833 0.596667 0.011667 0.020000
2 0.727500 0.445000 0.035000 0.105000
3 0.040833 0.575000 0.008333 0.016667
2 0.570000 0.486667 0.021667 0.090000
2 0.401667 0.546667 0.022500 0.023333
3 0.590833 0.468333 0.008333 0.016667
3 0.659167 0.460000 0.008333 0.016667
3 0.200000 0.545000 0.008333 0.016667
2 0.392500 0.490000 0.023333 0.106667
2 0.672500 0.506667 0.010833 0.091667
2 0.202500 0.456667 0.009167 0.031667
3 0.451667 0.580000 0.013333 0.031667
2 0.096667 0.533333 0.010000 0.031667
3 0.293333 0.680000 0.013333 0.031667
2 0.727500 0.618333 0.020833 0.080000
2 0.678333 0.423333 0.021667 0.090000
3 0.240833 0.818333 0.006667 0.018333
2 0.695000 0.661667 0.030833 0.051667
3 0.757500 0.591667 0.009167 0.018333
3 0.449167 0.676667 0.008333 0.016667
3 0.622500 0.385000 0.009167 0.016667
3 0.639167 0.353333 0.010000 0.016667
3 0.442500 0.415000 0.007500 0.018333
2 0.638333 0.365000 0.048333 0.043333
2 0.770000 0.398333 0.022500 0.023333
2 0.671667 0.406667 0.023333 0.041667
3 0.698333 0.356667 0.007500 0.016667
3 0.751667 0.398333 0.009167 0.016667
2 0.390833 0.651667 0.034167 0.038333
3 0.318333 0.360000 0.010833 0.023333
2 0.704167 0.296667 0.029167 0.038333
3 0.622500 0.405000 0.011667 0.030000
3 0.723333 0.435000 0.007500 0.018333
3 0.302500 0.408333 0.009167 0.018333
2 0.455833 0.315000 0.010833 0.091667
2 0.770833 0.586667 0.015833 0.068333
2 0.752500 0.373333 0.023333 0.106667
3 0.323333 0.180000 0.008333 0.021667
3 0.787500 0.338333 0.006667 0.018333
2 0.313333 0.726667 0.048333 0.043333
3 0.707500 0.705000 0.008333 0.016667
3 0.790000 0.393333 0.010000 0.016667
3 0.710833 0.371667 0.014167 0.025000
2 0.668333 0.353333 0.022500 0.023333
2 0.716667 0.423333 0.027500 0.016667
2 0.405000 0.353333 0.097500 0.053333
3 0.726667 0.345000 0.008333 0.016667
3 0.244167 0.371667 0.010833 0.013333
2 0.486667 0.735000 0.020000 0.021667
3 0.719167 0.641667 0.007500 0.018333
2 0.375000 0.700000 0.022500 0.023333
3 0.530000 0.291667 0.007500 0.015000
3 0.744167 0.376667 0.013333 0.031667
2 0.399167 0.795000 0.020000 0.021667
2 0.693333 0.651667 0.035000 0.105000
2 0.411667 0.183333 0.097500 0.053333
3 0.698333 0.663333 0.008333 0.016667
3 0.176667 0.388333 0.007500 0.015000
2 0.569167 0.646667 0.020833 0.080000
3 0.730833 0.445000 0.009167 0.016667
2 0.453333 0.698333 0.027500 0.016667
2 0.800833 0.376667 0.011667 0.066667
3 0.706667 0.278333 0.007500 0.015000
2 0.305833 0.333333 0.034167 0.038333
2 0.445000 0.121667 0.009167 0.040000
2 0.255833 0.728333 0.020833 0.080000
2 0.235833 0.358333 0.027500 0.016667
2 0.355833 0.428333 0.020833 0.080000
3 0.455833 0.643333 0.008333 0.016667
3 0.265833 0.390000 0.007500 0.015000
2 0.325833 0.448333 0.020833 0.080000
3 0.582500 0.435000 0.009167 0.016667
2 0.657500 0.626667 0.029167 0.038333
3 0.783333 0.380000 0.007500 0.018333
2 0.669167 0.645000 0.058333 0.076667
3 0.313333 0.373333 0.007500 0.016667
2 0.484167 0.315000 0.022500 0.023333
2 0.476667 0.250000 0.029167 0.038333
2 0.752500 0.361667 0.048333 0.025000
2 0.560833 0.671667 0.019167 0.046667
3 0.314167 0.413333 0.008333 0.021667
3 0.708333 0.428333 0.010833 0.013333
3 0.595833 0.335000 0.007500 0.018333
3 0.775000 0.398333 0.014167 0.025000
2 0.389167 0.676667 0.022500 0.023333
2 0.361667 0.728333 0.023333 0.106667
2 0.672500 0.306667 0.035000 0.105000
3 0.284167 0.255000 0.014167 0.025000
2 0.477500 0.271667 0.027500 0.016667
2 0.665000 0.590000 0.020833 0.080000
3 0.334167 0.400000 0.007500 0.018333
2 0.685833 0.598333 0.020833 0.080000
2 0.769167 0.341667 0.017500 0.116667
2 0.657500 0.426667 0.048333 0.043333
2 0.464167 0.913333 0.010833 0.091667
2 0.697500 0.318333 0.027500 0.016667
3 0.532500 0.706667 0.007500 0.016667
2 0.673333 0.403333 0.022500 0.023333
2 0.675000 0.378333 0.020833 0.028333
2 0.527500 0.605000 0.019167 0.046667
2 0.236667 0.386667 0.020000 0.021667
2 0.357500 0.351667 0.010833 0.091667
2 0.685833 0.663333 0.048333 0.025000
3 0.385833 0.706667 0.007500 0.016667
2 0.604167 0.761667 0.029167 0.038333
3 0.760833 0.390000 0.006667 0.018333
3 0.546667 0.690000 0.015833 0.051667
2 0.167500 0.371667 0.011667 0.066667
2 0.571667 0.640000 0.034167 0.100000
2 0.515000 0.633333 0.097500 0.053333
3 0.780000 0.676667 0.009167 0.023333
2 0.509167 0.608333 0.022500 0.023333
2 0.527500 0.416667 0.013333 0.070000
3 0.646667 0.445000 0.011667 0.030000
2 0.679167 0.303333 0.048333 0.043333
3 0.270000 0.653333 0.010000 0.020000
2 0.286667 0.791667 0.021667 0.090000
2 0.296667 0.313333 0.030833 0.051667
2 0.783333 0.638333 0.048333 0.043333
3 0.635833 0.628333 0.010833 0.023333
2 0.698333 0.305000 0.035000 0.105000
2 0.671667 0.431667 0.009167 0.031667
2 0.405000 0.661667 0.019167 0.046667
3 0.726667 0.426667 0.008333 0.016667
3 0.450833 0.305000 0.015833 0.051667
3 0.746667 0.663333 0.007500 0.015000
2 0.459167 0.905000 0.021667 0.090000
3 0.320833 0.648333 0.010000 0.020000
2 0.777500 0.598333 0.058333 0.076667
2 0.418333 0.378333 0.023333 0.106667
3 0.485833 0.288333 0.011667 0.030000
3 0.668333 0.430000 0.015833 0.051667
3 0.201667 0.663333 0.009167 0.023333
3 0.430833 0.651667 0.017500 0.031667
2 0.725000 0.338333 0.009167 0.040000
3 0.665000 0.365000 0.009167 0.016667
3 0.675000 0.641667 0.009167 0.016667
2 0.733333 0.696667 0.011667 0.025000
3 0.314167 0.760000 0.008333 0.016667
2 0.271667 0.741667 0.027500 0.016667
3 0.294167 0.860000 0.013333 0.015000
2 0.431667 0.763333 0.045833 0.021667
3 0.168333 0.403333 0.013333 0.031667
2 0.515000 0.580000 0.011667 0.066667
2 0.689167 0.371667 0.021667 0.090000
2 0.432500 0.340000 0.030833 0.051667
2 0.527500 0.380000 0.020833 0.080000
2 0.419167 0.633333 0.035000 0.105000
2 0.742500 0.281667 0.010000 0.031667
2 0.726667 0.648333 0.020833 0.028333
3 0.704167 0.676667 0.008333 0.021667
2 0.680833 0.701667 0.011667 0.025000
2 0.647500 0.450000 0.009167 0.031667
3 0.302500 0.746667 0.008333 0.016667
3 0.401667 0.696667 0.010833 0.023333
3 0.167500 0.393333 0.010833 0.023333
2 0.785000 0.338333 0.048333 0.025000
3 0.645833 0.355000 0.009167 0.018333
3 0.636667 0.625000 0.008333 0.021667
2 0.411667 0.383333 0.030833 0.051667
3 0.375000 0.390000 0.015833 0.051667
3 0.309167 0.608333 0.013333 0.031667
2 0.759167 0.700000 0.020000 0.021667
2 0.314167 0.751667 0.097500 0.053333
2 0.295000 0.683333 0.034167 0.038333
3 0.657500 0.405000 0.006667 0.018333
3 0.679167 0.398333 0.008333 0.016667
3 0.703333 0.635000 0.007500 0.015000
2 0.645000 0.598333 0.011667 0.066667
2 0.764167 0.370000 0.020833 0.028333
2 0.710000 0.326667 0.020000 0.021667
2 0.453333 0.236667 0.097500 0.053333
2 0.325000 0.690000 0.009167 0.040000
3 0.711667 0.443333 0.011667 0.030000
3 0.580833 0.435000 0.013333 0.031667
2 0.743333 0.273333 0.035000 0.105000
2 0.661667 0.666667 0.022500 0.023333
2 0.447500 0.795000 0.023333 0.106667
2 0.558333 0.731667 0.048333 0.043333
3 0.800000 0.620000 0.013333 0.031667
3 0.255833 0.770000 0.011667 0.020000
2 0.226667 0.831667 0.020833 0.080000
3 0.369167 0.718333 0.007500 0.015000
2 0.491667 0.761667 0.009167 0.040000
2 0.737500 0.803333 0.020000 0.021667
3 0.522500 0.366667 0.013333 0.015000
2 0.535000 0.701667 0.009167 0.031667
2 0.585833 0.736667 0.030833 0.051667
2 0.456667 0.306667 0.048333 0.025000
3 0.684167 0.685000 0.009167 0.016667
2 0.476667 0.330000 0.020000 0.021667
2 0.747500 0.583333 0.029167 0.038333
3 0.322500 0.345000 0.007500 0.018333
2 0.730000 0.613333 0.045833 0.021667
2 0.649167 0.343333 0.035000 0.105000
3 0.641667 0.660000 0.007500 0.018333
3 0.526667 0.411667 0.010833 0.013333
2 0.837500 0.315000 0.029167 0.038333
3 0.816667 0.416667 0.010833 0.023333
3 0.705833 0.661667 0.008333 0.016667
3 0.678333 0.355000 0.010000 0.016667
3 0.785000 0.661667 0.007500 0.015000
3 0.515000 0.631667 0.013333 0.015000
2 0.795833 0.588333 0.020833 0.080000
3 0.643333 0.713333 0.009167 0.016667
3 0.727500 0.665000 0.007500 0.015000
2 0.744167 0.323333 0.022500 0.023333
3 0.483333 0.303333 0.008333 0.016667
2 0.619167 0.396667 0.030833 0.051667
3 0.486667 0.258333 0.010000 0.020000
2 0.390833 0.671667 0.010000 0.031667
