4 0.767500 0.343333 0.180833 0.306667
4 0.840000 0.411667 0.068333 0.025000
4 0.861667 0.500000 0.144167 0.063333
4 0.838333 0.506667 0.150000 0.220000
4 0.819167 0.451667 0.120833 0.051667
4 0.858333 0.408333 0.050000 0.098333
4 0.846667 0.541667 0.060000 0.093333
4 0.860000 0.593333 0.050000 0.038333
4 0.808333 0.405000 0.097500 0.193333
4 0.846667 0.558333 0.118333 0.236667
4 0.422500 0.531667 0.091667 0.055000
4 0.175000 0.646667 0.304167 0.201667
4 0.164167 0.518333 0.080833 0.051667
4 0.541667 0.555000 0.082500 0.050000
4 0.025000 0.493333 0.050000 0.060000
4 0.135833 0.491667 0.081667 0.123333
4 0.630833 0.513333 0.309167 0.101667
4 0.779167 0.551667 0.088333 0.031667
4 0.547500 0.670000 0.157500 0.296667
4 0.428333 0.600000 0.050000 0.106667
2 0.677500 0.580000 0.017500 0.116667
3 0.330833 0.536667 0.009167 0.023333
3 0.432500 0.488333 0.007500 0.015000
3 0.701667 0.538333 0.007500 0.015000
2 0.650000 0.553333 0.020833 0.080000
3 0.035833 0.576667 0.009167 0.016667
3 0.177500 0.545000 0.013333 0.031667
2 0.789167 0.526667 0.020833 0.028333
2 0.147500 0.460000 0.011667 0.025000
3 0.576667 0.520000 0.007500 0.015000
2 0.075833 0.515000 0.035000 0.105000
2 0.314167 0.546667 0.020833 0.080000
2 0.166667 0.500000 0.022500 0.023333
3 0.461667 0.511667 0.014167 0.025000
2 0.695000 0.625000 0.010833 0.091667
2 0.283333 0.520000 0.009167 0.040000
2 0.660000 0.438333 0.035000 0.105000
2 0.068333 0.560000 0.022500 0.023333
2 0.404167 0.481667 0.027500 0.016667
2 0.370833 0.531667 0.034167 0.038333
2 0.246667 0.501667 0.019167 0.046667
2 0.135833 0.538333 0.026667 0.035000
3 0.082500 0.466667 0.013333 0.015000
3 0.133333 0.570000 0.007500 0.018333
3 0.562500 0.488333 0.011667 0.030000
2 0.724167 0.480000 0.035000 0.105000
2 0.451667 0.518333 0.058333 0.076667
3 0.042500 0.476667 0.010833 0.013333
2 0.565833 0.505000 0.034167 0.038333
2 0.313333 0.511667 0.023333 0.106667
3 0.588333 0.581667 0.007500 0.018333
3 0.282500 0.488333 0.007500 0.018333
2 0.232500 0.458333 0.015833 0.068333
3 0.651667 0.588333 0.009167 0.015000
2 0.666667 0.500000 0.020833 0.080000
2 0.699167 0.455000 0.045833 0.021667
2 0.756667 0.473333 0.026667 0.035000
3 0.768333 0.575000 0.008333 0.016667
3 0.445833 0.535000 0.008333 0.016667
3 0.437500 0.533333 0.007500 0.015000
3 0.186667 0.468333 0.009167 0.018333
2 0.172500 0.468333 0.013333 0.070000
3 0.174167 0.546667 0.015833 0.051667
2 0.483333 0.483333 0.045833 0.021667
2 0.357500 0.505000 0.058333 0.076667
2 0.534167 0.593333 0.023333 0.106667
2 0.616667 0.506667 0.058333 0.076667
3 0.658333 0.568333 0.010833 0.023333
3 0.797500 0.513333 0.009167 0.018333
3 0.820833 0.555000 0.010000 0.016667
3 0.349167 0.563333 0.009167 0.023333
2 0.116667 0.521667 0.020833 0.080000
3 0.085833 0.521667 0.013333 0.031667
3 0.525000 0.538333 0.013333 0.015000
2 0.359167 0.483333 0.014167 0.015000
3 0.480000 0.525000 0.009167 0.016667
2 0.152500 0.476667 0.013333 0.070000
2 0.790833 0.488333 0.020833 0.080000
3 0.609167 0.550000 0.010000 0.020000
3 0.491667 0.498333 0.008333 0.021667
3 0.647500 0.515000 0.011667 0.030000
2 0.668333 0.456667 0.014167 0.015000
3 0.409167 0.561667 0.010000 0.020000
3 0.159167 0.533333 0.007500 0.016667
3 0.744167 0.576667 0.009167 0.015000
3 0.167500 0.558333 0.010000 0.020000
2 0.219167 0.571667 0.034167 0.100000
3 0.665833 0.516667 0.014167 0.025000
3 0.824167 0.596667 0.011667 0.020000
3 0.088333 0.508333 0.010000 0.016667
3 0.807500 0.443333 0.007500 0.018333
3 0.375833 0.560000 0.008333 0.016667
2 0.222500 0.545000 0.022500 0.023333
3 0.440000 0.626667 0.007500 0.016667
2 0.100833 0.548333 0.011667 0.066667
2 0.234167 0.568333 0.045833 0.021667
2 0.260833 0.501667 0.030833 0.051667
2 0.363333 0.548333 0.020000 0.021667
3 0.430000 0.600000 0.010833 0.013333
2 0.054167 0.550000 0.011667 0.025000
3 0.260833 0.540000 0.007500 0.015000
2 0.252500 0.618333 0.034167 0.100000
2 0.349167 0.538333 0.020833 0.080000
2 0.190833 0.565000 0.010000 0.031667
2 0.785833 0.453333 0.017500 0.116667
2 0.558333 0.585000 0.011667 0.025000
2 0.415833 0.508333 0.017500 0.116667
3 0.181667 0.596667 0.009167 0.016667
3 0.427500 0.480000 0.010833 0.023333
3 0.672500 0.538333 0.010000 0.016667
3 0.243333 0.448333 0.009167 0.016667
3 0.194167 0.530000 0.009167 0.016667
3 0.142500 0.451667 0.010833 0.013333
3 0.066667 0.476667 0.011667 0.030000
3 0.406667 0.598333 0.011667 0.020000
2 0.650833 0.498333 0.058333 0.076667
2 0.637500 0.506667 0.023333 0.106667
2 0.587500 0.598333 0.022500 0.023333
2 0.778333 0.540000 0.010833 0.091667
2 0.015833 0.480000 0.031667 0.105000
2 0.486667 0.598333 0.010833 0.091667
3 0.604167 0.481667 0.010833 0.023333
3 0.735000 0.438333 0.006667 0.018333
2 0.736667 0.433333 0.021667 0.090000
2 0.361667 0.710000 0.020833 0.080000
3 0.295833 0.680000 0.007500 0.018333
2 0.276667 0.653333 0.058333 0.076667
3 0.175000 0.395000 0.011667 0.030000
3 0.650000 0.335000 0.013333 0.031667
2 0.549167 0.733333 0.034167 0.038333
2 0.725833 0.383333 0.097500 0.053333
3 0.726667 0.640000 0.010000 0.016667
2 0.635833 0.373333 0.026667 0.035000
2 0.802500 0.663333 0.009167 0.031667
2 0.595000 0.401667 0.030833 0.051667
3 0.297500 0.366667 0.010000 0.020000
2 0.295833 0.716667 0.020833 0.080000
3 0.821667 0.370000 0.007500 0.018333
2 0.348333 0.251667 0.020833 0.080000
3 0.687500 0.630000 0.010833 0.013333
3 0.662500 0.340000 0.009167 0.016667
2 0.384167 0.700000 0.026667 0.035000
2 0.475000 0.836667 0.026667 0.035000
3 0.388333 0.753333 0.009167 0.015000
2 0.306667 0.335000 0.013333 0.070000
3 0.738333 0.661667 0.009167 0.023333
2 0.255000 0.705000 0.022500 0.023333
3 0.680000 0.641667 0.013333 0.031667
3 0.596667 0.578333 0.011667 0.020000
2 0.689167 0.621667 0.019167 0.046667
2 0.772500 0.650000 0.045833 0.021667
2 0.718333 0.406667 0.011667 0.066667
3 0.630000 0.336667 0.007500 0.015000
2 0.659167 0.415000 0.011667 0.025000
3 0.655000 0.383333 0.007500 0.018333
3 0.655000 0.660000 0.013333 0.031667
3 0.736667 0.661667 0.007500 0.015000
2 0.545833 0.648333 0.019167 0.046667
2 0.305000 0.380000 0.027500 0.016667
3 0.777500 0.641667 0.013333 0.015000
3 0.193333 0.393333 0.009167 0.016667
2 0.505000 0.760000 0.048333 0.025000
3 0.401667 0.655000 0.006667 0.018333
3 0.752500 0.368333 0.009167 0.018333
3 0.750000 0.611667 0.009167 0.023333
3 0.456667 0.280000 0.009167 0.016667
2 0.734167 0.403333 0.030833 0.051667
2 0.345833 0.425000 0.010833 0.091667
2 0.309167 0.378333 0.034167 0.100000
3 0.798333 0.395000 0.010833 0.023333
3 0.557500 0.663333 0.010000 0.020000
2 0.297500 0.391667 0.019167 0.046667
2 0.742500 0.663333 0.022500 0.023333
2 0.621667 0.421667 0.023333 0.041667
2 0.174167 0.405000 0.048333 0.025000
3 0.268333 0.205000 0.008333 0.021667
3 0.697500 0.360000 0.009167 0.023333
3 0.719167 0.645000 0.008333 0.021667
3 0.752500 0.650000 0.011667 0.020000
3 0.549167 0.631667 0.006667 0.018333
2 0.257500 0.191667 0.029167 0.038333
2 0.509167 0.641667 0.019167 0.046667
3 0.520000 0.663333 0.007500 0.018333
3 0.294167 0.246667 0.007500 0.015000
2 0.130833 0.383333 0.097500 0.053333
2 0.581667 0.730000 0.011667 0.025000
2 0.708333 0.356667 0.048333 0.025000
2 0.545000 0.641667 0.017500 0.116667
3 0.725833 0.793333 0.007500 0.015000
3 0.655833 0.401667 0.009167 0.015000
3 0.699167 0.300000 0.009167 0.016667
3 0.665833 0.380000 0.009167 0.015000
3 0.676667 0.338333 0.011667 0.030000
3 0.542500 0.691667 0.008333 0.016667
2 0.675833 0.700000 0.020833 0.028333
2 0.476667 0.188333 0.020000 0.021667
2 0.630833 0.708333 0.045833 0.021667
2 0.745833 0.395000 0.026667 0.035000
2 0.696667 0.278333 0.009167 0.031667
3 0.787500 0.406667 0.007500 0.015000
3 0.711667 0.440000 0.011667 0.020000
2 0.605833 0.320000 0.011667 0.066667
3 0.621667 0.390000 0.010000 0.020000
3 0.540833 0.408333 0.008333 0.016667
3 0.332500 0.403333 0.011667 0.030000
3 0.706667 0.705000 0.009167 0.016667
2 0.735000 0.651667 0.009167 0.031667
3 0.485833 0.263333 0.011667 0.030000
3 0.405833 0.650000 0.009167 0.016667
2 0.790833 0.398333 0.020000 0.021667
3 0.141667 0.650000 0.010833 0.013333
2 0.678333 0.660000 0.034167 0.038333
3 0.225833 0.736667 0.008333 0.016667
2 0.248333 0.336667 0.017500 0.116667
3 0.773333 0.605000 0.010833 0.023333
3 0.788333 0.650000 0.014167 0.025000
3 0.565000 0.245000 0.011667 0.020000
3 0.355833 0.656667 0.009167 0.016667
2 0.275000 0.408333 0.023333 0.106667
3 0.573333 0.308333 0.013333 0.015000
2 0.665833 0.453333 0.020833 0.080000
2 0.305833 0.710000 0.010833 0.091667
3 0.392500 0.675000 0.006667 0.018333
3 0.661667 0.685000 0.015833 0.051667
3 0.710833 0.725000 0.013333 0.015000
2 0.706667 0.653333 0.020833 0.080000
3 0.675833 0.443333 0.010833 0.023333
3 0.677500 0.360000 0.011667 0.030000
3 0.516667 0.406667 0.009167 0.016667
3 0.475833 0.165000 0.009167 0.015000
3 0.275833 0.666667 0.008333 0.016667
2 0.758333 0.358333 0.011667 0.025000
3 0.775000 0.346667 0.006667 0.018333
2 0.714167 0.366667 0.021667 0.090000
3 0.692500 0.631667 0.013333 0.031667
2 0.729167 0.655000 0.027500 0.016667
2 0.724167 0.658333 0.022500 0.023333
3 0.545000 0.295000 0.008333 0.016667
3 0.484167 0.786667 0.017500 0.031667
2 0.400000 0.716667 0.020833 0.028333
2 0.516667 0.358333 0.023333 0.041667
2 0.160000 0.596667 0.035000 0.105000
2 0.691667 0.251667 0.045833 0.021667
2 0.485000 0.216667 0.035000 0.105000
2 0.678333 0.595000 0.058333 0.076667
2 0.617500 0.388333 0.009167 0.031667
3 0.679167 0.378333 0.009167 0.023333
3 0.447500 0.663333 0.010000 0.016667
3 0.313333 0.645000 0.010833 0.023333
3 0.709167 0.683333 0.008333 0.016667
3 0.351667 0.661667 0.009167 0.018333
3 0.540000 0.626667 0.017500 0.031667
3 0.732500 0.618333 0.009167 0.016667
3 0.565000 0.693333 0.011667 0.030000
3 0.317500 0.733333 0.009167 0.016667
3 0.202500 0.660000 0.008333 0.016667
2 0.441667 0.256667 0.035000 0.105000
3 0.240000 0.816667 0.008333 0.016667
2 0.750000 0.378333 0.023333 0.041667
2 0.315833 0.683333 0.010000 0.031667
3 0.539167 0.403333 0.010833 0.013333
2 0.336667 0.370000 0.010833 0.091667
3 0.443333 0.318333 0.009167 0.015000
3 0.722500 0.773333 0.010833 0.013333
2 0.674167 0.461667 0.010833 0.091667
2 0.309167 0.376667 0.011667 0.066667
3 0.342500 0.310000 0.009167 0.016667
3 0.810000 0.631667 0.007500 0.018333
2 0.750833 0.363333 0.020833 0.080000
3 0.523333 0.393333 0.013333 0.015000
2 0.692500 0.726667 0.014167 0.015000
2 0.445833 0.738333 0.022500 0.023333
2 0.281667 0.290000 0.020833 0.080000
3 0.224167 0.338333 0.013333 0.031667
3 0.607500 0.388333 0.013333 0.015000
3 0.630000 0.355000 0.009167 0.018333
3 0.476667 0.805000 0.008333 0.016667
3 0.303333 0.348333 0.015833 0.051667
2 0.514167 0.646667 0.019167 0.046667
2 0.555000 0.256667 0.035000 0.105000
3 0.660833 0.358333 0.007500 0.015000
2 0.528333 0.271667 0.034167 0.038333
3 0.736667 0.660000 0.013333 0.031667
3 0.275000 0.821667 0.009167 0.016667
2 0.415000 0.670000 0.020000 0.021667
3 0.380000 0.370000 0.014167 0.025000
2 0.526667 0.326667 0.020833 0.080000
2 0.693333 0.710000 0.014167 0.015000
2 0.600833 0.345000 0.058333 0.076667
2 0.725833 0.375000 0.035000 0.105000
3 0.315833 0.373333 0.009167 0.016667
2 0.265833 0.715000 0.020000 0.021667
2 0.681667 0.653333 0.011667 0.066667
3 0.686667 0.280000 0.013333 0.015000
3 0.601667 0.665000 0.017500 0.031667
2 0.765833 0.621667 0.009167 0.040000
2 0.785833 0.398333 0.009167 0.040000
3 0.658333 0.273333 0.011667 0.020000
3 0.693333 0.690000 0.008333 0.016667
2 0.357500 0.653333 0.009167 0.031667
3 0.313333 0.238333 0.011667 0.030000
2 0.685833 0.325000 0.011667 0.066667
3 0.470000 0.316667 0.007500 0.015000
3 0.640833 0.625000 0.009167 0.016667
2 0.617500 0.673333 0.048333 0.025000
2 0.772500 0.638333 0.019167 0.046667
3 0.718333 0.366667 0.009167 0.015000
3 0.706667 0.621667 0.014167 0.025000
2 0.601667 0.796667 0.034167 0.100000
3 0.540000 0.678333 0.007500 0.015000
2 0.514167 0.233333 0.022500 0.023333
3 0.684167 0.640000 0.010000 0.020000
2 0.587500 0.378333 0.020833 0.080000
3 0.604167 0.731667 0.009167 0.018333
2 0.495000 0.813333 0.034167 0.038333
3 0.823333 0.701667 0.008333 0.016667
2 0.521667 0.373333 0.011667 0.025000
3 0.516667 0.656667 0.014167 0.025000
3 0.680833 0.636667 0.009167 0.018333
3 0.531667 0.623333 0.010833 0.023333
