4 0.800833 0.550000 0.207500 0.168333
4 0.805833 0.491667 0.080000 0.141667
4 0.857500 0.716667 0.100833 0.278333
4 0.824167 0.425000 0.120833 0.156667
4 0.814167 0.668333 0.065833 0.178333
4 0.840833 0.531667 0.075833 0.066667
4 0.766667 0.606667 0.249167 0.165000
4 0.855000 0.705000 0.113333 0.170000
4 0.883333 0.515000 0.084167 0.063333
4 0.834167 0.530000 0.056667 0.083333
4 0.519167 0.461667 0.105000 0.143333
4 0.052500 0.538333 0.074167 0.063333
4 0.111667 0.668333 0.183333 0.395000
4 0.670000 0.438333 0.174167 0.166667
4 0.135000 0.493333 0.134167 0.063333
4 0.088333 0.488333 0.063333 0.041667
4 0.476667 0.558333 0.068333 0.026667
4 0.720833 0.570000 0.077500 0.076667
4 0.183333 0.518333 0.050000 0.046667
4 0.155000 0.498333 0.087500 0.128333
2 0.645833 0.508333 0.045833 0.021667
3 0.528333 0.538333 0.011667 0.030000
3 0.218333 0.483333 0.014167 0.025000
3 0.108333 0.495000 0.013333 0.015000
2 0.508333 0.528333 0.097500 0.053333
2 0.275833 0.498333 0.029167 0.038333
2 0.080000 0.620000 0.010833 0.091667
3 0.596667 0.536667 0.014167 0.025000
3 0.339167 0.576667 0.013333 0.015000
2 0.779167 0.488333 0.014167 0.015000
3 0.335000 0.460000 0.007500 0.015000
3 0.086667 0.531667 0.007500 0.015000
3 0.449167 0.563333 0.011667 0.020000
2 0.675833 0.566667 0.009167 0.031667
3 0.415000 0.481667 0.007500 0.015000
3 0.535000 0.576667 0.008333 0.016667
2 0.215833 0.561667 0.020833 0.080000
2 0.717500 0.595000 0.030833 0.051667
2 0.686667 0.488333 0.097500 0.053333
2 0.516667 0.565000 0.010833 0.091667
3 0.105000 0.510000 0.007500 0.018333
3 0.421667 0.516667 0.009167 0.018333
3 0.790000 0.511667 0.007500 0.015000
3 0.370000 0.541667 0.013333 0.015000
2 0.540833 0.550000 0.010833 0.091667
2 0.698333 0.581667 0.020000 0.021667
3 0.110833 0.496667 0.017500 0.031667
3 0.214167 0.456667 0.015833 0.051667
2 0.573333 0.618333 0.010833 0.091667
2 0.539167 0.503333 0.020833 0.080000
3 0.540833 0.553333 0.011667 0.030000
3 0.145000 0.551667 0.011667 0.020000
2 0.158333 0.475000 0.013333 0.070000
2 0.230833 0.528333 0.020833 0.080000
2 0.123333 0.566667 0.026667 0.035000
2 0.130000 0.488333 0.026667 0.035000
3 0.261667 0.596667 0.010833 0.013333
3 0.370833 0.510000 0.007500 0.015000
3 0.288333 0.591667 0.007500 0.018333
3 0.220000 0.538333 0.010833 0.013333
3 0.475000 0.486667 0.009167 0.018333
3 0.551667 0.525000 0.008333 0.016667
3 0.124167 0.453333 0.007500 0.015000
3 0.590000 0.526667 0.009167 0.016667
3 0.020833 0.488333 0.014167 0.025000
3 0.284167 0.580000 0.008333 0.016667
2 0.714167 0.463333 0.010000 0.031667
2 0.690000 0.556667 0.020000 0.021667
3 0.210000 0.525000 0.009167 0.016667
2 0.429167 0.478333 0.009167 0.031667
2 0.095833 0.471667 0.048333 0.043333
2 0.265000 0.556667 0.023333 0.106667
3 0.552500 0.553333 0.014167 0.025000
2 0.443333 0.626667 0.022500 0.023333
3 0.271667 0.558333 0.013333 0.015000
2 0.217500 0.506667 0.035000 0.105000
2 0.565833 0.581667 0.020833 0.028333
2 0.400833 0.576667 0.019167 0.046667
3 0.179167 0.475000 0.011667 0.020000
3 0.682500 0.565000 0.015833 0.051667
3 0.473333 0.461667 0.009167 0.016667
3 0.293333 0.521667 0.009167 0.016667
2 0.667500 0.593333 0.013333 0.070000
2 0.357500 0.571667 0.011667 0.066667
2 0.172500 0.516667 0.021667 0.090000
2 0.287500 0.446667 0.019167 0.046667
2 0.170833 0.501667 0.010833 0.091667
2 0.244167 0.590000 0.023333 0.041667
3 0.518333 0.533333 0.017500 0.031667
2 0.102500 0.478333 0.029167 0.038333
3 0.250000 0.478333 0.007500 0.018333
2 0.470833 0.535000 0.030833 0.051667
3 0.300833 0.581667 0.011667 0.020000
3 0.574167 0.505000 0.007500 0.018333
2 0.225833 0.453333 0.029167 0.038333
2 0.126667 0.473333 0.010000 0.031667
2 0.333333 0.590000 0.034167 0.100000
3 0.366667 0.480000 0.009167 0.015000
2 0.748333 0.563333 0.014167 0.015000
2 0.695833 0.583333 0.020000 0.021667
2 0.129167 0.600000 0.026667 0.035000
2 0.125000 0.583333 0.014167 0.015000
3 0.281667 0.523333 0.009167 0.016667
3 0.361667 0.496667 0.007500 0.018333
3 0.552500 0.503333 0.010833 0.013333
2 0.576667 0.496667 0.017500 0.116667
2 0.225000 0.500000 0.022500 0.023333
2 0.055833 0.546667 0.034167 0.100000
2 0.805000 0.578333 0.023333 0.106667
2 0.707500 0.460000 0.011667 0.066667
2 0.247500 0.511667 0.014167 0.015000
2 0.477500 0.525000 0.014167 0.015000
2 0.550000 0.520000 0.015833 0.068333
2 0.124167 0.476667 0.011667 0.025000
3 0.800000 0.561667 0.009167 0.015000
3 0.565000 0.486667 0.006667 0.018333
2 0.189167 0.441667 0.009167 0.040000
2 0.509167 0.545000 0.013333 0.070000
3 0.202500 0.476667 0.006667 0.018333
3 0.477500 0.458333 0.009167 0.016667
2 0.456667 0.428333 0.026667 0.035000
3 0.490833 0.551667 0.008333 0.021667
2 0.335833 0.856667 0.023333 0.106667
2 0.465833 0.613333 0.020833 0.080000
2 0.519167 0.666667 0.035000 0.105000
2 0.250000 0.381667 0.014167 0.015000
3 0.309167 0.703333 0.009167 0.016667
2 0.710000 0.393333 0.023333 0.106667
3 0.490833 0.333333 0.010833 0.013333
2 0.489167 0.746667 0.020833 0.080000
2 0.280833 0.123333 0.020000 0.021667
2 0.788333 0.396667 0.011667 0.025000
3 0.545000 0.296667 0.008333 0.016667
2 0.523333 0.345000 0.020833 0.028333
3 0.470000 0.295000 0.008333 0.016667
3 0.755833 0.411667 0.008333 0.016667
2 0.520000 0.623333 0.023333 0.041667
2 0.255000 0.795000 0.013333 0.070000
2 0.745000 0.285000 0.020833 0.080000
2 0.304167 0.698333 0.014167 0.015000
3 0.776667 0.323333 0.007500 0.018333
2 0.512500 0.701667 0.048333 0.043333
3 0.550833 0.633333 0.014167 0.025000
2 0.277500 0.786667 0.030833 0.051667
2 0.280833 0.270000 0.027500 0.016667
3 0.357500 0.253333 0.011667 0.020000
3 0.535000 0.350000 0.006667 0.018333
3 0.670000 0.631667 0.007500 0.016667
2 0.646667 0.375000 0.026667 0.035000
2 0.426667 0.688333 0.027500 0.016667
3 0.471667 0.123333 0.009167 0.016667
2 0.315000 0.353333 0.015833 0.068333
2 0.570000 0.625000 0.097500 0.053333
2 0.145833 0.608333 0.029167 0.038333
2 0.645833 0.615000 0.009167 0.040000
2 0.337500 0.718333 0.020833 0.080000
2 0.456667 0.693333 0.020833 0.028333
2 0.755000 0.375000 0.023333 0.106667
3 0.552500 0.338333 0.013333 0.015000
3 0.380833 0.366667 0.006667 0.018333
3 0.328333 0.235000 0.007500 0.015000
3 0.516667 0.331667 0.007500 0.018333
2 0.692500 0.365000 0.017500 0.116667
2 0.614167 0.626667 0.009167 0.040000
3 0.785000 0.661667 0.008333 0.016667
3 0.802500 0.333333 0.013333 0.015000
3 0.692500 0.753333 0.007500 0.018333
3 0.355000 0.283333 0.008333 0.016667
3 0.316667 0.790000 0.007500 0.015000
3 0.703333 0.631667 0.010000 0.020000
3 0.571667 0.615000 0.013333 0.015000
2 0.706667 0.350000 0.045833 0.021667
2 0.710000 0.445000 0.034167 0.100000
3 0.762500 0.385000 0.007500 0.015000
2 0.445833 0.703333 0.014167 0.015000
3 0.680000 0.648333 0.007500 0.016667
3 0.390000 0.736667 0.008333 0.021667
3 0.690833 0.358333 0.007500 0.015000
3 0.672500 0.356667 0.007500 0.018333
3 0.820000 0.393333 0.011667 0.030000
3 0.719167 0.368333 0.008333 0.016667
3 0.698333 0.378333 0.009167 0.016667
2 0.669167 0.315000 0.020833 0.080000
3 0.306667 0.403333 0.009167 0.018333
2 0.410833 0.670000 0.011667 0.066667
2 0.556667 0.680000 0.023333 0.041667
2 0.735833 0.415000 0.048333 0.025000
2 0.657500 0.335000 0.048333 0.043333
3 0.240833 0.736667 0.014167 0.025000
3 0.455000 0.663333 0.009167 0.018333
3 0.760833 0.386667 0.011667 0.020000
2 0.459167 0.093333 0.011667 0.066667
3 0.655833 0.395000 0.008333 0.016667
2 0.422500 0.345000 0.009167 0.040000
2 0.283333 0.641667 0.058333 0.076667
2 0.296667 0.331667 0.026667 0.035000
3 0.760833 0.338333 0.013333 0.031667
2 0.525833 0.376667 0.029167 0.038333
2 0.700000 0.693333 0.026667 0.035000
2 0.332500 0.193333 0.020833 0.080000
2 0.309167 0.433333 0.010833 0.091667
2 0.505833 0.821667 0.010833 0.091667
3 0.742500 0.283333 0.009167 0.016667
2 0.287500 0.780000 0.045833 0.021667
2 0.491667 0.310000 0.023333 0.041667
2 0.273333 0.261667 0.045833 0.021667
2 0.787500 0.425000 0.026667 0.035000
3 0.267500 0.350000 0.017500 0.031667
2 0.795833 0.638333 0.011667 0.025000
2 0.619167 0.396667 0.030833 0.051667
3 0.545833 0.645000 0.009167 0.016667
3 0.666667 0.443333 0.009167 0.018333
3 0.650000 0.623333 0.007500 0.015000
2 0.677500 0.271667 0.048333 0.025000
2 0.798333 0.386667 0.011667 0.025000
3 0.605000 0.371667 0.008333 0.021667
3 0.775833 0.378333 0.007500 0.015000
2 0.438333 0.640000 0.020833 0.080000
3 0.716667 0.416667 0.009167 0.016667
3 0.753333 0.381667 0.010833 0.013333
2 0.534167 0.645000 0.034167 0.038333
2 0.211667 0.678333 0.048333 0.025000
3 0.807500 0.430000 0.007500 0.015000
3 0.705000 0.401667 0.014167 0.025000
2 0.024167 0.583333 0.019167 0.046667
2 0.685833 0.440000 0.021667 0.090000
3 0.589167 0.336667 0.013333 0.015000
3 0.455833 0.290000 0.008333 0.016667
2 0.705833 0.290000 0.009167 0.031667
2 0.568333 0.650000 0.011667 0.066667
2 0.507500 0.401667 0.027500 0.016667
3 0.295000 0.360000 0.014167 0.025000
3 0.282500 0.640000 0.008333 0.016667
3 0.765833 0.613333 0.007500 0.015000
3 0.343333 0.746667 0.009167 0.015000
2 0.697500 0.393333 0.030833 0.051667
3 0.525000 0.433333 0.008333 0.016667
2 0.685833 0.398333 0.021667 0.090000
3 0.780833 0.366667 0.010833 0.013333
2 0.690000 0.740000 0.021667 0.090000
2 0.683333 0.345000 0.020833 0.028333
3 0.540833 0.735000 0.006667 0.018333
3 0.278333 0.408333 0.015833 0.051667
3 0.574167 0.173333 0.010000 0.020000
2 0.431667 0.785000 0.097500 0.053333
2 0.635833 0.448333 0.022500 0.023333
2 0.443333 0.726667 0.027500 0.016667
2 0.336667 0.901667 0.020833 0.080000
2 0.336667 0.240000 0.023333 0.106667
3 0.389167 0.648333 0.010000 0.016667
2 0.612500 0.430000 0.048333 0.043333
3 0.736667 0.656667 0.013333 0.015000
2 0.675000 0.400000 0.097500 0.053333
2 0.260833 0.690000 0.011667 0.025000
2 0.286667 0.315000 0.045833 0.021667
2 0.651667 0.358333 0.030833 0.051667
2 0.453333 0.811667 0.009167 0.040000
3 0.548333 0.646667 0.011667 0.020000
2 0.425833 0.733333 0.015833 0.068333
2 0.749167 0.623333 0.009167 0.040000
2 0.472500 0.351667 0.013333 0.070000
2 0.188333 0.780000 0.097500 0.053333
3 0.354167 0.320000 0.017500 0.031667
2 0.485833 0.750000 0.020833 0.080000
2 0.254167 0.265000 0.010833 0.091667
2 0.837500 0.331667 0.023333 0.041667
3 0.436667 0.691667 0.007500 0.016667
3 0.554167 0.226667 0.007500 0.015000
3 0.698333 0.688333 0.009167 0.018333
2 0.268333 0.290000 0.021667 0.090000
3 0.813333 0.721667 0.007500 0.018333
3 0.305000 0.363333 0.007500 0.018333
3 0.473333 0.296667 0.014167 0.025000
2 0.600833 0.643333 0.019167 0.046667
3 0.761667 0.415000 0.009167 0.015000
3 0.273333 0.321667 0.007500 0.015000
3 0.369167 0.408333 0.009167 0.023333
2 0.740833 0.306667 0.029167 0.038333
2 0.220833 0.335000 0.020000 0.021667
3 0.329167 0.651667 0.008333 0.021667
3 0.399167 0.325000 0.006667 0.018333
2 0.241667 0.358333 0.015833 0.068333
2 0.423333 0.703333 0.011667 0.025000
2 0.684167 0.695000 0.009167 0.031667
2 0.748333 0.378333 0.048333 0.043333
2 0.831667 0.350000 0.034167 0.100000
3 0.545833 0.420000 0.010833 0.023333
3 0.305833 0.365000 0.006667 0.018333
2 0.676667 0.736667 0.048333 0.025000
2 0.415000 0.793333 0.022500 0.023333
2 0.435000 0.375000 0.020000 0.021667
2 0.293333 0.383333 0.030833 0.051667
2 0.805833 0.630000 0.022500 0.023333
2 0.448333 0.778333 0.020833 0.028333
2 0.710833 0.671667 0.021667 0.090000
2 0.661667 0.690000 0.058333 0.076667
2 0.582500 0.661667 0.020833 0.080000
2 0.705833 0.675000 0.010000 0.031667
2 0.454167 0.281667 0.097500 0.053333
2 0.481667 0.623333 0.015833 0.068333
2 0.451667 0.703333 0.027500 0.016667
2 0.676667 0.715000 0.048333 0.025000
3 0.686667 0.345000 0.010000 0.020000
3 0.682500 0.406667 0.017500 0.031667
3 0.282500 0.765000 0.008333 0.016667
2 0.441667 0.765000 0.030833 0.051667
3 0.739167 0.686667 0.008333 0.016667
3 0.782500 0.685000 0.011667 0.020000
3 0.442500 0.896667 0.009167 0.016667
3 0.240833 0.370000 0.007500 0.018333
3 0.465833 0.261667 0.010833 0.023333
2 0.660000 0.625000 0.023333 0.041667
3 0.281667 0.640000 0.009167 0.016667
2 0.484167 0.678333 0.014167 0.015000
3 0.490833 0.785000 0.011667 0.030000
2 0.462500 0.641667 0.048333 0.043333
2 0.747500 0.711667 0.027500 0.016667
3 0.265833 0.795000 0.010000 0.016667
3 0.375833 0.678333 0.007500 0.018333
2 0.541667 0.416667 0.020000 0.021667
