4 0.865833 0.521667 0.090833 0.075000
4 0.807500 0.541667 0.143333 0.063333
4 0.865000 0.490000 0.056667 0.115000
4 0.836667 0.515000 0.142500 0.123333
4 0.856667 0.366667 0.076667 0.048333
4 0.872500 0.351667 0.035000 0.063333
4 0.807500 0.525000 0.125000 0.133333
4 0.875833 0.603333 0.055000 0.023333
4 0.784167 0.450000 0.180000 0.086667
4 0.812500 0.738333 0.159167 0.186667
4 0.497500 0.461667 0.085000 0.115000
4 0.411667 0.540000 0.205833 0.071667
4 0.315833 0.515000 0.073333 0.121667
4 0.020833 0.526667 0.041667 0.078333
4 0.203333 0.608333 0.065000 0.145000
4 0.655833 0.575000 0.073333 0.096667
4 0.428333 0.551667 0.036667 0.038333
4 0.187500 0.450000 0.161667 0.181667
4 0.182500 0.510000 0.102500 0.056667
4 0.179167 0.553333 0.080833 0.050000
3 0.677500 0.455000 0.008333 0.016667
2 0.449167 0.475000 0.009167 0.040000
3 0.433333 0.510000 0.010000 0.016667
2 0.542500 0.453333 0.009167 0.040000
3 0.509167 0.565000 0.007500 0.015000
3 0.159167 0.560000 0.007500 0.018333
3 0.506667 0.548333 0.008333 0.016667
2 0.539167 0.493333 0.017500 0.116667
3 0.163333 0.606667 0.010833 0.013333
2 0.637500 0.546667 0.023333 0.041667
2 0.618333 0.601667 0.011667 0.025000
3 0.323333 0.510000 0.010000 0.016667
3 0.510833 0.518333 0.008333 0.021667
3 0.727500 0.495000 0.007500 0.015000
3 0.044167 0.531667 0.009167 0.016667
2 0.314167 0.550000 0.048333 0.043333
2 0.332500 0.466667 0.011667 0.066667
3 0.811667 0.563333 0.008333 0.016667
2 0.109167 0.551667 0.029167 0.038333
2 0.779167 0.508333 0.023333 0.106667
2 0.610000 0.500000 0.009167 0.031667
2 0.802500 0.573333 0.034167 0.038333
2 0.080833 0.530000 0.009167 0.031667
3 0.727500 0.555000 0.009167 0.018333
2 0.771667 0.500000 0.017500 0.116667
3 0.549167 0.498333 0.008333 0.016667
3 0.139167 0.483333 0.010000 0.020000
2 0.225000 0.463333 0.011667 0.025000
2 0.024167 0.568333 0.009167 0.031667
2 0.645000 0.546667 0.011667 0.025000
3 0.805833 0.561667 0.007500 0.016667
2 0.429167 0.595000 0.021667 0.090000
2 0.243333 0.563333 0.048333 0.025000
2 0.395833 0.521667 0.020833 0.080000
3 0.440000 0.575000 0.007500 0.016667
3 0.435000 0.550000 0.009167 0.016667
2 0.782500 0.591667 0.048333 0.025000
2 0.218333 0.540000 0.019167 0.046667
2 0.118333 0.490000 0.014167 0.015000
3 0.390000 0.548333 0.008333 0.021667
3 0.121667 0.570000 0.010833 0.013333
2 0.630833 0.535000 0.058333 0.076667
3 0.742500 0.530000 0.013333 0.015000
2 0.780833 0.525000 0.019167 0.046667
3 0.458333 0.553333 0.009167 0.016667
2 0.207500 0.570000 0.015833 0.068333
2 0.224167 0.556667 0.019167 0.046667
2 0.797500 0.503333 0.023333 0.041667
2 0.432500 0.550000 0.009167 0.040000
3 0.132500 0.481667 0.007500 0.015000
3 0.268333 0.498333 0.007500 0.015000
3 0.826667 0.633333 0.008333 0.016667
2 0.501667 0.493333 0.021667 0.090000
3 0.186667 0.535000 0.007500 0.016667
2 0.640000 0.528333 0.023333 0.041667
2 0.169167 0.473333 0.023333 0.041667
3 0.618333 0.525000 0.009167 0.016667
3 0.294167 0.525000 0.007500 0.016667
3 0.297500 0.478333 0.011667 0.020000
3 0.162500 0.446667 0.010833 0.013333
3 0.574167 0.471667 0.015833 0.051667
2 0.288333 0.570000 0.021667 0.090000
2 0.485833 0.375000 0.011667 0.066667
2 0.585833 0.491667 0.022500 0.023333
2 0.094167 0.576667 0.026667 0.035000
2 0.643333 0.433333 0.011667 0.066667
3 0.185833 0.536667 0.006667 0.018333
2 0.305000 0.535000 0.020833 0.028333
2 0.800000 0.591667 0.011667 0.025000
3 0.594167 0.575000 0.015833 0.051667
3 0.791667 0.576667 0.008333 0.021667
2 0.205000 0.550000 0.011667 0.025000
2 0.250000 0.476667 0.011667 0.025000
3 0.796667 0.555000 0.011667 0.020000
2 0.503333 0.473333 0.009167 0.031667
2 0.400833 0.545000 0.097500 0.053333
2 0.705000 0.548333 0.035000 0.105000
2 0.808333 0.496667 0.011667 0.025000
3 0.334167 0.556667 0.010833 0.023333
3 0.257500 0.478333 0.009167 0.018333
2 0.540000 0.511667 0.029167 0.038333
2 0.755833 0.461667 0.029167 0.038333
3 0.712500 0.576667 0.010000 0.020000
2 0.472500 0.470000 0.009167 0.040000
2 0.769167 0.571667 0.014167 0.015000
3 0.482500 0.586667 0.007500 0.015000
2 0.191667 0.588333 0.019167 0.046667
3 0.315833 0.595000 0.015833 0.051667
2 0.695833 0.541667 0.026667 0.035000
2 0.266667 0.488333 0.026667 0.035000
3 0.612500 0.503333 0.007500 0.018333
2 0.472500 0.511667 0.022500 0.023333
2 0.725833 0.553333 0.021667 0.090000
2 0.346667 0.455000 0.020833 0.080000
2 0.555000 0.506667 0.029167 0.038333
2 0.545000 0.550000 0.048333 0.025000
3 0.378333 0.525000 0.009167 0.016667
3 0.511667 0.581667 0.008333 0.016667
3 0.388333 0.523333 0.015833 0.051667
3 0.130000 0.491667 0.014167 0.025000
3 0.204167 0.525000 0.010833 0.023333
3 0.105833 0.473333 0.008333 0.016667
2 0.818333 0.386667 0.014167 0.015000
2 0.507500 0.610000 0.048333 0.043333
3 0.625833 0.350000 0.007500 0.015000
3 0.531667 0.688333 0.008333 0.016667
3 0.778333 0.378333 0.014167 0.025000
3 0.402500 0.696667 0.009167 0.016667
3 0.345833 0.783333 0.010833 0.013333
2 0.527500 0.643333 0.097500 0.053333
3 0.305833 0.790000 0.009167 0.023333
3 0.603333 0.311667 0.010833 0.013333
3 0.561667 0.673333 0.013333 0.031667
3 0.562500 0.376667 0.008333 0.021667
3 0.687500 0.421667 0.009167 0.016667
3 0.318333 0.705000 0.015833 0.051667
3 0.775833 0.711667 0.009167 0.018333
3 0.436667 0.851667 0.011667 0.030000
3 0.735833 0.661667 0.009167 0.018333
2 0.411667 0.660000 0.058333 0.076667
3 0.660833 0.341667 0.010833 0.013333
2 0.481667 0.748333 0.017500 0.116667
2 0.442500 0.645000 0.020833 0.028333
3 0.690833 0.338333 0.006667 0.018333
3 0.516667 0.328333 0.007500 0.015000
3 0.775833 0.406667 0.013333 0.031667
3 0.268333 0.735000 0.008333 0.016667
2 0.522500 0.390000 0.009167 0.031667
2 0.749167 0.291667 0.027500 0.016667
2 0.678333 0.703333 0.034167 0.100000
3 0.485000 0.443333 0.009167 0.015000
3 0.356667 0.740000 0.010000 0.020000
2 0.442500 0.375000 0.014167 0.015000
2 0.692500 0.688333 0.010000 0.031667
3 0.645833 0.688333 0.015833 0.051667
2 0.305833 0.755000 0.019167 0.046667
3 0.624167 0.361667 0.010000 0.020000
2 0.480833 0.800000 0.030833 0.051667
2 0.630833 0.340000 0.029167 0.038333
3 0.300000 0.666667 0.017500 0.031667
2 0.742500 0.688333 0.015833 0.068333
3 0.420000 0.673333 0.009167 0.016667
3 0.585833 0.361667 0.008333 0.016667
2 0.664167 0.415000 0.023333 0.041667
2 0.367500 0.785000 0.034167 0.100000
2 0.340833 0.846667 0.026667 0.035000
3 0.762500 0.648333 0.015833 0.051667
2 0.645000 0.341667 0.023333 0.106667
2 0.318333 0.646667 0.048333 0.025000
2 0.637500 0.431667 0.014167 0.015000
3 0.799167 0.398333 0.010833 0.013333
2 0.357500 0.283333 0.029167 0.038333
2 0.722500 0.813333 0.010833 0.091667
2 0.280833 0.446667 0.009167 0.031667
3 0.315000 0.383333 0.008333 0.016667
3 0.535000 0.691667 0.009167 0.018333
2 0.717500 0.611667 0.020000 0.021667
3 0.676667 0.403333 0.015833 0.051667
3 0.408333 0.683333 0.008333 0.016667
2 0.743333 0.408333 0.020000 0.021667
3 0.781667 0.378333 0.009167 0.023333
3 0.336667 0.230000 0.006667 0.018333
3 0.760000 0.388333 0.007500 0.016667
3 0.774167 0.405000 0.009167 0.018333
2 0.321667 0.641667 0.015833 0.068333
3 0.707500 0.703333 0.008333 0.016667
3 0.573333 0.735000 0.014167 0.025000
3 0.190833 0.400000 0.006667 0.018333
3 0.560000 0.341667 0.007500 0.016667
3 0.281667 0.715000 0.011667 0.030000
3 0.784167 0.891667 0.009167 0.016667
3 0.316667 0.713333 0.010000 0.020000
2 0.317500 0.260000 0.048333 0.025000
3 0.170833 0.403333 0.008333 0.016667
3 0.525000 0.358333 0.009167 0.016667
3 0.528333 0.383333 0.008333 0.021667
2 0.473333 0.673333 0.020833 0.080000
3 0.376667 0.796667 0.009167 0.016667
2 0.514167 0.843333 0.020000 0.021667
3 0.343333 0.371667 0.011667 0.020000
3 0.470833 0.318333 0.006667 0.018333
3 0.662500 0.398333 0.009167 0.016667
2 0.430000 0.305000 0.097500 0.053333
3 0.677500 0.376667 0.013333 0.031667
2 0.770000 0.291667 0.020833 0.080000
3 0.455000 0.296667 0.008333 0.016667
3 0.315833 0.765000 0.013333 0.031667
2 0.289167 0.870000 0.022500 0.023333
3 0.375833 0.763333 0.017500 0.031667
3 0.325000 0.383333 0.010833 0.023333
2 0.380000 0.368333 0.034167 0.038333
3 0.704167 0.676667 0.008333 0.021667
2 0.387500 0.718333 0.045833 0.021667
3 0.330000 0.313333 0.010000 0.016667
3 0.598333 0.578333 0.008333 0.016667
2 0.510833 0.603333 0.020833 0.080000
3 0.781667 0.361667 0.009167 0.018333
2 0.491667 0.283333 0.045833 0.021667
3 0.720833 0.620000 0.009167 0.016667
2 0.385000 0.728333 0.017500 0.116667
3 0.365000 0.308333 0.006667 0.018333
2 0.279167 0.701667 0.009167 0.040000
3 0.760833 0.371667 0.009167 0.016667
2 0.288333 0.306667 0.034167 0.100000
3 0.696667 0.270000 0.009167 0.016667
3 0.580000 0.760000 0.009167 0.016667
2 0.441667 0.368333 0.020000 0.021667
3 0.693333 0.631667 0.010833 0.023333
2 0.595833 0.998333 0.027500 0.001667
2 0.286667 0.816667 0.021667 0.090000
2 0.634167 0.345000 0.097500 0.053333
2 0.491667 0.246667 0.015833 0.068333
3 0.781667 0.390000 0.008333 0.021667
3 0.664167 0.661667 0.009167 0.023333
3 0.756667 0.626667 0.010833 0.013333
2 0.330000 0.323333 0.009167 0.031667
2 0.411667 0.661667 0.019167 0.046667
3 0.769167 0.375000 0.008333 0.016667
3 0.367500 0.430000 0.009167 0.015000
3 0.290000 0.273333 0.009167 0.018333
3 0.515000 0.786667 0.010833 0.013333
3 0.730833 0.363333 0.009167 0.016667
2 0.690000 0.691667 0.011667 0.066667
3 0.585000 0.438333 0.010000 0.016667
2 0.760000 0.335000 0.014167 0.015000
2 0.462500 0.640000 0.027500 0.016667
3 0.799167 0.393333 0.009167 0.016667
2 0.387500 0.645000 0.034167 0.038333
2 0.264167 0.133333 0.058333 0.076667
2 0.491667 0.226667 0.020833 0.080000
2 0.679167 0.426667 0.020000 0.021667
3 0.318333 0.341667 0.009167 0.016667
2 0.666667 0.323333 0.015833 0.068333
2 0.577500 0.746667 0.009167 0.031667
2 0.453333 0.683333 0.020833 0.028333
2 0.717500 0.596667 0.019167 0.046667
2 0.310000 0.243333 0.020833 0.028333
3 0.787500 0.731667 0.010833 0.013333
3 0.427500 0.646667 0.009167 0.015000
2 0.678333 0.593333 0.097500 0.053333
3 0.710000 0.998333 0.010000 0.001667
3 0.408333 0.683333 0.008333 0.016667
2 0.303333 0.348333 0.013333 0.070000
3 0.709167 0.416667 0.010833 0.023333
3 0.282500 0.753333 0.008333 0.021667
2 0.387500 0.641667 0.045833 0.021667
3 0.651667 0.335000 0.009167 0.016667
3 0.472500 0.360000 0.014167 0.025000
3 0.506667 0.326667 0.008333 0.016667
3 0.754167 0.368333 0.017500 0.031667
2 0.313333 0.171667 0.027500 0.016667
3 0.520833 0.401667 0.010833 0.013333
3 0.594167 0.161667 0.008333 0.016667
2 0.323333 0.338333 0.020000 0.021667
3 0.804167 0.645000 0.006667 0.018333
3 0.717500 0.385000 0.007500 0.018333
3 0.640000 0.655000 0.010833 0.013333
2 0.315833 0.335000 0.020833 0.028333
3 0.770000 0.358333 0.006667 0.018333
2 0.805000 0.753333 0.013333 0.070000
2 0.593333 0.673333 0.045833 0.021667
3 0.485000 0.376667 0.010833 0.023333
2 0.553333 0.208333 0.009167 0.040000
2 0.459167 0.113333 0.034167 0.038333
3 0.765833 0.676667 0.013333 0.015000
3 0.173333 0.636667 0.007500 0.016667
2 0.742500 0.441667 0.020833 0.080000
3 0.749167 0.645000 0.009167 0.023333
2 0.700000 0.663333 0.029167 0.038333
3 0.475000 0.795000 0.007500 0.016667
2 0.611667 0.383333 0.097500 0.053333
2 0.751667 0.406667 0.020833 0.028333
3 0.460833 0.696667 0.015833 0.051667
2 0.679167 0.380000 0.048333 0.025000
2 0.703333 0.625000 0.020833 0.028333
3 0.340833 0.673333 0.008333 0.016667
3 0.752500 0.398333 0.008333 0.016667
3 0.771667 0.420000 0.017500 0.031667
3 0.407500 0.695000 0.017500 0.031667
2 0.654167 0.388333 0.021667 0.090000
2 0.233333 0.386667 0.048333 0.025000
2 0.625000 0.360000 0.009167 0.031667
3 0.679167 0.593333 0.009167 0.016667
2 0.700000 0.383333 0.026667 0.035000
2 0.275000 0.275000 0.026667 0.035000
2 0.803333 0.896667 0.017500 0.116667
3 0.711667 0.345000 0.007500 0.016667
3 0.495000 0.676667 0.015833 0.051667
2 0.470833 0.115000 0.011667 0.025000
3 0.699167 0.378333 0.007500 0.018333
3 0.775833 0.380000 0.008333 0.016667
2 0.192500 0.395000 0.011667 0.025000
2 0.521667 0.370000 0.035000 0.105000
2 0.746667 0.393333 0.029167 0.038333
3 0.240833 0.366667 0.017500 0.031667
2 0.327500 0.795000 0.011667 0.025000
3 0.706667 0.723333 0.007500 0.018333
3 0.432500 0.675000 0.007500 0.018333
2 0.743333 0.620000 0.030833 0.051667
2 0.696667 0.361667 0.045833 0.021667
