4 0.870000 0.581667 0.098333 0.228333
4 0.815833 0.466667 0.106667 0.045000
4 0.857500 0.550000 0.117500 0.041667
4 0.885833 0.366667 0.054167 0.076667
4 0.752500 0.490000 0.214167 0.060000
4 0.908333 0.405000 0.040000 0.068333
4 0.736667 0.498333 0.278333 0.170000
4 0.890833 0.566667 0.042500 0.066667
4 0.875833 0.376667 0.092500 0.101667
4 0.890000 0.460000 0.043333 0.023333
4 0.153333 0.461667 0.070833 0.103333
4 0.240833 0.456667 0.050833 0.088333
4 0.128333 0.586667 0.063333 0.056667
4 0.050833 0.440000 0.078333 0.165000
4 0.202500 0.443333 0.047500 0.115000
4 0.432500 0.548333 0.060000 0.116667
4 0.594167 0.515000 0.070000 0.043333
4 0.046667 0.636667 0.093333 0.255000
4 0.457500 0.463333 0.212500 0.173333
4 0.146667 0.541667 0.122500 0.088333
3 0.589167 0.501667 0.009167 0.016667
3 0.151667 0.598333 0.009167 0.015000
2 0.493333 0.598333 0.023333 0.106667
3 0.023333 0.585000 0.009167 0.018333
3 0.827500 0.350000 0.009167 0.016667
3 0.310000 0.558333 0.008333 0.021667
3 0.485000 0.416667 0.009167 0.016667
2 0.394167 0.571667 0.048333 0.025000
2 0.105000 0.490000 0.011667 0.066667
3 0.345000 0.575000 0.009167 0.016667
2 0.661667 0.473333 0.023333 0.106667
2 0.754167 0.460000 0.035000 0.105000
3 0.056667 0.550000 0.010000 0.020000
3 0.587500 0.518333 0.007500 0.015000
3 0.223333 0.448333 0.007500 0.018333
3 0.381667 0.481667 0.008333 0.016667
2 0.589167 0.561667 0.034167 0.038333
2 0.757500 0.511667 0.019167 0.046667
3 0.220000 0.576667 0.013333 0.031667
2 0.575833 0.433333 0.058333 0.076667
3 0.024167 0.518333 0.011667 0.030000
3 0.430000 0.593333 0.007500 0.018333
3 0.463333 0.540000 0.010833 0.023333
3 0.568333 0.503333 0.010000 0.016667
3 0.404167 0.515000 0.017500 0.031667
2 0.135000 0.450000 0.014167 0.015000
2 0.330833 0.441667 0.015833 0.068333
3 0.505000 0.546667 0.006667 0.018333
2 0.725833 0.563333 0.009167 0.040000
2 0.326667 0.566667 0.017500 0.116667
3 0.334167 0.506667 0.008333 0.021667
3 0.230833 0.516667 0.010833 0.013333
2 0.055000 0.428333 0.035000 0.105000
3 0.555000 0.583333 0.010000 0.016667
2 0.727500 0.518333 0.020833 0.028333
2 0.459167 0.428333 0.020833 0.028333
2 0.170833 0.461667 0.010000 0.031667
3 0.153333 0.596667 0.017500 0.031667
3 0.589167 0.568333 0.006667 0.018333
3 0.443333 0.483333 0.007500 0.018333
2 0.275000 0.531667 0.010833 0.091667
3 0.480000 0.558333 0.010833 0.013333
3 0.300000 0.470000 0.008333 0.021667
2 0.433333 0.628333 0.013333 0.070000
2 0.672500 0.615000 0.030833 0.051667
3 0.449167 0.541667 0.009167 0.018333
2 0.111667 0.520000 0.058333 0.076667
3 0.357500 0.590000 0.008333 0.016667
2 0.772500 0.436667 0.009167 0.040000
3 0.164167 0.510000 0.008333 0.016667
2 0.324167 0.510000 0.034167 0.100000
2 0.549167 0.576667 0.010000 0.031667
2 0.489167 0.463333 0.027500 0.016667
3 0.201667 0.600000 0.010000 0.016667
3 0.610000 0.506667 0.009167 0.015000
2 0.250000 0.485000 0.048333 0.025000
3 0.305000 0.561667 0.007500 0.015000
3 0.550833 0.578333 0.006667 0.018333
3 0.510833 0.583333 0.007500 0.015000
2 0.234167 0.485000 0.026667 0.035000
3 0.120833 0.515000 0.008333 0.016667
3 0.340000 0.541667 0.008333 0.016667
2 0.788333 0.518333 0.034167 0.038333
2 0.055833 0.506667 0.009167 0.031667
2 0.165833 0.490000 0.019167 0.046667
2 0.172500 0.500000 0.020833 0.080000
2 0.645000 0.586667 0.022500 0.023333
2 0.274167 0.465000 0.020833 0.080000
3 0.815000 0.630000 0.017500 0.031667
2 0.226667 0.558333 0.014167 0.015000
3 0.506667 0.493333 0.011667 0.030000
2 0.113333 0.491667 0.034167 0.038333
2 0.045000 0.523333 0.015833 0.068333
3 0.704167 0.448333 0.007500 0.015000
3 0.467500 0.523333 0.008333 0.021667
3 0.037500 0.516667 0.008333 0.021667
2 0.079167 0.518333 0.010833 0.091667
2 0.051667 0.468333 0.009167 0.031667
2 0.129167 0.471667 0.013333 0.070000
2 0.770000 0.566667 0.048333 0.025000
2 0.621667 0.546667 0.030833 0.051667
3 0.825833 0.553333 0.013333 0.015000
3 0.581667 0.503333 0.007500 0.018333
2 0.623333 0.625000 0.013333 0.070000
2 0.798333 0.548333 0.021667 0.090000
2 0.480000 0.495000 0.009167 0.031667
2 0.097500 0.576667 0.022500 0.023333
3 0.322500 0.461667 0.007500 0.018333
3 0.595833 0.475000 0.007500 0.015000
3 0.393333 0.470000 0.010000 0.016667
2 0.194167 0.545000 0.010833 0.091667
2 0.236667 0.453333 0.023333 0.106667
2 0.556667 0.545000 0.029167 0.038333
2 0.053333 0.551667 0.009167 0.040000
2 0.808333 0.580000 0.010000 0.031667
2 0.339167 0.585000 0.020000 0.021667
3 0.432500 0.588333 0.009167 0.016667
2 0.228333 0.563333 0.023333 0.106667
2 0.494167 0.400000 0.019167 0.046667
2 0.713333 0.463333 0.020000 0.021667
2 0.546667 0.491667 0.017500 0.116667
2 0.270000 0.573333 0.029167 0.038333
3 0.292500 0.291667 0.011667 0.020000
2 0.775000 0.358333 0.010833 0.091667
2 0.331667 0.635000 0.020833 0.028333
2 0.430833 0.186667 0.034167 0.100000
3 0.356667 0.313333 0.013333 0.015000
2 0.765833 0.413333 0.029167 0.038333
3 0.423333 0.221667 0.008333 0.021667
3 0.752500 0.340000 0.008333 0.021667
2 0.783333 0.401667 0.023333 0.106667
3 0.675833 0.425000 0.007500 0.015000
3 0.612500 0.336667 0.009167 0.016667
2 0.649167 0.411667 0.023333 0.106667
2 0.694167 0.628333 0.010000 0.031667
2 0.530000 0.336667 0.058333 0.076667
3 0.727500 0.673333 0.009167 0.016667
2 0.539167 0.656667 0.045833 0.021667
2 0.544167 0.331667 0.029167 0.038333
3 0.300833 0.391667 0.007500 0.016667
3 0.821667 0.395000 0.009167 0.015000
2 0.515000 0.841667 0.017500 0.116667
3 0.684167 0.631667 0.010000 0.016667
3 0.678333 0.393333 0.013333 0.015000
2 0.419167 0.741667 0.029167 0.038333
2 0.716667 0.380000 0.020833 0.080000
2 0.304167 0.308333 0.023333 0.041667
3 0.483333 0.718333 0.009167 0.018333
2 0.342500 0.331667 0.021667 0.090000
3 0.452500 0.746667 0.009167 0.016667
2 0.705833 0.418333 0.011667 0.066667
2 0.516667 0.380000 0.048333 0.043333
3 0.408333 0.676667 0.008333 0.016667
2 0.705833 0.446667 0.022500 0.023333
3 0.437500 0.661667 0.015833 0.051667
2 0.730000 0.373333 0.013333 0.070000
3 0.440833 0.655000 0.009167 0.016667
3 0.713333 0.680000 0.011667 0.030000
2 0.430833 0.645000 0.029167 0.038333
2 0.473333 0.806667 0.027500 0.016667
3 0.190000 0.400000 0.008333 0.016667
3 0.666667 0.406667 0.007500 0.015000
2 0.524167 0.755000 0.030833 0.051667
2 0.280833 0.328333 0.023333 0.106667
3 0.321667 0.350000 0.009167 0.015000
2 0.537500 0.630000 0.023333 0.106667
2 0.783333 0.335000 0.014167 0.015000
3 0.495833 0.768333 0.010000 0.020000
3 0.514167 0.716667 0.013333 0.015000
3 0.646667 0.335000 0.009167 0.018333
3 0.784167 0.661667 0.010000 0.020000
3 0.347500 0.685000 0.010833 0.023333
3 0.310833 0.401667 0.014167 0.025000
2 0.414167 0.335000 0.035000 0.105000
2 0.435833 0.365000 0.011667 0.025000
2 0.285833 0.356667 0.035000 0.105000
3 0.271667 0.406667 0.014167 0.025000
2 0.267500 0.770000 0.026667 0.035000
2 0.692500 0.686667 0.034167 0.100000
3 0.604167 0.365000 0.009167 0.015000
2 0.672500 0.306667 0.035000 0.105000
2 0.753333 0.681667 0.010833 0.091667
3 0.651667 0.416667 0.010000 0.016667
2 0.666667 0.266667 0.026667 0.035000
3 0.282500 0.766667 0.008333 0.016667
3 0.515833 0.311667 0.008333 0.016667
3 0.720833 0.641667 0.008333 0.021667
2 0.289167 0.351667 0.048333 0.025000
3 0.390000 0.378333 0.010833 0.013333
2 0.692500 0.330000 0.010000 0.031667
2 0.748333 0.428333 0.009167 0.040000
2 0.796667 0.423333 0.029167 0.038333
2 0.730000 0.245000 0.015833 0.068333
3 0.528333 0.355000 0.010833 0.023333
3 0.303333 0.365000 0.010833 0.023333
2 0.502500 0.218333 0.045833 0.021667
3 0.675000 0.398333 0.011667 0.030000
2 0.765000 0.600000 0.034167 0.038333
2 0.702500 0.706667 0.015833 0.068333
2 0.596667 0.730000 0.019167 0.046667
2 0.640833 0.613333 0.015833 0.068333
3 0.796667 0.400000 0.007500 0.016667
3 0.678333 0.593333 0.011667 0.020000
3 0.666667 0.341667 0.009167 0.016667
2 0.584167 0.346667 0.023333 0.106667
2 0.670000 0.383333 0.013333 0.070000
3 0.527500 0.623333 0.010833 0.023333
3 0.280833 0.258333 0.014167 0.025000
2 0.311667 0.711667 0.011667 0.025000
3 0.729167 0.306667 0.011667 0.030000
2 0.805000 0.705000 0.034167 0.038333
3 0.315833 0.788333 0.009167 0.015000
2 0.685833 0.443333 0.020833 0.080000
2 0.538333 0.658333 0.048333 0.043333
2 0.755833 0.618333 0.013333 0.070000
2 0.560000 0.268333 0.011667 0.025000
2 0.611667 0.386667 0.048333 0.025000
2 0.434167 0.683333 0.010833 0.091667
2 0.651667 0.348333 0.020833 0.028333
3 0.575833 0.618333 0.007500 0.015000
3 0.405833 0.681667 0.013333 0.015000
3 0.316667 0.286667 0.011667 0.030000
3 0.640000 0.676667 0.010833 0.013333
3 0.714167 0.660000 0.017500 0.031667
2 0.737500 0.281667 0.020000 0.021667
3 0.758333 0.631667 0.008333 0.016667
2 0.318333 0.351667 0.009167 0.040000
2 0.239167 0.700000 0.017500 0.116667
2 0.685000 0.681667 0.020833 0.080000
3 0.759167 0.365000 0.008333 0.016667
2 0.772500 0.330000 0.035000 0.105000
2 0.412500 0.380000 0.009167 0.040000
3 0.436667 0.658333 0.013333 0.031667
3 0.695833 0.730000 0.008333 0.016667
3 0.606667 0.660000 0.007500 0.015000
3 0.591667 0.343333 0.008333 0.021667
2 0.680833 0.596667 0.035000 0.105000
3 0.800833 0.398333 0.011667 0.020000
3 0.650000 0.390000 0.010000 0.020000
2 0.676667 0.715000 0.048333 0.025000
3 0.768333 0.696667 0.009167 0.016667
2 0.654167 0.470000 0.034167 0.100000
3 0.620833 0.681667 0.008333 0.021667
3 0.311667 0.353333 0.009167 0.018333
3 0.446667 0.365000 0.008333 0.016667
2 0.730000 0.385000 0.097500 0.053333
3 0.540000 0.268333 0.007500 0.018333
2 0.710833 0.675000 0.020833 0.080000
3 0.287500 0.720000 0.008333 0.016667
2 0.728333 0.695000 0.020833 0.028333
3 0.593333 0.410000 0.009167 0.016667
3 0.529167 0.291667 0.010000 0.016667
3 0.571667 0.386667 0.011667 0.020000
3 0.300000 0.391667 0.009167 0.016667
3 0.589167 0.746667 0.009167 0.016667
3 0.690833 0.625000 0.007500 0.018333
2 0.292500 0.366667 0.020833 0.080000
3 0.718333 0.655000 0.010000 0.020000
3 0.803333 0.373333 0.006667 0.018333
2 0.431667 0.725000 0.009167 0.040000
3 0.734167 0.371667 0.007500 0.015000
3 0.653333 0.643333 0.010833 0.023333
2 0.752500 0.398333 0.019167 0.046667
2 0.664167 0.378333 0.009167 0.040000
3 0.754167 0.310000 0.010000 0.020000
3 0.758333 0.613333 0.009167 0.016667
3 0.754167 0.418333 0.007500 0.015000
3 0.480000 0.701667 0.007500 0.015000
2 0.643333 0.648333 0.014167 0.015000
3 0.290000 0.405000 0.010833 0.023333
2 0.450833 0.798333 0.020000 0.021667
2 0.693333 0.303333 0.030833 0.051667
2 0.503333 0.298333 0.023333 0.106667
3 0.716667 0.606667 0.008333 0.016667
2 0.401667 0.836667 0.034167 0.038333
2 0.403333 0.736667 0.019167 0.046667
2 0.699167 0.625000 0.029167 0.038333
2 0.510000 0.391667 0.027500 0.016667
3 0.456667 0.221667 0.009167 0.018333
3 0.724167 0.625000 0.009167 0.015000
3 0.492500 0.761667 0.010000 0.020000
3 0.485833 0.280000 0.010833 0.013333
3 0.234167 0.385000 0.011667 0.030000
2 0.669167 0.378333 0.045833 0.021667
3 0.359167 0.776667 0.008333 0.021667
3 0.482500 0.301667 0.010000 0.020000
2 0.382500 0.378333 0.048333 0.025000
3 0.678333 0.335000 0.007500 0.018333
2 0.354167 0.726667 0.023333 0.041667
2 0.510833 0.660000 0.097500 0.053333
3 0.640833 0.438333 0.013333 0.015000
2 0.719167 0.376667 0.021667 0.090000
3 0.290000 0.408333 0.011667 0.030000
3 0.496667 0.400000 0.010000 0.020000
2 0.536667 0.216667 0.023333 0.106667
2 0.332500 0.730000 0.010000 0.031667
2 0.810833 0.406667 0.045833 0.021667
2 0.731667 0.401667 0.097500 0.053333
3 0.346667 0.765000 0.009167 0.016667
2 0.824167 0.411667 0.020000 0.021667
2 0.696667 0.725000 0.097500 0.053333
2 0.757500 0.575000 0.035000 0.105000
2 0.695000 0.651667 0.029167 0.038333
3 0.808333 0.631667 0.010833 0.023333
2 0.534167 0.408333 0.010000 0.031667
3 0.550833 0.235000 0.010000 0.020000
3 0.630833 0.355000 0.007500 0.018333
2 0.480000 0.770000 0.011667 0.025000
3 0.317500 0.285000 0.009167 0.023333
2 0.626667 0.383333 0.020833 0.028333
3 0.602500 0.316667 0.013333 0.031667
3 0.704167 0.281667 0.009167 0.015000
2 0.697500 0.610000 0.011667 0.066667
2 0.446667 0.700000 0.010833 0.091667
3 0.710833 0.363333 0.007500 0.015000
3 0.613333 0.651667 0.017500 0.031667
2 0.314167 0.751667 0.097500 0.053333
3 0.367500 0.681667 0.009167 0.023333
3 0.800000 0.393333 0.007500 0.018333
2 0.545833 0.653333 0.009167 0.031667
