4 0.811667 0.506667 0.094167 0.120000
4 0.820000 0.566667 0.095000 0.046667
4 0.800000 0.528333 0.100000 0.095000
4 0.769167 0.431667 0.167500 0.321667
4 0.782500 0.508333 0.213333 0.115000
4 0.778333 0.818333 0.285833 0.363333
4 0.839167 0.426667 0.047500 0.081667
4 0.792500 0.418333 0.127500 0.045000
4 0.862500 0.570000 0.069167 0.180000
4 0.817500 0.566667 0.086667 0.045000
4 0.292500 0.585000 0.087500 0.113333
4 0.335833 0.471667 0.113333 0.185000
4 0.045833 0.588333 0.092500 0.138333
4 0.124167 0.615000 0.161667 0.253333
4 0.393333 0.698333 0.227500 0.301667
4 0.130000 0.560000 0.117500 0.033333
4 0.378333 0.556667 0.068333 0.140000
4 0.676667 0.510000 0.209167 0.055000
4 0.798333 0.470000 0.056667 0.065000
4 0.060000 0.703333 0.119167 0.348333
2 0.724167 0.481667 0.027500 0.016667
2 0.785833 0.508333 0.017500 0.116667
2 0.266667 0.598333 0.023333 0.106667
2 0.416667 0.528333 0.097500 0.053333
3 0.252500 0.581667 0.015833 0.051667
2 0.135833 0.458333 0.026667 0.035000
3 0.827500 0.518333 0.009167 0.023333
2 0.463333 0.443333 0.023333 0.106667
2 0.099167 0.566667 0.048333 0.043333
3 0.379167 0.578333 0.008333 0.016667
2 0.545000 0.521667 0.034167 0.100000
2 0.456667 0.461667 0.035000 0.105000
2 0.795000 0.500000 0.020833 0.080000
3 0.170833 0.601667 0.006667 0.018333
3 0.524167 0.488333 0.009167 0.018333
2 0.133333 0.458333 0.020000 0.021667
2 0.270000 0.565000 0.015833 0.068333
2 0.505833 0.455000 0.014167 0.015000
3 0.760833 0.525000 0.011667 0.030000
2 0.461667 0.473333 0.048333 0.025000
3 0.084167 0.510000 0.013333 0.015000
3 0.444167 0.466667 0.014167 0.025000
3 0.545000 0.573333 0.008333 0.016667
2 0.362500 0.491667 0.034167 0.100000
2 0.110000 0.490000 0.058333 0.076667
2 0.642500 0.526667 0.029167 0.038333
3 0.129167 0.513333 0.013333 0.015000
2 0.175833 0.588333 0.015833 0.068333
2 0.423333 0.618333 0.034167 0.038333
2 0.534167 0.583333 0.034167 0.038333
2 0.675833 0.483333 0.009167 0.031667
3 0.165833 0.541667 0.013333 0.031667
3 0.160833 0.536667 0.009167 0.023333
2 0.192500 0.576667 0.020833 0.080000
2 0.796667 0.510000 0.048333 0.025000
2 0.263333 0.490000 0.009167 0.040000
3 0.798333 0.528333 0.010000 0.020000
2 0.077500 0.500000 0.015833 0.068333
3 0.170833 0.466667 0.009167 0.016667
2 0.205000 0.485000 0.020833 0.080000
3 0.105833 0.518333 0.011667 0.020000
3 0.608333 0.530000 0.017500 0.031667
3 0.546667 0.540000 0.009167 0.018333
3 0.456667 0.550000 0.010833 0.023333
2 0.538333 0.578333 0.029167 0.038333
2 0.604167 0.585000 0.020833 0.080000
3 0.565833 0.540000 0.007500 0.015000
3 0.396667 0.491667 0.007500 0.015000
3 0.475833 0.398333 0.007500 0.015000
3 0.620833 0.528333 0.007500 0.016667
3 0.455000 0.510000 0.009167 0.016667
2 0.650833 0.498333 0.020833 0.028333
3 0.466667 0.443333 0.009167 0.016667
3 0.229167 0.460000 0.009167 0.018333
3 0.036667 0.571667 0.014167 0.025000
2 0.529167 0.473333 0.014167 0.015000
3 0.146667 0.493333 0.013333 0.015000
2 0.174167 0.553333 0.020833 0.080000
2 0.675833 0.505000 0.034167 0.038333
2 0.322500 0.506667 0.021667 0.090000
2 0.685833 0.590000 0.030833 0.051667
3 0.372500 0.493333 0.013333 0.015000
2 0.229167 0.488333 0.009167 0.040000
2 0.702500 0.451667 0.035000 0.105000
3 0.706667 0.525000 0.011667 0.030000
3 0.069167 0.561667 0.008333 0.016667
3 0.681667 0.553333 0.009167 0.018333
2 0.759167 0.483333 0.034167 0.100000
2 0.415833 0.553333 0.009167 0.031667
3 0.295000 0.518333 0.009167 0.016667
2 0.100833 0.548333 0.010833 0.091667
3 0.122500 0.523333 0.009167 0.023333
2 0.191667 0.545000 0.023333 0.106667
3 0.140833 0.510000 0.008333 0.021667
2 0.216667 0.551667 0.013333 0.070000
2 0.155833 0.533333 0.026667 0.035000
3 0.491667 0.520000 0.007500 0.018333
2 0.617500 0.476667 0.023333 0.106667
3 0.792500 0.555000 0.007500 0.016667
3 0.075833 0.533333 0.011667 0.020000
3 0.442500 0.506667 0.014167 0.025000
3 0.336667 0.621667 0.013333 0.015000
2 0.569167 0.596667 0.030833 0.051667
3 0.298333 0.523333 0.009167 0.016667
2 0.400833 0.451667 0.019167 0.046667
2 0.485000 0.508333 0.048333 0.025000
3 0.130833 0.510000 0.007500 0.016667
3 0.823333 0.498333 0.006667 0.018333
2 0.022500 0.458333 0.045833 0.025000
3 0.473333 0.536667 0.008333 0.021667
3 0.254167 0.503333 0.015833 0.051667
2 0.204167 0.500000 0.015833 0.068333
2 0.014167 0.530000 0.028333 0.051667
3 0.502500 0.586667 0.007500 0.018333
2 0.370833 0.550000 0.026667 0.035000
2 0.135833 0.573333 0.013333 0.070000
3 0.295000 0.525000 0.009167 0.023333
3 0.154167 0.548333 0.014167 0.025000
2 0.606667 0.508333 0.058333 0.076667
3 0.466667 0.450000 0.010000 0.016667
3 0.720000 0.468333 0.009167 0.018333
3 0.530833 0.491667 0.007500 0.016667
2 0.667500 0.440000 0.020000 0.021667
3 0.449167 0.703333 0.007500 0.015000
3 0.585000 0.743333 0.010833 0.013333
2 0.675000 0.736667 0.013333 0.070000
2 0.537500 0.760000 0.013333 0.070000
2 0.578333 0.446667 0.023333 0.041667
2 0.492500 0.240000 0.019167 0.046667
3 0.283333 0.335000 0.010833 0.023333
2 0.750833 0.408333 0.017500 0.116667
2 0.669167 0.686667 0.010833 0.091667
2 0.735000 0.395000 0.009167 0.040000
3 0.472500 0.643333 0.007500 0.016667
2 0.289167 0.335000 0.009167 0.040000
2 0.592500 0.358333 0.021667 0.090000
2 0.713333 0.655000 0.021667 0.090000
3 0.627500 0.326667 0.007500 0.016667
2 0.615833 0.651667 0.058333 0.076667
3 0.483333 0.306667 0.008333 0.021667
2 0.399167 0.733333 0.023333 0.041667
2 0.311667 0.711667 0.011667 0.025000
2 0.225833 0.808333 0.023333 0.041667
2 0.738333 0.670000 0.020000 0.021667
2 0.478333 0.810000 0.019167 0.046667
2 0.445833 0.275000 0.097500 0.053333
2 0.263333 0.871667 0.022500 0.023333
3 0.443333 0.833333 0.011667 0.030000
3 0.745000 0.598333 0.009167 0.015000
2 0.335000 0.286667 0.019167 0.046667
3 0.303333 0.658333 0.010833 0.013333
3 0.468333 0.783333 0.007500 0.015000
2 0.426667 0.726667 0.019167 0.046667
3 0.643333 0.426667 0.007500 0.015000
2 0.593333 0.721667 0.011667 0.066667
2 0.723333 0.605000 0.029167 0.038333
2 0.403333 0.646667 0.014167 0.015000
2 0.708333 0.580000 0.035000 0.105000
3 0.516667 0.795000 0.008333 0.021667
2 0.719167 0.338333 0.034167 0.038333
3 0.460833 0.666667 0.009167 0.016667
3 0.765833 0.688333 0.014167 0.025000
3 0.707500 0.655000 0.011667 0.030000
3 0.570000 0.635000 0.010833 0.023333
2 0.497500 0.281667 0.034167 0.038333
2 0.830000 0.388333 0.009167 0.040000
2 0.271667 0.776667 0.045833 0.021667
2 0.335000 0.871667 0.009167 0.031667
2 0.789167 0.610000 0.058333 0.076667
3 0.275833 0.405000 0.010000 0.020000
3 0.343333 0.233333 0.009167 0.016667
2 0.774167 0.393333 0.023333 0.041667
2 0.755000 0.375000 0.034167 0.038333
2 0.730833 0.683333 0.013333 0.070000
3 0.170833 0.386667 0.007500 0.018333
2 0.674167 0.633333 0.011667 0.025000
3 0.647500 0.340000 0.008333 0.021667
3 0.280833 0.746667 0.009167 0.016667
3 0.352500 0.611667 0.007500 0.015000
2 0.726667 0.618333 0.010000 0.031667
3 0.727500 0.451667 0.015833 0.051667
2 0.297500 0.390000 0.014167 0.015000
2 0.491667 0.218333 0.035000 0.105000
3 0.679167 0.363333 0.007500 0.015000
3 0.317500 0.295000 0.017500 0.031667
2 0.292500 0.226667 0.011667 0.066667
2 0.153333 0.618333 0.019167 0.046667
2 0.730000 0.640000 0.058333 0.076667
2 0.310000 0.646667 0.023333 0.041667
3 0.670833 0.655000 0.008333 0.021667
3 0.487500 0.681667 0.008333 0.016667
2 0.785000 0.658333 0.023333 0.106667
2 0.766667 0.701667 0.058333 0.076667
3 0.464167 0.718333 0.014167 0.025000
2 0.390000 0.375000 0.014167 0.015000
3 0.477500 0.618333 0.007500 0.015000
2 0.561667 0.440000 0.014167 0.015000
3 0.545000 0.653333 0.007500 0.018333
3 0.444167 0.363333 0.014167 0.025000
3 0.336667 0.648333 0.011667 0.030000
3 0.396667 0.346667 0.010000 0.016667
3 0.748333 0.415000 0.008333 0.016667
2 0.296667 0.696667 0.058333 0.076667
2 0.495000 0.813333 0.034167 0.038333
2 0.380000 0.401667 0.030833 0.051667
3 0.345000 0.693333 0.010000 0.016667
3 0.274167 0.413333 0.010000 0.020000
2 0.731667 0.658333 0.017500 0.116667
2 0.524167 0.758333 0.097500 0.053333
2 0.311667 0.436667 0.010833 0.091667
3 0.225833 0.346667 0.007500 0.015000
2 0.689167 0.686667 0.048333 0.025000
2 0.666667 0.618333 0.034167 0.100000
2 0.538333 0.658333 0.011667 0.066667
3 0.688333 0.608333 0.009167 0.023333
3 0.775000 0.653333 0.013333 0.031667
3 0.705000 0.375000 0.007500 0.018333
3 0.790833 0.353333 0.007500 0.018333
3 0.733333 0.810000 0.013333 0.015000
3 0.321667 0.240000 0.009167 0.018333
2 0.415833 0.713333 0.014167 0.015000
2 0.790000 0.650000 0.011667 0.025000
3 0.728333 0.671667 0.007500 0.015000
2 0.328333 0.800000 0.010000 0.031667
3 0.631667 0.436667 0.009167 0.016667
3 0.494167 0.753333 0.009167 0.016667
3 0.754167 0.313333 0.009167 0.023333
2 0.241667 0.105000 0.097500 0.053333
2 0.699167 0.371667 0.014167 0.015000
3 0.678333 0.623333 0.008333 0.016667
3 0.280833 0.438333 0.009167 0.016667
2 0.401667 0.373333 0.048333 0.025000
3 0.218333 0.430000 0.017500 0.031667
3 0.330833 0.273333 0.009167 0.016667
3 0.708333 0.410000 0.008333 0.016667
3 0.450000 0.678333 0.006667 0.018333
2 0.310833 0.398333 0.034167 0.038333
2 0.774167 0.601667 0.014167 0.015000
3 0.738333 0.415000 0.009167 0.018333
3 0.485833 0.256667 0.007500 0.015000
2 0.492500 0.696667 0.021667 0.090000
2 0.294167 0.321667 0.058333 0.076667
3 0.764167 0.413333 0.010000 0.016667
3 0.711667 0.611667 0.017500 0.031667
2 0.678333 0.618333 0.009167 0.040000
2 0.635833 0.675000 0.027500 0.016667
3 0.741667 0.335000 0.008333 0.016667
2 0.415833 0.668333 0.017500 0.116667
2 0.268333 0.253333 0.020833 0.028333
2 0.741667 0.798333 0.011667 0.025000
2 0.315833 0.693333 0.011667 0.066667
3 0.657500 0.658333 0.007500 0.015000
2 0.269167 0.240000 0.097500 0.053333
3 0.597500 0.741667 0.013333 0.031667
3 0.492500 0.736667 0.007500 0.015000
3 0.420833 0.671667 0.007500 0.015000
3 0.531667 0.375000 0.009167 0.016667
3 0.585000 0.416667 0.010000 0.016667
2 0.584167 0.396667 0.013333 0.070000
3 0.698333 0.665000 0.007500 0.018333
2 0.237500 0.696667 0.030833 0.051667
2 0.265833 0.805000 0.009167 0.031667
3 0.772500 0.395000 0.017500 0.031667
2 0.267500 0.695000 0.011667 0.025000
3 0.560000 0.341667 0.007500 0.015000
2 0.620000 0.675000 0.010000 0.031667
2 0.273333 0.698333 0.021667 0.090000
3 0.414167 0.780000 0.008333 0.016667
3 0.459167 0.241667 0.010833 0.013333
3 0.628333 0.640000 0.013333 0.015000
3 0.623333 0.400000 0.009167 0.018333
2 0.480000 0.291667 0.023333 0.106667
3 0.680833 0.443333 0.008333 0.016667
3 0.291667 0.790000 0.011667 0.020000
2 0.500000 0.313333 0.023333 0.106667
3 0.520000 0.358333 0.015833 0.051667
2 0.779167 0.410000 0.021667 0.090000
2 0.720000 0.456667 0.023333 0.041667
3 0.458333 0.405000 0.013333 0.031667
2 0.635000 0.385000 0.048333 0.025000
2 0.269167 0.425000 0.020833 0.080000
2 0.310000 0.453333 0.017500 0.116667
2 0.675000 0.238333 0.009167 0.040000
2 0.755833 0.698333 0.022500 0.023333
3 0.673333 0.348333 0.015833 0.051667
2 0.733333 0.385000 0.097500 0.053333
3 0.307500 0.340000 0.007500 0.015000
3 0.662500 0.413333 0.007500 0.018333
3 0.305833 0.788333 0.009167 0.016667
2 0.757500 0.641667 0.034167 0.100000
3 0.619167 0.326667 0.006667 0.018333
2 0.470000 0.295000 0.015833 0.068333
2 0.753333 0.595000 0.019167 0.046667
3 0.314167 0.413333 0.008333 0.021667
3 0.500000 0.771667 0.007500 0.015000
3 0.606667 0.658333 0.007500 0.015000
2 0.251667 0.325000 0.023333 0.106667
2 0.289167 0.253333 0.011667 0.066667
2 0.261667 0.748333 0.048333 0.025000
3 0.621667 0.643333 0.013333 0.031667
3 0.485833 0.751667 0.009167 0.016667
2 0.708333 0.613333 0.011667 0.066667
2 0.248333 0.743333 0.097500 0.053333
2 0.532500 0.323333 0.023333 0.106667
2 0.292500 0.350000 0.019167 0.046667
2 0.730833 0.621667 0.013333 0.070000
2 0.764167 0.423333 0.009167 0.031667
3 0.799167 0.371667 0.010000 0.016667
2 0.700833 0.580000 0.097500 0.053333
3 0.368333 0.720000 0.010000 0.016667
3 0.220000 0.666667 0.006667 0.018333
2 0.740833 0.698333 0.034167 0.038333
2 0.780833 0.645000 0.010000 0.031667
3 0.550000 0.195000 0.008333 0.016667
2 0.463333 0.838333 0.013333 0.070000
3 0.725000 0.423333 0.010833 0.013333
2 0.186667 0.396667 0.014167 0.015000
2 0.213333 0.296667 0.029167 0.038333
3 0.667500 0.443333 0.007500 0.015000
2 0.348333 0.243333 0.029167 0.038333
