4 0.840833 0.491667 0.154167 0.076667
4 0.843333 0.486667 0.095000 0.038333
4 0.836667 0.563333 0.067500 0.038333
4 0.773333 0.275000 0.308333 0.526667
4 0.786667 0.598333 0.161667 0.065000
4 0.774167 0.410000 0.220000 0.061667
4 0.905000 0.640000 0.039167 0.081667
4 0.826667 0.410000 0.095000 0.028333
4 0.825833 0.590000 0.067500 0.026667
4 0.792500 0.588333 0.095833 0.050000
4 0.626667 0.485000 0.080000 0.078333
4 0.093333 0.501667 0.186667 0.071667
4 0.673333 0.598333 0.073333 0.110000
4 0.294167 0.528333 0.089167 0.056667
4 0.177500 0.490000 0.150833 0.203333
4 0.035000 0.501667 0.070000 0.113333
4 0.640833 0.593333 0.130833 0.080000
4 0.246667 0.521667 0.084167 0.043333
4 0.790000 0.555000 0.081667 0.111667
4 0.595833 0.513333 0.068333 0.036667
3 0.044167 0.495000 0.007500 0.015000
2 0.215000 0.460000 0.026667 0.035000
3 0.342500 0.511667 0.009167 0.016667
3 0.116667 0.530000 0.007500 0.018333
3 0.702500 0.455000 0.009167 0.016667
2 0.152500 0.563333 0.027500 0.016667
2 0.610000 0.498333 0.015833 0.068333
3 0.631667 0.540000 0.014167 0.025000
3 0.168333 0.570000 0.009167 0.016667
3 0.249167 0.453333 0.010000 0.016667
2 0.651667 0.531667 0.019167 0.046667
3 0.651667 0.590000 0.007500 0.015000
2 0.031667 0.545000 0.048333 0.025000
2 0.691667 0.503333 0.023333 0.106667
3 0.201667 0.483333 0.010000 0.020000
2 0.463333 0.568333 0.013333 0.070000
2 0.811667 0.528333 0.013333 0.070000
3 0.729167 0.535000 0.008333 0.016667
2 0.135833 0.470000 0.045833 0.021667
2 0.120833 0.488333 0.027500 0.016667
2 0.143333 0.478333 0.020833 0.080000
3 0.350000 0.481667 0.014167 0.025000
2 0.434167 0.585000 0.023333 0.106667
2 0.573333 0.476667 0.097500 0.053333
2 0.245000 0.520000 0.029167 0.038333
2 0.103333 0.481667 0.045833 0.021667
2 0.564167 0.486667 0.034167 0.038333
3 0.354167 0.500000 0.007500 0.018333
2 0.737500 0.511667 0.011667 0.066667
2 0.101667 0.515000 0.019167 0.046667
2 0.806667 0.456667 0.034167 0.038333
3 0.543333 0.500000 0.009167 0.016667
3 0.753333 0.571667 0.007500 0.015000
2 0.042500 0.515000 0.058333 0.076667
3 0.323333 0.443333 0.009167 0.016667
3 0.133333 0.533333 0.007500 0.018333
3 0.797500 0.441667 0.009167 0.016667
2 0.500833 0.475000 0.011667 0.025000
3 0.485000 0.561667 0.017500 0.031667
3 0.268333 0.455000 0.013333 0.015000
2 0.678333 0.471667 0.020833 0.080000
2 0.299167 0.586667 0.023333 0.041667
2 0.223333 0.433333 0.020833 0.080000
2 0.208333 0.505000 0.097500 0.053333
3 0.213333 0.558333 0.008333 0.016667
3 0.652500 0.563333 0.011667 0.020000
2 0.334167 0.576667 0.020833 0.080000
2 0.016667 0.508333 0.023333 0.106667
3 0.643333 0.545000 0.006667 0.018333
2 0.783333 0.536667 0.009167 0.031667
3 0.669167 0.558333 0.006667 0.018333
3 0.075833 0.560000 0.011667 0.020000
2 0.162500 0.443333 0.009167 0.040000
2 0.752500 0.471667 0.048333 0.025000
3 0.504167 0.473333 0.010000 0.020000
3 0.565000 0.493333 0.010833 0.023333
2 0.090833 0.538333 0.011667 0.025000
3 0.614167 0.576667 0.010000 0.016667
3 0.367500 0.470000 0.011667 0.030000
2 0.511667 0.566667 0.058333 0.076667
2 0.443333 0.581667 0.030833 0.051667
3 0.088333 0.481667 0.010000 0.016667
3 0.199167 0.550000 0.009167 0.015000
3 0.260000 0.530000 0.008333 0.016667
2 0.128333 0.555000 0.009167 0.031667
3 0.571667 0.593333 0.006667 0.018333
2 0.088333 0.468333 0.020833 0.028333
3 0.449167 0.496667 0.007500 0.015000
3 0.607500 0.521667 0.008333 0.016667
3 0.231667 0.455000 0.007500 0.015000
3 0.655000 0.550000 0.013333 0.015000
2 0.566667 0.441667 0.035000 0.105000
3 0.823333 0.556667 0.010000 0.020000
2 0.630833 0.510000 0.035000 0.105000
3 0.483333 0.548333 0.007500 0.016667
3 0.442500 0.466667 0.008333 0.016667
3 0.646667 0.590000 0.008333 0.016667
3 0.827500 0.678333 0.008333 0.016667
2 0.793333 0.433333 0.011667 0.066667
2 0.510833 0.588333 0.022500 0.023333
3 0.055833 0.553333 0.009167 0.016667
2 0.076667 0.498333 0.029167 0.038333
3 0.497500 0.590000 0.013333 0.031667
3 0.649167 0.470000 0.008333 0.021667
3 0.570000 0.591667 0.007500 0.016667
3 0.738333 0.498333 0.009167 0.016667
3 0.385833 0.491667 0.007500 0.018333
3 0.125833 0.535000 0.011667 0.030000
3 0.495000 0.441667 0.009167 0.016667
2 0.570833 0.543333 0.020833 0.080000
3 0.518333 0.561667 0.015833 0.051667
2 0.627500 0.535000 0.048333 0.025000
3 0.816667 0.556667 0.010833 0.013333
3 0.736667 0.488333 0.007500 0.015000
3 0.801667 0.585000 0.008333 0.016667
2 0.552500 0.433333 0.035000 0.105000
3 0.220000 0.521667 0.009167 0.015000
2 0.483333 0.471667 0.010833 0.091667
3 0.628333 0.453333 0.010000 0.020000
2 0.696667 0.501667 0.020833 0.028333
3 0.701667 0.473333 0.007500 0.015000
2 0.270833 0.460000 0.009167 0.031667
3 0.768333 0.376667 0.009167 0.023333
2 0.684167 0.685000 0.022500 0.023333
2 0.737500 0.390000 0.027500 0.016667
2 0.166667 0.665000 0.021667 0.090000
2 0.310000 0.261667 0.034167 0.038333
3 0.713333 0.688333 0.007500 0.018333
3 0.425833 0.733333 0.009167 0.023333
3 0.682500 0.636667 0.011667 0.020000
2 0.664167 0.400000 0.097500 0.053333
3 0.538333 0.648333 0.009167 0.016667
3 0.383333 0.398333 0.015833 0.051667
3 0.784167 0.895000 0.009167 0.023333
2 0.784167 0.363333 0.020833 0.028333
2 0.485833 0.318333 0.029167 0.038333
2 0.242500 0.721667 0.045833 0.021667
2 0.685000 0.663333 0.048333 0.043333
2 0.759167 0.748333 0.021667 0.090000
2 0.465000 0.770000 0.034167 0.100000
2 0.620000 0.363333 0.020000 0.021667
3 0.686667 0.330000 0.010833 0.023333
3 0.708333 0.700000 0.010833 0.013333
2 0.690833 0.796667 0.021667 0.090000
3 0.282500 0.770000 0.008333 0.021667
2 0.427500 0.778333 0.020000 0.021667
2 0.440000 0.828333 0.010833 0.091667
2 0.666667 0.551667 0.035000 0.105000
3 0.665833 0.341667 0.011667 0.020000
3 0.465833 0.811667 0.007500 0.016667
2 0.491667 0.360000 0.034167 0.100000
3 0.460000 0.691667 0.007500 0.015000
2 0.315000 0.228333 0.034167 0.038333
2 0.366667 0.316667 0.035000 0.105000
2 0.729167 0.750000 0.013333 0.070000
2 0.336667 0.326667 0.011667 0.025000
2 0.690833 0.261667 0.048333 0.025000
2 0.810000 0.620000 0.014167 0.015000
2 0.445833 0.278333 0.017500 0.116667
2 0.210833 0.631667 0.034167 0.038333
3 0.486667 0.283333 0.009167 0.018333
2 0.722500 0.426667 0.010833 0.091667
2 0.653333 0.395000 0.027500 0.016667
2 0.538333 0.326667 0.020833 0.080000
3 0.567500 0.296667 0.010000 0.016667
2 0.412500 0.208333 0.029167 0.038333
2 0.250833 0.373333 0.058333 0.076667
2 0.635833 0.403333 0.029167 0.038333
2 0.158333 0.383333 0.029167 0.038333
2 0.447500 0.418333 0.021667 0.090000
3 0.572500 0.723333 0.008333 0.021667
2 0.523333 0.345000 0.035000 0.105000
2 0.727500 0.711667 0.023333 0.106667
2 0.755833 0.585000 0.019167 0.046667
2 0.783333 0.360000 0.035000 0.105000
2 0.794167 0.653333 0.026667 0.035000
3 0.356667 0.405000 0.008333 0.016667
2 0.646667 0.646667 0.026667 0.035000
2 0.758333 0.616667 0.097500 0.053333
3 0.600000 0.320000 0.017500 0.031667
3 0.231667 0.596667 0.008333 0.021667
2 0.797500 0.400000 0.014167 0.015000
2 0.489167 0.735000 0.014167 0.015000
2 0.797500 0.343333 0.022500 0.023333
2 0.286667 0.746667 0.020833 0.080000
3 0.671667 0.356667 0.010000 0.020000
3 0.715833 0.676667 0.006667 0.018333
2 0.275833 0.650000 0.017500 0.116667
2 0.265000 0.686667 0.020000 0.021667
3 0.331667 0.333333 0.013333 0.031667
2 0.337500 0.591667 0.058333 0.076667
2 0.711667 0.353333 0.020000 0.021667
3 0.834167 0.416667 0.007500 0.015000
3 0.368333 0.720000 0.010000 0.020000
3 0.480833 0.276667 0.009167 0.016667
2 0.326667 0.238333 0.026667 0.035000
2 0.665833 0.283333 0.048333 0.025000
3 0.392500 0.770000 0.007500 0.016667
3 0.692500 0.375000 0.008333 0.021667
2 0.798333 0.726667 0.020000 0.021667
3 0.289167 0.353333 0.009167 0.018333
2 0.715000 0.635000 0.020000 0.021667
3 0.759167 0.613333 0.007500 0.018333
2 0.483333 0.825000 0.010000 0.031667
2 0.440833 0.735000 0.010000 0.031667
3 0.307500 0.293333 0.010000 0.016667
2 0.470833 0.768333 0.029167 0.038333
2 0.692500 0.331667 0.019167 0.046667
2 0.487500 0.370000 0.034167 0.100000
2 0.668333 0.385000 0.035000 0.105000
2 0.366667 0.348333 0.034167 0.038333
3 0.815000 0.398333 0.008333 0.021667
3 0.280833 0.438333 0.009167 0.016667
2 0.699167 0.620000 0.029167 0.038333
2 0.299167 0.391667 0.015833 0.068333
2 0.250000 0.211667 0.019167 0.046667
2 0.713333 0.645000 0.023333 0.106667
2 0.444167 0.778333 0.029167 0.038333
2 0.256667 0.390000 0.013333 0.070000
2 0.710000 0.633333 0.017500 0.116667
2 0.285833 0.283333 0.009167 0.040000
2 0.281667 0.398333 0.010000 0.031667
3 0.554167 0.671667 0.015833 0.051667
3 0.434167 0.331667 0.010833 0.023333
3 0.340000 0.305000 0.009167 0.016667
2 0.360000 0.711667 0.011667 0.025000
3 0.456667 0.351667 0.007500 0.015000
2 0.755000 0.373333 0.097500 0.053333
3 0.702500 0.425000 0.013333 0.031667
2 0.267500 0.415000 0.026667 0.035000
2 0.710833 0.416667 0.034167 0.100000
3 0.644167 0.428333 0.006667 0.018333
2 0.252500 0.350000 0.035000 0.105000
2 0.755833 0.336667 0.020833 0.080000
3 0.387500 0.390000 0.015833 0.051667
3 0.770833 0.405000 0.007500 0.018333
3 0.546667 0.316667 0.008333 0.016667
3 0.482500 0.648333 0.007500 0.018333
2 0.535833 0.661667 0.026667 0.035000
2 0.710000 0.598333 0.020833 0.028333
3 0.671667 0.406667 0.008333 0.016667
3 0.785833 0.371667 0.008333 0.016667
2 0.229167 0.408333 0.021667 0.090000
2 0.642500 0.363333 0.019167 0.046667
3 0.525833 0.368333 0.017500 0.031667
3 0.355833 0.645000 0.008333 0.016667
2 0.415833 0.355000 0.023333 0.041667
2 0.440833 0.773333 0.009167 0.040000
3 0.780833 0.453333 0.011667 0.030000
3 0.531667 0.358333 0.010833 0.023333
2 0.559167 0.251667 0.022500 0.023333
2 0.695000 0.653333 0.023333 0.106667
3 0.290833 0.401667 0.009167 0.015000
3 0.768333 0.330000 0.010833 0.023333
2 0.788333 0.895000 0.048333 0.043333
2 0.728333 0.421667 0.022500 0.023333
2 0.247500 0.713333 0.022500 0.023333
3 0.535000 0.271667 0.017500 0.031667
3 0.440833 0.420000 0.011667 0.030000
2 0.725833 0.445000 0.009167 0.031667
2 0.799167 0.416667 0.009167 0.031667
2 0.307500 0.671667 0.009167 0.031667
3 0.320833 0.716667 0.009167 0.018333
3 0.677500 0.333333 0.009167 0.016667
2 0.670833 0.463333 0.020833 0.080000
3 0.327500 0.238333 0.009167 0.016667
3 0.601667 0.746667 0.009167 0.018333
2 0.296667 0.746667 0.020833 0.080000
2 0.247500 0.323333 0.019167 0.046667
2 0.450833 0.266667 0.014167 0.015000
3 0.531667 0.706667 0.009167 0.018333
2 0.227500 0.370000 0.019167 0.046667
3 0.699167 0.630000 0.007500 0.016667
2 0.414167 0.663333 0.022500 0.023333
2 0.319167 0.255000 0.011667 0.025000
3 0.570000 0.671667 0.008333 0.016667
2 0.528333 0.620000 0.010000 0.031667
3 0.692500 0.656667 0.007500 0.015000
2 0.679167 0.620000 0.034167 0.038333
3 0.668333 0.446667 0.017500 0.031667
3 0.685833 0.376667 0.007500 0.016667
3 0.690833 0.376667 0.010000 0.016667
2 0.775000 0.426667 0.023333 0.041667
3 0.514167 0.423333 0.006667 0.018333
2 0.302500 0.370000 0.058333 0.076667
2 0.635000 0.628333 0.097500 0.053333
3 0.506667 0.298333 0.015833 0.051667
3 0.671667 0.621667 0.008333 0.016667
2 0.672500 0.451667 0.009167 0.031667
3 0.534167 0.285000 0.008333 0.016667
2 0.179167 0.643333 0.020833 0.028333
2 0.437500 0.828333 0.009167 0.040000
2 0.624167 0.345000 0.011667 0.066667
2 0.443333 0.290000 0.022500 0.023333
3 0.683333 0.673333 0.007500 0.016667
2 0.158333 0.633333 0.010000 0.031667
2 0.475833 0.313333 0.009167 0.031667
2 0.737500 0.710000 0.048333 0.043333
2 0.772500 0.765000 0.021667 0.090000
2 0.242500 0.755000 0.029167 0.038333
2 0.570833 0.661667 0.014167 0.015000
3 0.337500 0.256667 0.008333 0.016667
2 0.712500 0.670000 0.023333 0.041667
3 0.422500 0.816667 0.010833 0.023333
2 0.664167 0.371667 0.020833 0.080000
2 0.530833 0.703333 0.048333 0.043333
2 0.757500 0.338333 0.035000 0.105000
3 0.655833 0.680000 0.009167 0.016667
3 0.585000 0.743333 0.010833 0.013333
3 0.225000 0.391667 0.011667 0.030000
2 0.679167 0.348333 0.020833 0.028333
3 0.803333 0.346667 0.009167 0.016667
3 0.655000 0.380000 0.007500 0.015000
2 0.304167 0.401667 0.014167 0.015000
3 0.833333 0.416667 0.009167 0.015000
2 0.703333 0.700000 0.011667 0.066667
2 0.715000 0.323333 0.011667 0.066667
3 0.313333 0.210000 0.009167 0.023333
3 0.683333 0.681667 0.010833 0.013333
2 0.758333 0.343333 0.048333 0.043333
