4 0.811667 0.431667 0.121667 0.056667
4 0.883333 0.576667 0.065833 0.058333
4 0.831667 0.588333 0.075000 0.090000
4 0.865833 0.378333 0.099167 0.165000
4 0.873333 0.540000 0.046667 0.045000
4 0.815000 0.606667 0.081667 0.040000
4 0.783333 0.601667 0.115000 0.081667
4 0.860000 0.460000 0.083333 0.056667
4 0.818333 0.603333 0.055833 0.040000
4 0.874167 0.378333 0.077500 0.063333
4 0.040833 0.540000 0.072500 0.065000
4 0.521667 0.563333 0.065833 0.028333
4 0.155833 0.536667 0.042500 0.070000
4 0.262500 0.530000 0.085833 0.090000
4 0.197500 0.443333 0.115833 0.170000
4 0.065833 0.563333 0.098333 0.040000
4 0.744167 0.566667 0.041667 0.098333
4 0.055000 0.640000 0.110833 0.190000
4 0.545000 0.561667 0.073333 0.083333
4 0.739167 0.540000 0.036667 0.018333
2 0.286667 0.450000 0.034167 0.038333
2 0.310000 0.541667 0.011667 0.025000
3 0.653333 0.496667 0.008333 0.016667
3 0.199167 0.560000 0.009167 0.016667
2 0.556667 0.476667 0.014167 0.015000
3 0.480833 0.480000 0.010000 0.020000
3 0.077500 0.545000 0.007500 0.018333
2 0.635833 0.580000 0.020833 0.080000
2 0.472500 0.531667 0.019167 0.046667
2 0.625000 0.485000 0.020833 0.080000
3 0.291667 0.531667 0.010000 0.020000
2 0.106667 0.481667 0.023333 0.041667
2 0.598333 0.511667 0.030833 0.051667
2 0.057500 0.608333 0.013333 0.070000
3 0.508333 0.473333 0.017500 0.031667
3 0.338333 0.561667 0.009167 0.016667
3 0.694167 0.595000 0.008333 0.016667
2 0.305000 0.551667 0.023333 0.041667
3 0.490000 0.496667 0.008333 0.021667
2 0.787500 0.561667 0.048333 0.043333
2 0.260833 0.443333 0.035000 0.105000
2 0.145000 0.535000 0.030833 0.051667
3 0.432500 0.478333 0.015833 0.051667
3 0.170000 0.478333 0.013333 0.015000
2 0.370833 0.565000 0.011667 0.025000
2 0.043333 0.543333 0.045833 0.021667
2 0.511667 0.565000 0.022500 0.023333
2 0.568333 0.506667 0.026667 0.035000
3 0.444167 0.468333 0.013333 0.031667
3 0.415833 0.448333 0.013333 0.031667
2 0.150000 0.591667 0.013333 0.070000
2 0.205833 0.406667 0.020833 0.080000
2 0.195833 0.566667 0.019167 0.046667
2 0.140833 0.538333 0.010833 0.091667
3 0.632500 0.491667 0.007500 0.016667
3 0.535833 0.486667 0.007500 0.018333
2 0.216667 0.595000 0.020000 0.021667
2 0.514167 0.538333 0.014167 0.015000
3 0.090833 0.551667 0.006667 0.018333
2 0.175833 0.468333 0.009167 0.031667
2 0.349167 0.548333 0.029167 0.038333
2 0.322500 0.620000 0.030833 0.051667
2 0.679167 0.588333 0.034167 0.038333
3 0.419167 0.548333 0.017500 0.031667
2 0.490833 0.448333 0.020833 0.080000
2 0.085000 0.490000 0.048333 0.043333
3 0.596667 0.485000 0.010000 0.016667
3 0.409167 0.580000 0.011667 0.030000
2 0.470000 0.600000 0.034167 0.100000
2 0.185000 0.548333 0.027500 0.016667
3 0.610000 0.463333 0.013333 0.031667
2 0.239167 0.446667 0.027500 0.016667
3 0.349167 0.570000 0.014167 0.025000
3 0.615000 0.533333 0.017500 0.031667
2 0.183333 0.541667 0.097500 0.053333
3 0.712500 0.583333 0.009167 0.023333
2 0.324167 0.541667 0.022500 0.023333
2 0.395833 0.518333 0.010833 0.091667
3 0.416667 0.520000 0.013333 0.031667
2 0.624167 0.445000 0.014167 0.015000
3 0.579167 0.530000 0.015833 0.051667
2 0.757500 0.461667 0.009167 0.040000
3 0.726667 0.565000 0.015833 0.051667
2 0.089167 0.495000 0.011667 0.025000
3 0.402500 0.535000 0.014167 0.025000
3 0.583333 0.503333 0.008333 0.016667
2 0.663333 0.473333 0.029167 0.038333
2 0.323333 0.528333 0.034167 0.038333
3 0.095000 0.546667 0.009167 0.023333
3 0.395000 0.590000 0.011667 0.030000
2 0.455000 0.385000 0.035000 0.105000
3 0.611667 0.535000 0.008333 0.016667
2 0.318333 0.466667 0.011667 0.025000
2 0.662500 0.516667 0.023333 0.041667
2 0.280000 0.508333 0.021667 0.090000
3 0.339167 0.575000 0.013333 0.015000
2 0.420000 0.556667 0.015833 0.068333
3 0.196667 0.471667 0.010833 0.013333
3 0.375000 0.531667 0.008333 0.016667
2 0.429167 0.618333 0.013333 0.070000
2 0.620833 0.556667 0.011667 0.066667
2 0.435833 0.558333 0.011667 0.066667
2 0.484167 0.488333 0.020000 0.021667
2 0.047500 0.548333 0.058333 0.076667
2 0.028333 0.455000 0.057500 0.076667
3 0.683333 0.516667 0.008333 0.016667
3 0.293333 0.501667 0.007500 0.015000
3 0.480000 0.550000 0.013333 0.031667
2 0.600833 0.430000 0.048333 0.043333
3 0.050000 0.496667 0.007500 0.018333
3 0.490000 0.448333 0.013333 0.015000
3 0.195833 0.593333 0.009167 0.018333
2 0.587500 0.571667 0.010833 0.091667
2 0.409167 0.568333 0.013333 0.070000
2 0.244167 0.550000 0.058333 0.076667
3 0.189167 0.543333 0.013333 0.031667
3 0.448333 0.601667 0.013333 0.031667
3 0.679167 0.565000 0.007500 0.015000
3 0.338333 0.588333 0.011667 0.030000
3 0.817500 0.481667 0.007500 0.018333
2 0.486667 0.526667 0.020833 0.080000
2 0.017500 0.516667 0.035000 0.053333
3 0.487500 0.283333 0.008333 0.016667
3 0.683333 0.636667 0.011667 0.030000
2 0.577500 0.406667 0.015833 0.068333
2 0.590000 0.661667 0.010833 0.091667
2 0.243333 0.741667 0.010000 0.031667
2 0.711667 0.713333 0.048333 0.043333
3 0.385000 0.706667 0.009167 0.016667
3 0.349167 0.331667 0.013333 0.015000
2 0.660000 0.351667 0.020833 0.080000
2 0.501667 0.220000 0.048333 0.043333
3 0.270000 0.346667 0.013333 0.031667
3 0.693333 0.690000 0.008333 0.016667
2 0.789167 0.398333 0.034167 0.100000
3 0.514167 0.240000 0.015833 0.051667
2 0.298333 0.180000 0.020833 0.080000
2 0.776667 0.438333 0.013333 0.070000
3 0.308333 0.716667 0.009167 0.023333
3 0.706667 0.280000 0.007500 0.015000
2 0.778333 0.683333 0.034167 0.100000
2 0.661667 0.348333 0.058333 0.076667
3 0.517500 0.410000 0.017500 0.031667
3 0.778333 0.655000 0.007500 0.016667
3 0.712500 0.726667 0.010000 0.020000
2 0.796667 0.616667 0.020000 0.021667
3 0.428333 0.378333 0.007500 0.015000
3 0.717500 0.660000 0.009167 0.016667
3 0.334167 0.331667 0.008333 0.016667
3 0.613333 0.651667 0.017500 0.031667
2 0.671667 0.633333 0.020833 0.080000
3 0.313333 0.260000 0.010000 0.020000
2 0.338333 0.215000 0.019167 0.046667
3 0.710000 0.431667 0.007500 0.018333
2 0.215833 0.698333 0.029167 0.038333
2 0.283333 0.281667 0.023333 0.041667
2 0.228333 0.388333 0.023333 0.106667
3 0.328333 0.673333 0.006667 0.018333
2 0.693333 0.303333 0.030833 0.051667
3 0.353333 0.641667 0.013333 0.015000
2 0.710833 0.443333 0.021667 0.090000
2 0.691667 0.636667 0.014167 0.015000
3 0.331667 0.406667 0.007500 0.015000
2 0.350000 0.336667 0.013333 0.070000
2 0.621667 0.636667 0.010000 0.031667
3 0.810833 0.403333 0.008333 0.021667
2 0.681667 0.413333 0.020833 0.028333
3 0.650833 0.670000 0.008333 0.016667
2 0.616667 0.393333 0.017500 0.116667
2 0.552500 0.220000 0.011667 0.025000
3 0.316667 0.371667 0.007500 0.015000
3 0.455000 0.791667 0.008333 0.021667
2 0.704167 0.718333 0.013333 0.070000
3 0.572500 0.621667 0.011667 0.030000
2 0.523333 0.381667 0.021667 0.090000
3 0.679167 0.591667 0.009167 0.018333
3 0.660833 0.385000 0.010833 0.013333
2 0.544167 0.613333 0.015833 0.068333
3 0.241667 0.851667 0.010833 0.013333
2 0.576667 0.271667 0.097500 0.053333
3 0.662500 0.385000 0.008333 0.016667
2 0.770000 0.333333 0.048333 0.025000
3 0.455833 0.351667 0.010000 0.016667
3 0.446667 0.365000 0.007500 0.015000
3 0.409167 0.751667 0.007500 0.015000
2 0.680833 0.620000 0.011667 0.066667
3 0.813333 0.403333 0.008333 0.016667
2 0.687500 0.638333 0.023333 0.106667
2 0.320000 0.680000 0.022500 0.023333
3 0.423333 0.685000 0.007500 0.018333
3 0.224167 0.348333 0.010833 0.023333
2 0.323333 0.756667 0.011667 0.025000
3 0.159167 0.636667 0.008333 0.016667
3 0.623333 0.655000 0.009167 0.018333
3 0.719167 0.641667 0.007500 0.018333
3 0.316667 0.373333 0.010833 0.013333
2 0.305833 0.243333 0.026667 0.035000
2 0.460833 0.663333 0.010000 0.031667
3 0.712500 0.418333 0.011667 0.020000
2 0.694167 0.336667 0.011667 0.025000
2 0.785833 0.651667 0.023333 0.041667
2 0.640000 0.403333 0.020833 0.028333
2 0.684167 0.728333 0.035000 0.105000
3 0.281667 0.746667 0.008333 0.016667
2 0.219167 0.301667 0.017500 0.116667
2 0.840833 0.331667 0.023333 0.041667
2 0.235833 0.816667 0.097500 0.053333
3 0.763333 0.386667 0.006667 0.018333
2 0.648333 0.373333 0.023333 0.041667
2 0.630000 0.636667 0.029167 0.038333
3 0.273333 0.321667 0.007500 0.015000
2 0.785833 0.368333 0.011667 0.025000
3 0.366667 0.646667 0.009167 0.023333
3 0.477500 0.620000 0.007500 0.018333
3 0.621667 0.396667 0.007500 0.016667
2 0.516667 0.345000 0.034167 0.038333
2 0.713333 0.418333 0.020833 0.028333
3 0.495833 0.716667 0.008333 0.016667
2 0.742500 0.438333 0.034167 0.100000
2 0.769167 0.460000 0.020833 0.080000
2 0.337500 0.223333 0.020833 0.028333
3 0.226667 0.336667 0.008333 0.016667
3 0.660833 0.666667 0.015833 0.051667
2 0.660000 0.433333 0.034167 0.038333
2 0.732500 0.650000 0.020000 0.021667
2 0.748333 0.301667 0.020833 0.028333
3 0.344167 0.666667 0.008333 0.016667
3 0.802500 0.620000 0.008333 0.016667
3 0.287500 0.290000 0.015833 0.051667
2 0.719167 0.306667 0.035000 0.105000
2 0.721667 0.641667 0.020833 0.080000
2 0.749167 0.293333 0.019167 0.046667
2 0.680833 0.605000 0.029167 0.038333
2 0.377500 0.725000 0.009167 0.040000
3 0.255833 0.233333 0.008333 0.021667
3 0.350000 0.710000 0.006667 0.018333
2 0.336667 0.660000 0.048333 0.025000
3 0.786667 0.350000 0.008333 0.016667
2 0.790833 0.616667 0.048333 0.025000
2 0.678333 0.718333 0.010833 0.091667
3 0.285833 0.760000 0.014167 0.025000
3 0.754167 0.385000 0.010000 0.016667
3 0.668333 0.661667 0.009167 0.023333
3 0.634167 0.663333 0.014167 0.025000
2 0.795000 0.745000 0.013333 0.070000
2 0.725833 0.603333 0.023333 0.106667
3 0.580000 0.653333 0.013333 0.015000
2 0.260833 0.301667 0.097500 0.053333
3 0.540000 0.688333 0.013333 0.015000
2 0.534167 0.286667 0.029167 0.038333
2 0.451667 0.736667 0.015833 0.068333
2 0.539167 0.636667 0.029167 0.038333
2 0.680833 0.771667 0.058333 0.076667
2 0.577500 0.431667 0.020000 0.021667
3 0.746667 0.615000 0.010000 0.016667
3 0.658333 0.328333 0.008333 0.016667
3 0.604167 0.333333 0.014167 0.025000
3 0.433333 0.780000 0.008333 0.016667
3 0.767500 0.368333 0.008333 0.016667
2 0.669167 0.453333 0.021667 0.090000
3 0.558333 0.370000 0.008333 0.016667
2 0.476667 0.763333 0.048333 0.043333
3 0.682500 0.671667 0.009167 0.015000
2 0.510833 0.300000 0.022500 0.023333
2 0.714167 0.353333 0.014167 0.015000
2 0.593333 0.715000 0.023333 0.041667
3 0.733333 0.656667 0.007500 0.015000
2 0.305000 0.241667 0.035000 0.105000
2 0.741667 0.608333 0.017500 0.116667
2 0.537500 0.246667 0.023333 0.106667
3 0.490833 0.326667 0.010833 0.013333
2 0.257500 0.356667 0.011667 0.025000
3 0.615833 0.365000 0.007500 0.015000
2 0.441667 0.288333 0.034167 0.038333
3 0.432500 0.805000 0.007500 0.015000
2 0.727500 0.643333 0.029167 0.038333
3 0.515000 0.748333 0.009167 0.016667
2 0.407500 0.368333 0.011667 0.066667
3 0.816667 0.393333 0.017500 0.031667
3 0.817500 0.413333 0.009167 0.015000
3 0.395833 0.668333 0.010000 0.016667
3 0.682500 0.273333 0.014167 0.025000
2 0.331667 0.681667 0.026667 0.035000
3 0.744167 0.346667 0.006667 0.018333
3 0.800000 0.395000 0.008333 0.016667
2 0.455000 0.735000 0.021667 0.090000
2 0.770000 0.301667 0.011667 0.066667
3 0.725000 0.606667 0.009167 0.018333
2 0.448333 0.251667 0.019167 0.046667
2 0.430833 0.373333 0.027500 0.016667
3 0.690000 0.673333 0.015833 0.051667
2 0.305000 0.763333 0.020833 0.028333
3 0.637500 0.628333 0.007500 0.018333
3 0.661667 0.340000 0.011667 0.020000
2 0.467500 0.333333 0.017500 0.116667
2 0.288333 0.703333 0.011667 0.025000
2 0.708333 0.665000 0.009167 0.040000
2 0.532500 0.328333 0.011667 0.066667
3 0.482500 0.831667 0.011667 0.030000
2 0.403333 0.736667 0.019167 0.046667
2 0.708333 0.628333 0.017500 0.116667
3 0.304167 0.648333 0.008333 0.021667
3 0.623333 0.383333 0.007500 0.015000
2 0.761667 0.351667 0.019167 0.046667
3 0.451667 0.368333 0.010833 0.023333
3 0.571667 0.386667 0.011667 0.020000
3 0.310833 0.608333 0.009167 0.016667
3 0.272500 0.350000 0.008333 0.021667
3 0.445833 0.710000 0.010000 0.020000
2 0.762500 0.365000 0.048333 0.043333
2 0.222500 0.340000 0.035000 0.105000
2 0.300833 0.368333 0.034167 0.100000
3 0.682500 0.671667 0.009167 0.015000
3 0.779167 0.663333 0.007500 0.015000
2 0.704167 0.701667 0.020000 0.021667
2 0.651667 0.355000 0.045833 0.021667
2 0.330833 0.691667 0.009167 0.040000
3 0.300000 0.383333 0.010000 0.020000
2 0.307500 0.395000 0.013333 0.070000
3 0.437500 0.370000 0.014167 0.025000
