4 0.830833 0.400000 0.105000 0.150000
4 0.831667 0.603333 0.068333 0.046667
4 0.864167 0.633333 0.046667 0.061667
4 0.876667 0.545000 0.101667 0.081667
4 0.800833 0.546667 0.086667 0.068333
4 0.869167 0.493333 0.100833 0.025000
4 0.833333 0.385000 0.085833 0.096667
4 0.840000 0.716667 0.115833 0.103333
4 0.780000 0.543333 0.154167 0.251667
4 0.846667 0.448333 0.075000 0.131667
4 0.318333 0.506667 0.202500 0.081667
4 0.092500 0.520000 0.185000 0.065000
4 0.102500 0.411667 0.170833 0.300000
4 0.217500 0.603333 0.043333 0.096667
4 0.102500 0.505000 0.086667 0.048333
4 0.374167 0.500000 0.081667 0.080000
4 0.562500 0.478333 0.155000 0.110000
4 0.200000 0.623333 0.192500 0.135000
4 0.726667 0.536667 0.145833 0.121667
4 0.365000 0.513333 0.070000 0.125000
3 0.199167 0.505000 0.010000 0.016667
3 0.787500 0.571667 0.013333 0.031667
3 0.601667 0.611667 0.010833 0.023333
2 0.153333 0.483333 0.022500 0.023333
2 0.209167 0.586667 0.014167 0.015000
3 0.782500 0.516667 0.015833 0.051667
2 0.079167 0.521667 0.020000 0.021667
2 0.379167 0.521667 0.058333 0.076667
2 0.330833 0.421667 0.009167 0.040000
3 0.200833 0.543333 0.017500 0.031667
2 0.231667 0.615000 0.021667 0.090000
3 0.227500 0.560000 0.010000 0.020000
3 0.315833 0.481667 0.008333 0.016667
2 0.608333 0.580000 0.019167 0.046667
2 0.530000 0.611667 0.020833 0.080000
2 0.687500 0.588333 0.023333 0.106667
2 0.714167 0.520000 0.035000 0.105000
2 0.786667 0.546667 0.021667 0.090000
2 0.052500 0.506667 0.034167 0.038333
2 0.178333 0.538333 0.020833 0.028333
3 0.692500 0.461667 0.015833 0.051667
2 0.171667 0.560000 0.013333 0.070000
3 0.235833 0.576667 0.007500 0.015000
2 0.215833 0.461667 0.011667 0.025000
2 0.589167 0.488333 0.019167 0.046667
3 0.178333 0.560000 0.014167 0.025000
3 0.060833 0.483333 0.009167 0.018333
3 0.807500 0.508333 0.006667 0.018333
2 0.255000 0.473333 0.009167 0.040000
3 0.500833 0.430000 0.007500 0.015000
2 0.160000 0.453333 0.019167 0.046667
3 0.770833 0.478333 0.010833 0.013333
2 0.145833 0.518333 0.048333 0.043333
2 0.568333 0.558333 0.034167 0.038333
3 0.204167 0.485000 0.009167 0.016667
2 0.581667 0.496667 0.020833 0.080000
3 0.448333 0.498333 0.008333 0.016667
2 0.733333 0.493333 0.020833 0.080000
2 0.606667 0.541667 0.020833 0.028333
2 0.709167 0.470000 0.058333 0.076667
2 0.111667 0.461667 0.029167 0.038333
3 0.336667 0.506667 0.007500 0.016667
3 0.499167 0.443333 0.009167 0.015000
2 0.530833 0.461667 0.019167 0.046667
2 0.454167 0.483333 0.015833 0.068333
2 0.320000 0.505000 0.034167 0.038333
3 0.755833 0.516667 0.009167 0.016667
3 0.332500 0.585000 0.009167 0.015000
2 0.655833 0.585000 0.034167 0.100000
2 0.305833 0.515000 0.027500 0.016667
3 0.225000 0.508333 0.007500 0.015000
2 0.438333 0.551667 0.023333 0.106667
2 0.239167 0.541667 0.026667 0.035000
2 0.577500 0.490000 0.020833 0.080000
2 0.330000 0.541667 0.023333 0.106667
2 0.637500 0.541667 0.023333 0.041667
3 0.189167 0.568333 0.008333 0.016667
2 0.353333 0.578333 0.010000 0.031667
2 0.218333 0.511667 0.009167 0.040000
3 0.671667 0.540000 0.008333 0.016667
2 0.698333 0.611667 0.034167 0.100000
2 0.677500 0.461667 0.014167 0.015000
2 0.332500 0.520000 0.023333 0.106667
2 0.215833 0.581667 0.010000 0.031667
2 0.680000 0.560000 0.020833 0.028333
3 0.766667 0.455000 0.009167 0.015000
3 0.206667 0.520000 0.011667 0.020000
2 0.685000 0.591667 0.048333 0.043333
2 0.808333 0.581667 0.013333 0.070000
2 0.603333 0.520000 0.029167 0.038333
3 0.320833 0.546667 0.008333 0.016667
3 0.421667 0.493333 0.014167 0.025000
2 0.585833 0.573333 0.010833 0.091667
2 0.555833 0.538333 0.011667 0.025000
2 0.636667 0.446667 0.020000 0.021667
2 0.232500 0.576667 0.010833 0.091667
3 0.030833 0.536667 0.007500 0.016667
2 0.212500 0.551667 0.020833 0.028333
2 0.283333 0.545000 0.029167 0.038333
2 0.809167 0.535000 0.009167 0.031667
3 0.476667 0.550000 0.008333 0.016667
2 0.404167 0.593333 0.034167 0.100000
3 0.050833 0.536667 0.010833 0.023333
2 0.645833 0.491667 0.020000 0.021667
2 0.271667 0.553333 0.035000 0.105000
3 0.672500 0.476667 0.014167 0.025000
3 0.625833 0.458333 0.006667 0.018333
2 0.048333 0.510000 0.048333 0.043333
2 0.205000 0.600000 0.009167 0.031667
2 0.020833 0.523333 0.015833 0.068333
3 0.616667 0.516667 0.014167 0.025000
2 0.796667 0.485000 0.022500 0.023333
3 0.150833 0.585000 0.008333 0.016667
2 0.714167 0.546667 0.022500 0.023333
3 0.805833 0.556667 0.006667 0.018333
3 0.737500 0.580000 0.007500 0.018333
3 0.366667 0.586667 0.011667 0.020000
2 0.289167 0.463333 0.045833 0.021667
3 0.510833 0.486667 0.007500 0.018333
2 0.063333 0.516667 0.097500 0.053333
2 0.594167 0.491667 0.015833 0.068333
3 0.707500 0.530000 0.013333 0.031667
3 0.428333 0.750000 0.010833 0.013333
2 0.286667 0.733333 0.020833 0.080000
3 0.694167 0.263333 0.017500 0.031667
2 0.647500 0.655000 0.027500 0.016667
2 0.323333 0.708333 0.009167 0.040000
3 0.807500 0.620000 0.009167 0.016667
2 0.280833 0.745000 0.011667 0.066667
3 0.747500 0.306667 0.007500 0.015000
3 0.460000 0.115000 0.009167 0.016667
2 0.432500 0.376667 0.014167 0.015000
3 0.686667 0.628333 0.006667 0.018333
2 0.675833 0.635000 0.020000 0.021667
3 0.559167 0.273333 0.009167 0.016667
3 0.683333 0.616667 0.007500 0.015000
2 0.393333 0.395000 0.010833 0.091667
3 0.419167 0.673333 0.010833 0.023333
3 0.605000 0.366667 0.007500 0.015000
2 0.757500 0.606667 0.014167 0.015000
3 0.828333 0.423333 0.009167 0.016667
2 0.747500 0.631667 0.030833 0.051667
3 0.536667 0.385000 0.007500 0.018333
2 0.675000 0.343333 0.048333 0.043333
3 0.286667 0.821667 0.010000 0.020000
3 0.460833 0.861667 0.007500 0.015000
2 0.775833 0.735000 0.014167 0.015000
2 0.495000 0.245000 0.009167 0.040000
2 0.798333 0.650000 0.030833 0.051667
3 0.760000 0.365000 0.008333 0.016667
3 0.697500 0.370000 0.008333 0.016667
3 0.643333 0.401667 0.009167 0.015000
3 0.305000 0.661667 0.007500 0.015000
2 0.764167 0.666667 0.013333 0.070000
2 0.731667 0.621667 0.048333 0.043333
2 0.408333 0.755000 0.023333 0.041667
2 0.477500 0.818333 0.020833 0.028333
2 0.574167 0.598333 0.011667 0.066667
3 0.689167 0.271667 0.006667 0.018333
3 0.787500 0.645000 0.013333 0.031667
3 0.443333 0.895000 0.008333 0.016667
2 0.681667 0.426667 0.014167 0.015000
2 0.642500 0.693333 0.058333 0.076667
2 0.591667 0.748333 0.014167 0.015000
2 0.642500 0.378333 0.020000 0.021667
2 0.661667 0.666667 0.022500 0.023333
2 0.689167 0.661667 0.010833 0.091667
3 0.264167 0.391667 0.010833 0.023333
2 0.732500 0.575000 0.097500 0.053333
3 0.322500 0.341667 0.007500 0.015000
3 0.216667 0.685000 0.013333 0.015000
2 0.630833 0.658333 0.020833 0.080000
3 0.256667 0.770000 0.009167 0.016667
2 0.685833 0.318333 0.045833 0.021667
3 0.265833 0.695000 0.014167 0.025000
3 0.275000 0.393333 0.009167 0.018333
3 0.775000 0.605000 0.013333 0.031667
2 0.253333 0.668333 0.048333 0.025000
2 0.730000 0.683333 0.021667 0.090000
2 0.773333 0.635000 0.020833 0.080000
2 0.452500 0.866667 0.010833 0.091667
3 0.515833 0.308333 0.007500 0.015000
2 0.306667 0.766667 0.022500 0.023333
3 0.645833 0.355000 0.009167 0.018333
2 0.667500 0.440000 0.020833 0.080000
2 0.450833 0.191667 0.020833 0.080000
2 0.535833 0.675000 0.048333 0.043333
3 0.327500 0.803333 0.011667 0.020000
2 0.581667 0.731667 0.011667 0.066667
3 0.728333 0.671667 0.007500 0.015000
3 0.807500 0.431667 0.007500 0.018333
3 0.518333 0.290000 0.007500 0.015000
3 0.810833 0.710000 0.013333 0.015000
2 0.766667 0.420000 0.048333 0.025000
2 0.305000 0.270000 0.026667 0.035000
2 0.382500 0.673333 0.020833 0.080000
2 0.777500 0.358333 0.026667 0.035000
3 0.321667 0.351667 0.010000 0.020000
3 0.634167 0.408333 0.008333 0.016667
3 0.804167 0.653333 0.011667 0.020000
3 0.726667 0.425000 0.007500 0.015000
3 0.325000 0.690000 0.007500 0.018333
3 0.334167 0.648333 0.007500 0.015000
2 0.820000 0.700000 0.014167 0.015000
2 0.307500 0.273333 0.029167 0.038333
3 0.695000 0.630000 0.007500 0.015000
2 0.704167 0.448333 0.026667 0.035000
2 0.701667 0.658333 0.013333 0.070000
2 0.304167 0.146667 0.010000 0.031667
3 0.762500 0.405000 0.009167 0.023333
2 0.407500 0.686667 0.017500 0.116667
3 0.795833 0.368333 0.007500 0.016667
3 0.570833 0.275000 0.007500 0.016667
3 0.681667 0.396667 0.006667 0.018333
2 0.324167 0.366667 0.010000 0.031667
3 0.607500 0.325000 0.007500 0.016667
3 0.347500 0.788333 0.008333 0.016667
2 0.596667 0.998333 0.026667 0.001667
2 0.710000 0.345000 0.009167 0.040000
3 0.655833 0.396667 0.008333 0.016667
2 0.292500 0.663333 0.030833 0.051667
3 0.646667 0.391667 0.008333 0.016667
2 0.669167 0.418333 0.027500 0.016667
2 0.290000 0.708333 0.017500 0.116667
2 0.374167 0.355000 0.020000 0.021667
2 0.423333 0.396667 0.013333 0.070000
2 0.796667 0.391667 0.014167 0.015000
3 0.582500 0.656667 0.008333 0.016667
3 0.425000 0.710000 0.007500 0.015000
2 0.388333 0.380000 0.014167 0.015000
2 0.281667 0.233333 0.015833 0.068333
2 0.760000 0.596667 0.010000 0.031667
3 0.386667 0.391667 0.009167 0.016667
2 0.722500 0.618333 0.023333 0.106667
2 0.356667 0.648333 0.010833 0.091667
2 0.666667 0.370000 0.045833 0.021667
3 0.480000 0.703333 0.008333 0.016667
2 0.484167 0.283333 0.017500 0.116667
3 0.716667 0.343333 0.007500 0.016667
2 0.309167 0.383333 0.097500 0.053333
3 0.325000 0.658333 0.009167 0.016667
2 0.553333 0.685000 0.020833 0.080000
3 0.529167 0.391667 0.009167 0.016667
3 0.743333 0.805000 0.008333 0.016667
3 0.715000 0.305000 0.007500 0.015000
2 0.443333 0.675000 0.020000 0.021667
3 0.266667 0.723333 0.010000 0.016667
3 0.686667 0.643333 0.009167 0.018333
3 0.543333 0.210000 0.009167 0.016667
2 0.220000 0.695000 0.030833 0.051667
2 0.742500 0.393333 0.027500 0.016667
3 0.325000 0.710000 0.009167 0.016667
3 0.259167 0.316667 0.007500 0.015000
2 0.540000 0.266667 0.048333 0.043333
3 0.353333 0.385000 0.008333 0.016667
2 0.674167 0.316667 0.015833 0.068333
2 0.810833 0.423333 0.023333 0.041667
2 0.630000 0.621667 0.058333 0.076667
2 0.519167 0.405000 0.009167 0.031667
3 0.705000 0.356667 0.010833 0.023333
2 0.333333 0.755000 0.010000 0.031667
3 0.644167 0.385000 0.011667 0.020000
2 0.785000 0.368333 0.010000 0.031667
2 0.261667 0.765000 0.020833 0.080000
2 0.474167 0.201667 0.029167 0.038333
3 0.754167 0.416667 0.011667 0.030000
3 0.435833 0.380000 0.008333 0.016667
3 0.306667 0.406667 0.009167 0.023333
2 0.702500 0.701667 0.058333 0.076667
2 0.665833 0.405000 0.045833 0.021667
3 0.404167 0.660000 0.007500 0.016667
2 0.547500 0.218333 0.020833 0.028333
2 0.456667 0.725000 0.022500 0.023333
2 0.693333 0.326667 0.021667 0.090000
2 0.683333 0.368333 0.020833 0.080000
3 0.645000 0.630000 0.007500 0.018333
2 0.477500 0.221667 0.010000 0.031667
3 0.314167 0.205000 0.007500 0.015000
2 0.508333 0.671667 0.020833 0.080000
2 0.302500 0.293333 0.048333 0.025000
2 0.241667 0.770000 0.013333 0.070000
2 0.538333 0.443333 0.034167 0.100000
2 0.253333 0.325000 0.048333 0.025000
2 0.300833 0.301667 0.035000 0.105000
2 0.509167 0.780000 0.020833 0.080000
2 0.391667 0.356667 0.014167 0.015000
2 0.228333 0.626667 0.020833 0.028333
2 0.826667 0.426667 0.022500 0.023333
2 0.292500 0.348333 0.022500 0.023333
2 0.472500 0.285000 0.026667 0.035000
2 0.531667 0.375000 0.013333 0.070000
2 0.309167 0.641667 0.020000 0.021667
2 0.505000 0.675000 0.010000 0.031667
3 0.705000 0.673333 0.006667 0.018333
2 0.172500 0.401667 0.014167 0.015000
2 0.522500 0.730000 0.026667 0.035000
3 0.424167 0.708333 0.009167 0.015000
3 0.240833 0.363333 0.015833 0.051667
3 0.342500 0.750000 0.011667 0.020000
2 0.721667 0.416667 0.013333 0.070000
2 0.405000 0.353333 0.014167 0.015000
3 0.675000 0.406667 0.015833 0.051667
2 0.626667 0.648333 0.010000 0.031667
2 0.578333 0.430000 0.017500 0.116667
3 0.776667 0.651667 0.010000 0.016667
3 0.680833 0.641667 0.011667 0.020000
3 0.611667 0.763333 0.014167 0.025000
3 0.494167 0.271667 0.017500 0.031667
3 0.675833 0.423333 0.007500 0.015000
3 0.687500 0.641667 0.013333 0.031667
2 0.715000 0.455000 0.030833 0.051667
2 0.355833 0.603333 0.020833 0.028333
3 0.432500 0.808333 0.007500 0.018333
2 0.448333 0.710000 0.011667 0.066667
2 0.504167 0.268333 0.023333 0.106667
2 0.263333 0.636667 0.017500 0.116667
2 0.475000 0.405000 0.021667 0.090000
2 0.327500 0.320000 0.011667 0.066667
3 0.675833 0.345000 0.008333 0.016667
3 0.310833 0.398333 0.007500 0.018333
