4 0.840833 0.496667 0.033333 0.073333
4 0.817500 0.585000 0.074167 0.056667
4 0.775833 0.546667 0.186667 0.156667
4 0.765000 0.571667 0.196667 0.113333
4 0.879167 0.581667 0.093333 0.095000
4 0.845000 0.625000 0.065000 0.041667
4 0.818333 0.650000 0.103333 0.193333
4 0.872500 0.640000 0.105000 0.218333
4 0.798333 0.368333 0.119167 0.120000
4 0.879167 0.580000 0.068333 0.043333
4 0.778333 0.470000 0.080000 0.093333
4 0.727500 0.436667 0.068333 0.120000
4 0.284167 0.495000 0.136667 0.081667
4 0.481667 0.691667 0.140833 0.346667
4 0.168333 0.663333 0.114167 0.315000
4 0.544167 0.493333 0.073333 0.020000
4 0.383333 0.556667 0.218333 0.126667
4 0.700000 0.645000 0.116667 0.245000
4 0.630000 0.523333 0.086667 0.080000
4 0.732500 0.528333 0.039167 0.061667
3 0.677500 0.580000 0.011667 0.020000
3 0.600000 0.575000 0.015833 0.051667
3 0.211667 0.521667 0.009167 0.016667
2 0.769167 0.550000 0.023333 0.106667
2 0.029167 0.565000 0.011667 0.066667
3 0.492500 0.505000 0.007500 0.015000
3 0.649167 0.541667 0.009167 0.016667
3 0.300833 0.483333 0.007500 0.016667
3 0.355833 0.565000 0.008333 0.016667
3 0.460833 0.455000 0.014167 0.025000
2 0.190000 0.466667 0.013333 0.070000
3 0.598333 0.495000 0.015833 0.051667
3 0.290000 0.568333 0.007500 0.018333
2 0.285833 0.535000 0.034167 0.038333
2 0.075833 0.551667 0.048333 0.043333
2 0.472500 0.473333 0.058333 0.076667
2 0.435833 0.591667 0.011667 0.066667
3 0.350000 0.576667 0.010833 0.023333
2 0.639167 0.506667 0.023333 0.106667
2 0.314167 0.496667 0.048333 0.025000
3 0.165000 0.573333 0.015833 0.051667
2 0.731667 0.615000 0.010833 0.091667
2 0.609167 0.580000 0.009167 0.040000
2 0.038333 0.505000 0.048333 0.025000
2 0.260833 0.470000 0.009167 0.040000
3 0.634167 0.526667 0.008333 0.016667
2 0.340000 0.515000 0.048333 0.025000
2 0.626667 0.520000 0.010833 0.091667
3 0.565000 0.541667 0.009167 0.015000
3 0.230000 0.591667 0.007500 0.016667
2 0.814167 0.581667 0.009167 0.040000
3 0.414167 0.498333 0.007500 0.018333
3 0.733333 0.525000 0.010833 0.013333
3 0.513333 0.511667 0.009167 0.015000
3 0.117500 0.473333 0.011667 0.020000
2 0.151667 0.551667 0.021667 0.090000
3 0.343333 0.613333 0.008333 0.016667
2 0.351667 0.483333 0.097500 0.053333
3 0.257500 0.513333 0.009167 0.016667
3 0.578333 0.563333 0.007500 0.015000
3 0.702500 0.460000 0.017500 0.031667
2 0.313333 0.476667 0.011667 0.066667
2 0.073333 0.530000 0.010000 0.031667
2 0.060833 0.556667 0.027500 0.016667
2 0.116667 0.451667 0.029167 0.038333
3 0.613333 0.606667 0.006667 0.018333
3 0.213333 0.581667 0.013333 0.015000
2 0.138333 0.435000 0.011667 0.066667
2 0.154167 0.491667 0.020833 0.028333
2 0.158333 0.530000 0.020833 0.080000
3 0.031667 0.556667 0.009167 0.016667
3 0.401667 0.571667 0.009167 0.016667
2 0.101667 0.478333 0.011667 0.066667
3 0.350833 0.525000 0.010833 0.013333
2 0.633333 0.573333 0.048333 0.043333
3 0.551667 0.538333 0.010000 0.016667
3 0.704167 0.593333 0.007500 0.018333
2 0.575000 0.485000 0.023333 0.041667
2 0.563333 0.443333 0.009167 0.040000
2 0.776667 0.583333 0.023333 0.041667
3 0.481667 0.555000 0.011667 0.030000
2 0.030000 0.485000 0.060000 0.053333
3 0.205000 0.528333 0.015833 0.051667
3 0.676667 0.556667 0.008333 0.016667
3 0.538333 0.460000 0.011667 0.030000
2 0.762500 0.483333 0.017500 0.116667
3 0.140833 0.565000 0.007500 0.018333
2 0.152500 0.545000 0.030833 0.051667
3 0.725000 0.506667 0.010000 0.020000
2 0.780833 0.586667 0.048333 0.025000
2 0.464167 0.458333 0.029167 0.038333
3 0.255833 0.545000 0.008333 0.016667
3 0.180833 0.518333 0.015833 0.051667
2 0.808333 0.575000 0.020833 0.080000
3 0.186667 0.543333 0.014167 0.025000
2 0.511667 0.586667 0.030833 0.051667
3 0.050000 0.508333 0.013333 0.015000
3 0.295000 0.563333 0.008333 0.016667
2 0.431667 0.635000 0.034167 0.100000
3 0.278333 0.450000 0.007500 0.015000
2 0.527500 0.475000 0.027500 0.016667
2 0.620833 0.566667 0.009167 0.031667
3 0.160833 0.573333 0.009167 0.016667
3 0.604167 0.496667 0.010833 0.013333
2 0.569167 0.493333 0.020000 0.021667
3 0.180000 0.558333 0.010000 0.016667
2 0.493333 0.545000 0.020833 0.080000
3 0.820833 0.646667 0.013333 0.031667
2 0.139167 0.591667 0.013333 0.070000
2 0.180000 0.566667 0.020000 0.021667
3 0.386667 0.578333 0.010833 0.013333
3 0.034167 0.485000 0.014167 0.025000
2 0.638333 0.461667 0.029167 0.038333
2 0.588333 0.463333 0.023333 0.106667
3 0.335000 0.460000 0.009167 0.016667
2 0.167500 0.420000 0.009167 0.040000
3 0.089167 0.473333 0.008333 0.016667
3 0.758333 0.570000 0.009167 0.015000
3 0.136667 0.488333 0.010000 0.016667
3 0.486667 0.483333 0.007500 0.016667
2 0.034167 0.565000 0.023333 0.106667
3 0.567500 0.573333 0.013333 0.031667
3 0.711667 0.345000 0.007500 0.018333
2 0.692500 0.251667 0.011667 0.066667
2 0.450000 0.751667 0.020000 0.021667
2 0.685000 0.668333 0.020833 0.028333
3 0.604167 0.315000 0.009167 0.018333
2 0.350833 0.401667 0.014167 0.015000
3 0.663333 0.625000 0.015833 0.051667
2 0.610833 0.628333 0.015833 0.068333
3 0.771667 0.360000 0.009167 0.016667
2 0.430833 0.348333 0.034167 0.038333
3 0.340000 0.301667 0.014167 0.025000
3 0.239167 0.760000 0.009167 0.015000
2 0.526667 0.301667 0.027500 0.016667
3 0.536667 0.305000 0.007500 0.016667
3 0.790000 0.736667 0.006667 0.018333
2 0.754167 0.391667 0.011667 0.066667
3 0.525000 0.396667 0.009167 0.016667
2 0.721667 0.691667 0.048333 0.025000
3 0.673333 0.446667 0.008333 0.021667
3 0.328333 0.803333 0.009167 0.016667
3 0.589167 0.631667 0.008333 0.016667
3 0.800833 0.393333 0.010833 0.013333
3 0.822500 0.436667 0.007500 0.015000
3 0.585000 0.613333 0.008333 0.016667
3 0.438333 0.848333 0.008333 0.016667
2 0.730833 0.340000 0.011667 0.025000
2 0.313333 0.353333 0.026667 0.035000
3 0.550833 0.726667 0.009167 0.016667
2 0.241667 0.390000 0.020833 0.028333
3 0.444167 0.671667 0.015833 0.051667
3 0.302500 0.718333 0.009167 0.023333
3 0.676667 0.626667 0.011667 0.030000
2 0.705000 0.620000 0.035000 0.105000
2 0.256667 0.725000 0.058333 0.076667
2 0.762500 0.365000 0.048333 0.025000
3 0.726667 0.448333 0.010000 0.020000
3 0.697500 0.718333 0.007500 0.016667
2 0.281667 0.445000 0.009167 0.031667
2 0.555000 0.855000 0.010833 0.091667
3 0.692500 0.620000 0.008333 0.016667
3 0.805833 0.651667 0.007500 0.016667
3 0.243333 0.360000 0.011667 0.030000
2 0.589167 0.303333 0.020833 0.080000
2 0.430000 0.921667 0.034167 0.100000
3 0.646667 0.401667 0.008333 0.016667
3 0.684167 0.635000 0.008333 0.016667
2 0.333333 0.738333 0.009167 0.040000
3 0.241667 0.705000 0.013333 0.031667
3 0.355833 0.658333 0.009167 0.016667
2 0.819167 0.401667 0.034167 0.038333
2 0.730000 0.765000 0.035000 0.105000
3 0.734167 0.646667 0.011667 0.030000
2 0.231667 0.633333 0.014167 0.015000
2 0.766667 0.315000 0.034167 0.038333
3 0.705000 0.356667 0.010833 0.023333
3 0.355000 0.365000 0.009167 0.015000
2 0.760833 0.650000 0.019167 0.046667
2 0.413333 0.325000 0.097500 0.053333
2 0.691667 0.691667 0.013333 0.070000
2 0.385000 0.350000 0.034167 0.100000
3 0.540833 0.406667 0.007500 0.016667
2 0.390000 0.361667 0.011667 0.066667
2 0.650000 0.435000 0.020833 0.080000
3 0.301667 0.711667 0.010833 0.013333
2 0.668333 0.433333 0.022500 0.023333
2 0.453333 0.791667 0.009167 0.040000
3 0.790833 0.680000 0.007500 0.016667
3 0.664167 0.396667 0.009167 0.018333
3 0.775833 0.428333 0.007500 0.015000
2 0.735833 0.696667 0.029167 0.038333
3 0.464167 0.310000 0.007500 0.018333
3 0.650000 0.443333 0.007500 0.016667
3 0.810833 0.385000 0.009167 0.016667
3 0.706667 0.421667 0.013333 0.031667
3 0.737500 0.335000 0.009167 0.023333
3 0.693333 0.645000 0.007500 0.015000
3 0.580833 0.423333 0.010000 0.020000
2 0.680000 0.621667 0.010000 0.031667
3 0.593333 0.163333 0.009167 0.023333
3 0.753333 0.705000 0.009167 0.015000
3 0.418333 0.840000 0.010833 0.023333
2 0.361667 0.323333 0.020833 0.080000
3 0.312500 0.718333 0.017500 0.031667
3 0.475833 0.368333 0.007500 0.018333
2 0.398333 0.381667 0.022500 0.023333
2 0.432500 0.403333 0.034167 0.100000
2 0.319167 0.743333 0.013333 0.070000
3 0.595833 0.718333 0.011667 0.020000
2 0.788333 0.400000 0.058333 0.076667
3 0.487500 0.773333 0.010833 0.013333
2 0.689167 0.410000 0.014167 0.015000
3 0.466667 0.785000 0.011667 0.020000
2 0.812500 0.693333 0.029167 0.038333
3 0.551667 0.421667 0.008333 0.021667
2 0.659167 0.350000 0.048333 0.043333
2 0.630833 0.605000 0.058333 0.076667
3 0.757500 0.371667 0.008333 0.016667
2 0.620833 0.381667 0.020833 0.028333
2 0.745833 0.286667 0.034167 0.038333
2 0.311667 0.636667 0.097500 0.053333
2 0.713333 0.668333 0.011667 0.025000
3 0.779167 0.665000 0.008333 0.016667
2 0.554167 0.673333 0.011667 0.025000
2 0.594167 0.655000 0.026667 0.035000
3 0.554167 0.338333 0.009167 0.015000
3 0.678333 0.333333 0.008333 0.016667
2 0.725000 0.620000 0.020833 0.080000
2 0.271667 0.315000 0.013333 0.070000
3 0.451667 0.648333 0.008333 0.016667
3 0.650833 0.668333 0.007500 0.018333
3 0.656667 0.595000 0.009167 0.016667
2 0.308333 0.675000 0.020833 0.080000
3 0.607500 0.325000 0.007500 0.015000
3 0.645000 0.630000 0.007500 0.018333
2 0.303333 0.178333 0.048333 0.025000
3 0.737500 0.753333 0.015833 0.051667
3 0.539167 0.735000 0.009167 0.016667
3 0.192500 0.398333 0.010833 0.013333
2 0.672500 0.368333 0.020833 0.080000
3 0.763333 0.403333 0.008333 0.016667
2 0.420833 0.345000 0.020833 0.080000
2 0.531667 0.321667 0.034167 0.100000
2 0.670000 0.440000 0.023333 0.106667
3 0.305000 0.321667 0.010000 0.020000
3 0.459167 0.690000 0.009167 0.015000
3 0.716667 0.643333 0.010000 0.020000
3 0.495833 0.163333 0.007500 0.016667
2 0.597500 0.701667 0.011667 0.025000
2 0.631667 0.368333 0.029167 0.038333
2 0.300000 0.710000 0.010833 0.091667
3 0.695000 0.726667 0.009167 0.015000
3 0.420833 0.786667 0.010833 0.023333
2 0.426667 0.748333 0.014167 0.015000
3 0.683333 0.426667 0.017500 0.031667
2 0.587500 0.666667 0.010833 0.091667
2 0.695833 0.375000 0.014167 0.015000
2 0.301667 0.376667 0.029167 0.038333
3 0.615833 0.396667 0.008333 0.016667
3 0.271667 0.716667 0.007500 0.016667
3 0.524167 0.400000 0.011667 0.030000
3 0.593333 0.331667 0.013333 0.015000
2 0.704167 0.456667 0.022500 0.023333
2 0.217500 0.296667 0.020833 0.028333
2 0.740833 0.373333 0.020000 0.021667
2 0.745833 0.703333 0.010000 0.031667
2 0.277500 0.775000 0.034167 0.038333
3 0.512500 0.425000 0.009167 0.023333
3 0.678333 0.663333 0.008333 0.016667
3 0.300000 0.383333 0.009167 0.018333
3 0.686667 0.348333 0.009167 0.023333
3 0.561667 0.745000 0.009167 0.023333
2 0.463333 0.765000 0.035000 0.105000
2 0.587500 0.130000 0.020833 0.080000
3 0.472500 0.246667 0.009167 0.023333
2 0.646667 0.433333 0.011667 0.025000
3 0.780000 0.323333 0.007500 0.018333
2 0.655000 0.440000 0.048333 0.025000
3 0.528333 0.405000 0.007500 0.015000
2 0.540000 0.648333 0.048333 0.043333
3 0.368333 0.720000 0.010000 0.020000
2 0.315833 0.183333 0.023333 0.106667
2 0.620833 0.641667 0.020833 0.028333
3 0.676667 0.720000 0.006667 0.018333
2 0.493333 0.278333 0.030833 0.051667
3 0.420833 0.673333 0.008333 0.016667
2 0.678333 0.431667 0.010000 0.031667
2 0.340833 0.631667 0.030833 0.051667
2 0.704167 0.700000 0.021667 0.090000
2 0.211667 0.595000 0.048333 0.025000
2 0.633333 0.350000 0.058333 0.076667
3 0.449167 0.730000 0.010000 0.020000
2 0.520833 0.441667 0.010833 0.091667
2 0.319167 0.740000 0.020833 0.080000
2 0.488333 0.296667 0.009167 0.031667
3 0.315833 0.366667 0.015833 0.051667
2 0.490000 0.356667 0.020833 0.028333
3 0.799167 0.631667 0.007500 0.016667
3 0.680833 0.683333 0.006667 0.018333
3 0.613333 0.646667 0.011667 0.020000
2 0.460000 0.255000 0.009167 0.031667
3 0.809167 0.400000 0.010833 0.023333
3 0.525000 0.408333 0.014167 0.025000
3 0.718333 0.666667 0.011667 0.030000
2 0.775000 0.421667 0.030833 0.051667
2 0.529167 0.393333 0.023333 0.041667
3 0.375833 0.375000 0.014167 0.025000
3 0.714167 0.373333 0.011667 0.030000
3 0.231667 0.383333 0.010833 0.013333
3 0.780000 0.600000 0.010833 0.023333
2 0.632500 0.401667 0.011667 0.025000
2 0.541667 0.223333 0.058333 0.076667
3 0.312500 0.385000 0.013333 0.031667
2 0.691667 0.653333 0.019167 0.046667
3 0.765833 0.640000 0.009167 0.018333
2 0.535000 0.250000 0.020833 0.080000
3 0.305000 0.293333 0.008333 0.016667
2 0.683333 0.366667 0.022500 0.023333
2 0.769167 0.606667 0.058333 0.076667
