4 0.807500 0.521667 0.098333 0.050000
4 0.829167 0.408333 0.163333 0.303333
4 0.753333 0.463333 0.207500 0.103333
4 0.826667 0.373333 0.065833 0.033333
4 0.835000 0.530000 0.100000 0.206667
4 0.841667 0.608333 0.139167 0.306667
4 0.855000 0.715000 0.075000 0.083333
4 0.850000 0.450000 0.065833 0.018333
4 0.748333 0.623333 0.223333 0.341667
4 0.831667 0.630000 0.047500 0.046667
4 0.496667 0.545000 0.099167 0.125000
4 0.034167 0.495000 0.069167 0.095000
4 0.634167 0.495000 0.047500 0.073333
4 0.732500 0.521667 0.031667 0.091667
4 0.183333 0.661667 0.086667 0.225000
4 0.068333 0.475000 0.135833 0.128333
4 0.667500 0.525000 0.067500 0.085000
4 0.204167 0.570000 0.080833 0.161667
4 0.146667 0.471667 0.065000 0.041667
4 0.042500 0.578333 0.085000 0.130000
3 0.242500 0.506667 0.008333 0.016667
2 0.644167 0.538333 0.030833 0.051667
3 0.198333 0.481667 0.009167 0.016667
3 0.120833 0.543333 0.007500 0.015000
3 0.536667 0.528333 0.007500 0.016667
2 0.130000 0.538333 0.023333 0.041667
3 0.617500 0.590000 0.008333 0.016667
2 0.487500 0.490000 0.017500 0.116667
2 0.131667 0.468333 0.021667 0.090000
3 0.034167 0.453333 0.013333 0.015000
3 0.120000 0.508333 0.008333 0.016667
2 0.595833 0.438333 0.020000 0.021667
3 0.706667 0.506667 0.010833 0.013333
2 0.200833 0.511667 0.034167 0.038333
2 0.533333 0.550000 0.045833 0.021667
2 0.379167 0.463333 0.035000 0.105000
2 0.123333 0.530000 0.034167 0.038333
2 0.672500 0.486667 0.020000 0.021667
2 0.095000 0.573333 0.017500 0.116667
2 0.060000 0.526667 0.097500 0.053333
3 0.753333 0.575000 0.007500 0.016667
2 0.210000 0.533333 0.019167 0.046667
3 0.812500 0.453333 0.007500 0.015000
2 0.223333 0.503333 0.022500 0.023333
3 0.425833 0.590000 0.008333 0.016667
3 0.803333 0.593333 0.010000 0.016667
3 0.265000 0.551667 0.013333 0.015000
3 0.706667 0.506667 0.009167 0.016667
2 0.159167 0.531667 0.023333 0.041667
2 0.293333 0.603333 0.097500 0.053333
3 0.582500 0.488333 0.009167 0.018333
3 0.302500 0.571667 0.014167 0.025000
2 0.066667 0.551667 0.058333 0.076667
2 0.285833 0.508333 0.014167 0.015000
3 0.399167 0.480000 0.007500 0.015000
2 0.439167 0.481667 0.027500 0.016667
2 0.758333 0.550000 0.022500 0.023333
3 0.827500 0.355000 0.007500 0.015000
3 0.162500 0.463333 0.014167 0.025000
2 0.154167 0.585000 0.009167 0.031667
2 0.477500 0.606667 0.020833 0.080000
3 0.272500 0.500000 0.009167 0.018333
3 0.060833 0.548333 0.010000 0.020000
2 0.746667 0.541667 0.010000 0.031667
3 0.288333 0.583333 0.007500 0.015000
2 0.809167 0.590000 0.022500 0.023333
2 0.271667 0.516667 0.034167 0.038333
3 0.250000 0.605000 0.017500 0.031667
3 0.380000 0.493333 0.009167 0.016667
2 0.331667 0.556667 0.035000 0.105000
2 0.150833 0.620000 0.020833 0.080000
2 0.792500 0.565000 0.048333 0.025000
3 0.355833 0.465000 0.007500 0.015000
2 0.634167 0.463333 0.027500 0.016667
2 0.233333 0.453333 0.097500 0.053333
3 0.110000 0.461667 0.007500 0.018333
3 0.810000 0.520000 0.007500 0.015000
2 0.040833 0.535000 0.011667 0.025000
2 0.615000 0.566667 0.023333 0.041667
2 0.201667 0.455000 0.011667 0.066667
2 0.446667 0.626667 0.021667 0.090000
3 0.270000 0.555000 0.015833 0.051667
3 0.621667 0.536667 0.006667 0.018333
2 0.628333 0.500000 0.021667 0.090000
2 0.230833 0.511667 0.010833 0.091667
3 0.100000 0.515000 0.009167 0.015000
2 0.681667 0.525000 0.009167 0.031667
2 0.169167 0.455000 0.011667 0.025000
2 0.671667 0.593333 0.048333 0.025000
3 0.330833 0.468333 0.010833 0.013333
2 0.695000 0.541667 0.009167 0.040000
2 0.099167 0.593333 0.010833 0.091667
3 0.813333 0.518333 0.010000 0.020000
2 0.123333 0.573333 0.009167 0.040000
2 0.481667 0.560000 0.017500 0.116667
2 0.104167 0.525000 0.023333 0.106667
2 0.645833 0.578333 0.014167 0.015000
2 0.460000 0.585000 0.027500 0.016667
3 0.822500 0.353333 0.010000 0.016667
2 0.650000 0.488333 0.020833 0.080000
3 0.129167 0.561667 0.009167 0.018333
3 0.254167 0.500000 0.007500 0.018333
3 0.110000 0.523333 0.010833 0.023333
3 0.756667 0.546667 0.009167 0.023333
2 0.155000 0.490000 0.020833 0.080000
2 0.720000 0.543333 0.023333 0.041667
3 0.225000 0.530000 0.007500 0.015000
2 0.283333 0.505000 0.035000 0.105000
2 0.325000 0.528333 0.019167 0.046667
3 0.810833 0.483333 0.010833 0.023333
2 0.795000 0.500000 0.015833 0.068333
3 0.828333 0.343333 0.009167 0.015000
2 0.250000 0.485000 0.020833 0.028333
3 0.715000 0.541667 0.009167 0.016667
3 0.069167 0.538333 0.015833 0.051667
2 0.150833 0.491667 0.022500 0.023333
2 0.367500 0.525000 0.058333 0.076667
2 0.165000 0.598333 0.048333 0.025000
2 0.476667 0.485000 0.027500 0.016667
3 0.326667 0.618333 0.013333 0.015000
2 0.655833 0.500000 0.020833 0.028333
3 0.405000 0.465000 0.011667 0.030000
2 0.380833 0.728333 0.010833 0.091667
2 0.426667 0.641667 0.011667 0.025000
3 0.493333 0.386667 0.009167 0.015000
3 0.566667 0.748333 0.008333 0.016667
3 0.430833 0.751667 0.014167 0.025000
3 0.534167 0.371667 0.009167 0.023333
3 0.655000 0.366667 0.009167 0.016667
2 0.734167 0.596667 0.034167 0.038333
2 0.750833 0.600000 0.023333 0.106667
2 0.635833 0.618333 0.010000 0.031667
2 0.720833 0.658333 0.020833 0.028333
3 0.305000 0.150000 0.008333 0.016667
2 0.790000 0.390000 0.027500 0.016667
3 0.515000 0.826667 0.008333 0.016667
2 0.310833 0.705000 0.020833 0.028333
3 0.579167 0.755000 0.010833 0.013333
2 0.288333 0.703333 0.026667 0.035000
3 0.290833 0.233333 0.010000 0.020000
2 0.416667 0.425000 0.021667 0.090000
2 0.469167 0.175000 0.023333 0.041667
3 0.691667 0.376667 0.007500 0.016667
2 0.381667 0.356667 0.011667 0.066667
3 0.450833 0.370000 0.007500 0.018333
3 0.491667 0.780000 0.010000 0.016667
3 0.305000 0.395000 0.009167 0.023333
2 0.725833 0.428333 0.011667 0.066667
2 0.413333 0.658333 0.048333 0.025000
2 0.674167 0.365000 0.020833 0.080000
2 0.770000 0.360000 0.010000 0.031667
3 0.799167 0.633333 0.008333 0.016667
2 0.633333 0.330000 0.035000 0.105000
3 0.730000 0.378333 0.007500 0.015000
2 0.627500 0.416667 0.048333 0.043333
3 0.270000 0.656667 0.009167 0.023333
2 0.554167 0.668333 0.027500 0.016667
3 0.690000 0.630000 0.013333 0.031667
3 0.685833 0.661667 0.010000 0.020000
3 0.760833 0.610000 0.007500 0.018333
3 0.640000 0.671667 0.010000 0.020000
3 0.632500 0.405000 0.010833 0.013333
3 0.551667 0.726667 0.008333 0.016667
3 0.747500 0.701667 0.008333 0.016667
3 0.770833 0.615000 0.008333 0.016667
2 0.199167 0.665000 0.045833 0.021667
3 0.522500 0.363333 0.010833 0.023333
3 0.555833 0.821667 0.009167 0.023333
3 0.397500 0.346667 0.007500 0.015000
2 0.317500 0.173333 0.020000 0.021667
2 0.451667 0.736667 0.015833 0.068333
3 0.225000 0.733333 0.009167 0.015000
2 0.713333 0.391667 0.029167 0.038333
2 0.278333 0.768333 0.010833 0.091667
3 0.350000 0.838333 0.008333 0.016667
2 0.745833 0.723333 0.048333 0.025000
3 0.589167 0.630000 0.007500 0.016667
2 0.755833 0.618333 0.013333 0.070000
2 0.765833 0.376667 0.048333 0.043333
3 0.404167 0.710000 0.010833 0.013333
2 0.630000 0.718333 0.048333 0.025000
2 0.680833 0.596667 0.035000 0.105000
3 0.768333 0.618333 0.007500 0.016667
2 0.247500 0.718333 0.048333 0.043333
2 0.627500 0.366667 0.015833 0.068333
3 0.696667 0.766667 0.009167 0.015000
3 0.756667 0.315000 0.008333 0.016667
3 0.726667 0.450000 0.009167 0.016667
3 0.485000 0.211667 0.008333 0.016667
3 0.729167 0.360000 0.013333 0.015000
2 0.724167 0.391667 0.022500 0.023333
3 0.798333 0.648333 0.017500 0.031667
3 0.697500 0.368333 0.008333 0.016667
2 0.521667 0.395000 0.034167 0.100000
2 0.665000 0.361667 0.011667 0.066667
2 0.713333 0.621667 0.048333 0.025000
2 0.410833 0.848333 0.026667 0.035000
3 0.291667 0.286667 0.008333 0.021667
3 0.779167 0.670000 0.010833 0.013333
3 0.679167 0.445000 0.010833 0.023333
2 0.685000 0.370000 0.019167 0.046667
3 0.655000 0.706667 0.015833 0.051667
3 0.661667 0.436667 0.007500 0.015000
3 0.768333 0.646667 0.008333 0.016667
2 0.506667 0.386667 0.034167 0.038333
2 0.638333 0.360000 0.048333 0.025000
3 0.315000 0.760000 0.006667 0.018333
2 0.684167 0.608333 0.045833 0.021667
3 0.796667 0.415000 0.007500 0.018333
2 0.785000 0.335000 0.019167 0.046667
2 0.696667 0.628333 0.022500 0.023333
2 0.315000 0.365000 0.027500 0.016667
2 0.488333 0.758333 0.009167 0.040000
2 0.498333 0.310000 0.029167 0.038333
3 0.719167 0.663333 0.009167 0.016667
3 0.470833 0.123333 0.010833 0.023333
3 0.441667 0.771667 0.009167 0.016667
2 0.610833 0.330000 0.045833 0.021667
3 0.409167 0.683333 0.011667 0.030000
2 0.476667 0.746667 0.020833 0.028333
3 0.358333 0.316667 0.009167 0.016667
2 0.705833 0.683333 0.011667 0.066667
2 0.596667 0.998333 0.026667 0.001667
3 0.406667 0.653333 0.008333 0.021667
2 0.483333 0.358333 0.097500 0.053333
2 0.313333 0.450000 0.011667 0.025000
3 0.606667 0.386667 0.008333 0.021667
2 0.760833 0.626667 0.023333 0.041667
2 0.564167 0.723333 0.021667 0.090000
3 0.671667 0.425000 0.009167 0.023333
3 0.326667 0.671667 0.010000 0.020000
3 0.726667 0.428333 0.008333 0.016667
2 0.496667 0.278333 0.023333 0.041667
2 0.486667 0.303333 0.017500 0.116667
3 0.472500 0.730000 0.007500 0.018333
2 0.734167 0.293333 0.026667 0.035000
3 0.620000 0.393333 0.010833 0.013333
2 0.445833 0.366667 0.013333 0.070000
3 0.710833 0.365000 0.008333 0.016667
2 0.260833 0.656667 0.023333 0.106667
3 0.692500 0.370000 0.008333 0.016667
2 0.688333 0.735000 0.015833 0.068333
2 0.360833 0.591667 0.011667 0.066667
3 0.280000 0.746667 0.010833 0.023333
3 0.647500 0.338333 0.017500 0.031667
2 0.319167 0.286667 0.097500 0.053333
2 0.398333 0.381667 0.022500 0.023333
2 0.424167 0.350000 0.030833 0.051667
2 0.659167 0.631667 0.048333 0.043333
2 0.468333 0.383333 0.013333 0.070000
2 0.212500 0.653333 0.035000 0.105000
3 0.423333 0.751667 0.008333 0.016667
2 0.197500 0.758333 0.020833 0.080000
3 0.687500 0.648333 0.008333 0.021667
2 0.304167 0.401667 0.048333 0.043333
3 0.356667 0.740000 0.010000 0.020000
2 0.503333 0.746667 0.023333 0.041667
2 0.342500 0.211667 0.011667 0.066667
3 0.484167 0.311667 0.009167 0.016667
2 0.559167 0.635000 0.009167 0.040000
2 0.739167 0.615000 0.023333 0.106667
2 0.447500 0.218333 0.027500 0.016667
3 0.690833 0.640000 0.009167 0.016667
3 0.679167 0.365000 0.007500 0.018333
3 0.230833 0.676667 0.009167 0.016667
2 0.777500 0.363333 0.034167 0.038333
3 0.487500 0.283333 0.007500 0.015000
2 0.583333 0.640000 0.048333 0.043333
3 0.421667 0.655000 0.007500 0.016667
2 0.486667 0.396667 0.023333 0.106667
3 0.707500 0.646667 0.010833 0.013333
2 0.540000 0.285000 0.020833 0.080000
2 0.722500 0.663333 0.048333 0.025000
2 0.809167 0.418333 0.048333 0.043333
3 0.510000 0.363333 0.010833 0.023333
3 0.738333 0.415000 0.010000 0.016667
3 0.450000 0.770000 0.009167 0.018333
3 0.654167 0.333333 0.010000 0.016667
3 0.554167 0.706667 0.011667 0.020000
3 0.799167 0.411667 0.011667 0.020000
3 0.287500 0.263333 0.008333 0.016667
2 0.290833 0.391667 0.048333 0.043333
2 0.393333 0.670000 0.023333 0.106667
3 0.359167 0.251667 0.008333 0.016667
2 0.238333 0.690000 0.097500 0.053333
3 0.466667 0.140000 0.008333 0.016667
2 0.236667 0.416667 0.097500 0.053333
2 0.352500 0.595000 0.019167 0.046667
3 0.342500 0.228333 0.010833 0.013333
2 0.531667 0.681667 0.029167 0.038333
2 0.306667 0.786667 0.027500 0.016667
2 0.669167 0.270000 0.010000 0.031667
2 0.505833 0.285000 0.011667 0.066667
3 0.339167 0.735000 0.008333 0.021667
2 0.435000 0.656667 0.009167 0.031667
2 0.263333 0.196667 0.017500 0.116667
2 0.725000 0.325000 0.011667 0.066667
2 0.719167 0.443333 0.023333 0.106667
3 0.690000 0.640000 0.007500 0.015000
3 0.422500 0.681667 0.009167 0.015000
3 0.624167 0.375000 0.013333 0.015000
2 0.725000 0.413333 0.020833 0.080000
3 0.372500 0.348333 0.009167 0.023333
3 0.805000 0.635000 0.017500 0.031667
3 0.583333 0.648333 0.008333 0.021667
2 0.745000 0.293333 0.058333 0.076667
3 0.574167 0.618333 0.008333 0.016667
3 0.694167 0.388333 0.008333 0.016667
2 0.486667 0.690000 0.009167 0.031667
2 0.760833 0.703333 0.034167 0.100000
3 0.319167 0.701667 0.009167 0.015000
2 0.640000 0.403333 0.020833 0.028333
3 0.299167 0.341667 0.009167 0.016667
2 0.158333 0.393333 0.009167 0.040000
2 0.665833 0.663333 0.034167 0.100000
3 0.734167 0.688333 0.007500 0.015000
3 0.627500 0.440000 0.017500 0.031667
3 0.679167 0.668333 0.008333 0.016667
3 0.440833 0.791667 0.010000 0.016667
3 0.450000 0.353333 0.008333 0.016667
