4 0.874167 0.511667 0.104167 0.063333
4 0.850000 0.646667 0.065000 0.068333
4 0.818333 0.676667 0.139167 0.051667
4 0.889167 0.508333 0.060833 0.028333
4 0.839167 0.551667 0.073333 0.053333
4 0.797500 0.591667 0.084167 0.155000
4 0.885000 0.440000 0.090833 0.093333
4 0.845833 0.595000 0.035000 0.070000
4 0.835000 0.376667 0.186667 0.118333
4 0.816667 0.635000 0.147500 0.055000
4 0.185833 0.440000 0.060000 0.090000
4 0.394167 0.503333 0.126667 0.086667
4 0.750000 0.523333 0.130000 0.088333
4 0.769167 0.496667 0.110000 0.063333
4 0.093333 0.535000 0.047500 0.088333
4 0.030833 0.585000 0.061667 0.063333
4 0.635833 0.591667 0.246667 0.223333
4 0.175000 0.606667 0.107500 0.170000
4 0.792500 0.575000 0.080000 0.165000
4 0.157500 0.460000 0.066667 0.051667
3 0.419167 0.500000 0.010833 0.023333
3 0.745000 0.488333 0.009167 0.023333
2 0.332500 0.483333 0.097500 0.053333
3 0.663333 0.538333 0.009167 0.016667
2 0.769167 0.610000 0.021667 0.090000
2 0.500833 0.593333 0.026667 0.035000
2 0.316667 0.500000 0.020000 0.021667
3 0.615833 0.525000 0.010833 0.023333
3 0.391667 0.551667 0.007500 0.015000
3 0.055833 0.488333 0.011667 0.020000
2 0.737500 0.551667 0.048333 0.043333
3 0.800000 0.550000 0.015833 0.051667
3 0.129167 0.503333 0.007500 0.015000
2 0.365833 0.518333 0.034167 0.038333
2 0.157500 0.450000 0.022500 0.023333
3 0.547500 0.511667 0.008333 0.016667
2 0.680833 0.465000 0.023333 0.041667
3 0.692500 0.525000 0.008333 0.016667
3 0.623333 0.471667 0.009167 0.016667
3 0.250000 0.601667 0.013333 0.031667
2 0.179167 0.455000 0.034167 0.038333
2 0.377500 0.583333 0.021667 0.090000
3 0.291667 0.453333 0.008333 0.016667
3 0.238333 0.475000 0.015833 0.051667
3 0.469167 0.573333 0.009167 0.016667
3 0.436667 0.503333 0.007500 0.015000
3 0.667500 0.561667 0.008333 0.016667
2 0.279167 0.550000 0.034167 0.038333
2 0.391667 0.481667 0.029167 0.038333
3 0.504167 0.486667 0.008333 0.016667
2 0.365000 0.576667 0.019167 0.046667
3 0.060000 0.521667 0.010000 0.016667
2 0.165833 0.541667 0.010000 0.031667
3 0.239167 0.580000 0.011667 0.030000
2 0.636667 0.491667 0.010000 0.031667
2 0.424167 0.505000 0.034167 0.038333
2 0.626667 0.543333 0.014167 0.015000
2 0.125000 0.486667 0.021667 0.090000
3 0.495833 0.555000 0.008333 0.016667
2 0.329167 0.536667 0.097500 0.053333
2 0.316667 0.570000 0.011667 0.066667
2 0.443333 0.553333 0.020833 0.028333
2 0.450833 0.480000 0.023333 0.041667
2 0.326667 0.518333 0.023333 0.041667
3 0.626667 0.453333 0.013333 0.015000
2 0.730000 0.546667 0.009167 0.031667
3 0.703333 0.496667 0.007500 0.018333
3 0.666667 0.528333 0.010000 0.020000
3 0.244167 0.448333 0.006667 0.018333
3 0.309167 0.445000 0.008333 0.016667
2 0.172500 0.521667 0.019167 0.046667
3 0.672500 0.490000 0.009167 0.016667
3 0.332500 0.500000 0.010833 0.013333
3 0.700833 0.478333 0.008333 0.016667
3 0.637500 0.473333 0.009167 0.016667
3 0.109167 0.526667 0.007500 0.018333
2 0.521667 0.536667 0.019167 0.046667
3 0.586667 0.481667 0.006667 0.018333
3 0.739167 0.526667 0.010833 0.013333
3 0.024167 0.500000 0.007500 0.018333
2 0.688333 0.511667 0.019167 0.046667
3 0.812500 0.571667 0.009167 0.016667
2 0.595833 0.435000 0.048333 0.043333
3 0.477500 0.478333 0.010833 0.023333
2 0.373333 0.496667 0.026667 0.035000
2 0.436667 0.575000 0.023333 0.106667
3 0.751667 0.478333 0.008333 0.021667
2 0.199167 0.625000 0.021667 0.090000
2 0.161667 0.481667 0.045833 0.021667
3 0.059167 0.576667 0.010000 0.016667
2 0.287500 0.498333 0.009167 0.040000
3 0.264167 0.566667 0.009167 0.016667
3 0.235833 0.526667 0.007500 0.015000
3 0.385833 0.588333 0.007500 0.015000
2 0.156667 0.451667 0.020833 0.080000
2 0.517500 0.561667 0.019167 0.046667
3 0.304167 0.558333 0.009167 0.016667
2 0.165833 0.566667 0.026667 0.035000
2 0.065000 0.476667 0.020833 0.080000
3 0.812500 0.521667 0.014167 0.025000
2 0.312500 0.590000 0.011667 0.025000
3 0.340833 0.560000 0.008333 0.016667
2 0.210000 0.605000 0.013333 0.070000
2 0.549167 0.445000 0.015833 0.068333
2 0.800000 0.488333 0.022500 0.023333
2 0.770833 0.470000 0.019167 0.046667
3 0.778333 0.583333 0.013333 0.015000
3 0.595833 0.531667 0.008333 0.016667
2 0.536667 0.595000 0.026667 0.035000
2 0.601667 0.576667 0.026667 0.035000
2 0.467500 0.573333 0.013333 0.070000
3 0.635833 0.556667 0.013333 0.015000
3 0.771667 0.455000 0.007500 0.015000
2 0.534167 0.443333 0.015833 0.068333
3 0.680833 0.518333 0.008333 0.016667
2 0.469167 0.428333 0.017500 0.116667
3 0.747500 0.556667 0.007500 0.016667
3 0.050000 0.585000 0.010833 0.023333
2 0.643333 0.456667 0.011667 0.025000
3 0.759167 0.466667 0.010833 0.023333
3 0.597500 0.460000 0.007500 0.015000
2 0.202500 0.525000 0.021667 0.090000
2 0.710000 0.361667 0.015833 0.068333
3 0.286667 0.821667 0.009167 0.016667
3 0.446667 0.678333 0.013333 0.031667
3 0.269167 0.685000 0.010833 0.013333
2 0.338333 0.606667 0.048333 0.043333
2 0.309167 0.798333 0.023333 0.106667
3 0.543333 0.211667 0.009167 0.023333
2 0.319167 0.443333 0.034167 0.100000
2 0.295000 0.388333 0.048333 0.043333
2 0.597500 0.705000 0.014167 0.015000
3 0.734167 0.693333 0.008333 0.016667
3 0.532500 0.411667 0.013333 0.031667
3 0.444167 0.346667 0.008333 0.016667
2 0.745000 0.420000 0.013333 0.070000
2 0.237500 0.853333 0.020000 0.021667
3 0.615000 0.643333 0.007500 0.015000
2 0.130000 0.680000 0.034167 0.100000
2 0.764167 0.395000 0.020833 0.028333
3 0.221667 0.711667 0.017500 0.031667
2 0.730000 0.403333 0.045833 0.021667
2 0.540000 0.721667 0.010000 0.031667
2 0.264167 0.716667 0.021667 0.090000
3 0.343333 0.635000 0.009167 0.018333
2 0.745000 0.715000 0.048333 0.025000
2 0.642500 0.440000 0.010833 0.091667
3 0.282500 0.266667 0.011667 0.020000
2 0.313333 0.386667 0.021667 0.090000
2 0.679167 0.631667 0.029167 0.038333
2 0.655833 0.383333 0.013333 0.070000
2 0.274167 0.645000 0.020833 0.028333
3 0.734167 0.613333 0.008333 0.016667
3 0.170000 0.385000 0.010000 0.020000
2 0.706667 0.386667 0.035000 0.105000
3 0.665833 0.678333 0.008333 0.016667
2 0.742500 0.786667 0.009167 0.040000
2 0.280000 0.778333 0.020000 0.021667
3 0.434167 0.375000 0.010833 0.013333
3 0.313333 0.261667 0.009167 0.016667
3 0.730833 0.606667 0.014167 0.025000
3 0.422500 0.751667 0.009167 0.016667
3 0.701667 0.373333 0.010000 0.016667
2 0.693333 0.631667 0.011667 0.025000
2 0.531667 0.366667 0.014167 0.015000
3 0.483333 0.301667 0.007500 0.018333
3 0.676667 0.430000 0.009167 0.015000
2 0.676667 0.658333 0.027500 0.016667
2 0.316667 0.348333 0.029167 0.038333
2 0.693333 0.315000 0.035000 0.105000
3 0.551667 0.725000 0.007500 0.015000
3 0.385833 0.765000 0.011667 0.020000
2 0.293333 0.168333 0.030833 0.051667
2 0.647500 0.650000 0.022500 0.023333
3 0.525000 0.408333 0.014167 0.025000
3 0.568333 0.298333 0.008333 0.016667
3 0.266667 0.201667 0.011667 0.020000
2 0.684167 0.685000 0.022500 0.023333
2 0.716667 0.380000 0.020833 0.080000
2 0.605833 0.330000 0.035000 0.105000
2 0.475833 0.278333 0.015833 0.068333
2 0.609167 0.350000 0.035000 0.105000
3 0.541667 0.281667 0.008333 0.016667
2 0.527500 0.380000 0.020833 0.080000
2 0.806667 0.628333 0.014167 0.015000
3 0.455000 0.663333 0.010000 0.020000
3 0.356667 0.743333 0.009167 0.023333
3 0.310000 0.723333 0.006667 0.018333
3 0.778333 0.378333 0.015833 0.051667
2 0.569167 0.268333 0.011667 0.025000
2 0.730833 0.405000 0.029167 0.038333
2 0.657500 0.360000 0.009167 0.031667
2 0.545000 0.408333 0.020833 0.028333
3 0.787500 0.431667 0.015833 0.051667
2 0.496667 0.335000 0.034167 0.038333
3 0.355833 0.610000 0.013333 0.015000
3 0.225833 0.695000 0.007500 0.018333
2 0.721667 0.651667 0.020833 0.080000
2 0.449167 0.728333 0.015833 0.068333
3 0.707500 0.375000 0.011667 0.020000
2 0.616667 0.353333 0.020833 0.080000
2 0.726667 0.330000 0.019167 0.046667
2 0.585833 0.771667 0.021667 0.090000
2 0.513333 0.625000 0.048333 0.025000
2 0.613333 0.386667 0.048333 0.043333
2 0.314167 0.416667 0.034167 0.100000
2 0.766667 0.695000 0.029167 0.038333
3 0.758333 0.610000 0.013333 0.031667
2 0.495833 0.673333 0.027500 0.016667
3 0.792500 0.650000 0.008333 0.016667
3 0.715833 0.343333 0.017500 0.031667
2 0.505833 0.685000 0.048333 0.025000
2 0.478333 0.751667 0.017500 0.116667
3 0.354167 0.776667 0.017500 0.031667
2 0.385000 0.351667 0.020833 0.080000
2 0.346667 0.735000 0.013333 0.070000
3 0.526667 0.408333 0.010833 0.023333
3 0.769167 0.371667 0.007500 0.015000
3 0.439167 0.765000 0.014167 0.025000
2 0.403333 0.351667 0.017500 0.116667
3 0.396667 0.346667 0.010000 0.020000
3 0.678333 0.725000 0.007500 0.015000
2 0.464167 0.258333 0.014167 0.015000
2 0.355000 0.748333 0.011667 0.025000
3 0.447500 0.701667 0.010833 0.013333
2 0.483333 0.356667 0.034167 0.038333
3 0.765000 0.721667 0.009167 0.016667
2 0.729167 0.615000 0.048333 0.043333
3 0.475833 0.368333 0.007500 0.018333
3 0.775000 0.603333 0.007500 0.016667
3 0.661667 0.385000 0.009167 0.016667
2 0.703333 0.405000 0.017500 0.116667
2 0.554167 0.685000 0.011667 0.066667
2 0.558333 0.646667 0.011667 0.066667
2 0.699167 0.650000 0.023333 0.041667
2 0.468333 0.356667 0.020833 0.080000
3 0.776667 0.421667 0.008333 0.016667
3 0.712500 0.361667 0.007500 0.015000
2 0.708333 0.695000 0.097500 0.053333
2 0.663333 0.300000 0.021667 0.090000
3 0.493333 0.320000 0.008333 0.016667
2 0.580000 0.358333 0.030833 0.051667
2 0.287500 0.410000 0.034167 0.100000
3 0.325833 0.710000 0.008333 0.016667
3 0.468333 0.130000 0.015833 0.051667
3 0.525000 0.360000 0.009167 0.016667
2 0.708333 0.366667 0.097500 0.053333
3 0.686667 0.710000 0.007500 0.015000
3 0.500000 0.773333 0.007500 0.015000
3 0.471667 0.338333 0.009167 0.016667
2 0.432500 0.721667 0.026667 0.035000
2 0.582500 0.428333 0.030833 0.051667
3 0.668333 0.633333 0.007500 0.015000
3 0.765833 0.640000 0.010000 0.020000
2 0.287500 0.281667 0.020833 0.028333
3 0.370833 0.761667 0.011667 0.020000
3 0.283333 0.335000 0.011667 0.020000
3 0.450833 0.650000 0.009167 0.016667
3 0.778333 0.350000 0.008333 0.016667
2 0.267500 0.681667 0.011667 0.066667
2 0.416667 0.691667 0.058333 0.076667
3 0.573333 0.635000 0.008333 0.016667
3 0.723333 0.675000 0.015833 0.051667
2 0.525833 0.651667 0.010833 0.091667
2 0.733333 0.736667 0.034167 0.100000
3 0.387500 0.646667 0.013333 0.015000
2 0.785000 0.658333 0.023333 0.041667
2 0.336667 0.240000 0.023333 0.106667
3 0.762500 0.366667 0.007500 0.015000
3 0.675000 0.350000 0.007500 0.015000
3 0.679167 0.445000 0.011667 0.020000
3 0.446667 0.378333 0.015833 0.051667
2 0.280833 0.333333 0.045833 0.021667
2 0.704167 0.411667 0.045833 0.021667
2 0.591667 0.716667 0.026667 0.035000
3 0.435833 0.680000 0.009167 0.018333
2 0.763333 0.590000 0.017500 0.116667
3 0.633333 0.391667 0.007500 0.015000
3 0.711667 0.448333 0.008333 0.016667
2 0.682500 0.671667 0.010000 0.031667
2 0.727500 0.315000 0.058333 0.076667
3 0.469167 0.251667 0.015833 0.051667
2 0.353333 0.663333 0.020833 0.080000
2 0.505000 0.760000 0.048333 0.025000
3 0.471667 0.120000 0.009167 0.015000
2 0.560000 0.346667 0.097500 0.053333
3 0.360000 0.723333 0.011667 0.030000
3 0.606667 0.380000 0.007500 0.015000
3 0.730000 0.380000 0.010833 0.013333
3 0.515000 0.825000 0.007500 0.015000
2 0.274167 0.701667 0.010833 0.091667
3 0.541667 0.690000 0.009167 0.018333
2 0.757500 0.393333 0.048333 0.025000
2 0.737500 0.650000 0.010000 0.031667
2 0.620833 0.653333 0.027500 0.016667
3 0.309167 0.713333 0.007500 0.015000
2 0.565833 0.765000 0.023333 0.041667
2 0.294167 0.618333 0.020833 0.080000
2 0.619167 0.393333 0.021667 0.090000
3 0.469167 0.316667 0.009167 0.018333
2 0.475833 0.375000 0.020000 0.021667
3 0.670833 0.620000 0.009167 0.016667
3 0.442500 0.773333 0.007500 0.018333
3 0.736667 0.603333 0.011667 0.020000
2 0.808333 0.383333 0.014167 0.015000
3 0.311667 0.386667 0.009167 0.016667
2 0.728333 0.690000 0.020833 0.080000
2 0.433333 0.425000 0.026667 0.035000
2 0.778333 0.353333 0.015833 0.068333
2 0.623333 0.628333 0.034167 0.038333
2 0.478333 0.275000 0.011667 0.066667
3 0.447500 0.663333 0.009167 0.018333
3 0.779167 0.618333 0.015833 0.051667
3 0.220833 0.351667 0.017500 0.031667
2 0.612500 0.653333 0.023333 0.106667
2 0.783333 0.390000 0.045833 0.021667
3 0.450833 0.371667 0.008333 0.016667
2 0.781667 0.600000 0.017500 0.116667
2 0.307500 0.730000 0.013333 0.070000
2 0.758333 0.635000 0.013333 0.070000
