4 0.827500 0.516667 0.066667 0.080000
4 0.833333 0.568333 0.073333 0.060000
4 0.790833 0.515000 0.120000 0.141667
4 0.837500 0.463333 0.073333 0.040000
4 0.792500 0.370000 0.205833 0.216667
4 0.856667 0.568333 0.044167 0.093333
4 0.830000 0.446667 0.180000 0.120000
4 0.835000 0.621667 0.074167 0.035000
4 0.818333 0.576667 0.163333 0.113333
4 0.792500 0.463333 0.173333 0.085000
4 0.729167 0.543333 0.051667 0.023333
4 0.549167 0.453333 0.056667 0.123333
4 0.740833 0.598333 0.051667 0.143333
4 0.692500 0.583333 0.249167 0.185000
4 0.531667 0.501667 0.086667 0.108333
4 0.524167 0.573333 0.072500 0.133333
4 0.178333 0.645000 0.096667 0.220000
4 0.540000 0.605000 0.136667 0.115000
4 0.347500 0.510000 0.095833 0.025000
4 0.059167 0.468333 0.119167 0.065000
2 0.673333 0.426667 0.035000 0.105000
2 0.124167 0.458333 0.027500 0.016667
3 0.560000 0.515000 0.017500 0.031667
2 0.470000 0.550000 0.035000 0.105000
3 0.147500 0.520000 0.008333 0.021667
2 0.287500 0.510000 0.030833 0.051667
2 0.410833 0.455000 0.020833 0.080000
3 0.181667 0.581667 0.013333 0.031667
3 0.410833 0.485000 0.010000 0.020000
3 0.610833 0.505000 0.008333 0.016667
2 0.783333 0.590000 0.048333 0.043333
2 0.100000 0.455000 0.048333 0.043333
3 0.235000 0.540000 0.007500 0.015000
3 0.196667 0.563333 0.007500 0.015000
2 0.030000 0.493333 0.045833 0.021667
2 0.482500 0.415000 0.015833 0.068333
3 0.055833 0.480000 0.015833 0.051667
2 0.595000 0.483333 0.023333 0.106667
2 0.598333 0.481667 0.023333 0.106667
3 0.165833 0.578333 0.007500 0.015000
3 0.563333 0.568333 0.007500 0.015000
2 0.450000 0.506667 0.045833 0.021667
2 0.315000 0.565000 0.034167 0.100000
2 0.712500 0.606667 0.021667 0.090000
2 0.576667 0.446667 0.034167 0.038333
3 0.505000 0.513333 0.010000 0.020000
3 0.130833 0.578333 0.009167 0.016667
2 0.460833 0.560000 0.020833 0.028333
2 0.579167 0.501667 0.009167 0.031667
3 0.612500 0.623333 0.008333 0.016667
2 0.305833 0.503333 0.058333 0.076667
2 0.657500 0.558333 0.020833 0.028333
2 0.680000 0.475000 0.020833 0.028333
3 0.412500 0.475000 0.017500 0.031667
3 0.061667 0.576667 0.011667 0.030000
3 0.126667 0.545000 0.007500 0.016667
3 0.738333 0.548333 0.007500 0.015000
3 0.395000 0.520000 0.010000 0.016667
3 0.761667 0.523333 0.009167 0.018333
3 0.724167 0.568333 0.007500 0.018333
2 0.781667 0.570000 0.030833 0.051667
3 0.365833 0.576667 0.017500 0.031667
3 0.574167 0.576667 0.007500 0.018333
3 0.356667 0.478333 0.007500 0.015000
3 0.215833 0.495000 0.007500 0.018333
2 0.113333 0.538333 0.014167 0.015000
2 0.812500 0.621667 0.011667 0.066667
3 0.622500 0.473333 0.008333 0.016667
2 0.583333 0.541667 0.023333 0.106667
3 0.179167 0.498333 0.008333 0.016667
3 0.520000 0.515000 0.008333 0.016667
3 0.390000 0.566667 0.010833 0.023333
3 0.326667 0.581667 0.017500 0.031667
2 0.336667 0.605000 0.021667 0.090000
3 0.137500 0.546667 0.007500 0.015000
3 0.389167 0.551667 0.009167 0.016667
2 0.673333 0.533333 0.020000 0.021667
3 0.265833 0.536667 0.008333 0.016667
3 0.254167 0.443333 0.007500 0.015000
3 0.493333 0.456667 0.013333 0.015000
2 0.139167 0.471667 0.023333 0.041667
3 0.295000 0.501667 0.013333 0.015000
2 0.569167 0.550000 0.029167 0.038333
2 0.044167 0.486667 0.034167 0.038333
2 0.595000 0.588333 0.045833 0.021667
2 0.390833 0.443333 0.045833 0.021667
3 0.620000 0.446667 0.007500 0.016667
3 0.203333 0.546667 0.008333 0.021667
3 0.490000 0.453333 0.011667 0.020000
3 0.227500 0.498333 0.008333 0.016667
3 0.768333 0.538333 0.008333 0.016667
3 0.320000 0.595000 0.017500 0.031667
2 0.024167 0.510000 0.022500 0.023333
2 0.299167 0.491667 0.009167 0.040000
3 0.256667 0.520000 0.010000 0.016667
2 0.690000 0.453333 0.019167 0.046667
2 0.800000 0.470000 0.022500 0.023333
2 0.530000 0.508333 0.011667 0.066667
3 0.475000 0.485000 0.006667 0.018333
2 0.432500 0.501667 0.022500 0.023333
2 0.635000 0.538333 0.027500 0.016667
3 0.508333 0.525000 0.008333 0.016667
2 0.812500 0.610000 0.035000 0.105000
2 0.163333 0.478333 0.023333 0.041667
2 0.390000 0.571667 0.011667 0.066667
2 0.393333 0.545000 0.030833 0.051667
3 0.600000 0.578333 0.015833 0.051667
3 0.705000 0.558333 0.008333 0.016667
3 0.186667 0.460000 0.008333 0.016667
3 0.436667 0.558333 0.009167 0.015000
2 0.758333 0.498333 0.015833 0.068333
3 0.820833 0.538333 0.009167 0.016667
3 0.133333 0.576667 0.009167 0.016667
2 0.675000 0.533333 0.023333 0.106667
2 0.165833 0.521667 0.026667 0.035000
2 0.678333 0.561667 0.020000 0.021667
3 0.210000 0.545000 0.015833 0.051667
3 0.230000 0.565000 0.009167 0.016667
2 0.324167 0.465000 0.035000 0.105000
3 0.739167 0.536667 0.010000 0.016667
3 0.810000 0.510000 0.009167 0.018333
2 0.752500 0.578333 0.029167 0.038333
2 0.399167 0.656667 0.023333 0.041667
3 0.305833 0.785000 0.009167 0.015000
2 0.550833 0.436667 0.026667 0.035000
3 0.695000 0.678333 0.008333 0.016667
3 0.313333 0.395000 0.011667 0.020000
2 0.786667 0.406667 0.034167 0.100000
2 0.597500 0.740000 0.023333 0.106667
3 0.518333 0.281667 0.011667 0.030000
2 0.573333 0.336667 0.013333 0.070000
3 0.314167 0.206667 0.007500 0.018333
2 0.616667 0.641667 0.029167 0.038333
3 0.455833 0.868333 0.017500 0.031667
2 0.296667 0.343333 0.035000 0.105000
3 0.745833 0.666667 0.009167 0.016667
2 0.469167 0.368333 0.058333 0.076667
3 0.595000 0.331667 0.009167 0.015000
2 0.689167 0.396667 0.058333 0.076667
3 0.696667 0.281667 0.007500 0.015000
2 0.681667 0.650000 0.029167 0.038333
3 0.271667 0.828333 0.015833 0.051667
2 0.341667 0.345000 0.010833 0.091667
2 0.248333 0.775000 0.020833 0.028333
3 0.498333 0.668333 0.010000 0.016667
2 0.272500 0.678333 0.022500 0.023333
2 0.701667 0.425000 0.026667 0.035000
3 0.660000 0.406667 0.008333 0.016667
2 0.705833 0.261667 0.009167 0.040000
3 0.792500 0.658333 0.006667 0.018333
2 0.329167 0.653333 0.026667 0.035000
3 0.450000 0.351667 0.007500 0.016667
2 0.670000 0.576667 0.035000 0.105000
3 0.405833 0.713333 0.007500 0.015000
3 0.776667 0.415000 0.007500 0.015000
2 0.681667 0.356667 0.021667 0.090000
3 0.626667 0.390000 0.009167 0.016667
3 0.251667 0.236667 0.015833 0.051667
2 0.577500 0.651667 0.017500 0.116667
3 0.582500 0.753333 0.009167 0.016667
2 0.340833 0.690000 0.017500 0.116667
2 0.704167 0.603333 0.035000 0.105000
2 0.697500 0.613333 0.020000 0.021667
3 0.188333 0.395000 0.010833 0.013333
2 0.621667 0.675000 0.048333 0.043333
2 0.725000 0.641667 0.020833 0.028333
3 0.622500 0.383333 0.010000 0.016667
2 0.816667 0.671667 0.020833 0.080000
2 0.688333 0.663333 0.020000 0.021667
3 0.377500 0.320000 0.006667 0.018333
2 0.497500 0.238333 0.009167 0.040000
3 0.702500 0.716667 0.009167 0.018333
2 0.215000 0.405000 0.027500 0.016667
2 0.754167 0.291667 0.009167 0.040000
2 0.747500 0.741667 0.048333 0.043333
3 0.457500 0.278333 0.007500 0.018333
2 0.538333 0.613333 0.020833 0.028333
2 0.625000 0.411667 0.021667 0.090000
3 0.371667 0.761667 0.009167 0.016667
3 0.350833 0.331667 0.009167 0.015000
2 0.420000 0.670000 0.010000 0.031667
2 0.716667 0.440000 0.029167 0.038333
2 0.761667 0.648333 0.020833 0.080000
3 0.285000 0.715000 0.017500 0.031667
2 0.608333 0.361667 0.029167 0.038333
2 0.713333 0.395000 0.034167 0.038333
3 0.686667 0.348333 0.009167 0.023333
3 0.344167 0.666667 0.008333 0.016667
2 0.442500 0.248333 0.035000 0.105000
2 0.620000 0.658333 0.023333 0.041667
3 0.326667 0.233333 0.010833 0.013333
2 0.280000 0.233333 0.019167 0.046667
3 0.657500 0.398333 0.009167 0.016667
3 0.810833 0.386667 0.009167 0.016667
2 0.725833 0.721667 0.020000 0.021667
2 0.247500 0.383333 0.030833 0.051667
3 0.580833 0.641667 0.013333 0.015000
2 0.489167 0.335000 0.014167 0.015000
3 0.310000 0.268333 0.015833 0.051667
3 0.728333 0.355000 0.008333 0.016667
3 0.428333 0.785000 0.017500 0.031667
2 0.370833 0.375000 0.026667 0.035000
2 0.782500 0.386667 0.020833 0.080000
3 0.618333 0.325000 0.007500 0.015000
3 0.579167 0.441667 0.015833 0.051667
2 0.335000 0.366667 0.027500 0.016667
2 0.690833 0.611667 0.034167 0.038333
2 0.295000 0.646667 0.020000 0.021667
3 0.642500 0.340000 0.017500 0.031667
3 0.783333 0.596667 0.013333 0.015000
3 0.340000 0.306667 0.009167 0.023333
2 0.491667 0.293333 0.035000 0.105000
2 0.633333 0.315000 0.035000 0.105000
2 0.482500 0.358333 0.015833 0.068333
3 0.636667 0.441667 0.015833 0.051667
2 0.319167 0.723333 0.017500 0.116667
3 0.337500 0.643333 0.010000 0.020000
2 0.521667 0.255000 0.048333 0.025000
3 0.817500 0.620000 0.007500 0.015000
3 0.440000 0.376667 0.010000 0.016667
2 0.612500 0.653333 0.023333 0.106667
2 0.352500 0.626667 0.019167 0.046667
3 0.416667 0.375000 0.017500 0.031667
2 0.689167 0.423333 0.034167 0.100000
2 0.442500 0.646667 0.020833 0.080000
3 0.280000 0.668333 0.007500 0.015000
3 0.499167 0.258333 0.006667 0.018333
3 0.440000 0.343333 0.008333 0.016667
2 0.784167 0.418333 0.010833 0.091667
2 0.254167 0.685000 0.097500 0.053333
2 0.570000 0.308333 0.020000 0.021667
2 0.767500 0.575000 0.009167 0.040000
2 0.260833 0.385000 0.009167 0.031667
3 0.715000 0.676667 0.008333 0.016667
3 0.261667 0.728333 0.007500 0.015000
2 0.635000 0.661667 0.097500 0.053333
3 0.786667 0.406667 0.010000 0.016667
3 0.684167 0.366667 0.013333 0.015000
2 0.362500 0.343333 0.010833 0.091667
3 0.472500 0.823333 0.015833 0.051667
3 0.488333 0.285000 0.006667 0.018333
3 0.488333 0.788333 0.015833 0.051667
3 0.526667 0.346667 0.014167 0.025000
2 0.635833 0.340000 0.058333 0.076667
2 0.659167 0.388333 0.020833 0.080000
3 0.665833 0.366667 0.017500 0.031667
2 0.269167 0.693333 0.021667 0.090000
3 0.430000 0.753333 0.008333 0.016667
2 0.570833 0.615000 0.009167 0.040000
2 0.435000 0.391667 0.026667 0.035000
2 0.212500 0.761667 0.034167 0.100000
2 0.296667 0.400000 0.020833 0.028333
3 0.455000 0.785000 0.007500 0.015000
2 0.575000 0.625000 0.097500 0.053333
3 0.686667 0.370000 0.008333 0.016667
2 0.293333 0.770000 0.035000 0.105000
3 0.495000 0.366667 0.010833 0.023333
2 0.419167 0.696667 0.020833 0.080000
2 0.256667 0.695000 0.020000 0.021667
3 0.730833 0.385000 0.009167 0.016667
3 0.812500 0.401667 0.010000 0.016667
3 0.323333 0.175000 0.007500 0.016667
2 0.596667 0.673333 0.021667 0.090000
3 0.486667 0.205000 0.013333 0.031667
2 0.362500 0.600000 0.015833 0.068333
3 0.529167 0.700000 0.014167 0.025000
2 0.752500 0.366667 0.010000 0.031667
2 0.636667 0.615000 0.034167 0.038333
3 0.471667 0.120000 0.009167 0.015000
3 0.460833 0.865000 0.008333 0.016667
2 0.689167 0.720000 0.020833 0.028333
2 0.761667 0.563333 0.035000 0.105000
2 0.677500 0.661667 0.011667 0.025000
3 0.801667 0.618333 0.010000 0.016667
2 0.645833 0.366667 0.048333 0.025000
2 0.601667 0.356667 0.023333 0.106667
3 0.523333 0.363333 0.009167 0.016667
3 0.560000 0.653333 0.008333 0.016667
2 0.508333 0.853333 0.021667 0.090000
2 0.765833 0.371667 0.035000 0.105000
2 0.432500 0.783333 0.021667 0.090000
2 0.565000 0.150000 0.020000 0.021667
3 0.435833 0.690000 0.009167 0.015000
2 0.663333 0.631667 0.017500 0.116667
3 0.364167 0.308333 0.008333 0.016667
3 0.550833 0.710000 0.008333 0.016667
3 0.349167 0.403333 0.008333 0.016667
3 0.361667 0.610000 0.009167 0.015000
3 0.728333 0.716667 0.009167 0.018333
3 0.475000 0.796667 0.008333 0.016667
2 0.665833 0.450000 0.023333 0.041667
3 0.342500 0.838333 0.007500 0.015000
3 0.465833 0.811667 0.007500 0.015000
2 0.782500 0.918333 0.013333 0.070000
3 0.701667 0.360000 0.017500 0.031667
3 0.685833 0.383333 0.013333 0.015000
2 0.270000 0.803333 0.019167 0.046667
3 0.466667 0.726667 0.009167 0.016667
2 0.679167 0.386667 0.058333 0.076667
2 0.706667 0.623333 0.020833 0.028333
3 0.829167 0.423333 0.007500 0.016667
2 0.420833 0.366667 0.023333 0.106667
2 0.450000 0.251667 0.015833 0.068333
3 0.687500 0.663333 0.017500 0.031667
3 0.312500 0.661667 0.010833 0.023333
2 0.350833 0.315000 0.009167 0.040000
2 0.210833 0.208333 0.097500 0.053333
3 0.436667 0.371667 0.010000 0.020000
3 0.236667 0.391667 0.009167 0.016667
3 0.423333 0.396667 0.007500 0.018333
3 0.527500 0.711667 0.017500 0.031667
2 0.745833 0.298333 0.019167 0.046667
2 0.565000 0.608333 0.048333 0.043333
2 0.380833 0.790000 0.030833 0.051667
2 0.301667 0.386667 0.019167 0.046667
3 0.281667 0.438333 0.009167 0.023333
2 0.406667 0.658333 0.045833 0.021667
3 0.466667 0.263333 0.009167 0.023333
3 0.641667 0.348333 0.007500 0.016667
2 0.314167 0.746667 0.015833 0.068333
