4 0.780833 0.491667 0.114167 0.191667
4 0.813333 0.530000 0.058333 0.095000
4 0.848333 0.611667 0.165000 0.303333
4 0.905833 0.488333 0.040833 0.043333
4 0.857500 0.495000 0.040000 0.043333
4 0.826667 0.591667 0.082500 0.051667
4 0.690833 0.561667 0.293333 0.110000
4 0.768333 0.473333 0.133333 0.096667
4 0.768333 0.481667 0.181667 0.158333
4 0.782500 0.618333 0.137500 0.058333
4 0.122500 0.505000 0.042500 0.066667
4 0.591667 0.593333 0.080833 0.090000
4 0.096667 0.581667 0.193333 0.116667
4 0.141667 0.361667 0.150000 0.271667
4 0.539167 0.490000 0.150000 0.180000
4 0.141667 0.603333 0.145833 0.081667
4 0.624167 0.520000 0.109167 0.051667
4 0.678333 0.591667 0.073333 0.175000
4 0.482500 0.510000 0.066667 0.106667
4 0.137500 0.538333 0.053333 0.083333
3 0.061667 0.475000 0.014167 0.025000
2 0.251667 0.545000 0.023333 0.041667
3 0.412500 0.576667 0.015833 0.051667
2 0.435833 0.615000 0.027500 0.016667
2 0.240833 0.445000 0.020833 0.080000
2 0.225833 0.450000 0.011667 0.066667
2 0.705000 0.460000 0.034167 0.038333
3 0.175833 0.475000 0.007500 0.015000
2 0.340000 0.515000 0.026667 0.035000
2 0.135000 0.521667 0.009167 0.040000
2 0.207500 0.528333 0.048333 0.043333
3 0.333333 0.478333 0.008333 0.016667
2 0.646667 0.575000 0.020833 0.028333
3 0.250833 0.518333 0.008333 0.016667
3 0.109167 0.580000 0.014167 0.025000
2 0.684167 0.435000 0.015833 0.068333
3 0.199167 0.565000 0.013333 0.015000
3 0.108333 0.553333 0.010000 0.016667
3 0.776667 0.548333 0.007500 0.015000
2 0.143333 0.521667 0.009167 0.040000
3 0.280000 0.543333 0.008333 0.016667
3 0.326667 0.565000 0.008333 0.021667
2 0.291667 0.511667 0.017500 0.116667
2 0.605000 0.460000 0.017500 0.116667
3 0.372500 0.486667 0.009167 0.016667
2 0.611667 0.535000 0.021667 0.090000
3 0.357500 0.568333 0.006667 0.018333
3 0.388333 0.468333 0.010000 0.020000
3 0.136667 0.566667 0.008333 0.016667
2 0.771667 0.463333 0.048333 0.025000
2 0.269167 0.471667 0.027500 0.016667
3 0.144167 0.530000 0.010000 0.016667
3 0.639167 0.503333 0.011667 0.020000
3 0.403333 0.568333 0.009167 0.018333
3 0.438333 0.490000 0.008333 0.016667
2 0.394167 0.443333 0.058333 0.076667
3 0.609167 0.551667 0.006667 0.018333
2 0.034167 0.440000 0.015833 0.068333
2 0.071667 0.468333 0.026667 0.035000
2 0.290000 0.538333 0.020833 0.080000
2 0.604167 0.638333 0.026667 0.035000
3 0.253333 0.475000 0.007500 0.018333
2 0.443333 0.515000 0.030833 0.051667
3 0.330000 0.441667 0.007500 0.015000
3 0.497500 0.470000 0.008333 0.016667
3 0.370000 0.516667 0.009167 0.016667
2 0.369167 0.508333 0.045833 0.021667
2 0.721667 0.556667 0.048333 0.025000
3 0.498333 0.583333 0.010000 0.016667
2 0.568333 0.496667 0.023333 0.041667
2 0.094167 0.531667 0.011667 0.025000
2 0.599167 0.505000 0.010000 0.031667
2 0.107500 0.521667 0.021667 0.090000
2 0.012500 0.536667 0.023333 0.041667
3 0.385833 0.591667 0.010000 0.020000
2 0.115833 0.550000 0.048333 0.043333
3 0.420833 0.476667 0.010833 0.023333
3 0.348333 0.505000 0.013333 0.031667
3 0.543333 0.465000 0.006667 0.018333
3 0.180000 0.525000 0.008333 0.016667
3 0.414167 0.556667 0.008333 0.016667
2 0.604167 0.503333 0.020000 0.021667
2 0.013333 0.536667 0.026667 0.038333
3 0.503333 0.511667 0.007500 0.016667
2 0.060000 0.515000 0.021667 0.090000
3 0.333333 0.485000 0.007500 0.015000
2 0.485833 0.435000 0.019167 0.046667
2 0.810833 0.523333 0.014167 0.015000
3 0.483333 0.421667 0.007500 0.015000
3 0.408333 0.451667 0.009167 0.015000
2 0.702500 0.465000 0.010000 0.031667
3 0.510000 0.535000 0.009167 0.023333
2 0.519167 0.465000 0.019167 0.046667
2 0.705000 0.493333 0.009167 0.040000
2 0.236667 0.548333 0.017500 0.116667
2 0.685000 0.451667 0.009167 0.040000
3 0.295833 0.543333 0.007500 0.015000
2 0.325833 0.595000 0.020833 0.028333
2 0.263333 0.511667 0.011667 0.025000
3 0.324167 0.530000 0.015833 0.051667
2 0.577500 0.491667 0.011667 0.066667
3 0.655000 0.576667 0.007500 0.018333
3 0.505833 0.561667 0.007500 0.016667
3 0.415833 0.560000 0.017500 0.031667
2 0.110000 0.578333 0.048333 0.025000
3 0.815000 0.563333 0.007500 0.018333
2 0.585833 0.520000 0.013333 0.070000
3 0.556667 0.515000 0.011667 0.030000
2 0.437500 0.456667 0.015833 0.068333
3 0.030000 0.471667 0.009167 0.016667
3 0.716667 0.545000 0.011667 0.020000
3 0.318333 0.531667 0.010833 0.023333
2 0.113333 0.596667 0.048333 0.043333
2 0.709167 0.490000 0.097500 0.053333
2 0.617500 0.536667 0.013333 0.070000
3 0.538333 0.595000 0.013333 0.031667
3 0.300000 0.505000 0.007500 0.015000
3 0.422500 0.573333 0.007500 0.016667
2 0.716667 0.483333 0.011667 0.025000
3 0.356667 0.573333 0.008333 0.016667
2 0.035833 0.543333 0.020833 0.028333
2 0.666667 0.473333 0.015833 0.068333
2 0.782500 0.666667 0.026667 0.035000
3 0.442500 0.813333 0.008333 0.016667
3 0.364167 0.440000 0.015833 0.051667
2 0.295000 0.288333 0.027500 0.016667
3 0.662500 0.448333 0.006667 0.018333
3 0.785000 0.598333 0.009167 0.018333
3 0.589167 0.630000 0.007500 0.015000
2 0.808333 0.628333 0.020000 0.021667
2 0.786667 0.363333 0.034167 0.038333
3 0.290833 0.783333 0.007500 0.015000
2 0.388333 0.765000 0.009167 0.031667
2 0.633333 0.645000 0.026667 0.035000
3 0.425833 0.376667 0.010833 0.023333
2 0.371667 0.768333 0.026667 0.035000
2 0.497500 0.628333 0.048333 0.043333
3 0.575000 0.173333 0.007500 0.015000
2 0.766667 0.721667 0.013333 0.070000
2 0.350000 0.718333 0.011667 0.066667
2 0.246667 0.651667 0.022500 0.023333
3 0.427500 0.751667 0.013333 0.015000
3 0.809167 0.620000 0.006667 0.018333
2 0.533333 0.716667 0.026667 0.035000
3 0.240000 0.370000 0.009167 0.016667
2 0.793333 0.611667 0.020833 0.080000
3 0.388333 0.641667 0.010000 0.020000
3 0.720000 0.421667 0.008333 0.016667
3 0.754167 0.628333 0.008333 0.021667
3 0.484167 0.720000 0.008333 0.016667
2 0.555000 0.695000 0.013333 0.070000
2 0.649167 0.696667 0.009167 0.040000
3 0.272500 0.738333 0.013333 0.015000
3 0.667500 0.340000 0.008333 0.016667
2 0.710833 0.753333 0.013333 0.070000
3 0.711667 0.693333 0.007500 0.018333
2 0.672500 0.383333 0.023333 0.106667
2 0.744167 0.683333 0.045833 0.021667
2 0.412500 0.360000 0.023333 0.106667
3 0.292500 0.828333 0.008333 0.016667
3 0.769167 0.375000 0.007500 0.018333
3 0.203333 0.726667 0.009167 0.016667
2 0.709167 0.365000 0.027500 0.016667
2 0.744167 0.391667 0.014167 0.015000
3 0.385000 0.371667 0.010833 0.013333
3 0.390000 0.378333 0.010833 0.013333
2 0.710833 0.671667 0.021667 0.090000
3 0.274167 0.670000 0.011667 0.030000
3 0.030000 0.600000 0.007500 0.016667
2 0.765833 0.638333 0.010000 0.031667
2 0.560833 0.745000 0.020000 0.021667
3 0.626667 0.391667 0.009167 0.016667
2 0.437500 0.273333 0.034167 0.038333
2 0.728333 0.716667 0.014167 0.015000
2 0.419167 0.758333 0.048333 0.025000
2 0.686667 0.635000 0.017500 0.116667
2 0.651667 0.608333 0.015833 0.068333
2 0.705833 0.301667 0.011667 0.066667
3 0.390833 0.775000 0.011667 0.030000
2 0.514167 0.615000 0.045833 0.021667
3 0.731667 0.721667 0.007500 0.015000
3 0.340833 0.670000 0.007500 0.015000
3 0.389167 0.641667 0.007500 0.016667
2 0.397500 0.773333 0.030833 0.051667
3 0.746667 0.700000 0.009167 0.018333
2 0.710833 0.463333 0.030833 0.051667
3 0.545833 0.686667 0.009167 0.023333
3 0.602500 0.316667 0.013333 0.031667
3 0.560833 0.655000 0.014167 0.025000
3 0.312500 0.796667 0.006667 0.018333
2 0.701667 0.440000 0.020833 0.080000
3 0.308333 0.361667 0.015833 0.051667
3 0.656667 0.405000 0.007500 0.018333
2 0.280000 0.265000 0.029167 0.038333
2 0.300833 0.700000 0.023333 0.041667
3 0.718333 0.623333 0.010833 0.013333
3 0.470833 0.371667 0.017500 0.031667
3 0.685000 0.421667 0.007500 0.015000
3 0.242500 0.703333 0.017500 0.031667
2 0.757500 0.331667 0.010833 0.091667
3 0.738333 0.810000 0.017500 0.031667
3 0.732500 0.345000 0.007500 0.015000
3 0.590000 0.335000 0.010833 0.013333
2 0.425833 0.395000 0.027500 0.016667
3 0.721667 0.658333 0.009167 0.016667
3 0.725833 0.445000 0.010833 0.013333
2 0.745000 0.590000 0.035000 0.105000
2 0.435833 0.811667 0.022500 0.023333
3 0.550833 0.420000 0.007500 0.015000
2 0.487500 0.320000 0.045833 0.021667
3 0.387500 0.390000 0.015833 0.051667
2 0.515000 0.636667 0.010833 0.091667
2 0.690833 0.648333 0.009167 0.031667
2 0.524167 0.696667 0.023333 0.106667
2 0.434167 0.341667 0.027500 0.016667
3 0.606667 0.658333 0.007500 0.015000
2 0.585833 0.290000 0.035000 0.105000
2 0.573333 0.733333 0.027500 0.016667
3 0.488333 0.641667 0.010000 0.020000
2 0.429167 0.321667 0.020833 0.028333
3 0.711667 0.611667 0.007500 0.016667
3 0.336667 0.255000 0.009167 0.015000
2 0.298333 0.300000 0.029167 0.038333
2 0.721667 0.455000 0.010833 0.091667
3 0.305833 0.393333 0.008333 0.016667
3 0.297500 0.738333 0.011667 0.020000
3 0.574167 0.403333 0.009167 0.023333
2 0.645000 0.406667 0.010833 0.091667
3 0.628333 0.411667 0.009167 0.015000
2 0.780000 0.426667 0.026667 0.035000
2 0.615000 0.398333 0.023333 0.041667
3 0.645833 0.618333 0.010000 0.016667
3 0.774167 0.395000 0.009167 0.018333
3 0.544167 0.238333 0.010000 0.020000
2 0.626667 0.423333 0.020833 0.080000
2 0.689167 0.351667 0.097500 0.053333
2 0.750833 0.363333 0.029167 0.038333
3 0.225000 0.391667 0.011667 0.030000
3 0.447500 0.711667 0.006667 0.018333
2 0.488333 0.350000 0.023333 0.041667
2 0.296667 0.366667 0.048333 0.043333
2 0.300000 0.618333 0.097500 0.053333
2 0.204167 0.418333 0.045833 0.021667
2 0.685000 0.690000 0.034167 0.100000
2 0.428333 0.386667 0.023333 0.041667
3 0.268333 0.705000 0.009167 0.023333
2 0.265000 0.401667 0.034167 0.100000
3 0.759167 0.613333 0.008333 0.016667
2 0.343333 0.283333 0.017500 0.116667
3 0.606667 0.311667 0.009167 0.018333
2 0.340000 0.635000 0.017500 0.116667
2 0.758333 0.650000 0.048333 0.043333
2 0.740000 0.345000 0.020833 0.080000
2 0.485833 0.760000 0.029167 0.038333
3 0.746667 0.603333 0.009167 0.015000
2 0.670000 0.656667 0.010833 0.091667
2 0.590000 0.340000 0.026667 0.035000
2 0.548333 0.998333 0.023333 0.001667
3 0.312500 0.760000 0.011667 0.020000
3 0.385000 0.706667 0.010000 0.016667
2 0.815833 0.371667 0.019167 0.046667
3 0.437500 0.720000 0.015833 0.051667
2 0.385833 0.373333 0.010000 0.031667
3 0.742500 0.313333 0.017500 0.031667
2 0.737500 0.568333 0.035000 0.105000
2 0.460833 0.653333 0.011667 0.025000
3 0.535833 0.740000 0.008333 0.021667
3 0.704167 0.661667 0.011667 0.020000
2 0.140000 0.651667 0.014167 0.015000
3 0.175000 0.395000 0.011667 0.030000
2 0.781667 0.603333 0.011667 0.025000
2 0.285833 0.728333 0.045833 0.021667
3 0.461667 0.665000 0.007500 0.015000
2 0.710000 0.653333 0.009167 0.040000
2 0.748333 0.591667 0.020833 0.028333
2 0.559167 0.715000 0.030833 0.051667
3 0.789167 0.736667 0.007500 0.018333
2 0.812500 0.413333 0.020000 0.021667
3 0.761667 0.600000 0.006667 0.018333
2 0.505833 0.591667 0.029167 0.038333
2 0.585833 0.336667 0.020000 0.021667
2 0.178333 0.675000 0.034167 0.100000
3 0.680000 0.690000 0.017500 0.031667
3 0.618333 0.646667 0.011667 0.020000
3 0.463333 0.268333 0.015833 0.051667
2 0.627500 0.626667 0.045833 0.021667
3 0.489167 0.641667 0.008333 0.016667
2 0.673333 0.381667 0.019167 0.046667
3 0.665833 0.423333 0.008333 0.021667
3 0.804167 0.370000 0.008333 0.016667
2 0.541667 0.673333 0.034167 0.100000
2 0.540000 0.661667 0.023333 0.041667
3 0.808333 0.905000 0.008333 0.021667
2 0.480000 0.688333 0.023333 0.041667
3 0.670833 0.423333 0.011667 0.020000
2 0.339167 0.621667 0.035000 0.105000
2 0.320833 0.733333 0.010833 0.091667
2 0.280833 0.270000 0.027500 0.016667
2 0.674167 0.655000 0.020833 0.080000
2 0.418333 0.698333 0.013333 0.070000
2 0.777500 0.618333 0.009167 0.031667
2 0.751667 0.446667 0.020833 0.080000
3 0.644167 0.398333 0.013333 0.015000
2 0.563333 0.313333 0.048333 0.043333
2 0.521667 0.401667 0.034167 0.038333
3 0.340000 0.710000 0.007500 0.015000
2 0.555000 0.656667 0.045833 0.021667
2 0.768333 0.651667 0.027500 0.016667
3 0.317500 0.375000 0.011667 0.030000
3 0.598333 0.328333 0.009167 0.015000
3 0.507500 0.790000 0.008333 0.021667
3 0.692500 0.658333 0.007500 0.015000
2 0.320833 0.655000 0.017500 0.116667
3 0.765000 0.381667 0.015833 0.051667
2 0.285833 0.280000 0.020000 0.021667
3 0.773333 0.678333 0.009167 0.016667
2 0.670000 0.648333 0.010000 0.031667
2 0.619167 0.320000 0.020833 0.080000
3 0.410833 0.751667 0.017500 0.031667
3 0.544167 0.625000 0.009167 0.023333
