4 0.810000 0.663333 0.165833 0.136667
4 0.894167 0.511667 0.037500 0.061667
4 0.851667 0.583333 0.116667 0.075000
4 0.824167 0.570000 0.059167 0.025000
4 0.888333 0.608333 0.075000 0.116667
4 0.797500 0.588333 0.126667 0.045000
4 0.835000 0.586667 0.053333 0.113333
4 0.867500 0.640000 0.084167 0.061667
4 0.828333 0.543333 0.067500 0.036667
4 0.812500 0.826667 0.182500 0.345000
4 0.264167 0.463333 0.098333 0.158333
4 0.143333 0.526667 0.046667 0.096667
4 0.560000 0.466667 0.055833 0.048333
4 0.660833 0.506667 0.055000 0.091667
4 0.120000 0.453333 0.045000 0.075000
4 0.133333 0.570000 0.073333 0.193333
4 0.370000 0.503333 0.104167 0.038333
4 0.535833 0.553333 0.135000 0.076667
4 0.665833 0.646667 0.090000 0.225000
4 0.607500 0.501667 0.055833 0.051667
3 0.285000 0.578333 0.008333 0.016667
2 0.488333 0.408333 0.035000 0.105000
3 0.401667 0.501667 0.009167 0.016667
3 0.285000 0.496667 0.009167 0.016667
3 0.801667 0.500000 0.007500 0.018333
2 0.115833 0.520000 0.048333 0.025000
2 0.605000 0.611667 0.020833 0.028333
3 0.404167 0.563333 0.009167 0.016667
2 0.599167 0.600000 0.048333 0.025000
3 0.362500 0.516667 0.009167 0.015000
2 0.547500 0.618333 0.010833 0.091667
2 0.793333 0.448333 0.011667 0.066667
3 0.154167 0.540000 0.007500 0.015000
2 0.722500 0.518333 0.013333 0.070000
2 0.627500 0.516667 0.015833 0.068333
2 0.457500 0.463333 0.020000 0.021667
3 0.670000 0.521667 0.006667 0.018333
3 0.378333 0.471667 0.007500 0.015000
3 0.630000 0.456667 0.009167 0.016667
2 0.298333 0.445000 0.014167 0.015000
3 0.315833 0.500000 0.008333 0.016667
3 0.350833 0.481667 0.011667 0.020000
2 0.160833 0.480000 0.045833 0.021667
3 0.674167 0.486667 0.006667 0.018333
3 0.500833 0.591667 0.010833 0.013333
3 0.491667 0.526667 0.009167 0.018333
2 0.677500 0.488333 0.020833 0.080000
2 0.193333 0.603333 0.048333 0.025000
2 0.090000 0.540000 0.035000 0.105000
3 0.511667 0.520000 0.014167 0.025000
3 0.073333 0.568333 0.008333 0.016667
2 0.022500 0.583333 0.045833 0.025000
2 0.119167 0.563333 0.034167 0.100000
3 0.451667 0.541667 0.009167 0.016667
2 0.427500 0.641667 0.021667 0.090000
2 0.188333 0.546667 0.097500 0.053333
2 0.152500 0.468333 0.020833 0.028333
3 0.045000 0.503333 0.007500 0.016667
3 0.486667 0.401667 0.013333 0.015000
3 0.254167 0.446667 0.009167 0.016667
2 0.761667 0.568333 0.026667 0.035000
2 0.673333 0.470000 0.020833 0.028333
3 0.800000 0.561667 0.011667 0.030000
3 0.618333 0.601667 0.008333 0.016667
3 0.295833 0.538333 0.017500 0.031667
2 0.575000 0.528333 0.020833 0.080000
3 0.486667 0.415000 0.014167 0.025000
2 0.221667 0.440000 0.011667 0.025000
2 0.796667 0.551667 0.011667 0.066667
2 0.522500 0.600000 0.020833 0.080000
2 0.773333 0.580000 0.027500 0.016667
2 0.758333 0.468333 0.020000 0.021667
3 0.383333 0.576667 0.009167 0.016667
3 0.087500 0.520000 0.008333 0.016667
2 0.668333 0.568333 0.034167 0.100000
3 0.451667 0.590000 0.010000 0.020000
2 0.075000 0.491667 0.019167 0.046667
3 0.494167 0.490000 0.009167 0.016667
2 0.123333 0.631667 0.020833 0.080000
2 0.178333 0.570000 0.017500 0.116667
2 0.074167 0.538333 0.020833 0.080000
3 0.776667 0.565000 0.007500 0.015000
2 0.655000 0.568333 0.015833 0.068333
2 0.295833 0.501667 0.048333 0.025000
2 0.117500 0.480000 0.045833 0.021667
3 0.223333 0.510000 0.007500 0.016667
2 0.155833 0.425000 0.019167 0.046667
3 0.212500 0.520000 0.008333 0.021667
2 0.595833 0.536667 0.097500 0.053333
2 0.569167 0.563333 0.009167 0.031667
2 0.030000 0.488333 0.034167 0.100000
3 0.482500 0.570000 0.011667 0.020000
3 0.490000 0.590000 0.007500 0.018333
2 0.130833 0.456667 0.011667 0.025000
3 0.795000 0.516667 0.009167 0.015000
3 0.221667 0.566667 0.007500 0.018333
2 0.076667 0.463333 0.023333 0.106667
2 0.781667 0.541667 0.020833 0.028333
2 0.394167 0.505000 0.009167 0.040000
3 0.479167 0.398333 0.010833 0.023333
3 0.741667 0.511667 0.010000 0.016667
2 0.285833 0.458333 0.058333 0.076667
2 0.739167 0.573333 0.030833 0.051667
2 0.081667 0.531667 0.026667 0.035000
3 0.610833 0.530000 0.008333 0.021667
3 0.331667 0.463333 0.006667 0.018333
2 0.167500 0.418333 0.035000 0.105000
3 0.818333 0.646667 0.009167 0.016667
2 0.415833 0.553333 0.058333 0.076667
2 0.411667 0.510000 0.045833 0.021667
3 0.538333 0.591667 0.007500 0.015000
2 0.116667 0.543333 0.058333 0.076667
3 0.474167 0.418333 0.014167 0.025000
3 0.161667 0.531667 0.006667 0.018333
3 0.170833 0.565000 0.008333 0.016667
2 0.096667 0.496667 0.026667 0.035000
2 0.679167 0.515000 0.045833 0.021667
2 0.445833 0.531667 0.023333 0.041667
3 0.536667 0.531667 0.015833 0.051667
2 0.420833 0.491667 0.009167 0.040000
3 0.826667 0.483333 0.009167 0.016667
3 0.776667 0.471667 0.007500 0.015000
3 0.791667 0.425000 0.007500 0.018333
2 0.440000 0.356667 0.020833 0.028333
2 0.530000 0.430000 0.023333 0.041667
3 0.295833 0.285000 0.008333 0.016667
2 0.720000 0.628333 0.023333 0.106667
2 0.640833 0.466667 0.013333 0.070000
3 0.463333 0.716667 0.009167 0.018333
2 0.247500 0.401667 0.026667 0.035000
2 0.471667 0.373333 0.027500 0.016667
2 0.554167 0.270000 0.020000 0.021667
2 0.576667 0.721667 0.020833 0.080000
2 0.627500 0.385000 0.045833 0.021667
2 0.795833 0.695000 0.010833 0.091667
2 0.735000 0.445000 0.020833 0.080000
2 0.351667 0.291667 0.009167 0.040000
2 0.274167 0.685000 0.020833 0.080000
2 0.628333 0.316667 0.011667 0.066667
2 0.513333 0.376667 0.027500 0.016667
2 0.436667 0.311667 0.035000 0.105000
2 0.504167 0.315000 0.017500 0.116667
3 0.339167 0.371667 0.008333 0.016667
3 0.725000 0.606667 0.010000 0.016667
2 0.809167 0.435000 0.010833 0.091667
3 0.555000 0.678333 0.009167 0.015000
2 0.240833 0.368333 0.011667 0.066667
3 0.640833 0.348333 0.009167 0.018333
2 0.783333 0.300000 0.020833 0.080000
3 0.762500 0.648333 0.015833 0.051667
3 0.691667 0.343333 0.011667 0.020000
2 0.315833 0.268333 0.021667 0.090000
2 0.310000 0.230000 0.017500 0.116667
2 0.495833 0.743333 0.048333 0.043333
3 0.475000 0.325000 0.007500 0.015000
3 0.333333 0.731667 0.008333 0.016667
2 0.472500 0.303333 0.023333 0.106667
3 0.508333 0.821667 0.011667 0.030000
2 0.582500 0.415000 0.014167 0.015000
2 0.344167 0.746667 0.023333 0.041667
2 0.727500 0.773333 0.045833 0.021667
2 0.436667 0.361667 0.027500 0.016667
3 0.483333 0.688333 0.015833 0.051667
3 0.621667 0.373333 0.009167 0.023333
2 0.701667 0.616667 0.011667 0.066667
3 0.386667 0.753333 0.013333 0.015000
3 0.401667 0.375000 0.009167 0.018333
3 0.678333 0.435000 0.009167 0.016667
2 0.662500 0.280000 0.023333 0.106667
2 0.513333 0.770000 0.026667 0.035000
2 0.540833 0.688333 0.011667 0.025000
3 0.664167 0.398333 0.009167 0.016667
2 0.656667 0.428333 0.026667 0.035000
3 0.277500 0.753333 0.015833 0.051667
3 0.713333 0.731667 0.008333 0.021667
2 0.540833 0.605000 0.015833 0.068333
3 0.295000 0.713333 0.008333 0.016667
3 0.745833 0.613333 0.017500 0.031667
3 0.470833 0.735000 0.011667 0.030000
3 0.674167 0.353333 0.017500 0.031667
2 0.766667 0.353333 0.023333 0.106667
3 0.765833 0.751667 0.011667 0.030000
3 0.824167 0.703333 0.006667 0.018333
3 0.349167 0.305000 0.008333 0.016667
2 0.477500 0.858333 0.020833 0.080000
3 0.726667 0.448333 0.010000 0.020000
2 0.223333 0.858333 0.048333 0.025000
2 0.745833 0.651667 0.010833 0.091667
2 0.755833 0.438333 0.010833 0.091667
2 0.661667 0.311667 0.035000 0.105000
2 0.218333 0.681667 0.013333 0.070000
2 0.688333 0.643333 0.017500 0.116667
2 0.480833 0.836667 0.013333 0.070000
3 0.684167 0.663333 0.013333 0.031667
2 0.434167 0.716667 0.027500 0.016667
3 0.393333 0.378333 0.008333 0.016667
3 0.459167 0.666667 0.010833 0.013333
2 0.466667 0.320000 0.022500 0.023333
2 0.224167 0.656667 0.058333 0.076667
2 0.703333 0.640000 0.014167 0.015000
2 0.300833 0.641667 0.014167 0.015000
3 0.568333 0.733333 0.007500 0.016667
2 0.460000 0.733333 0.023333 0.041667
3 0.802500 0.640000 0.015833 0.051667
3 0.343333 0.673333 0.010833 0.023333
3 0.444167 0.671667 0.015833 0.051667
2 0.435000 0.376667 0.034167 0.038333
3 0.755000 0.318333 0.011667 0.030000
3 0.775833 0.340000 0.008333 0.016667
3 0.448333 0.348333 0.010833 0.013333
2 0.762500 0.355000 0.027500 0.016667
3 0.667500 0.638333 0.009167 0.023333
2 0.284167 0.693333 0.058333 0.076667
2 0.437500 0.361667 0.034167 0.038333
3 0.304167 0.643333 0.007500 0.015000
2 0.339167 0.368333 0.009167 0.040000
2 0.454167 0.673333 0.022500 0.023333
2 0.360833 0.693333 0.097500 0.053333
3 0.465000 0.776667 0.014167 0.025000
2 0.574167 0.611667 0.011667 0.025000
3 0.462500 0.701667 0.009167 0.016667
2 0.444167 0.683333 0.020833 0.080000
2 0.713333 0.596667 0.020833 0.080000
2 0.760000 0.305000 0.011667 0.066667
3 0.472500 0.338333 0.007500 0.018333
3 0.745833 0.696667 0.010833 0.013333
3 0.627500 0.326667 0.007500 0.018333
2 0.715000 0.393333 0.048333 0.043333
3 0.460833 0.401667 0.007500 0.015000
2 0.447500 0.305000 0.023333 0.041667
2 0.773333 0.681667 0.023333 0.106667
2 0.278333 0.700000 0.011667 0.066667
2 0.470833 0.751667 0.022500 0.023333
2 0.469167 0.150000 0.035000 0.105000
2 0.704167 0.321667 0.015833 0.068333
2 0.290000 0.300000 0.030833 0.051667
3 0.764167 0.403333 0.006667 0.018333
3 0.761667 0.416667 0.009167 0.018333
3 0.684167 0.636667 0.014167 0.025000
3 0.697500 0.716667 0.007500 0.015000
3 0.463333 0.311667 0.009167 0.016667
2 0.400000 0.743333 0.022500 0.023333
2 0.620000 0.328333 0.010833 0.091667
2 0.505833 0.806667 0.027500 0.016667
3 0.572500 0.718333 0.008333 0.016667
3 0.495833 0.163333 0.008333 0.016667
2 0.534167 0.410000 0.034167 0.038333
2 0.694167 0.395000 0.097500 0.053333
3 0.327500 0.390000 0.008333 0.016667
2 0.599167 0.635000 0.058333 0.076667
3 0.679167 0.396667 0.011667 0.020000
3 0.683333 0.410000 0.015833 0.051667
2 0.280000 0.116667 0.020833 0.028333
3 0.405833 0.706667 0.011667 0.020000
2 0.323333 0.398333 0.022500 0.023333
2 0.751667 0.661667 0.020833 0.080000
3 0.692500 0.660000 0.008333 0.016667
2 0.721667 0.676667 0.030833 0.051667
3 0.656667 0.403333 0.008333 0.016667
2 0.404167 0.676667 0.045833 0.021667
2 0.700833 0.321667 0.011667 0.066667
3 0.658333 0.400000 0.008333 0.016667
2 0.260833 0.735000 0.027500 0.016667
3 0.294167 0.291667 0.008333 0.016667
3 0.581667 0.320000 0.011667 0.020000
3 0.286667 0.130000 0.008333 0.021667
2 0.393333 0.338333 0.011667 0.066667
3 0.710833 0.671667 0.007500 0.015000
2 0.736667 0.596667 0.029167 0.038333
3 0.710833 0.671667 0.008333 0.016667
2 0.440000 0.716667 0.011667 0.066667
3 0.481667 0.188333 0.009167 0.015000
2 0.276667 0.741667 0.017500 0.116667
3 0.770000 0.348333 0.009167 0.023333
2 0.310000 0.380000 0.017500 0.116667
3 0.423333 0.218333 0.008333 0.016667
3 0.678333 0.431667 0.009167 0.015000
3 0.408333 0.676667 0.007500 0.018333
2 0.627500 0.646667 0.017500 0.116667
3 0.449167 0.705000 0.007500 0.018333
2 0.660833 0.425000 0.010833 0.091667
3 0.424167 0.368333 0.014167 0.025000
3 0.685000 0.626667 0.010000 0.020000
2 0.557500 0.663333 0.020833 0.028333
3 0.442500 0.805000 0.009167 0.016667
3 0.463333 0.788333 0.017500 0.031667
2 0.766667 0.721667 0.013333 0.070000
3 0.801667 0.620000 0.009167 0.016667
3 0.310833 0.386667 0.010833 0.023333
3 0.636667 0.636667 0.008333 0.016667
3 0.470833 0.295000 0.006667 0.018333
3 0.753333 0.615000 0.007500 0.016667
3 0.727500 0.611667 0.013333 0.031667
3 0.585833 0.188333 0.009167 0.016667
3 0.705833 0.661667 0.007500 0.018333
2 0.340833 0.686667 0.045833 0.021667
3 0.400000 0.651667 0.009167 0.015000
2 0.698333 0.263333 0.097500 0.053333
3 0.725833 0.791667 0.007500 0.015000
3 0.235833 0.381667 0.007500 0.018333
3 0.690833 0.358333 0.008333 0.016667
3 0.452500 0.298333 0.013333 0.031667
3 0.282500 0.763333 0.007500 0.015000
2 0.773333 0.613333 0.020833 0.080000
2 0.394167 0.696667 0.034167 0.038333
3 0.495833 0.343333 0.008333 0.016667
2 0.319167 0.326667 0.045833 0.021667
2 0.511667 0.293333 0.015833 0.068333
3 0.309167 0.308333 0.007500 0.016667
2 0.315000 0.700000 0.017500 0.116667
2 0.450000 0.280000 0.010000 0.031667
3 0.297500 0.401667 0.011667 0.030000
2 0.707500 0.615000 0.048333 0.043333
2 0.333333 0.658333 0.022500 0.023333
3 0.293333 0.781667 0.008333 0.021667
3 0.630000 0.433333 0.013333 0.015000
2 0.342500 0.285000 0.020000 0.021667
3 0.335833 0.383333 0.009167 0.016667
3 0.700833 0.666667 0.007500 0.016667
3 0.637500 0.626667 0.008333 0.016667
