4 0.785833 0.245000 0.260833 0.490000
4 0.838333 0.731667 0.137500 0.290000
4 0.848333 0.628333 0.036667 0.028333
4 0.855000 0.401667 0.041667 0.036667
4 0.851667 0.350000 0.060000 0.095000
4 0.814167 0.595000 0.077500 0.075000
4 0.799167 0.608333 0.073333 0.106667
4 0.825833 0.601667 0.093333 0.038333
4 0.833333 0.570000 0.055000 0.081667
4 0.767500 0.450000 0.146667 0.270000
4 0.555833 0.426667 0.104167 0.173333
4 0.647500 0.506667 0.054167 0.051667
4 0.792500 0.551667 0.053333 0.141667
4 0.749167 0.536667 0.057500 0.050000
4 0.265000 0.530000 0.120833 0.100000
4 0.100833 0.646667 0.076667 0.205000
4 0.112500 0.455000 0.097500 0.095000
4 0.190000 0.455000 0.161667 0.220000
4 0.186667 0.496667 0.040000 0.058333
4 0.045000 0.450000 0.067500 0.136667
2 0.046667 0.506667 0.011667 0.066667
2 0.281667 0.598333 0.020833 0.080000
2 0.189167 0.535000 0.022500 0.023333
2 0.030000 0.550000 0.013333 0.070000
3 0.489167 0.503333 0.009167 0.016667
2 0.393333 0.498333 0.020000 0.021667
3 0.772500 0.573333 0.006667 0.018333
3 0.107500 0.578333 0.007500 0.015000
2 0.271667 0.495000 0.010833 0.091667
2 0.240000 0.490000 0.020000 0.021667
3 0.100833 0.481667 0.009167 0.018333
2 0.413333 0.538333 0.019167 0.046667
3 0.277500 0.571667 0.009167 0.016667
2 0.143333 0.508333 0.009167 0.040000
2 0.479167 0.451667 0.034167 0.100000
3 0.813333 0.508333 0.010000 0.016667
2 0.035833 0.455000 0.015833 0.068333
3 0.749167 0.478333 0.013333 0.031667
2 0.535000 0.465000 0.011667 0.025000
3 0.593333 0.570000 0.009167 0.016667
3 0.584167 0.551667 0.010000 0.016667
3 0.253333 0.600000 0.015833 0.051667
2 0.795000 0.466667 0.030833 0.051667
2 0.109167 0.461667 0.020833 0.028333
2 0.116667 0.488333 0.022500 0.023333
2 0.041667 0.501667 0.020833 0.080000
2 0.017500 0.500000 0.035000 0.043333
2 0.299167 0.535000 0.029167 0.038333
3 0.580833 0.525000 0.008333 0.016667
3 0.438333 0.476667 0.008333 0.021667
2 0.025000 0.543333 0.014167 0.015000
2 0.662500 0.568333 0.048333 0.025000
2 0.380833 0.478333 0.023333 0.041667
2 0.464167 0.533333 0.020833 0.080000
3 0.355833 0.538333 0.015833 0.051667
3 0.024167 0.535000 0.015833 0.051667
2 0.795000 0.433333 0.027500 0.016667
2 0.133333 0.453333 0.017500 0.116667
2 0.679167 0.576667 0.020833 0.028333
2 0.078333 0.571667 0.023333 0.106667
2 0.381667 0.515000 0.048333 0.025000
2 0.203333 0.473333 0.020000 0.021667
3 0.060000 0.568333 0.009167 0.016667
2 0.521667 0.500000 0.021667 0.090000
3 0.380000 0.593333 0.013333 0.031667
2 0.526667 0.538333 0.034167 0.100000
2 0.262500 0.555000 0.030833 0.051667
3 0.507500 0.538333 0.009167 0.016667
2 0.120833 0.516667 0.013333 0.070000
2 0.650833 0.575000 0.034167 0.038333
3 0.488333 0.561667 0.007500 0.016667
3 0.783333 0.521667 0.008333 0.016667
3 0.402500 0.488333 0.008333 0.016667
3 0.189167 0.565000 0.010833 0.013333
2 0.370833 0.538333 0.017500 0.116667
3 0.670833 0.505000 0.013333 0.015000
3 0.720833 0.488333 0.009167 0.016667
3 0.045000 0.571667 0.010833 0.023333
3 0.114167 0.465000 0.010000 0.020000
2 0.128333 0.560000 0.010000 0.031667
3 0.131667 0.470000 0.008333 0.016667
3 0.139167 0.600000 0.011667 0.020000
2 0.698333 0.471667 0.035000 0.105000
3 0.810000 0.608333 0.008333 0.016667
3 0.598333 0.521667 0.013333 0.015000
3 0.192500 0.556667 0.006667 0.018333
2 0.144167 0.503333 0.009167 0.031667
2 0.173333 0.441667 0.048333 0.043333
3 0.125000 0.585000 0.009167 0.018333
2 0.823333 0.545000 0.010833 0.091667
2 0.474167 0.565000 0.014167 0.015000
2 0.802500 0.588333 0.019167 0.046667
3 0.722500 0.553333 0.009167 0.016667
3 0.758333 0.548333 0.006667 0.018333
3 0.400000 0.473333 0.014167 0.025000
2 0.675000 0.541667 0.014167 0.015000
2 0.269167 0.503333 0.034167 0.100000
2 0.522500 0.575000 0.021667 0.090000
2 0.141667 0.621667 0.010833 0.091667
3 0.823333 0.488333 0.009167 0.016667
3 0.527500 0.545000 0.014167 0.025000
2 0.700833 0.453333 0.011667 0.025000
2 0.166667 0.558333 0.011667 0.025000
2 0.609167 0.560000 0.020833 0.080000
3 0.044167 0.503333 0.009167 0.015000
2 0.331667 0.455000 0.019167 0.046667
2 0.214167 0.566667 0.019167 0.046667
3 0.166667 0.458333 0.009167 0.018333
2 0.558333 0.555000 0.017500 0.116667
3 0.355000 0.503333 0.009167 0.018333
3 0.410000 0.573333 0.008333 0.021667
3 0.725000 0.496667 0.009167 0.015000
2 0.394167 0.445000 0.045833 0.021667
2 0.730000 0.488333 0.020000 0.021667
2 0.818333 0.536667 0.009167 0.040000
2 0.021667 0.483333 0.043333 0.076667
3 0.530000 0.520000 0.010833 0.023333
2 0.735833 0.533333 0.045833 0.021667
2 0.308333 0.490000 0.026667 0.035000
3 0.447500 0.480000 0.015833 0.051667
3 0.768333 0.586667 0.008333 0.016667
3 0.742500 0.558333 0.010000 0.016667
2 0.263333 0.713333 0.048333 0.025000
3 0.547500 0.420000 0.007500 0.018333
3 0.522500 0.710000 0.010833 0.023333
3 0.450833 0.785000 0.009167 0.018333
3 0.348333 0.683333 0.010000 0.016667
2 0.438333 0.343333 0.020000 0.021667
3 0.600833 0.706667 0.008333 0.016667
2 0.700833 0.610000 0.023333 0.106667
2 0.516667 0.370000 0.023333 0.041667
3 0.741667 0.688333 0.008333 0.016667
2 0.442500 0.238333 0.097500 0.053333
3 0.653333 0.635000 0.008333 0.016667
2 0.739167 0.383333 0.023333 0.041667
3 0.507500 0.820000 0.009167 0.015000
3 0.155000 0.643333 0.015833 0.051667
2 0.515000 0.366667 0.023333 0.041667
2 0.741667 0.381667 0.097500 0.053333
2 0.636667 0.366667 0.027500 0.016667
2 0.453333 0.321667 0.034167 0.038333
3 0.410833 0.773333 0.014167 0.025000
2 0.287500 0.333333 0.058333 0.076667
3 0.589167 0.746667 0.009167 0.016667
3 0.725000 0.638333 0.013333 0.015000
3 0.313333 0.718333 0.008333 0.016667
2 0.494167 0.243333 0.058333 0.076667
2 0.493333 0.351667 0.023333 0.041667
2 0.560833 0.413333 0.020833 0.080000
2 0.645000 0.611667 0.011667 0.025000
3 0.721667 0.620000 0.007500 0.015000
2 0.131667 0.596667 0.058333 0.076667
2 0.638333 0.671667 0.013333 0.070000
2 0.244167 0.248333 0.030833 0.051667
2 0.523333 0.688333 0.045833 0.021667
2 0.355833 0.666667 0.009167 0.031667
2 0.690833 0.348333 0.058333 0.076667
2 0.500000 0.736667 0.058333 0.076667
3 0.814167 0.628333 0.007500 0.015000
2 0.448333 0.253333 0.045833 0.021667
3 0.280000 0.750000 0.011667 0.030000
2 0.461667 0.721667 0.029167 0.038333
3 0.439167 0.386667 0.017500 0.031667
2 0.454167 0.680000 0.029167 0.038333
2 0.545833 0.366667 0.026667 0.035000
2 0.785000 0.370000 0.020000 0.021667
3 0.804167 0.343333 0.007500 0.015000
2 0.703333 0.423333 0.011667 0.025000
3 0.721667 0.656667 0.009167 0.015000
2 0.591667 0.738333 0.029167 0.038333
2 0.286667 0.816667 0.021667 0.090000
3 0.288333 0.706667 0.010833 0.013333
2 0.595833 0.710000 0.011667 0.025000
3 0.280833 0.651667 0.007500 0.015000
3 0.289167 0.711667 0.009167 0.016667
3 0.718333 0.386667 0.015833 0.051667
2 0.620833 0.355000 0.021667 0.090000
2 0.265833 0.673333 0.023333 0.106667
3 0.656667 0.678333 0.007500 0.015000
2 0.520000 0.288333 0.027500 0.016667
2 0.677500 0.708333 0.009167 0.040000
3 0.451667 0.675000 0.008333 0.016667
2 0.623333 0.430000 0.034167 0.038333
2 0.677500 0.413333 0.034167 0.100000
3 0.726667 0.403333 0.007500 0.016667
2 0.301667 0.708333 0.019167 0.046667
3 0.706667 0.676667 0.007500 0.018333
3 0.393333 0.378333 0.007500 0.018333
3 0.435833 0.691667 0.010000 0.020000
2 0.626667 0.336667 0.009167 0.031667
3 0.605000 0.998333 0.010000 0.001667
2 0.660000 0.721667 0.023333 0.041667
2 0.528333 0.383333 0.011667 0.025000
3 0.641667 0.680000 0.008333 0.016667
3 0.269167 0.685000 0.010833 0.013333
3 0.515833 0.811667 0.008333 0.016667
2 0.558333 0.463333 0.010833 0.091667
2 0.336667 0.651667 0.048333 0.043333
2 0.702500 0.613333 0.045833 0.021667
3 0.550833 0.418333 0.009167 0.016667
2 0.590833 0.708333 0.020833 0.028333
2 0.439167 0.405000 0.021667 0.090000
3 0.242500 0.856667 0.009167 0.016667
2 0.476667 0.630000 0.019167 0.046667
2 0.310833 0.648333 0.023333 0.106667
3 0.489167 0.288333 0.008333 0.016667
3 0.688333 0.421667 0.007500 0.016667
3 0.391667 0.383333 0.007500 0.018333
2 0.432500 0.778333 0.045833 0.021667
2 0.650833 0.405000 0.058333 0.076667
3 0.527500 0.376667 0.009167 0.015000
3 0.498333 0.668333 0.009167 0.018333
3 0.282500 0.711667 0.009167 0.016667
2 0.451667 0.738333 0.011667 0.025000
2 0.681667 0.650000 0.045833 0.021667
2 0.801667 0.385000 0.034167 0.038333
3 0.518333 0.261667 0.009167 0.015000
3 0.362500 0.398333 0.007500 0.018333
3 0.668333 0.613333 0.015833 0.051667
2 0.619167 0.656667 0.011667 0.066667
2 0.731667 0.270000 0.020000 0.021667
3 0.774167 0.346667 0.008333 0.016667
2 0.512500 0.728333 0.013333 0.070000
2 0.430833 0.786667 0.011667 0.066667
3 0.692500 0.273333 0.017500 0.031667
2 0.621667 0.361667 0.097500 0.053333
2 0.300000 0.320000 0.030833 0.051667
2 0.600000 0.773333 0.013333 0.070000
2 0.619167 0.661667 0.030833 0.051667
2 0.333333 0.683333 0.020833 0.080000
3 0.289167 0.708333 0.009167 0.015000
3 0.822500 0.438333 0.008333 0.016667
2 0.740000 0.635000 0.020833 0.080000
3 0.193333 0.401667 0.009167 0.018333
2 0.260000 0.708333 0.011667 0.066667
3 0.813333 0.403333 0.008333 0.016667
3 0.575000 0.665000 0.006667 0.018333
2 0.355000 0.636667 0.020833 0.080000
3 0.504167 0.270000 0.007500 0.015000
2 0.718333 0.321667 0.035000 0.105000
3 0.448333 0.663333 0.007500 0.018333
3 0.576667 0.741667 0.008333 0.016667
3 0.730833 0.343333 0.010833 0.013333
2 0.725833 0.358333 0.097500 0.053333
2 0.312500 0.265000 0.045833 0.021667
3 0.381667 0.695000 0.009167 0.023333
3 0.753333 0.368333 0.007500 0.015000
2 0.499167 0.771667 0.010000 0.031667
3 0.725833 0.403333 0.010000 0.020000
3 0.227500 0.661667 0.009167 0.016667
3 0.734167 0.610000 0.015833 0.051667
2 0.645833 0.398333 0.010000 0.031667
3 0.540000 0.285000 0.011667 0.030000
2 0.517500 0.641667 0.030833 0.051667
3 0.729167 0.613333 0.009167 0.023333
2 0.670000 0.645000 0.027500 0.016667
2 0.703333 0.253333 0.030833 0.051667
3 0.483333 0.301667 0.007500 0.018333
2 0.632500 0.416667 0.020000 0.021667
3 0.680833 0.648333 0.015833 0.051667
2 0.449167 0.808333 0.022500 0.023333
3 0.410000 0.678333 0.010000 0.020000
3 0.807500 0.431667 0.008333 0.016667
3 0.272500 0.350000 0.008333 0.021667
2 0.690000 0.660000 0.020000 0.021667
3 0.342500 0.770000 0.017500 0.031667
2 0.455000 0.183333 0.011667 0.066667
3 0.782500 0.370000 0.008333 0.016667
3 0.460833 0.865000 0.008333 0.016667
3 0.590000 0.746667 0.008333 0.016667
2 0.752500 0.395000 0.020833 0.080000
2 0.365000 0.770000 0.034167 0.100000
3 0.270833 0.653333 0.007500 0.015000
3 0.590000 0.745000 0.008333 0.016667
3 0.760833 0.618333 0.017500 0.031667
2 0.671667 0.696667 0.020833 0.080000
2 0.769167 0.721667 0.020833 0.080000
3 0.711667 0.448333 0.007500 0.015000
3 0.233333 0.391667 0.008333 0.021667
3 0.769167 0.588333 0.014167 0.025000
2 0.312500 0.358333 0.023333 0.106667
2 0.709167 0.618333 0.035000 0.105000
2 0.415833 0.381667 0.048333 0.025000
2 0.668333 0.433333 0.023333 0.041667
2 0.747500 0.613333 0.011667 0.025000
2 0.730833 0.660000 0.022500 0.023333
2 0.686667 0.308333 0.011667 0.066667
2 0.334167 0.361667 0.097500 0.053333
2 0.265000 0.308333 0.034167 0.100000
3 0.270000 0.740000 0.009167 0.016667
2 0.293333 0.813333 0.034167 0.100000
2 0.142500 0.670000 0.027500 0.016667
2 0.382500 0.391667 0.026667 0.035000
2 0.315833 0.706667 0.011667 0.025000
2 0.680000 0.350000 0.029167 0.038333
3 0.727500 0.665000 0.007500 0.015000
3 0.366667 0.433333 0.010833 0.023333
2 0.526667 0.395000 0.020833 0.080000
3 0.692500 0.371667 0.008333 0.016667
2 0.660833 0.393333 0.011667 0.066667
2 0.746667 0.615000 0.009167 0.031667
2 0.777500 0.721667 0.048333 0.025000
2 0.735833 0.366667 0.029167 0.038333
2 0.695000 0.725000 0.027500 0.016667
3 0.722500 0.421667 0.009167 0.023333
3 0.733333 0.436667 0.009167 0.018333
3 0.755000 0.385000 0.007500 0.015000
2 0.663333 0.323333 0.015833 0.068333
3 0.450000 0.716667 0.009167 0.023333
3 0.539167 0.736667 0.009167 0.023333
3 0.426667 0.723333 0.008333 0.016667
3 0.780833 0.646667 0.009167 0.018333
3 0.455000 0.641667 0.009167 0.016667
3 0.706667 0.691667 0.008333 0.016667
3 0.458333 0.881667 0.009167 0.018333
2 0.437500 0.413333 0.020833 0.080000
2 0.515833 0.635000 0.030833 0.051667
2 0.530000 0.263333 0.027500 0.016667
3 0.678333 0.421667 0.009167 0.016667
3 0.658333 0.343333 0.017500 0.031667
