4 0.846667 0.608333 0.077500 0.043333
4 0.832500 0.668333 0.128333 0.038333
4 0.762500 0.371667 0.181667 0.045000
4 0.820000 0.693333 0.140000 0.175000
4 0.837500 0.518333 0.105000 0.100000
4 0.839167 0.600000 0.034167 0.073333
4 0.804167 0.605000 0.187500 0.241667
4 0.850833 0.620000 0.115833 0.178333
4 0.836667 0.430000 0.088333 0.060000
4 0.890000 0.455000 0.029167 0.056667
4 0.716667 0.465000 0.064167 0.040000
4 0.742500 0.418333 0.135000 0.181667
4 0.253333 0.591667 0.239167 0.195000
4 0.488333 0.541667 0.129167 0.070000
4 0.478333 0.530000 0.037500 0.018333
4 0.337500 0.491667 0.142500 0.090000
4 0.765833 0.506667 0.125833 0.130000
4 0.335000 0.553333 0.035000 0.038333
4 0.787500 0.555000 0.071667 0.051667
4 0.062500 0.603333 0.125833 0.165000
2 0.447500 0.498333 0.014167 0.015000
2 0.641667 0.458333 0.035000 0.105000
3 0.198333 0.510000 0.008333 0.016667
2 0.048333 0.533333 0.097500 0.053333
2 0.576667 0.465000 0.014167 0.015000
2 0.202500 0.476667 0.009167 0.031667
3 0.090833 0.521667 0.013333 0.031667
3 0.813333 0.571667 0.007500 0.015000
3 0.355833 0.513333 0.009167 0.018333
3 0.335833 0.553333 0.007500 0.016667
3 0.560000 0.516667 0.014167 0.025000
3 0.070000 0.468333 0.007500 0.016667
2 0.267500 0.555000 0.017500 0.116667
2 0.688333 0.543333 0.048333 0.043333
2 0.289167 0.555000 0.010000 0.031667
3 0.483333 0.586667 0.011667 0.030000
2 0.481667 0.441667 0.030833 0.051667
3 0.198333 0.525000 0.008333 0.016667
3 0.280000 0.526667 0.010833 0.023333
2 0.145000 0.458333 0.019167 0.046667
2 0.063333 0.573333 0.030833 0.051667
3 0.481667 0.521667 0.009167 0.023333
3 0.145000 0.505000 0.009167 0.016667
2 0.644167 0.503333 0.023333 0.041667
2 0.053333 0.460000 0.097500 0.053333
2 0.123333 0.598333 0.022500 0.023333
3 0.740000 0.461667 0.007500 0.015000
2 0.215833 0.486667 0.010833 0.091667
2 0.745000 0.578333 0.034167 0.100000
3 0.280833 0.588333 0.008333 0.016667
3 0.462500 0.456667 0.008333 0.016667
2 0.024167 0.478333 0.049167 0.076667
2 0.357500 0.563333 0.022500 0.023333
2 0.249167 0.573333 0.034167 0.100000
2 0.544167 0.430000 0.035000 0.105000
3 0.748333 0.556667 0.008333 0.016667
3 0.447500 0.576667 0.010000 0.020000
3 0.435000 0.558333 0.008333 0.016667
3 0.579167 0.510000 0.015833 0.051667
3 0.796667 0.563333 0.017500 0.031667
2 0.097500 0.521667 0.020000 0.021667
3 0.296667 0.550000 0.011667 0.020000
3 0.702500 0.453333 0.007500 0.015000
3 0.802500 0.555000 0.007500 0.015000
3 0.528333 0.496667 0.007500 0.018333
2 0.689167 0.461667 0.048333 0.025000
2 0.552500 0.525000 0.058333 0.076667
2 0.276667 0.560000 0.048333 0.025000
3 0.241667 0.505000 0.014167 0.025000
2 0.670833 0.508333 0.021667 0.090000
2 0.786667 0.568333 0.010833 0.091667
2 0.599167 0.543333 0.011667 0.025000
3 0.784167 0.528333 0.009167 0.016667
2 0.807500 0.528333 0.009167 0.031667
3 0.445000 0.511667 0.008333 0.016667
2 0.176667 0.556667 0.020833 0.028333
3 0.505833 0.585000 0.011667 0.030000
3 0.475000 0.486667 0.007500 0.015000
2 0.322500 0.501667 0.011667 0.025000
2 0.759167 0.470000 0.097500 0.053333
3 0.505833 0.473333 0.008333 0.016667
2 0.097500 0.476667 0.011667 0.025000
2 0.442500 0.536667 0.048333 0.043333
3 0.211667 0.563333 0.009167 0.018333
3 0.600000 0.481667 0.007500 0.015000
2 0.609167 0.476667 0.030833 0.051667
3 0.816667 0.608333 0.010833 0.023333
2 0.610833 0.655000 0.013333 0.070000
2 0.674167 0.465000 0.009167 0.040000
2 0.554167 0.580000 0.027500 0.016667
3 0.686667 0.500000 0.009167 0.016667
3 0.593333 0.501667 0.011667 0.020000
3 0.025000 0.541667 0.007500 0.015000
3 0.450000 0.476667 0.007500 0.015000
2 0.473333 0.505000 0.011667 0.066667
3 0.448333 0.586667 0.008333 0.016667
2 0.081667 0.483333 0.017500 0.116667
2 0.455833 0.493333 0.097500 0.053333
2 0.230000 0.590000 0.020000 0.021667
2 0.289167 0.516667 0.097500 0.053333
3 0.320833 0.506667 0.007500 0.016667
3 0.590833 0.498333 0.007500 0.018333
2 0.122500 0.580000 0.020000 0.021667
3 0.267500 0.483333 0.008333 0.016667
2 0.184167 0.456667 0.027500 0.016667
2 0.528333 0.535000 0.013333 0.070000
3 0.290833 0.561667 0.010833 0.013333
2 0.817500 0.556667 0.011667 0.025000
3 0.798333 0.460000 0.010000 0.020000
2 0.770000 0.433333 0.009167 0.040000
2 0.303333 0.521667 0.015833 0.068333
3 0.447500 0.545000 0.009167 0.016667
2 0.653333 0.586667 0.023333 0.041667
3 0.526667 0.510000 0.010833 0.023333
2 0.214167 0.511667 0.048333 0.043333
2 0.608333 0.491667 0.058333 0.076667
2 0.540000 0.565000 0.027500 0.016667
2 0.360000 0.503333 0.010000 0.031667
3 0.440000 0.623333 0.007500 0.018333
3 0.155000 0.560000 0.007500 0.018333
3 0.412500 0.551667 0.008333 0.021667
2 0.272500 0.491667 0.020833 0.080000
2 0.263333 0.300000 0.058333 0.076667
2 0.790000 0.680000 0.034167 0.100000
2 0.498333 0.393333 0.014167 0.015000
2 0.684167 0.385000 0.022500 0.023333
3 0.640000 0.375000 0.013333 0.015000
2 0.310000 0.795000 0.045833 0.021667
2 0.639167 0.410000 0.015833 0.068333
2 0.700000 0.383333 0.026667 0.035000
2 0.669167 0.418333 0.027500 0.016667
3 0.765833 0.721667 0.007500 0.018333
2 0.458333 0.735000 0.026667 0.035000
2 0.710000 0.365000 0.097500 0.053333
2 0.753333 0.601667 0.011667 0.025000
3 0.635833 0.676667 0.017500 0.031667
3 0.358333 0.316667 0.009167 0.016667
2 0.561667 0.751667 0.009167 0.031667
2 0.804167 0.633333 0.011667 0.025000
3 0.452500 0.745000 0.009167 0.018333
2 0.545000 0.718333 0.020833 0.028333
2 0.708333 0.698333 0.013333 0.070000
2 0.645833 0.641667 0.022500 0.023333
3 0.657500 0.415000 0.014167 0.025000
3 0.330000 0.676667 0.007500 0.015000
3 0.786667 0.406667 0.008333 0.021667
2 0.321667 0.758333 0.010000 0.031667
2 0.749167 0.443333 0.034167 0.100000
3 0.706667 0.680000 0.015833 0.051667
3 0.380000 0.690000 0.013333 0.015000
3 0.799167 0.406667 0.010000 0.016667
3 0.334167 0.650000 0.007500 0.018333
2 0.485833 0.628333 0.035000 0.105000
2 0.791667 0.653333 0.013333 0.070000
2 0.669167 0.376667 0.015833 0.068333
2 0.635000 0.628333 0.020833 0.080000
2 0.568333 0.623333 0.022500 0.023333
2 0.742500 0.370000 0.048333 0.025000
3 0.571667 0.665000 0.009167 0.016667
3 0.702500 0.275000 0.006667 0.018333
3 0.235833 0.358333 0.015833 0.051667
2 0.702500 0.641667 0.020833 0.028333
2 0.693333 0.671667 0.019167 0.046667
3 0.337500 0.255000 0.007500 0.015000
3 0.561667 0.743333 0.009167 0.016667
3 0.391667 0.383333 0.008333 0.016667
3 0.676667 0.440000 0.009167 0.015000
3 0.542500 0.706667 0.007500 0.018333
2 0.740833 0.670000 0.009167 0.040000
2 0.280000 0.815000 0.026667 0.035000
3 0.473333 0.243333 0.007500 0.018333
2 0.482500 0.753333 0.029167 0.038333
3 0.720833 0.336667 0.007500 0.015000
2 0.288333 0.700000 0.019167 0.046667
2 0.674167 0.440000 0.014167 0.015000
3 0.793333 0.643333 0.008333 0.016667
3 0.425833 0.665000 0.008333 0.016667
2 0.791667 0.641667 0.019167 0.046667
3 0.395833 0.668333 0.009167 0.018333
3 0.701667 0.661667 0.014167 0.025000
2 0.543333 0.810000 0.034167 0.038333
3 0.479167 0.705000 0.009167 0.016667
3 0.581667 0.191667 0.017500 0.031667
2 0.322500 0.220000 0.034167 0.038333
2 0.246667 0.388333 0.017500 0.116667
3 0.621667 0.678333 0.006667 0.018333
2 0.301667 0.388333 0.011667 0.066667
3 0.345000 0.725000 0.009167 0.016667
2 0.625000 0.443333 0.023333 0.041667
3 0.565833 0.688333 0.010000 0.016667
2 0.710000 0.673333 0.014167 0.015000
3 0.342500 0.263333 0.008333 0.016667
3 0.400000 0.653333 0.009167 0.018333
3 0.605000 0.395000 0.017500 0.031667
2 0.455000 0.401667 0.020000 0.021667
2 0.192500 0.385000 0.011667 0.025000
3 0.364167 0.703333 0.009167 0.016667
2 0.401667 0.411667 0.048333 0.025000
2 0.237500 0.695000 0.020833 0.028333
3 0.488333 0.643333 0.009167 0.016667
2 0.440833 0.665000 0.048333 0.043333
2 0.395833 0.406667 0.020833 0.080000
3 0.627500 0.390000 0.007500 0.015000
3 0.679167 0.396667 0.010833 0.023333
3 0.760833 0.368333 0.010833 0.023333
2 0.237500 0.373333 0.058333 0.076667
3 0.690833 0.363333 0.008333 0.021667
3 0.379167 0.706667 0.011667 0.030000
3 0.706667 0.285000 0.008333 0.021667
3 0.813333 0.630000 0.009167 0.018333
3 0.290000 0.785000 0.009167 0.016667
2 0.635833 0.398333 0.048333 0.025000
3 0.435833 0.648333 0.007500 0.018333
3 0.157500 0.416667 0.011667 0.030000
3 0.774167 0.405000 0.010000 0.016667
3 0.448333 0.341667 0.007500 0.018333
3 0.605833 0.341667 0.011667 0.020000
3 0.681667 0.426667 0.008333 0.016667
2 0.841667 0.315000 0.020833 0.028333
2 0.475833 0.813333 0.010000 0.031667
3 0.645833 0.373333 0.009167 0.023333
3 0.355000 0.281667 0.007500 0.015000
3 0.420000 0.660000 0.011667 0.030000
3 0.801667 0.616667 0.009167 0.015000
2 0.721667 0.425000 0.034167 0.100000
3 0.356667 0.613333 0.010833 0.023333
3 0.290833 0.273333 0.007500 0.018333
2 0.737500 0.611667 0.027500 0.016667
3 0.677500 0.335000 0.009167 0.016667
3 0.679167 0.375000 0.009167 0.018333
3 0.357500 0.248333 0.010833 0.013333
2 0.379167 0.761667 0.034167 0.038333
2 0.681667 0.660000 0.045833 0.021667
2 0.724167 0.368333 0.027500 0.016667
3 0.782500 0.373333 0.007500 0.015000
3 0.350000 0.836667 0.007500 0.016667
3 0.690833 0.691667 0.013333 0.031667
2 0.727500 0.753333 0.010833 0.091667
3 0.672500 0.635000 0.007500 0.015000
3 0.671667 0.408333 0.007500 0.018333
3 0.571667 0.635000 0.011667 0.020000
2 0.726667 0.565000 0.020833 0.080000
2 0.436667 0.378333 0.034167 0.100000
2 0.484167 0.426667 0.034167 0.100000
3 0.688333 0.403333 0.006667 0.018333
3 0.595000 0.741667 0.007500 0.015000
3 0.396667 0.350000 0.009167 0.023333
2 0.685833 0.603333 0.014167 0.015000
3 0.696667 0.656667 0.007500 0.018333
3 0.794167 0.401667 0.013333 0.031667
3 0.754167 0.616667 0.006667 0.018333
3 0.420000 0.405000 0.010833 0.013333
3 0.532500 0.706667 0.008333 0.016667
3 0.790000 0.723333 0.011667 0.020000
3 0.698333 0.663333 0.008333 0.016667
2 0.475833 0.310000 0.013333 0.070000
2 0.445000 0.660000 0.015833 0.068333
2 0.576667 0.706667 0.020833 0.080000
2 0.475000 0.836667 0.026667 0.035000
2 0.413333 0.806667 0.029167 0.038333
3 0.709167 0.650000 0.007500 0.018333
2 0.508333 0.401667 0.048333 0.043333
2 0.705833 0.255000 0.017500 0.116667
2 0.458333 0.281667 0.058333 0.076667
2 0.272500 0.728333 0.023333 0.041667
2 0.717500 0.431667 0.020833 0.080000
2 0.667500 0.610000 0.045833 0.021667
3 0.761667 0.385000 0.009167 0.018333
2 0.762500 0.706667 0.097500 0.053333
3 0.262500 0.395000 0.008333 0.016667
2 0.286667 0.351667 0.014167 0.015000
2 0.516667 0.370000 0.022500 0.023333
2 0.705833 0.365000 0.013333 0.070000
3 0.704167 0.331667 0.007500 0.015000
2 0.418333 0.368333 0.014167 0.015000
3 0.282500 0.435000 0.008333 0.016667
2 0.737500 0.341667 0.009167 0.031667
2 0.628333 0.650000 0.034167 0.100000
2 0.450000 0.751667 0.020000 0.021667
3 0.569167 0.298333 0.006667 0.018333
2 0.746667 0.306667 0.010000 0.031667
3 0.692500 0.411667 0.007500 0.016667
3 0.291667 0.405000 0.007500 0.018333
2 0.398333 0.680000 0.027500 0.016667
2 0.491667 0.283333 0.045833 0.021667
2 0.478333 0.393333 0.045833 0.021667
3 0.699167 0.690000 0.008333 0.016667
2 0.449167 0.211667 0.023333 0.041667
2 0.748333 0.420000 0.022500 0.023333
3 0.349167 0.303333 0.007500 0.018333
3 0.715000 0.601667 0.007500 0.015000
2 0.297500 0.285000 0.029167 0.038333
2 0.297500 0.323333 0.058333 0.076667
2 0.641667 0.420000 0.020000 0.021667
3 0.677500 0.456667 0.008333 0.021667
3 0.658333 0.400000 0.007500 0.018333
2 0.715000 0.590000 0.020833 0.080000
2 0.783333 0.366667 0.013333 0.070000
2 0.645000 0.623333 0.020833 0.080000
3 0.465000 0.715000 0.017500 0.031667
2 0.572500 0.725000 0.015833 0.068333
3 0.270833 0.688333 0.007500 0.018333
2 0.462500 0.766667 0.019167 0.046667
2 0.484167 0.326667 0.020833 0.080000
3 0.642500 0.441667 0.009167 0.016667
2 0.736667 0.351667 0.058333 0.076667
2 0.553333 0.621667 0.009167 0.040000
3 0.310833 0.796667 0.009167 0.016667
3 0.647500 0.340000 0.008333 0.021667
3 0.792500 0.663333 0.017500 0.031667
3 0.612500 0.685000 0.008333 0.021667
3 0.684167 0.366667 0.013333 0.015000
2 0.727500 0.448333 0.010833 0.091667
2 0.510833 0.240000 0.022500 0.023333
3 0.639167 0.400000 0.008333 0.016667
3 0.219167 0.686667 0.008333 0.016667
2 0.429167 0.723333 0.020000 0.021667
3 0.789167 0.345000 0.007500 0.018333
3 0.298333 0.740000 0.009167 0.023333
3 0.345000 0.636667 0.007500 0.015000
