4 0.812500 0.448333 0.092500 0.083333
4 0.900833 0.465000 0.040000 0.060000
4 0.880000 0.600000 0.062500 0.148333
4 0.790000 0.501667 0.117500 0.055000
4 0.800833 0.265000 0.188333 0.360000
4 0.860000 0.488333 0.122500 0.086667
4 0.829167 0.441667 0.065833 0.046667
4 0.809167 0.403333 0.093333 0.101667
4 0.877500 0.466667 0.080000 0.061667
4 0.799167 0.423333 0.146667 0.045000
4 0.140833 0.560000 0.066667 0.048333
4 0.138333 0.606667 0.126667 0.180000
4 0.640000 0.593333 0.137500 0.231667
4 0.173333 0.543333 0.029167 0.060000
4 0.076667 0.608333 0.107500 0.171667
4 0.574167 0.616667 0.107500 0.153333
4 0.261667 0.416667 0.119167 0.225000
4 0.161667 0.541667 0.186667 0.063333
4 0.631667 0.583333 0.045833 0.061667
4 0.230000 0.550000 0.066667 0.110000
3 0.560833 0.521667 0.010833 0.013333
2 0.781667 0.485000 0.058333 0.076667
2 0.220833 0.551667 0.010000 0.031667
3 0.321667 0.538333 0.013333 0.031667
2 0.239167 0.573333 0.034167 0.038333
3 0.543333 0.455000 0.007500 0.015000
2 0.330000 0.508333 0.034167 0.100000
2 0.381667 0.495000 0.020000 0.021667
2 0.178333 0.578333 0.020833 0.080000
2 0.115000 0.530000 0.020833 0.080000
3 0.499167 0.593333 0.009167 0.023333
3 0.670833 0.465000 0.010833 0.023333
2 0.425833 0.543333 0.023333 0.106667
2 0.403333 0.550000 0.029167 0.038333
3 0.320833 0.590000 0.009167 0.015000
2 0.449167 0.623333 0.023333 0.106667
3 0.083333 0.523333 0.007500 0.018333
3 0.203333 0.570000 0.007500 0.016667
2 0.698333 0.506667 0.023333 0.106667
3 0.645000 0.516667 0.009167 0.016667
3 0.455000 0.535000 0.014167 0.025000
3 0.733333 0.478333 0.013333 0.015000
2 0.447500 0.428333 0.009167 0.040000
3 0.389167 0.556667 0.010833 0.023333
3 0.635000 0.526667 0.010000 0.020000
3 0.685000 0.575000 0.007500 0.018333
2 0.372500 0.493333 0.011667 0.025000
3 0.457500 0.536667 0.007500 0.016667
2 0.199167 0.508333 0.023333 0.106667
3 0.609167 0.590000 0.014167 0.025000
2 0.577500 0.463333 0.029167 0.038333
3 0.723333 0.550000 0.010000 0.016667
2 0.502500 0.441667 0.009167 0.040000
2 0.035000 0.463333 0.020833 0.080000
2 0.213333 0.506667 0.017500 0.116667
2 0.129167 0.593333 0.010000 0.031667
2 0.593333 0.468333 0.011667 0.025000
2 0.408333 0.535000 0.011667 0.025000
2 0.365000 0.591667 0.026667 0.035000
3 0.704167 0.521667 0.008333 0.016667
2 0.154167 0.563333 0.027500 0.016667
3 0.139167 0.533333 0.008333 0.016667
2 0.035000 0.513333 0.048333 0.025000
3 0.466667 0.498333 0.013333 0.031667
3 0.364167 0.460000 0.011667 0.020000
3 0.657500 0.550000 0.013333 0.015000
3 0.322500 0.590000 0.015833 0.051667
2 0.820833 0.668333 0.017500 0.116667
3 0.365833 0.465000 0.007500 0.016667
2 0.812500 0.638333 0.011667 0.025000
3 0.745833 0.460000 0.007500 0.015000
2 0.601667 0.543333 0.017500 0.116667
2 0.424167 0.575000 0.013333 0.070000
2 0.543333 0.506667 0.020833 0.080000
2 0.364167 0.451667 0.035000 0.105000
2 0.397500 0.558333 0.019167 0.046667
2 0.817500 0.536667 0.015833 0.068333
2 0.379167 0.486667 0.010000 0.031667
3 0.359167 0.570000 0.008333 0.016667
2 0.491667 0.470000 0.017500 0.116667
3 0.741667 0.478333 0.007500 0.016667
3 0.750833 0.491667 0.006667 0.018333
2 0.125833 0.491667 0.011667 0.066667
2 0.625833 0.526667 0.019167 0.046667
2 0.231667 0.585000 0.048333 0.025000
2 0.185000 0.545000 0.013333 0.070000
2 0.798333 0.461667 0.034167 0.038333
3 0.786667 0.503333 0.011667 0.020000
2 0.534167 0.525000 0.011667 0.025000
3 0.129167 0.491667 0.013333 0.015000
2 0.063333 0.525000 0.023333 0.041667
3 0.108333 0.583333 0.007500 0.015000
2 0.485833 0.388333 0.011667 0.066667
3 0.571667 0.473333 0.010833 0.023333
2 0.221667 0.458333 0.048333 0.043333
2 0.639167 0.543333 0.035000 0.105000
3 0.680833 0.530000 0.010000 0.020000
2 0.246667 0.466667 0.009167 0.031667
2 0.575000 0.425000 0.097500 0.053333
2 0.307500 0.476667 0.009167 0.040000
2 0.296667 0.486667 0.023333 0.041667
2 0.598333 0.441667 0.058333 0.076667
2 0.737500 0.488333 0.021667 0.090000
2 0.143333 0.495000 0.026667 0.035000
3 0.277500 0.480000 0.007500 0.015000
2 0.709167 0.486667 0.013333 0.070000
3 0.520833 0.560000 0.009167 0.023333
2 0.067500 0.478333 0.020833 0.028333
3 0.654167 0.543333 0.006667 0.018333
3 0.299167 0.468333 0.015833 0.051667
3 0.072500 0.558333 0.007500 0.015000
3 0.422500 0.526667 0.010000 0.020000
2 0.038333 0.570000 0.029167 0.038333
2 0.141667 0.485000 0.026667 0.035000
2 0.677500 0.478333 0.058333 0.076667
3 0.340000 0.585000 0.007500 0.015000
2 0.666667 0.506667 0.030833 0.051667
2 0.447500 0.526667 0.034167 0.100000
3 0.138333 0.500000 0.010833 0.023333
3 0.823333 0.505000 0.011667 0.020000
2 0.534167 0.591667 0.030833 0.051667
3 0.797500 0.506667 0.008333 0.021667
2 0.500000 0.375000 0.011667 0.066667
2 0.635000 0.366667 0.048333 0.043333
2 0.442500 0.393333 0.010833 0.091667
3 0.700000 0.666667 0.009167 0.016667
2 0.291667 0.390000 0.034167 0.100000
2 0.709167 0.626667 0.010000 0.031667
3 0.600833 0.321667 0.014167 0.025000
2 0.661667 0.343333 0.010000 0.031667
2 0.777500 0.653333 0.020833 0.080000
3 0.624167 0.656667 0.007500 0.018333
2 0.659167 0.415000 0.011667 0.025000
3 0.693333 0.341667 0.013333 0.015000
2 0.441667 0.708333 0.045833 0.021667
2 0.300000 0.390000 0.010000 0.031667
3 0.276667 0.765000 0.008333 0.021667
2 0.556667 0.373333 0.029167 0.038333
2 0.255833 0.688333 0.020833 0.028333
3 0.202500 0.728333 0.010833 0.023333
3 0.452500 0.366667 0.009167 0.018333
2 0.235000 0.778333 0.048333 0.043333
2 0.332500 0.678333 0.034167 0.100000
2 0.639167 0.625000 0.011667 0.066667
3 0.730000 0.380000 0.015833 0.051667
3 0.678333 0.398333 0.010000 0.020000
3 0.780000 0.348333 0.009167 0.016667
2 0.745833 0.341667 0.058333 0.076667
2 0.418333 0.645000 0.027500 0.016667
3 0.406667 0.650000 0.008333 0.016667
3 0.748333 0.411667 0.007500 0.015000
2 0.539167 0.660000 0.009167 0.040000
3 0.342500 0.745000 0.010833 0.013333
2 0.626667 0.386667 0.097500 0.053333
3 0.301667 0.410000 0.011667 0.020000
2 0.658333 0.625000 0.048333 0.025000
2 0.603333 0.360000 0.097500 0.053333
3 0.645000 0.363333 0.007500 0.016667
3 0.495000 0.398333 0.013333 0.015000
2 0.740833 0.593333 0.058333 0.076667
2 0.736667 0.578333 0.097500 0.053333
2 0.556667 0.753333 0.030833 0.051667
2 0.286667 0.255000 0.022500 0.023333
2 0.397500 0.651667 0.020833 0.028333
3 0.775833 0.421667 0.009167 0.016667
2 0.148333 0.616667 0.058333 0.076667
2 0.622500 0.393333 0.009167 0.031667
3 0.460833 0.816667 0.017500 0.031667
2 0.705833 0.431667 0.019167 0.046667
2 0.788333 0.426667 0.009167 0.031667
3 0.740833 0.688333 0.010000 0.020000
3 0.790000 0.331667 0.007500 0.018333
3 0.545833 0.683333 0.009167 0.016667
2 0.253333 0.355000 0.058333 0.076667
2 0.675833 0.353333 0.014167 0.015000
2 0.343333 0.666667 0.019167 0.046667
3 0.790000 0.353333 0.009167 0.016667
2 0.212500 0.370000 0.058333 0.076667
3 0.238333 0.818333 0.011667 0.020000
2 0.293333 0.395000 0.027500 0.016667
3 0.713333 0.676667 0.008333 0.016667
2 0.759167 0.351667 0.013333 0.070000
2 0.667500 0.350000 0.058333 0.076667
2 0.689167 0.595000 0.045833 0.021667
3 0.486667 0.681667 0.009167 0.016667
2 0.707500 0.443333 0.048333 0.043333
2 0.310833 0.420000 0.023333 0.106667
3 0.447500 0.665000 0.009167 0.016667
2 0.790000 0.613333 0.035000 0.105000
3 0.336667 0.680000 0.015833 0.051667
3 0.439167 0.341667 0.009167 0.015000
3 0.690000 0.336667 0.007500 0.015000
2 0.632500 0.440000 0.021667 0.090000
3 0.796667 0.640000 0.008333 0.016667
2 0.204167 0.635000 0.048333 0.043333
3 0.712500 0.390000 0.017500 0.031667
3 0.267500 0.725000 0.015833 0.051667
2 0.647500 0.380000 0.023333 0.041667
3 0.385000 0.763333 0.015833 0.051667
3 0.260833 0.800000 0.010833 0.023333
2 0.480833 0.273333 0.010000 0.031667
3 0.540833 0.280000 0.010000 0.016667
3 0.779167 0.338333 0.008333 0.021667
3 0.406667 0.386667 0.013333 0.015000
3 0.618333 0.326667 0.007500 0.018333
3 0.356667 0.655000 0.007500 0.015000
2 0.525833 0.343333 0.020833 0.080000
2 0.338333 0.740000 0.009167 0.031667
3 0.381667 0.715000 0.015833 0.051667
2 0.799167 0.621667 0.029167 0.038333
3 0.662500 0.415000 0.008333 0.016667
2 0.550000 0.676667 0.023333 0.106667
3 0.828333 0.423333 0.009167 0.016667
3 0.784167 0.395000 0.009167 0.016667
3 0.442500 0.156667 0.010833 0.013333
2 0.508333 0.865000 0.030833 0.051667
3 0.307500 0.310000 0.010833 0.023333
2 0.672500 0.453333 0.020833 0.080000
2 0.609167 0.396667 0.034167 0.100000
3 0.777500 0.325000 0.013333 0.031667
2 0.526667 0.646667 0.048333 0.025000
2 0.677500 0.328333 0.011667 0.066667
3 0.761667 0.386667 0.009167 0.016667
3 0.745833 0.610000 0.011667 0.030000
3 0.488333 0.643333 0.009167 0.016667
2 0.805833 0.386667 0.058333 0.076667
2 0.483333 0.801667 0.058333 0.076667
2 0.222500 0.423333 0.010000 0.031667
2 0.487500 0.320000 0.045833 0.021667
2 0.743333 0.340000 0.048333 0.025000
3 0.667500 0.673333 0.007500 0.018333
3 0.708333 0.416667 0.013333 0.031667
2 0.334167 0.855000 0.011667 0.025000
2 0.592500 0.713333 0.017500 0.116667
3 0.455833 0.753333 0.007500 0.018333
3 0.678333 0.398333 0.010000 0.016667
3 0.673333 0.395000 0.008333 0.016667
2 0.740000 0.406667 0.020833 0.080000
2 0.683333 0.676667 0.010833 0.091667
2 0.671667 0.645000 0.035000 0.105000
2 0.796667 0.380000 0.019167 0.046667
3 0.170000 0.630000 0.014167 0.025000
3 0.275833 0.376667 0.013333 0.031667
2 0.782500 0.391667 0.048333 0.043333
3 0.500000 0.775000 0.008333 0.016667
2 0.541667 0.691667 0.026667 0.035000
2 0.341667 0.763333 0.020000 0.021667
2 0.535000 0.650000 0.048333 0.025000
2 0.675000 0.400000 0.097500 0.053333
2 0.544167 0.638333 0.019167 0.046667
2 0.775833 0.443333 0.034167 0.100000
3 0.529167 0.293333 0.009167 0.016667
2 0.283333 0.316667 0.017500 0.116667
3 0.326667 0.381667 0.007500 0.016667
3 0.264167 0.271667 0.014167 0.025000
3 0.451667 0.270000 0.013333 0.031667
2 0.601667 0.605000 0.035000 0.105000
2 0.640833 0.380000 0.017500 0.116667
3 0.645000 0.328333 0.009167 0.023333
2 0.420833 0.821667 0.010833 0.091667
3 0.722500 0.658333 0.007500 0.015000
2 0.676667 0.460000 0.013333 0.070000
2 0.354167 0.346667 0.011667 0.066667
2 0.685000 0.346667 0.020833 0.080000
2 0.533333 0.335000 0.010833 0.091667
3 0.550000 0.645000 0.008333 0.016667
3 0.579167 0.745000 0.015833 0.051667
2 0.725000 0.681667 0.020833 0.080000
2 0.642500 0.353333 0.015833 0.068333
2 0.647500 0.386667 0.034167 0.100000
3 0.480833 0.380000 0.009167 0.023333
3 0.697500 0.281667 0.015833 0.051667
2 0.295833 0.720000 0.030833 0.051667
3 0.825000 0.416667 0.010833 0.023333
2 0.635833 0.448333 0.023333 0.041667
2 0.308333 0.258333 0.020000 0.021667
2 0.571667 0.341667 0.048333 0.025000
3 0.794167 0.370000 0.010833 0.023333
2 0.545833 0.350000 0.026667 0.035000
2 0.755833 0.626667 0.015833 0.068333
3 0.654167 0.371667 0.009167 0.018333
3 0.367500 0.290000 0.009167 0.015000
2 0.615000 0.283333 0.020833 0.028333
3 0.790833 0.393333 0.007500 0.016667
3 0.364167 0.666667 0.011667 0.020000
3 0.769167 0.313333 0.009167 0.016667
3 0.520833 0.363333 0.017500 0.031667
3 0.675833 0.395000 0.009167 0.016667
3 0.620000 0.398333 0.010833 0.023333
3 0.710000 0.620000 0.008333 0.016667
2 0.730000 0.755000 0.010833 0.091667
3 0.509167 0.273333 0.010833 0.013333
2 0.487500 0.301667 0.019167 0.046667
2 0.510833 0.216667 0.029167 0.038333
2 0.316667 0.756667 0.011667 0.025000
2 0.606667 0.398333 0.030833 0.051667
3 0.746667 0.616667 0.009167 0.016667
2 0.650000 0.631667 0.014167 0.015000
3 0.365833 0.713333 0.014167 0.025000
3 0.293333 0.291667 0.009167 0.016667
2 0.273333 0.661667 0.020833 0.028333
2 0.469167 0.336667 0.011667 0.066667
2 0.473333 0.805000 0.011667 0.066667
2 0.627500 0.393333 0.035000 0.105000
2 0.487500 0.686667 0.097500 0.053333
3 0.658333 0.396667 0.007500 0.015000
3 0.653333 0.618333 0.010833 0.013333
2 0.465000 0.796667 0.097500 0.053333
3 0.324167 0.763333 0.009167 0.018333
2 0.664167 0.368333 0.021667 0.090000
3 0.730833 0.711667 0.015833 0.051667
2 0.810833 0.383333 0.010000 0.031667
2 0.555000 0.631667 0.058333 0.076667
3 0.798333 0.396667 0.008333 0.016667
3 0.703333 0.331667 0.009167 0.018333
2 0.685833 0.636667 0.035000 0.105000
3 0.800000 0.403333 0.009167 0.016667
3 0.355000 0.260000 0.015833 0.051667
2 0.329167 0.678333 0.048333 0.043333
3 0.280833 0.711667 0.013333 0.031667
