4 0.881667 0.453333 0.071667 0.098333
4 0.871667 0.616667 0.091667 0.141667
4 0.791667 0.580000 0.099167 0.046667
4 0.858333 0.493333 0.037500 0.020000
4 0.810833 0.628333 0.060000 0.021667
4 0.814167 0.585000 0.074167 0.018333
4 0.807500 0.468333 0.089167 0.075000
4 0.883333 0.460000 0.098333 0.106667
4 0.746667 0.396667 0.195000 0.246667
4 0.867500 0.418333 0.090833 0.060000
4 0.032500 0.393333 0.065000 0.350000
4 0.689167 0.636667 0.160000 0.325000
4 0.656667 0.556667 0.080833 0.060000
4 0.146667 0.351667 0.263333 0.418333
4 0.673333 0.498333 0.106667 0.086667
4 0.229167 0.625000 0.091667 0.191667
4 0.306667 0.591667 0.220833 0.088333
4 0.030000 0.690000 0.060833 0.315000
4 0.288333 0.575000 0.110000 0.036667
4 0.184167 0.530000 0.155833 0.088333
3 0.780000 0.548333 0.009167 0.023333
3 0.065833 0.571667 0.008333 0.016667
2 0.708333 0.538333 0.009167 0.040000
2 0.276667 0.520000 0.019167 0.046667
2 0.424167 0.430000 0.035000 0.105000
3 0.683333 0.513333 0.013333 0.015000
2 0.185000 0.530000 0.021667 0.090000
2 0.073333 0.538333 0.013333 0.070000
2 0.233333 0.500000 0.034167 0.038333
2 0.193333 0.493333 0.023333 0.106667
3 0.623333 0.591667 0.007500 0.018333
2 0.826667 0.553333 0.010000 0.031667
3 0.418333 0.486667 0.015833 0.051667
3 0.247500 0.508333 0.017500 0.031667
3 0.825833 0.655000 0.013333 0.015000
3 0.160000 0.513333 0.007500 0.018333
3 0.628333 0.500000 0.007500 0.015000
2 0.743333 0.521667 0.020000 0.021667
2 0.162500 0.503333 0.017500 0.116667
2 0.308333 0.550000 0.023333 0.106667
3 0.340833 0.486667 0.011667 0.030000
2 0.750833 0.596667 0.013333 0.070000
3 0.323333 0.483333 0.008333 0.016667
3 0.330833 0.556667 0.008333 0.016667
2 0.408333 0.475000 0.017500 0.116667
3 0.209167 0.543333 0.009167 0.016667
3 0.630000 0.463333 0.007500 0.015000
2 0.677500 0.565000 0.021667 0.090000
3 0.515000 0.563333 0.013333 0.015000
3 0.565833 0.538333 0.015833 0.051667
3 0.385833 0.541667 0.011667 0.020000
2 0.818333 0.461667 0.019167 0.046667
2 0.675000 0.470000 0.014167 0.015000
2 0.715833 0.503333 0.023333 0.041667
3 0.443333 0.531667 0.013333 0.015000
2 0.410000 0.533333 0.021667 0.090000
2 0.625833 0.561667 0.009167 0.040000
3 0.632500 0.556667 0.013333 0.015000
2 0.774167 0.591667 0.023333 0.106667
3 0.415000 0.461667 0.013333 0.031667
3 0.325000 0.453333 0.014167 0.025000
2 0.816667 0.553333 0.011667 0.025000
3 0.722500 0.596667 0.008333 0.021667
3 0.413333 0.556667 0.007500 0.016667
3 0.750833 0.580000 0.011667 0.020000
3 0.801667 0.560000 0.007500 0.015000
3 0.635000 0.475000 0.007500 0.015000
2 0.608333 0.473333 0.015833 0.068333
3 0.363333 0.458333 0.009167 0.016667
3 0.203333 0.470000 0.007500 0.016667
2 0.254167 0.488333 0.097500 0.053333
3 0.501667 0.438333 0.009167 0.018333
2 0.443333 0.558333 0.019167 0.046667
3 0.081667 0.476667 0.006667 0.018333
2 0.666667 0.495000 0.030833 0.051667
3 0.254167 0.476667 0.010833 0.013333
3 0.621667 0.506667 0.007500 0.015000
3 0.551667 0.503333 0.010000 0.016667
2 0.089167 0.573333 0.020833 0.080000
3 0.508333 0.455000 0.010000 0.016667
3 0.175000 0.603333 0.011667 0.020000
2 0.503333 0.616667 0.010833 0.091667
2 0.701667 0.458333 0.017500 0.116667
2 0.180000 0.525000 0.009167 0.031667
2 0.628333 0.500000 0.020833 0.080000
2 0.788333 0.475000 0.034167 0.038333
2 0.668333 0.548333 0.034167 0.100000
2 0.630000 0.528333 0.048333 0.043333
3 0.553333 0.526667 0.007500 0.015000
3 0.724167 0.560000 0.008333 0.016667
3 0.610833 0.495000 0.007500 0.015000
3 0.680000 0.573333 0.008333 0.016667
2 0.069167 0.538333 0.034167 0.038333
2 0.028333 0.520000 0.014167 0.015000
3 0.315833 0.481667 0.008333 0.016667
3 0.792500 0.453333 0.007500 0.015000
2 0.165833 0.441667 0.009167 0.040000
2 0.750000 0.528333 0.022500 0.023333
2 0.422500 0.511667 0.019167 0.046667
3 0.427500 0.493333 0.007500 0.018333
3 0.405000 0.475000 0.009167 0.016667
2 0.421667 0.461667 0.011667 0.025000
3 0.255000 0.538333 0.011667 0.030000
3 0.233333 0.471667 0.008333 0.016667
3 0.271667 0.533333 0.008333 0.016667
2 0.129167 0.561667 0.029167 0.038333
3 0.459167 0.593333 0.013333 0.015000
2 0.760833 0.583333 0.048333 0.025000
2 0.163333 0.508333 0.058333 0.076667
3 0.036667 0.508333 0.010000 0.016667
2 0.122500 0.483333 0.048333 0.025000
3 0.660833 0.508333 0.009167 0.016667
3 0.527500 0.520000 0.015833 0.051667
3 0.685000 0.588333 0.013333 0.031667
3 0.379167 0.556667 0.010000 0.016667
2 0.122500 0.510000 0.022500 0.023333
3 0.192500 0.585000 0.006667 0.018333
2 0.570833 0.543333 0.020833 0.028333
3 0.517500 0.508333 0.008333 0.021667
2 0.725833 0.531667 0.097500 0.053333
2 0.206667 0.533333 0.022500 0.023333
2 0.169167 0.561667 0.009167 0.040000
2 0.196667 0.643333 0.019167 0.046667
2 0.737500 0.661667 0.009167 0.031667
2 0.727500 0.670000 0.010000 0.031667
2 0.594167 0.303333 0.034167 0.038333
2 0.495000 0.256667 0.058333 0.076667
3 0.532500 0.620000 0.009167 0.015000
2 0.725833 0.638333 0.027500 0.016667
3 0.429167 0.751667 0.009167 0.015000
3 0.780000 0.368333 0.013333 0.015000
2 0.785833 0.696667 0.009167 0.031667
2 0.679167 0.436667 0.011667 0.025000
3 0.245000 0.353333 0.007500 0.015000
2 0.800833 0.908333 0.022500 0.023333
2 0.684167 0.720000 0.023333 0.041667
2 0.715833 0.615000 0.010000 0.031667
2 0.244167 0.336667 0.009167 0.040000
2 0.761667 0.611667 0.097500 0.053333
2 0.605000 0.635000 0.045833 0.021667
2 0.305833 0.680000 0.011667 0.066667
3 0.401667 0.373333 0.009167 0.015000
2 0.781667 0.353333 0.026667 0.035000
3 0.414167 0.681667 0.008333 0.016667
3 0.142500 0.653333 0.010000 0.020000
3 0.712500 0.695000 0.006667 0.018333
3 0.785833 0.381667 0.007500 0.018333
3 0.667500 0.671667 0.008333 0.016667
3 0.223333 0.426667 0.008333 0.016667
3 0.522500 0.761667 0.008333 0.016667
3 0.800000 0.403333 0.009167 0.016667
3 0.447500 0.763333 0.014167 0.025000
2 0.553333 0.393333 0.010833 0.091667
2 0.489167 0.335000 0.023333 0.106667
3 0.522500 0.430000 0.013333 0.015000
3 0.300000 0.675000 0.010833 0.023333
2 0.371667 0.705000 0.097500 0.053333
2 0.435833 0.800000 0.021667 0.090000
2 0.747500 0.403333 0.011667 0.025000
3 0.698333 0.665000 0.013333 0.015000
2 0.844167 0.306667 0.015833 0.068333
3 0.252500 0.400000 0.015833 0.051667
3 0.766667 0.746667 0.010000 0.020000
3 0.813333 0.713333 0.007500 0.018333
2 0.475000 0.805000 0.021667 0.090000
3 0.541667 0.320000 0.017500 0.031667
2 0.740833 0.778333 0.020000 0.021667
3 0.406667 0.678333 0.010833 0.023333
2 0.755000 0.711667 0.029167 0.038333
2 0.758333 0.740000 0.021667 0.090000
2 0.446667 0.200000 0.027500 0.016667
2 0.430000 0.346667 0.048333 0.043333
3 0.270833 0.421667 0.015833 0.051667
3 0.358333 0.251667 0.010000 0.016667
3 0.439167 0.373333 0.010833 0.013333
2 0.590833 0.733333 0.015833 0.068333
2 0.617500 0.388333 0.009167 0.031667
2 0.250833 0.401667 0.009167 0.031667
2 0.758333 0.345000 0.011667 0.066667
3 0.408333 0.353333 0.007500 0.015000
2 0.266667 0.395000 0.030833 0.051667
2 0.669167 0.600000 0.048333 0.043333
3 0.344167 0.668333 0.008333 0.016667
2 0.720000 0.463333 0.021667 0.090000
2 0.227500 0.575000 0.015833 0.068333
3 0.387500 0.768333 0.008333 0.021667
2 0.713333 0.340000 0.045833 0.021667
3 0.702500 0.275000 0.006667 0.018333
3 0.273333 0.321667 0.007500 0.018333
3 0.333333 0.653333 0.009167 0.023333
3 0.510833 0.740000 0.008333 0.016667
3 0.697500 0.768333 0.008333 0.016667
3 0.345000 0.723333 0.009167 0.016667
3 0.699167 0.258333 0.007500 0.015000
3 0.697500 0.621667 0.007500 0.018333
2 0.318333 0.725000 0.020000 0.021667
3 0.433333 0.808333 0.006667 0.018333
2 0.701667 0.421667 0.019167 0.046667
2 0.552500 0.206667 0.011667 0.066667
2 0.431667 0.650000 0.027500 0.016667
2 0.673333 0.736667 0.034167 0.100000
3 0.407500 0.358333 0.009167 0.023333
3 0.293333 0.701667 0.015833 0.051667
3 0.813333 0.420000 0.007500 0.015000
2 0.665000 0.360000 0.034167 0.100000
2 0.735000 0.658333 0.020833 0.080000
2 0.419167 0.361667 0.009167 0.031667
2 0.676667 0.363333 0.034167 0.100000
3 0.275000 0.665000 0.009167 0.018333
2 0.681667 0.653333 0.011667 0.066667
2 0.246667 0.388333 0.017500 0.116667
3 0.458333 0.885000 0.009167 0.023333
2 0.660000 0.348333 0.045833 0.021667
2 0.410833 0.723333 0.020000 0.021667
2 0.453333 0.266667 0.010000 0.031667
3 0.656667 0.593333 0.010000 0.020000
2 0.240000 0.351667 0.017500 0.116667
3 0.556667 0.418333 0.010833 0.013333
3 0.325000 0.658333 0.009167 0.018333
3 0.450000 0.370000 0.009167 0.016667
3 0.809167 0.618333 0.011667 0.030000
2 0.410833 0.680000 0.014167 0.015000
3 0.275000 0.756667 0.010833 0.013333
3 0.336667 0.256667 0.009167 0.016667
2 0.805833 0.368333 0.019167 0.046667
3 0.709167 0.683333 0.008333 0.016667
2 0.270833 0.388333 0.019167 0.046667
3 0.534167 0.348333 0.008333 0.016667
2 0.580833 0.460000 0.013333 0.070000
2 0.733333 0.806667 0.034167 0.100000
2 0.327500 0.626667 0.011667 0.066667
2 0.718333 0.356667 0.023333 0.041667
2 0.384167 0.700000 0.026667 0.035000
2 0.560833 0.730000 0.019167 0.046667
2 0.541667 0.650000 0.014167 0.015000
2 0.279167 0.651667 0.009167 0.040000
3 0.679167 0.681667 0.009167 0.016667
2 0.453333 0.301667 0.029167 0.038333
2 0.274167 0.293333 0.048333 0.025000
3 0.725833 0.613333 0.009167 0.018333
3 0.384167 0.760000 0.017500 0.031667
3 0.642500 0.635000 0.008333 0.016667
2 0.269167 0.718333 0.011667 0.066667
2 0.552500 0.736667 0.013333 0.070000
2 0.525000 0.691667 0.009167 0.031667
3 0.342500 0.636667 0.011667 0.020000
2 0.750000 0.295000 0.011667 0.066667
3 0.476667 0.285000 0.011667 0.020000
3 0.729167 0.643333 0.009167 0.016667
3 0.403333 0.660000 0.010000 0.020000
2 0.703333 0.333333 0.058333 0.076667
2 0.355000 0.670000 0.034167 0.038333
3 0.811667 0.421667 0.010833 0.023333
3 0.392500 0.770000 0.008333 0.016667
3 0.625833 0.365000 0.007500 0.018333
2 0.346667 0.355000 0.020833 0.080000
2 0.664167 0.711667 0.014167 0.015000
2 0.453333 0.828333 0.010000 0.031667
2 0.283333 0.773333 0.027500 0.016667
2 0.653333 0.628333 0.045833 0.021667
2 0.659167 0.668333 0.020833 0.028333
3 0.306667 0.338333 0.009167 0.015000
2 0.344167 0.341667 0.023333 0.041667
3 0.647500 0.440000 0.009167 0.016667
3 0.268333 0.645000 0.008333 0.021667
3 0.571667 0.633333 0.007500 0.015000
2 0.771667 0.411667 0.015833 0.068333
2 0.700833 0.356667 0.015833 0.068333
3 0.458333 0.658333 0.014167 0.025000
2 0.291667 0.670000 0.027500 0.016667
3 0.685000 0.686667 0.008333 0.016667
2 0.441667 0.633333 0.020833 0.080000
2 0.527500 0.676667 0.045833 0.021667
2 0.311667 0.636667 0.020000 0.021667
3 0.475000 0.326667 0.008333 0.016667
3 0.803333 0.641667 0.008333 0.021667
2 0.791667 0.623333 0.011667 0.066667
2 0.723333 0.580000 0.020833 0.080000
3 0.569167 0.673333 0.009167 0.023333
3 0.834167 0.418333 0.008333 0.016667
2 0.302500 0.688333 0.013333 0.070000
2 0.685833 0.725000 0.027500 0.016667
3 0.785000 0.340000 0.009167 0.018333
2 0.779167 0.593333 0.015833 0.068333
2 0.270833 0.816667 0.017500 0.116667
3 0.604167 0.661667 0.013333 0.031667
3 0.272500 0.413333 0.015833 0.051667
3 0.549167 0.653333 0.009167 0.015000
3 0.379167 0.703333 0.010833 0.023333
3 0.345833 0.693333 0.008333 0.016667
2 0.268333 0.253333 0.020833 0.028333
3 0.347500 0.680000 0.010833 0.013333
3 0.341667 0.853333 0.011667 0.030000
3 0.739167 0.688333 0.008333 0.016667
2 0.530833 0.391667 0.020833 0.080000
3 0.572500 0.635000 0.009167 0.016667
2 0.462500 0.325000 0.023333 0.106667
3 0.271667 0.380000 0.008333 0.016667
2 0.515833 0.653333 0.019167 0.046667
3 0.700833 0.375000 0.011667 0.020000
2 0.455000 0.248333 0.013333 0.070000
2 0.766667 0.353333 0.022500 0.023333
3 0.712500 0.633333 0.009167 0.016667
3 0.437500 0.373333 0.008333 0.016667
3 0.735000 0.641667 0.010000 0.016667
2 0.346667 0.763333 0.010000 0.031667
3 0.528333 0.626667 0.017500 0.031667
3 0.691667 0.753333 0.009167 0.016667
2 0.464167 0.848333 0.010833 0.091667
2 0.424167 0.706667 0.035000 0.105000
2 0.690833 0.348333 0.058333 0.076667
3 0.347500 0.388333 0.008333 0.016667
2 0.718333 0.688333 0.045833 0.021667
2 0.720000 0.648333 0.023333 0.041667
3 0.710000 0.365000 0.009167 0.016667
3 0.790833 0.723333 0.010833 0.013333
2 0.597500 0.360000 0.020833 0.080000
3 0.685000 0.426667 0.008333 0.021667
2 0.727500 0.710000 0.011667 0.025000
3 0.525000 0.433333 0.008333 0.016667
