4 0.858333 0.570000 0.083333 0.085000
4 0.795000 0.606667 0.112500 0.135000
4 0.834167 0.716667 0.160000 0.191667
4 0.835000 0.456667 0.064167 0.066667
4 0.902500 0.668333 0.042500 0.108333
4 0.807500 0.493333 0.110000 0.221667
4 0.815000 0.546667 0.106667 0.096667
4 0.896667 0.450000 0.064167 0.021667
4 0.863333 0.528333 0.120833 0.121667
4 0.820000 0.446667 0.121667 0.100000
4 0.395000 0.521667 0.120833 0.030000
4 0.522500 0.513333 0.050000 0.048333
4 0.075000 0.370000 0.150833 0.386667
4 0.517500 0.476667 0.043333 0.101667
4 0.039167 0.538333 0.064167 0.025000
4 0.053333 0.495000 0.106667 0.073333
4 0.368333 0.565000 0.105000 0.131667
4 0.614167 0.480000 0.175833 0.116667
4 0.700000 0.586667 0.045833 0.061667
4 0.680833 0.501667 0.042500 0.048333
2 0.823333 0.635000 0.013333 0.070000
3 0.122500 0.558333 0.017500 0.031667
2 0.438333 0.423333 0.048333 0.043333
2 0.306667 0.466667 0.017500 0.116667
2 0.795000 0.516667 0.034167 0.100000
2 0.617500 0.490000 0.013333 0.070000
3 0.494167 0.503333 0.010000 0.016667
3 0.052500 0.570000 0.010833 0.023333
3 0.528333 0.473333 0.011667 0.020000
3 0.321667 0.541667 0.011667 0.020000
3 0.818333 0.471667 0.014167 0.025000
2 0.774167 0.548333 0.015833 0.068333
2 0.533333 0.565000 0.048333 0.043333
2 0.610833 0.431667 0.029167 0.038333
3 0.400833 0.496667 0.017500 0.031667
2 0.431667 0.560000 0.011667 0.066667
3 0.315833 0.516667 0.010000 0.020000
3 0.630833 0.528333 0.008333 0.016667
2 0.446667 0.556667 0.035000 0.105000
2 0.445000 0.500000 0.013333 0.070000
3 0.129167 0.605000 0.007500 0.018333
3 0.279167 0.478333 0.007500 0.016667
3 0.540000 0.531667 0.014167 0.025000
3 0.375000 0.525000 0.007500 0.015000
2 0.450833 0.441667 0.029167 0.038333
2 0.029167 0.500000 0.059167 0.053333
2 0.245833 0.471667 0.022500 0.023333
3 0.495000 0.460000 0.008333 0.021667
2 0.231667 0.411667 0.035000 0.105000
2 0.316667 0.481667 0.035000 0.105000
3 0.276667 0.575000 0.009167 0.016667
3 0.165833 0.488333 0.010000 0.020000
3 0.370000 0.590000 0.009167 0.023333
3 0.245833 0.586667 0.008333 0.016667
3 0.584167 0.500000 0.010000 0.016667
2 0.551667 0.516667 0.009167 0.031667
3 0.255833 0.536667 0.009167 0.016667
2 0.617500 0.513333 0.035000 0.105000
3 0.614167 0.475000 0.009167 0.015000
2 0.211667 0.516667 0.011667 0.025000
3 0.775000 0.500000 0.008333 0.021667
2 0.508333 0.558333 0.019167 0.046667
3 0.717500 0.505000 0.013333 0.031667
3 0.430833 0.480000 0.007500 0.015000
2 0.434167 0.578333 0.013333 0.070000
2 0.105833 0.533333 0.009167 0.031667
3 0.033333 0.486667 0.015833 0.051667
2 0.596667 0.506667 0.023333 0.041667
2 0.188333 0.448333 0.027500 0.016667
2 0.487500 0.518333 0.030833 0.051667
2 0.722500 0.503333 0.048333 0.043333
3 0.612500 0.588333 0.011667 0.020000
3 0.126667 0.503333 0.009167 0.016667
3 0.681667 0.568333 0.011667 0.020000
3 0.325833 0.531667 0.011667 0.030000
2 0.402500 0.565000 0.022500 0.023333
3 0.220000 0.448333 0.007500 0.018333
2 0.525000 0.553333 0.020833 0.080000
2 0.802500 0.540000 0.027500 0.016667
3 0.603333 0.613333 0.013333 0.031667
2 0.205833 0.518333 0.020000 0.021667
3 0.826667 0.333333 0.007500 0.015000
2 0.151667 0.448333 0.009167 0.040000
3 0.053333 0.551667 0.009167 0.015000
3 0.730833 0.461667 0.007500 0.018333
2 0.100833 0.443333 0.011667 0.025000
2 0.590833 0.486667 0.034167 0.038333
2 0.739167 0.536667 0.023333 0.106667
3 0.593333 0.568333 0.013333 0.031667
2 0.177500 0.483333 0.015833 0.068333
3 0.803333 0.565000 0.010833 0.013333
3 0.616667 0.473333 0.008333 0.021667
2 0.396667 0.600000 0.022500 0.023333
2 0.557500 0.485000 0.034167 0.100000
3 0.564167 0.518333 0.010000 0.020000
3 0.197500 0.575000 0.009167 0.018333
2 0.670000 0.550000 0.010833 0.091667
2 0.627500 0.606667 0.013333 0.070000
2 0.170000 0.570000 0.010833 0.091667
2 0.188333 0.578333 0.034167 0.038333
2 0.116667 0.595000 0.023333 0.041667
3 0.490833 0.440000 0.009167 0.018333
2 0.495833 0.498333 0.021667 0.090000
3 0.670000 0.526667 0.006667 0.018333
3 0.647500 0.563333 0.007500 0.015000
3 0.147500 0.606667 0.013333 0.031667
2 0.239167 0.456667 0.014167 0.015000
2 0.263333 0.608333 0.030833 0.051667
2 0.072500 0.515000 0.022500 0.023333
3 0.190833 0.545000 0.010000 0.016667
3 0.628333 0.528333 0.008333 0.016667
3 0.204167 0.598333 0.009167 0.015000
2 0.415833 0.600000 0.023333 0.106667
2 0.181667 0.578333 0.029167 0.038333
2 0.730000 0.586667 0.022500 0.023333
3 0.244167 0.440000 0.008333 0.016667
3 0.478333 0.430000 0.013333 0.031667
2 0.115833 0.488333 0.017500 0.116667
3 0.153333 0.438333 0.013333 0.015000
2 0.366667 0.510000 0.048333 0.025000
2 0.094167 0.450000 0.045833 0.021667
2 0.071667 0.551667 0.009167 0.031667
2 0.319167 0.333333 0.030833 0.051667
3 0.390833 0.381667 0.009167 0.016667
2 0.531667 0.648333 0.034167 0.100000
3 0.546667 0.643333 0.007500 0.015000
3 0.455000 0.298333 0.007500 0.018333
3 0.335833 0.228333 0.007500 0.015000
2 0.481667 0.273333 0.020000 0.021667
3 0.541667 0.341667 0.009167 0.016667
2 0.718333 0.403333 0.035000 0.105000
3 0.727500 0.723333 0.008333 0.016667
3 0.560000 0.655000 0.008333 0.016667
2 0.486667 0.256667 0.010000 0.031667
3 0.295000 0.285000 0.009167 0.016667
2 0.597500 0.740000 0.023333 0.041667
3 0.650000 0.625000 0.007500 0.018333
3 0.487500 0.786667 0.011667 0.030000
2 0.455833 0.810000 0.009167 0.031667
3 0.395000 0.345000 0.013333 0.015000
2 0.497500 0.338333 0.030833 0.051667
3 0.570833 0.671667 0.006667 0.018333
2 0.785000 0.385000 0.010833 0.091667
2 0.679167 0.396667 0.034167 0.100000
3 0.682500 0.641667 0.008333 0.016667
2 0.756667 0.330000 0.010000 0.031667
2 0.275833 0.743333 0.020000 0.021667
3 0.775833 0.611667 0.015833 0.051667
3 0.673333 0.718333 0.015833 0.051667
3 0.799167 0.375000 0.009167 0.023333
2 0.533333 0.643333 0.035000 0.105000
3 0.800833 0.376667 0.011667 0.030000
3 0.600833 0.743333 0.010833 0.013333
3 0.361667 0.398333 0.009167 0.016667
2 0.716667 0.405000 0.034167 0.100000
2 0.738333 0.743333 0.014167 0.015000
3 0.735833 0.680000 0.014167 0.025000
3 0.454167 0.390000 0.007500 0.015000
3 0.413333 0.398333 0.008333 0.016667
3 0.481667 0.191667 0.009167 0.016667
3 0.572500 0.756667 0.010000 0.020000
2 0.231667 0.395000 0.048333 0.025000
2 0.555833 0.805000 0.034167 0.100000
3 0.423333 0.683333 0.007500 0.015000
3 0.250000 0.650000 0.009167 0.016667
3 0.694167 0.631667 0.009167 0.016667
2 0.455000 0.320000 0.048333 0.043333
3 0.730833 0.446667 0.009167 0.023333
2 0.332500 0.398333 0.021667 0.090000
3 0.475000 0.325000 0.007500 0.015000
3 0.480833 0.648333 0.011667 0.020000
2 0.600833 0.295000 0.020833 0.080000
3 0.719167 0.640000 0.007500 0.018333
3 0.781667 0.646667 0.007500 0.015000
3 0.758333 0.385000 0.010833 0.013333
2 0.501667 0.618333 0.035000 0.105000
2 0.775833 0.403333 0.021667 0.090000
3 0.568333 0.296667 0.007500 0.018333
3 0.830833 0.408333 0.008333 0.016667
3 0.393333 0.695000 0.008333 0.021667
2 0.596667 0.615000 0.020833 0.080000
2 0.750000 0.305000 0.020833 0.028333
3 0.734167 0.720000 0.009167 0.016667
2 0.660000 0.378333 0.021667 0.090000
2 0.770833 0.663333 0.023333 0.041667
3 0.159167 0.411667 0.008333 0.016667
3 0.368333 0.433333 0.007500 0.018333
2 0.787500 0.455000 0.020833 0.080000
2 0.629167 0.403333 0.034167 0.100000
3 0.432500 0.745000 0.008333 0.016667
3 0.748333 0.623333 0.009167 0.023333
3 0.807500 0.433333 0.007500 0.018333
3 0.347500 0.346667 0.010833 0.013333
2 0.290833 0.375000 0.023333 0.106667
2 0.758333 0.385000 0.020833 0.028333
2 0.475000 0.365000 0.010000 0.031667
2 0.500000 0.730000 0.029167 0.038333
3 0.255000 0.388333 0.010833 0.013333
2 0.216667 0.356667 0.026667 0.035000
2 0.692500 0.666667 0.017500 0.116667
2 0.445833 0.908333 0.034167 0.100000
2 0.476667 0.398333 0.030833 0.051667
2 0.515000 0.660000 0.017500 0.116667
2 0.352500 0.641667 0.014167 0.015000
2 0.666667 0.608333 0.035000 0.105000
3 0.765000 0.393333 0.008333 0.016667
2 0.716667 0.701667 0.030833 0.051667
2 0.449167 0.350000 0.015833 0.068333
3 0.813333 0.390000 0.010833 0.013333
2 0.505833 0.390000 0.048333 0.043333
2 0.775833 0.588333 0.011667 0.025000
3 0.152500 0.673333 0.007500 0.018333
2 0.555000 0.440000 0.023333 0.106667
2 0.728333 0.705000 0.035000 0.105000
3 0.450000 0.838333 0.015833 0.051667
2 0.346667 0.653333 0.097500 0.053333
3 0.753333 0.421667 0.009167 0.023333
3 0.705833 0.336667 0.013333 0.015000
2 0.776667 0.588333 0.011667 0.066667
2 0.679167 0.685000 0.034167 0.100000
3 0.334167 0.756667 0.008333 0.016667
2 0.764167 0.435000 0.020833 0.080000
3 0.695833 0.711667 0.010000 0.020000
3 0.474167 0.795000 0.009167 0.016667
3 0.754167 0.310000 0.010000 0.020000
2 0.602500 0.655000 0.009167 0.031667
2 0.592500 0.748333 0.022500 0.023333
3 0.406667 0.678333 0.010833 0.023333
2 0.504167 0.730000 0.020833 0.028333
2 0.675000 0.326667 0.009167 0.040000
2 0.614167 0.286667 0.035000 0.105000
3 0.666667 0.406667 0.007500 0.015000
2 0.426667 0.133333 0.045833 0.021667
3 0.331667 0.406667 0.007500 0.015000
2 0.350000 0.626667 0.020833 0.080000
3 0.550000 0.420000 0.010000 0.020000
3 0.530833 0.651667 0.008333 0.016667
2 0.192500 0.381667 0.011667 0.066667
2 0.343333 0.241667 0.009167 0.031667
3 0.159167 0.411667 0.007500 0.018333
2 0.410000 0.356667 0.035000 0.105000
3 0.270833 0.398333 0.017500 0.031667
3 0.302500 0.408333 0.010000 0.016667
3 0.320833 0.650000 0.009167 0.016667
3 0.535833 0.735000 0.008333 0.016667
3 0.295000 0.710000 0.007500 0.015000
2 0.793333 0.706667 0.011667 0.025000
2 0.778333 0.358333 0.015833 0.068333
3 0.801667 0.423333 0.011667 0.030000
3 0.495833 0.343333 0.007500 0.018333
3 0.495833 0.715000 0.007500 0.015000
3 0.684167 0.640000 0.008333 0.021667
2 0.803333 0.355000 0.009167 0.031667
2 0.318333 0.335000 0.015833 0.068333
2 0.242500 0.388333 0.048333 0.043333
2 0.722500 0.433333 0.010000 0.031667
3 0.500000 0.343333 0.009167 0.018333
3 0.580833 0.758333 0.007500 0.015000
2 0.338333 0.295000 0.029167 0.038333
3 0.656667 0.375000 0.011667 0.030000
3 0.332500 0.731667 0.009167 0.018333
3 0.816667 0.621667 0.009167 0.016667
2 0.628333 0.383333 0.048333 0.025000
3 0.730000 0.610000 0.008333 0.016667
2 0.473333 0.775000 0.011667 0.066667
2 0.668333 0.378333 0.026667 0.035000
2 0.600000 0.348333 0.023333 0.106667
2 0.348333 0.285000 0.009167 0.040000
2 0.643333 0.615000 0.058333 0.076667
3 0.540000 0.721667 0.009167 0.015000
2 0.457500 0.148333 0.026667 0.035000
3 0.539167 0.678333 0.010000 0.016667
2 0.314167 0.680000 0.029167 0.038333
2 0.502500 0.820000 0.020000 0.021667
3 0.765833 0.366667 0.017500 0.031667
2 0.685833 0.590000 0.035000 0.105000
2 0.269167 0.363333 0.020833 0.080000
3 0.677500 0.341667 0.013333 0.031667
3 0.480000 0.638333 0.010000 0.016667
2 0.572500 0.618333 0.045833 0.021667
2 0.770000 0.623333 0.058333 0.076667
3 0.341667 0.845000 0.010833 0.013333
3 0.726667 0.346667 0.008333 0.016667
3 0.193333 0.401667 0.010000 0.020000
3 0.265833 0.693333 0.017500 0.031667
3 0.692500 0.661667 0.010833 0.013333
3 0.658333 0.391667 0.015833 0.051667
2 0.640833 0.413333 0.020833 0.028333
3 0.608333 0.348333 0.009167 0.018333
2 0.618333 0.393333 0.020833 0.080000
2 0.714167 0.361667 0.011667 0.025000
3 0.422500 0.750000 0.009167 0.015000
2 0.422500 0.761667 0.023333 0.041667
3 0.486667 0.275000 0.010000 0.020000
2 0.330833 0.755000 0.014167 0.015000
3 0.690833 0.630000 0.008333 0.021667
2 0.293333 0.860000 0.014167 0.015000
3 0.573333 0.620000 0.009167 0.023333
3 0.156667 0.616667 0.007500 0.015000
3 0.459167 0.400000 0.010833 0.013333
3 0.685833 0.358333 0.008333 0.016667
2 0.703333 0.656667 0.030833 0.051667
3 0.732500 0.618333 0.010000 0.020000
2 0.804167 0.601667 0.015833 0.068333
3 0.501667 0.326667 0.014167 0.025000
2 0.310833 0.686667 0.035000 0.105000
3 0.594167 0.160000 0.008333 0.016667
2 0.701667 0.726667 0.014167 0.015000
2 0.266667 0.301667 0.030833 0.051667
3 0.307500 0.295000 0.009167 0.016667
3 0.535833 0.741667 0.015833 0.051667
2 0.665833 0.388333 0.020833 0.080000
3 0.808333 0.406667 0.017500 0.031667
3 0.295000 0.680000 0.009167 0.016667
3 0.457500 0.663333 0.014167 0.025000
3 0.435833 0.693333 0.009167 0.016667
3 0.305000 0.788333 0.010833 0.023333
2 0.695000 0.350000 0.022500 0.023333
3 0.645833 0.330000 0.008333 0.021667
3 0.736667 0.336667 0.011667 0.030000
