4 0.858333 0.425000 0.033333 0.053333
4 0.799167 0.385000 0.119167 0.210000
4 0.820833 0.373333 0.110000 0.238333
4 0.830000 0.558333 0.165833 0.045000
4 0.805833 0.638333 0.070833 0.033333
4 0.842500 0.558333 0.125833 0.188333
4 0.898333 0.418333 0.051667 0.035000
4 0.847500 0.441667 0.050000 0.036667
4 0.810833 0.498333 0.072500 0.065000
4 0.858333 0.576667 0.065833 0.043333
4 0.101667 0.560000 0.094167 0.121667
4 0.104167 0.531667 0.110833 0.100000
4 0.215000 0.490000 0.043333 0.045000
4 0.455000 0.483333 0.060833 0.093333
4 0.768333 0.541667 0.065000 0.026667
4 0.048333 0.490000 0.058333 0.038333
4 0.479167 0.475000 0.039167 0.065000
4 0.122500 0.565000 0.055000 0.028333
4 0.390833 0.515000 0.312500 0.075000
4 0.038333 0.578333 0.076667 0.155000
2 0.660833 0.515000 0.013333 0.070000
2 0.827500 0.325000 0.009167 0.040000
2 0.285833 0.506667 0.011667 0.066667
3 0.312500 0.570000 0.006667 0.018333
3 0.129167 0.491667 0.007500 0.015000
2 0.799167 0.478333 0.058333 0.076667
3 0.406667 0.571667 0.008333 0.021667
3 0.431667 0.611667 0.007500 0.015000
3 0.736667 0.508333 0.013333 0.015000
3 0.725000 0.576667 0.009167 0.018333
2 0.463333 0.495000 0.009167 0.031667
2 0.406667 0.526667 0.020000 0.021667
3 0.827500 0.511667 0.008333 0.016667
2 0.613333 0.615000 0.023333 0.106667
3 0.657500 0.540000 0.007500 0.015000
2 0.297500 0.515000 0.022500 0.023333
2 0.321667 0.531667 0.010000 0.031667
2 0.450000 0.558333 0.020833 0.080000
3 0.394167 0.556667 0.006667 0.018333
3 0.353333 0.555000 0.008333 0.016667
3 0.462500 0.441667 0.008333 0.016667
2 0.480000 0.398333 0.020833 0.080000
2 0.670000 0.505000 0.019167 0.046667
3 0.828333 0.576667 0.009167 0.016667
3 0.674167 0.586667 0.011667 0.030000
2 0.320000 0.610000 0.010833 0.091667
3 0.070833 0.546667 0.010000 0.016667
3 0.810833 0.578333 0.015833 0.051667
2 0.759167 0.518333 0.097500 0.053333
3 0.641667 0.535000 0.007500 0.018333
2 0.704167 0.511667 0.014167 0.015000
2 0.728333 0.538333 0.022500 0.023333
3 0.468333 0.531667 0.010000 0.016667
3 0.690000 0.515000 0.015833 0.051667
3 0.435833 0.516667 0.009167 0.015000
2 0.738333 0.548333 0.009167 0.040000
3 0.627500 0.580000 0.009167 0.023333
3 0.332500 0.556667 0.011667 0.030000
3 0.745833 0.555000 0.008333 0.021667
2 0.075833 0.541667 0.058333 0.076667
3 0.820833 0.608333 0.009167 0.016667
3 0.293333 0.453333 0.013333 0.015000
3 0.694167 0.595000 0.009167 0.015000
2 0.147500 0.585000 0.048333 0.043333
3 0.519167 0.483333 0.009167 0.015000
3 0.462500 0.550000 0.010833 0.023333
3 0.543333 0.491667 0.011667 0.020000
3 0.444167 0.546667 0.014167 0.025000
3 0.674167 0.528333 0.009167 0.018333
3 0.467500 0.470000 0.008333 0.016667
2 0.072500 0.461667 0.027500 0.016667
3 0.500833 0.461667 0.015833 0.051667
2 0.732500 0.503333 0.010000 0.031667
3 0.483333 0.596667 0.011667 0.030000
3 0.510000 0.463333 0.007500 0.018333
3 0.793333 0.461667 0.009167 0.018333
2 0.449167 0.470000 0.017500 0.116667
3 0.661667 0.530000 0.009167 0.015000
2 0.179167 0.498333 0.034167 0.100000
2 0.422500 0.538333 0.020833 0.080000
3 0.468333 0.493333 0.014167 0.025000
3 0.273333 0.533333 0.017500 0.031667
2 0.443333 0.473333 0.010000 0.031667
3 0.784167 0.488333 0.006667 0.018333
2 0.648333 0.495000 0.020833 0.028333
3 0.741667 0.561667 0.015833 0.051667
3 0.540833 0.595000 0.015833 0.051667
2 0.155000 0.591667 0.023333 0.041667
2 0.483333 0.486667 0.034167 0.100000
2 0.298333 0.525000 0.011667 0.025000
2 0.182500 0.436667 0.029167 0.038333
2 0.674167 0.586667 0.023333 0.106667
3 0.280000 0.488333 0.008333 0.016667
3 0.580833 0.473333 0.013333 0.015000
3 0.306667 0.468333 0.006667 0.018333
2 0.580000 0.535000 0.015833 0.068333
3 0.794167 0.570000 0.010000 0.020000
3 0.435000 0.461667 0.014167 0.025000
2 0.021667 0.435000 0.043333 0.076667
3 0.756667 0.568333 0.011667 0.030000
2 0.153333 0.620000 0.021667 0.090000
2 0.566667 0.610000 0.020833 0.080000
2 0.084167 0.553333 0.009167 0.040000
3 0.674167 0.473333 0.009167 0.015000
3 0.235833 0.510000 0.007500 0.018333
3 0.817500 0.501667 0.008333 0.016667
3 0.490000 0.545000 0.008333 0.016667
2 0.818333 0.510000 0.020833 0.080000
2 0.035833 0.493333 0.022500 0.023333
2 0.689167 0.608333 0.013333 0.070000
3 0.637500 0.563333 0.010000 0.020000
2 0.109167 0.428333 0.097500 0.053333
2 0.520000 0.535000 0.023333 0.041667
3 0.280833 0.511667 0.013333 0.031667
3 0.355833 0.456667 0.009167 0.016667
3 0.727500 0.545000 0.009167 0.016667
3 0.365000 0.546667 0.007500 0.015000
2 0.389167 0.506667 0.058333 0.076667
3 0.395833 0.510000 0.009167 0.016667
3 0.074167 0.516667 0.007500 0.015000
2 0.417500 0.526667 0.048333 0.025000
2 0.793333 0.445000 0.019167 0.046667
3 0.697500 0.618333 0.007500 0.015000
3 0.275000 0.761667 0.011667 0.020000
2 0.756667 0.638333 0.030833 0.051667
2 0.756667 0.371667 0.020833 0.080000
3 0.580833 0.645000 0.008333 0.016667
3 0.605833 0.313333 0.011667 0.020000
2 0.687500 0.748333 0.017500 0.116667
2 0.712500 0.360000 0.020833 0.028333
3 0.572500 0.756667 0.009167 0.018333
3 0.515000 0.748333 0.009167 0.018333
2 0.303333 0.386667 0.015833 0.068333
2 0.700833 0.413333 0.015833 0.068333
2 0.775833 0.378333 0.027500 0.016667
2 0.430833 0.341667 0.020833 0.080000
3 0.690000 0.683333 0.017500 0.031667
2 0.718333 0.470000 0.034167 0.100000
2 0.322500 0.723333 0.029167 0.038333
2 0.669167 0.366667 0.029167 0.038333
3 0.606667 0.328333 0.009167 0.023333
3 0.310833 0.391667 0.015833 0.051667
2 0.318333 0.231667 0.035000 0.105000
3 0.420000 0.673333 0.009167 0.016667
2 0.150833 0.666667 0.011667 0.025000
2 0.765000 0.681667 0.029167 0.038333
3 0.476667 0.745000 0.010833 0.023333
3 0.777500 0.701667 0.007500 0.015000
3 0.450833 0.283333 0.008333 0.016667
3 0.719167 0.781667 0.017500 0.031667
2 0.249167 0.656667 0.035000 0.105000
3 0.464167 0.136667 0.013333 0.015000
2 0.684167 0.621667 0.023333 0.041667
3 0.726667 0.613333 0.007500 0.015000
2 0.659167 0.380000 0.010000 0.031667
2 0.641667 0.371667 0.020833 0.028333
2 0.702500 0.318333 0.017500 0.116667
3 0.176667 0.388333 0.007500 0.015000
3 0.246667 0.678333 0.013333 0.031667
2 0.767500 0.721667 0.026667 0.035000
2 0.381667 0.761667 0.029167 0.038333
2 0.320833 0.291667 0.035000 0.105000
2 0.295833 0.283333 0.097500 0.053333
2 0.566667 0.625000 0.023333 0.041667
3 0.558333 0.440000 0.015833 0.051667
2 0.646667 0.646667 0.026667 0.035000
2 0.769167 0.325000 0.011667 0.066667
3 0.526667 0.263333 0.009167 0.016667
2 0.392500 0.686667 0.009167 0.040000
2 0.743333 0.703333 0.014167 0.015000
3 0.811667 0.421667 0.010833 0.023333
2 0.680833 0.771667 0.058333 0.076667
3 0.735833 0.655000 0.010000 0.020000
3 0.662500 0.415000 0.008333 0.016667
3 0.726667 0.640000 0.009167 0.016667
2 0.777500 0.376667 0.097500 0.053333
3 0.670833 0.661667 0.010833 0.023333
2 0.385833 0.753333 0.014167 0.015000
2 0.746667 0.586667 0.009167 0.040000
2 0.730833 0.700000 0.023333 0.041667
3 0.168333 0.390000 0.009167 0.015000
2 0.378333 0.361667 0.027500 0.016667
3 0.741667 0.745000 0.007500 0.018333
2 0.286667 0.260000 0.010000 0.031667
3 0.725833 0.436667 0.009167 0.016667
2 0.684167 0.390000 0.034167 0.100000
2 0.787500 0.721667 0.023333 0.041667
2 0.693333 0.268333 0.020833 0.080000
2 0.640833 0.305000 0.020833 0.080000
2 0.660833 0.641667 0.045833 0.021667
2 0.385833 0.385000 0.022500 0.023333
2 0.403333 0.350000 0.048333 0.025000
2 0.749167 0.643333 0.020000 0.021667
2 0.516667 0.388333 0.048333 0.025000
3 0.282500 0.710000 0.009167 0.018333
2 0.648333 0.695000 0.013333 0.070000
3 0.347500 0.666667 0.017500 0.031667
3 0.475000 0.820000 0.011667 0.030000
3 0.789167 0.395000 0.010833 0.023333
3 0.289167 0.771667 0.015833 0.051667
2 0.722500 0.665000 0.019167 0.046667
3 0.748333 0.623333 0.009167 0.023333
3 0.337500 0.863333 0.011667 0.020000
2 0.283333 0.803333 0.020000 0.021667
2 0.792500 0.460000 0.010833 0.091667
2 0.689167 0.333333 0.034167 0.038333
2 0.736667 0.601667 0.035000 0.105000
3 0.748333 0.445000 0.009167 0.015000
3 0.541667 0.696667 0.009167 0.016667
3 0.595000 0.716667 0.015833 0.051667
3 0.480000 0.295000 0.008333 0.016667
2 0.550000 0.370000 0.011667 0.066667
2 0.770833 0.348333 0.058333 0.076667
3 0.414167 0.780000 0.007500 0.015000
2 0.670833 0.391667 0.020000 0.021667
3 0.758333 0.393333 0.011667 0.030000
2 0.369167 0.356667 0.029167 0.038333
2 0.512500 0.350000 0.034167 0.038333
2 0.687500 0.378333 0.020833 0.028333
2 0.370000 0.803333 0.023333 0.106667
2 0.380833 0.665000 0.020833 0.080000
3 0.240000 0.368333 0.009167 0.015000
3 0.715833 0.373333 0.008333 0.021667
3 0.554167 0.226667 0.007500 0.015000
3 0.471667 0.318333 0.014167 0.025000
3 0.727500 0.601667 0.009167 0.016667
2 0.226667 0.418333 0.020833 0.080000
3 0.737500 0.333333 0.009167 0.016667
2 0.296667 0.378333 0.020833 0.080000
3 0.684167 0.395000 0.010000 0.020000
3 0.414167 0.846667 0.009167 0.016667
3 0.669167 0.366667 0.011667 0.030000
2 0.666667 0.653333 0.009167 0.040000
2 0.637500 0.380000 0.026667 0.035000
2 0.260000 0.271667 0.097500 0.053333
2 0.535000 0.243333 0.020833 0.028333
2 0.772500 0.728333 0.021667 0.090000
2 0.560833 0.655000 0.034167 0.038333
2 0.276667 0.741667 0.020833 0.080000
2 0.785000 0.390000 0.011667 0.025000
3 0.775000 0.353333 0.008333 0.016667
2 0.712500 0.605000 0.029167 0.038333
3 0.680833 0.640000 0.015833 0.051667
3 0.685000 0.378333 0.009167 0.016667
3 0.327500 0.236667 0.010000 0.016667
3 0.781667 0.370000 0.010000 0.020000
2 0.470833 0.158333 0.010833 0.091667
3 0.364167 0.615000 0.013333 0.015000
3 0.459167 0.671667 0.011667 0.020000
3 0.504167 0.333333 0.009167 0.016667
3 0.579167 0.653333 0.009167 0.016667
3 0.642500 0.408333 0.015833 0.051667
2 0.649167 0.695000 0.027500 0.016667
3 0.575833 0.618333 0.008333 0.016667
2 0.704167 0.430000 0.020000 0.021667
2 0.649167 0.383333 0.011667 0.025000
2 0.475833 0.160000 0.020833 0.080000
2 0.704167 0.443333 0.021667 0.090000
2 0.555000 0.690000 0.009167 0.031667
3 0.511667 0.355000 0.008333 0.016667
3 0.554167 0.225000 0.007500 0.015000
2 0.673333 0.701667 0.034167 0.038333
3 0.692500 0.750000 0.007500 0.015000
2 0.546667 0.231667 0.017500 0.116667
3 0.715833 0.633333 0.014167 0.025000
3 0.760000 0.610000 0.009167 0.016667
2 0.649167 0.411667 0.023333 0.106667
2 0.270833 0.268333 0.048333 0.043333
3 0.659167 0.448333 0.013333 0.031667
3 0.625833 0.345000 0.015833 0.051667
3 0.560000 0.668333 0.008333 0.016667
3 0.340833 0.651667 0.008333 0.016667
3 0.522500 0.671667 0.006667 0.018333
2 0.438333 0.148333 0.023333 0.106667
3 0.688333 0.385000 0.007500 0.018333
3 0.295000 0.283333 0.010000 0.020000
2 0.592500 0.650000 0.097500 0.053333
3 0.625833 0.365000 0.007500 0.015000
3 0.779167 0.736667 0.008333 0.016667
3 0.830833 0.406667 0.008333 0.016667
2 0.247500 0.648333 0.014167 0.015000
2 0.455833 0.745000 0.030833 0.051667
3 0.434167 0.403333 0.011667 0.030000
2 0.770833 0.621667 0.020833 0.080000
2 0.329167 0.853333 0.020833 0.028333
3 0.402500 0.798333 0.013333 0.031667
3 0.510833 0.740000 0.007500 0.018333
2 0.640000 0.588333 0.020833 0.080000
3 0.700000 0.378333 0.006667 0.018333
2 0.262500 0.341667 0.027500 0.016667
2 0.732500 0.690000 0.020833 0.080000
3 0.773333 0.353333 0.017500 0.031667
2 0.665000 0.400000 0.009167 0.040000
2 0.497500 0.781667 0.027500 0.016667
2 0.771667 0.708333 0.023333 0.106667
2 0.360000 0.360000 0.048333 0.043333
3 0.499167 0.258333 0.006667 0.018333
3 0.717500 0.641667 0.010833 0.023333
2 0.723333 0.758333 0.009167 0.040000
3 0.535833 0.418333 0.010833 0.013333
3 0.327500 0.395000 0.008333 0.021667
2 0.379167 0.360000 0.015833 0.068333
2 0.350833 0.416667 0.030833 0.051667
2 0.540833 0.626667 0.019167 0.046667
2 0.531667 0.383333 0.009167 0.031667
3 0.295833 0.348333 0.015833 0.051667
2 0.637500 0.641667 0.015833 0.068333
2 0.605833 0.376667 0.010833 0.091667
2 0.704167 0.616667 0.019167 0.046667
2 0.689167 0.756667 0.021667 0.090000
3 0.565000 0.443333 0.007500 0.018333
3 0.274167 0.825000 0.011667 0.030000
3 0.302500 0.406667 0.009167 0.015000
3 0.352500 0.611667 0.007500 0.015000
3 0.801667 0.328333 0.014167 0.025000
2 0.625000 0.640000 0.020000 0.021667
3 0.452500 0.226667 0.017500 0.031667
3 0.704167 0.328333 0.009167 0.023333
3 0.638333 0.388333 0.007500 0.016667
2 0.769167 0.415000 0.026667 0.035000
