4 0.794167 0.393333 0.155000 0.243333
4 0.844167 0.688333 0.070000 0.168333
4 0.850833 0.508333 0.137500 0.060000
4 0.911667 0.553333 0.035833 0.095000
4 0.782500 0.433333 0.143333 0.060000
4 0.876667 0.515000 0.081667 0.038333
4 0.785000 0.595000 0.130833 0.150000
4 0.852500 0.728333 0.095000 0.186667
4 0.848333 0.553333 0.065000 0.065000
4 0.848333 0.400000 0.046667 0.086667
4 0.721667 0.618333 0.199167 0.155000
4 0.235000 0.568333 0.050833 0.145000
4 0.401667 0.385000 0.202500 0.281667
4 0.512500 0.511667 0.054167 0.056667
4 0.160833 0.541667 0.075000 0.046667
4 0.782500 0.535000 0.064167 0.053333
4 0.067500 0.518333 0.118333 0.098333
4 0.322500 0.576667 0.082500 0.125000
4 0.409167 0.581667 0.145000 0.081667
4 0.627500 0.436667 0.142500 0.193333
2 0.099167 0.528333 0.097500 0.053333
3 0.189167 0.435000 0.014167 0.025000
2 0.630833 0.476667 0.011667 0.025000
2 0.460833 0.476667 0.023333 0.041667
3 0.550000 0.590000 0.008333 0.016667
2 0.475833 0.453333 0.019167 0.046667
2 0.228333 0.446667 0.011667 0.025000
3 0.639167 0.526667 0.007500 0.016667
2 0.793333 0.500000 0.058333 0.076667
2 0.171667 0.545000 0.058333 0.076667
3 0.790833 0.441667 0.011667 0.030000
2 0.804167 0.558333 0.011667 0.025000
3 0.653333 0.588333 0.008333 0.016667
3 0.794167 0.435000 0.010000 0.016667
3 0.222500 0.470000 0.008333 0.016667
2 0.240000 0.525000 0.020833 0.080000
3 0.230000 0.453333 0.010833 0.013333
3 0.500000 0.440000 0.014167 0.025000
3 0.082500 0.506667 0.014167 0.025000
3 0.688333 0.483333 0.007500 0.016667
3 0.410000 0.538333 0.014167 0.025000
3 0.064167 0.545000 0.011667 0.020000
2 0.352500 0.555000 0.019167 0.046667
3 0.459167 0.581667 0.009167 0.016667
3 0.259167 0.505000 0.013333 0.031667
2 0.370000 0.471667 0.026667 0.035000
2 0.012500 0.515000 0.025833 0.038333
3 0.809167 0.476667 0.008333 0.016667
2 0.784167 0.520000 0.020000 0.021667
2 0.658333 0.595000 0.026667 0.035000
3 0.475000 0.530000 0.007500 0.015000
3 0.290000 0.556667 0.007500 0.018333
3 0.205833 0.451667 0.013333 0.031667
3 0.374167 0.560000 0.008333 0.016667
3 0.808333 0.453333 0.009167 0.018333
2 0.322500 0.500000 0.034167 0.100000
3 0.790833 0.523333 0.009167 0.023333
2 0.250000 0.535000 0.009167 0.031667
2 0.147500 0.525000 0.058333 0.076667
3 0.103333 0.533333 0.007500 0.015000
3 0.721667 0.515000 0.010000 0.020000
3 0.418333 0.501667 0.007500 0.015000
3 0.232500 0.528333 0.015833 0.051667
3 0.487500 0.526667 0.017500 0.031667
2 0.584167 0.543333 0.013333 0.070000
2 0.765833 0.581667 0.010833 0.091667
2 0.686667 0.573333 0.048333 0.025000
2 0.347500 0.553333 0.048333 0.043333
3 0.077500 0.543333 0.007500 0.018333
3 0.155833 0.538333 0.007500 0.018333
2 0.814167 0.513333 0.035000 0.105000
2 0.058333 0.540000 0.097500 0.053333
3 0.773333 0.565000 0.013333 0.015000
3 0.650000 0.503333 0.010000 0.020000
2 0.240833 0.456667 0.015833 0.068333
3 0.787500 0.468333 0.006667 0.018333
2 0.708333 0.520000 0.013333 0.070000
3 0.590000 0.563333 0.009167 0.016667
3 0.435833 0.606667 0.009167 0.023333
3 0.282500 0.566667 0.009167 0.016667
2 0.434167 0.581667 0.023333 0.106667
2 0.395833 0.438333 0.034167 0.038333
2 0.512500 0.511667 0.013333 0.070000
2 0.778333 0.495000 0.027500 0.016667
2 0.625833 0.520000 0.030833 0.051667
3 0.610833 0.496667 0.009167 0.015000
3 0.328333 0.586667 0.007500 0.015000
3 0.362500 0.513333 0.010833 0.023333
2 0.422500 0.456667 0.048333 0.043333
3 0.188333 0.558333 0.007500 0.015000
2 0.445833 0.608333 0.010833 0.091667
3 0.676667 0.478333 0.013333 0.015000
2 0.145833 0.493333 0.020833 0.080000
2 0.640000 0.508333 0.019167 0.046667
2 0.545000 0.578333 0.010833 0.091667
3 0.193333 0.536667 0.017500 0.031667
3 0.687500 0.511667 0.008333 0.016667
3 0.039167 0.566667 0.007500 0.018333
3 0.435833 0.486667 0.009167 0.016667
3 0.481667 0.595000 0.010000 0.016667
3 0.053333 0.463333 0.009167 0.018333
3 0.553333 0.553333 0.013333 0.015000
2 0.692500 0.591667 0.021667 0.090000
3 0.560833 0.511667 0.014167 0.025000
2 0.129167 0.451667 0.011667 0.025000
2 0.092500 0.551667 0.015833 0.068333
2 0.787500 0.530000 0.019167 0.046667
2 0.063333 0.498333 0.020833 0.080000
2 0.540833 0.471667 0.026667 0.035000
3 0.505833 0.468333 0.009167 0.016667
3 0.086667 0.501667 0.009167 0.018333
2 0.490000 0.481667 0.023333 0.041667
3 0.366667 0.488333 0.009167 0.023333
2 0.065000 0.486667 0.034167 0.100000
3 0.257500 0.556667 0.009167 0.023333
2 0.388333 0.530000 0.034167 0.038333
2 0.468333 0.613333 0.013333 0.070000
2 0.343333 0.460000 0.034167 0.038333
3 0.253333 0.526667 0.010833 0.023333
2 0.123333 0.575000 0.027500 0.016667
3 0.478333 0.458333 0.007500 0.015000
2 0.084167 0.546667 0.027500 0.016667
2 0.740000 0.420000 0.026667 0.035000
2 0.373333 0.708333 0.048333 0.025000
3 0.229167 0.663333 0.006667 0.018333
3 0.665833 0.351667 0.009167 0.016667
2 0.705833 0.418333 0.014167 0.015000
2 0.681667 0.298333 0.020833 0.080000
2 0.617500 0.386667 0.017500 0.116667
3 0.201667 0.660000 0.009167 0.016667
3 0.643333 0.368333 0.011667 0.030000
3 0.727500 0.448333 0.007500 0.018333
3 0.430833 0.733333 0.015833 0.051667
2 0.676667 0.691667 0.009167 0.040000
3 0.329167 0.345000 0.008333 0.021667
2 0.225833 0.410000 0.030833 0.051667
3 0.708333 0.998333 0.013333 0.001667
3 0.345000 0.390000 0.013333 0.031667
2 0.674167 0.395000 0.017500 0.116667
2 0.773333 0.458333 0.026667 0.035000
2 0.329167 0.736667 0.013333 0.070000
2 0.678333 0.678333 0.009167 0.031667
3 0.593333 0.746667 0.010833 0.013333
3 0.583333 0.753333 0.008333 0.016667
3 0.765833 0.688333 0.014167 0.025000
2 0.240000 0.415000 0.013333 0.070000
3 0.782500 0.685000 0.010833 0.023333
3 0.711667 0.345000 0.007500 0.016667
2 0.652500 0.413333 0.023333 0.106667
2 0.635000 0.375000 0.029167 0.038333
3 0.156667 0.616667 0.007500 0.015000
3 0.390000 0.383333 0.011667 0.020000
3 0.785833 0.603333 0.010000 0.020000
3 0.710000 0.628333 0.007500 0.018333
3 0.348333 0.351667 0.009167 0.016667
2 0.648333 0.385000 0.020833 0.080000
3 0.679167 0.375000 0.009167 0.018333
3 0.670000 0.641667 0.009167 0.016667
2 0.538333 0.265000 0.020833 0.080000
2 0.749167 0.321667 0.022500 0.023333
3 0.754167 0.650000 0.008333 0.016667
2 0.461667 0.786667 0.034167 0.038333
2 0.238333 0.383333 0.023333 0.106667
3 0.758333 0.363333 0.009167 0.018333
3 0.714167 0.306667 0.009167 0.016667
3 0.792500 0.726667 0.008333 0.016667
2 0.461667 0.775000 0.020833 0.028333
3 0.706667 0.321667 0.010000 0.020000
2 0.415833 0.225000 0.023333 0.106667
3 0.664167 0.678333 0.010833 0.023333
2 0.734167 0.691667 0.034167 0.038333
3 0.245833 0.376667 0.008333 0.016667
2 0.515833 0.403333 0.045833 0.021667
2 0.700833 0.998333 0.027500 0.001667
3 0.436667 0.655000 0.013333 0.015000
2 0.461667 0.670000 0.009167 0.031667
3 0.465833 0.876667 0.007500 0.016667
3 0.740000 0.276667 0.014167 0.025000
3 0.675000 0.256667 0.009167 0.018333
3 0.282500 0.640000 0.007500 0.018333
2 0.669167 0.655000 0.013333 0.070000
3 0.675833 0.256667 0.008333 0.016667
2 0.712500 0.375000 0.027500 0.016667
2 0.519167 0.403333 0.014167 0.015000
2 0.723333 0.343333 0.014167 0.015000
3 0.239167 0.816667 0.010000 0.020000
3 0.767500 0.650000 0.009167 0.023333
3 0.465833 0.876667 0.008333 0.016667
2 0.813333 0.611667 0.009167 0.040000
3 0.480000 0.296667 0.007500 0.018333
2 0.754167 0.598333 0.010000 0.031667
3 0.545833 0.713333 0.017500 0.031667
2 0.343333 0.678333 0.013333 0.070000
3 0.670000 0.640000 0.009167 0.018333
3 0.685833 0.330000 0.007500 0.015000
2 0.780000 0.656667 0.020833 0.080000
2 0.675833 0.671667 0.020833 0.080000
3 0.667500 0.340000 0.007500 0.015000
2 0.711667 0.613333 0.017500 0.116667
2 0.526667 0.356667 0.019167 0.046667
2 0.707500 0.660000 0.013333 0.070000
2 0.315833 0.790000 0.013333 0.070000
3 0.302500 0.398333 0.010000 0.020000
2 0.436667 0.365000 0.022500 0.023333
3 0.681667 0.621667 0.017500 0.031667
3 0.390000 0.643333 0.006667 0.018333
3 0.282500 0.266667 0.010833 0.023333
3 0.630000 0.660000 0.009167 0.023333
3 0.636667 0.390000 0.011667 0.020000
2 0.626667 0.318333 0.045833 0.021667
3 0.357500 0.316667 0.011667 0.020000
2 0.773333 0.355000 0.009167 0.031667
3 0.639167 0.435000 0.010833 0.023333
2 0.350000 0.731667 0.011667 0.025000
2 0.251667 0.856667 0.045833 0.021667
3 0.685000 0.330000 0.009167 0.018333
3 0.758333 0.611667 0.009167 0.018333
3 0.354167 0.280000 0.009167 0.015000
2 0.663333 0.668333 0.048333 0.043333
3 0.432500 0.700000 0.015833 0.051667
3 0.507500 0.323333 0.011667 0.030000
3 0.540000 0.998333 0.009167 0.001667
2 0.563333 0.160000 0.022500 0.023333
2 0.541667 0.453333 0.009167 0.031667
2 0.331667 0.378333 0.022500 0.023333
2 0.722500 0.708333 0.030833 0.051667
3 0.708333 0.433333 0.011667 0.020000
3 0.242500 0.856667 0.009167 0.016667
2 0.734167 0.421667 0.048333 0.025000
3 0.451667 0.785000 0.008333 0.016667
2 0.743333 0.363333 0.058333 0.076667
2 0.311667 0.360000 0.034167 0.038333
2 0.767500 0.731667 0.010833 0.091667
2 0.786667 0.433333 0.034167 0.100000
3 0.429167 0.751667 0.009167 0.016667
3 0.531667 0.368333 0.011667 0.030000
3 0.550833 0.365000 0.015833 0.051667
3 0.524167 0.368333 0.010000 0.020000
3 0.236667 0.340000 0.011667 0.030000
2 0.241667 0.386667 0.010000 0.031667
2 0.319167 0.350000 0.014167 0.015000
3 0.567500 0.735000 0.009167 0.016667
2 0.673333 0.298333 0.011667 0.066667
3 0.647500 0.346667 0.010000 0.016667
2 0.385833 0.658333 0.058333 0.076667
2 0.316667 0.711667 0.010000 0.031667
2 0.544167 0.223333 0.027500 0.016667
2 0.600000 0.363333 0.017500 0.116667
3 0.719167 0.781667 0.017500 0.031667
2 0.281667 0.283333 0.026667 0.035000
2 0.672500 0.696667 0.021667 0.090000
2 0.787500 0.393333 0.034167 0.038333
3 0.659167 0.426667 0.011667 0.030000
3 0.529167 0.630000 0.009167 0.015000
2 0.364167 0.755000 0.035000 0.105000
3 0.340000 0.386667 0.007500 0.015000
3 0.702500 0.425000 0.013333 0.031667
3 0.715833 0.343333 0.010000 0.020000
2 0.809167 0.703333 0.015833 0.068333
3 0.783333 0.395000 0.014167 0.025000
2 0.324167 0.638333 0.011667 0.066667
2 0.383333 0.791667 0.097500 0.053333
2 0.759167 0.703333 0.048333 0.025000
2 0.745833 0.288333 0.011667 0.066667
3 0.356667 0.648333 0.011667 0.030000
3 0.698333 0.630000 0.009167 0.016667
3 0.728333 0.680000 0.007500 0.015000
2 0.527500 0.425000 0.009167 0.031667
3 0.556667 0.366667 0.010833 0.013333
2 0.476667 0.188333 0.020000 0.021667
2 0.754167 0.348333 0.019167 0.046667
3 0.424167 0.815000 0.007500 0.015000
2 0.413333 0.341667 0.097500 0.053333
2 0.763333 0.323333 0.035000 0.105000
2 0.565000 0.396667 0.027500 0.016667
2 0.570833 0.675000 0.030833 0.051667
2 0.680833 0.336667 0.022500 0.023333
2 0.430833 0.663333 0.019167 0.046667
2 0.320000 0.410000 0.021667 0.090000
2 0.747500 0.558333 0.035000 0.105000
3 0.340000 0.713333 0.007500 0.016667
3 0.778333 0.605000 0.006667 0.018333
3 0.535000 0.298333 0.007500 0.015000
3 0.683333 0.673333 0.007500 0.018333
2 0.306667 0.405000 0.020833 0.080000
3 0.361667 0.398333 0.009167 0.016667
3 0.774167 0.338333 0.017500 0.031667
3 0.670833 0.640000 0.008333 0.016667
3 0.241667 0.226667 0.009167 0.023333
3 0.572500 0.388333 0.009167 0.023333
3 0.454167 0.268333 0.008333 0.016667
3 0.636667 0.626667 0.010000 0.016667
2 0.636667 0.411667 0.011667 0.025000
2 0.665833 0.605000 0.058333 0.076667
3 0.339167 0.228333 0.008333 0.021667
2 0.437500 0.315000 0.020833 0.080000
3 0.522500 0.758333 0.013333 0.031667
2 0.661667 0.381667 0.048333 0.043333
3 0.736667 0.273333 0.009167 0.016667
2 0.719167 0.610000 0.026667 0.035000
2 0.713333 0.386667 0.035000 0.105000
3 0.800000 0.393333 0.008333 0.016667
3 0.311667 0.256667 0.017500 0.031667
2 0.524167 0.441667 0.009167 0.031667
2 0.514167 0.260000 0.019167 0.046667
2 0.167500 0.400000 0.014167 0.015000
3 0.351667 0.431667 0.008333 0.016667
3 0.652500 0.446667 0.010833 0.023333
3 0.521667 0.670000 0.007500 0.018333
2 0.247500 0.648333 0.014167 0.015000
2 0.600000 0.358333 0.026667 0.035000
2 0.775000 0.390000 0.027500 0.016667
2 0.279167 0.731667 0.048333 0.043333
2 0.414167 0.378333 0.023333 0.106667
2 0.520833 0.400000 0.026667 0.035000
2 0.164167 0.393333 0.020833 0.028333
2 0.720000 0.331667 0.019167 0.046667
2 0.720000 0.586667 0.034167 0.038333
3 0.702500 0.341667 0.007500 0.015000
2 0.430833 0.678333 0.020000 0.021667
