4 0.790833 0.596667 0.092500 0.170000
4 0.851667 0.368333 0.135833 0.260000
4 0.786667 0.706667 0.125833 0.196667
4 0.804167 0.561667 0.085000 0.130000
4 0.796667 0.343333 0.140833 0.220000
4 0.826667 0.683333 0.151667 0.211667
4 0.835000 0.603333 0.084167 0.038333
4 0.865833 0.561667 0.075000 0.076667
4 0.855000 0.643333 0.127500 0.176667
4 0.841667 0.423333 0.088333 0.121667
4 0.638333 0.560000 0.137500 0.038333
4 0.328333 0.476667 0.088333 0.130000
4 0.179167 0.473333 0.063333 0.043333
4 0.564167 0.493333 0.043333 0.020000
4 0.155833 0.416667 0.151667 0.256667
4 0.429167 0.481667 0.075833 0.030000
4 0.195833 0.470000 0.069167 0.060000
4 0.542500 0.570000 0.078333 0.056667
4 0.250000 0.553333 0.149167 0.095000
4 0.730833 0.708333 0.196667 0.256667
3 0.302500 0.535000 0.007500 0.015000
3 0.067500 0.461667 0.008333 0.016667
2 0.268333 0.508333 0.011667 0.025000
3 0.192500 0.495000 0.008333 0.016667
2 0.345833 0.525000 0.019167 0.046667
2 0.455833 0.451667 0.035000 0.105000
3 0.695833 0.530000 0.009167 0.015000
3 0.615833 0.503333 0.015833 0.051667
3 0.296667 0.518333 0.010833 0.023333
2 0.331667 0.448333 0.022500 0.023333
2 0.081667 0.516667 0.029167 0.038333
3 0.470000 0.420000 0.007500 0.015000
2 0.190833 0.591667 0.045833 0.021667
3 0.069167 0.503333 0.014167 0.025000
2 0.430833 0.556667 0.048333 0.025000
3 0.810833 0.471667 0.009167 0.016667
3 0.530833 0.475000 0.007500 0.015000
3 0.492500 0.463333 0.007500 0.018333
3 0.495833 0.545000 0.006667 0.018333
2 0.586667 0.548333 0.035000 0.105000
2 0.310000 0.490000 0.023333 0.106667
2 0.740833 0.575000 0.048333 0.025000
3 0.799167 0.581667 0.013333 0.031667
2 0.047500 0.481667 0.048333 0.043333
2 0.422500 0.470000 0.045833 0.021667
3 0.419167 0.505000 0.017500 0.031667
3 0.541667 0.496667 0.013333 0.031667
2 0.685833 0.523333 0.020000 0.021667
3 0.190833 0.561667 0.008333 0.016667
2 0.481667 0.535000 0.011667 0.025000
2 0.072500 0.455000 0.034167 0.038333
2 0.251667 0.513333 0.023333 0.041667
3 0.127500 0.591667 0.011667 0.020000
3 0.401667 0.553333 0.009167 0.023333
3 0.823333 0.681667 0.009167 0.018333
3 0.737500 0.551667 0.008333 0.016667
3 0.219167 0.536667 0.017500 0.031667
2 0.028333 0.561667 0.015833 0.068333
2 0.261667 0.510000 0.023333 0.041667
3 0.622500 0.543333 0.014167 0.025000
3 0.449167 0.571667 0.007500 0.016667
2 0.811667 0.488333 0.010000 0.031667
3 0.300000 0.516667 0.011667 0.030000
2 0.069167 0.426667 0.035000 0.105000
3 0.241667 0.450000 0.007500 0.015000
3 0.074167 0.518333 0.010000 0.016667
3 0.094167 0.573333 0.009167 0.016667
3 0.377500 0.528333 0.009167 0.018333
3 0.179167 0.533333 0.007500 0.015000
2 0.591667 0.563333 0.009167 0.031667
2 0.534167 0.525000 0.013333 0.070000
3 0.545000 0.550000 0.008333 0.016667
3 0.682500 0.556667 0.010833 0.013333
3 0.103333 0.505000 0.007500 0.015000
3 0.633333 0.561667 0.007500 0.015000
3 0.580833 0.553333 0.014167 0.025000
2 0.442500 0.618333 0.009167 0.031667
2 0.526667 0.505000 0.048333 0.025000
2 0.162500 0.515000 0.010000 0.031667
3 0.426667 0.570000 0.009167 0.015000
3 0.722500 0.585000 0.009167 0.023333
2 0.319167 0.546667 0.011667 0.066667
3 0.138333 0.578333 0.011667 0.030000
3 0.473333 0.448333 0.008333 0.016667
3 0.167500 0.541667 0.013333 0.015000
2 0.482500 0.578333 0.048333 0.025000
2 0.420833 0.473333 0.020833 0.028333
2 0.695000 0.523333 0.020000 0.021667
3 0.496667 0.410000 0.009167 0.016667
2 0.400833 0.505000 0.020833 0.028333
2 0.111667 0.550000 0.027500 0.016667
2 0.487500 0.423333 0.034167 0.038333
3 0.823333 0.348333 0.011667 0.020000
2 0.619167 0.528333 0.045833 0.021667
3 0.538333 0.588333 0.008333 0.016667
3 0.342500 0.466667 0.015833 0.051667
2 0.680000 0.576667 0.045833 0.021667
3 0.396667 0.528333 0.007500 0.015000
3 0.293333 0.591667 0.008333 0.016667
2 0.585833 0.538333 0.058333 0.076667
3 0.345000 0.493333 0.009167 0.023333
2 0.261667 0.545000 0.048333 0.025000
2 0.545833 0.595000 0.023333 0.106667
3 0.150000 0.540000 0.007500 0.015000
2 0.495000 0.570000 0.048333 0.043333
2 0.404167 0.623333 0.021667 0.090000
3 0.490833 0.576667 0.009167 0.015000
2 0.057500 0.566667 0.009167 0.031667
3 0.815000 0.531667 0.007500 0.018333
3 0.560833 0.531667 0.007500 0.018333
3 0.820000 0.596667 0.008333 0.021667
3 0.462500 0.450000 0.009167 0.018333
2 0.547500 0.575000 0.011667 0.066667
3 0.116667 0.456667 0.008333 0.016667
3 0.470833 0.428333 0.008333 0.016667
2 0.685000 0.575000 0.034167 0.100000
3 0.454167 0.488333 0.010000 0.020000
3 0.687500 0.476667 0.008333 0.021667
2 0.576667 0.518333 0.019167 0.046667
3 0.039167 0.526667 0.007500 0.018333
2 0.067500 0.461667 0.048333 0.043333
3 0.438333 0.505000 0.007500 0.016667
2 0.538333 0.653333 0.020833 0.080000
2 0.640000 0.665000 0.097500 0.053333
2 0.741667 0.600000 0.034167 0.038333
3 0.380833 0.711667 0.017500 0.031667
2 0.620833 0.358333 0.020833 0.080000
2 0.695000 0.381667 0.023333 0.041667
3 0.531667 0.720000 0.007500 0.015000
3 0.558333 0.420000 0.007500 0.015000
2 0.341667 0.836667 0.010000 0.031667
3 0.510000 0.291667 0.009167 0.016667
2 0.693333 0.665000 0.023333 0.041667
3 0.645833 0.353333 0.009167 0.015000
3 0.172500 0.636667 0.010000 0.020000
3 0.699167 0.335000 0.014167 0.025000
2 0.729167 0.673333 0.020833 0.080000
3 0.748333 0.603333 0.008333 0.016667
2 0.811667 0.705000 0.011667 0.025000
3 0.746667 0.615000 0.009167 0.018333
3 0.635833 0.638333 0.009167 0.016667
2 0.435833 0.443333 0.021667 0.090000
3 0.453333 0.730000 0.007500 0.015000
2 0.725833 0.298333 0.017500 0.116667
3 0.363333 0.306667 0.009167 0.018333
2 0.652500 0.668333 0.020833 0.080000
2 0.807500 0.621667 0.020833 0.028333
3 0.790833 0.651667 0.010833 0.023333
2 0.688333 0.696667 0.045833 0.021667
3 0.232500 0.385000 0.009167 0.015000
2 0.435000 0.803333 0.045833 0.021667
3 0.676667 0.711667 0.009167 0.016667
2 0.343333 0.806667 0.020833 0.080000
2 0.742500 0.590000 0.020833 0.080000
2 0.758333 0.400000 0.048333 0.043333
2 0.438333 0.651667 0.014167 0.015000
3 0.680000 0.366667 0.006667 0.018333
2 0.785000 0.580000 0.009167 0.040000
3 0.618333 0.325000 0.008333 0.016667
3 0.643333 0.428333 0.008333 0.016667
3 0.808333 0.618333 0.007500 0.015000
3 0.293333 0.270000 0.006667 0.018333
2 0.684167 0.410000 0.048333 0.025000
3 0.671667 0.633333 0.009167 0.015000
3 0.710000 0.998333 0.010000 0.001667
3 0.315000 0.383333 0.007500 0.015000
3 0.546667 0.648333 0.014167 0.025000
2 0.739167 0.663333 0.097500 0.053333
2 0.261667 0.170000 0.020833 0.080000
3 0.764167 0.711667 0.010000 0.020000
3 0.749167 0.390000 0.014167 0.025000
2 0.679167 0.451667 0.013333 0.070000
3 0.558333 0.211667 0.008333 0.016667
2 0.149167 0.381667 0.097500 0.053333
2 0.366667 0.376667 0.020833 0.080000
3 0.701667 0.273333 0.007500 0.015000
2 0.485000 0.345000 0.023333 0.041667
3 0.515833 0.310000 0.007500 0.015000
2 0.744167 0.580000 0.011667 0.066667
2 0.703333 0.681667 0.009167 0.031667
2 0.715833 0.391667 0.010833 0.091667
2 0.680000 0.313333 0.019167 0.046667
2 0.298333 0.391667 0.021667 0.090000
2 0.460833 0.695000 0.020833 0.080000
3 0.438333 0.748333 0.006667 0.018333
2 0.722500 0.433333 0.010000 0.031667
3 0.658333 0.331667 0.008333 0.021667
3 0.360000 0.693333 0.007500 0.015000
2 0.260833 0.371667 0.097500 0.053333
2 0.801667 0.651667 0.022500 0.023333
3 0.320000 0.261667 0.010000 0.020000
2 0.435000 0.820000 0.023333 0.106667
3 0.723333 0.418333 0.007500 0.016667
3 0.550833 0.708333 0.007500 0.016667
3 0.758333 0.591667 0.007500 0.016667
2 0.618333 0.395000 0.014167 0.015000
3 0.456667 0.351667 0.007500 0.016667
3 0.321667 0.240000 0.009167 0.018333
3 0.605833 0.341667 0.011667 0.020000
2 0.474167 0.385000 0.022500 0.023333
3 0.263333 0.391667 0.013333 0.031667
3 0.336667 0.645000 0.011667 0.020000
3 0.306667 0.295000 0.011667 0.020000
2 0.779167 0.630000 0.020833 0.080000
2 0.545000 0.338333 0.026667 0.035000
3 0.362500 0.616667 0.008333 0.021667
3 0.758333 0.591667 0.007500 0.015000
3 0.727500 0.351667 0.017500 0.031667
2 0.749167 0.705000 0.010833 0.091667
3 0.680833 0.285000 0.017500 0.031667
2 0.325833 0.661667 0.015833 0.068333
2 0.615833 0.340000 0.097500 0.053333
2 0.520833 0.346667 0.045833 0.021667
3 0.705000 0.430000 0.008333 0.016667
3 0.475000 0.801667 0.010833 0.013333
3 0.450000 0.360000 0.014167 0.025000
2 0.770000 0.660000 0.015833 0.068333
2 0.532500 0.261667 0.026667 0.035000
3 0.722500 0.676667 0.007500 0.016667
2 0.211667 0.760000 0.034167 0.038333
3 0.403333 0.661667 0.009167 0.016667
2 0.255833 0.688333 0.020833 0.028333
3 0.555000 0.671667 0.017500 0.031667
2 0.722500 0.426667 0.010833 0.091667
3 0.712500 0.726667 0.010000 0.020000
3 0.525833 0.360000 0.008333 0.016667
2 0.563333 0.643333 0.009167 0.040000
3 0.361667 0.613333 0.009167 0.016667
2 0.654167 0.453333 0.020833 0.080000
3 0.767500 0.363333 0.017500 0.031667
3 0.540000 0.441667 0.013333 0.015000
3 0.235833 0.825000 0.015833 0.051667
3 0.425833 0.378333 0.013333 0.015000
3 0.686667 0.403333 0.009167 0.016667
3 0.783333 0.681667 0.009167 0.015000
3 0.720833 0.636667 0.007500 0.018333
3 0.350833 0.613333 0.011667 0.020000
2 0.399167 0.656667 0.022500 0.023333
2 0.546667 0.715000 0.026667 0.035000
3 0.716667 0.616667 0.007500 0.015000
3 0.390000 0.648333 0.007500 0.015000
2 0.430000 0.765000 0.026667 0.035000
3 0.399167 0.325000 0.006667 0.018333
3 0.366667 0.618333 0.007500 0.018333
2 0.384167 0.388333 0.014167 0.015000
3 0.620833 0.398333 0.009167 0.016667
2 0.256667 0.400000 0.026667 0.035000
2 0.269167 0.648333 0.015833 0.068333
3 0.448333 0.353333 0.010833 0.023333
2 0.305833 0.661667 0.048333 0.025000
2 0.491667 0.285000 0.021667 0.090000
3 0.647500 0.420000 0.007500 0.015000
3 0.420000 0.651667 0.010833 0.013333
3 0.443333 0.720000 0.010000 0.020000
3 0.778333 0.663333 0.010000 0.020000
3 0.423333 0.683333 0.007500 0.018333
2 0.796667 0.353333 0.022500 0.023333
2 0.795000 0.745000 0.013333 0.070000
3 0.505833 0.743333 0.017500 0.031667
2 0.700833 0.336667 0.029167 0.038333
3 0.754167 0.616667 0.006667 0.018333
2 0.785000 0.455000 0.020833 0.080000
3 0.699167 0.658333 0.010833 0.023333
3 0.765833 0.743333 0.010833 0.013333
2 0.715833 0.356667 0.023333 0.106667
3 0.690833 0.371667 0.011667 0.020000
2 0.330833 0.341667 0.023333 0.041667
3 0.653333 0.331667 0.017500 0.031667
3 0.698333 0.631667 0.009167 0.016667
2 0.288333 0.686667 0.023333 0.041667
2 0.612500 0.376667 0.034167 0.100000
2 0.526667 0.408333 0.011667 0.025000
3 0.437500 0.850000 0.009167 0.023333
3 0.536667 0.736667 0.006667 0.018333
3 0.530000 0.358333 0.008333 0.021667
3 0.541667 0.693333 0.009167 0.015000
3 0.690833 0.756667 0.011667 0.030000
2 0.697500 0.425000 0.048333 0.043333
2 0.495833 0.283333 0.013333 0.070000
2 0.738333 0.280000 0.017500 0.116667
3 0.722500 0.778333 0.010833 0.023333
2 0.651667 0.320000 0.019167 0.046667
2 0.672500 0.698333 0.058333 0.076667
3 0.320000 0.353333 0.013333 0.031667
2 0.328333 0.780000 0.045833 0.021667
2 0.686667 0.308333 0.013333 0.070000
3 0.494167 0.711667 0.010833 0.013333
3 0.630000 0.355000 0.010000 0.020000
3 0.448333 0.385000 0.008333 0.016667
2 0.522500 0.300000 0.022500 0.023333
3 0.726667 0.350000 0.008333 0.021667
3 0.273333 0.753333 0.014167 0.025000
2 0.773333 0.428333 0.026667 0.035000
2 0.625000 0.375000 0.020000 0.021667
3 0.537500 0.648333 0.010833 0.023333
2 0.383333 0.640000 0.020833 0.028333
3 0.676667 0.353333 0.013333 0.015000
3 0.442500 0.713333 0.006667 0.018333
3 0.720833 0.648333 0.008333 0.016667
3 0.812500 0.720000 0.009167 0.016667
2 0.481667 0.678333 0.020000 0.021667
3 0.389167 0.648333 0.009167 0.016667
2 0.544167 0.425000 0.023333 0.106667
3 0.754167 0.708333 0.014167 0.025000
2 0.525000 0.340000 0.009167 0.040000
2 0.757500 0.376667 0.030833 0.051667
3 0.700000 0.371667 0.013333 0.015000
3 0.700000 0.656667 0.010000 0.016667
2 0.320000 0.723333 0.034167 0.038333
2 0.350000 0.386667 0.015833 0.068333
2 0.331667 0.385000 0.058333 0.076667
3 0.411667 0.403333 0.011667 0.030000
2 0.448333 0.778333 0.048333 0.043333
3 0.611667 0.340000 0.011667 0.030000
2 0.725833 0.633333 0.011667 0.025000
3 0.523333 0.385000 0.008333 0.021667
3 0.665000 0.678333 0.009167 0.016667
3 0.443333 0.383333 0.009167 0.016667
3 0.576667 0.741667 0.007500 0.016667
3 0.694167 0.270000 0.007500 0.015000
