4 0.875000 0.621667 0.070000 0.036667
4 0.741667 0.715000 0.226667 0.183333
4 0.891667 0.470000 0.062500 0.103333
4 0.879167 0.506667 0.051667 0.085000
4 0.831667 0.495000 0.077500 0.090000
4 0.867500 0.608333 0.093333 0.131667
4 0.745000 0.446667 0.183333 0.110000
4 0.853333 0.573333 0.085833 0.043333
4 0.836667 0.656667 0.040833 0.110000
4 0.875000 0.506667 0.055000 0.085000
4 0.334167 0.625000 0.072500 0.186667
4 0.178333 0.456667 0.095000 0.173333
4 0.157500 0.608333 0.092500 0.185000
4 0.336667 0.481667 0.119167 0.210000
4 0.630833 0.488333 0.105833 0.061667
4 0.456667 0.546667 0.043333 0.126667
4 0.485833 0.431667 0.215000 0.210000
4 0.483333 0.513333 0.119167 0.055000
4 0.430000 0.570000 0.134167 0.173333
4 0.325000 0.610000 0.059167 0.158333
3 0.351667 0.580000 0.007500 0.015000
3 0.812500 0.603333 0.010833 0.013333
2 0.539167 0.505000 0.009167 0.031667
3 0.260833 0.453333 0.010833 0.013333
2 0.675833 0.576667 0.045833 0.021667
2 0.188333 0.493333 0.020833 0.080000
2 0.162500 0.526667 0.097500 0.053333
2 0.435000 0.461667 0.011667 0.025000
2 0.389167 0.486667 0.011667 0.066667
2 0.610000 0.543333 0.010833 0.091667
3 0.336667 0.601667 0.008333 0.016667
3 0.074167 0.573333 0.015833 0.051667
2 0.711667 0.506667 0.020833 0.028333
2 0.647500 0.591667 0.013333 0.070000
3 0.044167 0.505000 0.010833 0.023333
3 0.638333 0.585000 0.009167 0.023333
3 0.588333 0.525000 0.008333 0.021667
2 0.270833 0.480000 0.034167 0.038333
3 0.456667 0.558333 0.009167 0.015000
3 0.324167 0.496667 0.008333 0.016667
2 0.226667 0.456667 0.014167 0.015000
3 0.169167 0.581667 0.010833 0.023333
2 0.267500 0.448333 0.097500 0.053333
3 0.217500 0.521667 0.008333 0.016667
3 0.522500 0.550000 0.008333 0.016667
2 0.725000 0.463333 0.022500 0.023333
2 0.752500 0.566667 0.019167 0.046667
3 0.291667 0.475000 0.013333 0.015000
3 0.811667 0.655000 0.011667 0.020000
3 0.338333 0.448333 0.008333 0.016667
3 0.440000 0.518333 0.007500 0.016667
2 0.485000 0.520000 0.023333 0.041667
2 0.455000 0.476667 0.011667 0.025000
3 0.742500 0.528333 0.008333 0.016667
3 0.275000 0.578333 0.008333 0.016667
2 0.714167 0.595000 0.009167 0.031667
3 0.065000 0.525000 0.011667 0.020000
3 0.719167 0.486667 0.009167 0.023333
2 0.570000 0.503333 0.020000 0.021667
2 0.021667 0.523333 0.044167 0.076667
2 0.732500 0.491667 0.023333 0.041667
3 0.687500 0.453333 0.014167 0.025000
2 0.683333 0.516667 0.009167 0.040000
3 0.737500 0.458333 0.008333 0.021667
3 0.714167 0.551667 0.009167 0.016667
2 0.095000 0.493333 0.013333 0.070000
2 0.037500 0.440000 0.011667 0.066667
2 0.595000 0.450000 0.020000 0.021667
3 0.711667 0.540000 0.009167 0.016667
3 0.591667 0.563333 0.007500 0.016667
2 0.543333 0.545000 0.017500 0.116667
3 0.279167 0.515000 0.008333 0.016667
3 0.413333 0.515000 0.008333 0.016667
2 0.337500 0.466667 0.048333 0.043333
3 0.705833 0.456667 0.014167 0.025000
2 0.671667 0.538333 0.019167 0.046667
2 0.815833 0.626667 0.020833 0.080000
3 0.616667 0.576667 0.013333 0.031667
3 0.175000 0.598333 0.009167 0.015000
2 0.322500 0.485000 0.015833 0.068333
3 0.773333 0.471667 0.009167 0.016667
2 0.794167 0.486667 0.011667 0.025000
3 0.116667 0.545000 0.008333 0.016667
2 0.687500 0.508333 0.020833 0.080000
2 0.713333 0.570000 0.020833 0.028333
3 0.672500 0.460000 0.009167 0.015000
3 0.494167 0.498333 0.011667 0.030000
3 0.791667 0.568333 0.009167 0.016667
2 0.474167 0.426667 0.020833 0.080000
2 0.232500 0.528333 0.009167 0.031667
3 0.622500 0.566667 0.008333 0.016667
3 0.165833 0.531667 0.011667 0.030000
3 0.690000 0.470000 0.006667 0.018333
2 0.185000 0.605000 0.010833 0.091667
3 0.816667 0.468333 0.009167 0.023333
3 0.659167 0.490000 0.015833 0.051667
2 0.518333 0.528333 0.022500 0.023333
3 0.083333 0.488333 0.008333 0.016667
3 0.174167 0.460000 0.008333 0.016667
2 0.487500 0.520000 0.020000 0.021667
3 0.087500 0.526667 0.010000 0.020000
3 0.450833 0.558333 0.009167 0.023333
2 0.311667 0.511667 0.011667 0.066667
3 0.455833 0.606667 0.009167 0.023333
2 0.470833 0.603333 0.021667 0.090000
2 0.510000 0.490000 0.019167 0.046667
2 0.670833 0.561667 0.023333 0.106667
2 0.129167 0.543333 0.010833 0.091667
2 0.491667 0.458333 0.034167 0.038333
3 0.140833 0.475000 0.008333 0.016667
2 0.515833 0.528333 0.048333 0.043333
2 0.279167 0.485000 0.048333 0.025000
2 0.715000 0.468333 0.020833 0.028333
3 0.305833 0.510000 0.011667 0.030000
2 0.415000 0.481667 0.058333 0.076667
2 0.695833 0.593333 0.020000 0.021667
3 0.066667 0.450000 0.014167 0.025000
3 0.443333 0.613333 0.010000 0.016667
3 0.396667 0.533333 0.007500 0.018333
3 0.643333 0.496667 0.015833 0.051667
3 0.405000 0.463333 0.014167 0.025000
3 0.769167 0.548333 0.008333 0.016667
2 0.530833 0.403333 0.027500 0.016667
3 0.388333 0.363333 0.007500 0.015000
2 0.500833 0.776667 0.020833 0.028333
3 0.352500 0.613333 0.008333 0.016667
2 0.272500 0.740000 0.023333 0.106667
2 0.612500 0.340000 0.020833 0.080000
3 0.387500 0.695000 0.008333 0.016667
2 0.799167 0.370000 0.014167 0.015000
2 0.450000 0.791667 0.020833 0.028333
2 0.337500 0.680000 0.022500 0.023333
3 0.407500 0.735000 0.007500 0.015000
3 0.775000 0.343333 0.009167 0.023333
3 0.842500 0.325000 0.013333 0.031667
2 0.528333 0.281667 0.020000 0.021667
3 0.770833 0.408333 0.008333 0.021667
3 0.330000 0.411667 0.011667 0.030000
3 0.782500 0.370000 0.007500 0.016667
2 0.596667 0.735000 0.013333 0.070000
2 0.270833 0.290000 0.023333 0.106667
3 0.731667 0.723333 0.007500 0.016667
2 0.235833 0.633333 0.097500 0.053333
2 0.443333 0.170000 0.009167 0.031667
3 0.692500 0.753333 0.007500 0.018333
3 0.527500 0.626667 0.011667 0.030000
2 0.715000 0.586667 0.011667 0.066667
2 0.415000 0.728333 0.009167 0.040000
3 0.753333 0.635000 0.017500 0.031667
3 0.731667 0.723333 0.007500 0.016667
2 0.320833 0.646667 0.010000 0.031667
2 0.729167 0.781667 0.020833 0.080000
2 0.709167 0.685000 0.009167 0.040000
3 0.567500 0.298333 0.009167 0.016667
3 0.314167 0.686667 0.013333 0.031667
2 0.590833 0.780000 0.010833 0.091667
3 0.309167 0.605000 0.013333 0.015000
3 0.309167 0.715000 0.007500 0.018333
2 0.747500 0.655000 0.020833 0.080000
2 0.555833 0.738333 0.058333 0.076667
3 0.719167 0.368333 0.008333 0.016667
2 0.523333 0.283333 0.020833 0.028333
3 0.718333 0.660000 0.007500 0.015000
2 0.774167 0.705000 0.020833 0.080000
3 0.670833 0.650000 0.007500 0.015000
3 0.717500 0.430000 0.007500 0.016667
2 0.290000 0.701667 0.023333 0.106667
3 0.524167 0.755000 0.009167 0.015000
3 0.483333 0.810000 0.008333 0.016667
3 0.464167 0.310000 0.007500 0.018333
2 0.773333 0.683333 0.019167 0.046667
2 0.330833 0.330000 0.014167 0.015000
2 0.324167 0.841667 0.045833 0.021667
2 0.257500 0.890000 0.034167 0.100000
2 0.773333 0.388333 0.011667 0.025000
3 0.675000 0.351667 0.008333 0.016667
3 0.242500 0.745000 0.010833 0.023333
2 0.675000 0.588333 0.017500 0.116667
2 0.649167 0.388333 0.058333 0.076667
3 0.670833 0.650000 0.007500 0.015000
3 0.483333 0.720000 0.009167 0.016667
2 0.471667 0.335000 0.010000 0.031667
3 0.741667 0.285000 0.010833 0.023333
2 0.332500 0.761667 0.020833 0.080000
2 0.737500 0.710000 0.048333 0.043333
2 0.639167 0.423333 0.015833 0.068333
3 0.320000 0.721667 0.011667 0.030000
3 0.749167 0.641667 0.009167 0.016667
2 0.263333 0.661667 0.023333 0.041667
2 0.275000 0.320000 0.058333 0.076667
3 0.769167 0.648333 0.006667 0.018333
3 0.572500 0.663333 0.008333 0.016667
2 0.452500 0.426667 0.010833 0.091667
3 0.738333 0.656667 0.008333 0.021667
3 0.813333 0.620000 0.007500 0.015000
2 0.365000 0.703333 0.015833 0.068333
2 0.450000 0.831667 0.020833 0.080000
3 0.367500 0.293333 0.009167 0.016667
2 0.730833 0.723333 0.021667 0.090000
2 0.673333 0.420000 0.020000 0.021667
3 0.752500 0.336667 0.007500 0.018333
3 0.349167 0.305000 0.007500 0.018333
2 0.399167 0.698333 0.010833 0.091667
2 0.250833 0.263333 0.097500 0.053333
3 0.485000 0.446667 0.009167 0.016667
2 0.267500 0.686667 0.014167 0.015000
3 0.435833 0.331667 0.008333 0.016667
3 0.465833 0.876667 0.008333 0.016667
2 0.352500 0.755000 0.048333 0.043333
3 0.307500 0.723333 0.011667 0.020000
3 0.814167 0.630000 0.007500 0.015000
3 0.739167 0.603333 0.006667 0.018333
3 0.476667 0.806667 0.008333 0.016667
3 0.620833 0.681667 0.008333 0.021667
3 0.652500 0.416667 0.008333 0.016667
3 0.746667 0.705000 0.008333 0.016667
2 0.274167 0.715000 0.019167 0.046667
2 0.308333 0.640000 0.034167 0.038333
2 0.780000 0.591667 0.011667 0.025000
3 0.758333 0.645000 0.011667 0.020000
3 0.562500 0.741667 0.007500 0.018333
2 0.640833 0.633333 0.026667 0.035000
3 0.660000 0.441667 0.011667 0.030000
3 0.305000 0.791667 0.011667 0.030000
2 0.828333 0.393333 0.015833 0.068333
2 0.325000 0.418333 0.010833 0.091667
3 0.701667 0.670000 0.013333 0.015000
3 0.795833 0.400000 0.009167 0.016667
3 0.193333 0.395000 0.009167 0.023333
3 0.515833 0.716667 0.009167 0.015000
2 0.434167 0.661667 0.022500 0.023333
3 0.289167 0.766667 0.008333 0.016667
2 0.315833 0.750000 0.010833 0.091667
2 0.671667 0.645000 0.009167 0.031667
2 0.692500 0.360000 0.017500 0.116667
3 0.691667 0.631667 0.014167 0.025000
3 0.630833 0.356667 0.008333 0.016667
2 0.260833 0.208333 0.022500 0.023333
3 0.747500 0.411667 0.010833 0.023333
2 0.784167 0.708333 0.021667 0.090000
2 0.616667 0.416667 0.097500 0.053333
2 0.719167 0.635000 0.029167 0.038333
3 0.695000 0.728333 0.010000 0.020000
2 0.313333 0.733333 0.029167 0.038333
2 0.712500 0.686667 0.010000 0.031667
2 0.234167 0.318333 0.015833 0.068333
3 0.781667 0.370000 0.010000 0.020000
3 0.822500 0.396667 0.008333 0.016667
3 0.400833 0.661667 0.008333 0.016667
3 0.541667 0.280000 0.007500 0.016667
3 0.710000 0.620000 0.007500 0.018333
2 0.615000 0.378333 0.022500 0.023333
2 0.190833 0.753333 0.034167 0.100000
3 0.727500 0.666667 0.007500 0.018333
3 0.691667 0.671667 0.014167 0.025000
2 0.745000 0.643333 0.010833 0.091667
3 0.515833 0.718333 0.010000 0.020000
2 0.705000 0.635000 0.011667 0.025000
3 0.321667 0.288333 0.009167 0.015000
3 0.753333 0.368333 0.008333 0.016667
2 0.521667 0.328333 0.035000 0.105000
2 0.700833 0.390000 0.011667 0.025000
2 0.360833 0.780000 0.030833 0.051667
3 0.354167 0.281667 0.010000 0.016667
3 0.512500 0.198333 0.009167 0.016667
3 0.279167 0.733333 0.009167 0.016667
2 0.411667 0.383333 0.030833 0.051667
2 0.298333 0.405000 0.017500 0.116667
2 0.758333 0.633333 0.097500 0.053333
3 0.300000 0.706667 0.006667 0.018333
3 0.244167 0.741667 0.007500 0.015000
2 0.665833 0.346667 0.034167 0.038333
3 0.692500 0.655000 0.014167 0.025000
3 0.175000 0.405000 0.009167 0.016667
2 0.272500 0.226667 0.045833 0.021667
3 0.305000 0.150000 0.008333 0.016667
3 0.770833 0.320000 0.009167 0.015000
3 0.675833 0.716667 0.007500 0.015000
3 0.308333 0.378333 0.017500 0.031667
2 0.658333 0.371667 0.022500 0.023333
2 0.807500 0.588333 0.020833 0.080000
3 0.690000 0.360000 0.009167 0.016667
2 0.741667 0.635000 0.020833 0.080000
2 0.529167 0.366667 0.020000 0.021667
3 0.709167 0.650000 0.007500 0.016667
3 0.767500 0.375000 0.011667 0.020000
2 0.235833 0.358333 0.020833 0.080000
2 0.769167 0.366667 0.030833 0.051667
3 0.745833 0.606667 0.010000 0.020000
3 0.286667 0.781667 0.006667 0.018333
2 0.674167 0.350000 0.030833 0.051667
3 0.724167 0.400000 0.007500 0.018333
2 0.689167 0.636667 0.020000 0.021667
3 0.795833 0.370000 0.008333 0.016667
2 0.701667 0.193333 0.035000 0.105000
3 0.786667 0.348333 0.008333 0.016667
3 0.555833 0.665000 0.013333 0.031667
2 0.456667 0.343333 0.034167 0.100000
3 0.702500 0.721667 0.013333 0.031667
3 0.531667 0.688333 0.007500 0.015000
3 0.740833 0.688333 0.010000 0.020000
2 0.681667 0.365000 0.017500 0.116667
2 0.435833 0.385000 0.020833 0.080000
3 0.638333 0.628333 0.006667 0.018333
3 0.352500 0.408333 0.011667 0.030000
2 0.320833 0.380000 0.020000 0.021667
3 0.287500 0.263333 0.008333 0.016667
2 0.723333 0.623333 0.015833 0.068333
2 0.463333 0.291667 0.009167 0.040000
2 0.570833 0.306667 0.017500 0.116667
2 0.451667 0.365000 0.045833 0.021667
3 0.486667 0.318333 0.009167 0.015000
2 0.774167 0.390000 0.026667 0.035000
2 0.553333 0.441667 0.026667 0.035000
3 0.747500 0.393333 0.007500 0.015000
2 0.326667 0.313333 0.058333 0.076667
2 0.414167 0.701667 0.029167 0.038333
2 0.295000 0.643333 0.020833 0.080000
3 0.308333 0.306667 0.009167 0.015000
2 0.342500 0.748333 0.026667 0.035000
