4 0.845833 0.531667 0.074167 0.125000
4 0.826667 0.563333 0.057500 0.098333
4 0.785000 0.483333 0.127500 0.068333
4 0.880000 0.666667 0.060000 0.090000
4 0.770000 0.453333 0.195833 0.058333
4 0.855000 0.556667 0.125000 0.123333
4 0.850833 0.528333 0.075000 0.118333
4 0.791667 0.606667 0.086667 0.131667
4 0.850000 0.636667 0.090833 0.108333
4 0.716667 0.528333 0.281667 0.116667
4 0.708333 0.523333 0.045000 0.020000
4 0.215833 0.501667 0.059167 0.091667
4 0.161667 0.626667 0.110833 0.200000
4 0.784167 0.613333 0.060000 0.155000
4 0.550000 0.540000 0.061667 0.058333
4 0.605833 0.480000 0.126667 0.086667
4 0.338333 0.483333 0.123333 0.138333
4 0.490000 0.518333 0.086667 0.073333
4 0.443333 0.593333 0.059167 0.075000
4 0.223333 0.526667 0.054167 0.046667
3 0.345000 0.518333 0.009167 0.018333
3 0.593333 0.520000 0.009167 0.016667
3 0.731667 0.490000 0.010000 0.016667
2 0.488333 0.561667 0.019167 0.046667
3 0.120833 0.541667 0.010833 0.013333
2 0.029167 0.506667 0.027500 0.016667
3 0.395000 0.475000 0.010000 0.020000
3 0.332500 0.600000 0.007500 0.015000
3 0.490000 0.551667 0.007500 0.015000
3 0.139167 0.593333 0.008333 0.016667
2 0.220833 0.443333 0.014167 0.015000
2 0.312500 0.483333 0.048333 0.043333
2 0.789167 0.540000 0.048333 0.043333
3 0.145000 0.568333 0.008333 0.016667
2 0.103333 0.581667 0.023333 0.041667
3 0.131667 0.575000 0.009167 0.015000
2 0.619167 0.546667 0.017500 0.116667
2 0.645833 0.456667 0.097500 0.053333
3 0.509167 0.521667 0.015833 0.051667
2 0.558333 0.571667 0.009167 0.040000
3 0.268333 0.453333 0.010000 0.016667
2 0.735000 0.471667 0.010000 0.031667
2 0.496667 0.616667 0.021667 0.090000
3 0.419167 0.473333 0.011667 0.030000
2 0.666667 0.481667 0.029167 0.038333
3 0.287500 0.501667 0.009167 0.018333
3 0.810833 0.681667 0.011667 0.030000
2 0.284167 0.478333 0.013333 0.070000
3 0.767500 0.551667 0.006667 0.018333
2 0.422500 0.545000 0.009167 0.040000
2 0.465000 0.591667 0.013333 0.070000
3 0.340000 0.443333 0.008333 0.016667
2 0.170833 0.508333 0.029167 0.038333
3 0.482500 0.581667 0.007500 0.015000
3 0.502500 0.516667 0.008333 0.016667
2 0.200833 0.466667 0.048333 0.025000
2 0.329167 0.551667 0.014167 0.015000
3 0.584167 0.491667 0.009167 0.015000
2 0.437500 0.616667 0.010833 0.091667
2 0.745833 0.465000 0.010000 0.031667
3 0.610000 0.453333 0.007500 0.016667
2 0.410000 0.486667 0.020000 0.021667
2 0.055833 0.550000 0.030833 0.051667
2 0.146667 0.573333 0.045833 0.021667
3 0.419167 0.473333 0.009167 0.018333
2 0.473333 0.513333 0.011667 0.066667
2 0.435000 0.503333 0.023333 0.041667
2 0.394167 0.471667 0.011667 0.025000
2 0.627500 0.511667 0.026667 0.035000
2 0.353333 0.523333 0.009167 0.040000
3 0.624167 0.573333 0.009167 0.016667
3 0.629167 0.551667 0.008333 0.016667
2 0.787500 0.498333 0.048333 0.025000
2 0.816667 0.355000 0.020833 0.028333
3 0.183333 0.451667 0.008333 0.016667
2 0.080000 0.576667 0.045833 0.021667
3 0.066667 0.516667 0.014167 0.025000
2 0.155833 0.520000 0.030833 0.051667
3 0.478333 0.606667 0.008333 0.021667
2 0.266667 0.441667 0.048333 0.043333
2 0.590833 0.466667 0.017500 0.116667
2 0.411667 0.445000 0.020833 0.028333
3 0.790000 0.501667 0.007500 0.018333
2 0.590000 0.471667 0.020000 0.021667
3 0.479167 0.548333 0.007500 0.018333
2 0.024167 0.551667 0.048333 0.076667
2 0.685000 0.595000 0.023333 0.106667
3 0.471667 0.543333 0.007500 0.015000
3 0.602500 0.555000 0.010833 0.023333
3 0.415833 0.581667 0.010000 0.016667
3 0.547500 0.550000 0.010833 0.023333
2 0.775000 0.525000 0.011667 0.025000
3 0.600833 0.515000 0.009167 0.016667
2 0.014167 0.486667 0.020833 0.028333
3 0.645000 0.485000 0.011667 0.030000
3 0.069167 0.500000 0.013333 0.015000
2 0.219167 0.471667 0.023333 0.106667
2 0.639167 0.460000 0.015833 0.068333
3 0.505833 0.471667 0.008333 0.016667
2 0.678333 0.573333 0.020000 0.021667
3 0.123333 0.523333 0.009167 0.015000
2 0.109167 0.486667 0.020833 0.080000
3 0.793333 0.546667 0.008333 0.021667
3 0.259167 0.516667 0.013333 0.031667
2 0.265833 0.543333 0.019167 0.046667
2 0.615833 0.560000 0.020000 0.021667
3 0.795833 0.443333 0.015833 0.051667
3 0.134167 0.473333 0.009167 0.015000
3 0.357500 0.456667 0.007500 0.015000
3 0.407500 0.516667 0.008333 0.016667
2 0.216667 0.493333 0.010000 0.031667
3 0.752500 0.451667 0.010000 0.016667
3 0.270000 0.510000 0.010000 0.016667
3 0.112500 0.480000 0.009167 0.018333
2 0.712500 0.611667 0.010833 0.091667
3 0.407500 0.465000 0.010833 0.023333
2 0.396667 0.480000 0.019167 0.046667
2 0.065833 0.506667 0.026667 0.035000
2 0.016667 0.560000 0.034167 0.043333
3 0.205833 0.510000 0.007500 0.015000
2 0.367500 0.501667 0.019167 0.046667
2 0.475000 0.558333 0.058333 0.076667
2 0.780000 0.376667 0.021667 0.090000
2 0.322500 0.353333 0.017500 0.116667
3 0.030000 0.601667 0.008333 0.016667
2 0.514167 0.403333 0.014167 0.015000
3 0.656667 0.403333 0.008333 0.016667
3 0.441667 0.711667 0.008333 0.016667
2 0.539167 0.323333 0.023333 0.041667
3 0.306667 0.673333 0.009167 0.016667
3 0.598333 0.998333 0.014167 0.001667
3 0.745000 0.380000 0.011667 0.030000
3 0.679167 0.625000 0.010833 0.023333
3 0.644167 0.361667 0.009167 0.015000
2 0.720000 0.743333 0.030833 0.051667
3 0.629167 0.658333 0.010833 0.023333
3 0.666667 0.408333 0.007500 0.016667
2 0.694167 0.398333 0.035000 0.105000
3 0.782500 0.411667 0.017500 0.031667
3 0.245833 0.375000 0.007500 0.015000
3 0.693333 0.331667 0.007500 0.015000
2 0.301667 0.806667 0.017500 0.116667
2 0.512500 0.370000 0.030833 0.051667
2 0.750000 0.385000 0.027500 0.016667
2 0.785000 0.421667 0.034167 0.100000
2 0.744167 0.613333 0.014167 0.015000
3 0.472500 0.336667 0.007500 0.015000
2 0.288333 0.280000 0.014167 0.015000
2 0.670000 0.460000 0.022500 0.023333
2 0.278333 0.863333 0.013333 0.070000
3 0.627500 0.651667 0.007500 0.018333
3 0.679167 0.398333 0.008333 0.016667
3 0.677500 0.433333 0.008333 0.016667
2 0.648333 0.660000 0.010833 0.091667
3 0.622500 0.391667 0.008333 0.016667
3 0.662500 0.418333 0.008333 0.021667
3 0.800833 0.401667 0.007500 0.015000
3 0.245000 0.376667 0.009167 0.016667
2 0.653333 0.373333 0.034167 0.038333
2 0.745833 0.608333 0.048333 0.043333
3 0.640000 0.433333 0.010000 0.016667
2 0.617500 0.628333 0.009167 0.040000
3 0.337500 0.256667 0.007500 0.015000
2 0.549167 0.768333 0.034167 0.100000
2 0.760000 0.335000 0.014167 0.015000
3 0.820000 0.393333 0.011667 0.030000
3 0.320833 0.351667 0.006667 0.018333
2 0.666667 0.323333 0.045833 0.021667
2 0.822500 0.451667 0.021667 0.090000
3 0.788333 0.408333 0.006667 0.018333
3 0.615833 0.653333 0.015833 0.051667
2 0.312500 0.311667 0.020833 0.080000
2 0.748333 0.691667 0.010833 0.091667
2 0.660000 0.595000 0.048333 0.025000
3 0.293333 0.788333 0.008333 0.016667
2 0.464167 0.766667 0.015833 0.068333
2 0.411667 0.671667 0.009167 0.040000
3 0.470000 0.800000 0.017500 0.031667
3 0.290000 0.276667 0.009167 0.023333
3 0.341667 0.261667 0.009167 0.018333
2 0.792500 0.641667 0.010000 0.031667
2 0.661667 0.370000 0.009167 0.040000
2 0.350000 0.375000 0.020833 0.080000
2 0.458333 0.611667 0.045833 0.021667
2 0.666667 0.356667 0.058333 0.076667
3 0.742500 0.803333 0.009167 0.015000
3 0.677500 0.333333 0.010000 0.020000
3 0.455000 0.288333 0.009167 0.016667
2 0.504167 0.281667 0.020833 0.028333
2 0.429167 0.751667 0.027500 0.016667
2 0.682500 0.326667 0.020000 0.021667
2 0.029167 0.610000 0.009167 0.031667
2 0.730000 0.365000 0.035000 0.105000
2 0.650833 0.368333 0.020833 0.080000
2 0.685000 0.425000 0.048333 0.043333
2 0.806667 0.413333 0.009167 0.040000
3 0.845000 0.323333 0.007500 0.018333
3 0.770833 0.345000 0.007500 0.015000
2 0.660833 0.450000 0.010833 0.091667
3 0.766667 0.745000 0.009167 0.015000
2 0.668333 0.648333 0.023333 0.106667
2 0.540833 0.233333 0.009167 0.040000
2 0.725000 0.633333 0.029167 0.038333
2 0.690833 0.716667 0.013333 0.070000
3 0.499167 0.306667 0.008333 0.021667
3 0.760000 0.596667 0.009167 0.015000
2 0.474167 0.285000 0.034167 0.100000
2 0.305000 0.371667 0.035000 0.105000
2 0.485000 0.411667 0.010833 0.091667
2 0.705833 0.435000 0.013333 0.070000
2 0.186667 0.400000 0.023333 0.106667
3 0.491667 0.336667 0.010000 0.020000
3 0.777500 0.380000 0.017500 0.031667
2 0.774167 0.636667 0.045833 0.021667
2 0.637500 0.371667 0.023333 0.106667
3 0.545000 0.650000 0.017500 0.031667
2 0.353333 0.723333 0.015833 0.068333
2 0.325833 0.363333 0.009167 0.040000
2 0.641667 0.360000 0.034167 0.100000
2 0.623333 0.368333 0.020833 0.080000
2 0.524167 0.661667 0.011667 0.066667
3 0.604167 0.403333 0.013333 0.031667
2 0.258333 0.373333 0.009167 0.031667
3 0.549167 0.193333 0.009167 0.018333
2 0.445000 0.121667 0.009167 0.040000
2 0.770833 0.588333 0.011667 0.025000
3 0.151667 0.671667 0.009167 0.015000
2 0.667500 0.298333 0.013333 0.070000
2 0.219167 0.328333 0.045833 0.021667
2 0.758333 0.615000 0.027500 0.016667
3 0.754167 0.606667 0.009167 0.015000
2 0.517500 0.440000 0.023333 0.106667
2 0.668333 0.310000 0.020833 0.028333
2 0.253333 0.763333 0.011667 0.066667
3 0.525000 0.395000 0.010000 0.016667
2 0.653333 0.313333 0.011667 0.066667
3 0.502500 0.260000 0.013333 0.031667
2 0.539167 0.641667 0.058333 0.076667
2 0.676667 0.590000 0.014167 0.015000
2 0.573333 0.653333 0.023333 0.106667
3 0.489167 0.286667 0.007500 0.015000
2 0.737500 0.611667 0.027500 0.016667
2 0.193333 0.651667 0.058333 0.076667
3 0.688333 0.645000 0.006667 0.018333
2 0.546667 0.403333 0.015833 0.068333
3 0.485833 0.858333 0.009167 0.015000
2 0.630833 0.655000 0.030833 0.051667
3 0.475833 0.826667 0.006667 0.018333
3 0.287500 0.821667 0.007500 0.015000
3 0.602500 0.751667 0.008333 0.021667
2 0.213333 0.666667 0.035000 0.105000
2 0.471667 0.728333 0.010000 0.031667
3 0.305833 0.336667 0.010833 0.013333
3 0.644167 0.380000 0.010833 0.013333
3 0.657500 0.700000 0.010833 0.023333
2 0.708333 0.676667 0.048333 0.043333
3 0.351667 0.611667 0.010000 0.020000
3 0.487500 0.861667 0.006667 0.018333
2 0.605833 0.655000 0.026667 0.035000
3 0.803333 0.623333 0.017500 0.031667
3 0.620833 0.646667 0.006667 0.018333
2 0.328333 0.800000 0.010000 0.031667
2 0.407500 0.698333 0.034167 0.100000
3 0.687500 0.383333 0.009167 0.015000
3 0.787500 0.375000 0.007500 0.015000
3 0.496667 0.768333 0.007500 0.018333
2 0.800833 0.368333 0.014167 0.015000
2 0.247500 0.281667 0.048333 0.025000
3 0.421667 0.673333 0.015833 0.051667
2 0.511667 0.691667 0.048333 0.025000
3 0.505000 0.338333 0.008333 0.021667
3 0.340833 0.655000 0.008333 0.021667
3 0.680833 0.385000 0.009167 0.015000
3 0.747500 0.711667 0.006667 0.018333
3 0.485833 0.640000 0.007500 0.015000
2 0.341667 0.775000 0.013333 0.070000
3 0.742500 0.665000 0.008333 0.021667
3 0.711667 0.380000 0.013333 0.031667
3 0.679167 0.375000 0.010000 0.016667
2 0.533333 0.700000 0.026667 0.035000
2 0.445833 0.366667 0.017500 0.116667
2 0.307500 0.755000 0.015833 0.068333
2 0.541667 0.700000 0.009167 0.031667
3 0.504167 0.270000 0.007500 0.015000
2 0.615000 0.645000 0.014167 0.015000
2 0.255000 0.705000 0.023333 0.041667
2 0.766667 0.685000 0.022500 0.023333
2 0.685000 0.613333 0.045833 0.021667
3 0.435833 0.748333 0.011667 0.020000
3 0.670833 0.361667 0.007500 0.016667
2 0.589167 0.586667 0.026667 0.035000
3 0.625000 0.325000 0.013333 0.015000
2 0.394167 0.631667 0.020833 0.080000
3 0.583333 0.751667 0.007500 0.018333
2 0.591667 0.748333 0.014167 0.015000
3 0.778333 0.700000 0.009167 0.018333
2 0.471667 0.223333 0.011667 0.066667
2 0.464167 0.698333 0.009167 0.031667
3 0.561667 0.248333 0.017500 0.031667
2 0.780000 0.375000 0.048333 0.043333
2 0.420833 0.750000 0.034167 0.038333
2 0.659167 0.473333 0.013333 0.070000
2 0.241667 0.378333 0.048333 0.025000
3 0.817500 0.621667 0.008333 0.016667
3 0.735833 0.276667 0.011667 0.030000
3 0.706667 0.705000 0.009167 0.016667
2 0.626667 0.386667 0.097500 0.053333
3 0.342500 0.836667 0.007500 0.015000
3 0.154167 0.416667 0.017500 0.031667
3 0.711667 0.346667 0.008333 0.016667
3 0.705833 0.675000 0.009167 0.015000
2 0.260833 0.656667 0.022500 0.023333
3 0.495000 0.753333 0.008333 0.016667
2 0.538333 0.323333 0.015833 0.068333
3 0.385000 0.401667 0.011667 0.020000
3 0.741667 0.335000 0.008333 0.016667
2 0.679167 0.655000 0.021667 0.090000
2 0.170000 0.360000 0.020833 0.080000
2 0.680833 0.693333 0.019167 0.046667
3 0.732500 0.595000 0.009167 0.016667
