4 0.887500 0.525000 0.080833 0.073333
4 0.852500 0.603333 0.069167 0.110000
4 0.811667 0.550000 0.073333 0.040000
4 0.806667 0.488333 0.123333 0.103333
4 0.832500 0.681667 0.116667 0.053333
4 0.765000 0.501667 0.259167 0.331667
4 0.883333 0.583333 0.085000 0.216667
4 0.818333 0.621667 0.076667 0.020000
4 0.876667 0.575000 0.035000 0.095000
4 0.855833 0.585000 0.125000 0.045000
4 0.680000 0.645000 0.080833 0.193333
4 0.041667 0.423333 0.084167 0.158333
4 0.609167 0.493333 0.067500 0.035000
4 0.210000 0.503333 0.091667 0.075000
4 0.320000 0.706667 0.170833 0.340000
4 0.240000 0.518333 0.102500 0.056667
4 0.685000 0.551667 0.120833 0.145000
4 0.503333 0.591667 0.080833 0.088333
4 0.491667 0.573333 0.080833 0.085000
4 0.582500 0.520000 0.075000 0.055000
3 0.412500 0.580000 0.008333 0.016667
2 0.011667 0.550000 0.021667 0.090000
2 0.090000 0.533333 0.026667 0.035000
2 0.759167 0.560000 0.020833 0.080000
2 0.601667 0.541667 0.023333 0.106667
2 0.804167 0.635000 0.021667 0.090000
3 0.070000 0.480000 0.009167 0.016667
2 0.252500 0.510000 0.023333 0.106667
2 0.537500 0.530000 0.010833 0.091667
2 0.427500 0.548333 0.097500 0.053333
2 0.636667 0.580000 0.009167 0.031667
3 0.437500 0.468333 0.009167 0.023333
3 0.340000 0.473333 0.008333 0.016667
3 0.825000 0.343333 0.007500 0.018333
3 0.650000 0.541667 0.011667 0.030000
3 0.294167 0.481667 0.008333 0.016667
2 0.202500 0.576667 0.015833 0.068333
2 0.424167 0.573333 0.009167 0.031667
2 0.335000 0.581667 0.010833 0.091667
3 0.758333 0.511667 0.008333 0.016667
3 0.827500 0.563333 0.009167 0.016667
2 0.741667 0.555000 0.020833 0.080000
3 0.281667 0.535000 0.008333 0.016667
2 0.469167 0.490000 0.020000 0.021667
2 0.737500 0.475000 0.009167 0.031667
2 0.488333 0.541667 0.010000 0.031667
2 0.200000 0.463333 0.021667 0.090000
2 0.421667 0.566667 0.013333 0.070000
2 0.783333 0.586667 0.034167 0.100000
2 0.580000 0.466667 0.029167 0.038333
3 0.409167 0.536667 0.009167 0.016667
2 0.113333 0.563333 0.020833 0.080000
2 0.226667 0.553333 0.023333 0.106667
2 0.591667 0.560000 0.027500 0.016667
2 0.651667 0.560000 0.009167 0.031667
3 0.797500 0.508333 0.007500 0.018333
2 0.638333 0.593333 0.013333 0.070000
2 0.158333 0.528333 0.023333 0.106667
3 0.195000 0.466667 0.007500 0.015000
3 0.388333 0.470000 0.010000 0.016667
2 0.498333 0.391667 0.011667 0.066667
3 0.824167 0.561667 0.006667 0.018333
3 0.048333 0.575000 0.006667 0.018333
2 0.213333 0.488333 0.023333 0.041667
2 0.175833 0.580000 0.045833 0.021667
2 0.113333 0.568333 0.048333 0.025000
3 0.477500 0.575000 0.011667 0.030000
3 0.146667 0.516667 0.007500 0.015000
2 0.160000 0.551667 0.034167 0.038333
2 0.615833 0.508333 0.029167 0.038333
2 0.560000 0.541667 0.022500 0.023333
2 0.742500 0.531667 0.020833 0.080000
3 0.442500 0.601667 0.007500 0.015000
2 0.621667 0.430000 0.011667 0.025000
3 0.618333 0.506667 0.009167 0.016667
3 0.112500 0.576667 0.010833 0.013333
2 0.775000 0.456667 0.027500 0.016667
2 0.106667 0.515000 0.027500 0.016667
3 0.378333 0.566667 0.014167 0.025000
2 0.320833 0.600000 0.045833 0.021667
2 0.669167 0.503333 0.022500 0.023333
2 0.166667 0.436667 0.017500 0.116667
2 0.338333 0.446667 0.045833 0.021667
2 0.490000 0.460000 0.034167 0.038333
3 0.344167 0.530000 0.013333 0.015000
2 0.358333 0.566667 0.097500 0.053333
2 0.705833 0.500000 0.014167 0.015000
2 0.232500 0.563333 0.010833 0.091667
2 0.607500 0.513333 0.010000 0.031667
3 0.734167 0.451667 0.009167 0.018333
3 0.041667 0.541667 0.011667 0.030000
3 0.771667 0.476667 0.006667 0.018333
2 0.502500 0.481667 0.010833 0.091667
3 0.165833 0.475000 0.011667 0.020000
2 0.662500 0.470000 0.027500 0.016667
2 0.436667 0.488333 0.030833 0.051667
2 0.590833 0.510000 0.023333 0.106667
2 0.659167 0.433333 0.035000 0.105000
2 0.644167 0.521667 0.015833 0.068333
2 0.675833 0.551667 0.014167 0.015000
3 0.616667 0.570000 0.008333 0.021667
2 0.021667 0.453333 0.011667 0.066667
2 0.306667 0.520000 0.019167 0.046667
2 0.340833 0.498333 0.010000 0.031667
2 0.577500 0.545000 0.021667 0.090000
2 0.030000 0.590000 0.009167 0.031667
2 0.643333 0.583333 0.048333 0.025000
2 0.670833 0.553333 0.009167 0.040000
2 0.529167 0.511667 0.020833 0.080000
3 0.264167 0.483333 0.011667 0.030000
3 0.529167 0.478333 0.011667 0.030000
2 0.035000 0.463333 0.015833 0.068333
2 0.527500 0.561667 0.048333 0.043333
3 0.804167 0.538333 0.017500 0.031667
3 0.611667 0.531667 0.014167 0.025000
3 0.606667 0.596667 0.010000 0.016667
3 0.230000 0.471667 0.007500 0.018333
3 0.096667 0.510000 0.010000 0.016667
3 0.373333 0.515000 0.010000 0.016667
2 0.534167 0.546667 0.027500 0.016667
2 0.759167 0.476667 0.010000 0.031667
2 0.155833 0.428333 0.045833 0.021667
2 0.337500 0.735000 0.048333 0.043333
3 0.331667 0.276667 0.008333 0.021667
2 0.672500 0.453333 0.020833 0.080000
2 0.699167 0.363333 0.048333 0.043333
3 0.451667 0.648333 0.007500 0.016667
2 0.670833 0.371667 0.020833 0.080000
2 0.722500 0.426667 0.010833 0.091667
2 0.283333 0.273333 0.058333 0.076667
3 0.374167 0.346667 0.006667 0.018333
2 0.740833 0.601667 0.048333 0.025000
2 0.550000 0.338333 0.027500 0.016667
3 0.765000 0.641667 0.010833 0.023333
3 0.215000 0.673333 0.015833 0.051667
3 0.665833 0.440000 0.010833 0.013333
2 0.696667 0.391667 0.035000 0.105000
2 0.630833 0.618333 0.020833 0.028333
3 0.354167 0.283333 0.009167 0.016667
3 0.698333 0.671667 0.006667 0.018333
2 0.655000 0.571667 0.058333 0.076667
2 0.843333 0.303333 0.011667 0.066667
2 0.640000 0.430000 0.023333 0.041667
2 0.679167 0.620000 0.034167 0.038333
2 0.614167 0.378333 0.058333 0.076667
2 0.740833 0.601667 0.048333 0.025000
3 0.621667 0.291667 0.007500 0.018333
2 0.761667 0.395000 0.011667 0.025000
2 0.759167 0.628333 0.013333 0.070000
2 0.411667 0.378333 0.011667 0.066667
2 0.471667 0.215000 0.020833 0.028333
2 0.540000 0.673333 0.029167 0.038333
2 0.630833 0.605000 0.058333 0.076667
2 0.352500 0.326667 0.097500 0.053333
2 0.275833 0.463333 0.021667 0.090000
3 0.337500 0.735000 0.011667 0.030000
2 0.280833 0.395000 0.048333 0.025000
3 0.795833 0.625000 0.014167 0.025000
3 0.567500 0.645000 0.015833 0.051667
2 0.332500 0.793333 0.010833 0.091667
3 0.530000 0.631667 0.007500 0.016667
3 0.326667 0.671667 0.010000 0.016667
2 0.779167 0.425000 0.023333 0.041667
3 0.777500 0.705000 0.007500 0.018333
2 0.415833 0.760000 0.023333 0.106667
3 0.646667 0.616667 0.014167 0.025000
2 0.505000 0.251667 0.035000 0.105000
3 0.800000 0.641667 0.008333 0.016667
2 0.773333 0.390000 0.010833 0.091667
2 0.648333 0.403333 0.022500 0.023333
3 0.685000 0.358333 0.017500 0.031667
2 0.710000 0.613333 0.048333 0.025000
2 0.490000 0.276667 0.009167 0.040000
3 0.785833 0.600000 0.008333 0.016667
2 0.777500 0.448333 0.010833 0.091667
2 0.493333 0.765000 0.020833 0.028333
3 0.551667 0.728333 0.007500 0.018333
3 0.403333 0.660000 0.009167 0.018333
2 0.736667 0.253333 0.009167 0.040000
3 0.555000 0.340000 0.008333 0.016667
3 0.692500 0.343333 0.009167 0.016667
3 0.321667 0.648333 0.007500 0.015000
3 0.281667 0.746667 0.007500 0.018333
3 0.570833 0.695000 0.007500 0.016667
3 0.680833 0.636667 0.010000 0.016667
3 0.720000 0.998333 0.008333 0.001667
3 0.667500 0.396667 0.009167 0.015000
3 0.306667 0.700000 0.009167 0.018333
2 0.796667 0.656667 0.034167 0.100000
3 0.801667 0.343333 0.013333 0.015000
3 0.790833 0.426667 0.009167 0.023333
3 0.720833 0.375000 0.010833 0.013333
2 0.750833 0.368333 0.015833 0.068333
3 0.237500 0.391667 0.008333 0.016667
3 0.152500 0.671667 0.007500 0.015000
2 0.465833 0.806667 0.029167 0.038333
2 0.538333 0.691667 0.034167 0.100000
2 0.605000 0.653333 0.011667 0.025000
2 0.526667 0.646667 0.048333 0.025000
2 0.673333 0.441667 0.030833 0.051667
2 0.319167 0.366667 0.020000 0.021667
3 0.668333 0.668333 0.008333 0.016667
2 0.764167 0.586667 0.034167 0.038333
2 0.773333 0.328333 0.034167 0.038333
2 0.600000 0.728333 0.017500 0.116667
2 0.448333 0.288333 0.020833 0.028333
3 0.323333 0.728333 0.009167 0.016667
2 0.816667 0.395000 0.020000 0.021667
2 0.374167 0.363333 0.020000 0.021667
2 0.213333 0.630000 0.017500 0.116667
2 0.687500 0.638333 0.022500 0.023333
2 0.345000 0.833333 0.017500 0.116667
3 0.275000 0.736667 0.017500 0.031667
3 0.251667 0.698333 0.014167 0.025000
3 0.760833 0.603333 0.008333 0.021667
2 0.782500 0.731667 0.026667 0.035000
2 0.426667 0.736667 0.027500 0.016667
3 0.267500 0.723333 0.007500 0.015000
3 0.804167 0.728333 0.007500 0.015000
3 0.675833 0.348333 0.015833 0.051667
3 0.372500 0.326667 0.015833 0.051667
2 0.279167 0.690000 0.010833 0.091667
3 0.681667 0.421667 0.014167 0.025000
2 0.393333 0.351667 0.011667 0.025000
2 0.567500 0.150000 0.014167 0.015000
3 0.343333 0.310000 0.008333 0.016667
3 0.230000 0.398333 0.010000 0.020000
2 0.317500 0.771667 0.023333 0.041667
3 0.295000 0.745000 0.015833 0.051667
2 0.415000 0.705000 0.011667 0.066667
3 0.822500 0.396667 0.007500 0.018333
3 0.460000 0.883333 0.006667 0.018333
3 0.240833 0.380000 0.017500 0.031667
3 0.479167 0.378333 0.013333 0.031667
2 0.540833 0.681667 0.021667 0.090000
3 0.282500 0.400000 0.008333 0.016667
3 0.688333 0.270000 0.008333 0.016667
2 0.461667 0.631667 0.045833 0.021667
3 0.170833 0.403333 0.007500 0.018333
2 0.466667 0.438333 0.045833 0.021667
2 0.770000 0.371667 0.009167 0.031667
2 0.600000 0.773333 0.013333 0.070000
2 0.519167 0.710000 0.021667 0.090000
2 0.528333 0.700000 0.022500 0.023333
2 0.431667 0.788333 0.035000 0.105000
2 0.209167 0.643333 0.026667 0.035000
2 0.447500 0.711667 0.014167 0.015000
3 0.471667 0.121667 0.010000 0.016667
2 0.275833 0.653333 0.015833 0.068333
2 0.399167 0.698333 0.010833 0.091667
2 0.552500 0.661667 0.023333 0.106667
3 0.707500 0.421667 0.010833 0.023333
2 0.448333 0.656667 0.034167 0.038333
3 0.311667 0.795000 0.007500 0.016667
3 0.806667 0.726667 0.010000 0.020000
3 0.708333 0.373333 0.009167 0.018333
3 0.695000 0.678333 0.007500 0.018333
2 0.680833 0.278333 0.023333 0.106667
2 0.749167 0.376667 0.045833 0.021667
2 0.808333 0.666667 0.010833 0.091667
3 0.690000 0.713333 0.010833 0.023333
3 0.540000 0.688333 0.013333 0.015000
2 0.575833 0.413333 0.027500 0.016667
2 0.487500 0.813333 0.010833 0.091667
2 0.678333 0.380000 0.009167 0.040000
3 0.203333 0.730000 0.009167 0.023333
3 0.280000 0.703333 0.014167 0.025000
3 0.756667 0.715000 0.009167 0.016667
3 0.243333 0.703333 0.009167 0.016667
3 0.800833 0.411667 0.008333 0.016667
2 0.510000 0.406667 0.034167 0.100000
3 0.700833 0.431667 0.015833 0.051667
3 0.657500 0.658333 0.007500 0.015000
2 0.243333 0.803333 0.030833 0.051667
2 0.787500 0.715000 0.011667 0.066667
2 0.550833 0.675000 0.009167 0.031667
2 0.689167 0.291667 0.023333 0.106667
2 0.668333 0.660000 0.027500 0.016667
2 0.297500 0.263333 0.015833 0.068333
3 0.309167 0.793333 0.013333 0.015000
3 0.736667 0.271667 0.009167 0.018333
3 0.665833 0.410000 0.009167 0.016667
2 0.249167 0.688333 0.019167 0.046667
2 0.532500 0.395000 0.013333 0.070000
2 0.675000 0.338333 0.015833 0.068333
2 0.558333 0.420000 0.011667 0.025000
3 0.790000 0.395000 0.009167 0.016667
2 0.315833 0.318333 0.021667 0.090000
2 0.388333 0.728333 0.045833 0.021667
3 0.305833 0.150000 0.006667 0.018333
3 0.293333 0.778333 0.007500 0.018333
3 0.712500 0.435000 0.017500 0.031667
2 0.708333 0.575000 0.058333 0.076667
2 0.702500 0.613333 0.045833 0.021667
3 0.540833 0.691667 0.010833 0.023333
2 0.643333 0.471667 0.021667 0.090000
2 0.665833 0.480000 0.010833 0.091667
3 0.338333 0.223333 0.009167 0.016667
2 0.631667 0.435000 0.013333 0.070000
2 0.820833 0.378333 0.035000 0.105000
2 0.425000 0.681667 0.023333 0.106667
3 0.580833 0.758333 0.007500 0.015000
3 0.525833 0.681667 0.007500 0.016667
2 0.305833 0.711667 0.014167 0.015000
2 0.473333 0.735000 0.020833 0.080000
3 0.728333 0.355000 0.008333 0.016667
2 0.730000 0.686667 0.010833 0.091667
2 0.320833 0.746667 0.015833 0.068333
2 0.285000 0.313333 0.020833 0.080000
2 0.244167 0.673333 0.017500 0.116667
3 0.453333 0.270000 0.009167 0.016667
3 0.480000 0.323333 0.007500 0.018333
3 0.407500 0.726667 0.006667 0.018333
3 0.685833 0.391667 0.017500 0.031667
2 0.511667 0.395000 0.034167 0.100000
3 0.470000 0.293333 0.008333 0.016667
2 0.705000 0.356667 0.015833 0.068333
3 0.340833 0.310000 0.013333 0.031667
2 0.547500 0.348333 0.023333 0.041667
3 0.594167 0.585000 0.015833 0.051667
