4 0.814167 0.793333 0.179167 0.273333
4 0.881667 0.621667 0.026667 0.063333
4 0.864167 0.516667 0.065833 0.065000
4 0.847500 0.538333 0.065833 0.150000
4 0.875000 0.493333 0.103333 0.128333
4 0.878333 0.533333 0.095000 0.130000
4 0.803333 0.600000 0.097500 0.095000
4 0.837500 0.621667 0.066667 0.080000
4 0.816667 0.326667 0.112500 0.178333
4 0.857500 0.546667 0.093333 0.091667
4 0.130000 0.423333 0.161667 0.225000
4 0.205000 0.358333 0.200833 0.330000
4 0.749167 0.505000 0.036667 0.016667
4 0.775000 0.485000 0.063333 0.060000
4 0.761667 0.551667 0.094167 0.058333
4 0.130833 0.538333 0.069167 0.115000
4 0.293333 0.541667 0.030000 0.085000
4 0.406667 0.510000 0.048333 0.050000
4 0.073333 0.466667 0.134167 0.186667
4 0.617500 0.421667 0.097500 0.156667
2 0.527500 0.476667 0.020000 0.021667
2 0.588333 0.525000 0.029167 0.038333
2 0.196667 0.565000 0.048333 0.025000
3 0.597500 0.606667 0.009167 0.015000
3 0.793333 0.470000 0.009167 0.018333
2 0.372500 0.500000 0.011667 0.066667
2 0.638333 0.500000 0.010833 0.091667
2 0.315833 0.518333 0.017500 0.116667
3 0.687500 0.520000 0.007500 0.015000
3 0.150833 0.470000 0.010833 0.023333
3 0.613333 0.620000 0.010000 0.016667
3 0.050833 0.581667 0.015833 0.051667
2 0.571667 0.565000 0.020833 0.028333
2 0.128333 0.446667 0.027500 0.016667
3 0.341667 0.506667 0.008333 0.016667
3 0.186667 0.511667 0.008333 0.021667
3 0.596667 0.480000 0.007500 0.015000
2 0.780000 0.560000 0.009167 0.031667
3 0.540000 0.491667 0.008333 0.016667
3 0.170833 0.438333 0.011667 0.030000
2 0.490000 0.435000 0.027500 0.016667
2 0.583333 0.466667 0.097500 0.053333
2 0.200000 0.421667 0.097500 0.053333
2 0.067500 0.520000 0.048333 0.025000
3 0.642500 0.586667 0.010000 0.016667
3 0.164167 0.598333 0.014167 0.025000
2 0.468333 0.543333 0.030833 0.051667
3 0.190000 0.578333 0.009167 0.016667
2 0.443333 0.463333 0.026667 0.035000
2 0.489167 0.456667 0.022500 0.023333
2 0.672500 0.573333 0.020000 0.021667
2 0.292500 0.578333 0.029167 0.038333
2 0.700000 0.448333 0.020833 0.080000
2 0.409167 0.575000 0.009167 0.040000
3 0.212500 0.505000 0.008333 0.016667
2 0.538333 0.470000 0.026667 0.035000
3 0.299167 0.445000 0.009167 0.016667
2 0.380833 0.503333 0.058333 0.076667
2 0.480000 0.551667 0.027500 0.016667
3 0.436667 0.616667 0.015833 0.051667
2 0.590000 0.463333 0.010000 0.031667
2 0.470000 0.456667 0.035000 0.105000
3 0.143333 0.540000 0.007500 0.015000
3 0.620833 0.468333 0.009167 0.023333
2 0.801667 0.515000 0.019167 0.046667
2 0.211667 0.545000 0.011667 0.066667
2 0.321667 0.493333 0.045833 0.021667
2 0.229167 0.560000 0.058333 0.076667
3 0.664167 0.481667 0.007500 0.018333
2 0.619167 0.463333 0.011667 0.025000
2 0.595000 0.623333 0.021667 0.090000
3 0.474167 0.433333 0.011667 0.020000
3 0.379167 0.485000 0.011667 0.030000
3 0.097500 0.480000 0.010000 0.016667
2 0.808333 0.606667 0.048333 0.025000
2 0.188333 0.450000 0.020833 0.080000
2 0.150833 0.543333 0.045833 0.021667
3 0.739167 0.548333 0.008333 0.016667
3 0.638333 0.536667 0.011667 0.020000
2 0.026667 0.513333 0.029167 0.038333
2 0.709167 0.570000 0.014167 0.015000
2 0.663333 0.531667 0.022500 0.023333
2 0.251667 0.465000 0.014167 0.015000
2 0.808333 0.510000 0.019167 0.046667
3 0.209167 0.583333 0.017500 0.031667
3 0.441667 0.555000 0.008333 0.016667
2 0.475833 0.553333 0.030833 0.051667
2 0.138333 0.541667 0.023333 0.106667
3 0.505000 0.535000 0.009167 0.015000
3 0.496667 0.466667 0.008333 0.016667
3 0.170833 0.440000 0.010833 0.013333
3 0.646667 0.558333 0.017500 0.031667
3 0.685833 0.545000 0.008333 0.016667
2 0.685000 0.513333 0.020833 0.080000
3 0.149167 0.600000 0.009167 0.016667
3 0.475833 0.598333 0.009167 0.016667
2 0.253333 0.496667 0.097500 0.053333
3 0.130833 0.596667 0.011667 0.030000
3 0.144167 0.583333 0.008333 0.016667
2 0.138333 0.450000 0.020000 0.021667
3 0.307500 0.498333 0.011667 0.020000
2 0.604167 0.540000 0.009167 0.040000
2 0.170833 0.525000 0.020833 0.028333
2 0.272500 0.585000 0.010000 0.031667
2 0.520000 0.570000 0.023333 0.106667
3 0.432500 0.620000 0.015833 0.051667
3 0.080000 0.513333 0.009167 0.016667
2 0.648333 0.556667 0.011667 0.066667
2 0.231667 0.473333 0.009167 0.031667
2 0.825833 0.603333 0.014167 0.015000
2 0.463333 0.543333 0.048333 0.043333
3 0.170833 0.593333 0.007500 0.015000
3 0.563333 0.493333 0.010000 0.020000
3 0.820833 0.598333 0.009167 0.016667
3 0.673333 0.543333 0.007500 0.018333
3 0.712500 0.566667 0.007500 0.015000
2 0.377500 0.570000 0.021667 0.090000
2 0.756667 0.490000 0.045833 0.021667
2 0.440000 0.575000 0.020833 0.080000
2 0.775000 0.506667 0.022500 0.023333
2 0.409167 0.453333 0.026667 0.035000
3 0.527500 0.533333 0.007500 0.018333
2 0.295000 0.236667 0.048333 0.025000
2 0.481667 0.241667 0.019167 0.046667
3 0.553333 0.358333 0.011667 0.020000
2 0.410833 0.710000 0.020833 0.080000
2 0.536667 0.705000 0.020000 0.021667
2 0.620833 0.675000 0.048333 0.025000
2 0.746667 0.436667 0.013333 0.070000
2 0.561667 0.710000 0.029167 0.038333
3 0.725000 0.350000 0.009167 0.016667
3 0.692500 0.753333 0.007500 0.018333
2 0.534167 0.771667 0.010833 0.091667
2 0.553333 0.685000 0.020833 0.080000
3 0.703333 0.716667 0.007500 0.018333
3 0.377500 0.383333 0.010833 0.023333
3 0.678333 0.726667 0.007500 0.015000
3 0.710833 0.695000 0.009167 0.016667
2 0.585833 0.760000 0.026667 0.035000
2 0.515000 0.366667 0.023333 0.041667
2 0.536667 0.255000 0.058333 0.076667
3 0.691667 0.628333 0.010000 0.016667
3 0.655833 0.671667 0.009167 0.023333
2 0.784167 0.650000 0.034167 0.038333
3 0.421667 0.378333 0.015833 0.051667
2 0.316667 0.768333 0.010833 0.091667
3 0.610833 0.391667 0.006667 0.018333
2 0.675833 0.746667 0.010833 0.091667
3 0.630833 0.431667 0.010833 0.013333
2 0.780833 0.373333 0.045833 0.021667
3 0.516667 0.718333 0.007500 0.015000
2 0.733333 0.271667 0.009167 0.031667
3 0.560833 0.746667 0.011667 0.030000
2 0.575833 0.763333 0.013333 0.070000
2 0.527500 0.361667 0.020000 0.021667
2 0.730000 0.831667 0.034167 0.100000
2 0.762500 0.385000 0.021667 0.090000
2 0.532500 0.361667 0.023333 0.041667
3 0.675833 0.718333 0.007500 0.016667
3 0.143333 0.655000 0.008333 0.016667
3 0.475833 0.805000 0.010000 0.016667
2 0.480833 0.626667 0.011667 0.066667
3 0.660833 0.421667 0.008333 0.016667
3 0.702500 0.635000 0.009167 0.015000
2 0.445000 0.353333 0.019167 0.046667
2 0.506667 0.396667 0.029167 0.038333
3 0.681667 0.636667 0.007500 0.015000
2 0.579167 0.333333 0.048333 0.025000
3 0.173333 0.638333 0.008333 0.016667
2 0.705833 0.648333 0.097500 0.053333
3 0.800000 0.406667 0.007500 0.016667
2 0.588333 0.391667 0.019167 0.046667
3 0.690000 0.353333 0.007500 0.016667
2 0.706667 0.653333 0.034167 0.100000
2 0.686667 0.358333 0.048333 0.025000
3 0.799167 0.406667 0.009167 0.016667
3 0.807500 0.728333 0.008333 0.016667
2 0.764167 0.346667 0.009167 0.040000
2 0.655000 0.396667 0.023333 0.041667
2 0.404167 0.666667 0.015833 0.068333
3 0.390833 0.671667 0.009167 0.015000
2 0.726667 0.651667 0.026667 0.035000
3 0.711667 0.676667 0.011667 0.020000
2 0.145833 0.665000 0.020833 0.028333
2 0.635000 0.375000 0.048333 0.025000
3 0.695000 0.638333 0.006667 0.018333
2 0.355000 0.620000 0.023333 0.041667
3 0.564167 0.440000 0.009167 0.015000
3 0.434167 0.656667 0.006667 0.018333
2 0.805833 0.630000 0.010000 0.031667
2 0.801667 0.420000 0.034167 0.100000
3 0.550000 0.708333 0.010000 0.016667
3 0.365000 0.425000 0.014167 0.025000
3 0.540833 0.696667 0.011667 0.020000
3 0.258333 0.363333 0.010000 0.020000
2 0.727500 0.343333 0.017500 0.116667
2 0.338333 0.390000 0.035000 0.105000
2 0.271667 0.738333 0.014167 0.015000
2 0.381667 0.746667 0.019167 0.046667
3 0.720833 0.620000 0.009167 0.018333
2 0.534167 0.331667 0.013333 0.070000
3 0.501667 0.400000 0.008333 0.021667
2 0.705833 0.315000 0.026667 0.035000
2 0.701667 0.340000 0.010000 0.031667
2 0.807500 0.695000 0.019167 0.046667
3 0.324167 0.383333 0.013333 0.031667
3 0.801667 0.726667 0.013333 0.015000
3 0.757500 0.410000 0.010833 0.023333
2 0.505833 0.360000 0.020000 0.021667
3 0.715000 0.233333 0.007500 0.015000
3 0.564167 0.671667 0.007500 0.016667
2 0.293333 0.698333 0.009167 0.040000
2 0.764167 0.611667 0.035000 0.105000
2 0.735833 0.686667 0.020000 0.021667
3 0.313333 0.208333 0.009167 0.016667
3 0.555000 0.703333 0.009167 0.015000
2 0.678333 0.695000 0.034167 0.100000
3 0.697500 0.670000 0.007500 0.015000
2 0.710000 0.998333 0.009167 0.001667
3 0.781667 0.420000 0.009167 0.016667
3 0.416667 0.730000 0.008333 0.021667
3 0.615000 0.770000 0.007500 0.016667
3 0.275833 0.395000 0.008333 0.016667
2 0.652500 0.310000 0.019167 0.046667
3 0.516667 0.718333 0.007500 0.015000
3 0.291667 0.718333 0.013333 0.031667
3 0.609167 0.390000 0.010000 0.020000
3 0.294167 0.711667 0.009167 0.018333
2 0.448333 0.813333 0.019167 0.046667
2 0.820000 0.423333 0.013333 0.070000
2 0.309167 0.343333 0.034167 0.038333
3 0.792500 0.628333 0.011667 0.020000
3 0.555833 0.710000 0.008333 0.021667
2 0.732500 0.336667 0.029167 0.038333
2 0.310000 0.640000 0.017500 0.116667
3 0.730833 0.658333 0.013333 0.031667
2 0.685833 0.636667 0.011667 0.025000
3 0.606667 0.310000 0.009167 0.015000
2 0.265833 0.805000 0.009167 0.031667
2 0.304167 0.385000 0.029167 0.038333
3 0.321667 0.760000 0.009167 0.018333
2 0.706667 0.320000 0.010000 0.031667
3 0.410000 0.788333 0.015833 0.051667
3 0.760833 0.373333 0.009167 0.016667
3 0.658333 0.700000 0.009167 0.016667
3 0.324167 0.690000 0.009167 0.016667
3 0.169167 0.391667 0.007500 0.018333
3 0.354167 0.401667 0.007500 0.015000
2 0.433333 0.425000 0.026667 0.035000
2 0.327500 0.243333 0.030833 0.051667
3 0.823333 0.701667 0.008333 0.016667
3 0.388333 0.755000 0.009167 0.016667
3 0.305000 0.721667 0.015833 0.051667
2 0.495000 0.340000 0.010000 0.031667
2 0.739167 0.718333 0.023333 0.106667
2 0.758333 0.633333 0.097500 0.053333
2 0.266667 0.691667 0.035000 0.105000
3 0.331667 0.273333 0.008333 0.016667
2 0.516667 0.380000 0.048333 0.043333
2 0.691667 0.333333 0.029167 0.038333
2 0.443333 0.260000 0.029167 0.038333
3 0.486667 0.751667 0.008333 0.016667
2 0.445000 0.688333 0.015833 0.068333
3 0.776667 0.363333 0.007500 0.015000
2 0.283333 0.238333 0.029167 0.038333
3 0.155000 0.618333 0.011667 0.020000
2 0.333333 0.321667 0.013333 0.070000
2 0.392500 0.400000 0.034167 0.100000
2 0.451667 0.403333 0.010833 0.091667
3 0.540000 0.733333 0.008333 0.016667
3 0.329167 0.310000 0.010833 0.013333
2 0.274167 0.260000 0.010000 0.031667
3 0.680000 0.433333 0.017500 0.031667
3 0.700833 0.370000 0.010833 0.013333
2 0.344167 0.438333 0.023333 0.041667
2 0.303333 0.346667 0.020000 0.021667
3 0.750000 0.610000 0.009167 0.016667
3 0.714167 0.676667 0.009167 0.016667
2 0.699167 0.348333 0.026667 0.035000
2 0.431667 0.745000 0.020000 0.021667
2 0.634167 0.436667 0.026667 0.035000
3 0.408333 0.356667 0.008333 0.016667
2 0.665000 0.416667 0.048333 0.043333
2 0.785833 0.415000 0.045833 0.021667
2 0.706667 0.703333 0.058333 0.076667
2 0.631667 0.446667 0.021667 0.090000
2 0.382500 0.786667 0.020833 0.080000
2 0.420000 0.383333 0.022500 0.023333
3 0.679167 0.421667 0.008333 0.016667
3 0.720833 0.646667 0.007500 0.015000
3 0.829167 0.425000 0.008333 0.016667
3 0.281667 0.745000 0.008333 0.016667
3 0.478333 0.283333 0.007500 0.018333
3 0.686667 0.280000 0.013333 0.015000
2 0.268333 0.673333 0.023333 0.041667
2 0.417500 0.378333 0.013333 0.070000
2 0.437500 0.678333 0.023333 0.041667
2 0.480833 0.636667 0.017500 0.116667
2 0.225833 0.395000 0.023333 0.041667
3 0.499167 0.771667 0.009167 0.015000
3 0.710000 0.616667 0.011667 0.030000
3 0.557500 0.273333 0.013333 0.031667
2 0.328333 0.656667 0.009167 0.031667
2 0.548333 0.266667 0.034167 0.038333
2 0.826667 0.390000 0.015833 0.068333
3 0.654167 0.415000 0.010000 0.020000
2 0.770833 0.663333 0.023333 0.106667
2 0.693333 0.691667 0.048333 0.025000
3 0.273333 0.418333 0.011667 0.030000
3 0.291667 0.283333 0.007500 0.018333
2 0.495833 0.818333 0.045833 0.021667
3 0.785833 0.686667 0.010000 0.020000
2 0.524167 0.728333 0.023333 0.041667
3 0.746667 0.780000 0.008333 0.016667
3 0.325000 0.810000 0.015833 0.051667
3 0.743333 0.670000 0.009167 0.015000
2 0.278333 0.863333 0.013333 0.070000
2 0.415833 0.638333 0.019167 0.046667
3 0.732500 0.721667 0.013333 0.031667
3 0.705000 0.371667 0.007500 0.015000
