4 0.763333 0.488333 0.223333 0.213333
4 0.870000 0.673333 0.062500 0.183333
4 0.865833 0.615000 0.073333 0.133333
4 0.842500 0.515000 0.096667 0.198333
4 0.816667 0.503333 0.073333 0.048333
4 0.810000 0.461667 0.065833 0.081667
4 0.835000 0.520000 0.057500 0.053333
4 0.837500 0.590000 0.040833 0.081667
4 0.855833 0.588333 0.085833 0.161667
4 0.854167 0.500000 0.064167 0.100000
4 0.273333 0.548333 0.042500 0.085000
4 0.048333 0.573333 0.097500 0.068333
4 0.066667 0.630000 0.133333 0.161667
4 0.265833 0.510000 0.128333 0.085000
4 0.752500 0.580000 0.075000 0.191667
4 0.441667 0.548333 0.056667 0.051667
4 0.734167 0.550000 0.105833 0.085000
4 0.446667 0.636667 0.053333 0.143333
4 0.185833 0.595000 0.072500 0.140000
4 0.406667 0.491667 0.054167 0.076667
2 0.381667 0.476667 0.022500 0.023333
3 0.607500 0.608333 0.009167 0.016667
3 0.474167 0.483333 0.011667 0.020000
3 0.573333 0.526667 0.015833 0.051667
3 0.571667 0.465000 0.009167 0.016667
2 0.546667 0.600000 0.023333 0.106667
2 0.200000 0.575000 0.010833 0.091667
3 0.612500 0.531667 0.007500 0.015000
3 0.448333 0.585000 0.008333 0.016667
2 0.126667 0.486667 0.058333 0.076667
3 0.035000 0.471667 0.010000 0.020000
2 0.657500 0.528333 0.020833 0.080000
3 0.496667 0.481667 0.010833 0.013333
2 0.569167 0.503333 0.009167 0.040000
2 0.132500 0.521667 0.021667 0.090000
3 0.374167 0.496667 0.009167 0.015000
3 0.472500 0.450000 0.008333 0.016667
2 0.404167 0.551667 0.020833 0.080000
3 0.648333 0.588333 0.015833 0.051667
2 0.140000 0.515000 0.048333 0.043333
3 0.570833 0.456667 0.010833 0.013333
3 0.061667 0.575000 0.006667 0.018333
3 0.746667 0.530000 0.007500 0.015000
2 0.751667 0.550000 0.009167 0.031667
2 0.665000 0.491667 0.029167 0.038333
3 0.762500 0.555000 0.006667 0.018333
3 0.409167 0.583333 0.007500 0.015000
2 0.337500 0.516667 0.021667 0.090000
3 0.147500 0.605000 0.009167 0.016667
3 0.265833 0.538333 0.014167 0.025000
3 0.487500 0.483333 0.009167 0.016667
2 0.624167 0.481667 0.020833 0.080000
3 0.807500 0.458333 0.017500 0.031667
2 0.255000 0.538333 0.048333 0.043333
2 0.356667 0.528333 0.009167 0.040000
3 0.322500 0.603333 0.011667 0.030000
3 0.720000 0.466667 0.008333 0.016667
3 0.576667 0.560000 0.007500 0.018333
2 0.507500 0.603333 0.010833 0.091667
3 0.688333 0.576667 0.009167 0.015000
3 0.715000 0.516667 0.007500 0.015000
3 0.290833 0.588333 0.017500 0.031667
2 0.197500 0.570000 0.020833 0.028333
3 0.815000 0.596667 0.007500 0.016667
2 0.445833 0.470000 0.029167 0.038333
2 0.443333 0.601667 0.015833 0.068333
2 0.681667 0.575000 0.011667 0.066667
2 0.367500 0.555000 0.097500 0.053333
2 0.018333 0.548333 0.034167 0.038333
3 0.720833 0.483333 0.007500 0.018333
3 0.235833 0.541667 0.009167 0.016667
2 0.815833 0.670000 0.010000 0.031667
3 0.169167 0.573333 0.009167 0.016667
2 0.384167 0.481667 0.023333 0.041667
3 0.040000 0.498333 0.009167 0.018333
2 0.130000 0.555000 0.023333 0.106667
3 0.345833 0.565000 0.009167 0.016667
3 0.621667 0.603333 0.007500 0.018333
3 0.085833 0.540000 0.008333 0.016667
3 0.234167 0.515000 0.008333 0.016667
2 0.675000 0.581667 0.013333 0.070000
2 0.022500 0.456667 0.020833 0.028333
2 0.347500 0.523333 0.026667 0.035000
2 0.031667 0.538333 0.014167 0.015000
2 0.585000 0.565000 0.015833 0.068333
2 0.212500 0.541667 0.015833 0.068333
2 0.187500 0.585000 0.010833 0.091667
3 0.750833 0.453333 0.009167 0.015000
2 0.705000 0.535000 0.029167 0.038333
2 0.709167 0.483333 0.097500 0.053333
2 0.566667 0.540000 0.020833 0.028333
3 0.275000 0.518333 0.008333 0.016667
3 0.082500 0.563333 0.008333 0.016667
2 0.720833 0.536667 0.011667 0.066667
3 0.104167 0.573333 0.009167 0.023333
2 0.010000 0.518333 0.020833 0.016667
2 0.717500 0.535000 0.020000 0.021667
3 0.220833 0.491667 0.010000 0.020000
2 0.494167 0.553333 0.034167 0.100000
2 0.390833 0.498333 0.097500 0.053333
3 0.619167 0.503333 0.010000 0.020000
3 0.300833 0.466667 0.008333 0.016667
3 0.193333 0.481667 0.017500 0.031667
2 0.585833 0.461667 0.020833 0.028333
3 0.685000 0.491667 0.009167 0.015000
2 0.324167 0.598333 0.020833 0.028333
2 0.652500 0.555000 0.027500 0.016667
2 0.779167 0.445000 0.035000 0.105000
2 0.350000 0.593333 0.013333 0.070000
3 0.206667 0.570000 0.008333 0.016667
3 0.086667 0.488333 0.007500 0.016667
3 0.462500 0.591667 0.008333 0.016667
3 0.359167 0.548333 0.014167 0.025000
2 0.440833 0.530000 0.035000 0.105000
2 0.463333 0.520000 0.009167 0.031667
2 0.241667 0.448333 0.058333 0.076667
3 0.060000 0.570000 0.014167 0.025000
2 0.410833 0.566667 0.048333 0.043333
3 0.290000 0.503333 0.011667 0.030000
2 0.729167 0.563333 0.020833 0.080000
2 0.323333 0.596667 0.014167 0.015000
2 0.407500 0.570000 0.026667 0.035000
2 0.529167 0.296667 0.020000 0.021667
2 0.457500 0.808333 0.045833 0.021667
3 0.451667 0.673333 0.007500 0.015000
3 0.318333 0.731667 0.007500 0.015000
3 0.225000 0.695000 0.009167 0.016667
3 0.544167 0.621667 0.010000 0.020000
2 0.789167 0.408333 0.023333 0.106667
3 0.790000 0.658333 0.010833 0.023333
3 0.698333 0.365000 0.006667 0.018333
3 0.268333 0.650000 0.007500 0.018333
2 0.447500 0.795000 0.023333 0.106667
3 0.646667 0.411667 0.008333 0.016667
2 0.775833 0.698333 0.014167 0.015000
2 0.795000 0.631667 0.011667 0.025000
2 0.435000 0.825000 0.027500 0.016667
2 0.655833 0.651667 0.011667 0.025000
3 0.170833 0.385000 0.007500 0.016667
2 0.600833 0.400000 0.026667 0.035000
2 0.465833 0.761667 0.020833 0.080000
3 0.523333 0.351667 0.009167 0.016667
2 0.797500 0.390000 0.034167 0.038333
2 0.692500 0.818333 0.034167 0.100000
3 0.517500 0.293333 0.009167 0.016667
3 0.712500 0.631667 0.009167 0.016667
3 0.652500 0.418333 0.008333 0.016667
2 0.693333 0.346667 0.015833 0.068333
3 0.684167 0.398333 0.009167 0.023333
2 0.283333 0.385000 0.020833 0.080000
2 0.530833 0.700000 0.011667 0.025000
3 0.435833 0.403333 0.008333 0.021667
3 0.745833 0.605000 0.009167 0.015000
2 0.540833 0.655000 0.026667 0.035000
2 0.793333 0.395000 0.013333 0.070000
2 0.621667 0.400000 0.009167 0.031667
3 0.308333 0.708333 0.011667 0.030000
3 0.735000 0.413333 0.009167 0.016667
3 0.530000 0.356667 0.015833 0.051667
2 0.565833 0.756667 0.009167 0.031667
3 0.443333 0.358333 0.009167 0.016667
2 0.326667 0.736667 0.034167 0.100000
2 0.445833 0.411667 0.013333 0.070000
2 0.486667 0.173333 0.026667 0.035000
2 0.485000 0.328333 0.048333 0.043333
3 0.758333 0.341667 0.017500 0.031667
3 0.734167 0.688333 0.014167 0.025000
3 0.624167 0.363333 0.009167 0.016667
3 0.240000 0.816667 0.007500 0.018333
2 0.785833 0.641667 0.020833 0.028333
3 0.665833 0.651667 0.014167 0.025000
3 0.339167 0.711667 0.009167 0.016667
3 0.738333 0.686667 0.010000 0.016667
3 0.470000 0.370000 0.009167 0.015000
2 0.685000 0.341667 0.019167 0.046667
2 0.702500 0.658333 0.014167 0.015000
3 0.278333 0.286667 0.008333 0.021667
2 0.738333 0.611667 0.029167 0.038333
2 0.727500 0.556667 0.020833 0.080000
3 0.702500 0.371667 0.013333 0.015000
3 0.774167 0.353333 0.010000 0.020000
3 0.483333 0.828333 0.009167 0.016667
3 0.330000 0.341667 0.006667 0.018333
3 0.621667 0.396667 0.008333 0.016667
2 0.350833 0.720000 0.009167 0.040000
3 0.223333 0.770000 0.011667 0.020000
2 0.795833 0.651667 0.011667 0.025000
3 0.648333 0.341667 0.015833 0.051667
2 0.775833 0.618333 0.022500 0.023333
3 0.427500 0.678333 0.017500 0.031667
2 0.382500 0.746667 0.020833 0.028333
2 0.630000 0.416667 0.097500 0.053333
2 0.736667 0.643333 0.019167 0.046667
3 0.718333 0.425000 0.011667 0.030000
2 0.647500 0.380000 0.022500 0.023333
3 0.303333 0.293333 0.010833 0.023333
2 0.261667 0.170000 0.020833 0.080000
2 0.598333 0.340000 0.009167 0.031667
2 0.740833 0.611667 0.023333 0.106667
2 0.603333 0.380000 0.014167 0.015000
3 0.801667 0.403333 0.006667 0.018333
2 0.417500 0.330000 0.019167 0.046667
2 0.642500 0.353333 0.015833 0.068333
3 0.342500 0.870000 0.009167 0.016667
2 0.715000 0.386667 0.023333 0.041667
2 0.451667 0.261667 0.019167 0.046667
2 0.665000 0.428333 0.009167 0.031667
2 0.680000 0.333333 0.034167 0.038333
2 0.719167 0.773333 0.017500 0.116667
2 0.263333 0.786667 0.034167 0.100000
3 0.439167 0.343333 0.010000 0.020000
3 0.495000 0.715000 0.010000 0.016667
3 0.705000 0.423333 0.007500 0.018333
2 0.703333 0.370000 0.029167 0.038333
2 0.488333 0.271667 0.023333 0.041667
3 0.474167 0.291667 0.015833 0.051667
2 0.659167 0.668333 0.020833 0.028333
2 0.410000 0.356667 0.035000 0.105000
2 0.606667 0.666667 0.030833 0.051667
2 0.344167 0.386667 0.030833 0.051667
2 0.433333 0.348333 0.029167 0.038333
3 0.696667 0.716667 0.008333 0.021667
3 0.326667 0.390000 0.009167 0.018333
2 0.642500 0.440000 0.010833 0.091667
3 0.691667 0.658333 0.010000 0.016667
3 0.540833 0.280000 0.009167 0.018333
3 0.441667 0.711667 0.008333 0.016667
2 0.397500 0.751667 0.097500 0.053333
2 0.462500 0.193333 0.048333 0.025000
3 0.695000 0.350000 0.008333 0.016667
2 0.420833 0.705000 0.019167 0.046667
3 0.560000 0.653333 0.008333 0.016667
3 0.581667 0.425000 0.008333 0.016667
2 0.809167 0.378333 0.011667 0.066667
3 0.589167 0.736667 0.014167 0.025000
2 0.428333 0.818333 0.034167 0.100000
2 0.560833 0.425000 0.011667 0.025000
3 0.731667 0.650000 0.008333 0.016667
3 0.693333 0.665000 0.010000 0.016667
2 0.242500 0.755000 0.029167 0.038333
3 0.240000 0.350000 0.007500 0.016667
2 0.655833 0.311667 0.045833 0.021667
3 0.694167 0.630000 0.009167 0.016667
2 0.660833 0.338333 0.011667 0.025000
2 0.748333 0.411667 0.027500 0.016667
3 0.194167 0.401667 0.007500 0.016667
2 0.580833 0.755000 0.026667 0.035000
2 0.712500 0.428333 0.023333 0.106667
2 0.710833 0.376667 0.014167 0.015000
2 0.718333 0.686667 0.048333 0.043333
3 0.785000 0.340000 0.010000 0.020000
2 0.292500 0.366667 0.020833 0.080000
2 0.635000 0.336667 0.048333 0.025000
2 0.756667 0.626667 0.058333 0.076667
2 0.531667 0.375000 0.013333 0.070000
2 0.714167 0.680000 0.020833 0.080000
3 0.472500 0.813333 0.015833 0.051667
3 0.516667 0.405000 0.009167 0.018333
2 0.780000 0.343333 0.029167 0.038333
2 0.774167 0.630000 0.048333 0.025000
2 0.447500 0.768333 0.014167 0.015000
2 0.690000 0.656667 0.011667 0.066667
2 0.277500 0.420000 0.015833 0.068333
3 0.706667 0.285000 0.008333 0.021667
3 0.478333 0.743333 0.008333 0.016667
3 0.510000 0.663333 0.017500 0.031667
3 0.316667 0.638333 0.010000 0.016667
2 0.359167 0.663333 0.023333 0.106667
2 0.441667 0.793333 0.009167 0.040000
2 0.455833 0.213333 0.009167 0.031667
3 0.719167 0.621667 0.015833 0.051667
3 0.274167 0.413333 0.010000 0.020000
3 0.685000 0.685000 0.008333 0.016667
3 0.605000 0.316667 0.008333 0.016667
3 0.148333 0.681667 0.015833 0.051667
3 0.156667 0.616667 0.008333 0.016667
2 0.338333 0.305000 0.017500 0.116667
3 0.485833 0.861667 0.009167 0.016667
2 0.243333 0.681667 0.015833 0.068333
3 0.470000 0.236667 0.014167 0.025000
2 0.693333 0.433333 0.048333 0.043333
2 0.640833 0.413333 0.020833 0.028333
2 0.414167 0.416667 0.022500 0.023333
2 0.725833 0.428333 0.011667 0.066667
2 0.507500 0.843333 0.013333 0.070000
2 0.500000 0.375000 0.011667 0.066667
3 0.646667 0.650000 0.007500 0.015000
3 0.672500 0.338333 0.014167 0.025000
2 0.685833 0.725000 0.027500 0.016667
2 0.475833 0.345000 0.048333 0.025000
3 0.689167 0.605000 0.007500 0.015000
2 0.723333 0.601667 0.020833 0.028333
3 0.672500 0.660000 0.008333 0.016667
3 0.670000 0.408333 0.010833 0.023333
2 0.671667 0.438333 0.034167 0.100000
2 0.832500 0.455000 0.010833 0.091667
2 0.149167 0.386667 0.048333 0.043333
2 0.509167 0.268333 0.029167 0.038333
2 0.797500 0.343333 0.023333 0.041667
2 0.539167 0.415000 0.045833 0.021667
3 0.710000 0.616667 0.011667 0.030000
2 0.789167 0.388333 0.010833 0.091667
3 0.341667 0.875000 0.011667 0.030000
3 0.730833 0.616667 0.013333 0.015000
3 0.552500 0.355000 0.013333 0.015000
2 0.362500 0.300000 0.011667 0.025000
2 0.407500 0.853333 0.023333 0.041667
2 0.659167 0.425000 0.048333 0.025000
3 0.310833 0.385000 0.006667 0.018333
3 0.485833 0.255000 0.010833 0.013333
3 0.328333 0.236667 0.007500 0.016667
3 0.678333 0.365000 0.009167 0.016667
3 0.686667 0.381667 0.010833 0.013333
2 0.815833 0.406667 0.029167 0.038333
3 0.670833 0.651667 0.007500 0.018333
3 0.349167 0.706667 0.007500 0.015000
3 0.600833 0.643333 0.013333 0.015000
2 0.254167 0.305000 0.034167 0.100000
2 0.384167 0.631667 0.019167 0.046667
2 0.709167 0.435000 0.034167 0.038333
