4 0.885000 0.641667 0.048333 0.070000
4 0.826667 0.490000 0.091667 0.161667
4 0.823333 0.546667 0.076667 0.055000
4 0.798333 0.356667 0.119167 0.225000
4 0.747500 0.515000 0.207500 0.110000
4 0.820000 0.331667 0.115000 0.206667
4 0.829167 0.673333 0.159167 0.405000
4 0.796667 0.411667 0.131667 0.051667
4 0.883333 0.510000 0.036667 0.066667
4 0.870000 0.535000 0.109167 0.053333
4 0.268333 0.573333 0.120833 0.150000
4 0.085833 0.638333 0.120833 0.135000
4 0.419167 0.501667 0.050833 0.086667
4 0.735000 0.496667 0.080833 0.113333
4 0.264167 0.458333 0.068333 0.071667
4 0.152500 0.461667 0.055000 0.068333
4 0.740000 0.538333 0.052500 0.030000
4 0.020000 0.620000 0.040833 0.146667
4 0.501667 0.450000 0.088333 0.146667
4 0.251667 0.505000 0.108333 0.086667
2 0.778333 0.458333 0.015833 0.068333
3 0.539167 0.495000 0.009167 0.015000
3 0.569167 0.551667 0.007500 0.015000
2 0.791667 0.470000 0.020833 0.080000
3 0.506667 0.600000 0.009167 0.018333
2 0.765000 0.570000 0.013333 0.070000
2 0.490833 0.533333 0.023333 0.041667
3 0.625833 0.536667 0.009167 0.016667
2 0.633333 0.463333 0.023333 0.106667
2 0.653333 0.490000 0.015833 0.068333
3 0.205000 0.575000 0.010000 0.020000
3 0.445833 0.513333 0.010000 0.020000
2 0.193333 0.573333 0.045833 0.021667
3 0.312500 0.525000 0.010000 0.020000
2 0.149167 0.548333 0.034167 0.038333
2 0.592500 0.470000 0.011667 0.025000
3 0.681667 0.471667 0.017500 0.031667
3 0.247500 0.495000 0.008333 0.016667
2 0.725833 0.491667 0.015833 0.068333
2 0.309167 0.501667 0.023333 0.041667
2 0.298333 0.465000 0.029167 0.038333
2 0.284167 0.565000 0.027500 0.016667
3 0.585000 0.496667 0.008333 0.016667
2 0.228333 0.511667 0.020833 0.080000
2 0.742500 0.570000 0.048333 0.043333
2 0.126667 0.500000 0.021667 0.090000
2 0.200833 0.415000 0.020833 0.080000
3 0.564167 0.490000 0.009167 0.016667
3 0.632500 0.501667 0.009167 0.016667
2 0.229167 0.558333 0.023333 0.106667
2 0.140833 0.455000 0.009167 0.031667
3 0.298333 0.575000 0.015833 0.051667
2 0.735833 0.421667 0.035000 0.105000
2 0.416667 0.481667 0.027500 0.016667
2 0.514167 0.561667 0.015833 0.068333
2 0.231667 0.498333 0.010833 0.091667
3 0.137500 0.553333 0.013333 0.015000
3 0.440000 0.618333 0.007500 0.015000
3 0.458333 0.565000 0.007500 0.015000
2 0.138333 0.546667 0.010833 0.091667
3 0.600833 0.448333 0.008333 0.016667
3 0.546667 0.485000 0.007500 0.015000
3 0.080833 0.551667 0.007500 0.016667
3 0.462500 0.556667 0.007500 0.015000
2 0.333333 0.488333 0.029167 0.038333
2 0.610833 0.576667 0.021667 0.090000
3 0.365000 0.466667 0.013333 0.015000
3 0.196667 0.511667 0.009167 0.016667
2 0.740000 0.446667 0.009167 0.040000
2 0.479167 0.540000 0.058333 0.076667
2 0.136667 0.486667 0.020833 0.080000
3 0.475000 0.408333 0.009167 0.015000
3 0.231667 0.555000 0.017500 0.031667
3 0.312500 0.470000 0.014167 0.025000
2 0.679167 0.611667 0.020833 0.080000
2 0.197500 0.410000 0.020833 0.080000
3 0.563333 0.570000 0.007500 0.018333
3 0.733333 0.475000 0.011667 0.020000
3 0.550000 0.518333 0.010833 0.023333
2 0.335833 0.531667 0.030833 0.051667
2 0.106667 0.461667 0.011667 0.066667
3 0.275000 0.590000 0.007500 0.015000
2 0.221667 0.546667 0.020833 0.080000
3 0.576667 0.471667 0.011667 0.020000
2 0.574167 0.481667 0.009167 0.040000
3 0.455000 0.475000 0.007500 0.015000
2 0.407500 0.500000 0.097500 0.053333
3 0.223333 0.573333 0.011667 0.030000
2 0.227500 0.510000 0.020000 0.021667
3 0.030000 0.593333 0.017500 0.031667
2 0.136667 0.451667 0.009167 0.031667
3 0.796667 0.438333 0.007500 0.016667
2 0.631667 0.545000 0.048333 0.025000
3 0.248333 0.455000 0.017500 0.031667
3 0.047500 0.541667 0.008333 0.016667
2 0.125833 0.511667 0.020833 0.080000
2 0.223333 0.548333 0.048333 0.025000
3 0.818333 0.471667 0.007500 0.016667
3 0.622500 0.523333 0.017500 0.031667
3 0.429167 0.496667 0.007500 0.016667
3 0.400833 0.498333 0.010000 0.020000
2 0.052500 0.526667 0.021667 0.090000
2 0.315000 0.488333 0.019167 0.046667
3 0.787500 0.548333 0.009167 0.018333
3 0.757500 0.491667 0.015833 0.051667
3 0.418333 0.538333 0.017500 0.031667
2 0.369167 0.506667 0.014167 0.015000
3 0.049167 0.458333 0.011667 0.020000
2 0.573333 0.511667 0.045833 0.021667
2 0.685000 0.465000 0.011667 0.025000
3 0.140000 0.438333 0.010833 0.013333
3 0.460000 0.436667 0.007500 0.016667
3 0.075833 0.583333 0.013333 0.031667
2 0.515833 0.518333 0.015833 0.068333
2 0.390833 0.570000 0.020833 0.028333
2 0.489167 0.473333 0.010000 0.031667
3 0.251667 0.496667 0.009167 0.016667
3 0.335833 0.478333 0.009167 0.016667
3 0.600833 0.491667 0.008333 0.016667
3 0.354167 0.501667 0.007500 0.015000
3 0.422500 0.473333 0.008333 0.016667
2 0.707500 0.558333 0.027500 0.016667
3 0.584167 0.440000 0.011667 0.020000
3 0.286667 0.265000 0.009167 0.023333
3 0.412500 0.785000 0.011667 0.030000
3 0.691667 0.338333 0.010833 0.013333
2 0.741667 0.841667 0.010833 0.091667
3 0.611667 0.680000 0.010000 0.020000
3 0.745000 0.600000 0.009167 0.018333
3 0.487500 0.786667 0.011667 0.030000
2 0.665833 0.423333 0.011667 0.066667
2 0.722500 0.416667 0.010000 0.031667
3 0.695833 0.343333 0.008333 0.016667
3 0.776667 0.423333 0.008333 0.016667
2 0.467500 0.825000 0.026667 0.035000
3 0.700833 0.650000 0.011667 0.030000
2 0.409167 0.776667 0.017500 0.116667
2 0.717500 0.401667 0.019167 0.046667
2 0.535000 0.650000 0.048333 0.025000
3 0.675000 0.425000 0.009167 0.016667
2 0.340000 0.731667 0.015833 0.068333
2 0.266667 0.728333 0.013333 0.070000
3 0.515000 0.331667 0.010833 0.023333
3 0.293333 0.761667 0.007500 0.015000
3 0.258333 0.361667 0.009167 0.015000
2 0.265833 0.700000 0.014167 0.015000
3 0.310000 0.370000 0.007500 0.018333
2 0.460000 0.313333 0.027500 0.016667
3 0.255833 0.391667 0.010000 0.016667
3 0.453333 0.368333 0.008333 0.016667
3 0.510000 0.738333 0.009167 0.018333
3 0.336667 0.645000 0.010833 0.023333
2 0.580000 0.701667 0.045833 0.021667
2 0.542500 0.348333 0.030833 0.051667
2 0.476667 0.671667 0.029167 0.038333
3 0.520000 0.845000 0.007500 0.016667
2 0.435000 0.340000 0.009167 0.031667
2 0.646667 0.383333 0.010833 0.091667
2 0.459167 0.338333 0.023333 0.041667
2 0.445000 0.371667 0.030833 0.051667
3 0.548333 0.658333 0.014167 0.025000
3 0.307500 0.671667 0.007500 0.015000
2 0.355000 0.695000 0.021667 0.090000
3 0.659167 0.406667 0.014167 0.025000
2 0.676667 0.383333 0.017500 0.116667
2 0.660000 0.680000 0.023333 0.041667
3 0.267500 0.721667 0.007500 0.015000
2 0.693333 0.385000 0.010000 0.031667
2 0.759167 0.700000 0.020000 0.021667
2 0.682500 0.391667 0.048333 0.043333
3 0.356667 0.755000 0.007500 0.015000
3 0.395000 0.360000 0.008333 0.016667
3 0.281667 0.441667 0.008333 0.021667
2 0.840833 0.306667 0.015833 0.068333
3 0.630833 0.641667 0.007500 0.015000
2 0.528333 0.998333 0.014167 0.001667
3 0.220833 0.633333 0.014167 0.025000
3 0.735833 0.705000 0.006667 0.018333
3 0.445000 0.368333 0.013333 0.015000
3 0.735000 0.398333 0.008333 0.016667
3 0.650000 0.386667 0.017500 0.031667
2 0.777500 0.671667 0.014167 0.015000
3 0.670000 0.633333 0.008333 0.016667
2 0.451667 0.200000 0.017500 0.116667
3 0.746667 0.605000 0.010833 0.023333
2 0.629167 0.408333 0.027500 0.016667
2 0.460000 0.123333 0.009167 0.031667
2 0.538333 0.413333 0.097500 0.053333
3 0.640833 0.671667 0.007500 0.016667
3 0.666667 0.340000 0.009167 0.016667
2 0.275833 0.763333 0.011667 0.025000
2 0.785833 0.620000 0.020833 0.080000
3 0.312500 0.355000 0.007500 0.018333
3 0.478333 0.323333 0.011667 0.020000
3 0.530000 0.293333 0.008333 0.016667
3 0.314167 0.683333 0.013333 0.015000
2 0.350000 0.713333 0.045833 0.021667
3 0.637500 0.390000 0.009167 0.016667
3 0.450833 0.770000 0.008333 0.016667
2 0.604167 0.345000 0.026667 0.035000
2 0.655000 0.678333 0.048333 0.025000
3 0.474167 0.795000 0.009167 0.018333
3 0.480833 0.648333 0.011667 0.020000
2 0.486667 0.323333 0.027500 0.016667
3 0.680000 0.681667 0.007500 0.015000
2 0.713333 0.341667 0.010833 0.091667
2 0.714167 0.658333 0.034167 0.038333
2 0.626667 0.336667 0.009167 0.031667
3 0.310000 0.773333 0.011667 0.020000
2 0.509167 0.776667 0.021667 0.090000
3 0.755000 0.386667 0.008333 0.016667
3 0.552500 0.391667 0.006667 0.018333
2 0.339167 0.368333 0.009167 0.040000
3 0.759167 0.296667 0.007500 0.018333
2 0.705833 0.335000 0.029167 0.038333
3 0.817500 0.415000 0.009167 0.016667
2 0.337500 0.278333 0.029167 0.038333
3 0.332500 0.288333 0.014167 0.025000
3 0.619167 0.645000 0.010000 0.016667
2 0.440833 0.805000 0.011667 0.025000
2 0.530000 0.413333 0.021667 0.090000
3 0.710833 0.615000 0.009167 0.023333
2 0.556667 0.670000 0.022500 0.023333
3 0.695833 0.728333 0.008333 0.016667
3 0.639167 0.650000 0.011667 0.030000
2 0.449167 0.806667 0.017500 0.116667
2 0.410833 0.425000 0.013333 0.070000
2 0.314167 0.816667 0.013333 0.070000
2 0.435000 0.423333 0.023333 0.106667
3 0.631667 0.393333 0.010833 0.023333
3 0.635833 0.636667 0.009167 0.018333
2 0.563333 0.673333 0.026667 0.035000
3 0.804167 0.641667 0.010833 0.023333
2 0.670000 0.440000 0.023333 0.041667
2 0.503333 0.845000 0.030833 0.051667
3 0.805833 0.731667 0.011667 0.030000
2 0.715833 0.638333 0.014167 0.015000
3 0.304167 0.696667 0.011667 0.030000
3 0.605833 0.381667 0.010000 0.016667
3 0.717500 0.643333 0.008333 0.016667
3 0.785833 0.368333 0.007500 0.015000
3 0.535000 0.285000 0.006667 0.018333
3 0.282500 0.405000 0.008333 0.021667
2 0.562500 0.810000 0.020833 0.080000
2 0.700000 0.683333 0.020833 0.028333
2 0.236667 0.386667 0.020000 0.021667
2 0.459167 0.713333 0.017500 0.116667
2 0.621667 0.665000 0.045833 0.021667
3 0.545833 0.315000 0.010000 0.020000
3 0.450833 0.648333 0.009167 0.018333
3 0.472500 0.341667 0.008333 0.021667
3 0.403333 0.663333 0.009167 0.023333
3 0.314167 0.686667 0.013333 0.031667
2 0.794167 0.663333 0.026667 0.035000
2 0.443333 0.703333 0.020000 0.021667
3 0.515000 0.365000 0.013333 0.031667
3 0.402500 0.695000 0.009167 0.016667
3 0.805000 0.335000 0.008333 0.016667
3 0.640000 0.663333 0.011667 0.030000
3 0.567500 0.668333 0.017500 0.031667
3 0.471667 0.643333 0.009167 0.016667
3 0.755000 0.643333 0.007500 0.015000
3 0.274167 0.670000 0.011667 0.030000
3 0.750000 0.395000 0.013333 0.015000
3 0.604167 0.328333 0.007500 0.015000
2 0.621667 0.620000 0.009167 0.040000
2 0.487500 0.770000 0.011667 0.025000
3 0.569167 0.671667 0.009167 0.016667
2 0.825833 0.380000 0.020833 0.080000
2 0.647500 0.356667 0.009167 0.031667
3 0.269167 0.685000 0.010833 0.013333
2 0.285833 0.765000 0.014167 0.015000
2 0.820833 0.430000 0.030833 0.051667
3 0.453333 0.813333 0.009167 0.023333
3 0.641667 0.348333 0.008333 0.016667
3 0.576667 0.428333 0.017500 0.031667
2 0.305833 0.726667 0.023333 0.106667
2 0.502500 0.371667 0.026667 0.035000
3 0.740833 0.388333 0.017500 0.031667
3 0.252500 0.645000 0.011667 0.020000
2 0.263333 0.645000 0.017500 0.116667
3 0.628333 0.333333 0.010833 0.013333
3 0.790000 0.403333 0.008333 0.016667
3 0.758333 0.365000 0.014167 0.025000
2 0.545000 0.635000 0.020833 0.080000
3 0.734167 0.398333 0.010000 0.020000
3 0.662500 0.401667 0.009167 0.023333
2 0.672500 0.653333 0.048333 0.043333
2 0.753333 0.658333 0.009167 0.031667
3 0.376667 0.745000 0.011667 0.020000
3 0.657500 0.393333 0.017500 0.031667
2 0.834167 0.315000 0.029167 0.038333
2 0.312500 0.358333 0.022500 0.023333
3 0.204167 0.728333 0.007500 0.018333
2 0.378333 0.668333 0.030833 0.051667
2 0.452500 0.813333 0.013333 0.070000
2 0.277500 0.300000 0.034167 0.100000
2 0.442500 0.741667 0.030833 0.051667
3 0.287500 0.408333 0.009167 0.015000
2 0.791667 0.438333 0.030833 0.051667
3 0.227500 0.338333 0.006667 0.018333
2 0.655000 0.405000 0.019167 0.046667
2 0.705000 0.630000 0.048333 0.025000
3 0.524167 0.361667 0.007500 0.016667
3 0.450000 0.713333 0.010000 0.020000
3 0.659167 0.445000 0.013333 0.015000
2 0.674167 0.393333 0.034167 0.038333
2 0.511667 0.201667 0.020833 0.080000
2 0.341667 0.311667 0.022500 0.023333
3 0.670000 0.625000 0.011667 0.030000
2 0.313333 0.376667 0.011667 0.025000
3 0.714167 0.308333 0.009167 0.023333
3 0.825000 0.418333 0.017500 0.031667
2 0.527500 0.416667 0.009167 0.031667
2 0.689167 0.595000 0.045833 0.021667
3 0.663333 0.346667 0.006667 0.018333
2 0.709167 0.628333 0.009167 0.031667
2 0.719167 0.998333 0.009167 0.001667
2 0.386667 0.670000 0.017500 0.116667
3 0.289167 0.710000 0.010000 0.020000
