4 0.863333 0.500000 0.070000 0.053333
4 0.857500 0.668333 0.057500 0.138333
4 0.773333 0.528333 0.135833 0.165000
4 0.779167 0.761667 0.174167 0.356667
4 0.829167 0.590000 0.051667 0.033333
4 0.820000 0.421667 0.134167 0.265000
4 0.785833 0.483333 0.171667 0.058333
4 0.903333 0.611667 0.045833 0.096667
4 0.859167 0.518333 0.070833 0.073333
4 0.827500 0.501667 0.058333 0.050000
4 0.678333 0.523333 0.055000 0.080000
4 0.039167 0.455000 0.078333 0.100000
4 0.280833 0.591667 0.047500 0.118333
4 0.434167 0.500000 0.093333 0.175000
4 0.513333 0.473333 0.085833 0.076667
4 0.583333 0.561667 0.206667 0.158333
4 0.519167 0.528333 0.076667 0.030000
4 0.245000 0.478333 0.045000 0.068333
4 0.452500 0.495000 0.076667 0.058333
4 0.088333 0.508333 0.055833 0.056667
3 0.309167 0.563333 0.007500 0.015000
3 0.601667 0.441667 0.010833 0.023333
3 0.757500 0.516667 0.009167 0.016667
2 0.337500 0.603333 0.010000 0.031667
3 0.364167 0.561667 0.009167 0.016667
2 0.483333 0.496667 0.026667 0.035000
2 0.750833 0.480000 0.013333 0.070000
2 0.539167 0.515000 0.009167 0.040000
2 0.507500 0.495000 0.034167 0.100000
2 0.466667 0.538333 0.017500 0.116667
2 0.740833 0.506667 0.022500 0.023333
3 0.219167 0.510000 0.007500 0.018333
2 0.750833 0.576667 0.029167 0.038333
3 0.812500 0.598333 0.010833 0.013333
2 0.063333 0.503333 0.011667 0.066667
3 0.610833 0.440000 0.007500 0.018333
2 0.741667 0.583333 0.023333 0.041667
2 0.195833 0.600000 0.017500 0.116667
3 0.696667 0.501667 0.008333 0.016667
2 0.453333 0.473333 0.023333 0.041667
3 0.593333 0.480000 0.009167 0.016667
2 0.585833 0.465000 0.097500 0.053333
2 0.342500 0.510000 0.011667 0.066667
2 0.088333 0.545000 0.058333 0.076667
2 0.320000 0.508333 0.022500 0.023333
2 0.629167 0.576667 0.013333 0.070000
2 0.063333 0.586667 0.048333 0.025000
3 0.422500 0.585000 0.008333 0.016667
2 0.562500 0.458333 0.097500 0.053333
2 0.790000 0.570000 0.029167 0.038333
2 0.560000 0.598333 0.021667 0.090000
3 0.417500 0.533333 0.007500 0.018333
2 0.570833 0.563333 0.011667 0.066667
3 0.466667 0.530000 0.009167 0.015000
3 0.198333 0.538333 0.010000 0.016667
3 0.433333 0.471667 0.009167 0.018333
2 0.361667 0.506667 0.020833 0.080000
3 0.778333 0.483333 0.009167 0.015000
3 0.095833 0.488333 0.014167 0.025000
2 0.819167 0.661667 0.020833 0.028333
2 0.245000 0.511667 0.010000 0.031667
3 0.204167 0.540000 0.007500 0.018333
2 0.623333 0.446667 0.015833 0.068333
2 0.656667 0.485000 0.020833 0.080000
3 0.241667 0.535000 0.017500 0.031667
3 0.815000 0.605000 0.009167 0.016667
2 0.611667 0.611667 0.020833 0.080000
2 0.663333 0.543333 0.011667 0.066667
3 0.304167 0.541667 0.009167 0.015000
3 0.480833 0.533333 0.013333 0.015000
2 0.611667 0.596667 0.020833 0.028333
2 0.170833 0.526667 0.017500 0.116667
2 0.470000 0.536667 0.020833 0.080000
2 0.261667 0.635000 0.010833 0.091667
2 0.765000 0.543333 0.022500 0.023333
3 0.303333 0.470000 0.017500 0.031667
2 0.383333 0.528333 0.017500 0.116667
2 0.407500 0.526667 0.009167 0.040000
2 0.065833 0.543333 0.035000 0.105000
2 0.049167 0.588333 0.026667 0.035000
2 0.374167 0.480000 0.048333 0.043333
2 0.156667 0.610000 0.021667 0.090000
2 0.676667 0.571667 0.023333 0.106667
2 0.650833 0.525000 0.020833 0.080000
2 0.239167 0.583333 0.023333 0.106667
3 0.324167 0.543333 0.009167 0.016667
2 0.027500 0.560000 0.027500 0.016667
2 0.389167 0.576667 0.034167 0.038333
2 0.163333 0.533333 0.048333 0.043333
2 0.185000 0.570000 0.011667 0.066667
3 0.099167 0.575000 0.007500 0.015000
3 0.299167 0.566667 0.007500 0.015000
2 0.265000 0.508333 0.027500 0.016667
2 0.400000 0.550000 0.011667 0.025000
2 0.550833 0.576667 0.048333 0.043333
3 0.811667 0.508333 0.006667 0.018333
2 0.514167 0.545000 0.017500 0.116667
3 0.365833 0.565000 0.011667 0.030000
3 0.049167 0.561667 0.007500 0.015000
2 0.626667 0.525000 0.017500 0.116667
2 0.182500 0.558333 0.035000 0.105000
2 0.520833 0.513333 0.013333 0.070000
2 0.195000 0.570000 0.014167 0.015000
3 0.770833 0.541667 0.014167 0.025000
3 0.709167 0.491667 0.008333 0.016667
3 0.459167 0.468333 0.009167 0.016667
3 0.086667 0.505000 0.011667 0.020000
2 0.673333 0.508333 0.021667 0.090000
3 0.618333 0.575000 0.017500 0.031667
3 0.152500 0.591667 0.007500 0.018333
3 0.140000 0.458333 0.011667 0.020000
3 0.615833 0.538333 0.007500 0.018333
2 0.561667 0.571667 0.021667 0.090000
2 0.414167 0.525000 0.023333 0.106667
3 0.507500 0.536667 0.007500 0.018333
3 0.039167 0.536667 0.010000 0.020000
2 0.140833 0.556667 0.030833 0.051667
2 0.458333 0.563333 0.014167 0.015000
3 0.535833 0.535000 0.015833 0.051667
3 0.126667 0.510000 0.009167 0.016667
2 0.209167 0.480000 0.023333 0.041667
3 0.496667 0.591667 0.015833 0.051667
2 0.732500 0.686667 0.021667 0.090000
2 0.439167 0.353333 0.017500 0.116667
2 0.687500 0.328333 0.030833 0.051667
2 0.440833 0.671667 0.022500 0.023333
2 0.455833 0.388333 0.013333 0.070000
2 0.287500 0.343333 0.035000 0.105000
2 0.771667 0.578333 0.019167 0.046667
3 0.240000 0.368333 0.009167 0.015000
3 0.363333 0.683333 0.017500 0.031667
2 0.660000 0.643333 0.048333 0.043333
2 0.720833 0.601667 0.009167 0.040000
2 0.789167 0.423333 0.022500 0.023333
2 0.286667 0.790000 0.048333 0.025000
3 0.345833 0.725000 0.007500 0.018333
3 0.797500 0.376667 0.017500 0.031667
2 0.281667 0.690000 0.011667 0.066667
3 0.298333 0.396667 0.009167 0.016667
3 0.715833 0.373333 0.008333 0.021667
3 0.757500 0.601667 0.014167 0.025000
3 0.420000 0.351667 0.007500 0.015000
3 0.320000 0.261667 0.009167 0.018333
3 0.478333 0.326667 0.011667 0.030000
2 0.500833 0.661667 0.058333 0.076667
3 0.614167 0.771667 0.009167 0.016667
2 0.790833 0.393333 0.048333 0.043333
3 0.727500 0.666667 0.007500 0.018333
3 0.817500 0.620000 0.007500 0.016667
2 0.650833 0.660000 0.013333 0.070000
2 0.480000 0.661667 0.045833 0.021667
3 0.232500 0.385000 0.009167 0.015000
2 0.641667 0.678333 0.026667 0.035000
2 0.628333 0.633333 0.015833 0.068333
2 0.663333 0.696667 0.015833 0.068333
3 0.603333 0.328333 0.010000 0.020000
3 0.159167 0.416667 0.008333 0.021667
2 0.637500 0.663333 0.015833 0.068333
3 0.285833 0.258333 0.010833 0.013333
3 0.218333 0.633333 0.007500 0.015000
2 0.235000 0.633333 0.035000 0.105000
2 0.290833 0.280000 0.017500 0.116667
3 0.803333 0.418333 0.010833 0.013333
2 0.767500 0.410000 0.048333 0.025000
3 0.710000 0.676667 0.014167 0.025000
3 0.791667 0.650000 0.009167 0.018333
3 0.320833 0.693333 0.010833 0.013333
2 0.680000 0.355000 0.020000 0.021667
2 0.766667 0.363333 0.011667 0.066667
3 0.473333 0.791667 0.010833 0.013333
2 0.535833 0.395000 0.009167 0.031667
3 0.355833 0.656667 0.009167 0.018333
3 0.781667 0.370000 0.010000 0.020000
3 0.718333 0.451667 0.015833 0.051667
3 0.683333 0.413333 0.011667 0.020000
3 0.457500 0.365000 0.009167 0.023333
2 0.456667 0.716667 0.029167 0.038333
3 0.355000 0.405000 0.006667 0.018333
3 0.470833 0.648333 0.011667 0.030000
2 0.657500 0.360000 0.009167 0.031667
2 0.761667 0.411667 0.021667 0.090000
3 0.588333 0.751667 0.015833 0.051667
2 0.701667 0.633333 0.020833 0.080000
3 0.530833 0.368333 0.008333 0.021667
3 0.303333 0.408333 0.007500 0.015000
2 0.614167 0.630000 0.015833 0.068333
3 0.488333 0.641667 0.009167 0.016667
3 0.650833 0.423333 0.015833 0.051667
3 0.623333 0.363333 0.011667 0.020000
2 0.236667 0.371667 0.010833 0.091667
2 0.755833 0.585000 0.019167 0.046667
2 0.337500 0.703333 0.030833 0.051667
3 0.291667 0.281667 0.007500 0.016667
3 0.503333 0.270000 0.009167 0.018333
2 0.373333 0.401667 0.034167 0.100000
3 0.601667 0.748333 0.009167 0.016667
2 0.357500 0.740000 0.030833 0.051667
3 0.565833 0.731667 0.013333 0.015000
3 0.704167 0.406667 0.007500 0.015000
2 0.515000 0.308333 0.010000 0.031667
3 0.460833 0.671667 0.007500 0.018333
2 0.701667 0.440000 0.020833 0.080000
3 0.520000 0.661667 0.007500 0.015000
3 0.397500 0.323333 0.009167 0.016667
3 0.202500 0.660000 0.007500 0.016667
3 0.698333 0.260000 0.009167 0.016667
2 0.441667 0.425000 0.009167 0.031667
3 0.426667 0.730000 0.007500 0.015000
2 0.349167 0.665000 0.023333 0.106667
3 0.791667 0.648333 0.011667 0.030000
3 0.705833 0.660000 0.007500 0.018333
2 0.816667 0.405000 0.034167 0.038333
3 0.520833 0.378333 0.013333 0.015000
3 0.320000 0.718333 0.010833 0.023333
3 0.496667 0.670000 0.013333 0.031667
2 0.768333 0.345000 0.020833 0.028333
3 0.702500 0.403333 0.010833 0.013333
2 0.420833 0.388333 0.023333 0.041667
2 0.760000 0.703333 0.019167 0.046667
3 0.743333 0.283333 0.007500 0.015000
3 0.398333 0.325000 0.007500 0.018333
3 0.355000 0.365000 0.009167 0.015000
2 0.544167 0.725000 0.030833 0.051667
2 0.804167 0.426667 0.021667 0.090000
2 0.750000 0.613333 0.014167 0.015000
2 0.341667 0.670000 0.048333 0.025000
2 0.630833 0.635000 0.020000 0.021667
3 0.696667 0.281667 0.007500 0.015000
2 0.410833 0.626667 0.058333 0.076667
3 0.440833 0.836667 0.015833 0.051667
3 0.285833 0.780000 0.008333 0.016667
2 0.350833 0.640000 0.017500 0.116667
2 0.532500 0.320000 0.010833 0.091667
3 0.795833 0.415000 0.010000 0.016667
2 0.768333 0.386667 0.020833 0.028333
2 0.413333 0.778333 0.010000 0.031667
2 0.691667 0.680000 0.035000 0.105000
3 0.474167 0.245000 0.006667 0.018333
2 0.623333 0.580000 0.035000 0.105000
3 0.358333 0.313333 0.009167 0.015000
3 0.678333 0.341667 0.011667 0.020000
2 0.339167 0.721667 0.021667 0.090000
3 0.477500 0.745000 0.009167 0.016667
3 0.747500 0.700000 0.008333 0.016667
3 0.290000 0.353333 0.007500 0.018333
2 0.556667 0.630000 0.035000 0.105000
3 0.788333 0.408333 0.011667 0.030000
2 0.351667 0.653333 0.017500 0.116667
2 0.350000 0.408333 0.048333 0.025000
3 0.245000 0.355000 0.007500 0.018333
3 0.705833 0.680000 0.009167 0.023333
2 0.700000 0.751667 0.021667 0.090000
3 0.748333 0.606667 0.006667 0.018333
2 0.522500 0.761667 0.034167 0.100000
2 0.691667 0.378333 0.010833 0.091667
2 0.675000 0.408333 0.027500 0.016667
3 0.510833 0.260000 0.009167 0.018333
2 0.628333 0.618333 0.035000 0.105000
3 0.603333 0.653333 0.014167 0.025000
2 0.410833 0.268333 0.097500 0.053333
3 0.699167 0.653333 0.010833 0.013333
3 0.702500 0.785000 0.014167 0.025000
2 0.279167 0.260000 0.034167 0.038333
3 0.445833 0.338333 0.013333 0.015000
3 0.480000 0.835000 0.015833 0.051667
2 0.680000 0.681667 0.045833 0.021667
2 0.298333 0.291667 0.034167 0.038333
3 0.406667 0.736667 0.009167 0.016667
2 0.450000 0.780000 0.009167 0.031667
2 0.653333 0.658333 0.010833 0.091667
2 0.661667 0.390000 0.048333 0.025000
3 0.475833 0.805000 0.009167 0.018333
3 0.795833 0.418333 0.009167 0.023333
2 0.305833 0.705000 0.011667 0.066667
3 0.405000 0.676667 0.014167 0.025000
2 0.298333 0.755000 0.035000 0.105000
2 0.734167 0.753333 0.023333 0.106667
3 0.573333 0.178333 0.011667 0.030000
3 0.532500 0.366667 0.009167 0.023333
3 0.728333 0.676667 0.008333 0.021667
2 0.607500 0.321667 0.048333 0.043333
3 0.245000 0.355000 0.007500 0.016667
3 0.727500 0.600000 0.010000 0.020000
3 0.424167 0.656667 0.015833 0.051667
3 0.220000 0.655000 0.010000 0.016667
2 0.706667 0.425000 0.023333 0.041667
3 0.400833 0.661667 0.007500 0.015000
2 0.710833 0.635000 0.020833 0.028333
3 0.479167 0.321667 0.010000 0.016667
3 0.275833 0.658333 0.017500 0.031667
2 0.630000 0.390000 0.014167 0.015000
2 0.741667 0.618333 0.026667 0.035000
3 0.661667 0.448333 0.007500 0.018333
2 0.795000 0.615000 0.015833 0.068333
3 0.690833 0.356667 0.007500 0.015000
2 0.772500 0.303333 0.020833 0.080000
2 0.674167 0.418333 0.011667 0.025000
3 0.646667 0.351667 0.011667 0.030000
2 0.349167 0.763333 0.023333 0.041667
3 0.788333 0.326667 0.010833 0.013333
2 0.365000 0.676667 0.014167 0.015000
3 0.680000 0.610000 0.014167 0.025000
2 0.503333 0.753333 0.045833 0.021667
3 0.734167 0.415000 0.010833 0.023333
2 0.760833 0.611667 0.009167 0.031667
3 0.513333 0.655000 0.010833 0.013333
2 0.595000 0.998333 0.021667 0.001667
3 0.280000 0.731667 0.007500 0.015000
3 0.641667 0.348333 0.008333 0.016667
3 0.356667 0.405000 0.008333 0.016667
3 0.684167 0.393333 0.015833 0.051667
3 0.672500 0.358333 0.008333 0.016667
3 0.529167 0.621667 0.007500 0.016667
3 0.715833 0.368333 0.007500 0.018333
2 0.670833 0.391667 0.020000 0.021667
3 0.690000 0.336667 0.007500 0.015000
2 0.309167 0.798333 0.023333 0.041667
2 0.465000 0.810000 0.010000 0.031667
2 0.753333 0.398333 0.029167 0.038333
3 0.473333 0.248333 0.008333 0.021667
