4 0.875833 0.500000 0.057500 0.061667
4 0.811667 0.406667 0.097500 0.123333
4 0.854167 0.573333 0.101667 0.203333
4 0.829167 0.455000 0.109167 0.026667
4 0.834167 0.471667 0.144167 0.086667
4 0.833333 0.398333 0.071667 0.121667
4 0.887500 0.431667 0.078333 0.170000
4 0.768333 0.581667 0.170000 0.073333
4 0.853333 0.481667 0.146667 0.063333
4 0.880000 0.701667 0.047500 0.053333
4 0.469167 0.485000 0.170000 0.111667
4 0.432500 0.513333 0.128333 0.080000
4 0.599167 0.561667 0.058333 0.125000
4 0.065833 0.571667 0.050000 0.100000
4 0.211667 0.493333 0.045000 0.028333
4 0.651667 0.586667 0.133333 0.146667
4 0.335000 0.626667 0.071667 0.153333
4 0.154167 0.493333 0.082500 0.035000
4 0.530833 0.523333 0.067500 0.110000
4 0.740000 0.518333 0.076667 0.061667
2 0.096667 0.465000 0.017500 0.116667
2 0.240000 0.543333 0.020000 0.021667
3 0.186667 0.558333 0.010833 0.023333
3 0.125000 0.578333 0.009167 0.016667
2 0.636667 0.595000 0.023333 0.106667
2 0.563333 0.580000 0.026667 0.035000
2 0.235000 0.498333 0.011667 0.066667
3 0.495000 0.533333 0.006667 0.018333
3 0.755833 0.543333 0.011667 0.030000
2 0.456667 0.428333 0.034167 0.038333
3 0.341667 0.483333 0.014167 0.025000
3 0.258333 0.503333 0.014167 0.025000
3 0.803333 0.568333 0.006667 0.018333
2 0.262500 0.440000 0.015833 0.068333
2 0.549167 0.541667 0.029167 0.038333
2 0.345833 0.518333 0.017500 0.116667
2 0.779167 0.485000 0.045833 0.021667
2 0.316667 0.493333 0.097500 0.053333
3 0.240000 0.546667 0.007500 0.018333
3 0.245000 0.548333 0.009167 0.018333
2 0.203333 0.485000 0.020833 0.080000
3 0.673333 0.476667 0.009167 0.018333
3 0.574167 0.590000 0.010000 0.020000
2 0.285000 0.490000 0.097500 0.053333
3 0.033333 0.468333 0.017500 0.031667
2 0.465833 0.431667 0.035000 0.105000
2 0.675833 0.420000 0.035000 0.105000
2 0.492500 0.616667 0.020833 0.080000
3 0.678333 0.471667 0.007500 0.015000
2 0.057500 0.548333 0.020833 0.080000
3 0.439167 0.565000 0.008333 0.016667
3 0.324167 0.500000 0.010833 0.013333
3 0.763333 0.521667 0.009167 0.016667
3 0.290833 0.591667 0.010000 0.016667
2 0.491667 0.453333 0.020833 0.028333
2 0.690000 0.580000 0.030833 0.051667
3 0.477500 0.503333 0.010833 0.023333
3 0.285833 0.558333 0.009167 0.016667
3 0.585000 0.516667 0.007500 0.018333
3 0.742500 0.558333 0.009167 0.016667
3 0.668333 0.513333 0.013333 0.015000
3 0.715000 0.470000 0.009167 0.016667
2 0.611667 0.558333 0.010833 0.091667
2 0.714167 0.575000 0.023333 0.106667
3 0.761667 0.470000 0.013333 0.031667
2 0.674167 0.458333 0.045833 0.021667
2 0.730833 0.433333 0.058333 0.076667
2 0.083333 0.508333 0.030833 0.051667
3 0.427500 0.491667 0.010833 0.013333
3 0.823333 0.483333 0.010000 0.020000
3 0.628333 0.525000 0.010833 0.013333
3 0.195833 0.531667 0.011667 0.030000
3 0.067500 0.480000 0.007500 0.015000
3 0.650833 0.526667 0.007500 0.018333
2 0.310833 0.570000 0.030833 0.051667
2 0.544167 0.493333 0.020833 0.080000
2 0.758333 0.488333 0.023333 0.106667
2 0.029167 0.553333 0.009167 0.040000
2 0.193333 0.408333 0.020833 0.080000
3 0.475000 0.518333 0.006667 0.018333
3 0.179167 0.533333 0.009167 0.015000
2 0.174167 0.433333 0.010000 0.031667
2 0.285000 0.566667 0.020833 0.080000
3 0.345833 0.596667 0.009167 0.018333
2 0.260833 0.556667 0.034167 0.100000
2 0.681667 0.535000 0.017500 0.116667
2 0.650833 0.571667 0.015833 0.068333
3 0.500833 0.455000 0.007500 0.015000
3 0.575833 0.461667 0.014167 0.025000
3 0.230000 0.583333 0.011667 0.020000
3 0.045833 0.506667 0.009167 0.016667
2 0.430833 0.585000 0.013333 0.070000
3 0.259167 0.468333 0.006667 0.018333
2 0.096667 0.490000 0.019167 0.046667
2 0.147500 0.575000 0.013333 0.070000
3 0.122500 0.560000 0.015833 0.051667
3 0.808333 0.536667 0.006667 0.018333
3 0.487500 0.440000 0.008333 0.016667
2 0.460833 0.563333 0.020833 0.080000
2 0.457500 0.591667 0.020000 0.021667
2 0.574167 0.551667 0.013333 0.070000
3 0.769167 0.461667 0.007500 0.016667
2 0.045833 0.485000 0.009167 0.040000
3 0.250833 0.563333 0.008333 0.016667
3 0.820833 0.355000 0.013333 0.031667
2 0.467500 0.456667 0.045833 0.021667
3 0.398333 0.566667 0.009167 0.018333
2 0.471667 0.618333 0.020833 0.080000
3 0.227500 0.470000 0.009167 0.015000
3 0.080833 0.541667 0.009167 0.023333
2 0.122500 0.555000 0.020833 0.080000
3 0.159167 0.610000 0.011667 0.030000
3 0.807500 0.556667 0.010833 0.013333
3 0.763333 0.506667 0.013333 0.031667
2 0.568333 0.551667 0.014167 0.015000
3 0.514167 0.480000 0.010000 0.016667
2 0.586667 0.548333 0.009167 0.040000
2 0.545833 0.530000 0.097500 0.053333
3 0.299167 0.498333 0.009167 0.016667
2 0.250833 0.520000 0.023333 0.041667
3 0.281667 0.461667 0.009167 0.016667
3 0.455833 0.513333 0.009167 0.018333
3 0.268333 0.640000 0.007500 0.015000
3 0.688333 0.420000 0.007500 0.015000
3 0.287500 0.320000 0.009167 0.016667
2 0.753333 0.420000 0.020833 0.080000
2 0.780000 0.328333 0.020833 0.028333
3 0.601667 0.750000 0.009167 0.023333
2 0.780000 0.375000 0.048333 0.025000
2 0.435833 0.690000 0.010000 0.031667
2 0.417500 0.640000 0.097500 0.053333
3 0.473333 0.123333 0.006667 0.018333
3 0.731667 0.445000 0.008333 0.016667
3 0.643333 0.326667 0.013333 0.031667
3 0.452500 0.806667 0.010833 0.013333
3 0.555833 0.705000 0.007500 0.016667
3 0.347500 0.786667 0.007500 0.016667
3 0.701667 0.373333 0.009167 0.018333
3 0.546667 0.648333 0.014167 0.025000
2 0.381667 0.646667 0.045833 0.021667
2 0.728333 0.690000 0.020833 0.080000
2 0.678333 0.646667 0.009167 0.031667
3 0.300000 0.391667 0.010000 0.020000
2 0.522500 0.386667 0.010833 0.091667
2 0.260833 0.741667 0.023333 0.041667
3 0.594167 0.745000 0.009167 0.023333
2 0.684167 0.656667 0.026667 0.035000
3 0.525000 0.358333 0.009167 0.016667
3 0.691667 0.626667 0.009167 0.015000
2 0.749167 0.370000 0.015833 0.068333
3 0.781667 0.646667 0.007500 0.016667
2 0.656667 0.418333 0.045833 0.021667
2 0.676667 0.650000 0.048333 0.043333
2 0.827500 0.446667 0.021667 0.090000
2 0.743333 0.615000 0.029167 0.038333
2 0.360833 0.700000 0.009167 0.040000
3 0.586667 0.371667 0.008333 0.016667
2 0.509167 0.388333 0.013333 0.070000
2 0.205833 0.625000 0.035000 0.105000
3 0.779167 0.668333 0.008333 0.021667
2 0.269167 0.413333 0.023333 0.041667
3 0.640000 0.400000 0.006667 0.018333
2 0.314167 0.333333 0.019167 0.046667
3 0.482500 0.756667 0.009167 0.016667
3 0.788333 0.343333 0.009167 0.018333
2 0.741667 0.418333 0.023333 0.106667
2 0.380000 0.768333 0.009167 0.031667
3 0.657500 0.325000 0.009167 0.015000
3 0.695833 0.671667 0.017500 0.031667
3 0.214167 0.641667 0.015833 0.051667
2 0.635833 0.663333 0.010833 0.091667
3 0.330833 0.395000 0.008333 0.021667
2 0.450000 0.625000 0.019167 0.046667
2 0.296667 0.440000 0.020833 0.080000
2 0.316667 0.698333 0.097500 0.053333
2 0.488333 0.720000 0.015833 0.068333
3 0.220833 0.653333 0.007500 0.015000
3 0.694167 0.638333 0.008333 0.016667
3 0.654167 0.625000 0.009167 0.023333
3 0.738333 0.603333 0.008333 0.016667
2 0.674167 0.328333 0.009167 0.031667
2 0.710000 0.640000 0.029167 0.038333
3 0.580833 0.656667 0.011667 0.020000
3 0.378333 0.700000 0.013333 0.015000
3 0.291667 0.280000 0.007500 0.015000
3 0.625833 0.378333 0.009167 0.016667
2 0.806667 0.670000 0.013333 0.070000
2 0.527500 0.656667 0.048333 0.025000
2 0.506667 0.815000 0.014167 0.015000
3 0.480833 0.638333 0.007500 0.015000
3 0.767500 0.680000 0.009167 0.016667
2 0.556667 0.743333 0.027500 0.016667
2 0.655000 0.416667 0.020833 0.080000
3 0.321667 0.681667 0.014167 0.025000
3 0.646667 0.676667 0.015833 0.051667
3 0.532500 0.706667 0.007500 0.018333
3 0.423333 0.815000 0.010000 0.016667
3 0.672500 0.421667 0.007500 0.015000
3 0.615833 0.395000 0.007500 0.015000
3 0.518333 0.665000 0.010833 0.023333
3 0.678333 0.623333 0.007500 0.018333
2 0.517500 0.390000 0.021667 0.090000
3 0.521667 0.690000 0.015833 0.051667
3 0.525833 0.433333 0.006667 0.018333
2 0.695000 0.381667 0.022500 0.023333
3 0.288333 0.153333 0.009167 0.018333
3 0.733333 0.656667 0.007500 0.015000
2 0.474167 0.793333 0.010000 0.031667
2 0.685000 0.348333 0.011667 0.066667
2 0.295000 0.200000 0.045833 0.021667
2 0.287500 0.786667 0.020000 0.021667
3 0.322500 0.175000 0.009167 0.018333
2 0.370833 0.361667 0.058333 0.076667
2 0.304167 0.358333 0.010833 0.091667
2 0.806667 0.390000 0.020833 0.080000
2 0.735000 0.776667 0.020833 0.080000
2 0.425833 0.798333 0.020833 0.028333
3 0.776667 0.603333 0.017500 0.031667
2 0.779167 0.356667 0.022500 0.023333
2 0.685000 0.626667 0.023333 0.041667
3 0.442500 0.801667 0.009167 0.015000
3 0.551667 0.418333 0.007500 0.018333
3 0.388333 0.645000 0.010833 0.013333
3 0.406667 0.650000 0.008333 0.016667
2 0.555000 0.693333 0.035000 0.105000
2 0.240833 0.406667 0.022500 0.023333
2 0.442500 0.153333 0.011667 0.025000
3 0.735000 0.403333 0.008333 0.021667
2 0.587500 0.740000 0.015833 0.068333
2 0.335833 0.696667 0.015833 0.068333
2 0.689167 0.301667 0.035000 0.105000
2 0.505000 0.611667 0.058333 0.076667
3 0.545000 0.623333 0.008333 0.016667
2 0.237500 0.385000 0.045833 0.021667
3 0.760000 0.386667 0.013333 0.031667
2 0.645000 0.381667 0.010000 0.031667
2 0.240000 0.351667 0.009167 0.040000
2 0.230000 0.363333 0.019167 0.046667
2 0.663333 0.663333 0.017500 0.116667
2 0.470000 0.136667 0.020833 0.080000
2 0.785833 0.641667 0.030833 0.051667
3 0.392500 0.376667 0.009167 0.018333
2 0.184167 0.656667 0.023333 0.041667
2 0.702500 0.706667 0.015833 0.068333
3 0.534167 0.623333 0.006667 0.018333
3 0.570833 0.153333 0.007500 0.018333
2 0.720833 0.361667 0.023333 0.041667
3 0.551667 0.235000 0.008333 0.016667
2 0.757500 0.610000 0.029167 0.038333
2 0.623333 0.331667 0.020833 0.080000
3 0.678333 0.368333 0.009167 0.023333
3 0.803333 0.420000 0.007500 0.018333
3 0.318333 0.763333 0.008333 0.016667
2 0.610000 0.380000 0.026667 0.035000
2 0.630833 0.325000 0.097500 0.053333
2 0.300000 0.801667 0.020833 0.028333
2 0.655000 0.661667 0.011667 0.025000
2 0.631667 0.433333 0.010000 0.031667
2 0.420833 0.813333 0.014167 0.015000
3 0.309167 0.308333 0.008333 0.016667
2 0.175000 0.395000 0.045833 0.021667
2 0.310000 0.713333 0.021667 0.090000
2 0.232500 0.358333 0.023333 0.106667
2 0.673333 0.338333 0.019167 0.046667
3 0.605000 0.316667 0.008333 0.016667
3 0.490000 0.328333 0.013333 0.015000
3 0.270000 0.751667 0.008333 0.016667
3 0.705833 0.406667 0.013333 0.015000
3 0.508333 0.316667 0.009167 0.015000
3 0.585833 0.360000 0.008333 0.016667
2 0.400833 0.736667 0.020833 0.080000
3 0.262500 0.391667 0.007500 0.015000
2 0.739167 0.383333 0.023333 0.106667
2 0.237500 0.676667 0.058333 0.076667
3 0.451667 0.671667 0.015833 0.051667
2 0.712500 0.436667 0.045833 0.021667
3 0.794167 0.745000 0.015833 0.051667
3 0.679167 0.433333 0.007500 0.015000
3 0.422500 0.681667 0.009167 0.015000
3 0.286667 0.703333 0.014167 0.025000
3 0.262500 0.695000 0.007500 0.015000
2 0.443333 0.660000 0.019167 0.046667
2 0.633333 0.383333 0.030833 0.051667
2 0.546667 0.660000 0.029167 0.038333
3 0.464167 0.791667 0.015833 0.051667
2 0.636667 0.460000 0.030833 0.051667
2 0.717500 0.616667 0.027500 0.016667
3 0.237500 0.336667 0.009167 0.016667
2 0.698333 0.318333 0.009167 0.031667
2 0.808333 0.618333 0.017500 0.116667
2 0.313333 0.783333 0.030833 0.051667
3 0.711667 0.343333 0.007500 0.015000
2 0.472500 0.303333 0.023333 0.106667
2 0.804167 0.426667 0.021667 0.090000
3 0.765833 0.720000 0.008333 0.016667
3 0.645833 0.621667 0.009167 0.023333
2 0.254167 0.313333 0.017500 0.116667
3 0.761667 0.416667 0.010000 0.020000
3 0.738333 0.653333 0.008333 0.016667
2 0.541667 0.348333 0.034167 0.038333
2 0.647500 0.436667 0.020833 0.028333
3 0.583333 0.363333 0.014167 0.025000
2 0.295833 0.373333 0.026667 0.035000
3 0.402500 0.696667 0.009167 0.016667
3 0.571667 0.696667 0.006667 0.018333
3 0.355833 0.758333 0.009167 0.023333
3 0.794167 0.711667 0.009167 0.015000
3 0.747500 0.661667 0.014167 0.025000
2 0.300833 0.281667 0.058333 0.076667
2 0.582500 0.325000 0.034167 0.038333
2 0.672500 0.748333 0.058333 0.076667
2 0.674167 0.413333 0.020833 0.080000
2 0.151667 0.420000 0.023333 0.041667
3 0.450833 0.368333 0.013333 0.031667
2 0.492500 0.660000 0.020833 0.028333
2 0.668333 0.451667 0.026667 0.035000
2 0.784167 0.901667 0.009167 0.031667
3 0.521667 0.406667 0.009167 0.016667
2 0.725833 0.343333 0.010000 0.031667
3 0.718333 0.666667 0.011667 0.030000
