4 0.879167 0.436667 0.085833 0.020000
4 0.847500 0.611667 0.141667 0.103333
4 0.890833 0.598333 0.040833 0.068333
4 0.807500 0.390000 0.131667 0.141667
4 0.845833 0.476667 0.070000 0.031667
4 0.874167 0.601667 0.078333 0.120000
4 0.874167 0.498333 0.091667 0.133333
4 0.884167 0.663333 0.037500 0.096667
4 0.799167 0.505000 0.125833 0.143333
4 0.826667 0.643333 0.128333 0.213333
4 0.344167 0.576667 0.110000 0.085000
4 0.482500 0.468333 0.103333 0.096667
4 0.753333 0.498333 0.050833 0.026667
4 0.630000 0.506667 0.165000 0.163333
4 0.023333 0.496667 0.046667 0.138333
4 0.085000 0.541667 0.068333 0.023333
4 0.528333 0.468333 0.071667 0.080000
4 0.425833 0.541667 0.090833 0.030000
4 0.587500 0.575000 0.177500 0.120000
4 0.709167 0.528333 0.049167 0.038333
2 0.445000 0.473333 0.022500 0.023333
2 0.346667 0.503333 0.020833 0.080000
2 0.417500 0.476667 0.023333 0.106667
3 0.565000 0.561667 0.009167 0.016667
3 0.286667 0.511667 0.007500 0.016667
3 0.278333 0.456667 0.008333 0.016667
2 0.070000 0.500000 0.020833 0.080000
2 0.780833 0.483333 0.021667 0.090000
3 0.045000 0.466667 0.013333 0.015000
2 0.815833 0.551667 0.020833 0.080000
2 0.094167 0.485000 0.021667 0.090000
3 0.576667 0.545000 0.010000 0.016667
2 0.608333 0.435000 0.019167 0.046667
2 0.734167 0.541667 0.013333 0.070000
2 0.144167 0.463333 0.010000 0.031667
3 0.505833 0.585000 0.006667 0.018333
2 0.661667 0.488333 0.030833 0.051667
3 0.638333 0.561667 0.013333 0.031667
3 0.653333 0.525000 0.007500 0.015000
2 0.221667 0.486667 0.058333 0.076667
2 0.562500 0.491667 0.020833 0.028333
3 0.631667 0.476667 0.007500 0.015000
3 0.082500 0.561667 0.007500 0.015000
2 0.463333 0.513333 0.058333 0.076667
3 0.684167 0.476667 0.007500 0.016667
2 0.669167 0.561667 0.009167 0.040000
3 0.321667 0.478333 0.007500 0.015000
3 0.508333 0.570000 0.010000 0.016667
2 0.435833 0.440000 0.058333 0.076667
2 0.255000 0.480000 0.026667 0.035000
2 0.526667 0.556667 0.022500 0.023333
2 0.158333 0.508333 0.009167 0.040000
3 0.392500 0.596667 0.007500 0.015000
3 0.287500 0.446667 0.009167 0.015000
3 0.020833 0.543333 0.009167 0.018333
3 0.728333 0.526667 0.007500 0.015000
2 0.550833 0.445000 0.009167 0.040000
3 0.101667 0.546667 0.009167 0.015000
3 0.575000 0.556667 0.007500 0.015000
3 0.161667 0.538333 0.013333 0.031667
3 0.560000 0.553333 0.007500 0.015000
2 0.524167 0.471667 0.020833 0.080000
3 0.723333 0.511667 0.009167 0.016667
3 0.215000 0.598333 0.009167 0.016667
2 0.777500 0.550000 0.034167 0.100000
3 0.088333 0.488333 0.009167 0.016667
3 0.392500 0.545000 0.009167 0.015000
2 0.465000 0.580000 0.020833 0.028333
2 0.096667 0.553333 0.048333 0.043333
2 0.277500 0.526667 0.030833 0.051667
2 0.691667 0.581667 0.020000 0.021667
2 0.224167 0.555000 0.045833 0.021667
3 0.448333 0.588333 0.008333 0.016667
3 0.164167 0.543333 0.009167 0.023333
3 0.285833 0.550000 0.017500 0.031667
2 0.018333 0.546667 0.037500 0.021667
2 0.620833 0.603333 0.017500 0.116667
2 0.404167 0.460000 0.058333 0.076667
3 0.265000 0.463333 0.014167 0.025000
3 0.403333 0.530000 0.009167 0.018333
3 0.191667 0.603333 0.006667 0.018333
2 0.065000 0.471667 0.011667 0.066667
3 0.753333 0.481667 0.010000 0.016667
3 0.112500 0.500000 0.015833 0.051667
3 0.109167 0.485000 0.009167 0.016667
3 0.468333 0.408333 0.015833 0.051667
2 0.519167 0.571667 0.020833 0.080000
3 0.750833 0.563333 0.008333 0.016667
2 0.353333 0.581667 0.029167 0.038333
2 0.325833 0.431667 0.019167 0.046667
3 0.608333 0.600000 0.007500 0.016667
3 0.600000 0.525000 0.007500 0.018333
3 0.744167 0.528333 0.009167 0.023333
3 0.476667 0.488333 0.007500 0.015000
2 0.410000 0.511667 0.020833 0.080000
3 0.154167 0.476667 0.007500 0.015000
2 0.192500 0.526667 0.023333 0.106667
2 0.049167 0.480000 0.048333 0.043333
3 0.702500 0.551667 0.009167 0.016667
3 0.077500 0.495000 0.007500 0.015000
2 0.060000 0.481667 0.034167 0.038333
2 0.671667 0.493333 0.010833 0.091667
3 0.052500 0.511667 0.007500 0.015000
2 0.457500 0.565000 0.009167 0.031667
3 0.154167 0.460000 0.013333 0.015000
3 0.173333 0.476667 0.014167 0.025000
2 0.386667 0.456667 0.015833 0.068333
2 0.680833 0.505000 0.013333 0.070000
2 0.566667 0.510000 0.022500 0.023333
3 0.357500 0.486667 0.010000 0.016667
3 0.210000 0.503333 0.007500 0.015000
3 0.470833 0.568333 0.007500 0.015000
2 0.299167 0.581667 0.023333 0.106667
3 0.612500 0.433333 0.007500 0.015000
3 0.284167 0.573333 0.008333 0.016667
3 0.470833 0.475000 0.009167 0.023333
3 0.807500 0.586667 0.007500 0.015000
3 0.036667 0.566667 0.013333 0.031667
2 0.425000 0.620000 0.045833 0.021667
3 0.792500 0.525000 0.011667 0.030000
2 0.509167 0.531667 0.020833 0.080000
2 0.289167 0.501667 0.010833 0.091667
2 0.496667 0.785000 0.048333 0.043333
2 0.313333 0.696667 0.015833 0.068333
3 0.758333 0.628333 0.007500 0.015000
3 0.460833 0.401667 0.007500 0.015000
2 0.720833 0.618333 0.010000 0.031667
3 0.347500 0.765000 0.007500 0.018333
3 0.697500 0.281667 0.013333 0.031667
3 0.385833 0.748333 0.014167 0.025000
3 0.532500 0.356667 0.009167 0.016667
2 0.754167 0.641667 0.020000 0.021667
2 0.423333 0.808333 0.017500 0.116667
2 0.659167 0.473333 0.013333 0.070000
3 0.767500 0.593333 0.010000 0.020000
2 0.541667 0.658333 0.021667 0.090000
3 0.307500 0.340000 0.007500 0.018333
3 0.265833 0.390000 0.008333 0.016667
3 0.768333 0.616667 0.013333 0.031667
3 0.672500 0.356667 0.007500 0.015000
2 0.668333 0.311667 0.058333 0.076667
3 0.736667 0.418333 0.017500 0.031667
3 0.438333 0.658333 0.009167 0.016667
3 0.780833 0.378333 0.013333 0.015000
3 0.574167 0.616667 0.007500 0.016667
2 0.499167 0.315000 0.027500 0.016667
3 0.170000 0.386667 0.009167 0.016667
2 0.458333 0.270000 0.026667 0.035000
2 0.297500 0.773333 0.010833 0.091667
2 0.634167 0.636667 0.020833 0.028333
2 0.711667 0.673333 0.014167 0.015000
2 0.645000 0.428333 0.010833 0.091667
3 0.402500 0.656667 0.010833 0.013333
3 0.539167 0.315000 0.010000 0.016667
3 0.715833 0.366667 0.007500 0.015000
2 0.767500 0.611667 0.023333 0.106667
3 0.356667 0.656667 0.008333 0.016667
2 0.286667 0.356667 0.010833 0.091667
2 0.555833 0.401667 0.030833 0.051667
3 0.715833 0.606667 0.009167 0.016667
2 0.306667 0.335000 0.013333 0.070000
3 0.710000 0.671667 0.010000 0.020000
3 0.778333 0.410000 0.008333 0.021667
3 0.326667 0.233333 0.010833 0.013333
2 0.740833 0.778333 0.020000 0.021667
2 0.546667 0.626667 0.035000 0.105000
3 0.589167 0.631667 0.008333 0.016667
3 0.480833 0.275000 0.009167 0.016667
2 0.367500 0.791667 0.027500 0.016667
2 0.760000 0.698333 0.017500 0.116667
3 0.662500 0.393333 0.008333 0.021667
2 0.775000 0.386667 0.058333 0.076667
2 0.523333 0.663333 0.020833 0.080000
3 0.312500 0.353333 0.008333 0.016667
3 0.372500 0.760000 0.008333 0.016667
2 0.156667 0.661667 0.013333 0.070000
3 0.674167 0.353333 0.009167 0.016667
3 0.492500 0.331667 0.008333 0.016667
2 0.275000 0.375000 0.009167 0.040000
2 0.627500 0.615000 0.097500 0.053333
3 0.703333 0.638333 0.008333 0.016667
2 0.671667 0.718333 0.020833 0.028333
2 0.800833 0.696667 0.020833 0.080000
3 0.680000 0.340000 0.007500 0.016667
3 0.423333 0.385000 0.017500 0.031667
3 0.776667 0.368333 0.008333 0.021667
3 0.658333 0.368333 0.007500 0.015000
2 0.662500 0.666667 0.034167 0.100000
3 0.270833 0.655000 0.007500 0.018333
2 0.443333 0.808333 0.011667 0.066667
3 0.690833 0.713333 0.009167 0.016667
3 0.326667 0.381667 0.007500 0.015000
2 0.308333 0.715000 0.017500 0.116667
3 0.645833 0.370000 0.010000 0.016667
2 0.771667 0.671667 0.022500 0.023333
2 0.710000 0.998333 0.010000 0.001667
2 0.741667 0.651667 0.034167 0.038333
2 0.539167 0.313333 0.045833 0.021667
2 0.503333 0.816667 0.034167 0.100000
3 0.280833 0.743333 0.009167 0.015000
3 0.560000 0.428333 0.008333 0.016667
3 0.535833 0.735000 0.007500 0.016667
3 0.242500 0.388333 0.007500 0.016667
2 0.687500 0.300000 0.021667 0.090000
3 0.530833 0.998333 0.009167 0.001667
3 0.714167 0.606667 0.009167 0.023333
2 0.481667 0.803333 0.011667 0.025000
2 0.752500 0.573333 0.035000 0.105000
2 0.217500 0.645000 0.011667 0.066667
3 0.666667 0.625000 0.017500 0.031667
2 0.314167 0.333333 0.019167 0.046667
3 0.345000 0.311667 0.015833 0.051667
3 0.740000 0.415000 0.011667 0.020000
3 0.550000 0.680000 0.009167 0.015000
2 0.475833 0.700000 0.030833 0.051667
3 0.665833 0.398333 0.006667 0.018333
3 0.725000 0.606667 0.010000 0.016667
2 0.523333 0.658333 0.022500 0.023333
2 0.320833 0.675000 0.048333 0.025000
2 0.681667 0.638333 0.014167 0.015000
3 0.364167 0.661667 0.010833 0.013333
3 0.402500 0.695000 0.010000 0.020000
2 0.633333 0.441667 0.022500 0.023333
3 0.225000 0.695000 0.009167 0.016667
3 0.546667 0.670000 0.017500 0.031667
3 0.318333 0.376667 0.008333 0.016667
2 0.240833 0.216667 0.011667 0.025000
3 0.533333 0.300000 0.011667 0.020000
3 0.605000 0.366667 0.008333 0.016667
3 0.558333 0.368333 0.007500 0.015000
2 0.312500 0.261667 0.029167 0.038333
2 0.215000 0.650000 0.026667 0.035000
3 0.642500 0.631667 0.013333 0.031667
3 0.530000 0.355000 0.008333 0.016667
2 0.285833 0.325000 0.048333 0.025000
3 0.426667 0.730000 0.007500 0.016667
3 0.363333 0.663333 0.013333 0.015000
2 0.623333 0.665000 0.023333 0.106667
3 0.711667 0.690000 0.011667 0.020000
2 0.300833 0.793333 0.019167 0.046667
2 0.703333 0.371667 0.023333 0.106667
2 0.664167 0.666667 0.045833 0.021667
3 0.270833 0.863333 0.008333 0.016667
3 0.412500 0.691667 0.008333 0.016667
3 0.311667 0.636667 0.014167 0.025000
3 0.224167 0.705000 0.013333 0.015000
2 0.451667 0.220000 0.020000 0.021667
2 0.674167 0.656667 0.009167 0.040000
3 0.727500 0.726667 0.008333 0.021667
2 0.474167 0.831667 0.013333 0.070000
2 0.474167 0.660000 0.030833 0.051667
3 0.807500 0.431667 0.007500 0.015000
2 0.651667 0.401667 0.020833 0.080000
2 0.433333 0.425000 0.026667 0.035000
2 0.648333 0.403333 0.020833 0.080000
2 0.785000 0.685000 0.021667 0.090000
3 0.694167 0.658333 0.010833 0.013333
2 0.347500 0.646667 0.048333 0.025000
3 0.710833 0.691667 0.009167 0.015000
2 0.420833 0.778333 0.013333 0.070000
3 0.396667 0.668333 0.008333 0.016667
2 0.302500 0.696667 0.017500 0.116667
2 0.692500 0.651667 0.030833 0.051667
3 0.358333 0.620000 0.015833 0.051667
3 0.289167 0.353333 0.010000 0.020000
2 0.446667 0.838333 0.022500 0.023333
3 0.726667 0.450000 0.009167 0.016667
3 0.601667 0.998333 0.007500 0.001667
2 0.411667 0.435000 0.010833 0.091667
2 0.527500 0.433333 0.034167 0.100000
2 0.704167 0.663333 0.020833 0.028333
3 0.474167 0.326667 0.009167 0.016667
3 0.657500 0.598333 0.008333 0.021667
2 0.301667 0.721667 0.023333 0.106667
2 0.798333 0.630000 0.010000 0.031667
2 0.617500 0.333333 0.020833 0.028333
2 0.672500 0.600000 0.022500 0.023333
2 0.336667 0.796667 0.035000 0.105000
3 0.329167 0.338333 0.007500 0.015000
2 0.492500 0.781667 0.023333 0.041667
3 0.495833 0.326667 0.010000 0.020000
3 0.235833 0.378333 0.007500 0.015000
2 0.264167 0.750000 0.020000 0.021667
2 0.450000 0.320000 0.048333 0.025000
3 0.332500 0.651667 0.010833 0.023333
2 0.709167 0.216667 0.019167 0.046667
3 0.693333 0.636667 0.009167 0.018333
2 0.381667 0.335000 0.020833 0.080000
2 0.436667 0.923333 0.021667 0.090000
3 0.340833 0.673333 0.007500 0.018333
3 0.649167 0.326667 0.014167 0.025000
3 0.699167 0.690000 0.007500 0.018333
3 0.556667 0.665000 0.011667 0.020000
2 0.392500 0.651667 0.015833 0.068333
2 0.507500 0.311667 0.011667 0.025000
3 0.401667 0.663333 0.006667 0.018333
3 0.392500 0.771667 0.007500 0.018333
3 0.705833 0.705000 0.011667 0.020000
3 0.390833 0.381667 0.009167 0.018333
3 0.436667 0.380000 0.006667 0.018333
2 0.270000 0.713333 0.048333 0.025000
3 0.668333 0.400000 0.008333 0.016667
3 0.421667 0.360000 0.010833 0.013333
2 0.686667 0.671667 0.026667 0.035000
3 0.511667 0.363333 0.007500 0.018333
3 0.244167 0.705000 0.007500 0.018333
2 0.560833 0.418333 0.058333 0.076667
3 0.583333 0.610000 0.010833 0.013333
3 0.747500 0.413333 0.009167 0.018333
2 0.351667 0.675000 0.020833 0.080000
3 0.337500 0.711667 0.013333 0.031667
3 0.695000 0.720000 0.013333 0.031667
2 0.770000 0.405000 0.030833 0.051667
2 0.704167 0.345000 0.035000 0.105000
2 0.709167 0.346667 0.045833 0.021667
3 0.607500 0.323333 0.007500 0.015000
3 0.684167 0.623333 0.010833 0.013333
3 0.669167 0.658333 0.007500 0.015000
2 0.486667 0.668333 0.013333 0.070000
3 0.260833 0.728333 0.010000 0.016667
