4 0.807500 0.550000 0.076667 0.125000
4 0.839167 0.766667 0.169167 0.406667
4 0.831667 0.530000 0.096667 0.180000
4 0.805833 0.591667 0.075833 0.041667
4 0.852500 0.455000 0.060000 0.041667
4 0.864167 0.633333 0.109167 0.040000
4 0.800833 0.641667 0.154167 0.111667
4 0.875833 0.516667 0.048333 0.033333
4 0.825000 0.491667 0.065833 0.146667
4 0.828333 0.481667 0.110000 0.060000
4 0.573333 0.600000 0.085833 0.201667
4 0.440000 0.526667 0.122500 0.078333
4 0.677500 0.570000 0.195833 0.061667
4 0.729167 0.600000 0.096667 0.096667
4 0.684167 0.440000 0.162500 0.203333
4 0.129167 0.563333 0.128333 0.195000
4 0.290833 0.600000 0.230000 0.131667
4 0.130833 0.620000 0.060000 0.111667
4 0.175833 0.543333 0.119167 0.041667
4 0.190000 0.523333 0.045000 0.075000
3 0.433333 0.500000 0.006667 0.018333
3 0.615000 0.543333 0.010833 0.013333
2 0.291667 0.583333 0.017500 0.116667
3 0.566667 0.496667 0.007500 0.015000
3 0.697500 0.513333 0.007500 0.015000
3 0.353333 0.465000 0.008333 0.016667
3 0.784167 0.583333 0.009167 0.015000
3 0.800833 0.453333 0.010833 0.023333
3 0.740833 0.471667 0.007500 0.015000
3 0.796667 0.450000 0.017500 0.031667
3 0.417500 0.460000 0.008333 0.016667
2 0.504167 0.550000 0.034167 0.100000
2 0.616667 0.603333 0.009167 0.031667
2 0.673333 0.468333 0.011667 0.066667
2 0.038333 0.553333 0.020000 0.021667
2 0.471667 0.628333 0.034167 0.100000
3 0.092500 0.496667 0.010000 0.020000
2 0.522500 0.568333 0.020833 0.028333
2 0.743333 0.508333 0.020000 0.021667
2 0.374167 0.520000 0.026667 0.035000
2 0.615000 0.530000 0.045833 0.021667
2 0.594167 0.506667 0.021667 0.090000
2 0.235833 0.611667 0.030833 0.051667
2 0.750000 0.478333 0.009167 0.031667
2 0.725000 0.551667 0.048333 0.043333
3 0.179167 0.538333 0.013333 0.015000
3 0.260833 0.496667 0.017500 0.031667
2 0.737500 0.540000 0.009167 0.031667
2 0.335000 0.515000 0.009167 0.040000
3 0.826667 0.585000 0.013333 0.015000
3 0.045000 0.526667 0.007500 0.018333
3 0.249167 0.520000 0.017500 0.031667
2 0.464167 0.520000 0.029167 0.038333
3 0.102500 0.526667 0.009167 0.016667
3 0.732500 0.506667 0.007500 0.015000
3 0.342500 0.573333 0.013333 0.015000
3 0.818333 0.500000 0.007500 0.018333
3 0.400833 0.558333 0.010833 0.013333
3 0.584167 0.541667 0.009167 0.016667
3 0.760833 0.505000 0.011667 0.030000
2 0.058333 0.531667 0.009167 0.040000
3 0.579167 0.585000 0.010000 0.016667
3 0.598333 0.473333 0.008333 0.016667
2 0.370000 0.460000 0.029167 0.038333
2 0.454167 0.601667 0.023333 0.041667
2 0.155833 0.471667 0.022500 0.023333
3 0.724167 0.465000 0.013333 0.031667
3 0.480833 0.460000 0.010833 0.013333
3 0.596667 0.533333 0.010000 0.016667
2 0.020833 0.486667 0.027500 0.016667
2 0.325000 0.511667 0.022500 0.023333
3 0.032500 0.476667 0.007500 0.018333
2 0.200000 0.535000 0.019167 0.046667
2 0.395833 0.506667 0.022500 0.023333
2 0.070833 0.453333 0.014167 0.015000
3 0.485833 0.436667 0.011667 0.030000
2 0.044167 0.476667 0.014167 0.015000
3 0.141667 0.478333 0.009167 0.018333
2 0.761667 0.570000 0.014167 0.015000
3 0.730000 0.466667 0.009167 0.016667
3 0.399167 0.466667 0.009167 0.016667
2 0.812500 0.613333 0.034167 0.038333
2 0.555833 0.461667 0.020833 0.028333
3 0.551667 0.541667 0.013333 0.015000
2 0.490833 0.538333 0.022500 0.023333
2 0.650000 0.585000 0.017500 0.116667
2 0.342500 0.521667 0.011667 0.025000
3 0.330833 0.568333 0.008333 0.016667
3 0.250833 0.485000 0.017500 0.031667
3 0.088333 0.470000 0.013333 0.031667
2 0.113333 0.555000 0.023333 0.041667
2 0.637500 0.563333 0.010833 0.091667
3 0.545000 0.495000 0.010000 0.016667
2 0.031667 0.493333 0.021667 0.090000
3 0.133333 0.475000 0.014167 0.025000
3 0.603333 0.498333 0.008333 0.016667
2 0.020833 0.515000 0.041667 0.025000
3 0.152500 0.506667 0.007500 0.018333
3 0.097500 0.488333 0.009167 0.016667
2 0.703333 0.561667 0.010833 0.091667
3 0.820833 0.495000 0.009167 0.018333
3 0.827500 0.506667 0.009167 0.018333
3 0.302500 0.603333 0.009167 0.016667
3 0.254167 0.491667 0.007500 0.016667
3 0.384167 0.531667 0.010000 0.016667
2 0.645000 0.485000 0.020000 0.021667
3 0.690833 0.573333 0.010000 0.016667
2 0.254167 0.471667 0.029167 0.038333
3 0.307500 0.530000 0.007500 0.016667
3 0.725833 0.520000 0.007500 0.015000
3 0.825833 0.358333 0.007500 0.018333
2 0.460000 0.501667 0.010833 0.091667
3 0.438333 0.500000 0.007500 0.016667
2 0.271667 0.553333 0.034167 0.100000
2 0.451667 0.551667 0.027500 0.016667
2 0.124167 0.453333 0.022500 0.023333
2 0.472500 0.495000 0.009167 0.040000
3 0.219167 0.455000 0.007500 0.015000
3 0.265000 0.588333 0.009167 0.016667
3 0.027500 0.500000 0.011667 0.030000
2 0.206667 0.450000 0.017500 0.116667
2 0.421667 0.563333 0.013333 0.070000
3 0.707500 0.631667 0.013333 0.015000
2 0.620833 0.290000 0.010000 0.031667
2 0.661667 0.626667 0.029167 0.038333
2 0.690833 0.791667 0.097500 0.053333
2 0.704167 0.998333 0.020833 0.001667
2 0.771667 0.576667 0.009167 0.040000
2 0.755833 0.600000 0.020000 0.021667
3 0.343333 0.868333 0.007500 0.015000
2 0.626667 0.376667 0.045833 0.021667
2 0.306667 0.723333 0.010000 0.031667
3 0.722500 0.625000 0.013333 0.015000
2 0.314167 0.725000 0.022500 0.023333
3 0.711667 0.613333 0.008333 0.016667
2 0.748333 0.691667 0.010833 0.091667
2 0.335833 0.870000 0.020833 0.080000
2 0.712500 0.360000 0.020833 0.028333
3 0.684167 0.633333 0.009167 0.016667
3 0.792500 0.416667 0.007500 0.015000
2 0.313333 0.270000 0.023333 0.041667
2 0.728333 0.598333 0.048333 0.043333
2 0.684167 0.415000 0.021667 0.090000
3 0.348333 0.351667 0.009167 0.016667
3 0.626667 0.375000 0.007500 0.015000
3 0.778333 0.610000 0.008333 0.016667
2 0.756667 0.571667 0.011667 0.066667
3 0.720000 0.636667 0.010000 0.016667
3 0.750833 0.331667 0.010833 0.013333
2 0.702500 0.620000 0.020833 0.080000
2 0.620833 0.383333 0.011667 0.025000
3 0.366667 0.616667 0.007500 0.015000
3 0.523333 0.433333 0.010833 0.023333
2 0.760000 0.370000 0.029167 0.038333
3 0.709167 0.365000 0.010833 0.023333
2 0.315833 0.271667 0.020833 0.080000
2 0.347500 0.666667 0.026667 0.035000
2 0.275000 0.796667 0.010833 0.091667
3 0.326667 0.276667 0.017500 0.031667
3 0.654167 0.640000 0.009167 0.015000
2 0.558333 0.293333 0.027500 0.016667
2 0.273333 0.763333 0.020833 0.080000
2 0.303333 0.731667 0.021667 0.090000
2 0.262500 0.760000 0.022500 0.023333
3 0.344167 0.675000 0.009167 0.023333
2 0.281667 0.278333 0.027500 0.016667
2 0.360000 0.651667 0.023333 0.106667
3 0.808333 0.620000 0.007500 0.018333
2 0.748333 0.611667 0.017500 0.116667
3 0.305833 0.150000 0.006667 0.018333
2 0.659167 0.448333 0.034167 0.100000
2 0.550000 0.763333 0.010833 0.091667
3 0.282500 0.645000 0.008333 0.021667
2 0.749167 0.636667 0.009167 0.040000
3 0.746667 0.605000 0.009167 0.016667
3 0.727500 0.620000 0.007500 0.016667
2 0.647500 0.423333 0.023333 0.106667
2 0.809167 0.408333 0.009167 0.040000
3 0.830833 0.408333 0.008333 0.016667
2 0.318333 0.793333 0.029167 0.038333
3 0.533333 0.411667 0.011667 0.020000
2 0.434167 0.323333 0.011667 0.025000
3 0.474167 0.371667 0.011667 0.030000
3 0.351667 0.431667 0.008333 0.016667
3 0.731667 0.438333 0.013333 0.031667
3 0.701667 0.408333 0.013333 0.031667
3 0.691667 0.628333 0.010000 0.016667
2 0.489167 0.291667 0.021667 0.090000
2 0.360000 0.651667 0.022500 0.023333
2 0.516667 0.403333 0.010000 0.031667
2 0.584167 0.331667 0.048333 0.025000
2 0.540833 0.226667 0.029167 0.038333
2 0.693333 0.241667 0.019167 0.046667
3 0.367500 0.643333 0.008333 0.016667
2 0.520833 0.260000 0.045833 0.021667
3 0.392500 0.375000 0.014167 0.025000
3 0.710833 0.671667 0.007500 0.015000
3 0.770000 0.323333 0.010833 0.023333
2 0.670000 0.450000 0.022500 0.023333
3 0.504167 0.268333 0.007500 0.015000
3 0.222500 0.406667 0.013333 0.015000
3 0.540000 0.338333 0.013333 0.015000
2 0.689167 0.373333 0.027500 0.016667
2 0.378333 0.391667 0.009167 0.031667
2 0.586667 0.343333 0.026667 0.035000
3 0.460000 0.691667 0.007500 0.015000
2 0.314167 0.625000 0.009167 0.040000
2 0.404167 0.836667 0.029167 0.038333
3 0.455833 0.353333 0.009167 0.016667
2 0.598333 0.720000 0.011667 0.066667
3 0.645000 0.393333 0.010833 0.023333
2 0.800833 0.655000 0.010833 0.091667
3 0.482500 0.720000 0.011667 0.020000
2 0.295833 0.393333 0.013333 0.070000
3 0.681667 0.426667 0.007500 0.018333
2 0.271667 0.401667 0.017500 0.116667
2 0.601667 0.295000 0.048333 0.025000
2 0.757500 0.401667 0.022500 0.023333
3 0.502500 0.335000 0.015833 0.051667
3 0.673333 0.410000 0.009167 0.016667
3 0.792500 0.663333 0.017500 0.031667
3 0.310000 0.351667 0.013333 0.015000
2 0.786667 0.668333 0.034167 0.100000
2 0.771667 0.671667 0.023333 0.041667
3 0.339167 0.371667 0.007500 0.018333
3 0.699167 0.258333 0.008333 0.016667
2 0.280000 0.473333 0.010833 0.091667
2 0.710833 0.671667 0.026667 0.035000
2 0.445833 0.343333 0.029167 0.038333
3 0.343333 0.308333 0.008333 0.016667
2 0.570000 0.601667 0.019167 0.046667
2 0.273333 0.261667 0.035000 0.105000
3 0.759167 0.363333 0.009167 0.015000
3 0.728333 0.375000 0.010833 0.013333
2 0.693333 0.671667 0.019167 0.046667
2 0.445833 0.366667 0.013333 0.070000
2 0.453333 0.276667 0.011667 0.066667
2 0.662500 0.280000 0.023333 0.041667
3 0.676667 0.725000 0.009167 0.016667
2 0.381667 0.628333 0.058333 0.076667
3 0.785000 0.381667 0.009167 0.018333
2 0.242500 0.723333 0.011667 0.066667
2 0.481667 0.846667 0.010833 0.091667
2 0.786667 0.761667 0.013333 0.070000
3 0.368333 0.431667 0.007500 0.016667
2 0.749167 0.443333 0.034167 0.100000
2 0.636667 0.360000 0.019167 0.046667
2 0.523333 0.371667 0.022500 0.023333
2 0.765000 0.600000 0.034167 0.038333
3 0.728333 0.643333 0.014167 0.025000
3 0.479167 0.321667 0.009167 0.016667
2 0.461667 0.135000 0.017500 0.116667
2 0.595833 0.741667 0.026667 0.035000
3 0.350000 0.836667 0.007500 0.016667
2 0.340833 0.633333 0.014167 0.015000
2 0.625000 0.358333 0.017500 0.116667
2 0.168333 0.411667 0.023333 0.041667
2 0.558333 0.251667 0.011667 0.066667
2 0.773333 0.720000 0.019167 0.046667
3 0.775000 0.396667 0.008333 0.016667
3 0.500833 0.345000 0.008333 0.016667
2 0.627500 0.336667 0.097500 0.053333
2 0.437500 0.348333 0.021667 0.090000
2 0.771667 0.341667 0.023333 0.106667
2 0.799167 0.408333 0.045833 0.021667
3 0.810833 0.398333 0.007500 0.015000
3 0.594167 0.753333 0.009167 0.023333
3 0.603333 0.368333 0.011667 0.020000
2 0.540833 0.666667 0.034167 0.100000
3 0.455833 0.286667 0.007500 0.015000
3 0.810000 0.398333 0.009167 0.016667
3 0.454167 0.830000 0.007500 0.015000
2 0.423333 0.746667 0.010833 0.091667
2 0.755833 0.365000 0.034167 0.038333
2 0.285833 0.316667 0.048333 0.043333
3 0.354167 0.363333 0.010833 0.013333
3 0.583333 0.751667 0.008333 0.016667
3 0.372500 0.348333 0.009167 0.023333
3 0.735833 0.696667 0.010833 0.023333
3 0.721667 0.658333 0.009167 0.018333
2 0.148333 0.616667 0.058333 0.076667
3 0.716667 0.606667 0.007500 0.015000
3 0.758333 0.645000 0.011667 0.020000
3 0.652500 0.415000 0.007500 0.015000
3 0.730000 0.305000 0.009167 0.023333
3 0.312500 0.355000 0.007500 0.018333
3 0.752500 0.703333 0.010833 0.013333
3 0.432500 0.783333 0.009167 0.023333
3 0.278333 0.376667 0.008333 0.016667
3 0.349167 0.708333 0.007500 0.015000
2 0.260000 0.625000 0.035000 0.105000
3 0.653333 0.618333 0.010833 0.013333
3 0.495833 0.768333 0.010000 0.020000
2 0.498333 0.346667 0.034167 0.038333
3 0.636667 0.620000 0.007500 0.015000
2 0.523333 0.385000 0.013333 0.070000
2 0.632500 0.401667 0.019167 0.046667
2 0.415833 0.225000 0.097500 0.053333
2 0.635000 0.376667 0.021667 0.090000
3 0.713333 0.438333 0.008333 0.016667
3 0.558333 0.370000 0.008333 0.016667
3 0.775833 0.378333 0.007500 0.015000
2 0.757500 0.338333 0.035000 0.105000
2 0.670833 0.415000 0.011667 0.025000
2 0.432500 0.751667 0.013333 0.070000
3 0.313333 0.373333 0.007500 0.018333
2 0.774167 0.643333 0.020833 0.080000
2 0.339167 0.353333 0.019167 0.046667
3 0.809167 0.641667 0.007500 0.015000
3 0.452500 0.273333 0.011667 0.030000
3 0.711667 0.673333 0.006667 0.018333
2 0.757500 0.605000 0.011667 0.025000
2 0.352500 0.283333 0.020833 0.080000
2 0.465000 0.355000 0.020000 0.021667
2 0.382500 0.341667 0.035000 0.105000
3 0.749167 0.621667 0.008333 0.016667
2 0.152500 0.403333 0.020833 0.028333
3 0.540833 0.406667 0.008333 0.016667
2 0.700000 0.671667 0.013333 0.070000
3 0.732500 0.591667 0.011667 0.030000
