4 0.881667 0.640000 0.064167 0.066667
4 0.845000 0.615000 0.094167 0.056667
4 0.885000 0.611667 0.053333 0.050000
4 0.820000 0.481667 0.042500 0.065000
4 0.852500 0.643333 0.115833 0.060000
4 0.882500 0.595000 0.088333 0.045000
4 0.850000 0.600000 0.082500 0.055000
4 0.855833 0.520000 0.097500 0.131667
4 0.818333 0.601667 0.053333 0.065000
4 0.814167 0.495000 0.111667 0.113333
4 0.148333 0.530000 0.128333 0.051667
4 0.398333 0.373333 0.170000 0.356667
4 0.474167 0.578333 0.240833 0.086667
4 0.548333 0.513333 0.049167 0.018333
4 0.058333 0.596667 0.046667 0.091667
4 0.073333 0.428333 0.146667 0.355000
4 0.626667 0.561667 0.068333 0.025000
4 0.064167 0.423333 0.128333 0.233333
4 0.570000 0.518333 0.085833 0.031667
4 0.246667 0.493333 0.080833 0.030000
2 0.195000 0.573333 0.009167 0.031667
3 0.488333 0.448333 0.015833 0.051667
3 0.127500 0.585000 0.009167 0.016667
3 0.200833 0.513333 0.009167 0.018333
2 0.568333 0.525000 0.029167 0.038333
2 0.241667 0.543333 0.021667 0.090000
2 0.361667 0.510000 0.017500 0.116667
2 0.688333 0.500000 0.020000 0.021667
3 0.572500 0.496667 0.009167 0.018333
2 0.325000 0.550000 0.030833 0.051667
2 0.195833 0.541667 0.023333 0.106667
3 0.184167 0.561667 0.013333 0.015000
3 0.742500 0.520000 0.009167 0.016667
2 0.103333 0.551667 0.034167 0.100000
2 0.481667 0.513333 0.017500 0.116667
2 0.690000 0.541667 0.020833 0.080000
2 0.210833 0.473333 0.048333 0.025000
3 0.202500 0.563333 0.011667 0.020000
3 0.272500 0.508333 0.017500 0.031667
3 0.190833 0.578333 0.008333 0.016667
3 0.750000 0.518333 0.009167 0.016667
2 0.105000 0.468333 0.058333 0.076667
2 0.275000 0.441667 0.011667 0.025000
3 0.265833 0.481667 0.013333 0.015000
3 0.467500 0.410000 0.014167 0.025000
3 0.588333 0.470000 0.010833 0.023333
3 0.597500 0.536667 0.017500 0.031667
2 0.406667 0.533333 0.023333 0.041667
3 0.553333 0.568333 0.013333 0.031667
2 0.660833 0.455000 0.027500 0.016667
2 0.582500 0.525000 0.048333 0.025000
3 0.466667 0.558333 0.009167 0.018333
3 0.250833 0.456667 0.008333 0.016667
3 0.068333 0.546667 0.010000 0.016667
2 0.555833 0.600000 0.010833 0.091667
2 0.501667 0.525000 0.027500 0.016667
2 0.748333 0.573333 0.027500 0.016667
3 0.631667 0.575000 0.009167 0.023333
3 0.275833 0.565000 0.017500 0.031667
3 0.161667 0.541667 0.015833 0.051667
2 0.573333 0.470000 0.027500 0.016667
2 0.267500 0.576667 0.023333 0.041667
3 0.658333 0.536667 0.008333 0.016667
3 0.820833 0.680000 0.010833 0.013333
3 0.756667 0.525000 0.010000 0.020000
3 0.144167 0.501667 0.007500 0.015000
3 0.453333 0.576667 0.009167 0.016667
2 0.171667 0.496667 0.017500 0.116667
2 0.713333 0.573333 0.020000 0.021667
2 0.551667 0.463333 0.035000 0.105000
3 0.698333 0.583333 0.008333 0.021667
3 0.791667 0.483333 0.007500 0.015000
2 0.073333 0.521667 0.029167 0.038333
3 0.418333 0.498333 0.017500 0.031667
2 0.586667 0.540000 0.009167 0.031667
3 0.463333 0.475000 0.011667 0.020000
2 0.775000 0.540000 0.021667 0.090000
3 0.492500 0.571667 0.010833 0.013333
2 0.472500 0.393333 0.020833 0.080000
2 0.076667 0.581667 0.027500 0.016667
3 0.231667 0.536667 0.007500 0.015000
3 0.531667 0.498333 0.007500 0.018333
2 0.080000 0.515000 0.014167 0.015000
3 0.462500 0.475000 0.010833 0.013333
2 0.668333 0.525000 0.014167 0.015000
2 0.534167 0.518333 0.020833 0.080000
2 0.524167 0.560000 0.020000 0.021667
2 0.707500 0.445000 0.011667 0.025000
3 0.057500 0.513333 0.007500 0.015000
3 0.708333 0.516667 0.011667 0.030000
3 0.540000 0.566667 0.008333 0.016667
2 0.611667 0.430000 0.009167 0.040000
3 0.550000 0.598333 0.006667 0.018333
3 0.601667 0.605000 0.006667 0.018333
3 0.068333 0.528333 0.009167 0.018333
3 0.652500 0.558333 0.008333 0.021667
3 0.265000 0.505000 0.008333 0.021667
2 0.752500 0.565000 0.020000 0.021667
3 0.450000 0.465000 0.009167 0.016667
2 0.216667 0.550000 0.058333 0.076667
3 0.387500 0.526667 0.009167 0.016667
3 0.233333 0.528333 0.007500 0.015000
3 0.308333 0.551667 0.007500 0.018333
2 0.749167 0.476667 0.011667 0.025000
2 0.726667 0.491667 0.009167 0.040000
3 0.704167 0.536667 0.006667 0.018333
3 0.745000 0.578333 0.009167 0.016667
3 0.817500 0.473333 0.008333 0.016667
2 0.340000 0.570000 0.022500 0.023333
2 0.146667 0.508333 0.030833 0.051667
3 0.496667 0.446667 0.007500 0.018333
2 0.115833 0.503333 0.021667 0.090000
2 0.021667 0.533333 0.011667 0.025000
2 0.750000 0.546667 0.015833 0.068333
3 0.451667 0.518333 0.010000 0.016667
3 0.550000 0.515000 0.007500 0.015000
3 0.534167 0.506667 0.007500 0.016667
3 0.312500 0.500000 0.008333 0.021667
3 0.828333 0.681667 0.009167 0.016667
3 0.080000 0.503333 0.011667 0.030000
2 0.222500 0.585000 0.026667 0.035000
3 0.826667 0.563333 0.011667 0.030000
3 0.736667 0.648333 0.010833 0.013333
2 0.617500 0.601667 0.035000 0.105000
2 0.553333 0.698333 0.020833 0.080000
2 0.790833 0.403333 0.023333 0.041667
3 0.673333 0.441667 0.008333 0.016667
2 0.579167 0.671667 0.020833 0.080000
3 0.780833 0.385000 0.009167 0.018333
3 0.738333 0.603333 0.007500 0.018333
2 0.665833 0.413333 0.034167 0.038333
2 0.462500 0.300000 0.058333 0.076667
3 0.303333 0.398333 0.008333 0.016667
2 0.446667 0.398333 0.023333 0.106667
2 0.225833 0.396667 0.009167 0.031667
3 0.446667 0.365000 0.007500 0.016667
2 0.765000 0.603333 0.023333 0.106667
2 0.619167 0.461667 0.034167 0.100000
3 0.687500 0.635000 0.011667 0.020000
2 0.477500 0.858333 0.020833 0.080000
3 0.738333 0.418333 0.009167 0.023333
3 0.671667 0.628333 0.007500 0.018333
3 0.276667 0.760000 0.007500 0.018333
2 0.770833 0.303333 0.009167 0.040000
3 0.760000 0.600000 0.009167 0.016667
3 0.448333 0.735000 0.017500 0.031667
2 0.265833 0.685000 0.017500 0.116667
2 0.380833 0.790000 0.030833 0.051667
2 0.679167 0.625000 0.023333 0.041667
2 0.780000 0.415000 0.022500 0.023333
3 0.654167 0.365000 0.015833 0.051667
2 0.579167 0.998333 0.045833 0.001667
2 0.297500 0.241667 0.097500 0.053333
2 0.707500 0.408333 0.020833 0.028333
2 0.780833 0.415000 0.029167 0.038333
2 0.706667 0.655000 0.015833 0.068333
3 0.703333 0.330000 0.011667 0.030000
2 0.592500 0.743333 0.027500 0.016667
2 0.307500 0.235000 0.021667 0.090000
3 0.317500 0.761667 0.009167 0.015000
3 0.726667 0.355000 0.011667 0.020000
2 0.454167 0.715000 0.022500 0.023333
2 0.789167 0.610000 0.034167 0.038333
3 0.370000 0.406667 0.008333 0.016667
3 0.540833 0.630000 0.015833 0.051667
3 0.688333 0.651667 0.017500 0.031667
2 0.371667 0.705000 0.097500 0.053333
2 0.445000 0.371667 0.030833 0.051667
3 0.472500 0.728333 0.007500 0.015000
2 0.248333 0.236667 0.023333 0.041667
2 0.630833 0.381667 0.010000 0.031667
2 0.622500 0.428333 0.030833 0.051667
3 0.396667 0.348333 0.009167 0.016667
2 0.695000 0.390000 0.013333 0.070000
3 0.590833 0.623333 0.009167 0.015000
3 0.586667 0.440000 0.006667 0.018333
3 0.434167 0.643333 0.010833 0.013333
3 0.691667 0.370000 0.009167 0.016667
2 0.450833 0.708333 0.034167 0.038333
2 0.320833 0.733333 0.010833 0.091667
2 0.407500 0.370000 0.048333 0.043333
3 0.376667 0.320000 0.008333 0.016667
3 0.391667 0.706667 0.011667 0.020000
2 0.445000 0.353333 0.019167 0.046667
3 0.232500 0.801667 0.009167 0.016667
3 0.185000 0.653333 0.009167 0.016667
3 0.765833 0.613333 0.008333 0.016667
2 0.247500 0.396667 0.010000 0.031667
3 0.453333 0.743333 0.007500 0.015000
3 0.763333 0.366667 0.011667 0.020000
3 0.565000 0.446667 0.008333 0.021667
2 0.355000 0.620000 0.022500 0.023333
3 0.412500 0.695000 0.008333 0.021667
3 0.269167 0.201667 0.006667 0.018333
3 0.485000 0.311667 0.007500 0.016667
2 0.525000 0.663333 0.009167 0.040000
2 0.517500 0.256667 0.011667 0.025000
2 0.297500 0.331667 0.058333 0.076667
3 0.772500 0.601667 0.013333 0.015000
2 0.760000 0.390000 0.017500 0.116667
3 0.340833 0.698333 0.017500 0.031667
3 0.390000 0.648333 0.008333 0.016667
2 0.472500 0.711667 0.023333 0.041667
3 0.450000 0.650000 0.010833 0.023333
2 0.420833 0.366667 0.023333 0.041667
3 0.697500 0.670000 0.008333 0.016667
3 0.531667 0.310000 0.017500 0.031667
2 0.765833 0.453333 0.034167 0.100000
3 0.443333 0.381667 0.010000 0.016667
2 0.559167 0.430000 0.014167 0.015000
3 0.659167 0.273333 0.009167 0.016667
3 0.368333 0.291667 0.007500 0.015000
3 0.323333 0.365000 0.015833 0.051667
2 0.756667 0.355000 0.034167 0.100000
3 0.335833 0.335000 0.013333 0.031667
2 0.700000 0.325000 0.020833 0.080000
2 0.794167 0.725000 0.027500 0.016667
2 0.794167 0.433333 0.020833 0.080000
2 0.687500 0.616667 0.035000 0.105000
2 0.770000 0.413333 0.020833 0.028333
3 0.657500 0.358333 0.009167 0.016667
2 0.672500 0.668333 0.020833 0.080000
3 0.695833 0.770000 0.011667 0.020000
2 0.631667 0.420000 0.022500 0.023333
2 0.532500 0.288333 0.015833 0.068333
2 0.410000 0.743333 0.034167 0.038333
2 0.714167 0.375000 0.048333 0.025000
2 0.785000 0.355000 0.019167 0.046667
2 0.639167 0.706667 0.029167 0.038333
3 0.445000 0.670000 0.008333 0.016667
2 0.817500 0.711667 0.010000 0.031667
3 0.264167 0.395000 0.011667 0.030000
3 0.699167 0.258333 0.007500 0.016667
2 0.342500 0.845000 0.023333 0.106667
2 0.678333 0.443333 0.009167 0.031667
2 0.781667 0.425000 0.023333 0.106667
3 0.818333 0.415000 0.008333 0.016667
2 0.251667 0.740000 0.058333 0.076667
3 0.783333 0.380000 0.007500 0.016667
3 0.733333 0.415000 0.013333 0.031667
2 0.346667 0.411667 0.023333 0.106667
2 0.592500 0.998333 0.026667 0.001667
3 0.449167 0.710000 0.008333 0.021667
3 0.425000 0.663333 0.009167 0.015000
2 0.783333 0.625000 0.013333 0.070000
2 0.673333 0.323333 0.015833 0.068333
3 0.487500 0.285000 0.007500 0.018333
3 0.310000 0.351667 0.013333 0.015000
3 0.694167 0.381667 0.017500 0.031667
3 0.642500 0.375000 0.007500 0.015000
3 0.357500 0.740000 0.008333 0.016667
3 0.515000 0.830000 0.008333 0.021667
3 0.645000 0.401667 0.011667 0.020000
2 0.295833 0.406667 0.023333 0.041667
3 0.731667 0.723333 0.008333 0.016667
2 0.635000 0.431667 0.011667 0.025000
2 0.319167 0.333333 0.020833 0.080000
2 0.705000 0.685000 0.011667 0.025000
2 0.770833 0.418333 0.021667 0.090000
3 0.545000 0.645000 0.011667 0.020000
3 0.445833 0.830000 0.006667 0.018333
3 0.320833 0.756667 0.010833 0.013333
3 0.733333 0.620000 0.007500 0.018333
3 0.680833 0.675000 0.013333 0.031667
2 0.736667 0.311667 0.021667 0.090000
3 0.480833 0.336667 0.011667 0.030000
3 0.806667 0.726667 0.009167 0.018333
2 0.754167 0.405000 0.029167 0.038333
2 0.343333 0.708333 0.010833 0.091667
3 0.466667 0.373333 0.007500 0.015000
2 0.751667 0.671667 0.035000 0.105000
2 0.535000 0.703333 0.023333 0.106667
3 0.677500 0.730000 0.009167 0.023333
3 0.790833 0.373333 0.007500 0.018333
3 0.785000 0.401667 0.011667 0.030000
3 0.392500 0.351667 0.017500 0.031667
2 0.630000 0.438333 0.048333 0.043333
2 0.727500 0.608333 0.048333 0.025000
3 0.484167 0.260000 0.011667 0.020000
3 0.290000 0.273333 0.010000 0.016667
2 0.495000 0.340000 0.010000 0.031667
2 0.386667 0.651667 0.048333 0.025000
3 0.448333 0.368333 0.013333 0.015000
2 0.515833 0.788333 0.021667 0.090000
2 0.300833 0.695000 0.020833 0.080000
2 0.301667 0.695000 0.011667 0.066667
2 0.497500 0.341667 0.023333 0.041667
3 0.435833 0.690000 0.009167 0.015000
2 0.687500 0.696667 0.030833 0.051667
2 0.327500 0.683333 0.010833 0.091667
3 0.221667 0.761667 0.014167 0.025000
3 0.630833 0.360000 0.008333 0.021667
3 0.640000 0.353333 0.011667 0.030000
2 0.310833 0.781667 0.009167 0.031667
2 0.765000 0.611667 0.010000 0.031667
3 0.600000 0.745000 0.013333 0.015000
3 0.516667 0.838333 0.014167 0.025000
2 0.522500 0.698333 0.048333 0.025000
3 0.512500 0.363333 0.006667 0.018333
3 0.540833 0.723333 0.007500 0.016667
2 0.273333 0.743333 0.097500 0.053333
3 0.569167 0.635000 0.013333 0.015000
2 0.236667 0.708333 0.058333 0.076667
2 0.419167 0.730000 0.023333 0.041667
3 0.323333 0.275000 0.008333 0.021667
3 0.798333 0.398333 0.011667 0.030000
3 0.676667 0.710000 0.009167 0.018333
3 0.572500 0.635000 0.009167 0.016667
2 0.397500 0.395000 0.097500 0.053333
3 0.557500 0.376667 0.017500 0.031667
3 0.302500 0.713333 0.009167 0.015000
2 0.518333 0.651667 0.030833 0.051667
3 0.648333 0.635000 0.010000 0.016667
2 0.305833 0.333333 0.034167 0.038333
2 0.325833 0.363333 0.009167 0.040000
3 0.680000 0.356667 0.006667 0.018333
3 0.425833 0.711667 0.006667 0.018333
3 0.637500 0.671667 0.008333 0.016667
3 0.480833 0.380000 0.009167 0.023333
2 0.722500 0.326667 0.045833 0.021667
