4 0.819167 0.303333 0.095000 0.171667
4 0.906667 0.538333 0.050833 0.121667
4 0.769167 0.500000 0.175833 0.168333
4 0.855833 0.473333 0.058333 0.031667
4 0.866667 0.485000 0.049167 0.075000
4 0.733333 0.300000 0.285833 0.233333
4 0.840833 0.556667 0.075000 0.076667
4 0.884167 0.418333 0.076667 0.031667
4 0.782500 0.566667 0.175833 0.085000
4 0.897500 0.481667 0.042500 0.103333
4 0.545833 0.471667 0.080833 0.051667
4 0.356667 0.516667 0.086667 0.156667
4 0.396667 0.551667 0.048333 0.053333
4 0.160833 0.681667 0.164167 0.325000
4 0.311667 0.480000 0.110833 0.138333
4 0.455833 0.545000 0.161667 0.056667
4 0.185000 0.521667 0.087500 0.066667
4 0.564167 0.580000 0.070833 0.188333
4 0.445000 0.570000 0.059167 0.030000
4 0.195000 0.505000 0.098333 0.091667
3 0.355000 0.518333 0.010833 0.023333
3 0.528333 0.561667 0.007500 0.018333
2 0.660833 0.523333 0.058333 0.076667
2 0.262500 0.476667 0.011667 0.025000
2 0.336667 0.555000 0.009167 0.031667
2 0.635000 0.436667 0.019167 0.046667
3 0.255833 0.456667 0.007500 0.018333
3 0.602500 0.461667 0.007500 0.015000
3 0.444167 0.523333 0.009167 0.023333
2 0.744167 0.566667 0.030833 0.051667
2 0.307500 0.558333 0.030833 0.051667
2 0.339167 0.536667 0.023333 0.106667
3 0.222500 0.546667 0.017500 0.031667
3 0.117500 0.455000 0.011667 0.020000
2 0.302500 0.453333 0.019167 0.046667
3 0.342500 0.446667 0.010000 0.020000
2 0.547500 0.608333 0.030833 0.051667
3 0.160000 0.468333 0.008333 0.016667
2 0.790000 0.460000 0.030833 0.051667
2 0.731667 0.611667 0.020833 0.080000
3 0.446667 0.545000 0.014167 0.025000
3 0.080000 0.456667 0.010833 0.013333
2 0.312500 0.498333 0.097500 0.053333
3 0.160000 0.561667 0.015833 0.051667
2 0.289167 0.586667 0.013333 0.070000
2 0.169167 0.571667 0.020833 0.028333
2 0.175000 0.563333 0.026667 0.035000
3 0.348333 0.500000 0.007500 0.015000
2 0.753333 0.541667 0.020833 0.080000
2 0.711667 0.603333 0.030833 0.051667
2 0.017500 0.450000 0.035000 0.105000
2 0.756667 0.518333 0.030833 0.051667
3 0.110833 0.575000 0.008333 0.016667
2 0.477500 0.480000 0.013333 0.070000
2 0.389167 0.593333 0.030833 0.051667
2 0.597500 0.590000 0.009167 0.040000
2 0.263333 0.588333 0.010000 0.031667
3 0.463333 0.506667 0.009167 0.023333
3 0.700000 0.605000 0.015833 0.051667
3 0.080833 0.478333 0.007500 0.018333
2 0.307500 0.495000 0.013333 0.070000
3 0.695833 0.565000 0.006667 0.018333
2 0.150000 0.583333 0.097500 0.053333
2 0.730833 0.505000 0.022500 0.023333
3 0.118333 0.531667 0.006667 0.018333
2 0.266667 0.516667 0.010000 0.031667
3 0.227500 0.588333 0.013333 0.031667
3 0.529167 0.511667 0.009167 0.016667
3 0.126667 0.470000 0.009167 0.023333
3 0.459167 0.551667 0.007500 0.015000
2 0.078333 0.545000 0.023333 0.106667
3 0.493333 0.570000 0.009167 0.016667
3 0.590000 0.565000 0.011667 0.030000
2 0.539167 0.526667 0.045833 0.021667
3 0.260000 0.586667 0.010000 0.016667
3 0.483333 0.573333 0.009167 0.016667
3 0.782500 0.558333 0.007500 0.015000
3 0.050000 0.581667 0.010000 0.020000
2 0.734167 0.578333 0.010833 0.091667
2 0.750833 0.508333 0.015833 0.068333
2 0.500000 0.463333 0.097500 0.053333
3 0.825000 0.538333 0.006667 0.018333
2 0.251667 0.443333 0.011667 0.066667
2 0.436667 0.610000 0.048333 0.043333
3 0.584167 0.486667 0.015833 0.051667
2 0.081667 0.570000 0.058333 0.076667
3 0.587500 0.553333 0.013333 0.031667
3 0.111667 0.541667 0.008333 0.016667
3 0.585000 0.518333 0.008333 0.016667
3 0.130000 0.523333 0.009167 0.018333
2 0.032500 0.565000 0.010000 0.031667
2 0.736667 0.525000 0.023333 0.106667
2 0.645833 0.530000 0.027500 0.016667
3 0.357500 0.565000 0.007500 0.018333
3 0.630833 0.445000 0.007500 0.016667
2 0.444167 0.446667 0.019167 0.046667
2 0.412500 0.515000 0.020833 0.028333
2 0.558333 0.563333 0.014167 0.015000
3 0.232500 0.530000 0.007500 0.018333
3 0.505000 0.501667 0.006667 0.018333
2 0.311667 0.503333 0.035000 0.105000
2 0.500000 0.473333 0.058333 0.076667
3 0.225000 0.471667 0.009167 0.016667
2 0.469167 0.610000 0.010833 0.091667
2 0.098333 0.553333 0.010000 0.031667
3 0.132500 0.503333 0.009167 0.015000
3 0.680833 0.558333 0.008333 0.016667
3 0.707500 0.528333 0.009167 0.016667
2 0.445833 0.568333 0.013333 0.070000
2 0.059167 0.456667 0.019167 0.046667
2 0.654167 0.463333 0.020833 0.028333
3 0.812500 0.486667 0.007500 0.015000
2 0.251667 0.496667 0.020833 0.080000
2 0.133333 0.516667 0.011667 0.025000
3 0.442500 0.486667 0.008333 0.021667
2 0.213333 0.578333 0.010000 0.031667
2 0.545000 0.450000 0.035000 0.105000
2 0.703333 0.510000 0.030833 0.051667
2 0.114167 0.608333 0.034167 0.100000
3 0.547500 0.501667 0.013333 0.015000
2 0.220000 0.555000 0.023333 0.106667
2 0.232500 0.570000 0.020833 0.080000
3 0.634167 0.416667 0.017500 0.031667
2 0.712500 0.376667 0.045833 0.021667
3 0.310833 0.606667 0.009167 0.016667
2 0.472500 0.846667 0.030833 0.051667
3 0.446667 0.381667 0.010833 0.013333
3 0.309167 0.346667 0.017500 0.031667
3 0.529167 0.621667 0.007500 0.018333
2 0.765833 0.320000 0.020000 0.021667
2 0.725000 0.641667 0.020833 0.028333
2 0.795833 0.388333 0.020833 0.028333
2 0.352500 0.701667 0.022500 0.023333
2 0.313333 0.341667 0.035000 0.105000
2 0.682500 0.661667 0.021667 0.090000
2 0.735833 0.316667 0.019167 0.046667
2 0.658333 0.350000 0.026667 0.035000
2 0.780000 0.390000 0.017500 0.116667
2 0.432500 0.830000 0.019167 0.046667
2 0.424167 0.406667 0.010833 0.091667
3 0.499167 0.668333 0.007500 0.015000
2 0.349167 0.308333 0.014167 0.015000
2 0.500000 0.375000 0.011667 0.066667
3 0.749167 0.723333 0.015833 0.051667
3 0.705000 0.323333 0.007500 0.015000
2 0.719167 0.401667 0.015833 0.068333
3 0.391667 0.381667 0.011667 0.030000
2 0.657500 0.735000 0.010833 0.091667
2 0.673333 0.745000 0.013333 0.070000
2 0.270000 0.410000 0.017500 0.116667
2 0.267500 0.743333 0.009167 0.031667
3 0.588333 0.630000 0.009167 0.018333
3 0.618333 0.371667 0.009167 0.016667
2 0.725000 0.406667 0.011667 0.066667
3 0.700833 0.375000 0.010833 0.023333
2 0.444167 0.386667 0.027500 0.016667
3 0.455000 0.786667 0.007500 0.016667
2 0.632500 0.410000 0.034167 0.100000
2 0.692500 0.336667 0.021667 0.090000
3 0.474167 0.311667 0.008333 0.016667
3 0.287500 0.833333 0.017500 0.031667
2 0.340000 0.650000 0.020000 0.021667
3 0.798333 0.395000 0.007500 0.015000
3 0.669167 0.645000 0.011667 0.030000
3 0.428333 0.358333 0.007500 0.015000
3 0.755833 0.411667 0.007500 0.015000
3 0.760833 0.403333 0.013333 0.031667
3 0.664167 0.395000 0.009167 0.015000
3 0.395833 0.668333 0.009167 0.018333
2 0.643333 0.376667 0.017500 0.116667
2 0.359167 0.625000 0.022500 0.023333
2 0.667500 0.656667 0.017500 0.116667
3 0.410000 0.690000 0.015833 0.051667
3 0.555833 0.818333 0.010000 0.016667
2 0.549167 0.783333 0.013333 0.070000
3 0.285000 0.716667 0.013333 0.015000
3 0.363333 0.436667 0.017500 0.031667
2 0.295833 0.730000 0.010833 0.091667
2 0.293333 0.363333 0.017500 0.116667
2 0.316667 0.261667 0.020833 0.028333
2 0.657500 0.336667 0.020000 0.021667
2 0.342500 0.385000 0.017500 0.116667
3 0.740833 0.411667 0.009167 0.015000
3 0.788333 0.735000 0.010000 0.016667
2 0.309167 0.805000 0.048333 0.025000
3 0.639167 0.355000 0.009167 0.016667
3 0.247500 0.400000 0.009167 0.016667
3 0.827500 0.425000 0.010833 0.023333
2 0.451667 0.738333 0.011667 0.025000
3 0.225833 0.693333 0.007500 0.016667
2 0.477500 0.753333 0.020000 0.021667
3 0.730833 0.686667 0.014167 0.025000
2 0.620000 0.346667 0.020833 0.080000
3 0.802500 0.645000 0.009167 0.016667
2 0.637500 0.398333 0.009167 0.031667
2 0.733333 0.363333 0.048333 0.043333
3 0.651667 0.651667 0.007500 0.015000
2 0.378333 0.731667 0.097500 0.053333
2 0.286667 0.586667 0.058333 0.076667
2 0.784167 0.653333 0.026667 0.035000
3 0.445000 0.711667 0.010833 0.023333
3 0.351667 0.428333 0.007500 0.015000
2 0.308333 0.373333 0.027500 0.016667
2 0.791667 0.388333 0.029167 0.038333
2 0.642500 0.436667 0.009167 0.031667
2 0.717500 0.596667 0.019167 0.046667
2 0.772500 0.691667 0.020833 0.028333
3 0.797500 0.621667 0.007500 0.015000
3 0.761667 0.601667 0.008333 0.016667
2 0.707500 0.675000 0.030833 0.051667
3 0.756667 0.335000 0.009167 0.023333
2 0.420833 0.406667 0.020833 0.080000
3 0.534167 0.623333 0.006667 0.018333
2 0.582500 0.353333 0.015833 0.068333
2 0.313333 0.188333 0.009167 0.040000
3 0.730833 0.303333 0.008333 0.016667
2 0.230000 0.655000 0.011667 0.066667
3 0.346667 0.765000 0.010000 0.020000
3 0.255833 0.228333 0.007500 0.015000
3 0.473333 0.288333 0.017500 0.031667
2 0.806667 0.611667 0.029167 0.038333
3 0.753333 0.368333 0.008333 0.016667
2 0.748333 0.331667 0.035000 0.105000
2 0.777500 0.326667 0.011667 0.025000
2 0.740833 0.361667 0.097500 0.053333
2 0.243333 0.348333 0.011667 0.025000
2 0.235833 0.361667 0.013333 0.070000
2 0.324167 0.418333 0.021667 0.090000
3 0.224167 0.335000 0.013333 0.015000
3 0.297500 0.376667 0.014167 0.025000
3 0.696667 0.718333 0.009167 0.018333
3 0.631667 0.650000 0.009167 0.018333
3 0.658333 0.595000 0.006667 0.018333
3 0.270000 0.688333 0.010000 0.020000
3 0.460000 0.670000 0.010000 0.016667
3 0.364167 0.701667 0.010000 0.020000
2 0.420833 0.418333 0.009167 0.031667
3 0.488333 0.288333 0.009167 0.016667
3 0.729167 0.410000 0.007500 0.015000
2 0.455833 0.271667 0.011667 0.025000
2 0.313333 0.386667 0.011667 0.025000
3 0.524167 0.683333 0.011667 0.020000
3 0.557500 0.425000 0.013333 0.015000
2 0.784167 0.406667 0.010833 0.091667
3 0.320000 0.350000 0.008333 0.016667
2 0.124167 0.371667 0.097500 0.053333
3 0.494167 0.751667 0.009167 0.016667
3 0.677500 0.368333 0.008333 0.016667
3 0.732500 0.346667 0.007500 0.018333
3 0.266667 0.650000 0.010833 0.023333
2 0.302500 0.293333 0.048333 0.025000
2 0.700000 0.706667 0.030833 0.051667
2 0.466667 0.286667 0.034167 0.038333
2 0.237500 0.838333 0.019167 0.046667
3 0.695833 0.301667 0.014167 0.025000
2 0.729167 0.611667 0.020833 0.080000
2 0.415833 0.843333 0.097500 0.053333
3 0.550000 0.645000 0.007500 0.015000
2 0.645833 0.630000 0.058333 0.076667
2 0.741667 0.376667 0.019167 0.046667
2 0.259167 0.338333 0.019167 0.046667
3 0.435833 0.741667 0.009167 0.016667
2 0.297500 0.388333 0.034167 0.038333
2 0.457500 0.360000 0.010000 0.031667
3 0.289167 0.768333 0.008333 0.016667
3 0.680833 0.341667 0.006667 0.018333
3 0.647500 0.393333 0.006667 0.018333
2 0.653333 0.388333 0.048333 0.043333
3 0.321667 0.650000 0.007500 0.018333
2 0.743333 0.430000 0.019167 0.046667
2 0.714167 0.388333 0.097500 0.053333
3 0.225833 0.386667 0.010000 0.016667
3 0.743333 0.403333 0.007500 0.015000
3 0.644167 0.371667 0.013333 0.031667
2 0.725833 0.378333 0.048333 0.043333
2 0.682500 0.615000 0.010000 0.031667
3 0.574167 0.740000 0.013333 0.015000
3 0.750000 0.608333 0.010000 0.020000
2 0.531667 0.401667 0.010000 0.031667
2 0.418333 0.808333 0.027500 0.016667
2 0.507500 0.843333 0.013333 0.070000
3 0.635833 0.620000 0.010000 0.016667
3 0.330000 0.803333 0.006667 0.018333
3 0.225000 0.338333 0.010833 0.023333
2 0.485833 0.841667 0.009167 0.040000
3 0.477500 0.631667 0.014167 0.025000
2 0.563333 0.703333 0.022500 0.023333
2 0.457500 0.343333 0.009167 0.040000
3 0.344167 0.673333 0.009167 0.016667
2 0.491667 0.356667 0.048333 0.043333
2 0.646667 0.600000 0.058333 0.076667
2 0.672500 0.255000 0.014167 0.015000
3 0.560000 0.666667 0.007500 0.015000
3 0.671667 0.353333 0.015833 0.051667
3 0.540833 0.408333 0.007500 0.018333
3 0.550833 0.686667 0.008333 0.021667
3 0.662500 0.448333 0.017500 0.031667
3 0.442500 0.416667 0.007500 0.018333
2 0.710833 0.621667 0.009167 0.031667
2 0.567500 0.368333 0.019167 0.046667
3 0.702500 0.328333 0.010833 0.013333
3 0.758333 0.415000 0.008333 0.016667
2 0.437500 0.690000 0.020833 0.080000
3 0.741667 0.401667 0.010833 0.013333
2 0.823333 0.415000 0.023333 0.041667
3 0.645000 0.681667 0.009167 0.023333
2 0.376667 0.675000 0.034167 0.100000
3 0.343333 0.846667 0.007500 0.015000
3 0.523333 0.406667 0.006667 0.018333
2 0.229167 0.783333 0.015833 0.068333
2 0.578333 0.425000 0.023333 0.106667
2 0.335833 0.763333 0.020833 0.028333
3 0.714167 0.236667 0.009167 0.023333
2 0.421667 0.798333 0.029167 0.038333
2 0.411667 0.416667 0.030833 0.051667
2 0.653333 0.410000 0.021667 0.090000
3 0.310000 0.398333 0.009167 0.016667
3 0.655000 0.665000 0.010833 0.013333
2 0.476667 0.771667 0.048333 0.025000
2 0.356667 0.315000 0.022500 0.023333
