4 0.877500 0.671667 0.050000 0.090000
4 0.871667 0.551667 0.058333 0.045000
4 0.848333 0.653333 0.096667 0.191667
4 0.830833 0.601667 0.074167 0.093333
4 0.878333 0.575000 0.070833 0.175000
4 0.810000 0.466667 0.136667 0.140000
4 0.801667 0.470000 0.108333 0.071667
4 0.846667 0.630000 0.110000 0.026667
4 0.797500 0.533333 0.108333 0.071667
4 0.849167 0.590000 0.105833 0.065000
4 0.320000 0.501667 0.060833 0.050000
4 0.155000 0.485000 0.126667 0.050000
4 0.347500 0.465000 0.165833 0.141667
4 0.090000 0.538333 0.128333 0.101667
4 0.672500 0.503333 0.215000 0.065000
4 0.627500 0.488333 0.156667 0.070000
4 0.408333 0.560000 0.062500 0.120000
4 0.735833 0.490000 0.098333 0.151667
4 0.336667 0.460000 0.094167 0.088333
4 0.597500 0.555000 0.132500 0.106667
3 0.176667 0.488333 0.009167 0.018333
3 0.316667 0.511667 0.007500 0.015000
3 0.129167 0.448333 0.007500 0.015000
2 0.018333 0.488333 0.020833 0.080000
2 0.202500 0.491667 0.017500 0.116667
3 0.152500 0.585000 0.013333 0.031667
2 0.035000 0.526667 0.029167 0.038333
2 0.707500 0.515000 0.045833 0.021667
3 0.070000 0.508333 0.008333 0.016667
3 0.555833 0.510000 0.010833 0.023333
2 0.368333 0.520000 0.015833 0.068333
3 0.303333 0.590000 0.007500 0.015000
2 0.798333 0.501667 0.020833 0.080000
2 0.790833 0.460000 0.009167 0.040000
3 0.465833 0.511667 0.008333 0.016667
2 0.310833 0.503333 0.020833 0.028333
2 0.310833 0.585000 0.014167 0.015000
2 0.820000 0.481667 0.022500 0.023333
2 0.235000 0.588333 0.017500 0.116667
2 0.028333 0.498333 0.020833 0.080000
2 0.206667 0.595000 0.011667 0.025000
3 0.192500 0.493333 0.009167 0.016667
2 0.463333 0.551667 0.022500 0.023333
3 0.015833 0.530000 0.011667 0.020000
3 0.666667 0.516667 0.015833 0.051667
2 0.348333 0.445000 0.035000 0.105000
3 0.559167 0.565000 0.008333 0.016667
2 0.668333 0.458333 0.009167 0.040000
2 0.526667 0.565000 0.014167 0.015000
3 0.432500 0.511667 0.010833 0.013333
3 0.534167 0.576667 0.010833 0.013333
2 0.300833 0.533333 0.010833 0.091667
3 0.268333 0.490000 0.009167 0.018333
2 0.759167 0.468333 0.058333 0.076667
3 0.480833 0.430000 0.006667 0.018333
2 0.790000 0.571667 0.010833 0.091667
2 0.207500 0.468333 0.009167 0.040000
2 0.662500 0.516667 0.020833 0.028333
2 0.439167 0.573333 0.023333 0.106667
2 0.696667 0.505000 0.017500 0.116667
3 0.324167 0.585000 0.007500 0.018333
3 0.448333 0.541667 0.008333 0.016667
3 0.105000 0.530000 0.010833 0.013333
2 0.323333 0.481667 0.058333 0.076667
2 0.378333 0.445000 0.097500 0.053333
2 0.625833 0.498333 0.023333 0.106667
2 0.645833 0.511667 0.023333 0.106667
3 0.828333 0.545000 0.009167 0.016667
3 0.713333 0.576667 0.009167 0.018333
3 0.677500 0.555000 0.009167 0.016667
2 0.761667 0.440000 0.009167 0.040000
3 0.485833 0.565000 0.008333 0.021667
2 0.792500 0.540000 0.026667 0.035000
2 0.321667 0.523333 0.020000 0.021667
3 0.727500 0.518333 0.008333 0.016667
3 0.191667 0.436667 0.009167 0.018333
2 0.390000 0.555000 0.048333 0.043333
2 0.450833 0.458333 0.045833 0.021667
2 0.825000 0.458333 0.009167 0.040000
2 0.185000 0.430000 0.029167 0.038333
2 0.500000 0.426667 0.009167 0.040000
3 0.090000 0.560000 0.008333 0.016667
3 0.275000 0.528333 0.008333 0.016667
3 0.120833 0.463333 0.007500 0.015000
2 0.340000 0.543333 0.048333 0.025000
3 0.564167 0.505000 0.009167 0.018333
3 0.074167 0.520000 0.015833 0.051667
2 0.677500 0.511667 0.045833 0.021667
3 0.456667 0.610000 0.009167 0.016667
2 0.039167 0.508333 0.034167 0.038333
3 0.102500 0.520000 0.010833 0.023333
3 0.248333 0.595000 0.008333 0.016667
3 0.383333 0.506667 0.007500 0.016667
3 0.333333 0.551667 0.007500 0.018333
2 0.749167 0.561667 0.029167 0.038333
3 0.136667 0.530000 0.015833 0.051667
3 0.278333 0.465000 0.009167 0.018333
2 0.460833 0.475000 0.058333 0.076667
3 0.815833 0.605000 0.011667 0.020000
3 0.100000 0.468333 0.007500 0.015000
3 0.484167 0.560000 0.007500 0.018333
2 0.777500 0.473333 0.014167 0.015000
2 0.290000 0.483333 0.010833 0.091667
3 0.329167 0.511667 0.011667 0.030000
3 0.750000 0.501667 0.010000 0.020000
2 0.479167 0.558333 0.020833 0.028333
2 0.545833 0.536667 0.019167 0.046667
2 0.072500 0.475000 0.030833 0.051667
3 0.635000 0.560000 0.013333 0.015000
2 0.361667 0.536667 0.019167 0.046667
2 0.306667 0.546667 0.020000 0.021667
3 0.534167 0.546667 0.008333 0.016667
2 0.262500 0.568333 0.023333 0.106667
3 0.090000 0.521667 0.017500 0.031667
3 0.491667 0.458333 0.008333 0.021667
2 0.133333 0.451667 0.019167 0.046667
3 0.041667 0.460000 0.013333 0.015000
3 0.816667 0.635000 0.009167 0.016667
2 0.030000 0.548333 0.060833 0.053333
2 0.036667 0.540000 0.034167 0.038333
2 0.635000 0.523333 0.048333 0.025000
3 0.398333 0.478333 0.007500 0.015000
3 0.389167 0.755000 0.007500 0.018333
3 0.277500 0.375000 0.010000 0.020000
3 0.321667 0.666667 0.015833 0.051667
2 0.740833 0.670000 0.014167 0.015000
2 0.745000 0.411667 0.010833 0.091667
2 0.774167 0.388333 0.014167 0.015000
3 0.443333 0.320000 0.010000 0.020000
3 0.654167 0.418333 0.009167 0.023333
2 0.450000 0.286667 0.023333 0.106667
3 0.791667 0.728333 0.009167 0.016667
2 0.340000 0.681667 0.058333 0.076667
3 0.339167 0.370000 0.007500 0.015000
2 0.289167 0.701667 0.027500 0.016667
3 0.230000 0.400000 0.009167 0.016667
2 0.708333 0.628333 0.020833 0.028333
2 0.480833 0.306667 0.020833 0.080000
3 0.685833 0.356667 0.008333 0.016667
3 0.780833 0.358333 0.010833 0.013333
3 0.770000 0.378333 0.009167 0.016667
3 0.705833 0.440000 0.015833 0.051667
3 0.636667 0.636667 0.007500 0.018333
2 0.680833 0.368333 0.009167 0.040000
2 0.673333 0.346667 0.020000 0.021667
2 0.725833 0.401667 0.010000 0.031667
2 0.492500 0.316667 0.010000 0.031667
3 0.290833 0.270000 0.010833 0.023333
3 0.733333 0.371667 0.009167 0.016667
2 0.769167 0.775000 0.020833 0.028333
2 0.475833 0.635000 0.017500 0.116667
2 0.493333 0.788333 0.010833 0.091667
2 0.795000 0.380000 0.026667 0.035000
3 0.795000 0.711667 0.007500 0.015000
2 0.297500 0.635000 0.020833 0.028333
2 0.640000 0.366667 0.019167 0.046667
3 0.778333 0.645000 0.011667 0.020000
2 0.404167 0.410000 0.010833 0.091667
3 0.558333 0.318333 0.007500 0.015000
3 0.818333 0.711667 0.007500 0.015000
3 0.752500 0.311667 0.013333 0.031667
2 0.435000 0.391667 0.026667 0.035000
2 0.675000 0.406667 0.009167 0.040000
3 0.671667 0.628333 0.007500 0.018333
3 0.677500 0.638333 0.011667 0.020000
2 0.670833 0.630000 0.009167 0.031667
2 0.761667 0.330000 0.011667 0.025000
2 0.636667 0.411667 0.022500 0.023333
2 0.670833 0.630000 0.023333 0.041667
3 0.662500 0.346667 0.007500 0.018333
3 0.375833 0.796667 0.011667 0.020000
3 0.727500 0.448333 0.007500 0.015000
3 0.678333 0.348333 0.010000 0.020000
2 0.450833 0.366667 0.048333 0.043333
2 0.521667 0.223333 0.097500 0.053333
2 0.432500 0.351667 0.023333 0.106667
3 0.460000 0.658333 0.013333 0.015000
2 0.412500 0.388333 0.029167 0.038333
2 0.345833 0.731667 0.035000 0.105000
2 0.230833 0.645000 0.048333 0.043333
3 0.794167 0.413333 0.013333 0.015000
3 0.733333 0.588333 0.009167 0.016667
2 0.504167 0.693333 0.029167 0.038333
2 0.740000 0.360000 0.034167 0.038333
3 0.663333 0.660000 0.011667 0.020000
3 0.295000 0.680000 0.009167 0.016667
2 0.322500 0.265000 0.048333 0.025000
3 0.228333 0.666667 0.008333 0.021667
2 0.648333 0.403333 0.022500 0.023333
3 0.745000 0.660000 0.017500 0.031667
3 0.321667 0.648333 0.007500 0.015000
2 0.574167 0.443333 0.026667 0.035000
2 0.314167 0.215000 0.009167 0.040000
3 0.506667 0.823333 0.010833 0.023333
2 0.789167 0.398333 0.097500 0.053333
2 0.409167 0.843333 0.020000 0.021667
2 0.180833 0.428333 0.034167 0.100000
2 0.695833 0.348333 0.011667 0.066667
3 0.407500 0.671667 0.014167 0.025000
2 0.343333 0.648333 0.034167 0.038333
2 0.178333 0.660000 0.023333 0.106667
2 0.715000 0.653333 0.010833 0.091667
3 0.280833 0.431667 0.010833 0.013333
2 0.355000 0.283333 0.034167 0.038333
2 0.709167 0.666667 0.015833 0.068333
2 0.495000 0.813333 0.034167 0.038333
3 0.695833 0.681667 0.014167 0.025000
2 0.453333 0.636667 0.045833 0.021667
2 0.787500 0.406667 0.015833 0.068333
2 0.785000 0.420000 0.030833 0.051667
2 0.478333 0.810000 0.019167 0.046667
2 0.338333 0.871667 0.009167 0.031667
2 0.572500 0.600000 0.035000 0.105000
2 0.322500 0.790000 0.013333 0.070000
3 0.574167 0.616667 0.011667 0.020000
3 0.217500 0.671667 0.010000 0.020000
2 0.667500 0.650000 0.034167 0.100000
3 0.707500 0.323333 0.007500 0.018333
2 0.700833 0.620000 0.045833 0.021667
3 0.367500 0.291667 0.009167 0.016667
3 0.441667 0.815000 0.009167 0.023333
3 0.702500 0.363333 0.015833 0.051667
3 0.624167 0.375000 0.013333 0.015000
2 0.431667 0.823333 0.030833 0.051667
2 0.600000 0.373333 0.020833 0.028333
2 0.268333 0.293333 0.020833 0.080000
2 0.217500 0.373333 0.097500 0.053333
2 0.682500 0.648333 0.023333 0.106667
3 0.674167 0.443333 0.006667 0.018333
3 0.570833 0.633333 0.009167 0.018333
3 0.541667 0.690000 0.010000 0.016667
3 0.445833 0.710000 0.009167 0.016667
2 0.328333 0.381667 0.045833 0.021667
2 0.724167 0.461667 0.013333 0.070000
2 0.651667 0.315000 0.009167 0.040000
2 0.621667 0.613333 0.058333 0.076667
3 0.698333 0.350000 0.008333 0.016667
3 0.717500 0.415000 0.007500 0.015000
2 0.508333 0.316667 0.013333 0.070000
2 0.785833 0.676667 0.017500 0.116667
3 0.742500 0.345000 0.010000 0.016667
2 0.710000 0.393333 0.023333 0.106667
3 0.454167 0.786667 0.010000 0.016667
2 0.681667 0.351667 0.030833 0.051667
2 0.675000 0.606667 0.020833 0.080000
3 0.760000 0.610000 0.009167 0.016667
2 0.673333 0.631667 0.023333 0.041667
2 0.022500 0.608333 0.022500 0.023333
3 0.402500 0.693333 0.009167 0.015000
2 0.310000 0.325000 0.015833 0.068333
3 0.790833 0.415000 0.010833 0.013333
3 0.274167 0.416667 0.009167 0.023333
3 0.499167 0.670000 0.008333 0.016667
2 0.561667 0.381667 0.009167 0.031667
2 0.664167 0.656667 0.010000 0.031667
2 0.591667 0.716667 0.023333 0.106667
2 0.672500 0.335000 0.097500 0.053333
2 0.733333 0.685000 0.020000 0.021667
2 0.545000 0.408333 0.020833 0.028333
3 0.450833 0.371667 0.008333 0.016667
2 0.459167 0.733333 0.013333 0.070000
2 0.569167 0.188333 0.010833 0.091667
3 0.555000 0.705000 0.009167 0.016667
3 0.515000 0.658333 0.007500 0.015000
2 0.293333 0.400000 0.022500 0.023333
3 0.689167 0.615000 0.013333 0.031667
2 0.702500 0.618333 0.009167 0.040000
3 0.361667 0.396667 0.010000 0.016667
2 0.332500 0.686667 0.030833 0.051667
2 0.597500 0.745000 0.010833 0.091667
3 0.750000 0.655000 0.007500 0.015000
2 0.640000 0.661667 0.013333 0.070000
3 0.721667 0.380000 0.009167 0.016667
2 0.702500 0.343333 0.020833 0.080000
3 0.300000 0.296667 0.017500 0.031667
2 0.676667 0.340000 0.026667 0.035000
2 0.704167 0.403333 0.048333 0.025000
3 0.753333 0.388333 0.008333 0.016667
2 0.712500 0.348333 0.034167 0.038333
2 0.744167 0.336667 0.058333 0.076667
3 0.536667 0.423333 0.009167 0.016667
2 0.590833 0.686667 0.020833 0.080000
2 0.600833 0.783333 0.010833 0.091667
3 0.575833 0.735000 0.013333 0.015000
3 0.808333 0.643333 0.009167 0.016667
2 0.664167 0.713333 0.010833 0.091667
3 0.296667 0.680000 0.006667 0.018333
3 0.755833 0.416667 0.008333 0.021667
3 0.755833 0.646667 0.006667 0.018333
3 0.405000 0.796667 0.007500 0.016667
3 0.769167 0.363333 0.011667 0.020000
2 0.574167 0.155000 0.009167 0.040000
2 0.211667 0.435000 0.034167 0.100000
2 0.678333 0.361667 0.045833 0.021667
2 0.295000 0.335000 0.045833 0.021667
3 0.340000 0.263333 0.013333 0.031667
3 0.423333 0.706667 0.010833 0.013333
3 0.630000 0.641667 0.009167 0.016667
2 0.440000 0.370000 0.027500 0.016667
3 0.426667 0.721667 0.007500 0.015000
3 0.448333 0.778333 0.014167 0.025000
2 0.227500 0.658333 0.015833 0.068333
2 0.762500 0.775000 0.034167 0.038333
3 0.389167 0.648333 0.010000 0.016667
3 0.543333 0.653333 0.011667 0.020000
3 0.641667 0.680000 0.007500 0.015000
3 0.709167 0.683333 0.007500 0.015000
2 0.620833 0.620000 0.020833 0.080000
2 0.303333 0.653333 0.009167 0.031667
3 0.565833 0.748333 0.009167 0.016667
3 0.231667 0.676667 0.008333 0.016667
3 0.719167 0.998333 0.010000 0.001667
2 0.712500 0.375000 0.034167 0.100000
2 0.566667 0.716667 0.020000 0.021667
2 0.156667 0.396667 0.045833 0.021667
2 0.538333 0.661667 0.045833 0.021667
3 0.672500 0.630000 0.006667 0.018333
2 0.552500 0.721667 0.048333 0.025000
2 0.322500 0.776667 0.030833 0.051667
2 0.450833 0.370000 0.023333 0.106667
