4 0.831667 0.481667 0.104167 0.176667
4 0.894167 0.556667 0.080000 0.108333
4 0.785833 0.628333 0.142500 0.155000
4 0.817500 0.620000 0.126667 0.253333
4 0.836667 0.428333 0.053333 0.041667
4 0.792500 0.375000 0.164167 0.180000
4 0.906667 0.451667 0.032500 0.018333
4 0.845833 0.683333 0.118333 0.206667
4 0.854167 0.591667 0.093333 0.121667
4 0.819167 0.690000 0.165833 0.061667
4 0.510000 0.538333 0.088333 0.035000
4 0.100833 0.646667 0.201667 0.360000
4 0.082500 0.535000 0.047500 0.058333
4 0.087500 0.621667 0.102500 0.216667
4 0.034167 0.565000 0.059167 0.035000
4 0.758333 0.465000 0.077500 0.103333
4 0.425000 0.538333 0.130000 0.078333
4 0.749167 0.453333 0.135000 0.180000
4 0.023333 0.481667 0.047500 0.106667
4 0.227500 0.568333 0.070000 0.116667
2 0.261667 0.436667 0.011667 0.066667
3 0.399167 0.528333 0.007500 0.015000
3 0.796667 0.500000 0.010000 0.016667
2 0.750833 0.431667 0.097500 0.053333
2 0.319167 0.530000 0.022500 0.023333
3 0.528333 0.491667 0.009167 0.016667
3 0.475000 0.498333 0.015833 0.051667
3 0.515000 0.478333 0.008333 0.021667
3 0.441667 0.593333 0.017500 0.031667
2 0.219167 0.538333 0.010000 0.031667
3 0.391667 0.518333 0.007500 0.016667
2 0.143333 0.500000 0.017500 0.116667
2 0.475833 0.423333 0.020833 0.080000
3 0.231667 0.491667 0.007500 0.018333
2 0.370000 0.553333 0.034167 0.038333
3 0.200833 0.500000 0.008333 0.016667
2 0.260833 0.516667 0.035000 0.105000
3 0.204167 0.585000 0.011667 0.030000
2 0.235000 0.581667 0.026667 0.035000
3 0.392500 0.585000 0.010000 0.016667
2 0.486667 0.421667 0.023333 0.106667
3 0.389167 0.553333 0.007500 0.015000
2 0.258333 0.553333 0.021667 0.090000
3 0.489167 0.443333 0.011667 0.020000
3 0.122500 0.466667 0.007500 0.018333
2 0.297500 0.525000 0.034167 0.038333
2 0.312500 0.455000 0.019167 0.046667
3 0.452500 0.481667 0.015833 0.051667
3 0.455000 0.456667 0.009167 0.016667
3 0.046667 0.480000 0.009167 0.023333
3 0.312500 0.496667 0.010833 0.013333
3 0.088333 0.535000 0.010833 0.013333
3 0.237500 0.516667 0.007500 0.016667
3 0.804167 0.541667 0.008333 0.016667
3 0.706667 0.565000 0.014167 0.025000
2 0.282500 0.528333 0.027500 0.016667
3 0.659167 0.583333 0.009167 0.016667
3 0.148333 0.536667 0.006667 0.018333
2 0.437500 0.608333 0.009167 0.040000
3 0.082500 0.505000 0.009167 0.018333
2 0.185833 0.481667 0.015833 0.068333
3 0.633333 0.568333 0.008333 0.016667
2 0.532500 0.453333 0.017500 0.116667
2 0.588333 0.543333 0.017500 0.116667
3 0.187500 0.555000 0.007500 0.015000
2 0.314167 0.493333 0.097500 0.053333
3 0.635833 0.463333 0.006667 0.018333
3 0.349167 0.551667 0.006667 0.018333
2 0.774167 0.560000 0.017500 0.116667
3 0.158333 0.600000 0.009167 0.018333
3 0.718333 0.498333 0.009167 0.016667
3 0.112500 0.501667 0.013333 0.015000
3 0.137500 0.506667 0.009167 0.016667
3 0.365000 0.515000 0.007500 0.018333
2 0.763333 0.501667 0.010833 0.091667
2 0.422500 0.465000 0.020833 0.080000
3 0.177500 0.508333 0.010833 0.013333
2 0.330833 0.443333 0.058333 0.076667
3 0.196667 0.526667 0.009167 0.023333
2 0.214167 0.458333 0.011667 0.025000
3 0.450833 0.520000 0.009167 0.015000
2 0.362500 0.505000 0.010000 0.031667
2 0.756667 0.521667 0.034167 0.038333
2 0.175833 0.518333 0.011667 0.066667
2 0.240833 0.608333 0.009167 0.031667
2 0.641667 0.486667 0.020833 0.080000
2 0.365833 0.555000 0.011667 0.025000
2 0.153333 0.543333 0.048333 0.025000
3 0.164167 0.451667 0.007500 0.015000
2 0.371667 0.495000 0.097500 0.053333
3 0.681667 0.475000 0.008333 0.016667
2 0.556667 0.485000 0.045833 0.021667
2 0.725833 0.580000 0.030833 0.051667
2 0.017500 0.503333 0.020833 0.080000
3 0.338333 0.611667 0.010833 0.013333
2 0.199167 0.436667 0.017500 0.116667
2 0.192500 0.578333 0.022500 0.023333
2 0.464167 0.490000 0.009167 0.031667
2 0.607500 0.540000 0.023333 0.106667
3 0.277500 0.465000 0.007500 0.015000
3 0.699167 0.468333 0.009167 0.016667
3 0.695000 0.511667 0.008333 0.016667
2 0.117500 0.591667 0.034167 0.100000
2 0.240000 0.478333 0.019167 0.046667
2 0.117500 0.516667 0.097500 0.053333
3 0.696667 0.450000 0.006667 0.018333
2 0.455000 0.528333 0.010833 0.091667
2 0.822500 0.548333 0.009167 0.040000
3 0.170833 0.438333 0.013333 0.015000
3 0.710000 0.520000 0.010833 0.013333
3 0.539167 0.453333 0.010000 0.020000
2 0.125000 0.440000 0.029167 0.038333
3 0.068333 0.485000 0.009167 0.016667
3 0.370833 0.571667 0.009167 0.016667
3 0.141667 0.551667 0.008333 0.016667
2 0.187500 0.578333 0.010833 0.091667
2 0.184167 0.576667 0.013333 0.070000
3 0.600000 0.476667 0.006667 0.018333
2 0.593333 0.600000 0.048333 0.025000
2 0.109167 0.445000 0.019167 0.046667
2 0.685000 0.573333 0.010000 0.031667
2 0.046667 0.576667 0.027500 0.016667
2 0.310000 0.201667 0.034167 0.100000
2 0.498333 0.685000 0.023333 0.041667
2 0.557500 0.641667 0.020833 0.080000
2 0.325833 0.688333 0.048333 0.043333
3 0.218333 0.430000 0.017500 0.031667
2 0.245833 0.253333 0.097500 0.053333
2 0.555833 0.448333 0.013333 0.070000
2 0.595000 0.998333 0.014167 0.001667
3 0.285000 0.263333 0.013333 0.031667
2 0.652500 0.655000 0.017500 0.116667
3 0.722500 0.420000 0.009167 0.016667
2 0.593333 0.393333 0.034167 0.038333
2 0.714167 0.626667 0.035000 0.105000
3 0.314167 0.253333 0.013333 0.031667
3 0.228333 0.663333 0.008333 0.016667
2 0.747500 0.608333 0.023333 0.041667
3 0.684167 0.636667 0.007500 0.018333
2 0.689167 0.618333 0.011667 0.025000
2 0.344167 0.380000 0.009167 0.031667
3 0.753333 0.661667 0.010833 0.023333
3 0.379167 0.763333 0.011667 0.030000
3 0.667500 0.616667 0.007500 0.018333
3 0.685000 0.640000 0.007500 0.015000
2 0.685000 0.348333 0.011667 0.066667
3 0.705833 0.793333 0.008333 0.016667
2 0.510833 0.388333 0.034167 0.100000
3 0.466667 0.260000 0.010000 0.020000
3 0.689167 0.355000 0.010833 0.013333
2 0.827500 0.450000 0.020833 0.080000
3 0.549167 0.631667 0.006667 0.018333
2 0.256667 0.781667 0.019167 0.046667
2 0.275833 0.718333 0.023333 0.041667
2 0.305833 0.680000 0.011667 0.066667
2 0.456667 0.386667 0.015833 0.068333
2 0.616667 0.415000 0.010833 0.091667
2 0.500000 0.793333 0.023333 0.106667
3 0.702500 0.621667 0.011667 0.020000
2 0.756667 0.571667 0.011667 0.066667
2 0.305000 0.790000 0.034167 0.100000
2 0.310833 0.310000 0.009167 0.031667
2 0.750833 0.366667 0.035000 0.105000
2 0.724167 0.626667 0.019167 0.046667
2 0.435000 0.628333 0.009167 0.040000
2 0.325000 0.225000 0.045833 0.021667
3 0.692500 0.655000 0.014167 0.025000
3 0.695000 0.348333 0.007500 0.016667
3 0.788333 0.420000 0.009167 0.023333
3 0.522500 0.358333 0.008333 0.016667
2 0.414167 0.726667 0.011667 0.066667
2 0.380833 0.353333 0.058333 0.076667
2 0.498333 0.370000 0.013333 0.070000
3 0.562500 0.740000 0.007500 0.015000
2 0.742500 0.378333 0.029167 0.038333
3 0.470833 0.371667 0.017500 0.031667
3 0.525833 0.395000 0.007500 0.016667
2 0.332500 0.395000 0.023333 0.041667
2 0.655000 0.425000 0.020833 0.080000
2 0.703333 0.640000 0.014167 0.015000
2 0.431667 0.745000 0.020000 0.021667
2 0.230833 0.573333 0.009167 0.040000
2 0.403333 0.360000 0.058333 0.076667
2 0.520000 0.631667 0.026667 0.035000
2 0.443333 0.330000 0.009167 0.031667
2 0.678333 0.661667 0.011667 0.066667
3 0.584167 0.641667 0.011667 0.020000
2 0.441667 0.106667 0.045833 0.021667
3 0.446667 0.378333 0.006667 0.018333
3 0.574167 0.618333 0.008333 0.016667
2 0.560000 0.235000 0.020833 0.028333
2 0.189167 0.675000 0.013333 0.070000
2 0.695833 0.675000 0.014167 0.015000
3 0.568333 0.150000 0.013333 0.015000
2 0.517500 0.411667 0.097500 0.053333
3 0.675833 0.711667 0.010833 0.023333
2 0.495000 0.643333 0.058333 0.076667
2 0.756667 0.368333 0.019167 0.046667
2 0.665833 0.385000 0.021667 0.090000
3 0.436667 0.750000 0.009167 0.023333
3 0.500000 0.343333 0.009167 0.016667
2 0.566667 0.756667 0.030833 0.051667
2 0.322500 0.220000 0.034167 0.038333
3 0.517500 0.406667 0.007500 0.018333
3 0.748333 0.608333 0.008333 0.021667
3 0.344167 0.780000 0.014167 0.025000
2 0.266667 0.721667 0.015833 0.068333
2 0.373333 0.766667 0.023333 0.106667
2 0.353333 0.753333 0.014167 0.015000
2 0.695000 0.295000 0.013333 0.070000
3 0.770000 0.378333 0.010000 0.020000
3 0.315000 0.355000 0.017500 0.031667
2 0.458333 0.890000 0.013333 0.070000
3 0.455000 0.270000 0.006667 0.018333
2 0.273333 0.783333 0.048333 0.043333
2 0.691667 0.410000 0.010000 0.031667
3 0.706667 0.703333 0.009167 0.016667
3 0.647500 0.346667 0.009167 0.018333
3 0.677500 0.366667 0.010833 0.023333
3 0.720833 0.628333 0.006667 0.018333
2 0.796667 0.716667 0.010000 0.031667
2 0.757500 0.405000 0.034167 0.100000
3 0.300833 0.713333 0.013333 0.015000
2 0.797500 0.393333 0.010000 0.031667
2 0.751667 0.703333 0.034167 0.038333
3 0.631667 0.378333 0.006667 0.018333
3 0.738333 0.416667 0.009167 0.016667
3 0.623333 0.643333 0.009167 0.016667
3 0.717500 0.415000 0.007500 0.018333
3 0.312500 0.208333 0.011667 0.020000
3 0.477500 0.743333 0.010000 0.020000
2 0.468333 0.403333 0.034167 0.100000
2 0.642500 0.748333 0.010833 0.091667
3 0.646667 0.391667 0.007500 0.015000
2 0.399167 0.343333 0.020833 0.080000
2 0.650833 0.335000 0.023333 0.041667
2 0.760000 0.390000 0.017500 0.116667
2 0.494167 0.665000 0.017500 0.116667
2 0.476667 0.621667 0.015833 0.068333
2 0.585833 0.335000 0.097500 0.053333
3 0.519167 0.276667 0.010000 0.016667
3 0.340000 0.226667 0.007500 0.015000
2 0.700833 0.406667 0.015833 0.068333
3 0.265000 0.633333 0.014167 0.025000
2 0.521667 0.246667 0.019167 0.046667
3 0.698333 0.671667 0.006667 0.018333
3 0.550833 0.681667 0.007500 0.016667
2 0.720000 0.646667 0.010000 0.031667
2 0.635000 0.376667 0.048333 0.043333
2 0.775833 0.328333 0.029167 0.038333
3 0.139167 0.661667 0.015833 0.051667
3 0.300000 0.276667 0.010833 0.013333
2 0.657500 0.408333 0.013333 0.070000
3 0.440833 0.376667 0.007500 0.016667
2 0.475833 0.775000 0.020000 0.021667
3 0.443333 0.668333 0.017500 0.031667
3 0.185833 0.650000 0.007500 0.015000
2 0.687500 0.348333 0.045833 0.021667
2 0.284167 0.303333 0.030833 0.051667
3 0.405000 0.721667 0.010833 0.013333
3 0.717500 0.355000 0.008333 0.016667
3 0.751667 0.336667 0.009167 0.016667
2 0.401667 0.761667 0.023333 0.106667
3 0.691667 0.638333 0.008333 0.016667
3 0.651667 0.653333 0.007500 0.015000
3 0.780833 0.598333 0.009167 0.018333
2 0.144167 0.371667 0.058333 0.076667
3 0.595833 0.333333 0.007500 0.018333
2 0.782500 0.328333 0.035000 0.105000
3 0.320833 0.648333 0.010000 0.016667
2 0.632500 0.690000 0.097500 0.053333
2 0.249167 0.825000 0.034167 0.100000
2 0.544167 0.765000 0.023333 0.106667
2 0.785833 0.655000 0.048333 0.025000
2 0.422500 0.663333 0.014167 0.015000
2 0.739167 0.406667 0.027500 0.016667
2 0.343333 0.645000 0.009167 0.031667
2 0.440833 0.295000 0.034167 0.100000
2 0.695833 0.653333 0.010000 0.031667
3 0.283333 0.335000 0.011667 0.020000
3 0.604167 0.330000 0.008333 0.016667
2 0.740833 0.431667 0.013333 0.070000
2 0.711667 0.663333 0.023333 0.041667
3 0.379167 0.360000 0.009167 0.023333
3 0.795833 0.645000 0.006667 0.018333
2 0.716667 0.336667 0.009167 0.040000
2 0.677500 0.320000 0.029167 0.038333
2 0.340833 0.681667 0.030833 0.051667
3 0.675833 0.331667 0.013333 0.015000
3 0.540833 0.406667 0.007500 0.015000
3 0.338333 0.861667 0.010000 0.020000
3 0.322500 0.761667 0.013333 0.015000
2 0.400833 0.736667 0.020833 0.080000
3 0.789167 0.733333 0.007500 0.015000
3 0.764167 0.615000 0.010833 0.023333
3 0.313333 0.640000 0.010833 0.013333
2 0.329167 0.701667 0.029167 0.038333
3 0.748333 0.446667 0.010000 0.020000
3 0.327500 0.391667 0.008333 0.016667
2 0.539167 0.335000 0.009167 0.040000
2 0.292500 0.651667 0.035000 0.105000
2 0.668333 0.626667 0.058333 0.076667
3 0.701667 0.340000 0.009167 0.015000
2 0.774167 0.363333 0.009167 0.031667
3 0.444167 0.325000 0.008333 0.021667
2 0.338333 0.215000 0.019167 0.046667
2 0.716667 0.370000 0.034167 0.038333
3 0.443333 0.160000 0.009167 0.016667
3 0.304167 0.661667 0.009167 0.018333
3 0.477500 0.623333 0.008333 0.021667
2 0.560833 0.778333 0.010833 0.091667
3 0.532500 0.358333 0.009167 0.016667
3 0.354167 0.281667 0.010000 0.020000
3 0.550833 0.233333 0.009167 0.015000
3 0.267500 0.203333 0.009167 0.023333
2 0.450000 0.236667 0.029167 0.038333
3 0.293333 0.733333 0.008333 0.021667
2 0.706667 0.445000 0.010833 0.091667
2 0.617500 0.633333 0.034167 0.038333
3 0.440000 0.675000 0.017500 0.031667
