4 0.861667 0.656667 0.109167 0.180000
4 0.829167 0.366667 0.106667 0.146667
4 0.857500 0.675000 0.055833 0.120000
4 0.855000 0.605000 0.054167 0.056667
4 0.859167 0.596667 0.077500 0.115000
4 0.830000 0.456667 0.117500 0.033333
4 0.830833 0.458333 0.055833 0.121667
4 0.790833 0.503333 0.088333 0.033333
4 0.863333 0.578333 0.076667 0.045000
4 0.870000 0.463333 0.041667 0.021667
4 0.781667 0.515000 0.031667 0.066667
4 0.593333 0.596667 0.045833 0.120000
4 0.415833 0.543333 0.133333 0.125000
4 0.246667 0.591667 0.095833 0.066667
4 0.048333 0.691667 0.096667 0.406667
4 0.372500 0.510000 0.061667 0.096667
4 0.055833 0.675000 0.112500 0.328333
4 0.671667 0.670000 0.141667 0.323333
4 0.282500 0.483333 0.115000 0.108333
4 0.625000 0.485000 0.102500 0.036667
3 0.618333 0.555000 0.010833 0.013333
2 0.052500 0.565000 0.020833 0.028333
3 0.545833 0.475000 0.009167 0.015000
3 0.680833 0.485000 0.013333 0.031667
3 0.306667 0.503333 0.013333 0.031667
2 0.395000 0.485000 0.048333 0.025000
3 0.806667 0.570000 0.010833 0.023333
2 0.415833 0.463333 0.027500 0.016667
3 0.213333 0.558333 0.014167 0.025000
2 0.096667 0.416667 0.035000 0.105000
3 0.287500 0.536667 0.010000 0.020000
2 0.377500 0.525000 0.010833 0.091667
3 0.278333 0.458333 0.008333 0.016667
2 0.467500 0.418333 0.058333 0.076667
3 0.700833 0.543333 0.008333 0.016667
2 0.740000 0.508333 0.014167 0.015000
2 0.311667 0.521667 0.010833 0.091667
3 0.350833 0.486667 0.007500 0.015000
3 0.560833 0.518333 0.008333 0.021667
3 0.217500 0.481667 0.007500 0.015000
2 0.225000 0.578333 0.026667 0.035000
2 0.395833 0.508333 0.034167 0.100000
3 0.769167 0.500000 0.013333 0.015000
3 0.826667 0.525000 0.013333 0.031667
2 0.816667 0.555000 0.020833 0.080000
2 0.029167 0.495000 0.034167 0.100000
2 0.270833 0.516667 0.058333 0.076667
3 0.494167 0.410000 0.007500 0.016667
3 0.223333 0.558333 0.009167 0.018333
3 0.017500 0.545000 0.009167 0.016667
3 0.259167 0.536667 0.008333 0.016667
2 0.400000 0.468333 0.023333 0.106667
2 0.313333 0.493333 0.011667 0.025000
2 0.242500 0.548333 0.020000 0.021667
3 0.395833 0.468333 0.010833 0.013333
3 0.461667 0.508333 0.007500 0.015000
3 0.187500 0.460000 0.017500 0.031667
2 0.594167 0.546667 0.020000 0.021667
3 0.779167 0.535000 0.013333 0.015000
3 0.782500 0.495000 0.008333 0.016667
3 0.237500 0.493333 0.006667 0.018333
2 0.559167 0.600000 0.021667 0.090000
2 0.087500 0.491667 0.015833 0.068333
3 0.469167 0.566667 0.009167 0.018333
2 0.166667 0.423333 0.097500 0.053333
3 0.738333 0.521667 0.017500 0.031667
3 0.211667 0.590000 0.007500 0.015000
2 0.042500 0.528333 0.010833 0.091667
2 0.665000 0.618333 0.010833 0.091667
3 0.755833 0.476667 0.009167 0.023333
2 0.170833 0.526667 0.013333 0.070000
2 0.799167 0.508333 0.011667 0.066667
3 0.686667 0.471667 0.009167 0.016667
3 0.260833 0.483333 0.011667 0.030000
2 0.760833 0.535000 0.010000 0.031667
2 0.677500 0.436667 0.019167 0.046667
2 0.560833 0.503333 0.020833 0.028333
2 0.019167 0.485000 0.035000 0.105000
3 0.454167 0.611667 0.011667 0.020000
2 0.468333 0.440000 0.034167 0.100000
3 0.497500 0.595000 0.008333 0.016667
3 0.439167 0.626667 0.011667 0.030000
2 0.654167 0.526667 0.023333 0.106667
2 0.328333 0.561667 0.034167 0.038333
3 0.640000 0.570000 0.007500 0.015000
2 0.489167 0.606667 0.013333 0.070000
3 0.825000 0.481667 0.007500 0.018333
2 0.819167 0.661667 0.010000 0.031667
2 0.572500 0.545000 0.020833 0.028333
2 0.479167 0.546667 0.017500 0.116667
2 0.656667 0.521667 0.013333 0.070000
2 0.035833 0.530000 0.045833 0.021667
3 0.090000 0.461667 0.009167 0.018333
3 0.588333 0.481667 0.014167 0.025000
3 0.344167 0.606667 0.011667 0.030000
3 0.593333 0.550000 0.007500 0.016667
3 0.601667 0.581667 0.013333 0.031667
3 0.439167 0.485000 0.010000 0.020000
3 0.248333 0.555000 0.008333 0.016667
2 0.271667 0.566667 0.014167 0.015000
3 0.394167 0.545000 0.013333 0.031667
2 0.067500 0.481667 0.029167 0.038333
2 0.814167 0.566667 0.017500 0.116667
2 0.574167 0.526667 0.009167 0.040000
2 0.790833 0.553333 0.034167 0.100000
2 0.182500 0.510000 0.097500 0.053333
3 0.331667 0.560000 0.008333 0.021667
3 0.319167 0.556667 0.009167 0.015000
3 0.043333 0.561667 0.007500 0.015000
3 0.392500 0.553333 0.009167 0.018333
3 0.693333 0.505000 0.007500 0.018333
2 0.173333 0.608333 0.034167 0.100000
3 0.225000 0.543333 0.008333 0.016667
3 0.371667 0.578333 0.007500 0.018333
2 0.812500 0.580000 0.035000 0.105000
2 0.732500 0.605000 0.020833 0.080000
2 0.641667 0.538333 0.019167 0.046667
3 0.390000 0.595000 0.015833 0.051667
3 0.593333 0.470000 0.008333 0.016667
3 0.537500 0.493333 0.009167 0.016667
3 0.467500 0.431667 0.009167 0.023333
2 0.327500 0.510000 0.010000 0.031667
2 0.715000 0.686667 0.045833 0.021667
2 0.567500 0.723333 0.058333 0.076667
2 0.212500 0.616667 0.019167 0.046667
2 0.333333 0.701667 0.020833 0.028333
3 0.460000 0.715000 0.009167 0.018333
2 0.531667 0.286667 0.034167 0.038333
3 0.356667 0.613333 0.011667 0.020000
3 0.252500 0.765000 0.009167 0.016667
3 0.753333 0.596667 0.010833 0.013333
2 0.649167 0.656667 0.020833 0.080000
2 0.591667 0.608333 0.020833 0.080000
3 0.358333 0.611667 0.007500 0.016667
2 0.661667 0.390000 0.048333 0.025000
2 0.360833 0.353333 0.097500 0.053333
2 0.620833 0.400000 0.034167 0.038333
3 0.282500 0.438333 0.006667 0.018333
2 0.445833 0.791667 0.029167 0.038333
3 0.332500 0.221667 0.014167 0.025000
2 0.660000 0.473333 0.010833 0.091667
3 0.610833 0.685000 0.011667 0.030000
3 0.441667 0.738333 0.007500 0.018333
3 0.768333 0.648333 0.008333 0.016667
2 0.464167 0.830000 0.048333 0.025000
2 0.755000 0.598333 0.048333 0.043333
3 0.670833 0.628333 0.009167 0.016667
3 0.665833 0.350000 0.010000 0.016667
3 0.347500 0.386667 0.007500 0.015000
2 0.754167 0.368333 0.014167 0.015000
3 0.708333 0.413333 0.013333 0.015000
3 0.284167 0.266667 0.008333 0.016667
2 0.456667 0.096667 0.015833 0.068333
2 0.486667 0.278333 0.015833 0.068333
3 0.476667 0.171667 0.008333 0.021667
2 0.622500 0.393333 0.026667 0.035000
2 0.412500 0.668333 0.048333 0.043333
3 0.315000 0.410000 0.006667 0.018333
3 0.300833 0.281667 0.009167 0.016667
2 0.260000 0.765000 0.020833 0.080000
3 0.267500 0.640000 0.010000 0.020000
3 0.176667 0.391667 0.008333 0.016667
2 0.628333 0.373333 0.030833 0.051667
2 0.653333 0.576667 0.015833 0.068333
2 0.485000 0.155000 0.029167 0.038333
2 0.690000 0.685000 0.013333 0.070000
3 0.779167 0.736667 0.007500 0.016667
3 0.435833 0.330000 0.008333 0.016667
2 0.552500 0.681667 0.030833 0.051667
2 0.627500 0.640000 0.097500 0.053333
2 0.828333 0.393333 0.015833 0.068333
3 0.501667 0.395000 0.007500 0.015000
3 0.690833 0.625000 0.008333 0.016667
2 0.761667 0.415000 0.010000 0.031667
3 0.690000 0.683333 0.014167 0.025000
2 0.582500 0.170000 0.015833 0.068333
2 0.562500 0.683333 0.030833 0.051667
2 0.380000 0.740000 0.009167 0.040000
3 0.585833 0.418333 0.008333 0.016667
3 0.314167 0.235000 0.009167 0.016667
3 0.282500 0.435000 0.007500 0.016667
2 0.286667 0.768333 0.020833 0.028333
2 0.709167 0.395000 0.011667 0.066667
2 0.274167 0.285000 0.048333 0.043333
2 0.322500 0.720000 0.011667 0.025000
2 0.516667 0.380000 0.048333 0.043333
2 0.683333 0.415000 0.011667 0.025000
3 0.703333 0.711667 0.015833 0.051667
2 0.706667 0.406667 0.029167 0.038333
2 0.721667 0.676667 0.030833 0.051667
3 0.575000 0.405000 0.008333 0.021667
3 0.565000 0.383333 0.013333 0.031667
3 0.244167 0.743333 0.007500 0.015000
3 0.515833 0.331667 0.009167 0.016667
2 0.759167 0.641667 0.010000 0.031667
2 0.675000 0.376667 0.034167 0.038333
2 0.643333 0.661667 0.048333 0.043333
2 0.620000 0.333333 0.027500 0.016667
3 0.379167 0.703333 0.011667 0.020000
2 0.315833 0.298333 0.027500 0.016667
2 0.547500 0.418333 0.014167 0.015000
2 0.452500 0.726667 0.009167 0.040000
3 0.390000 0.731667 0.008333 0.016667
2 0.431667 0.788333 0.009167 0.040000
3 0.489167 0.730000 0.014167 0.025000
2 0.797500 0.406667 0.013333 0.070000
3 0.218333 0.666667 0.009167 0.016667
2 0.681667 0.320000 0.020833 0.028333
2 0.682500 0.400000 0.048333 0.025000
2 0.639167 0.650000 0.013333 0.070000
3 0.460833 0.113333 0.008333 0.016667
3 0.276667 0.376667 0.011667 0.020000
3 0.705000 0.691667 0.015833 0.051667
3 0.686667 0.368333 0.007500 0.016667
2 0.450833 0.213333 0.020833 0.028333
2 0.667500 0.613333 0.029167 0.038333
3 0.476667 0.805000 0.008333 0.016667
3 0.640833 0.626667 0.009167 0.023333
2 0.797500 0.760000 0.020833 0.080000
2 0.779167 0.350000 0.058333 0.076667
2 0.294167 0.263333 0.011667 0.066667
2 0.727500 0.363333 0.009167 0.031667
3 0.783333 0.381667 0.008333 0.016667
3 0.692500 0.661667 0.010833 0.013333
3 0.540833 0.281667 0.009167 0.016667
3 0.515000 0.658333 0.008333 0.016667
2 0.758333 0.323333 0.014167 0.015000
2 0.709167 0.658333 0.019167 0.046667
2 0.302500 0.750000 0.021667 0.090000
2 0.380833 0.685000 0.011667 0.025000
2 0.659167 0.428333 0.048333 0.043333
2 0.772500 0.455000 0.021667 0.090000
2 0.480833 0.708333 0.021667 0.090000
3 0.337500 0.333333 0.009167 0.016667
2 0.297500 0.743333 0.023333 0.106667
3 0.709167 0.375000 0.007500 0.018333
3 0.785833 0.371667 0.008333 0.016667
3 0.236667 0.336667 0.010833 0.023333
2 0.750000 0.681667 0.034167 0.038333
3 0.735833 0.665000 0.009167 0.023333
2 0.424167 0.155000 0.048333 0.043333
3 0.231667 0.591667 0.008333 0.016667
3 0.435000 0.400000 0.009167 0.016667
3 0.595833 0.718333 0.010833 0.023333
3 0.626667 0.385000 0.015833 0.051667
2 0.761667 0.415000 0.010000 0.031667
3 0.300833 0.385000 0.007500 0.018333
2 0.272500 0.806667 0.034167 0.100000
2 0.285000 0.766667 0.019167 0.046667
2 0.785833 0.620000 0.020833 0.080000
3 0.445833 0.378333 0.008333 0.016667
2 0.500000 0.313333 0.023333 0.041667
3 0.574167 0.616667 0.007500 0.016667
3 0.771667 0.596667 0.009167 0.016667
2 0.401667 0.718333 0.019167 0.046667
2 0.275833 0.278333 0.048333 0.043333
3 0.486667 0.860000 0.007500 0.015000
3 0.480000 0.640000 0.009167 0.016667
2 0.350833 0.398333 0.045833 0.021667
2 0.588333 0.720000 0.020833 0.080000
2 0.747500 0.616667 0.023333 0.106667
2 0.637500 0.425000 0.020000 0.021667
3 0.422500 0.790000 0.008333 0.021667
3 0.666667 0.413333 0.008333 0.021667
2 0.307500 0.391667 0.023333 0.106667
2 0.653333 0.430000 0.022500 0.023333
3 0.345833 0.653333 0.008333 0.016667
2 0.765000 0.600000 0.027500 0.016667
3 0.275000 0.393333 0.010000 0.020000
3 0.730000 0.380000 0.010833 0.013333
2 0.478333 0.665000 0.013333 0.070000
2 0.528333 0.365000 0.097500 0.053333
2 0.315833 0.278333 0.023333 0.106667
2 0.497500 0.266667 0.009167 0.031667
2 0.680000 0.366667 0.011667 0.066667
2 0.241667 0.205000 0.009167 0.040000
2 0.610000 0.331667 0.048333 0.043333
3 0.170000 0.388333 0.009167 0.023333
3 0.310000 0.705000 0.008333 0.016667
3 0.724167 0.395000 0.008333 0.021667
2 0.666667 0.591667 0.097500 0.053333
2 0.300833 0.763333 0.029167 0.038333
2 0.764167 0.643333 0.034167 0.038333
3 0.808333 0.618333 0.007500 0.018333
3 0.307500 0.353333 0.011667 0.030000
2 0.666667 0.363333 0.048333 0.043333
3 0.270000 0.385000 0.011667 0.030000
2 0.770000 0.315000 0.011667 0.025000
2 0.446667 0.133333 0.048333 0.043333
2 0.670000 0.275000 0.045833 0.021667
3 0.671667 0.628333 0.007500 0.015000
2 0.781667 0.351667 0.009167 0.040000
3 0.660833 0.361667 0.008333 0.016667
2 0.308333 0.346667 0.010000 0.031667
3 0.666667 0.713333 0.009167 0.018333
2 0.520833 0.740000 0.011667 0.066667
3 0.705000 0.720000 0.007500 0.015000
3 0.320000 0.358333 0.007500 0.016667
2 0.673333 0.381667 0.019167 0.046667
3 0.685000 0.411667 0.008333 0.016667
2 0.555000 0.703333 0.010000 0.031667
2 0.635833 0.620000 0.011667 0.025000
2 0.390000 0.638333 0.020833 0.080000
2 0.420000 0.761667 0.020833 0.080000
3 0.412500 0.776667 0.010833 0.013333
3 0.607500 0.340000 0.008333 0.016667
3 0.765833 0.640000 0.010000 0.020000
2 0.635000 0.615000 0.020833 0.028333
2 0.688333 0.668333 0.029167 0.038333
2 0.711667 0.653333 0.034167 0.100000
3 0.576667 0.743333 0.008333 0.016667
3 0.323333 0.765000 0.011667 0.020000
3 0.309167 0.663333 0.006667 0.018333
3 0.216667 0.673333 0.011667 0.020000
3 0.699167 0.308333 0.007500 0.015000
2 0.440000 0.828333 0.010833 0.091667
2 0.707500 0.241667 0.023333 0.106667
3 0.747500 0.406667 0.010833 0.013333
3 0.449167 0.386667 0.006667 0.018333
2 0.657500 0.321667 0.035000 0.105000
