4 0.790833 0.556667 0.137500 0.386667
4 0.814167 0.386667 0.117500 0.046667
4 0.837500 0.460000 0.120833 0.041667
4 0.801667 0.611667 0.145000 0.241667
4 0.848333 0.566667 0.107500 0.101667
4 0.872500 0.610000 0.049167 0.040000
4 0.797500 0.588333 0.107500 0.226667
4 0.891667 0.593333 0.077500 0.196667
4 0.835000 0.491667 0.053333 0.108333
4 0.815833 0.463333 0.123333 0.111667
4 0.085000 0.536667 0.156667 0.075000
4 0.302500 0.456667 0.251667 0.151667
4 0.513333 0.568333 0.183333 0.105000
4 0.137500 0.558333 0.089167 0.148333
4 0.436667 0.536667 0.137500 0.056667
4 0.020000 0.678333 0.040833 0.303333
4 0.735833 0.633333 0.105833 0.203333
4 0.361667 0.411667 0.217500 0.298333
4 0.479167 0.633333 0.134167 0.300000
4 0.071667 0.558333 0.060000 0.036667
3 0.796667 0.581667 0.007500 0.016667
3 0.072500 0.466667 0.008333 0.016667
2 0.164167 0.503333 0.048333 0.025000
3 0.495833 0.535000 0.009167 0.016667
3 0.257500 0.571667 0.008333 0.021667
3 0.316667 0.486667 0.017500 0.031667
2 0.266667 0.563333 0.019167 0.046667
3 0.276667 0.548333 0.007500 0.018333
3 0.335833 0.486667 0.009167 0.016667
2 0.705833 0.588333 0.034167 0.100000
3 0.483333 0.461667 0.007500 0.016667
2 0.449167 0.611667 0.023333 0.041667
2 0.205000 0.456667 0.020833 0.080000
2 0.397500 0.595000 0.022500 0.023333
2 0.485000 0.425000 0.013333 0.070000
2 0.371667 0.486667 0.019167 0.046667
2 0.323333 0.461667 0.023333 0.041667
2 0.387500 0.570000 0.023333 0.041667
2 0.599167 0.496667 0.015833 0.068333
2 0.152500 0.511667 0.019167 0.046667
2 0.391667 0.446667 0.035000 0.105000
2 0.464167 0.416667 0.035000 0.105000
3 0.733333 0.548333 0.011667 0.030000
3 0.186667 0.471667 0.009167 0.016667
3 0.525000 0.571667 0.014167 0.025000
3 0.158333 0.501667 0.017500 0.031667
3 0.238333 0.545000 0.009167 0.015000
2 0.417500 0.563333 0.017500 0.116667
3 0.161667 0.520000 0.013333 0.015000
3 0.652500 0.523333 0.008333 0.016667
3 0.641667 0.530000 0.010833 0.023333
2 0.635833 0.521667 0.022500 0.023333
2 0.395833 0.585000 0.020833 0.028333
3 0.211667 0.470000 0.013333 0.031667
2 0.334167 0.515000 0.035000 0.105000
2 0.694167 0.450000 0.011667 0.025000
3 0.075833 0.496667 0.010833 0.013333
3 0.352500 0.510000 0.007500 0.016667
2 0.720000 0.473333 0.011667 0.066667
2 0.367500 0.540000 0.097500 0.053333
2 0.577500 0.470000 0.097500 0.053333
2 0.269167 0.570000 0.027500 0.016667
3 0.150000 0.580000 0.010833 0.013333
3 0.119167 0.581667 0.007500 0.015000
3 0.220000 0.528333 0.017500 0.031667
2 0.040833 0.558333 0.026667 0.035000
3 0.630833 0.468333 0.008333 0.016667
2 0.824167 0.583333 0.009167 0.040000
3 0.607500 0.623333 0.007500 0.018333
2 0.778333 0.521667 0.014167 0.015000
3 0.441667 0.493333 0.008333 0.016667
3 0.233333 0.540000 0.013333 0.031667
2 0.174167 0.555000 0.045833 0.021667
3 0.378333 0.541667 0.008333 0.016667
3 0.155833 0.581667 0.007500 0.018333
2 0.640000 0.461667 0.045833 0.021667
2 0.134167 0.465000 0.014167 0.015000
3 0.220000 0.540000 0.007500 0.016667
3 0.172500 0.523333 0.009167 0.023333
3 0.021667 0.485000 0.013333 0.031667
3 0.211667 0.448333 0.009167 0.016667
3 0.150833 0.510000 0.007500 0.015000
3 0.027500 0.560000 0.008333 0.016667
2 0.288333 0.591667 0.034167 0.100000
3 0.338333 0.628333 0.009167 0.016667
2 0.449167 0.558333 0.009167 0.031667
3 0.488333 0.446667 0.013333 0.015000
2 0.692500 0.528333 0.058333 0.076667
3 0.474167 0.563333 0.009167 0.023333
2 0.281667 0.580000 0.023333 0.041667
2 0.292500 0.551667 0.058333 0.076667
3 0.296667 0.501667 0.009167 0.018333
3 0.098333 0.545000 0.008333 0.016667
2 0.210000 0.603333 0.013333 0.070000
3 0.452500 0.593333 0.010833 0.023333
3 0.640833 0.530000 0.009167 0.016667
3 0.625833 0.448333 0.010000 0.016667
2 0.287500 0.558333 0.048333 0.025000
3 0.328333 0.596667 0.008333 0.016667
2 0.571667 0.556667 0.034167 0.038333
3 0.206667 0.553333 0.010833 0.013333
2 0.496667 0.435000 0.019167 0.046667
2 0.048333 0.611667 0.020833 0.080000
3 0.824167 0.546667 0.008333 0.016667
2 0.015833 0.498333 0.020000 0.021667
2 0.085000 0.523333 0.026667 0.035000
2 0.040833 0.505000 0.026667 0.035000
2 0.150000 0.503333 0.021667 0.090000
2 0.551667 0.515000 0.011667 0.025000
2 0.423333 0.551667 0.048333 0.043333
3 0.154167 0.501667 0.008333 0.016667
2 0.320000 0.580000 0.030833 0.051667
3 0.610000 0.610000 0.009167 0.015000
3 0.329167 0.601667 0.008333 0.016667
2 0.059167 0.536667 0.058333 0.076667
3 0.085000 0.461667 0.011667 0.030000
2 0.230833 0.440000 0.020833 0.080000
3 0.412500 0.576667 0.009167 0.023333
2 0.806667 0.575000 0.045833 0.021667
2 0.156667 0.561667 0.035000 0.105000
3 0.150833 0.450000 0.008333 0.016667
2 0.050000 0.490000 0.011667 0.025000
2 0.811667 0.615000 0.011667 0.025000
2 0.803333 0.710000 0.015833 0.068333
3 0.626667 0.651667 0.009167 0.016667
3 0.666667 0.703333 0.007500 0.018333
2 0.576667 0.183333 0.027500 0.016667
3 0.423333 0.346667 0.007500 0.015000
3 0.380000 0.361667 0.008333 0.021667
2 0.228333 0.743333 0.058333 0.076667
2 0.800000 0.440000 0.022500 0.023333
2 0.699167 0.731667 0.022500 0.023333
2 0.740833 0.431667 0.013333 0.070000
2 0.314167 0.375000 0.009167 0.040000
2 0.567500 0.586667 0.020833 0.080000
3 0.346667 0.785000 0.009167 0.015000
3 0.741667 0.335000 0.008333 0.016667
3 0.202500 0.661667 0.008333 0.016667
3 0.490000 0.311667 0.011667 0.030000
3 0.231667 0.591667 0.007500 0.015000
2 0.664167 0.365000 0.030833 0.051667
2 0.555833 0.661667 0.011667 0.025000
2 0.274167 0.721667 0.045833 0.021667
2 0.772500 0.325000 0.020833 0.028333
3 0.709167 0.431667 0.009167 0.016667
3 0.307500 0.385000 0.013333 0.031667
2 0.750833 0.408333 0.017500 0.116667
2 0.420000 0.740000 0.035000 0.105000
2 0.605833 0.370000 0.097500 0.053333
2 0.803333 0.326667 0.009167 0.040000
2 0.505000 0.275000 0.020000 0.021667
3 0.725833 0.453333 0.011667 0.030000
2 0.795000 0.408333 0.011667 0.025000
3 0.756667 0.381667 0.014167 0.025000
2 0.660000 0.468333 0.034167 0.100000
2 0.807500 0.881667 0.009167 0.040000
3 0.605833 0.660000 0.010000 0.016667
3 0.380000 0.366667 0.008333 0.016667
2 0.266667 0.350000 0.021667 0.090000
3 0.678333 0.638333 0.009167 0.016667
2 0.501667 0.785000 0.035000 0.105000
2 0.658333 0.658333 0.048333 0.043333
3 0.705000 0.283333 0.007500 0.018333
2 0.271667 0.645000 0.011667 0.066667
2 0.545833 0.296667 0.009167 0.040000
2 0.487500 0.353333 0.097500 0.053333
3 0.692500 0.670000 0.006667 0.018333
3 0.703333 0.326667 0.011667 0.020000
3 0.570000 0.698333 0.009167 0.023333
2 0.263333 0.700000 0.020000 0.021667
3 0.685000 0.411667 0.007500 0.018333
2 0.666667 0.593333 0.058333 0.076667
2 0.217500 0.668333 0.021667 0.090000
3 0.153333 0.610000 0.014167 0.025000
2 0.335833 0.250000 0.011667 0.025000
2 0.703333 0.313333 0.009167 0.040000
2 0.773333 0.316667 0.019167 0.046667
2 0.434167 0.723333 0.045833 0.021667
3 0.191667 0.648333 0.008333 0.016667
2 0.673333 0.660000 0.030833 0.051667
2 0.653333 0.365000 0.011667 0.025000
2 0.380833 0.373333 0.023333 0.041667
2 0.231667 0.381667 0.034167 0.100000
3 0.771667 0.388333 0.014167 0.025000
2 0.514167 0.233333 0.023333 0.041667
2 0.420000 0.650000 0.058333 0.076667
2 0.657500 0.678333 0.030833 0.051667
3 0.672500 0.635000 0.007500 0.015000
3 0.518333 0.231667 0.007500 0.018333
2 0.770000 0.361667 0.019167 0.046667
3 0.460000 0.116667 0.009167 0.023333
3 0.555000 0.711667 0.007500 0.018333
3 0.636667 0.641667 0.008333 0.021667
3 0.725833 0.606667 0.008333 0.016667
2 0.745000 0.623333 0.097500 0.053333
3 0.722500 0.380000 0.008333 0.016667
3 0.692500 0.333333 0.009167 0.016667
3 0.712500 0.686667 0.009167 0.023333
3 0.691667 0.626667 0.009167 0.015000
2 0.785833 0.591667 0.035000 0.105000
2 0.474167 0.831667 0.013333 0.070000
3 0.786667 0.603333 0.008333 0.016667
3 0.441667 0.738333 0.008333 0.016667
2 0.615000 0.261667 0.020833 0.080000
3 0.310000 0.773333 0.011667 0.020000
2 0.706667 0.375000 0.010833 0.091667
3 0.580833 0.650000 0.008333 0.021667
2 0.790833 0.626667 0.015833 0.068333
3 0.476667 0.171667 0.008333 0.021667
2 0.765833 0.650000 0.009167 0.031667
3 0.705000 0.638333 0.017500 0.031667
2 0.393333 0.395000 0.010833 0.091667
3 0.676667 0.395000 0.008333 0.016667
3 0.641667 0.680000 0.007500 0.018333
3 0.332500 0.336667 0.011667 0.030000
3 0.718333 0.656667 0.009167 0.016667
3 0.535000 0.735000 0.010000 0.016667
2 0.435833 0.800000 0.021667 0.090000
3 0.405833 0.746667 0.014167 0.025000
3 0.443333 0.346667 0.009167 0.016667
3 0.621667 0.398333 0.008333 0.016667
2 0.460833 0.695000 0.020833 0.080000
2 0.812500 0.413333 0.020000 0.021667
3 0.695000 0.656667 0.011667 0.020000
3 0.786667 0.336667 0.007500 0.015000
3 0.715833 0.608333 0.009167 0.016667
3 0.813333 0.406667 0.008333 0.021667
2 0.471667 0.801667 0.017500 0.116667
3 0.570833 0.633333 0.009167 0.016667
3 0.599167 0.738333 0.009167 0.015000
3 0.380833 0.706667 0.008333 0.021667
2 0.485833 0.356667 0.029167 0.038333
2 0.402500 0.745000 0.020833 0.028333
3 0.653333 0.601667 0.015833 0.051667
2 0.775000 0.621667 0.058333 0.076667
2 0.540000 0.245000 0.011667 0.025000
2 0.465000 0.738333 0.023333 0.106667
2 0.694167 0.611667 0.009167 0.040000
3 0.701667 0.646667 0.017500 0.031667
2 0.477500 0.818333 0.020833 0.028333
3 0.680833 0.693333 0.015833 0.051667
2 0.517500 0.351667 0.097500 0.053333
2 0.445000 0.280000 0.029167 0.038333
2 0.454167 0.640000 0.020833 0.080000
2 0.300000 0.390000 0.020000 0.021667
3 0.282500 0.750000 0.007500 0.018333
3 0.432500 0.808333 0.008333 0.016667
2 0.675833 0.703333 0.011667 0.066667
3 0.511667 0.360000 0.007500 0.015000
3 0.810000 0.398333 0.010000 0.020000
2 0.446667 0.398333 0.022500 0.023333
2 0.305833 0.306667 0.014167 0.015000
2 0.480833 0.356667 0.030833 0.051667
2 0.230833 0.421667 0.020833 0.080000
3 0.674167 0.435000 0.009167 0.015000
3 0.582500 0.755000 0.009167 0.023333
3 0.334167 0.756667 0.007500 0.015000
2 0.669167 0.665000 0.027500 0.016667
2 0.668333 0.701667 0.030833 0.051667
2 0.727500 0.388333 0.048333 0.043333
3 0.805000 0.641667 0.009167 0.016667
2 0.657500 0.410000 0.017500 0.116667
2 0.616667 0.650000 0.023333 0.106667
3 0.779167 0.700000 0.008333 0.016667
3 0.476667 0.303333 0.007500 0.016667
2 0.604167 0.373333 0.019167 0.046667
3 0.716667 0.643333 0.009167 0.016667
2 0.666667 0.675000 0.034167 0.100000
3 0.155833 0.616667 0.009167 0.018333
3 0.741667 0.413333 0.007500 0.015000
3 0.337500 0.366667 0.010833 0.013333
2 0.514167 0.615000 0.045833 0.021667
3 0.755000 0.716667 0.013333 0.031667
3 0.348333 0.681667 0.009167 0.015000
3 0.585000 0.743333 0.010833 0.013333
2 0.637500 0.431667 0.029167 0.038333
2 0.424167 0.773333 0.034167 0.100000
3 0.220833 0.423333 0.013333 0.015000
3 0.777500 0.705000 0.008333 0.016667
3 0.808333 0.618333 0.007500 0.018333
2 0.642500 0.663333 0.026667 0.035000
2 0.529167 0.746667 0.013333 0.070000
3 0.568333 0.298333 0.008333 0.016667
2 0.547500 0.196667 0.020833 0.080000
2 0.353333 0.348333 0.048333 0.025000
3 0.331667 0.408333 0.007500 0.018333
2 0.701667 0.193333 0.035000 0.105000
3 0.311667 0.385000 0.009167 0.018333
2 0.820833 0.370000 0.009167 0.040000
3 0.687500 0.401667 0.008333 0.016667
2 0.521667 0.341667 0.015833 0.068333
2 0.419167 0.693333 0.019167 0.046667
2 0.647500 0.450000 0.009167 0.031667
2 0.366667 0.403333 0.048333 0.025000
2 0.700000 0.361667 0.045833 0.021667
2 0.674167 0.420000 0.013333 0.070000
2 0.472500 0.711667 0.023333 0.106667
3 0.605000 0.320000 0.008333 0.021667
2 0.154167 0.408333 0.017500 0.116667
2 0.752500 0.575000 0.019167 0.046667
2 0.655000 0.721667 0.030833 0.051667
3 0.329167 0.803333 0.007500 0.018333
3 0.566667 0.688333 0.007500 0.015000
3 0.693333 0.648333 0.008333 0.016667
3 0.786667 0.418333 0.008333 0.016667
3 0.485000 0.210000 0.007500 0.015000
3 0.790000 0.636667 0.014167 0.025000
2 0.751667 0.355000 0.045833 0.021667
2 0.483333 0.471667 0.013333 0.070000
3 0.487500 0.258333 0.007500 0.015000
2 0.735833 0.578333 0.058333 0.076667
2 0.630000 0.408333 0.026667 0.035000
3 0.680833 0.395000 0.007500 0.016667
2 0.639167 0.670000 0.020833 0.028333
3 0.455000 0.296667 0.008333 0.016667
2 0.458333 0.278333 0.048333 0.043333
2 0.597500 0.336667 0.027500 0.016667
2 0.257500 0.310000 0.011667 0.025000
2 0.805833 0.640000 0.030833 0.051667
2 0.295833 0.688333 0.027500 0.016667
