4 0.845000 0.501667 0.105833 0.218333
4 0.747500 0.635000 0.229167 0.115000
4 0.867500 0.571667 0.095833 0.098333
4 0.850833 0.560000 0.036667 0.060000
4 0.803333 0.593333 0.076667 0.091667
4 0.862500 0.498333 0.120833 0.111667
4 0.876667 0.550000 0.043333 0.075000
4 0.813333 0.663333 0.133333 0.190000
4 0.892500 0.536667 0.075000 0.050000
4 0.897500 0.481667 0.033333 0.055000
4 0.643333 0.588333 0.108333 0.203333
4 0.137500 0.441667 0.125000 0.101667
4 0.616667 0.585000 0.088333 0.126667
4 0.098333 0.501667 0.094167 0.026667
4 0.336667 0.598333 0.120000 0.133333
4 0.118333 0.613333 0.115833 0.191667
4 0.478333 0.520000 0.051667 0.100000
4 0.457500 0.656667 0.088333 0.216667
4 0.601667 0.488333 0.055000 0.101667
4 0.182500 0.461667 0.067500 0.065000
3 0.285000 0.566667 0.017500 0.031667
2 0.050000 0.473333 0.029167 0.038333
2 0.420833 0.583333 0.020833 0.080000
2 0.466667 0.566667 0.029167 0.038333
3 0.611667 0.616667 0.008333 0.016667
2 0.605833 0.506667 0.010000 0.031667
3 0.125000 0.511667 0.010833 0.023333
2 0.163333 0.466667 0.030833 0.051667
3 0.240833 0.483333 0.008333 0.021667
2 0.465833 0.475000 0.026667 0.035000
2 0.592500 0.575000 0.021667 0.090000
2 0.317500 0.541667 0.058333 0.076667
3 0.236667 0.441667 0.007500 0.015000
3 0.488333 0.566667 0.007500 0.015000
2 0.741667 0.461667 0.023333 0.106667
2 0.752500 0.475000 0.020000 0.021667
2 0.268333 0.486667 0.011667 0.025000
3 0.465833 0.425000 0.009167 0.016667
2 0.056667 0.603333 0.020833 0.080000
3 0.473333 0.531667 0.014167 0.025000
3 0.475833 0.400000 0.007500 0.015000
3 0.820833 0.565000 0.008333 0.021667
3 0.238333 0.518333 0.011667 0.020000
3 0.229167 0.538333 0.010000 0.020000
3 0.825000 0.550000 0.007500 0.015000
3 0.726667 0.538333 0.008333 0.016667
2 0.059167 0.563333 0.029167 0.038333
2 0.620000 0.535000 0.048333 0.043333
2 0.752500 0.565000 0.014167 0.015000
2 0.401667 0.468333 0.034167 0.100000
3 0.278333 0.546667 0.010000 0.016667
2 0.206667 0.438333 0.014167 0.015000
2 0.660000 0.486667 0.009167 0.040000
2 0.780833 0.575000 0.023333 0.041667
2 0.767500 0.473333 0.029167 0.038333
2 0.199167 0.481667 0.097500 0.053333
3 0.176667 0.531667 0.011667 0.020000
2 0.804167 0.536667 0.021667 0.090000
2 0.678333 0.526667 0.048333 0.043333
3 0.067500 0.486667 0.006667 0.018333
2 0.498333 0.570000 0.020833 0.028333
2 0.548333 0.565000 0.020833 0.080000
3 0.250000 0.476667 0.007500 0.016667
2 0.620000 0.493333 0.023333 0.106667
2 0.213333 0.585000 0.010000 0.031667
2 0.615833 0.500000 0.030833 0.051667
2 0.035833 0.471667 0.014167 0.015000
2 0.028333 0.505000 0.026667 0.035000
3 0.515833 0.483333 0.017500 0.031667
3 0.272500 0.550000 0.007500 0.018333
3 0.670833 0.520000 0.008333 0.016667
3 0.772500 0.548333 0.009167 0.016667
2 0.555000 0.448333 0.011667 0.066667
2 0.635000 0.483333 0.011667 0.025000
3 0.102500 0.475000 0.009167 0.016667
2 0.756667 0.466667 0.020833 0.080000
3 0.068333 0.525000 0.013333 0.031667
2 0.522500 0.556667 0.026667 0.035000
2 0.052500 0.568333 0.020000 0.021667
2 0.317500 0.498333 0.034167 0.100000
2 0.452500 0.468333 0.048333 0.025000
3 0.200833 0.455000 0.007500 0.015000
2 0.438333 0.610000 0.045833 0.021667
3 0.070000 0.490000 0.006667 0.018333
2 0.164167 0.585000 0.011667 0.025000
3 0.114167 0.470000 0.007500 0.018333
3 0.540000 0.553333 0.007500 0.015000
3 0.774167 0.535000 0.013333 0.015000
2 0.459167 0.375000 0.058333 0.076667
2 0.468333 0.483333 0.097500 0.053333
3 0.637500 0.553333 0.010000 0.016667
3 0.548333 0.536667 0.013333 0.031667
2 0.474167 0.413333 0.022500 0.023333
2 0.407500 0.573333 0.011667 0.066667
2 0.762500 0.481667 0.058333 0.076667
2 0.154167 0.545000 0.020833 0.080000
2 0.727500 0.533333 0.020833 0.080000
3 0.619167 0.606667 0.008333 0.016667
3 0.072500 0.548333 0.007500 0.018333
3 0.225000 0.468333 0.006667 0.018333
3 0.765000 0.536667 0.007500 0.016667
3 0.070833 0.580000 0.007500 0.015000
2 0.813333 0.506667 0.023333 0.106667
3 0.584167 0.516667 0.007500 0.015000
2 0.237500 0.511667 0.020833 0.080000
3 0.617500 0.591667 0.011667 0.030000
2 0.797500 0.583333 0.020000 0.021667
3 0.298333 0.525000 0.009167 0.018333
2 0.354167 0.538333 0.019167 0.046667
3 0.204167 0.596667 0.008333 0.021667
3 0.167500 0.535000 0.010000 0.020000
2 0.328333 0.585000 0.019167 0.046667
2 0.188333 0.526667 0.034167 0.038333
2 0.603333 0.553333 0.097500 0.053333
3 0.449167 0.538333 0.008333 0.016667
3 0.469167 0.436667 0.010000 0.016667
3 0.232500 0.516667 0.013333 0.015000
3 0.163333 0.585000 0.015833 0.051667
2 0.700000 0.481667 0.015833 0.068333
2 0.647500 0.556667 0.020000 0.021667
2 0.459167 0.533333 0.058333 0.076667
2 0.219167 0.518333 0.030833 0.051667
3 0.319167 0.341667 0.008333 0.016667
2 0.679167 0.625000 0.022500 0.023333
3 0.515833 0.406667 0.011667 0.020000
2 0.222500 0.601667 0.026667 0.035000
3 0.717500 0.386667 0.008333 0.016667
2 0.709167 0.998333 0.010833 0.001667
3 0.770000 0.403333 0.010000 0.020000
2 0.631667 0.681667 0.026667 0.035000
3 0.450833 0.746667 0.013333 0.031667
2 0.460833 0.715000 0.014167 0.015000
2 0.468333 0.375000 0.023333 0.041667
2 0.516667 0.341667 0.019167 0.046667
3 0.504167 0.325000 0.013333 0.015000
3 0.702500 0.341667 0.008333 0.016667
2 0.287500 0.775000 0.020000 0.021667
2 0.550833 0.155000 0.048333 0.025000
3 0.733333 0.661667 0.008333 0.021667
2 0.449167 0.713333 0.015833 0.068333
2 0.636667 0.633333 0.020000 0.021667
3 0.412500 0.401667 0.009167 0.023333
2 0.409167 0.716667 0.020833 0.080000
2 0.292500 0.380000 0.048333 0.043333
3 0.030000 0.605000 0.008333 0.021667
2 0.236667 0.725000 0.097500 0.053333
3 0.690000 0.410000 0.013333 0.015000
2 0.239167 0.740000 0.017500 0.116667
2 0.402500 0.648333 0.045833 0.021667
2 0.672500 0.656667 0.023333 0.106667
3 0.758333 0.375000 0.015833 0.051667
3 0.645833 0.370000 0.009167 0.016667
2 0.293333 0.703333 0.020000 0.021667
3 0.294167 0.716667 0.007500 0.016667
3 0.649167 0.395000 0.011667 0.030000
2 0.240000 0.368333 0.010000 0.031667
2 0.550833 0.436667 0.026667 0.035000
3 0.704167 0.631667 0.007500 0.018333
2 0.494167 0.243333 0.058333 0.076667
2 0.705833 0.670000 0.019167 0.046667
2 0.665833 0.596667 0.020833 0.028333
3 0.695000 0.638333 0.007500 0.015000
3 0.682500 0.396667 0.013333 0.031667
3 0.223333 0.345000 0.013333 0.015000
2 0.231667 0.388333 0.020000 0.021667
3 0.293333 0.778333 0.007500 0.018333
2 0.541667 0.413333 0.027500 0.016667
3 0.316667 0.378333 0.010833 0.023333
2 0.338333 0.295000 0.029167 0.038333
2 0.538333 0.206667 0.020000 0.021667
3 0.406667 0.715000 0.006667 0.018333
2 0.477500 0.796667 0.030833 0.051667
2 0.702500 0.641667 0.023333 0.106667
2 0.710833 0.605000 0.020000 0.021667
3 0.361667 0.615000 0.009167 0.023333
3 0.450000 0.818333 0.015833 0.051667
3 0.724167 0.776667 0.007500 0.016667
3 0.512500 0.803333 0.014167 0.025000
3 0.691667 0.638333 0.007500 0.016667
2 0.453333 0.356667 0.034167 0.100000
2 0.555000 0.725000 0.034167 0.038333
3 0.737500 0.695000 0.008333 0.016667
2 0.385833 0.731667 0.010833 0.091667
2 0.368333 0.701667 0.009167 0.040000
2 0.681667 0.383333 0.097500 0.053333
3 0.710833 0.673333 0.007500 0.018333
2 0.642500 0.596667 0.058333 0.076667
2 0.735000 0.303333 0.020833 0.080000
2 0.684167 0.405000 0.009167 0.031667
2 0.447500 0.073333 0.035000 0.105000
3 0.419167 0.355000 0.009167 0.023333
2 0.625000 0.360000 0.009167 0.031667
2 0.682500 0.428333 0.097500 0.053333
3 0.593333 0.751667 0.011667 0.020000
2 0.321667 0.268333 0.027500 0.016667
3 0.460833 0.816667 0.017500 0.031667
2 0.659167 0.450000 0.020833 0.080000
3 0.320833 0.761667 0.010833 0.023333
3 0.536667 0.305000 0.007500 0.015000
2 0.770000 0.688333 0.020000 0.021667
3 0.790833 0.721667 0.009167 0.016667
2 0.250833 0.858333 0.048333 0.043333
3 0.742500 0.661667 0.007500 0.018333
3 0.685833 0.626667 0.014167 0.025000
2 0.315833 0.695000 0.009167 0.031667
3 0.305833 0.393333 0.008333 0.016667
3 0.810833 0.613333 0.007500 0.016667
2 0.346667 0.653333 0.097500 0.053333
2 0.296667 0.366667 0.048333 0.043333
2 0.339167 0.686667 0.010833 0.091667
2 0.705833 0.668333 0.017500 0.116667
2 0.307500 0.230000 0.020833 0.080000
2 0.740833 0.755000 0.009167 0.031667
3 0.271667 0.740000 0.006667 0.018333
2 0.495833 0.756667 0.015833 0.068333
2 0.447500 0.633333 0.011667 0.066667
3 0.480000 0.835000 0.015833 0.051667
3 0.676667 0.341667 0.009167 0.016667
3 0.525833 0.360000 0.007500 0.018333
3 0.747500 0.323333 0.015833 0.051667
3 0.619167 0.363333 0.014167 0.025000
2 0.760833 0.610000 0.017500 0.116667
2 0.450833 0.666667 0.027500 0.016667
2 0.261667 0.610000 0.020833 0.080000
3 0.440833 0.653333 0.010000 0.020000
3 0.532500 0.360000 0.009167 0.023333
3 0.281667 0.715000 0.011667 0.030000
3 0.319167 0.361667 0.009167 0.023333
3 0.555000 0.680000 0.009167 0.018333
3 0.562500 0.431667 0.008333 0.016667
2 0.749167 0.645000 0.010833 0.091667
3 0.659167 0.273333 0.009167 0.016667
3 0.286667 0.411667 0.010833 0.023333
2 0.523333 0.411667 0.034167 0.100000
2 0.509167 0.341667 0.010000 0.031667
2 0.477500 0.320000 0.023333 0.041667
2 0.666667 0.633333 0.015833 0.068333
3 0.728333 0.353333 0.007500 0.018333
2 0.412500 0.656667 0.034167 0.038333
3 0.413333 0.398333 0.008333 0.016667
2 0.684167 0.410000 0.010000 0.031667
2 0.751667 0.371667 0.022500 0.023333
3 0.632500 0.628333 0.015833 0.051667
3 0.556667 0.818333 0.007500 0.018333
3 0.366667 0.616667 0.007500 0.015000
3 0.624167 0.655000 0.007500 0.016667
3 0.653333 0.366667 0.013333 0.031667
3 0.270000 0.381667 0.011667 0.020000
2 0.697500 0.700000 0.019167 0.046667
3 0.809167 0.728333 0.015833 0.051667
3 0.335000 0.861667 0.010000 0.020000
2 0.315000 0.650000 0.029167 0.038333
3 0.295000 0.711667 0.008333 0.016667
3 0.445833 0.713333 0.009167 0.023333
3 0.785833 0.396667 0.009167 0.018333
3 0.687500 0.635000 0.010833 0.023333
3 0.678333 0.636667 0.009167 0.016667
3 0.678333 0.638333 0.009167 0.016667
3 0.698333 0.630000 0.010000 0.016667
3 0.341667 0.875000 0.011667 0.030000
3 0.667500 0.665000 0.017500 0.031667
3 0.266667 0.735000 0.010833 0.023333
2 0.627500 0.363333 0.013333 0.070000
3 0.675833 0.656667 0.015833 0.051667
2 0.532500 0.228333 0.030833 0.051667
3 0.315833 0.410000 0.013333 0.015000
3 0.515833 0.233333 0.013333 0.031667
2 0.353333 0.670000 0.013333 0.070000
2 0.435833 0.775000 0.019167 0.046667
3 0.291667 0.403333 0.007500 0.018333
2 0.330833 0.651667 0.023333 0.041667
2 0.775000 0.458333 0.010833 0.091667
3 0.558333 0.668333 0.010833 0.023333
3 0.173333 0.636667 0.008333 0.016667
3 0.561667 0.433333 0.009167 0.016667
2 0.293333 0.346667 0.045833 0.021667
3 0.709167 0.433333 0.009167 0.016667
2 0.658333 0.265000 0.011667 0.025000
3 0.402500 0.665000 0.011667 0.030000
2 0.649167 0.686667 0.022500 0.023333
2 0.558333 0.646667 0.011667 0.066667
2 0.764167 0.593333 0.011667 0.066667
2 0.680833 0.640000 0.058333 0.076667
2 0.310833 0.421667 0.010833 0.091667
2 0.335833 0.370000 0.048333 0.025000
3 0.562500 0.741667 0.007500 0.018333
3 0.630000 0.656667 0.010000 0.016667
2 0.253333 0.316667 0.048333 0.043333
2 0.637500 0.423333 0.019167 0.046667
2 0.755000 0.393333 0.009167 0.040000
3 0.492500 0.318333 0.010000 0.016667
2 0.773333 0.710000 0.014167 0.015000
3 0.725833 0.453333 0.011667 0.030000
2 0.329167 0.265000 0.020833 0.080000
2 0.675000 0.378333 0.020833 0.028333
2 0.290000 0.661667 0.019167 0.046667
2 0.560833 0.351667 0.011667 0.066667
3 0.761667 0.403333 0.011667 0.020000
3 0.463333 0.701667 0.007500 0.018333
3 0.660833 0.448333 0.009167 0.016667
2 0.500000 0.341667 0.010000 0.031667
2 0.645833 0.633333 0.027500 0.016667
2 0.610833 0.330000 0.045833 0.021667
3 0.644167 0.408333 0.008333 0.021667
2 0.771667 0.360000 0.017500 0.116667
3 0.571667 0.386667 0.010833 0.023333
2 0.265000 0.686667 0.020000 0.021667
3 0.703333 0.446667 0.015833 0.051667
2 0.675000 0.343333 0.010000 0.031667
3 0.499167 0.668333 0.007500 0.015000
3 0.570000 0.151667 0.009167 0.018333
2 0.467500 0.303333 0.020833 0.028333
3 0.798333 0.395000 0.007500 0.015000
3 0.630000 0.415000 0.006667 0.018333
2 0.699167 0.731667 0.023333 0.106667
2 0.760833 0.323333 0.026667 0.035000
3 0.690000 0.341667 0.008333 0.021667
2 0.267500 0.715000 0.009167 0.040000
2 0.765833 0.335000 0.048333 0.043333
3 0.316667 0.638333 0.009167 0.016667
