4 0.854167 0.490000 0.054167 0.065000
4 0.775833 0.338333 0.190833 0.310000
4 0.846667 0.426667 0.081667 0.078333
4 0.788333 0.593333 0.117500 0.063333
4 0.851667 0.516667 0.101667 0.075000
4 0.810833 0.483333 0.115000 0.118333
4 0.845000 0.600000 0.029167 0.061667
4 0.788333 0.440000 0.112500 0.210000
4 0.865000 0.541667 0.079167 0.073333
4 0.885000 0.611667 0.080833 0.146667
4 0.530000 0.633333 0.068333 0.150000
4 0.298333 0.518333 0.026667 0.048333
4 0.513333 0.518333 0.089167 0.056667
4 0.025000 0.590000 0.040000 0.073333
4 0.261667 0.588333 0.053333 0.123333
4 0.660000 0.770000 0.230833 0.460000
4 0.065000 0.453333 0.112500 0.098333
4 0.497500 0.468333 0.081667 0.105000
4 0.571667 0.530000 0.067500 0.028333
4 0.785000 0.580000 0.054167 0.113333
3 0.426667 0.530000 0.008333 0.021667
2 0.586667 0.501667 0.010000 0.031667
2 0.493333 0.575000 0.023333 0.106667
2 0.677500 0.571667 0.023333 0.106667
2 0.546667 0.598333 0.026667 0.035000
2 0.598333 0.571667 0.034167 0.038333
3 0.088333 0.521667 0.007500 0.018333
2 0.379167 0.568333 0.013333 0.070000
2 0.250833 0.585000 0.022500 0.023333
2 0.539167 0.493333 0.048333 0.043333
3 0.039167 0.473333 0.008333 0.021667
3 0.167500 0.543333 0.015833 0.051667
2 0.588333 0.455000 0.035000 0.105000
3 0.593333 0.463333 0.015833 0.051667
2 0.260833 0.505000 0.010833 0.091667
3 0.310833 0.506667 0.008333 0.021667
3 0.729167 0.510000 0.010833 0.013333
3 0.050833 0.530000 0.008333 0.016667
2 0.414167 0.498333 0.026667 0.035000
3 0.393333 0.523333 0.008333 0.021667
2 0.453333 0.573333 0.021667 0.090000
2 0.415833 0.510000 0.035000 0.105000
3 0.819167 0.673333 0.009167 0.016667
2 0.370000 0.603333 0.013333 0.070000
2 0.744167 0.480000 0.035000 0.105000
2 0.677500 0.591667 0.017500 0.116667
2 0.157500 0.503333 0.010000 0.031667
3 0.569167 0.576667 0.009167 0.016667
3 0.375000 0.465000 0.008333 0.021667
2 0.279167 0.501667 0.009167 0.040000
3 0.296667 0.528333 0.007500 0.015000
2 0.155000 0.458333 0.020000 0.021667
3 0.806667 0.525000 0.008333 0.016667
2 0.342500 0.500000 0.035000 0.105000
3 0.458333 0.528333 0.009167 0.015000
2 0.338333 0.490000 0.020833 0.080000
2 0.387500 0.523333 0.013333 0.070000
3 0.095000 0.516667 0.007500 0.018333
2 0.364167 0.515000 0.021667 0.090000
2 0.432500 0.441667 0.048333 0.043333
2 0.155000 0.508333 0.011667 0.066667
3 0.499167 0.563333 0.008333 0.016667
2 0.163333 0.470000 0.010000 0.031667
3 0.159167 0.515000 0.007500 0.016667
2 0.169167 0.486667 0.021667 0.090000
3 0.457500 0.560000 0.010000 0.020000
3 0.351667 0.478333 0.008333 0.016667
2 0.345000 0.453333 0.011667 0.025000
2 0.596667 0.475000 0.015833 0.068333
2 0.441667 0.525000 0.017500 0.116667
2 0.375833 0.480000 0.045833 0.021667
3 0.050833 0.561667 0.007500 0.018333
3 0.121667 0.545000 0.007500 0.015000
2 0.028333 0.456667 0.011667 0.066667
2 0.781667 0.548333 0.048333 0.043333
3 0.234167 0.483333 0.008333 0.016667
2 0.128333 0.456667 0.010000 0.031667
3 0.071667 0.533333 0.013333 0.015000
2 0.801667 0.503333 0.048333 0.043333
2 0.241667 0.528333 0.023333 0.041667
3 0.212500 0.498333 0.013333 0.015000
2 0.227500 0.425000 0.011667 0.066667
2 0.195000 0.533333 0.009167 0.031667
2 0.195000 0.541667 0.010833 0.091667
2 0.125833 0.570000 0.009167 0.031667
3 0.824167 0.495000 0.015833 0.051667
3 0.350833 0.588333 0.010833 0.023333
2 0.319167 0.478333 0.023333 0.041667
2 0.550833 0.538333 0.015833 0.068333
2 0.281667 0.455000 0.029167 0.038333
2 0.400000 0.546667 0.058333 0.076667
2 0.119167 0.456667 0.023333 0.106667
3 0.347500 0.518333 0.010833 0.023333
2 0.537500 0.543333 0.020833 0.080000
2 0.157500 0.460000 0.014167 0.015000
3 0.698333 0.543333 0.009167 0.023333
2 0.636667 0.541667 0.045833 0.021667
3 0.453333 0.530000 0.017500 0.031667
2 0.516667 0.548333 0.020000 0.021667
2 0.615000 0.563333 0.011667 0.025000
2 0.554167 0.581667 0.014167 0.015000
2 0.124167 0.471667 0.009167 0.040000
3 0.681667 0.493333 0.007500 0.018333
2 0.416667 0.470000 0.015833 0.068333
3 0.367500 0.591667 0.008333 0.021667
3 0.376667 0.490000 0.017500 0.031667
3 0.710833 0.591667 0.015833 0.051667
3 0.311667 0.481667 0.009167 0.016667
3 0.567500 0.563333 0.007500 0.015000
3 0.387500 0.466667 0.013333 0.031667
3 0.173333 0.490000 0.008333 0.016667
3 0.328333 0.565000 0.015833 0.051667
2 0.080833 0.486667 0.029167 0.038333
3 0.236667 0.568333 0.015833 0.051667
2 0.032500 0.460000 0.020833 0.028333
3 0.218333 0.578333 0.008333 0.016667
3 0.350000 0.508333 0.007500 0.015000
2 0.705000 0.501667 0.020833 0.028333
2 0.547500 0.493333 0.097500 0.053333
2 0.235000 0.580000 0.023333 0.041667
3 0.237500 0.555000 0.009167 0.016667
3 0.057500 0.483333 0.008333 0.016667
2 0.677500 0.385000 0.034167 0.100000
3 0.646667 0.648333 0.007500 0.015000
3 0.743333 0.806667 0.008333 0.016667
2 0.289167 0.738333 0.058333 0.076667
3 0.706667 0.375000 0.013333 0.031667
3 0.693333 0.776667 0.015833 0.051667
2 0.381667 0.388333 0.020000 0.021667
3 0.185833 0.653333 0.008333 0.016667
3 0.715000 0.326667 0.009167 0.015000
3 0.455000 0.756667 0.009167 0.023333
3 0.641667 0.348333 0.007500 0.015000
3 0.775833 0.323333 0.009167 0.016667
2 0.655000 0.421667 0.022500 0.023333
3 0.740833 0.403333 0.013333 0.015000
2 0.517500 0.765000 0.023333 0.041667
2 0.736667 0.623333 0.030833 0.051667
2 0.261667 0.780000 0.009167 0.040000
3 0.523333 0.433333 0.010833 0.023333
2 0.695833 0.743333 0.009167 0.031667
3 0.562500 0.433333 0.008333 0.016667
3 0.775000 0.428333 0.009167 0.018333
3 0.676667 0.435000 0.013333 0.031667
3 0.567500 0.671667 0.013333 0.031667
2 0.513333 0.350000 0.097500 0.053333
3 0.192500 0.393333 0.010833 0.023333
3 0.585833 0.440000 0.007500 0.018333
2 0.682500 0.656667 0.030833 0.051667
2 0.719167 0.625000 0.020000 0.021667
2 0.777500 0.711667 0.021667 0.090000
2 0.751667 0.308333 0.014167 0.015000
3 0.485000 0.785000 0.015833 0.051667
3 0.174167 0.388333 0.013333 0.015000
2 0.619167 0.345000 0.019167 0.046667
2 0.515000 0.406667 0.097500 0.053333
2 0.568333 0.626667 0.022500 0.023333
3 0.249167 0.651667 0.011667 0.020000
3 0.231667 0.801667 0.010833 0.023333
3 0.551667 0.236667 0.008333 0.016667
2 0.754167 0.610000 0.009167 0.031667
3 0.481667 0.828333 0.013333 0.031667
3 0.454167 0.828333 0.007500 0.015000
2 0.741667 0.583333 0.097500 0.053333
2 0.671667 0.671667 0.048333 0.043333
2 0.261667 0.761667 0.021667 0.090000
2 0.420000 0.648333 0.019167 0.046667
2 0.328333 0.715000 0.010833 0.091667
2 0.373333 0.335000 0.035000 0.105000
3 0.274167 0.416667 0.009167 0.023333
2 0.775833 0.328333 0.029167 0.038333
2 0.304167 0.308333 0.023333 0.106667
3 0.605833 0.658333 0.009167 0.015000
2 0.644167 0.660000 0.013333 0.070000
2 0.760833 0.428333 0.013333 0.070000
2 0.297500 0.328333 0.030833 0.051667
3 0.730833 0.365000 0.014167 0.025000
2 0.777500 0.313333 0.011667 0.066667
3 0.467500 0.260000 0.007500 0.015000
3 0.285833 0.335000 0.006667 0.018333
3 0.571667 0.318333 0.015833 0.051667
2 0.302500 0.741667 0.021667 0.090000
3 0.729167 0.441667 0.013333 0.015000
3 0.420833 0.375000 0.017500 0.031667
2 0.311667 0.696667 0.019167 0.046667
3 0.660833 0.421667 0.007500 0.018333
2 0.266667 0.711667 0.034167 0.038333
2 0.765000 0.620000 0.011667 0.066667
3 0.624167 0.366667 0.011667 0.020000
3 0.700000 0.415000 0.015833 0.051667
3 0.526667 0.346667 0.014167 0.025000
3 0.660833 0.446667 0.010000 0.016667
2 0.520000 0.378333 0.014167 0.015000
2 0.288333 0.291667 0.022500 0.023333
2 0.520833 0.393333 0.030833 0.051667
3 0.795000 0.646667 0.013333 0.031667
3 0.670833 0.621667 0.009167 0.016667
2 0.465000 0.243333 0.035000 0.105000
2 0.705833 0.601667 0.048333 0.043333
2 0.805000 0.638333 0.010000 0.031667
3 0.782500 0.370000 0.008333 0.016667
3 0.260000 0.318333 0.006667 0.018333
2 0.164167 0.416667 0.020833 0.080000
2 0.420000 0.798333 0.015833 0.068333
3 0.647500 0.426667 0.008333 0.021667
2 0.292500 0.240000 0.011667 0.025000
3 0.243333 0.743333 0.009167 0.016667
2 0.449167 0.713333 0.015833 0.068333
3 0.488333 0.641667 0.009167 0.016667
3 0.720833 0.628333 0.006667 0.018333
2 0.278333 0.406667 0.027500 0.016667
2 0.720000 0.606667 0.027500 0.016667
2 0.295000 0.660000 0.009167 0.040000
3 0.640000 0.353333 0.007500 0.015000
3 0.249167 0.675000 0.007500 0.015000
3 0.601667 0.998333 0.007500 0.001667
3 0.516667 0.790000 0.007500 0.015000
2 0.750833 0.423333 0.023333 0.106667
3 0.369167 0.753333 0.014167 0.025000
2 0.780000 0.353333 0.019167 0.046667
2 0.599167 0.410000 0.023333 0.041667
2 0.689167 0.663333 0.023333 0.106667
3 0.370000 0.761667 0.013333 0.031667
2 0.317500 0.280000 0.010000 0.031667
2 0.442500 0.418333 0.010833 0.091667
2 0.681667 0.360000 0.015833 0.068333
3 0.268333 0.641667 0.008333 0.016667
2 0.745000 0.651667 0.017500 0.116667
2 0.668333 0.340000 0.029167 0.038333
2 0.744167 0.638333 0.020833 0.080000
2 0.428333 0.338333 0.023333 0.041667
3 0.703333 0.716667 0.007500 0.016667
3 0.539167 0.678333 0.009167 0.016667
2 0.285000 0.295000 0.048333 0.025000
2 0.740833 0.350000 0.097500 0.053333
3 0.313333 0.645000 0.017500 0.031667
2 0.472500 0.386667 0.026667 0.035000
3 0.429167 0.666667 0.014167 0.025000
2 0.628333 0.683333 0.013333 0.070000
2 0.614167 0.376667 0.011667 0.066667
3 0.720000 0.338333 0.009167 0.016667
3 0.751667 0.416667 0.013333 0.015000
3 0.410833 0.683333 0.008333 0.021667
3 0.700833 0.300000 0.006667 0.018333
3 0.723333 0.660000 0.006667 0.018333
2 0.694167 0.645000 0.010833 0.091667
3 0.254167 0.341667 0.006667 0.018333
2 0.632500 0.431667 0.029167 0.038333
3 0.570000 0.153333 0.009167 0.016667
2 0.263333 0.428333 0.045833 0.021667
3 0.344167 0.671667 0.008333 0.021667
2 0.521667 0.630000 0.022500 0.023333
2 0.267500 0.861667 0.014167 0.015000
2 0.767500 0.633333 0.035000 0.105000
3 0.325833 0.708333 0.008333 0.016667
2 0.508333 0.328333 0.009167 0.031667
3 0.690833 0.360000 0.007500 0.018333
3 0.153333 0.610000 0.014167 0.025000
2 0.705000 0.713333 0.010833 0.091667
3 0.265833 0.795000 0.010000 0.020000
2 0.775833 0.388333 0.029167 0.038333
2 0.196667 0.735000 0.023333 0.106667
3 0.573333 0.175000 0.010833 0.023333
3 0.521667 0.403333 0.015833 0.051667
3 0.778333 0.700000 0.009167 0.016667
2 0.299167 0.423333 0.020833 0.080000
2 0.771667 0.660000 0.048333 0.025000
2 0.553333 0.225000 0.010000 0.031667
2 0.324167 0.226667 0.048333 0.043333
2 0.537500 0.708333 0.034167 0.100000
2 0.343333 0.386667 0.019167 0.046667
2 0.655833 0.406667 0.023333 0.106667
2 0.677500 0.648333 0.045833 0.021667
2 0.589167 0.741667 0.014167 0.015000
2 0.636667 0.351667 0.027500 0.016667
3 0.722500 0.418333 0.009167 0.016667
2 0.704167 0.771667 0.011667 0.066667
3 0.166667 0.410000 0.015833 0.051667
3 0.679167 0.396667 0.011667 0.020000
2 0.665833 0.381667 0.034167 0.100000
3 0.800000 0.371667 0.007500 0.016667
3 0.340000 0.226667 0.007500 0.015000
2 0.298333 0.320000 0.011667 0.066667
3 0.722500 0.613333 0.009167 0.018333
2 0.640000 0.425000 0.014167 0.015000
3 0.768333 0.693333 0.009167 0.015000
3 0.426667 0.730000 0.008333 0.016667
2 0.616667 0.663333 0.023333 0.106667
3 0.731667 0.383333 0.007500 0.015000
3 0.286667 0.825000 0.009167 0.023333
2 0.293333 0.395000 0.027500 0.016667
2 0.800000 0.738333 0.034167 0.100000
2 0.413333 0.713333 0.020000 0.021667
3 0.487500 0.320000 0.008333 0.016667
2 0.552500 0.263333 0.010833 0.091667
2 0.222500 0.435000 0.013333 0.070000
2 0.718333 0.650000 0.026667 0.035000
3 0.237500 0.351667 0.013333 0.031667
3 0.358333 0.611667 0.007500 0.015000
2 0.700833 0.610000 0.023333 0.041667
2 0.677500 0.705000 0.045833 0.021667
2 0.218333 0.835000 0.058333 0.076667
3 0.745833 0.701667 0.011667 0.020000
2 0.460833 0.808333 0.017500 0.116667
2 0.745833 0.421667 0.030833 0.051667
3 0.398333 0.348333 0.006667 0.018333
2 0.447500 0.101667 0.058333 0.076667
2 0.783333 0.688333 0.022500 0.023333
2 0.486667 0.335000 0.058333 0.076667
2 0.282500 0.310000 0.034167 0.100000
3 0.641667 0.623333 0.008333 0.016667
3 0.605000 0.316667 0.008333 0.016667
2 0.491667 0.318333 0.009167 0.040000
2 0.610000 0.365000 0.048333 0.025000
3 0.297500 0.751667 0.017500 0.031667
2 0.503333 0.678333 0.030833 0.051667
3 0.525000 0.710000 0.006667 0.018333
2 0.420000 0.806667 0.034167 0.100000
2 0.582500 0.635000 0.026667 0.035000
2 0.649167 0.680000 0.013333 0.070000
