4 0.849167 0.651667 0.096667 0.158333
4 0.845833 0.371667 0.055000 0.070000
4 0.870833 0.506667 0.062500 0.151667
4 0.820000 0.498333 0.133333 0.166667
4 0.876667 0.410000 0.106667 0.135000
4 0.815833 0.566667 0.049167 0.021667
4 0.735833 0.581667 0.219167 0.120000
4 0.855000 0.498333 0.057500 0.015000
4 0.775833 0.630000 0.245833 0.195000
4 0.770833 0.488333 0.141667 0.096667
4 0.503333 0.495000 0.235833 0.065000
4 0.139167 0.585000 0.039167 0.083333
4 0.755833 0.528333 0.116667 0.071667
4 0.541667 0.510000 0.146667 0.048333
4 0.035000 0.511667 0.070000 0.065000
4 0.719167 0.538333 0.085000 0.023333
4 0.635000 0.460000 0.051667 0.101667
4 0.622500 0.436667 0.130000 0.230000
4 0.485000 0.591667 0.080000 0.093333
4 0.535000 0.726667 0.194167 0.406667
3 0.426667 0.493333 0.009167 0.018333
2 0.489167 0.570000 0.029167 0.038333
2 0.365000 0.511667 0.034167 0.100000
2 0.599167 0.560000 0.048333 0.043333
2 0.549167 0.496667 0.027500 0.016667
3 0.447500 0.596667 0.010000 0.016667
3 0.240000 0.558333 0.007500 0.018333
3 0.563333 0.485000 0.007500 0.015000
2 0.405833 0.436667 0.019167 0.046667
3 0.185833 0.470000 0.010833 0.013333
3 0.220833 0.528333 0.014167 0.025000
2 0.828333 0.481667 0.010000 0.031667
3 0.446667 0.536667 0.008333 0.016667
3 0.620000 0.583333 0.010000 0.020000
2 0.368333 0.540000 0.034167 0.100000
3 0.020833 0.545000 0.008333 0.021667
3 0.177500 0.515000 0.011667 0.030000
2 0.195000 0.568333 0.013333 0.070000
2 0.760833 0.596667 0.013333 0.070000
2 0.112500 0.511667 0.035000 0.105000
3 0.555000 0.476667 0.017500 0.031667
3 0.584167 0.535000 0.010000 0.020000
2 0.325833 0.511667 0.097500 0.053333
2 0.390000 0.511667 0.010833 0.091667
3 0.638333 0.465000 0.017500 0.031667
2 0.152500 0.498333 0.027500 0.016667
3 0.390000 0.551667 0.017500 0.031667
2 0.688333 0.500000 0.048333 0.043333
2 0.642500 0.573333 0.021667 0.090000
2 0.815000 0.543333 0.035000 0.105000
3 0.305000 0.478333 0.007500 0.015000
2 0.706667 0.606667 0.013333 0.070000
3 0.500000 0.540000 0.010000 0.016667
2 0.375833 0.508333 0.026667 0.035000
3 0.796667 0.543333 0.007500 0.015000
3 0.434167 0.563333 0.010833 0.023333
3 0.819167 0.506667 0.006667 0.018333
2 0.115833 0.450000 0.058333 0.076667
3 0.605000 0.623333 0.009167 0.016667
2 0.530833 0.506667 0.027500 0.016667
2 0.812500 0.653333 0.029167 0.038333
2 0.820000 0.551667 0.011667 0.025000
3 0.250000 0.588333 0.010000 0.020000
3 0.560000 0.560000 0.009167 0.016667
2 0.800833 0.546667 0.013333 0.070000
3 0.073333 0.510000 0.007500 0.015000
3 0.125833 0.500000 0.007500 0.015000
3 0.347500 0.545000 0.009167 0.016667
3 0.197500 0.525000 0.008333 0.021667
3 0.695833 0.490000 0.009167 0.018333
2 0.263333 0.468333 0.022500 0.023333
2 0.157500 0.580000 0.034167 0.038333
2 0.391667 0.531667 0.048333 0.043333
2 0.279167 0.545000 0.020833 0.080000
3 0.719167 0.581667 0.006667 0.018333
3 0.650000 0.495000 0.007500 0.016667
2 0.249167 0.446667 0.027500 0.016667
3 0.330833 0.598333 0.007500 0.016667
3 0.450000 0.465000 0.010833 0.013333
3 0.354167 0.581667 0.007500 0.018333
3 0.108333 0.590000 0.007500 0.015000
2 0.570833 0.528333 0.013333 0.070000
2 0.112500 0.468333 0.020000 0.021667
2 0.476667 0.426667 0.010000 0.031667
2 0.346667 0.493333 0.013333 0.070000
3 0.039167 0.565000 0.008333 0.016667
2 0.189167 0.520000 0.023333 0.041667
2 0.495833 0.555000 0.058333 0.076667
2 0.308333 0.460000 0.048333 0.025000
3 0.827500 0.465000 0.009167 0.023333
2 0.278333 0.463333 0.022500 0.023333
3 0.238333 0.581667 0.011667 0.020000
3 0.484167 0.601667 0.009167 0.016667
2 0.239167 0.505000 0.020833 0.080000
2 0.016667 0.528333 0.034167 0.038333
2 0.225000 0.530000 0.009167 0.031667
2 0.644167 0.535000 0.034167 0.100000
3 0.413333 0.570000 0.010000 0.016667
3 0.379167 0.473333 0.015833 0.051667
3 0.444167 0.496667 0.009167 0.016667
3 0.085000 0.586667 0.011667 0.020000
2 0.654167 0.565000 0.097500 0.053333
3 0.289167 0.503333 0.010000 0.020000
3 0.315833 0.513333 0.013333 0.015000
3 0.199167 0.540000 0.007500 0.016667
2 0.500833 0.555000 0.034167 0.100000
3 0.620000 0.581667 0.009167 0.023333
2 0.586667 0.576667 0.021667 0.090000
3 0.350833 0.556667 0.009167 0.018333
2 0.715833 0.503333 0.020833 0.080000
3 0.759167 0.505000 0.008333 0.016667
3 0.596667 0.528333 0.009167 0.023333
3 0.219167 0.525000 0.015833 0.051667
2 0.545833 0.551667 0.021667 0.090000
3 0.280000 0.535000 0.009167 0.016667
3 0.550833 0.471667 0.007500 0.018333
3 0.424167 0.593333 0.008333 0.016667
2 0.084167 0.450000 0.015833 0.068333
3 0.450000 0.528333 0.009167 0.016667
3 0.215000 0.451667 0.007500 0.015000
3 0.130833 0.513333 0.006667 0.018333
3 0.758333 0.485000 0.008333 0.016667
3 0.733333 0.373333 0.009167 0.016667
3 0.706667 0.705000 0.009167 0.016667
2 0.724167 0.726667 0.023333 0.041667
2 0.509167 0.685000 0.019167 0.046667
2 0.178333 0.660000 0.022500 0.023333
3 0.803333 0.730000 0.009167 0.016667
3 0.622500 0.656667 0.010833 0.023333
3 0.694167 0.273333 0.007500 0.018333
3 0.571667 0.633333 0.008333 0.016667
3 0.340833 0.660000 0.014167 0.025000
2 0.712500 0.358333 0.011667 0.066667
2 0.463333 0.131667 0.026667 0.035000
2 0.518333 0.375000 0.011667 0.066667
3 0.575000 0.401667 0.008333 0.016667
3 0.652500 0.333333 0.008333 0.016667
2 0.560000 0.653333 0.030833 0.051667
2 0.710000 0.361667 0.015833 0.068333
2 0.455000 0.243333 0.020000 0.021667
2 0.394167 0.690000 0.021667 0.090000
2 0.286667 0.300000 0.011667 0.066667
2 0.269167 0.843333 0.011667 0.066667
2 0.703333 0.371667 0.023333 0.106667
3 0.622500 0.401667 0.011667 0.020000
3 0.225833 0.736667 0.008333 0.016667
3 0.800000 0.643333 0.008333 0.016667
3 0.380000 0.358333 0.008333 0.016667
2 0.596667 0.356667 0.013333 0.070000
2 0.740000 0.635000 0.021667 0.090000
3 0.535000 0.368333 0.008333 0.016667
2 0.799167 0.403333 0.009167 0.031667
3 0.421667 0.673333 0.015833 0.051667
3 0.571667 0.663333 0.009167 0.018333
3 0.535833 0.385000 0.009167 0.018333
3 0.315000 0.253333 0.011667 0.020000
3 0.753333 0.610000 0.010833 0.023333
2 0.580833 0.763333 0.030833 0.051667
3 0.344167 0.231667 0.007500 0.018333
3 0.465833 0.325000 0.015833 0.051667
2 0.359167 0.736667 0.045833 0.021667
2 0.572500 0.766667 0.009167 0.031667
2 0.485833 0.311667 0.010833 0.091667
2 0.794167 0.390000 0.019167 0.046667
3 0.675000 0.676667 0.007500 0.018333
3 0.285833 0.300000 0.009167 0.015000
2 0.237500 0.838333 0.019167 0.046667
3 0.533333 0.365000 0.008333 0.016667
2 0.664167 0.666667 0.045833 0.021667
2 0.540000 0.721667 0.010000 0.031667
3 0.564167 0.670000 0.007500 0.015000
3 0.451667 0.648333 0.007500 0.015000
2 0.190833 0.753333 0.034167 0.100000
2 0.627500 0.623333 0.027500 0.016667
2 0.560000 0.268333 0.011667 0.025000
3 0.813333 0.720000 0.007500 0.016667
3 0.378333 0.383333 0.009167 0.016667
3 0.716667 0.616667 0.008333 0.016667
3 0.562500 0.276667 0.006667 0.018333
3 0.594167 0.158333 0.007500 0.015000
2 0.228333 0.301667 0.097500 0.053333
3 0.735000 0.398333 0.007500 0.015000
3 0.389167 0.733333 0.009167 0.016667
3 0.775833 0.405000 0.014167 0.025000
3 0.600833 0.706667 0.007500 0.016667
2 0.746667 0.625000 0.009167 0.031667
2 0.507500 0.833333 0.022500 0.023333
3 0.331667 0.406667 0.008333 0.016667
2 0.581667 0.638333 0.023333 0.041667
2 0.282500 0.243333 0.035000 0.105000
3 0.325833 0.303333 0.007500 0.018333
3 0.805000 0.336667 0.007500 0.018333
3 0.391667 0.770000 0.009167 0.016667
3 0.435000 0.400000 0.009167 0.016667
2 0.735000 0.411667 0.045833 0.021667
2 0.457500 0.621667 0.048333 0.025000
3 0.728333 0.711667 0.014167 0.025000
2 0.404167 0.356667 0.045833 0.021667
3 0.540833 0.341667 0.010833 0.023333
3 0.778333 0.608333 0.007500 0.018333
3 0.724167 0.400000 0.008333 0.016667
2 0.696667 0.346667 0.048333 0.025000
3 0.285833 0.780000 0.007500 0.018333
3 0.297500 0.641667 0.014167 0.025000
2 0.791667 0.606667 0.045833 0.021667
2 0.730000 0.395000 0.017500 0.116667
3 0.466667 0.330000 0.007500 0.015000
3 0.751667 0.315000 0.007500 0.016667
2 0.303333 0.731667 0.021667 0.090000
3 0.627500 0.388333 0.007500 0.015000
2 0.798333 0.711667 0.019167 0.046667
3 0.265833 0.201667 0.013333 0.031667
2 0.306667 0.710000 0.009167 0.031667
3 0.382500 0.376667 0.010000 0.020000
3 0.706667 0.693333 0.007500 0.018333
3 0.624167 0.405000 0.008333 0.021667
2 0.769167 0.721667 0.020833 0.080000
2 0.702500 0.711667 0.021667 0.090000
3 0.727500 0.683333 0.009167 0.016667
3 0.531667 0.725000 0.008333 0.021667
2 0.299167 0.733333 0.020000 0.021667
2 0.301667 0.723333 0.020833 0.080000
2 0.470000 0.770000 0.035000 0.105000
3 0.380833 0.758333 0.008333 0.016667
2 0.323333 0.398333 0.022500 0.023333
2 0.560833 0.305000 0.023333 0.106667
3 0.310000 0.215000 0.015833 0.051667
2 0.767500 0.591667 0.027500 0.016667
2 0.281667 0.650000 0.009167 0.031667
2 0.337500 0.761667 0.027500 0.016667
2 0.238333 0.851667 0.017500 0.116667
3 0.648333 0.448333 0.011667 0.030000
3 0.790833 0.423333 0.010000 0.016667
3 0.436667 0.336667 0.014167 0.025000
2 0.467500 0.333333 0.022500 0.023333
2 0.230833 0.418333 0.021667 0.090000
2 0.583333 0.465000 0.013333 0.070000
2 0.408333 0.361667 0.048333 0.025000
2 0.340000 0.865000 0.013333 0.070000
2 0.417500 0.803333 0.029167 0.038333
2 0.534167 0.260000 0.023333 0.041667
3 0.367500 0.431667 0.010000 0.016667
2 0.765833 0.655000 0.045833 0.021667
3 0.480833 0.320000 0.015833 0.051667
3 0.790833 0.373333 0.008333 0.016667
3 0.696667 0.668333 0.009167 0.015000
2 0.735000 0.720000 0.020833 0.080000
3 0.711667 0.365000 0.009167 0.016667
3 0.794167 0.421667 0.007500 0.015000
3 0.555833 0.705000 0.008333 0.016667
2 0.676667 0.615000 0.011667 0.025000
3 0.664167 0.415000 0.010833 0.013333
3 0.735000 0.273333 0.013333 0.031667
2 0.432500 0.641667 0.045833 0.021667
2 0.592500 0.300000 0.020833 0.080000
3 0.687500 0.326667 0.009167 0.015000
3 0.491667 0.336667 0.009167 0.016667
2 0.661667 0.596667 0.058333 0.076667
3 0.550833 0.710000 0.017500 0.031667
2 0.550833 0.766667 0.009167 0.031667
2 0.689167 0.663333 0.023333 0.041667
2 0.440833 0.665000 0.029167 0.038333
3 0.376667 0.798333 0.009167 0.023333
2 0.651667 0.380000 0.014167 0.015000
2 0.263333 0.390000 0.058333 0.076667
2 0.710833 0.803333 0.034167 0.100000
2 0.777500 0.385000 0.034167 0.038333
3 0.730000 0.621667 0.015833 0.051667
2 0.337500 0.853333 0.019167 0.046667
3 0.669167 0.341667 0.010833 0.023333
3 0.522500 0.358333 0.007500 0.015000
3 0.657500 0.336667 0.007500 0.015000
2 0.540833 0.218333 0.034167 0.038333
3 0.796667 0.636667 0.007500 0.015000
2 0.783333 0.401667 0.023333 0.041667
2 0.449167 0.265000 0.030833 0.051667
2 0.767500 0.431667 0.030833 0.051667
2 0.655000 0.678333 0.048333 0.025000
3 0.481667 0.815000 0.011667 0.030000
3 0.603333 0.368333 0.010833 0.023333
2 0.780000 0.745000 0.026667 0.035000
2 0.454167 0.640000 0.020833 0.080000
3 0.710000 0.431667 0.007500 0.016667
3 0.735000 0.663333 0.011667 0.020000
2 0.337500 0.670000 0.014167 0.015000
2 0.426667 0.408333 0.026667 0.035000
3 0.663333 0.666667 0.007500 0.018333
3 0.449167 0.678333 0.007500 0.018333
2 0.545833 0.233333 0.020000 0.021667
3 0.298333 0.345000 0.011667 0.030000
2 0.644167 0.318333 0.011667 0.025000
2 0.680833 0.393333 0.023333 0.041667
3 0.719167 0.655000 0.007500 0.015000
3 0.758333 0.366667 0.009167 0.023333
2 0.787500 0.430000 0.013333 0.070000
2 0.293333 0.331667 0.020833 0.028333
3 0.706667 0.355000 0.008333 0.016667
3 0.574167 0.401667 0.009167 0.016667
3 0.440833 0.768333 0.010833 0.013333
2 0.533333 0.265000 0.009167 0.040000
3 0.421667 0.368333 0.011667 0.030000
2 0.576667 0.730000 0.011667 0.025000
3 0.708333 0.410000 0.008333 0.016667
2 0.706667 0.683333 0.017500 0.116667
3 0.755000 0.411667 0.010000 0.020000
3 0.442500 0.725000 0.011667 0.030000
2 0.220000 0.328333 0.020833 0.028333
3 0.453333 0.366667 0.007500 0.015000
3 0.694167 0.640000 0.009167 0.016667
3 0.385000 0.706667 0.010000 0.020000
3 0.444167 0.160000 0.007500 0.018333
2 0.664167 0.638333 0.048333 0.025000
3 0.802500 0.620000 0.008333 0.016667
3 0.626667 0.366667 0.006667 0.018333
3 0.535833 0.300000 0.006667 0.018333
3 0.806667 0.905000 0.011667 0.030000
2 0.627500 0.646667 0.026667 0.035000
3 0.663333 0.401667 0.014167 0.025000
3 0.345000 0.716667 0.015833 0.051667
3 0.778333 0.608333 0.011667 0.030000
