4 0.871667 0.503333 0.084167 0.078333
4 0.856667 0.591667 0.137500 0.098333
4 0.785000 0.711667 0.115000 0.161667
4 0.863333 0.478333 0.040000 0.061667
4 0.888333 0.445000 0.073333 0.018333
4 0.880833 0.568333 0.077500 0.098333
4 0.818333 0.643333 0.119167 0.208333
4 0.815000 0.521667 0.155000 0.090000
4 0.802500 0.795000 0.130833 0.378333
4 0.814167 0.548333 0.171667 0.276667
4 0.770833 0.595000 0.044167 0.086667
4 0.687500 0.530000 0.045000 0.016667
4 0.522500 0.598333 0.055833 0.103333
4 0.626667 0.566667 0.055000 0.063333
4 0.675833 0.548333 0.094167 0.073333
4 0.100000 0.433333 0.094167 0.143333
4 0.050000 0.431667 0.100833 0.256667
4 0.144167 0.440000 0.115000 0.166667
4 0.267500 0.536667 0.052500 0.081667
4 0.285833 0.451667 0.088333 0.150000
3 0.513333 0.535000 0.011667 0.020000
2 0.047500 0.440000 0.020833 0.080000
2 0.531667 0.581667 0.013333 0.070000
2 0.051667 0.566667 0.029167 0.038333
2 0.357500 0.503333 0.030833 0.051667
2 0.381667 0.555000 0.010000 0.031667
2 0.465833 0.588333 0.020833 0.028333
2 0.449167 0.521667 0.020833 0.080000
3 0.310000 0.538333 0.007500 0.015000
3 0.565833 0.460000 0.008333 0.016667
2 0.439167 0.610000 0.010833 0.091667
3 0.424167 0.495000 0.009167 0.016667
2 0.026667 0.500000 0.035000 0.105000
3 0.293333 0.473333 0.010000 0.020000
2 0.336667 0.461667 0.019167 0.046667
3 0.652500 0.460000 0.009167 0.016667
2 0.607500 0.628333 0.030833 0.051667
2 0.641667 0.535000 0.009167 0.031667
2 0.271667 0.595000 0.034167 0.100000
3 0.309167 0.456667 0.010000 0.016667
2 0.322500 0.598333 0.034167 0.100000
3 0.190833 0.598333 0.007500 0.018333
3 0.281667 0.486667 0.008333 0.016667
2 0.027500 0.491667 0.015833 0.068333
2 0.416667 0.505000 0.020833 0.080000
3 0.815833 0.470000 0.007500 0.016667
2 0.389167 0.576667 0.029167 0.038333
2 0.325833 0.536667 0.023333 0.106667
2 0.714167 0.531667 0.035000 0.105000
3 0.562500 0.471667 0.007500 0.015000
3 0.069167 0.498333 0.010000 0.020000
2 0.790000 0.445000 0.048333 0.043333
2 0.653333 0.545000 0.034167 0.038333
3 0.144167 0.575000 0.009167 0.015000
3 0.427500 0.531667 0.009167 0.016667
2 0.697500 0.613333 0.021667 0.090000
2 0.446667 0.561667 0.026667 0.035000
2 0.584167 0.470000 0.034167 0.038333
3 0.640833 0.570000 0.007500 0.016667
2 0.355833 0.521667 0.035000 0.105000
2 0.239167 0.458333 0.023333 0.106667
2 0.375000 0.526667 0.030833 0.051667
2 0.702500 0.541667 0.011667 0.066667
2 0.235000 0.515000 0.015833 0.068333
2 0.677500 0.563333 0.058333 0.076667
2 0.280000 0.535000 0.030833 0.051667
2 0.820000 0.480000 0.011667 0.025000
3 0.410833 0.478333 0.009167 0.016667
2 0.242500 0.530000 0.027500 0.016667
2 0.403333 0.508333 0.022500 0.023333
2 0.198333 0.530000 0.058333 0.076667
2 0.585000 0.506667 0.027500 0.016667
2 0.561667 0.493333 0.058333 0.076667
2 0.172500 0.548333 0.027500 0.016667
2 0.320000 0.538333 0.027500 0.016667
3 0.605833 0.580000 0.010833 0.023333
2 0.127500 0.555000 0.026667 0.035000
3 0.070833 0.530000 0.014167 0.025000
3 0.434167 0.625000 0.006667 0.018333
2 0.772500 0.485000 0.010000 0.031667
3 0.827500 0.543333 0.007500 0.018333
2 0.456667 0.488333 0.020833 0.080000
3 0.813333 0.521667 0.015833 0.051667
2 0.374167 0.445000 0.009167 0.040000
3 0.790833 0.478333 0.015833 0.051667
3 0.660833 0.460000 0.009167 0.016667
2 0.041667 0.556667 0.030833 0.051667
2 0.385000 0.543333 0.034167 0.038333
3 0.478333 0.541667 0.009167 0.015000
2 0.354167 0.471667 0.019167 0.046667
2 0.176667 0.533333 0.058333 0.076667
2 0.705000 0.540000 0.009167 0.031667
3 0.197500 0.595000 0.015833 0.051667
3 0.772500 0.540000 0.009167 0.023333
2 0.277500 0.503333 0.020833 0.080000
3 0.550833 0.580000 0.009167 0.018333
2 0.235000 0.581667 0.029167 0.038333
2 0.195000 0.516667 0.048333 0.043333
2 0.642500 0.546667 0.035000 0.105000
2 0.196667 0.580000 0.022500 0.023333
2 0.568333 0.445000 0.035000 0.105000
2 0.573333 0.600000 0.034167 0.100000
2 0.605833 0.596667 0.015833 0.068333
3 0.825000 0.565000 0.015833 0.051667
3 0.519167 0.481667 0.009167 0.016667
2 0.561667 0.510000 0.048333 0.025000
2 0.102500 0.486667 0.048333 0.025000
2 0.810000 0.481667 0.009167 0.031667
2 0.291667 0.530000 0.048333 0.025000
2 0.260000 0.491667 0.097500 0.053333
2 0.735000 0.503333 0.010833 0.091667
3 0.220833 0.556667 0.017500 0.031667
3 0.175000 0.445000 0.011667 0.030000
2 0.262500 0.520000 0.020833 0.080000
3 0.292500 0.585000 0.010833 0.023333
3 0.315000 0.538333 0.014167 0.025000
3 0.517500 0.496667 0.014167 0.025000
3 0.350833 0.538333 0.013333 0.031667
3 0.202500 0.571667 0.008333 0.016667
2 0.563333 0.453333 0.011667 0.066667
3 0.351667 0.563333 0.010833 0.013333
3 0.062500 0.536667 0.008333 0.016667
2 0.403333 0.680000 0.017500 0.116667
3 0.777500 0.703333 0.008333 0.016667
3 0.453333 0.791667 0.011667 0.030000
3 0.767500 0.620000 0.009167 0.016667
2 0.318333 0.850000 0.058333 0.076667
3 0.693333 0.640000 0.009167 0.023333
3 0.813333 0.711667 0.007500 0.016667
2 0.705833 0.365000 0.027500 0.016667
3 0.577500 0.738333 0.009167 0.016667
2 0.535833 0.403333 0.017500 0.116667
2 0.554167 0.425000 0.020000 0.021667
2 0.506667 0.315000 0.009167 0.031667
3 0.572500 0.665000 0.008333 0.016667
3 0.454167 0.266667 0.007500 0.015000
3 0.515000 0.658333 0.007500 0.015000
3 0.618333 0.380000 0.008333 0.016667
3 0.521667 0.226667 0.007500 0.018333
3 0.688333 0.695000 0.017500 0.031667
3 0.469167 0.723333 0.014167 0.025000
2 0.536667 0.698333 0.045833 0.021667
2 0.267500 0.198333 0.010000 0.031667
2 0.810833 0.456667 0.030833 0.051667
2 0.382500 0.656667 0.023333 0.106667
3 0.282500 0.435000 0.008333 0.016667
3 0.623333 0.640000 0.006667 0.018333
3 0.453333 0.345000 0.014167 0.025000
2 0.614167 0.411667 0.048333 0.025000
3 0.705833 0.725000 0.009167 0.016667
3 0.696667 0.675000 0.013333 0.015000
2 0.423333 0.816667 0.026667 0.035000
2 0.721667 0.676667 0.030833 0.051667
2 0.381667 0.710000 0.030833 0.051667
3 0.277500 0.283333 0.009167 0.016667
2 0.240000 0.331667 0.034167 0.038333
3 0.446667 0.290000 0.015833 0.051667
3 0.565833 0.748333 0.009167 0.016667
2 0.650000 0.601667 0.023333 0.041667
2 0.515000 0.291667 0.009167 0.040000
2 0.541667 0.366667 0.034167 0.100000
3 0.339167 0.713333 0.010000 0.016667
3 0.787500 0.375000 0.007500 0.016667
2 0.611667 0.383333 0.097500 0.053333
2 0.583333 0.628333 0.020000 0.021667
3 0.524167 0.363333 0.007500 0.018333
3 0.666667 0.381667 0.007500 0.016667
2 0.730000 0.613333 0.045833 0.021667
2 0.623333 0.378333 0.097500 0.053333
3 0.424167 0.710000 0.010000 0.020000
2 0.238333 0.371667 0.015833 0.068333
2 0.509167 0.776667 0.021667 0.090000
3 0.712500 0.673333 0.009167 0.015000
2 0.678333 0.365000 0.023333 0.041667
3 0.750833 0.713333 0.013333 0.015000
3 0.321667 0.293333 0.009167 0.023333
3 0.802500 0.421667 0.009167 0.023333
3 0.731667 0.820000 0.015833 0.051667
3 0.791667 0.656667 0.007500 0.018333
2 0.511667 0.283333 0.020833 0.028333
3 0.693333 0.690000 0.007500 0.015000
2 0.466667 0.258333 0.010000 0.031667
3 0.715000 0.370000 0.009167 0.016667
2 0.553333 0.441667 0.026667 0.035000
2 0.540833 0.686667 0.011667 0.066667
2 0.435000 0.690000 0.034167 0.100000
2 0.436667 0.840000 0.011667 0.025000
3 0.390833 0.375000 0.013333 0.015000
2 0.805000 0.390000 0.027500 0.016667
3 0.300833 0.748333 0.010833 0.023333
3 0.677500 0.710000 0.007500 0.015000
3 0.486667 0.376667 0.008333 0.016667
3 0.705000 0.283333 0.008333 0.016667
2 0.275000 0.773333 0.023333 0.106667
3 0.516667 0.635000 0.009167 0.016667
3 0.372500 0.765000 0.008333 0.021667
3 0.266667 0.723333 0.009167 0.016667
2 0.676667 0.348333 0.030833 0.051667
3 0.729167 0.381667 0.009167 0.023333
3 0.721667 0.675000 0.009167 0.015000
3 0.272500 0.345000 0.008333 0.016667
3 0.737500 0.695000 0.007500 0.015000
2 0.618333 0.375000 0.034167 0.038333
3 0.314167 0.265000 0.008333 0.021667
2 0.692500 0.340000 0.019167 0.046667
3 0.791667 0.658333 0.007500 0.018333
2 0.804167 0.730000 0.026667 0.035000
2 0.387500 0.738333 0.048333 0.025000
2 0.641667 0.415000 0.045833 0.021667
3 0.771667 0.321667 0.007500 0.018333
2 0.406667 0.788333 0.022500 0.023333
2 0.485000 0.355000 0.011667 0.066667
2 0.635000 0.410000 0.048333 0.043333
2 0.320833 0.746667 0.015833 0.068333
2 0.285833 0.815000 0.011667 0.025000
3 0.747500 0.705000 0.009167 0.016667
3 0.491667 0.308333 0.007500 0.018333
3 0.387500 0.365000 0.009167 0.016667
2 0.445833 0.375000 0.009167 0.031667
2 0.636667 0.396667 0.020833 0.080000
3 0.222500 0.641667 0.011667 0.020000
3 0.788333 0.376667 0.006667 0.018333
2 0.686667 0.630000 0.097500 0.053333
2 0.802500 0.625000 0.009167 0.040000
2 0.684167 0.340000 0.011667 0.025000
2 0.474167 0.666667 0.021667 0.090000
2 0.671667 0.676667 0.023333 0.041667
2 0.146667 0.628333 0.097500 0.053333
2 0.767500 0.393333 0.009167 0.031667
2 0.195000 0.736667 0.026667 0.035000
3 0.734167 0.693333 0.007500 0.016667
2 0.653333 0.400000 0.034167 0.038333
2 0.309167 0.390000 0.011667 0.025000
3 0.747500 0.393333 0.007500 0.015000
3 0.523333 0.348333 0.009167 0.015000
3 0.345000 0.725000 0.009167 0.016667
3 0.508333 0.320000 0.009167 0.016667
2 0.475833 0.818333 0.023333 0.041667
2 0.304167 0.320000 0.058333 0.076667
3 0.440833 0.713333 0.009167 0.016667
3 0.253333 0.763333 0.008333 0.016667
2 0.685000 0.646667 0.020833 0.080000
2 0.728333 0.358333 0.011667 0.066667
2 0.707500 0.428333 0.045833 0.021667
3 0.254167 0.785000 0.009167 0.016667
2 0.689167 0.400000 0.034167 0.100000
3 0.732500 0.695000 0.011667 0.020000
3 0.765833 0.640000 0.009167 0.018333
3 0.795833 0.415000 0.010000 0.020000
2 0.280000 0.830000 0.023333 0.106667
3 0.719167 0.663333 0.009167 0.016667
2 0.242500 0.646667 0.020833 0.080000
3 0.551667 0.665000 0.007500 0.015000
2 0.743333 0.658333 0.058333 0.076667
3 0.256667 0.771667 0.009167 0.023333
3 0.495833 0.766667 0.009167 0.015000
3 0.684167 0.686667 0.009167 0.016667
3 0.765000 0.365000 0.007500 0.018333
2 0.329167 0.731667 0.035000 0.105000
3 0.526667 0.263333 0.009167 0.016667
3 0.223333 0.643333 0.009167 0.023333
3 0.695000 0.735000 0.011667 0.020000
2 0.373333 0.708333 0.048333 0.025000
2 0.686667 0.638333 0.014167 0.015000
2 0.265000 0.336667 0.048333 0.025000
2 0.650833 0.236667 0.058333 0.076667
2 0.599167 0.640000 0.035000 0.105000
2 0.303333 0.363333 0.026667 0.035000
2 0.237500 0.368333 0.014167 0.015000
3 0.646667 0.381667 0.011667 0.020000
2 0.565833 0.323333 0.013333 0.070000
3 0.703333 0.673333 0.011667 0.030000
3 0.651667 0.630000 0.010833 0.013333
2 0.625833 0.375000 0.010000 0.031667
2 0.483333 0.380000 0.029167 0.038333
3 0.654167 0.333333 0.009167 0.018333
3 0.313333 0.408333 0.009167 0.018333
2 0.157500 0.628333 0.011667 0.025000
2 0.240000 0.313333 0.097500 0.053333
2 0.697500 0.700000 0.019167 0.046667
2 0.628333 0.418333 0.015833 0.068333
2 0.293333 0.300000 0.009167 0.031667
3 0.319167 0.371667 0.007500 0.018333
2 0.710833 0.326667 0.019167 0.046667
2 0.648333 0.480000 0.010833 0.091667
2 0.300000 0.318333 0.026667 0.035000
2 0.713333 0.998333 0.021667 0.001667
3 0.534167 0.285000 0.008333 0.016667
3 0.462500 0.660000 0.007500 0.018333
3 0.245833 0.380000 0.008333 0.021667
3 0.310000 0.385000 0.007500 0.018333
2 0.700000 0.711667 0.023333 0.041667
3 0.330833 0.413333 0.010833 0.013333
3 0.707500 0.425000 0.011667 0.030000
2 0.735833 0.366667 0.029167 0.038333
3 0.301667 0.281667 0.007500 0.018333
3 0.756667 0.331667 0.010000 0.016667
3 0.513333 0.830000 0.011667 0.030000
2 0.729167 0.670000 0.023333 0.106667
2 0.797500 0.343333 0.022500 0.023333
2 0.796667 0.450000 0.020833 0.080000
3 0.690000 0.615000 0.011667 0.020000
2 0.746667 0.435000 0.030833 0.051667
2 0.285833 0.106667 0.009167 0.040000
2 0.778333 0.425000 0.020833 0.080000
2 0.413333 0.680000 0.027500 0.016667
3 0.829167 0.425000 0.008333 0.016667
2 0.430833 0.806667 0.013333 0.070000
2 0.705000 0.361667 0.020000 0.021667
3 0.656667 0.368333 0.015833 0.051667
2 0.430833 0.348333 0.034167 0.038333
2 0.267500 0.280000 0.020833 0.028333
3 0.685000 0.345000 0.009167 0.015000
3 0.534167 0.350000 0.008333 0.016667
2 0.478333 0.333333 0.034167 0.100000
3 0.699167 0.631667 0.008333 0.016667
3 0.248333 0.678333 0.009167 0.016667
2 0.399167 0.325000 0.097500 0.053333
2 0.270000 0.701667 0.034167 0.038333
2 0.234167 0.740000 0.027500 0.016667
