4 0.865000 0.530000 0.115833 0.181667
4 0.851667 0.416667 0.056667 0.095000
4 0.847500 0.463333 0.050833 0.021667
4 0.819167 0.600000 0.066667 0.071667
4 0.859167 0.778333 0.110833 0.260000
4 0.866667 0.681667 0.057500 0.030000
4 0.854167 0.536667 0.055000 0.050000
4 0.875000 0.585000 0.092500 0.068333
4 0.882500 0.458333 0.075000 0.045000
4 0.856667 0.548333 0.143333 0.123333
4 0.525833 0.535000 0.105833 0.055000
4 0.030000 0.505000 0.060000 0.133333
4 0.562500 0.533333 0.118333 0.131667
4 0.314167 0.630000 0.090000 0.165000
4 0.583333 0.528333 0.059167 0.080000
4 0.460000 0.753333 0.153333 0.441667
4 0.305833 0.626667 0.060000 0.166667
4 0.420000 0.471667 0.084167 0.111667
4 0.729167 0.530000 0.070000 0.036667
4 0.760833 0.575000 0.083333 0.168333
3 0.264167 0.555000 0.008333 0.016667
3 0.803333 0.568333 0.010000 0.020000
3 0.090833 0.518333 0.014167 0.025000
2 0.606667 0.466667 0.027500 0.016667
2 0.647500 0.561667 0.009167 0.031667
2 0.137500 0.438333 0.009167 0.040000
3 0.394167 0.465000 0.008333 0.021667
2 0.574167 0.501667 0.021667 0.090000
3 0.569167 0.461667 0.007500 0.018333
3 0.405000 0.556667 0.007500 0.015000
2 0.645000 0.581667 0.021667 0.090000
2 0.579167 0.455000 0.011667 0.066667
3 0.020000 0.501667 0.008333 0.021667
3 0.337500 0.465000 0.007500 0.015000
3 0.670833 0.503333 0.008333 0.016667
2 0.169167 0.493333 0.029167 0.038333
2 0.803333 0.541667 0.020833 0.028333
3 0.500833 0.501667 0.008333 0.016667
2 0.650000 0.523333 0.034167 0.038333
2 0.126667 0.558333 0.022500 0.023333
2 0.810833 0.703333 0.020833 0.080000
2 0.554167 0.430000 0.097500 0.053333
2 0.203333 0.511667 0.011667 0.066667
3 0.239167 0.470000 0.008333 0.021667
2 0.244167 0.590000 0.023333 0.041667
3 0.074167 0.581667 0.009167 0.016667
3 0.792500 0.475000 0.008333 0.016667
3 0.101667 0.530000 0.009167 0.023333
2 0.175833 0.475000 0.034167 0.038333
2 0.410833 0.578333 0.023333 0.041667
3 0.533333 0.573333 0.007500 0.018333
2 0.174167 0.543333 0.015833 0.068333
2 0.165000 0.568333 0.011667 0.066667
2 0.796667 0.510000 0.009167 0.031667
2 0.345000 0.541667 0.011667 0.025000
2 0.782500 0.463333 0.034167 0.100000
3 0.566667 0.568333 0.013333 0.031667
2 0.585000 0.488333 0.020833 0.080000
3 0.266667 0.493333 0.008333 0.016667
3 0.650000 0.500000 0.008333 0.016667
2 0.784167 0.456667 0.048333 0.043333
2 0.280833 0.541667 0.034167 0.038333
2 0.191667 0.475000 0.029167 0.038333
2 0.219167 0.526667 0.019167 0.046667
2 0.786667 0.540000 0.023333 0.106667
2 0.090000 0.616667 0.010833 0.091667
2 0.641667 0.560000 0.026667 0.035000
3 0.435833 0.551667 0.008333 0.016667
2 0.621667 0.565000 0.009167 0.031667
2 0.252500 0.450000 0.009167 0.040000
3 0.703333 0.526667 0.006667 0.018333
2 0.300833 0.536667 0.026667 0.035000
3 0.306667 0.460000 0.014167 0.025000
2 0.210833 0.493333 0.015833 0.068333
2 0.479167 0.488333 0.009167 0.031667
2 0.723333 0.555000 0.045833 0.021667
2 0.760000 0.511667 0.020000 0.021667
3 0.564167 0.460000 0.014167 0.025000
3 0.680000 0.578333 0.006667 0.018333
2 0.438333 0.530000 0.058333 0.076667
2 0.199167 0.518333 0.022500 0.023333
3 0.318333 0.476667 0.010000 0.020000
3 0.555000 0.528333 0.009167 0.016667
2 0.189167 0.486667 0.023333 0.041667
3 0.242500 0.523333 0.007500 0.018333
2 0.382500 0.556667 0.034167 0.100000
3 0.342500 0.571667 0.009167 0.023333
3 0.299167 0.595000 0.009167 0.015000
3 0.385000 0.525000 0.009167 0.018333
3 0.478333 0.515000 0.014167 0.025000
2 0.816667 0.680000 0.023333 0.041667
2 0.517500 0.496667 0.020833 0.080000
2 0.250000 0.461667 0.034167 0.038333
2 0.253333 0.531667 0.097500 0.053333
2 0.204167 0.561667 0.020000 0.021667
2 0.752500 0.463333 0.026667 0.035000
3 0.601667 0.538333 0.007500 0.015000
3 0.358333 0.515000 0.007500 0.015000
3 0.635000 0.555000 0.009167 0.016667
2 0.160000 0.528333 0.058333 0.076667
3 0.429167 0.631667 0.011667 0.030000
2 0.530833 0.521667 0.035000 0.105000
3 0.691667 0.525000 0.010000 0.016667
2 0.381667 0.495000 0.034167 0.038333
3 0.338333 0.536667 0.006667 0.018333
2 0.229167 0.578333 0.009167 0.031667
2 0.758333 0.556667 0.020000 0.021667
3 0.425000 0.566667 0.015833 0.051667
3 0.649167 0.588333 0.008333 0.016667
3 0.649167 0.548333 0.010833 0.023333
2 0.109167 0.440000 0.011667 0.066667
3 0.370833 0.471667 0.009167 0.016667
3 0.071667 0.526667 0.009167 0.016667
3 0.079167 0.561667 0.008333 0.016667
3 0.295833 0.575000 0.007500 0.018333
3 0.650833 0.490000 0.011667 0.030000
2 0.172500 0.528333 0.034167 0.100000
3 0.198333 0.580000 0.013333 0.031667
2 0.668333 0.543333 0.026667 0.035000
3 0.178333 0.463333 0.009167 0.016667
3 0.807500 0.520000 0.011667 0.030000
3 0.278333 0.566667 0.008333 0.021667
2 0.389167 0.688333 0.015833 0.068333
2 0.579167 0.408333 0.020833 0.080000
3 0.689167 0.283333 0.008333 0.016667
3 0.647500 0.440000 0.009167 0.018333
2 0.344167 0.386667 0.014167 0.015000
2 0.232500 0.385000 0.027500 0.016667
2 0.567500 0.785000 0.034167 0.100000
2 0.619167 0.360000 0.020000 0.021667
2 0.715833 0.646667 0.020833 0.080000
2 0.378333 0.358333 0.011667 0.025000
2 0.444167 0.308333 0.030833 0.051667
2 0.691667 0.685000 0.022500 0.023333
3 0.335833 0.230000 0.008333 0.016667
3 0.676667 0.638333 0.013333 0.031667
2 0.668333 0.433333 0.022500 0.023333
2 0.716667 0.425000 0.009167 0.031667
2 0.790833 0.686667 0.021667 0.090000
3 0.305000 0.661667 0.007500 0.018333
2 0.748333 0.603333 0.029167 0.038333
3 0.280833 0.431667 0.010833 0.013333
3 0.649167 0.716667 0.009167 0.016667
2 0.695000 0.998333 0.058333 0.001667
2 0.547500 0.385000 0.048333 0.025000
3 0.709167 0.375000 0.008333 0.016667
2 0.290833 0.305000 0.010833 0.091667
3 0.812500 0.626667 0.010833 0.013333
2 0.682500 0.575000 0.020833 0.080000
3 0.555833 0.661667 0.015833 0.051667
2 0.254167 0.265000 0.010833 0.091667
3 0.645833 0.391667 0.009167 0.018333
2 0.688333 0.621667 0.020833 0.028333
3 0.485833 0.263333 0.011667 0.030000
3 0.649167 0.443333 0.010000 0.020000
3 0.225833 0.736667 0.008333 0.016667
2 0.378333 0.731667 0.097500 0.053333
3 0.549167 0.705000 0.010833 0.013333
2 0.811667 0.756667 0.010833 0.091667
3 0.352500 0.610000 0.007500 0.015000
2 0.305833 0.403333 0.026667 0.035000
2 0.675833 0.445000 0.011667 0.025000
3 0.574167 0.616667 0.007500 0.018333
2 0.779167 0.680000 0.017500 0.116667
2 0.784167 0.653333 0.026667 0.035000
3 0.704167 0.616667 0.006667 0.018333
3 0.219167 0.686667 0.008333 0.016667
2 0.795833 0.651667 0.011667 0.025000
2 0.630000 0.416667 0.097500 0.053333
3 0.334167 0.398333 0.007500 0.018333
3 0.705000 0.643333 0.011667 0.020000
3 0.475000 0.276667 0.014167 0.025000
2 0.542500 0.998333 0.035000 0.001667
3 0.635000 0.671667 0.013333 0.031667
2 0.721667 0.623333 0.019167 0.046667
3 0.294167 0.710000 0.017500 0.031667
3 0.403333 0.798333 0.010833 0.023333
2 0.695833 0.356667 0.011667 0.025000
2 0.620833 0.368333 0.035000 0.105000
2 0.790833 0.690000 0.020833 0.080000
3 0.664167 0.658333 0.009167 0.016667
3 0.442500 0.316667 0.010833 0.013333
2 0.643333 0.475000 0.020833 0.080000
3 0.551667 0.235000 0.008333 0.016667
3 0.625000 0.366667 0.009167 0.016667
3 0.527500 0.263333 0.007500 0.018333
3 0.624167 0.346667 0.010833 0.013333
3 0.738333 0.651667 0.007500 0.016667
3 0.710833 0.693333 0.009167 0.018333
3 0.685833 0.328333 0.007500 0.015000
3 0.600833 0.743333 0.010833 0.013333
3 0.784167 0.660000 0.009167 0.015000
2 0.685833 0.335000 0.034167 0.100000
3 0.730000 0.413333 0.006667 0.018333
3 0.316667 0.371667 0.007500 0.015000
2 0.410000 0.716667 0.020833 0.028333
3 0.290833 0.783333 0.007500 0.015000
2 0.456667 0.343333 0.034167 0.100000
3 0.243333 0.356667 0.010833 0.023333
3 0.330000 0.680000 0.007500 0.018333
2 0.348333 0.673333 0.048333 0.043333
3 0.755000 0.411667 0.010000 0.016667
2 0.261667 0.191667 0.020833 0.028333
3 0.325000 0.348333 0.015833 0.051667
3 0.560000 0.668333 0.007500 0.018333
2 0.319167 0.366667 0.020000 0.021667
2 0.735833 0.291667 0.022500 0.023333
3 0.415000 0.356667 0.017500 0.031667
2 0.720833 0.428333 0.034167 0.038333
3 0.659167 0.376667 0.014167 0.025000
3 0.760833 0.370000 0.009167 0.015000
2 0.204167 0.656667 0.097500 0.053333
3 0.511667 0.361667 0.007500 0.018333
2 0.745000 0.310000 0.097500 0.053333
2 0.601667 0.636667 0.034167 0.038333
2 0.441667 0.288333 0.034167 0.038333
2 0.296667 0.430000 0.020833 0.080000
3 0.305000 0.291667 0.007500 0.016667
2 0.718333 0.343333 0.035000 0.105000
3 0.727500 0.718333 0.011667 0.020000
2 0.233333 0.845000 0.021667 0.090000
2 0.665833 0.388333 0.030833 0.051667
2 0.569167 0.750000 0.023333 0.106667
3 0.705000 0.693333 0.011667 0.020000
2 0.428333 0.388333 0.048333 0.025000
2 0.777500 0.643333 0.011667 0.066667
3 0.761667 0.371667 0.007500 0.015000
2 0.760833 0.396667 0.021667 0.090000
3 0.730000 0.708333 0.017500 0.031667
2 0.260833 0.648333 0.023333 0.106667
3 0.650000 0.626667 0.017500 0.031667
3 0.561667 0.276667 0.008333 0.016667
2 0.681667 0.620000 0.029167 0.038333
3 0.822500 0.436667 0.008333 0.016667
2 0.654167 0.650000 0.029167 0.038333
3 0.467500 0.725000 0.007500 0.015000
3 0.635833 0.438333 0.010000 0.020000
2 0.578333 0.631667 0.011667 0.066667
3 0.716667 0.645000 0.015833 0.051667
2 0.755000 0.351667 0.097500 0.053333
3 0.488333 0.640000 0.009167 0.015000
3 0.305833 0.391667 0.007500 0.018333
3 0.367500 0.643333 0.008333 0.016667
2 0.670833 0.660000 0.030833 0.051667
2 0.665000 0.686667 0.035000 0.105000
3 0.768333 0.646667 0.007500 0.016667
3 0.590833 0.625000 0.010000 0.016667
2 0.217500 0.333333 0.021667 0.090000
2 0.506667 0.795000 0.009167 0.031667
3 0.287500 0.826667 0.008333 0.021667
2 0.338333 0.633333 0.020000 0.021667
2 0.360000 0.336667 0.034167 0.038333
3 0.775000 0.395000 0.007500 0.015000
2 0.650000 0.378333 0.019167 0.046667
2 0.482500 0.820000 0.009167 0.031667
3 0.421667 0.785000 0.009167 0.016667
2 0.706667 0.346667 0.015833 0.068333
3 0.530000 0.291667 0.007500 0.016667
2 0.619167 0.411667 0.045833 0.021667
2 0.648333 0.363333 0.020833 0.028333
3 0.694167 0.731667 0.013333 0.015000
2 0.530833 0.346667 0.014167 0.015000
2 0.475833 0.148333 0.009167 0.040000
2 0.508333 0.323333 0.011667 0.066667
2 0.438333 0.336667 0.027500 0.016667
3 0.781667 0.418333 0.010000 0.016667
3 0.315833 0.793333 0.009167 0.023333
3 0.709167 0.706667 0.009167 0.023333
2 0.641667 0.341667 0.035000 0.105000
2 0.659167 0.390000 0.023333 0.106667
3 0.695000 0.350000 0.008333 0.016667
2 0.653333 0.353333 0.017500 0.116667
3 0.774167 0.365000 0.013333 0.031667
3 0.442500 0.803333 0.009167 0.018333
3 0.481667 0.273333 0.007500 0.015000
3 0.350833 0.740000 0.009167 0.016667
3 0.760000 0.365000 0.007500 0.015000
3 0.791667 0.420000 0.009167 0.016667
3 0.800833 0.410000 0.007500 0.015000
3 0.655000 0.673333 0.011667 0.030000
2 0.618333 0.621667 0.015833 0.068333
2 0.779167 0.611667 0.023333 0.106667
2 0.332500 0.715000 0.034167 0.038333
3 0.590000 0.741667 0.013333 0.015000
3 0.261667 0.798333 0.009167 0.018333
3 0.821667 0.368333 0.007500 0.018333
2 0.482500 0.673333 0.020833 0.080000
2 0.403333 0.680000 0.017500 0.116667
3 0.736667 0.666667 0.008333 0.021667
3 0.309167 0.301667 0.013333 0.031667
3 0.668333 0.400000 0.008333 0.016667
2 0.528333 0.271667 0.034167 0.038333
3 0.423333 0.218333 0.007500 0.018333
3 0.605833 0.381667 0.010000 0.020000
2 0.227500 0.330000 0.035000 0.105000
3 0.595000 0.333333 0.009167 0.018333
2 0.332500 0.391667 0.011667 0.025000
3 0.770000 0.615000 0.009167 0.018333
2 0.314167 0.360000 0.015833 0.068333
3 0.428333 0.650000 0.007500 0.018333
3 0.516667 0.363333 0.010000 0.016667
3 0.464167 0.375000 0.013333 0.031667
2 0.540000 0.273333 0.011667 0.025000
2 0.503333 0.370000 0.010833 0.091667
2 0.792500 0.618333 0.017500 0.116667
3 0.484167 0.718333 0.008333 0.016667
2 0.249167 0.268333 0.058333 0.076667
2 0.456667 0.260000 0.009167 0.040000
3 0.690000 0.606667 0.006667 0.018333
2 0.769167 0.330000 0.027500 0.016667
2 0.640000 0.275000 0.048333 0.025000
3 0.453333 0.298333 0.011667 0.020000
3 0.565833 0.295000 0.013333 0.015000
3 0.267500 0.725000 0.007500 0.018333
2 0.234167 0.398333 0.021667 0.090000
3 0.470833 0.371667 0.008333 0.016667
3 0.407500 0.385000 0.010833 0.013333
3 0.361667 0.610000 0.009167 0.015000
2 0.465000 0.250000 0.034167 0.100000
3 0.501667 0.395000 0.007500 0.015000
