4 0.804167 0.563333 0.071667 0.026667
4 0.904167 0.508333 0.058333 0.020000
4 0.883333 0.626667 0.050000 0.043333
4 0.894167 0.463333 0.067500 0.021667
4 0.875833 0.493333 0.097500 0.156667
4 0.787500 0.446667 0.149167 0.178333
4 0.865000 0.415000 0.092500 0.126667
4 0.889167 0.468333 0.073333 0.076667
4 0.820000 0.623333 0.080833 0.041667
4 0.834167 0.316667 0.174167 0.236667
4 0.335833 0.568333 0.098333 0.106667
4 0.185000 0.545000 0.049167 0.051667
4 0.575000 0.560000 0.158333 0.161667
4 0.124167 0.515000 0.038333 0.090000
4 0.110833 0.486667 0.072500 0.143333
4 0.075000 0.483333 0.046667 0.040000
4 0.168333 0.551667 0.122500 0.135000
4 0.575000 0.505000 0.268333 0.135000
4 0.311667 0.475000 0.060833 0.090000
4 0.489167 0.573333 0.204167 0.131667
2 0.176667 0.481667 0.020833 0.028333
2 0.048333 0.516667 0.097500 0.053333
3 0.358333 0.538333 0.008333 0.016667
2 0.210833 0.478333 0.009167 0.031667
2 0.804167 0.461667 0.034167 0.038333
2 0.234167 0.573333 0.020833 0.028333
3 0.060000 0.480000 0.017500 0.031667
2 0.442500 0.506667 0.035000 0.105000
2 0.120833 0.483333 0.010000 0.031667
2 0.421667 0.486667 0.058333 0.076667
2 0.591667 0.555000 0.011667 0.025000
3 0.689167 0.475000 0.007500 0.015000
2 0.295833 0.548333 0.048333 0.025000
2 0.306667 0.478333 0.023333 0.041667
2 0.805000 0.571667 0.029167 0.038333
2 0.424167 0.581667 0.020000 0.021667
3 0.605833 0.513333 0.006667 0.018333
3 0.390833 0.521667 0.009167 0.015000
2 0.425833 0.510000 0.011667 0.066667
3 0.820833 0.548333 0.007500 0.018333
2 0.030833 0.488333 0.062500 0.053333
2 0.095000 0.505000 0.020000 0.021667
3 0.422500 0.483333 0.008333 0.016667
3 0.234167 0.540000 0.008333 0.016667
3 0.209167 0.508333 0.009167 0.015000
3 0.740833 0.545000 0.008333 0.016667
2 0.592500 0.535000 0.058333 0.076667
3 0.707500 0.511667 0.007500 0.018333
3 0.397500 0.566667 0.007500 0.015000
3 0.725000 0.586667 0.008333 0.016667
2 0.462500 0.448333 0.019167 0.046667
2 0.272500 0.495000 0.030833 0.051667
3 0.321667 0.513333 0.008333 0.016667
2 0.051667 0.535000 0.034167 0.038333
2 0.136667 0.583333 0.020833 0.028333
3 0.655833 0.533333 0.011667 0.020000
2 0.154167 0.555000 0.010000 0.031667
3 0.101667 0.555000 0.017500 0.031667
3 0.071667 0.581667 0.007500 0.018333
2 0.662500 0.541667 0.021667 0.090000
2 0.615833 0.453333 0.035000 0.105000
2 0.166667 0.480000 0.017500 0.116667
2 0.680833 0.508333 0.023333 0.041667
3 0.799167 0.471667 0.014167 0.025000
3 0.352500 0.506667 0.017500 0.031667
2 0.365000 0.526667 0.023333 0.106667
2 0.430000 0.471667 0.023333 0.041667
2 0.679167 0.503333 0.020833 0.028333
2 0.348333 0.556667 0.010833 0.091667
2 0.548333 0.568333 0.009167 0.031667
2 0.303333 0.573333 0.048333 0.043333
2 0.781667 0.546667 0.026667 0.035000
3 0.485833 0.533333 0.007500 0.018333
2 0.502500 0.550000 0.017500 0.116667
2 0.346667 0.503333 0.045833 0.021667
3 0.476667 0.423333 0.009167 0.023333
2 0.818333 0.690000 0.021667 0.090000
2 0.370833 0.493333 0.045833 0.021667
3 0.516667 0.573333 0.009167 0.018333
3 0.826667 0.521667 0.013333 0.031667
2 0.495000 0.476667 0.023333 0.106667
2 0.480000 0.536667 0.058333 0.076667
3 0.406667 0.516667 0.010000 0.020000
2 0.053333 0.570000 0.048333 0.025000
2 0.128333 0.481667 0.035000 0.105000
2 0.536667 0.548333 0.035000 0.105000
2 0.457500 0.488333 0.048333 0.043333
2 0.417500 0.548333 0.011667 0.025000
3 0.705833 0.540000 0.008333 0.016667
3 0.628333 0.536667 0.008333 0.021667
2 0.065833 0.591667 0.022500 0.023333
2 0.768333 0.530000 0.011667 0.066667
3 0.823333 0.515000 0.008333 0.016667
3 0.680833 0.455000 0.010000 0.020000
3 0.336667 0.490000 0.007500 0.015000
2 0.360000 0.541667 0.021667 0.090000
2 0.118333 0.518333 0.011667 0.066667
3 0.036667 0.551667 0.017500 0.031667
2 0.627500 0.480000 0.010833 0.091667
3 0.192500 0.580000 0.010833 0.023333
2 0.334167 0.601667 0.013333 0.070000
3 0.287500 0.548333 0.009167 0.016667
3 0.646667 0.481667 0.010000 0.020000
2 0.770000 0.543333 0.013333 0.070000
3 0.380833 0.576667 0.006667 0.018333
3 0.457500 0.471667 0.017500 0.031667
2 0.030833 0.558333 0.014167 0.015000
2 0.045833 0.461667 0.092500 0.053333
3 0.040833 0.560000 0.015833 0.051667
3 0.062500 0.518333 0.009167 0.023333
3 0.140833 0.515000 0.010833 0.023333
2 0.634167 0.468333 0.026667 0.035000
3 0.457500 0.585000 0.009167 0.016667
2 0.748333 0.568333 0.048333 0.043333
2 0.667500 0.558333 0.019167 0.046667
2 0.715000 0.451667 0.045833 0.021667
3 0.696667 0.600000 0.009167 0.016667
2 0.726667 0.433333 0.097500 0.053333
3 0.556667 0.583333 0.009167 0.023333
3 0.235833 0.505000 0.013333 0.031667
3 0.073333 0.483333 0.008333 0.021667
2 0.821667 0.636667 0.010833 0.091667
3 0.455833 0.205000 0.009167 0.016667
3 0.766667 0.748333 0.009167 0.016667
2 0.540833 0.355000 0.034167 0.100000
3 0.524167 0.678333 0.010833 0.013333
2 0.725833 0.408333 0.026667 0.035000
2 0.798333 0.351667 0.011667 0.066667
2 0.260833 0.648333 0.022500 0.023333
3 0.425833 0.813333 0.013333 0.031667
3 0.569167 0.276667 0.011667 0.020000
3 0.654167 0.640000 0.009167 0.015000
3 0.309167 0.705000 0.009167 0.016667
3 0.332500 0.731667 0.010000 0.020000
2 0.336667 0.755000 0.019167 0.046667
2 0.341667 0.863333 0.011667 0.025000
2 0.430833 0.645000 0.029167 0.038333
3 0.510833 0.260000 0.009167 0.016667
3 0.689167 0.360000 0.011667 0.020000
2 0.504167 0.770000 0.020833 0.080000
3 0.300000 0.385000 0.009167 0.016667
2 0.726667 0.580000 0.011667 0.066667
3 0.673333 0.393333 0.007500 0.016667
3 0.361667 0.666667 0.007500 0.015000
3 0.785000 0.600000 0.010833 0.013333
3 0.333333 0.400000 0.009167 0.016667
2 0.631667 0.653333 0.019167 0.046667
3 0.268333 0.641667 0.008333 0.016667
3 0.451667 0.673333 0.007500 0.015000
2 0.469167 0.303333 0.009167 0.031667
3 0.785000 0.605000 0.010833 0.023333
2 0.693333 0.660000 0.017500 0.116667
2 0.730000 0.341667 0.011667 0.066667
3 0.730000 0.621667 0.015833 0.051667
3 0.342500 0.771667 0.007500 0.015000
3 0.348333 0.405000 0.009167 0.016667
3 0.320000 0.358333 0.008333 0.016667
2 0.726667 0.610000 0.020833 0.028333
3 0.570833 0.695000 0.008333 0.016667
2 0.345833 0.306667 0.034167 0.038333
3 0.750833 0.315000 0.009167 0.018333
2 0.617500 0.381667 0.020000 0.021667
2 0.718333 0.676667 0.034167 0.100000
3 0.528333 0.625000 0.009167 0.023333
2 0.300833 0.290000 0.009167 0.031667
2 0.691667 0.716667 0.020000 0.021667
3 0.656667 0.441667 0.017500 0.031667
2 0.655000 0.623333 0.010000 0.031667
2 0.480833 0.756667 0.030833 0.051667
2 0.320000 0.855000 0.045833 0.021667
2 0.507500 0.630000 0.027500 0.016667
3 0.559167 0.430000 0.009167 0.023333
3 0.391667 0.381667 0.011667 0.030000
3 0.360833 0.718333 0.009167 0.018333
3 0.749167 0.625000 0.008333 0.021667
3 0.527500 0.356667 0.014167 0.025000
3 0.460833 0.113333 0.007500 0.018333
3 0.745000 0.381667 0.009167 0.015000
3 0.194167 0.400000 0.007500 0.015000
2 0.567500 0.695000 0.020833 0.080000
2 0.670000 0.315000 0.017500 0.116667
3 0.601667 0.998333 0.015833 0.001667
3 0.596667 0.581667 0.011667 0.030000
3 0.242500 0.223333 0.007500 0.015000
2 0.164167 0.388333 0.017500 0.116667
3 0.282500 0.750000 0.008333 0.016667
3 0.646667 0.618333 0.007500 0.016667
3 0.279167 0.741667 0.014167 0.025000
3 0.688333 0.605000 0.009167 0.016667
3 0.586667 0.186667 0.007500 0.016667
3 0.335833 0.228333 0.007500 0.015000
3 0.677500 0.333333 0.009167 0.018333
3 0.648333 0.676667 0.010833 0.013333
3 0.475000 0.168333 0.011667 0.020000
3 0.701667 0.423333 0.014167 0.025000
2 0.782500 0.375000 0.020833 0.080000
2 0.430000 0.833333 0.013333 0.070000
3 0.225000 0.338333 0.011667 0.020000
3 0.437500 0.800000 0.015833 0.051667
3 0.329167 0.318333 0.011667 0.030000
3 0.494167 0.390000 0.007500 0.018333
2 0.580000 0.741667 0.027500 0.016667
2 0.162500 0.363333 0.035000 0.105000
2 0.708333 0.646667 0.029167 0.038333
2 0.260833 0.791667 0.011667 0.025000
2 0.798333 0.363333 0.021667 0.090000
2 0.169167 0.435000 0.020833 0.080000
2 0.546667 0.298333 0.034167 0.100000
2 0.568333 0.600000 0.019167 0.046667
3 0.530000 0.650000 0.010000 0.020000
3 0.440000 0.770000 0.013333 0.015000
3 0.453333 0.368333 0.008333 0.016667
2 0.469167 0.823333 0.023333 0.106667
3 0.830833 0.411667 0.011667 0.020000
2 0.535000 0.350000 0.017500 0.116667
2 0.681667 0.383333 0.097500 0.053333
2 0.500000 0.296667 0.020833 0.080000
2 0.685833 0.786667 0.048333 0.043333
2 0.578333 0.446667 0.022500 0.023333
3 0.291667 0.403333 0.008333 0.016667
3 0.457500 0.353333 0.006667 0.018333
2 0.534167 0.296667 0.010000 0.031667
3 0.442500 0.773333 0.008333 0.016667
3 0.625000 0.381667 0.011667 0.030000
2 0.520833 0.348333 0.014167 0.015000
2 0.385833 0.398333 0.010000 0.031667
2 0.475833 0.818333 0.023333 0.106667
3 0.495833 0.263333 0.007500 0.015000
3 0.226667 0.386667 0.008333 0.016667
3 0.325833 0.303333 0.008333 0.016667
3 0.731667 0.720000 0.008333 0.016667
3 0.420833 0.373333 0.009167 0.023333
3 0.276667 0.371667 0.010833 0.013333
3 0.373333 0.803333 0.015833 0.051667
3 0.758333 0.415000 0.008333 0.016667
2 0.327500 0.781667 0.011667 0.066667
2 0.710833 0.603333 0.045833 0.021667
2 0.300833 0.785000 0.020000 0.021667
3 0.696667 0.716667 0.009167 0.015000
3 0.307500 0.405000 0.008333 0.016667
3 0.315833 0.253333 0.009167 0.016667
3 0.685000 0.685000 0.008333 0.016667
3 0.455833 0.298333 0.006667 0.018333
2 0.768333 0.343333 0.020000 0.021667
3 0.738333 0.696667 0.008333 0.021667
2 0.255833 0.371667 0.097500 0.053333
2 0.465833 0.340000 0.009167 0.031667
2 0.337500 0.680000 0.023333 0.106667
2 0.680000 0.275000 0.048333 0.043333
3 0.705833 0.708333 0.011667 0.030000
2 0.652500 0.386667 0.015833 0.068333
3 0.605833 0.341667 0.010833 0.023333
3 0.465833 0.301667 0.015833 0.051667
3 0.266667 0.205000 0.011667 0.030000
2 0.757500 0.331667 0.010833 0.091667
2 0.601667 0.356667 0.022500 0.023333
2 0.301667 0.338333 0.020000 0.021667
2 0.735000 0.395000 0.009167 0.040000
3 0.329167 0.270000 0.013333 0.015000
3 0.666667 0.381667 0.007500 0.018333
3 0.695833 0.661667 0.017500 0.031667
3 0.540000 0.725000 0.009167 0.016667
3 0.778333 0.703333 0.009167 0.023333
2 0.332500 0.435000 0.010833 0.091667
2 0.526667 0.355000 0.020833 0.028333
2 0.311667 0.313333 0.020833 0.080000
2 0.811667 0.645000 0.013333 0.070000
2 0.761667 0.316667 0.058333 0.076667
2 0.305833 0.710000 0.010833 0.091667
3 0.707500 0.705000 0.008333 0.016667
3 0.305000 0.730000 0.015833 0.051667
2 0.509167 0.371667 0.045833 0.021667
3 0.751667 0.315000 0.007500 0.015000
3 0.605000 0.316667 0.008333 0.016667
2 0.293333 0.726667 0.009167 0.031667
3 0.733333 0.618333 0.007500 0.015000
3 0.800000 0.371667 0.007500 0.016667
2 0.348333 0.816667 0.011667 0.066667
2 0.686667 0.363333 0.097500 0.053333
3 0.754167 0.606667 0.009167 0.015000
2 0.407500 0.365000 0.009167 0.031667
2 0.605000 0.356667 0.048333 0.043333
3 0.290833 0.271667 0.007500 0.015000
2 0.683333 0.638333 0.045833 0.021667
2 0.345833 0.306667 0.034167 0.038333
3 0.448333 0.663333 0.007500 0.015000
2 0.638333 0.390000 0.010833 0.091667
2 0.331667 0.665000 0.034167 0.100000
2 0.474167 0.465000 0.030833 0.051667
2 0.281667 0.701667 0.019167 0.046667
2 0.456667 0.658333 0.020000 0.021667
2 0.295000 0.898333 0.010833 0.091667
3 0.695000 0.366667 0.013333 0.015000
3 0.364167 0.670000 0.011667 0.030000
3 0.770000 0.323333 0.011667 0.020000
2 0.470000 0.681667 0.097500 0.053333
3 0.764167 0.700000 0.009167 0.015000
3 0.523333 0.380000 0.008333 0.016667
3 0.810833 0.613333 0.007500 0.015000
2 0.388333 0.635000 0.097500 0.053333
2 0.439167 0.696667 0.058333 0.076667
2 0.810000 0.623333 0.009167 0.031667
3 0.627500 0.391667 0.008333 0.016667
3 0.605833 0.663333 0.009167 0.023333
3 0.691667 0.360000 0.006667 0.018333
3 0.785000 0.605000 0.010833 0.023333
2 0.651667 0.336667 0.029167 0.038333
2 0.309167 0.641667 0.048333 0.043333
3 0.788333 0.341667 0.013333 0.015000
2 0.460833 0.353333 0.027500 0.016667
3 0.659167 0.381667 0.014167 0.025000
2 0.506667 0.421667 0.034167 0.100000
2 0.680833 0.393333 0.020833 0.028333
2 0.739167 0.423333 0.026667 0.035000
2 0.513333 0.876667 0.020833 0.080000
2 0.636667 0.583333 0.035000 0.105000
3 0.802500 0.640000 0.015833 0.051667
2 0.506667 0.836667 0.034167 0.038333
2 0.497500 0.238333 0.009167 0.040000
3 0.422500 0.683333 0.010000 0.016667
