4 0.835000 0.540000 0.150000 0.055000
4 0.805000 0.541667 0.230000 0.185000
4 0.788333 0.533333 0.125000 0.035000
4 0.860000 0.583333 0.107500 0.195000
4 0.849167 0.485000 0.095000 0.105000
4 0.880833 0.548333 0.080000 0.081667
4 0.854167 0.461667 0.126667 0.216667
4 0.833333 0.498333 0.165000 0.258333
4 0.837500 0.511667 0.101667 0.138333
4 0.825000 0.506667 0.093333 0.056667
4 0.495000 0.483333 0.094167 0.043333
4 0.755833 0.581667 0.078333 0.216667
4 0.135833 0.541667 0.068333 0.111667
4 0.463333 0.533333 0.030000 0.036667
4 0.471667 0.461667 0.053333 0.103333
4 0.715000 0.510000 0.073333 0.065000
4 0.062500 0.515000 0.125833 0.078333
4 0.617500 0.611667 0.150000 0.145000
4 0.057500 0.570000 0.055833 0.146667
4 0.305000 0.590000 0.045833 0.081667
3 0.490000 0.548333 0.008333 0.016667
2 0.713333 0.465000 0.011667 0.025000
3 0.807500 0.593333 0.009167 0.018333
2 0.680833 0.561667 0.020833 0.028333
3 0.458333 0.435000 0.008333 0.021667
2 0.438333 0.445000 0.045833 0.021667
3 0.613333 0.491667 0.009167 0.023333
2 0.284167 0.600000 0.048333 0.025000
2 0.554167 0.508333 0.015833 0.068333
2 0.459167 0.525000 0.009167 0.040000
2 0.690000 0.516667 0.034167 0.038333
2 0.160000 0.596667 0.048333 0.043333
3 0.289167 0.503333 0.007500 0.018333
2 0.583333 0.458333 0.020000 0.021667
2 0.208333 0.501667 0.045833 0.021667
2 0.820833 0.553333 0.017500 0.116667
2 0.140000 0.485000 0.020833 0.080000
2 0.685000 0.560000 0.097500 0.053333
3 0.652500 0.556667 0.014167 0.025000
2 0.770000 0.553333 0.097500 0.053333
3 0.355000 0.583333 0.008333 0.021667
3 0.684167 0.551667 0.010000 0.020000
3 0.205833 0.585000 0.008333 0.016667
3 0.308333 0.535000 0.008333 0.021667
2 0.020000 0.530000 0.020000 0.021667
3 0.207500 0.588333 0.010000 0.020000
2 0.195833 0.551667 0.014167 0.015000
2 0.747500 0.525000 0.023333 0.106667
3 0.541667 0.476667 0.009167 0.023333
2 0.697500 0.610000 0.010833 0.091667
2 0.191667 0.496667 0.015833 0.068333
2 0.810000 0.456667 0.015833 0.068333
2 0.254167 0.528333 0.030833 0.051667
2 0.465833 0.448333 0.011667 0.066667
2 0.817500 0.466667 0.015833 0.068333
3 0.135000 0.505000 0.008333 0.016667
2 0.475000 0.493333 0.023333 0.041667
2 0.428333 0.446667 0.019167 0.046667
3 0.613333 0.603333 0.015833 0.051667
3 0.050833 0.520000 0.007500 0.018333
2 0.170833 0.615000 0.020833 0.080000
3 0.435000 0.490000 0.009167 0.016667
2 0.426667 0.601667 0.048333 0.025000
2 0.515000 0.500000 0.045833 0.021667
3 0.672500 0.468333 0.007500 0.015000
3 0.425000 0.533333 0.007500 0.015000
2 0.546667 0.483333 0.048333 0.043333
2 0.125833 0.468333 0.048333 0.043333
2 0.276667 0.496667 0.020833 0.028333
3 0.667500 0.481667 0.009167 0.015000
3 0.101667 0.576667 0.007500 0.018333
2 0.717500 0.566667 0.023333 0.106667
2 0.235833 0.476667 0.023333 0.041667
2 0.771667 0.573333 0.022500 0.023333
3 0.690833 0.578333 0.013333 0.015000
3 0.290833 0.443333 0.010833 0.013333
2 0.151667 0.438333 0.020833 0.080000
2 0.450000 0.478333 0.020000 0.021667
3 0.680000 0.560000 0.008333 0.016667
2 0.609167 0.566667 0.021667 0.090000
2 0.745000 0.551667 0.058333 0.076667
2 0.637500 0.566667 0.097500 0.053333
2 0.149167 0.450000 0.009167 0.040000
3 0.255000 0.453333 0.008333 0.016667
3 0.669167 0.490000 0.007500 0.016667
2 0.345833 0.595000 0.021667 0.090000
3 0.559167 0.568333 0.010000 0.016667
2 0.562500 0.536667 0.023333 0.106667
3 0.317500 0.496667 0.009167 0.018333
2 0.547500 0.570000 0.011667 0.066667
3 0.427500 0.508333 0.007500 0.015000
3 0.270833 0.523333 0.010833 0.013333
2 0.602500 0.406667 0.020833 0.080000
2 0.425833 0.608333 0.030833 0.051667
3 0.482500 0.470000 0.010833 0.023333
3 0.406667 0.581667 0.014167 0.025000
2 0.304167 0.508333 0.029167 0.038333
3 0.435000 0.565000 0.017500 0.031667
2 0.557500 0.598333 0.034167 0.100000
2 0.793333 0.626667 0.058333 0.076667
2 0.384167 0.516667 0.023333 0.106667
2 0.124167 0.576667 0.034167 0.100000
3 0.661667 0.468333 0.009167 0.015000
2 0.673333 0.581667 0.045833 0.021667
3 0.511667 0.478333 0.010000 0.016667
3 0.261667 0.573333 0.010000 0.020000
3 0.185000 0.546667 0.010833 0.023333
3 0.539167 0.576667 0.007500 0.015000
2 0.274167 0.556667 0.010833 0.091667
3 0.283333 0.586667 0.013333 0.031667
3 0.425833 0.583333 0.008333 0.016667
3 0.289167 0.516667 0.009167 0.023333
3 0.194167 0.551667 0.007500 0.018333
3 0.585000 0.548333 0.007500 0.015000
2 0.083333 0.458333 0.034167 0.038333
3 0.697500 0.476667 0.009167 0.016667
2 0.199167 0.435000 0.011667 0.025000
2 0.628333 0.496667 0.021667 0.090000
2 0.721667 0.518333 0.023333 0.041667
3 0.567500 0.493333 0.009167 0.016667
3 0.503333 0.448333 0.007500 0.015000
2 0.240000 0.521667 0.023333 0.041667
3 0.387500 0.391667 0.008333 0.016667
2 0.224167 0.340000 0.011667 0.025000
3 0.696667 0.620000 0.009167 0.016667
2 0.440833 0.240000 0.048333 0.043333
2 0.315833 0.651667 0.058333 0.076667
2 0.405833 0.741667 0.034167 0.100000
3 0.740000 0.398333 0.014167 0.025000
3 0.800833 0.363333 0.014167 0.025000
2 0.280000 0.775000 0.029167 0.038333
3 0.240000 0.818333 0.008333 0.016667
3 0.774167 0.423333 0.013333 0.031667
2 0.554167 0.373333 0.034167 0.038333
3 0.699167 0.663333 0.010833 0.013333
2 0.400833 0.685000 0.022500 0.023333
2 0.702500 0.595000 0.097500 0.053333
3 0.738333 0.601667 0.008333 0.016667
2 0.705833 0.691667 0.023333 0.041667
2 0.402500 0.681667 0.020000 0.021667
2 0.642500 0.345000 0.020000 0.021667
2 0.650833 0.326667 0.011667 0.025000
2 0.545000 0.361667 0.034167 0.038333
2 0.451667 0.836667 0.013333 0.070000
3 0.797500 0.376667 0.017500 0.031667
3 0.295000 0.713333 0.008333 0.016667
2 0.690000 0.575000 0.035000 0.105000
3 0.656667 0.403333 0.011667 0.030000
3 0.702500 0.395000 0.007500 0.015000
2 0.350000 0.626667 0.019167 0.046667
3 0.782500 0.450000 0.007500 0.018333
3 0.453333 0.746667 0.007500 0.018333
3 0.678333 0.348333 0.010000 0.020000
2 0.504167 0.363333 0.023333 0.041667
2 0.219167 0.316667 0.020833 0.080000
3 0.769167 0.385000 0.006667 0.018333
2 0.528333 0.633333 0.048333 0.025000
3 0.713333 0.676667 0.007500 0.018333
3 0.420000 0.375000 0.011667 0.030000
3 0.292500 0.778333 0.009167 0.016667
3 0.454167 0.831667 0.008333 0.016667
2 0.437500 0.376667 0.020833 0.080000
3 0.603333 0.728333 0.010833 0.013333
3 0.535833 0.305000 0.009167 0.018333
2 0.305000 0.270000 0.026667 0.035000
2 0.570000 0.693333 0.010000 0.031667
2 0.496667 0.325000 0.048333 0.043333
2 0.691667 0.676667 0.026667 0.035000
3 0.429167 0.751667 0.009167 0.015000
2 0.389167 0.341667 0.019167 0.046667
2 0.289167 0.771667 0.015833 0.068333
2 0.710833 0.803333 0.034167 0.100000
2 0.676667 0.286667 0.048333 0.025000
2 0.510000 0.818333 0.021667 0.090000
3 0.712500 0.686667 0.009167 0.023333
2 0.136667 0.681667 0.021667 0.090000
3 0.290000 0.826667 0.013333 0.015000
3 0.644167 0.405000 0.007500 0.018333
3 0.506667 0.326667 0.007500 0.016667
2 0.484167 0.315000 0.023333 0.106667
3 0.323333 0.761667 0.006667 0.018333
3 0.298333 0.736667 0.010000 0.016667
2 0.785833 0.678333 0.030833 0.051667
2 0.535833 0.383333 0.010000 0.031667
3 0.555000 0.703333 0.009167 0.015000
2 0.797500 0.636667 0.019167 0.046667
3 0.795833 0.400000 0.010000 0.016667
3 0.226667 0.706667 0.007500 0.018333
2 0.672500 0.438333 0.017500 0.116667
3 0.535833 0.740000 0.008333 0.021667
2 0.422500 0.740000 0.027500 0.016667
3 0.300000 0.340000 0.008333 0.016667
3 0.218333 0.671667 0.007500 0.015000
2 0.734167 0.408333 0.009167 0.031667
3 0.189167 0.398333 0.010000 0.020000
3 0.245000 0.360000 0.008333 0.021667
3 0.452500 0.745000 0.009167 0.018333
2 0.720000 0.640000 0.027500 0.016667
2 0.699167 0.651667 0.020833 0.028333
2 0.742500 0.380000 0.048333 0.043333
2 0.337500 0.671667 0.097500 0.053333
3 0.580000 0.645000 0.010000 0.020000
3 0.748333 0.703333 0.007500 0.016667
3 0.655833 0.333333 0.010833 0.013333
3 0.696667 0.716667 0.008333 0.021667
3 0.719167 0.420000 0.010000 0.016667
3 0.651667 0.653333 0.007500 0.016667
2 0.223333 0.378333 0.058333 0.076667
2 0.672500 0.665000 0.029167 0.038333
3 0.604167 0.330000 0.008333 0.016667
3 0.750000 0.655000 0.008333 0.016667
2 0.727500 0.465000 0.021667 0.090000
2 0.549167 0.826667 0.023333 0.106667
2 0.363333 0.615000 0.014167 0.015000
2 0.564167 0.180000 0.021667 0.090000
3 0.263333 0.653333 0.017500 0.031667
2 0.732500 0.620000 0.045833 0.021667
2 0.278333 0.361667 0.021667 0.090000
3 0.512500 0.198333 0.009167 0.016667
2 0.618333 0.398333 0.020000 0.021667
3 0.754167 0.315000 0.013333 0.031667
3 0.670000 0.365000 0.009167 0.023333
2 0.491667 0.340000 0.009167 0.031667
2 0.445000 0.281667 0.048333 0.025000
2 0.513333 0.818333 0.011667 0.025000
3 0.698333 0.308333 0.010000 0.020000
3 0.549167 0.710000 0.011667 0.020000
2 0.655833 0.383333 0.020833 0.080000
3 0.566667 0.746667 0.008333 0.016667
3 0.489167 0.201667 0.007500 0.015000
3 0.776667 0.735000 0.013333 0.015000
3 0.636667 0.671667 0.009167 0.016667
3 0.788333 0.735000 0.009167 0.016667
3 0.295833 0.283333 0.007500 0.015000
2 0.529167 0.630000 0.010000 0.031667
2 0.510833 0.661667 0.029167 0.038333
2 0.296667 0.378333 0.020833 0.080000
2 0.558333 0.655000 0.019167 0.046667
3 0.678333 0.341667 0.006667 0.018333
2 0.322500 0.286667 0.034167 0.038333
3 0.811667 0.623333 0.010833 0.023333
3 0.583333 0.435000 0.008333 0.016667
3 0.465000 0.845000 0.010000 0.016667
3 0.679167 0.398333 0.008333 0.016667
3 0.245833 0.700000 0.010833 0.023333
3 0.775000 0.603333 0.007500 0.015000
2 0.452500 0.790000 0.011667 0.066667
2 0.245833 0.391667 0.022500 0.023333
3 0.458333 0.280000 0.006667 0.018333
2 0.829167 0.386667 0.011667 0.066667
2 0.330000 0.261667 0.058333 0.076667
2 0.670833 0.393333 0.010833 0.091667
2 0.765000 0.350000 0.021667 0.090000
2 0.745833 0.691667 0.009167 0.040000
3 0.300833 0.300000 0.015833 0.051667
2 0.697500 0.610000 0.011667 0.066667
3 0.781667 0.691667 0.017500 0.031667
3 0.385833 0.375000 0.009167 0.016667
3 0.495833 0.720000 0.008333 0.021667
3 0.339167 0.861667 0.007500 0.018333
2 0.505833 0.343333 0.058333 0.076667
2 0.724167 0.641667 0.020000 0.021667
3 0.240833 0.371667 0.008333 0.016667
3 0.684167 0.411667 0.010000 0.016667
2 0.803333 0.355000 0.009167 0.031667
3 0.715000 0.330000 0.009167 0.016667
2 0.521667 0.613333 0.020000 0.021667
3 0.734167 0.638333 0.010833 0.013333
2 0.730833 0.358333 0.097500 0.053333
3 0.403333 0.658333 0.009167 0.015000
2 0.780833 0.645000 0.010000 0.031667
3 0.749167 0.655000 0.009167 0.016667
2 0.696667 0.651667 0.009167 0.040000
3 0.516667 0.750000 0.006667 0.018333
3 0.445833 0.375000 0.011667 0.030000
3 0.789167 0.330000 0.010000 0.020000
3 0.644167 0.633333 0.009167 0.023333
3 0.652500 0.370000 0.013333 0.015000
2 0.585000 0.398333 0.009167 0.040000
2 0.234167 0.815000 0.020000 0.021667
3 0.776667 0.345000 0.010833 0.013333
2 0.370833 0.316667 0.020000 0.021667
3 0.783333 0.610000 0.008333 0.016667
3 0.675833 0.620000 0.013333 0.015000
2 0.297500 0.743333 0.023333 0.106667
3 0.569167 0.670000 0.009167 0.018333
2 0.539167 0.651667 0.023333 0.041667
3 0.768333 0.371667 0.009167 0.015000
3 0.321667 0.648333 0.008333 0.016667
2 0.315000 0.401667 0.030833 0.051667
3 0.343333 0.868333 0.007500 0.015000
3 0.613333 0.335000 0.007500 0.016667
2 0.386667 0.343333 0.030833 0.051667
2 0.713333 0.660000 0.048333 0.025000
2 0.696667 0.378333 0.009167 0.031667
2 0.490000 0.638333 0.058333 0.076667
2 0.742500 0.305000 0.017500 0.116667
3 0.342500 0.308333 0.010000 0.016667
2 0.730833 0.405000 0.029167 0.038333
3 0.705000 0.726667 0.007500 0.015000
2 0.561667 0.441667 0.009167 0.031667
3 0.278333 0.721667 0.010833 0.023333
3 0.662500 0.718333 0.017500 0.031667
2 0.496667 0.293333 0.013333 0.070000
3 0.685000 0.348333 0.009167 0.016667
3 0.686667 0.345000 0.010000 0.016667
3 0.570833 0.720000 0.010833 0.023333
2 0.287500 0.675000 0.034167 0.100000
3 0.328333 0.341667 0.009167 0.016667
2 0.291667 0.610000 0.048333 0.025000
3 0.224167 0.348333 0.010833 0.023333
2 0.504167 0.816667 0.029167 0.038333
2 0.623333 0.398333 0.035000 0.105000
3 0.429167 0.755000 0.009167 0.016667
3 0.807500 0.728333 0.007500 0.018333
2 0.529167 0.605000 0.015833 0.068333
2 0.490833 0.391667 0.020833 0.028333
3 0.691667 0.360000 0.006667 0.018333
2 0.697500 0.736667 0.023333 0.106667
3 0.800000 0.643333 0.008333 0.016667
