4 0.862500 0.456667 0.100833 0.085000
4 0.769167 0.591667 0.192500 0.068333
4 0.793333 0.576667 0.096667 0.126667
4 0.779167 0.618333 0.130000 0.263333
4 0.828333 0.620000 0.067500 0.143333
4 0.794167 0.626667 0.124167 0.043333
4 0.811667 0.486667 0.082500 0.156667
4 0.882500 0.438333 0.070000 0.051667
4 0.864167 0.525000 0.070000 0.135000
4 0.850833 0.468333 0.066667 0.040000
4 0.353333 0.606667 0.055833 0.113333
4 0.422500 0.513333 0.066667 0.083333
4 0.500833 0.646667 0.141667 0.315000
4 0.378333 0.606667 0.055833 0.113333
4 0.724167 0.573333 0.064167 0.086667
4 0.739167 0.516667 0.090833 0.103333
4 0.687500 0.528333 0.042500 0.091667
4 0.040000 0.418333 0.080833 0.195000
4 0.668333 0.458333 0.095000 0.073333
4 0.615000 0.591667 0.038333 0.101667
3 0.240833 0.513333 0.009167 0.015000
3 0.616667 0.538333 0.010000 0.020000
3 0.696667 0.450000 0.011667 0.020000
2 0.774167 0.566667 0.030833 0.051667
3 0.451667 0.596667 0.017500 0.031667
3 0.255000 0.541667 0.007500 0.016667
2 0.803333 0.660000 0.027500 0.016667
3 0.465833 0.456667 0.015833 0.051667
2 0.172500 0.436667 0.035000 0.105000
3 0.243333 0.506667 0.008333 0.016667
2 0.353333 0.541667 0.035000 0.105000
2 0.448333 0.546667 0.035000 0.105000
2 0.589167 0.583333 0.020833 0.080000
2 0.455833 0.505000 0.023333 0.041667
3 0.362500 0.578333 0.010833 0.013333
2 0.202500 0.606667 0.022500 0.023333
3 0.062500 0.548333 0.007500 0.015000
3 0.146667 0.596667 0.007500 0.018333
3 0.216667 0.525000 0.017500 0.031667
2 0.491667 0.595000 0.020000 0.021667
2 0.478333 0.460000 0.029167 0.038333
2 0.527500 0.611667 0.010833 0.091667
2 0.615000 0.588333 0.020000 0.021667
2 0.289167 0.563333 0.097500 0.053333
3 0.046667 0.566667 0.015833 0.051667
3 0.040000 0.586667 0.017500 0.031667
2 0.451667 0.513333 0.014167 0.015000
3 0.700000 0.573333 0.008333 0.021667
2 0.369167 0.498333 0.014167 0.015000
2 0.268333 0.583333 0.034167 0.038333
3 0.362500 0.525000 0.007500 0.015000
3 0.361667 0.520000 0.007500 0.018333
3 0.651667 0.506667 0.010000 0.016667
2 0.285833 0.543333 0.048333 0.043333
2 0.732500 0.558333 0.010000 0.031667
2 0.664167 0.583333 0.030833 0.051667
3 0.476667 0.446667 0.008333 0.016667
3 0.396667 0.555000 0.009167 0.018333
3 0.450833 0.616667 0.007500 0.016667
3 0.123333 0.540000 0.010833 0.023333
2 0.778333 0.551667 0.023333 0.041667
3 0.715833 0.533333 0.015833 0.051667
3 0.144167 0.525000 0.009167 0.016667
2 0.456667 0.520000 0.034167 0.038333
3 0.058333 0.503333 0.007500 0.015000
3 0.202500 0.481667 0.014167 0.025000
3 0.633333 0.501667 0.009167 0.023333
3 0.484167 0.475000 0.006667 0.018333
3 0.500833 0.543333 0.009167 0.016667
2 0.761667 0.533333 0.034167 0.100000
3 0.384167 0.478333 0.009167 0.023333
3 0.596667 0.598333 0.008333 0.016667
3 0.079167 0.486667 0.010000 0.020000
2 0.545000 0.518333 0.027500 0.016667
3 0.595833 0.606667 0.007500 0.018333
2 0.685000 0.508333 0.009167 0.040000
3 0.679167 0.483333 0.013333 0.015000
3 0.061667 0.466667 0.008333 0.016667
2 0.090000 0.485000 0.009167 0.031667
2 0.478333 0.535000 0.014167 0.015000
2 0.801667 0.691667 0.034167 0.100000
3 0.464167 0.585000 0.013333 0.015000
2 0.025833 0.493333 0.051667 0.053333
3 0.405833 0.500000 0.010833 0.013333
2 0.011667 0.510000 0.019167 0.046667
3 0.672500 0.556667 0.007500 0.015000
3 0.483333 0.501667 0.008333 0.016667
2 0.353333 0.505000 0.048333 0.043333
2 0.180000 0.538333 0.020000 0.021667
2 0.172500 0.620000 0.010833 0.091667
3 0.712500 0.500000 0.010833 0.013333
3 0.068333 0.550000 0.009167 0.016667
3 0.100000 0.533333 0.008333 0.016667
2 0.480833 0.490000 0.022500 0.023333
2 0.014167 0.573333 0.010833 0.091667
3 0.750833 0.470000 0.010833 0.013333
3 0.167500 0.521667 0.010833 0.013333
2 0.161667 0.596667 0.020000 0.021667
3 0.292500 0.508333 0.007500 0.018333
3 0.409167 0.505000 0.010000 0.020000
3 0.603333 0.536667 0.008333 0.016667
3 0.335833 0.515000 0.015833 0.051667
2 0.507500 0.520000 0.023333 0.106667
2 0.337500 0.600000 0.010833 0.091667
3 0.186667 0.483333 0.017500 0.031667
2 0.041667 0.500000 0.019167 0.046667
3 0.815833 0.515000 0.010833 0.023333
2 0.740833 0.526667 0.020833 0.028333
3 0.063333 0.493333 0.009167 0.018333
2 0.155000 0.511667 0.030833 0.051667
2 0.131667 0.506667 0.048333 0.025000
2 0.442500 0.483333 0.027500 0.016667
3 0.170833 0.465000 0.009167 0.016667
2 0.349167 0.563333 0.023333 0.106667
2 0.679167 0.598333 0.023333 0.106667
2 0.541667 0.545000 0.097500 0.053333
2 0.783333 0.605000 0.048333 0.025000
3 0.466667 0.526667 0.010000 0.016667
2 0.175833 0.476667 0.023333 0.041667
2 0.489167 0.518333 0.010000 0.031667
3 0.020000 0.555000 0.010833 0.013333
3 0.054167 0.550000 0.008333 0.016667
2 0.480000 0.216667 0.013333 0.070000
3 0.473333 0.826667 0.011667 0.020000
2 0.476667 0.786667 0.020833 0.080000
3 0.339167 0.225000 0.007500 0.018333
2 0.601667 0.636667 0.034167 0.038333
3 0.484167 0.313333 0.014167 0.025000
2 0.471667 0.346667 0.009167 0.031667
2 0.443333 0.391667 0.009167 0.031667
2 0.732500 0.616667 0.010000 0.031667
2 0.772500 0.381667 0.010833 0.091667
2 0.727500 0.610000 0.048333 0.043333
2 0.538333 0.230000 0.020833 0.028333
3 0.777500 0.696667 0.010833 0.013333
3 0.753333 0.706667 0.009167 0.018333
3 0.497500 0.303333 0.011667 0.020000
3 0.330000 0.276667 0.011667 0.030000
2 0.412500 0.351667 0.058333 0.076667
2 0.700833 0.283333 0.009167 0.031667
2 0.321667 0.325000 0.009167 0.040000
2 0.788333 0.621667 0.048333 0.025000
2 0.545833 0.675000 0.058333 0.076667
2 0.311667 0.290000 0.030833 0.051667
2 0.707500 0.676667 0.011667 0.025000
2 0.781667 0.395000 0.045833 0.021667
3 0.660833 0.395000 0.009167 0.016667
3 0.728333 0.621667 0.006667 0.018333
3 0.687500 0.383333 0.009167 0.015000
2 0.691667 0.626667 0.010000 0.031667
2 0.324167 0.701667 0.011667 0.025000
2 0.679167 0.656667 0.015833 0.068333
3 0.638333 0.413333 0.009167 0.016667
3 0.565833 0.690000 0.009167 0.016667
2 0.747500 0.366667 0.027500 0.016667
2 0.575000 0.206667 0.030833 0.051667
2 0.224167 0.746667 0.048333 0.025000
3 0.770833 0.611667 0.015833 0.051667
3 0.738333 0.693333 0.008333 0.016667
2 0.515000 0.826667 0.010833 0.091667
3 0.220000 0.313333 0.015833 0.051667
2 0.655833 0.380000 0.020833 0.028333
2 0.454167 0.690000 0.020000 0.021667
2 0.523333 0.403333 0.017500 0.116667
2 0.685000 0.708333 0.020833 0.080000
2 0.752500 0.680000 0.035000 0.105000
2 0.694167 0.666667 0.097500 0.053333
3 0.361667 0.666667 0.007500 0.015000
3 0.550833 0.708333 0.008333 0.016667
2 0.226667 0.588333 0.017500 0.116667
3 0.697500 0.346667 0.009167 0.015000
2 0.673333 0.631667 0.022500 0.023333
2 0.665833 0.356667 0.034167 0.038333
3 0.776667 0.606667 0.009167 0.023333
3 0.770833 0.615000 0.007500 0.015000
2 0.655833 0.406667 0.023333 0.041667
3 0.342500 0.840000 0.008333 0.016667
2 0.740833 0.608333 0.035000 0.105000
2 0.348333 0.381667 0.017500 0.116667
3 0.675000 0.676667 0.007500 0.018333
2 0.441667 0.810000 0.010000 0.031667
2 0.710833 0.343333 0.010000 0.031667
3 0.724167 0.795000 0.010833 0.023333
3 0.292500 0.778333 0.009167 0.016667
2 0.301667 0.603333 0.027500 0.016667
3 0.476667 0.646667 0.015833 0.051667
3 0.428333 0.380000 0.007500 0.016667
3 0.340000 0.713333 0.007500 0.016667
2 0.400833 0.691667 0.022500 0.023333
3 0.595833 0.333333 0.008333 0.016667
3 0.765833 0.613333 0.008333 0.016667
2 0.273333 0.661667 0.023333 0.106667
2 0.617500 0.613333 0.045833 0.021667
3 0.726667 0.436667 0.007500 0.018333
3 0.770833 0.596667 0.010833 0.023333
2 0.497500 0.338333 0.030833 0.051667
3 0.772500 0.360000 0.008333 0.016667
2 0.385000 0.436667 0.010833 0.091667
3 0.739167 0.420000 0.008333 0.021667
2 0.610833 0.636667 0.048333 0.043333
2 0.250833 0.401667 0.009167 0.031667
2 0.190833 0.400000 0.014167 0.015000
2 0.299167 0.695000 0.029167 0.038333
2 0.726667 0.696667 0.022500 0.023333
2 0.370000 0.693333 0.029167 0.038333
2 0.336667 0.675000 0.022500 0.023333
2 0.410000 0.686667 0.023333 0.106667
2 0.746667 0.683333 0.011667 0.066667
2 0.645000 0.330000 0.027500 0.016667
2 0.313333 0.408333 0.017500 0.116667
2 0.494167 0.266667 0.027500 0.016667
3 0.315000 0.456667 0.007500 0.015000
2 0.290833 0.645000 0.027500 0.016667
3 0.797500 0.633333 0.011667 0.020000
2 0.635833 0.435000 0.022500 0.023333
2 0.299167 0.795000 0.022500 0.023333
3 0.726667 0.615000 0.007500 0.018333
2 0.743333 0.610000 0.014167 0.015000
2 0.333333 0.738333 0.009167 0.040000
3 0.715833 0.361667 0.014167 0.025000
3 0.260833 0.730000 0.009167 0.016667
3 0.718333 0.656667 0.009167 0.016667
3 0.290000 0.355000 0.007500 0.018333
2 0.532500 0.275000 0.022500 0.023333
3 0.687500 0.283333 0.010833 0.023333
3 0.728333 0.681667 0.008333 0.016667
2 0.232500 0.401667 0.034167 0.100000
2 0.655833 0.618333 0.035000 0.105000
3 0.686667 0.661667 0.008333 0.016667
3 0.337500 0.731667 0.011667 0.020000
3 0.713333 0.680000 0.008333 0.021667
2 0.363333 0.770000 0.026667 0.035000
2 0.829167 0.395000 0.009167 0.040000
2 0.279167 0.133333 0.023333 0.106667
2 0.728333 0.371667 0.011667 0.025000
2 0.659167 0.428333 0.048333 0.043333
3 0.818333 0.415000 0.007500 0.018333
2 0.684167 0.606667 0.011667 0.066667
2 0.300000 0.390000 0.020000 0.021667
3 0.679167 0.398333 0.007500 0.015000
3 0.368333 0.431667 0.007500 0.018333
3 0.825833 0.411667 0.017500 0.031667
3 0.538333 0.311667 0.010833 0.013333
2 0.471667 0.638333 0.029167 0.038333
3 0.812500 0.421667 0.009167 0.016667
3 0.697500 0.718333 0.007500 0.016667
3 0.623333 0.340000 0.009167 0.015000
3 0.705000 0.673333 0.006667 0.018333
3 0.797500 0.718333 0.007500 0.018333
3 0.447500 0.681667 0.011667 0.030000
3 0.542500 0.695000 0.008333 0.016667
3 0.757500 0.716667 0.008333 0.016667
3 0.802500 0.371667 0.007500 0.015000
2 0.278333 0.308333 0.034167 0.100000
3 0.729167 0.413333 0.008333 0.016667
2 0.522500 0.398333 0.058333 0.076667
2 0.672500 0.406667 0.048333 0.043333
3 0.152500 0.673333 0.007500 0.018333
3 0.260833 0.731667 0.009167 0.023333
2 0.670000 0.445000 0.030833 0.051667
2 0.743333 0.405000 0.048333 0.025000
2 0.243333 0.628333 0.058333 0.076667
2 0.560000 0.788333 0.026667 0.035000
2 0.745000 0.658333 0.026667 0.035000
3 0.313333 0.401667 0.007500 0.018333
2 0.400000 0.660000 0.010000 0.031667
2 0.666667 0.705000 0.048333 0.043333
3 0.705000 0.705000 0.013333 0.031667
2 0.453333 0.400000 0.034167 0.100000
3 0.745000 0.785000 0.011667 0.030000
3 0.736667 0.655000 0.008333 0.016667
3 0.705833 0.353333 0.009167 0.015000
3 0.762500 0.391667 0.013333 0.015000
2 0.398333 0.358333 0.015833 0.068333
2 0.442500 0.713333 0.035000 0.105000
2 0.470000 0.833333 0.021667 0.090000
2 0.645833 0.413333 0.048333 0.043333
3 0.707500 0.326667 0.008333 0.021667
3 0.674167 0.675000 0.010000 0.020000
3 0.633333 0.390000 0.007500 0.015000
3 0.467500 0.260000 0.007500 0.015000
3 0.519167 0.388333 0.015833 0.051667
3 0.408333 0.386667 0.009167 0.015000
3 0.307500 0.726667 0.008333 0.016667
2 0.515833 0.695000 0.048333 0.025000
2 0.670833 0.378333 0.029167 0.038333
2 0.320000 0.710000 0.015833 0.068333
2 0.471667 0.236667 0.034167 0.100000
2 0.714167 0.376667 0.030833 0.051667
2 0.263333 0.273333 0.097500 0.053333
2 0.316667 0.723333 0.009167 0.031667
3 0.355000 0.605000 0.014167 0.025000
2 0.282500 0.705000 0.058333 0.076667
2 0.643333 0.695000 0.034167 0.100000
3 0.525833 0.758333 0.006667 0.018333
3 0.322500 0.343333 0.008333 0.016667
2 0.294167 0.288333 0.023333 0.041667
2 0.670000 0.631667 0.009167 0.040000
2 0.285833 0.336667 0.015833 0.068333
2 0.701667 0.436667 0.021667 0.090000
3 0.575833 0.315000 0.008333 0.021667
3 0.192500 0.393333 0.010833 0.023333
2 0.430833 0.791667 0.030833 0.051667
2 0.544167 0.765000 0.022500 0.023333
3 0.786667 0.416667 0.008333 0.016667
2 0.743333 0.410000 0.017500 0.116667
3 0.662500 0.418333 0.008333 0.021667
2 0.702500 0.443333 0.010833 0.091667
3 0.756667 0.406667 0.013333 0.015000
2 0.530833 0.440000 0.010833 0.091667
3 0.785833 0.598333 0.007500 0.015000
2 0.815000 0.435000 0.030833 0.051667
3 0.563333 0.671667 0.009167 0.016667
3 0.776667 0.415000 0.007500 0.015000
2 0.466667 0.271667 0.021667 0.090000
2 0.527500 0.380000 0.020833 0.080000
3 0.194167 0.390000 0.007500 0.015000
3 0.275000 0.740000 0.007500 0.018333
2 0.579167 0.448333 0.020833 0.080000
2 0.701667 0.400000 0.020833 0.028333
