4 0.851667 0.478333 0.060000 0.025000
4 0.850000 0.631667 0.125000 0.070000
4 0.827500 0.393333 0.105000 0.168333
4 0.765833 0.338333 0.191667 0.276667
4 0.797500 0.506667 0.118333 0.143333
4 0.840000 0.435000 0.177500 0.145000
4 0.838333 0.518333 0.078333 0.058333
4 0.835833 0.345000 0.089167 0.135000
4 0.808333 0.586667 0.067500 0.131667
4 0.838333 0.596667 0.046667 0.088333
4 0.090833 0.510000 0.065000 0.030000
4 0.560000 0.566667 0.198333 0.076667
4 0.480833 0.525000 0.051667 0.031667
4 0.261667 0.600000 0.057500 0.075000
4 0.422500 0.573333 0.128333 0.041667
4 0.532500 0.581667 0.067500 0.061667
4 0.550833 0.510000 0.124167 0.140000
4 0.534167 0.540000 0.072500 0.121667
4 0.430000 0.635000 0.129167 0.126667
4 0.775000 0.506667 0.056667 0.061667
3 0.755000 0.488333 0.008333 0.016667
3 0.292500 0.500000 0.008333 0.016667
2 0.120000 0.488333 0.027500 0.016667
3 0.408333 0.588333 0.013333 0.015000
3 0.549167 0.485000 0.010833 0.023333
2 0.399167 0.505000 0.020833 0.080000
2 0.112500 0.535000 0.013333 0.070000
2 0.722500 0.471667 0.048333 0.043333
2 0.670833 0.471667 0.022500 0.023333
2 0.457500 0.598333 0.026667 0.035000
3 0.475833 0.498333 0.007500 0.015000
2 0.303333 0.485000 0.011667 0.066667
2 0.329167 0.451667 0.009167 0.040000
2 0.430833 0.506667 0.030833 0.051667
2 0.778333 0.510000 0.035000 0.105000
3 0.500833 0.570000 0.008333 0.016667
3 0.297500 0.598333 0.009167 0.018333
2 0.486667 0.555000 0.048333 0.025000
2 0.187500 0.473333 0.013333 0.070000
3 0.683333 0.503333 0.008333 0.016667
3 0.404167 0.498333 0.007500 0.018333
3 0.146667 0.608333 0.008333 0.021667
2 0.696667 0.490000 0.014167 0.015000
3 0.435833 0.575000 0.014167 0.025000
2 0.291667 0.518333 0.009167 0.031667
3 0.737500 0.546667 0.011667 0.020000
2 0.407500 0.536667 0.013333 0.070000
3 0.506667 0.511667 0.009167 0.023333
2 0.590000 0.568333 0.034167 0.100000
2 0.561667 0.603333 0.021667 0.090000
3 0.534167 0.495000 0.010833 0.023333
2 0.783333 0.516667 0.017500 0.116667
3 0.416667 0.525000 0.008333 0.021667
3 0.594167 0.493333 0.010000 0.016667
2 0.565833 0.500000 0.026667 0.035000
3 0.047500 0.573333 0.007500 0.018333
3 0.289167 0.506667 0.009167 0.023333
3 0.399167 0.525000 0.008333 0.016667
3 0.187500 0.465000 0.007500 0.015000
3 0.582500 0.535000 0.014167 0.025000
2 0.718333 0.456667 0.020833 0.028333
2 0.095833 0.535000 0.019167 0.046667
3 0.290833 0.535000 0.009167 0.023333
3 0.672500 0.488333 0.007500 0.018333
3 0.149167 0.508333 0.008333 0.016667
2 0.457500 0.408333 0.020833 0.080000
3 0.822500 0.585000 0.014167 0.025000
2 0.455833 0.465000 0.020833 0.080000
2 0.385000 0.603333 0.020833 0.080000
3 0.372500 0.578333 0.011667 0.020000
2 0.338333 0.473333 0.022500 0.023333
3 0.695833 0.461667 0.010833 0.023333
3 0.739167 0.566667 0.009167 0.016667
2 0.196667 0.533333 0.023333 0.041667
2 0.493333 0.461667 0.017500 0.116667
3 0.545833 0.598333 0.007500 0.015000
2 0.123333 0.510000 0.019167 0.046667
2 0.332500 0.618333 0.023333 0.106667
2 0.644167 0.453333 0.020833 0.080000
3 0.075833 0.513333 0.009167 0.018333
2 0.656667 0.486667 0.020833 0.080000
2 0.650000 0.548333 0.022500 0.023333
3 0.693333 0.590000 0.008333 0.016667
3 0.031667 0.540000 0.007500 0.018333
2 0.754167 0.506667 0.011667 0.025000
3 0.758333 0.496667 0.009167 0.016667
3 0.623333 0.585000 0.008333 0.021667
2 0.146667 0.536667 0.020833 0.080000
3 0.599167 0.566667 0.007500 0.015000
2 0.720000 0.480000 0.015833 0.068333
2 0.173333 0.503333 0.027500 0.016667
3 0.397500 0.531667 0.008333 0.016667
2 0.151667 0.568333 0.020833 0.080000
3 0.235000 0.448333 0.007500 0.015000
3 0.265000 0.461667 0.007500 0.015000
3 0.189167 0.480000 0.017500 0.031667
3 0.440000 0.471667 0.014167 0.025000
3 0.451667 0.598333 0.010000 0.016667
2 0.394167 0.513333 0.045833 0.021667
2 0.478333 0.546667 0.034167 0.100000
2 0.787500 0.516667 0.020833 0.080000
2 0.170000 0.578333 0.014167 0.015000
3 0.821667 0.498333 0.010833 0.023333
2 0.190833 0.601667 0.023333 0.106667
3 0.822500 0.655000 0.007500 0.015000
2 0.649167 0.533333 0.021667 0.090000
2 0.159167 0.510000 0.034167 0.038333
2 0.429167 0.496667 0.011667 0.025000
2 0.325000 0.453333 0.011667 0.025000
2 0.075833 0.586667 0.026667 0.035000
3 0.738333 0.580000 0.017500 0.031667
2 0.441667 0.466667 0.045833 0.021667
2 0.415833 0.560000 0.029167 0.038333
2 0.266667 0.523333 0.034167 0.038333
3 0.110833 0.533333 0.009167 0.018333
3 0.695833 0.503333 0.008333 0.021667
3 0.475833 0.596667 0.014167 0.025000
2 0.339167 0.518333 0.035000 0.105000
2 0.535000 0.506667 0.010000 0.031667
2 0.316667 0.595000 0.023333 0.106667
2 0.334167 0.481667 0.026667 0.035000
2 0.254167 0.581667 0.034167 0.100000
2 0.625833 0.646667 0.030833 0.051667
2 0.611667 0.378333 0.048333 0.043333
2 0.521667 0.255000 0.048333 0.025000
2 0.524167 0.998333 0.023333 0.001667
3 0.559167 0.670000 0.009167 0.023333
3 0.240000 0.763333 0.008333 0.016667
3 0.544167 0.210000 0.007500 0.018333
2 0.684167 0.678333 0.035000 0.105000
2 0.307500 0.361667 0.030833 0.051667
2 0.437500 0.290000 0.020833 0.080000
3 0.590000 0.630000 0.011667 0.030000
3 0.234167 0.801667 0.006667 0.018333
2 0.790833 0.416667 0.030833 0.051667
2 0.237500 0.745000 0.097500 0.053333
3 0.643333 0.381667 0.013333 0.015000
2 0.743333 0.410000 0.045833 0.021667
3 0.342500 0.750000 0.011667 0.020000
2 0.638333 0.360000 0.015833 0.068333
3 0.666667 0.443333 0.009167 0.016667
2 0.694167 0.415000 0.029167 0.038333
2 0.460000 0.843333 0.020000 0.021667
2 0.678333 0.596667 0.029167 0.038333
2 0.294167 0.255000 0.048333 0.043333
3 0.632500 0.395000 0.009167 0.023333
2 0.240833 0.881667 0.013333 0.070000
3 0.765000 0.711667 0.007500 0.015000
2 0.730833 0.660000 0.009167 0.031667
2 0.310833 0.626667 0.015833 0.068333
3 0.640000 0.436667 0.009167 0.023333
3 0.725833 0.430000 0.009167 0.023333
3 0.713333 0.416667 0.010000 0.016667
3 0.537500 0.711667 0.017500 0.031667
3 0.775000 0.400000 0.008333 0.021667
2 0.360833 0.728333 0.009167 0.031667
3 0.670000 0.633333 0.011667 0.030000
2 0.651667 0.618333 0.035000 0.105000
2 0.237500 0.731667 0.021667 0.090000
2 0.240000 0.380000 0.009167 0.031667
3 0.425000 0.816667 0.006667 0.018333
3 0.755000 0.713333 0.013333 0.015000
2 0.703333 0.253333 0.030833 0.051667
3 0.454167 0.723333 0.007500 0.018333
3 0.487500 0.680000 0.008333 0.016667
3 0.690000 0.386667 0.010000 0.016667
3 0.726667 0.403333 0.007500 0.015000
2 0.476667 0.650000 0.026667 0.035000
2 0.667500 0.380000 0.009167 0.040000
2 0.250833 0.648333 0.048333 0.043333
2 0.493333 0.386667 0.010000 0.031667
2 0.685833 0.651667 0.019167 0.046667
2 0.145833 0.665000 0.020833 0.028333
3 0.279167 0.670000 0.010000 0.016667
2 0.329167 0.646667 0.017500 0.116667
2 0.349167 0.356667 0.035000 0.105000
2 0.350833 0.655000 0.020000 0.021667
3 0.564167 0.443333 0.009167 0.016667
3 0.390833 0.771667 0.010833 0.023333
3 0.510000 0.280000 0.009167 0.023333
2 0.443333 0.778333 0.023333 0.041667
2 0.750833 0.316667 0.029167 0.038333
3 0.809167 0.643333 0.008333 0.016667
2 0.689167 0.636667 0.034167 0.038333
2 0.662500 0.280000 0.023333 0.106667
3 0.275833 0.825000 0.008333 0.021667
2 0.535833 0.738333 0.020833 0.080000
2 0.371667 0.775000 0.020833 0.080000
2 0.344167 0.653333 0.009167 0.040000
3 0.330000 0.678333 0.007500 0.018333
3 0.415000 0.726667 0.010833 0.023333
2 0.711667 0.378333 0.048333 0.043333
3 0.318333 0.341667 0.010000 0.016667
2 0.634167 0.436667 0.026667 0.035000
3 0.689167 0.281667 0.008333 0.016667
2 0.757500 0.355000 0.015833 0.068333
3 0.443333 0.720000 0.010000 0.020000
3 0.291667 0.291667 0.013333 0.031667
3 0.746667 0.700000 0.009167 0.016667
3 0.355833 0.366667 0.007500 0.018333
2 0.185000 0.680000 0.020833 0.080000
3 0.287500 0.355000 0.013333 0.031667
3 0.825833 0.416667 0.009167 0.016667
2 0.474167 0.726667 0.015833 0.068333
2 0.450833 0.370000 0.023333 0.106667
3 0.368333 0.678333 0.007500 0.016667
3 0.290000 0.711667 0.008333 0.016667
2 0.567500 0.586667 0.020833 0.080000
3 0.303333 0.400000 0.007500 0.018333
3 0.460833 0.113333 0.007500 0.018333
3 0.661667 0.385000 0.009167 0.016667
3 0.395000 0.381667 0.009167 0.018333
2 0.612500 0.430000 0.048333 0.043333
3 0.557500 0.670000 0.007500 0.018333
2 0.587500 0.608333 0.015833 0.068333
3 0.694167 0.691667 0.006667 0.018333
3 0.447500 0.763333 0.014167 0.025000
2 0.415833 0.373333 0.048333 0.043333
2 0.215000 0.796667 0.058333 0.076667
3 0.631667 0.435000 0.010000 0.016667
2 0.277500 0.855000 0.045833 0.021667
3 0.486667 0.375000 0.007500 0.015000
3 0.720000 0.626667 0.007500 0.018333
3 0.301667 0.403333 0.011667 0.030000
2 0.515833 0.388333 0.023333 0.106667
3 0.361667 0.668333 0.008333 0.016667
2 0.616667 0.408333 0.023333 0.106667
3 0.745833 0.705000 0.010000 0.020000
3 0.434167 0.760000 0.008333 0.016667
2 0.641667 0.351667 0.017500 0.116667
3 0.483333 0.720000 0.009167 0.016667
3 0.465833 0.138333 0.009167 0.018333
3 0.300833 0.388333 0.008333 0.021667
2 0.459167 0.376667 0.030833 0.051667
3 0.498333 0.256667 0.008333 0.016667
2 0.635833 0.410000 0.014167 0.015000
2 0.266667 0.180000 0.011667 0.066667
3 0.709167 0.703333 0.010000 0.020000
2 0.246667 0.795000 0.020833 0.080000
2 0.662500 0.650000 0.020833 0.028333
3 0.715833 0.368333 0.007500 0.015000
3 0.244167 0.745000 0.008333 0.016667
2 0.549167 0.675000 0.011667 0.025000
2 0.675000 0.435000 0.009167 0.031667
3 0.312500 0.261667 0.011667 0.020000
2 0.517500 0.871667 0.013333 0.070000
3 0.702500 0.640000 0.009167 0.023333
2 0.656667 0.616667 0.058333 0.076667
3 0.358333 0.611667 0.008333 0.016667
2 0.500833 0.656667 0.045833 0.021667
2 0.701667 0.428333 0.014167 0.015000
2 0.724167 0.773333 0.011667 0.066667
3 0.443333 0.318333 0.009167 0.015000
3 0.288333 0.325000 0.008333 0.021667
3 0.221667 0.341667 0.017500 0.031667
3 0.689167 0.350000 0.015833 0.051667
3 0.812500 0.631667 0.010833 0.023333
2 0.400000 0.663333 0.009167 0.031667
3 0.692500 0.773333 0.017500 0.031667
2 0.617500 0.311667 0.020833 0.080000
2 0.791667 0.448333 0.034167 0.100000
3 0.288333 0.410000 0.007500 0.015000
3 0.665833 0.361667 0.007500 0.015000
2 0.680833 0.346667 0.035000 0.105000
2 0.543333 0.365000 0.045833 0.021667
2 0.685833 0.680000 0.034167 0.038333
3 0.778333 0.345000 0.013333 0.015000
3 0.706667 0.603333 0.011667 0.020000
3 0.704167 0.421667 0.009167 0.015000
3 0.642500 0.713333 0.010833 0.023333
2 0.706667 0.635000 0.029167 0.038333
2 0.322500 0.256667 0.048333 0.043333
3 0.680833 0.445000 0.008333 0.016667
2 0.295833 0.748333 0.034167 0.100000
3 0.702500 0.398333 0.008333 0.016667
3 0.293333 0.281667 0.013333 0.015000
3 0.449167 0.351667 0.010000 0.016667
3 0.484167 0.276667 0.014167 0.025000
2 0.679167 0.368333 0.020833 0.028333
3 0.746667 0.700000 0.010833 0.013333
2 0.416667 0.695000 0.048333 0.025000
3 0.310833 0.371667 0.013333 0.015000
2 0.547500 0.706667 0.014167 0.015000
2 0.699167 0.646667 0.011667 0.066667
2 0.477500 0.796667 0.030833 0.051667
2 0.532500 0.603333 0.009167 0.040000
2 0.751667 0.620000 0.023333 0.106667
2 0.802500 0.723333 0.017500 0.116667
2 0.365000 0.703333 0.035000 0.105000
3 0.557500 0.436667 0.017500 0.031667
2 0.390000 0.696667 0.021667 0.090000
3 0.230000 0.793333 0.014167 0.025000
2 0.251667 0.790000 0.029167 0.038333
3 0.829167 0.415000 0.009167 0.016667
2 0.674167 0.461667 0.010833 0.091667
3 0.678333 0.353333 0.009167 0.015000
3 0.322500 0.690000 0.013333 0.031667
3 0.797500 0.401667 0.017500 0.031667
3 0.411667 0.778333 0.013333 0.015000
2 0.483333 0.808333 0.009167 0.040000
2 0.681667 0.268333 0.048333 0.043333
3 0.438333 0.846667 0.008333 0.016667
3 0.457500 0.690000 0.013333 0.015000
2 0.422500 0.761667 0.009167 0.031667
2 0.212500 0.656667 0.020833 0.080000
2 0.704167 0.738333 0.009167 0.031667
3 0.317500 0.763333 0.010000 0.020000
3 0.510000 0.706667 0.017500 0.031667
3 0.523333 0.623333 0.015833 0.051667
2 0.741667 0.366667 0.015833 0.068333
2 0.305833 0.416667 0.020833 0.080000
2 0.548333 0.418333 0.027500 0.016667
2 0.711667 0.603333 0.017500 0.116667
2 0.243333 0.753333 0.009167 0.031667
2 0.681667 0.718333 0.009167 0.031667
3 0.647500 0.441667 0.013333 0.015000
2 0.437500 0.748333 0.021667 0.090000
3 0.329167 0.408333 0.013333 0.031667
2 0.780000 0.741667 0.030833 0.051667
3 0.454167 0.755000 0.010833 0.023333
