4 0.718333 0.446667 0.282500 0.091667
4 0.784167 0.468333 0.173333 0.080000
4 0.850000 0.445000 0.033333 0.075000
4 0.875833 0.471667 0.039167 0.073333
4 0.805000 0.635000 0.070000 0.056667
4 0.885000 0.578333 0.054167 0.065000
4 0.896667 0.641667 0.063333 0.171667
4 0.856667 0.440000 0.095833 0.053333
4 0.877500 0.616667 0.111667 0.210000
4 0.807500 0.573333 0.125000 0.048333
4 0.089167 0.625000 0.178333 0.175000
4 0.509167 0.618333 0.162500 0.253333
4 0.638333 0.441667 0.155833 0.241667
4 0.434167 0.540000 0.245000 0.051667
4 0.709167 0.458333 0.070000 0.068333
4 0.812500 0.510000 0.028333 0.046667
4 0.080833 0.536667 0.043333 0.018333
4 0.249167 0.651667 0.102500 0.235000
4 0.391667 0.516667 0.032500 0.015000
4 0.025833 0.533333 0.052500 0.098333
3 0.497500 0.568333 0.007500 0.018333
2 0.249167 0.498333 0.097500 0.053333
3 0.120833 0.575000 0.010000 0.016667
3 0.150833 0.560000 0.009167 0.018333
3 0.608333 0.591667 0.017500 0.031667
3 0.318333 0.496667 0.011667 0.020000
2 0.710000 0.521667 0.020833 0.080000
2 0.747500 0.478333 0.020833 0.080000
3 0.300000 0.535000 0.009167 0.016667
2 0.503333 0.481667 0.022500 0.023333
3 0.614167 0.461667 0.008333 0.016667
3 0.375000 0.538333 0.007500 0.015000
3 0.544167 0.473333 0.009167 0.016667
3 0.021667 0.496667 0.007500 0.015000
3 0.069167 0.461667 0.013333 0.015000
2 0.718333 0.598333 0.013333 0.070000
3 0.226667 0.551667 0.010000 0.020000
3 0.092500 0.570000 0.013333 0.031667
3 0.219167 0.580000 0.013333 0.031667
2 0.070833 0.520000 0.010000 0.031667
3 0.602500 0.573333 0.010000 0.016667
2 0.454167 0.528333 0.010833 0.091667
3 0.286667 0.453333 0.007500 0.015000
3 0.826667 0.518333 0.010833 0.013333
3 0.247500 0.453333 0.011667 0.020000
3 0.562500 0.586667 0.007500 0.015000
3 0.712500 0.475000 0.009167 0.016667
3 0.443333 0.503333 0.015833 0.051667
3 0.105000 0.563333 0.009167 0.016667
3 0.554167 0.513333 0.013333 0.015000
3 0.259167 0.563333 0.008333 0.016667
2 0.786667 0.558333 0.023333 0.106667
3 0.171667 0.523333 0.009167 0.016667
2 0.617500 0.558333 0.013333 0.070000
2 0.712500 0.490000 0.035000 0.105000
2 0.337500 0.481667 0.020833 0.028333
3 0.598333 0.448333 0.013333 0.015000
2 0.462500 0.471667 0.019167 0.046667
2 0.155000 0.546667 0.058333 0.076667
3 0.498333 0.426667 0.010833 0.023333
2 0.095833 0.560000 0.020000 0.021667
2 0.077500 0.521667 0.029167 0.038333
2 0.785000 0.476667 0.021667 0.090000
3 0.444167 0.491667 0.008333 0.016667
2 0.795000 0.548333 0.022500 0.023333
2 0.102500 0.478333 0.030833 0.051667
2 0.429167 0.558333 0.026667 0.035000
2 0.741667 0.428333 0.035000 0.105000
3 0.360833 0.551667 0.011667 0.020000
2 0.741667 0.505000 0.009167 0.040000
2 0.022500 0.576667 0.020833 0.080000
3 0.070000 0.496667 0.011667 0.030000
2 0.406667 0.486667 0.009167 0.040000
2 0.690833 0.475000 0.035000 0.105000
3 0.646667 0.481667 0.010833 0.023333
3 0.638333 0.535000 0.007500 0.018333
2 0.084167 0.493333 0.022500 0.023333
2 0.588333 0.528333 0.013333 0.070000
3 0.140000 0.601667 0.007500 0.016667
3 0.294167 0.521667 0.008333 0.016667
2 0.613333 0.565000 0.020000 0.021667
3 0.483333 0.468333 0.009167 0.015000
3 0.335000 0.556667 0.010000 0.020000
2 0.113333 0.508333 0.034167 0.100000
2 0.150833 0.458333 0.015833 0.068333
3 0.816667 0.548333 0.008333 0.016667
3 0.792500 0.475000 0.010000 0.020000
3 0.046667 0.501667 0.008333 0.016667
3 0.764167 0.523333 0.009167 0.015000
2 0.096667 0.578333 0.013333 0.070000
2 0.185833 0.531667 0.022500 0.023333
2 0.209167 0.518333 0.020833 0.028333
2 0.169167 0.521667 0.048333 0.025000
2 0.270833 0.535000 0.034167 0.100000
2 0.471667 0.483333 0.019167 0.046667
2 0.455000 0.520000 0.027500 0.016667
3 0.258333 0.460000 0.009167 0.016667
3 0.608333 0.460000 0.009167 0.016667
3 0.122500 0.471667 0.013333 0.031667
3 0.486667 0.486667 0.013333 0.031667
3 0.480833 0.481667 0.007500 0.016667
3 0.487500 0.455000 0.010833 0.023333
2 0.263333 0.565000 0.011667 0.025000
3 0.149167 0.570000 0.013333 0.015000
3 0.728333 0.453333 0.010833 0.013333
2 0.235000 0.553333 0.010833 0.091667
3 0.117500 0.483333 0.014167 0.025000
3 0.338333 0.450000 0.011667 0.020000
2 0.285833 0.460000 0.023333 0.041667
3 0.390000 0.476667 0.008333 0.016667
2 0.635833 0.498333 0.048333 0.043333
2 0.611667 0.468333 0.030833 0.051667
2 0.360833 0.498333 0.020833 0.080000
2 0.338333 0.601667 0.015833 0.068333
3 0.773333 0.538333 0.008333 0.016667
2 0.337500 0.586667 0.029167 0.038333
2 0.665833 0.448333 0.020833 0.080000
3 0.184167 0.556667 0.009167 0.016667
3 0.303333 0.561667 0.015833 0.051667
3 0.772500 0.516667 0.013333 0.031667
3 0.572500 0.555000 0.009167 0.018333
2 0.080000 0.473333 0.010000 0.031667
2 0.687500 0.340000 0.029167 0.038333
2 0.708333 0.676667 0.048333 0.043333
2 0.776667 0.691667 0.023333 0.106667
2 0.472500 0.666667 0.034167 0.100000
3 0.277500 0.718333 0.013333 0.015000
3 0.300000 0.383333 0.009167 0.016667
2 0.762500 0.443333 0.010833 0.091667
3 0.800000 0.408333 0.009167 0.015000
2 0.316667 0.620000 0.011667 0.066667
3 0.719167 0.418333 0.009167 0.015000
2 0.283333 0.316667 0.017500 0.116667
2 0.545000 0.691667 0.019167 0.046667
2 0.290000 0.640000 0.029167 0.038333
3 0.695833 0.608333 0.007500 0.015000
3 0.325833 0.301667 0.008333 0.016667
2 0.804167 0.368333 0.020833 0.080000
2 0.275000 0.428333 0.020833 0.028333
3 0.727500 0.448333 0.007500 0.015000
3 0.499167 0.668333 0.007500 0.016667
2 0.438333 0.753333 0.010000 0.031667
3 0.641667 0.658333 0.008333 0.016667
2 0.538333 0.365000 0.048333 0.043333
2 0.655000 0.478333 0.020833 0.080000
3 0.773333 0.315000 0.014167 0.025000
2 0.667500 0.396667 0.048333 0.043333
3 0.270833 0.716667 0.009167 0.018333
2 0.450833 0.676667 0.035000 0.105000
2 0.760833 0.421667 0.010833 0.091667
2 0.698333 0.700000 0.020833 0.080000
3 0.312500 0.720000 0.009167 0.016667
2 0.514167 0.823333 0.010000 0.031667
3 0.759167 0.345000 0.015833 0.051667
3 0.241667 0.370000 0.015833 0.051667
3 0.660833 0.361667 0.008333 0.016667
3 0.777500 0.703333 0.007500 0.016667
3 0.675000 0.318333 0.007500 0.015000
2 0.499167 0.331667 0.020000 0.021667
3 0.667500 0.671667 0.007500 0.018333
3 0.245833 0.700000 0.011667 0.020000
3 0.641667 0.681667 0.008333 0.016667
3 0.789167 0.403333 0.010000 0.016667
3 0.725833 0.641667 0.011667 0.020000
3 0.275833 0.763333 0.009167 0.023333
3 0.684167 0.685000 0.010000 0.016667
3 0.733333 0.618333 0.007500 0.015000
3 0.758333 0.425000 0.015833 0.051667
2 0.561667 0.240000 0.017500 0.116667
2 0.680833 0.633333 0.014167 0.015000
2 0.280833 0.688333 0.020833 0.080000
2 0.565833 0.688333 0.020833 0.080000
3 0.459167 0.400000 0.010833 0.013333
2 0.725833 0.441667 0.034167 0.100000
2 0.387500 0.375000 0.009167 0.031667
3 0.513333 0.308333 0.013333 0.015000
2 0.424167 0.748333 0.013333 0.070000
3 0.349167 0.708333 0.007500 0.015000
2 0.522500 0.361667 0.023333 0.106667
2 0.261667 0.680000 0.020833 0.080000
2 0.448333 0.253333 0.045833 0.021667
2 0.797500 0.368333 0.017500 0.116667
2 0.394167 0.681667 0.021667 0.090000
2 0.760000 0.443333 0.013333 0.070000
2 0.698333 0.720000 0.020833 0.028333
3 0.734167 0.720000 0.010000 0.016667
2 0.305833 0.385000 0.020833 0.080000
3 0.681667 0.636667 0.007500 0.018333
2 0.692500 0.250000 0.020833 0.028333
3 0.742500 0.660000 0.007500 0.015000
3 0.717500 0.643333 0.008333 0.016667
2 0.462500 0.325000 0.023333 0.041667
2 0.565833 0.695000 0.020833 0.080000
3 0.418333 0.401667 0.017500 0.031667
3 0.715833 0.645000 0.010833 0.023333
2 0.787500 0.715000 0.027500 0.016667
2 0.673333 0.620000 0.021667 0.090000
3 0.644167 0.711667 0.008333 0.016667
3 0.421667 0.655000 0.007500 0.016667
2 0.278333 0.731667 0.015833 0.068333
2 0.641667 0.386667 0.009167 0.031667
2 0.325000 0.220000 0.029167 0.038333
2 0.731667 0.636667 0.011667 0.066667
3 0.583333 0.435000 0.007500 0.018333
3 0.795000 0.643333 0.008333 0.016667
2 0.420833 0.418333 0.009167 0.031667
3 0.525000 0.368333 0.008333 0.016667
2 0.533333 0.645000 0.020000 0.021667
2 0.317500 0.638333 0.010000 0.031667
3 0.278333 0.283333 0.008333 0.016667
3 0.617500 0.405000 0.015833 0.051667
2 0.814167 0.376667 0.023333 0.106667
2 0.266667 0.353333 0.020833 0.080000
2 0.730833 0.683333 0.013333 0.070000
3 0.357500 0.740000 0.007500 0.015000
3 0.354167 0.651667 0.015833 0.051667
3 0.275000 0.740000 0.008333 0.016667
2 0.542500 0.648333 0.013333 0.070000
3 0.803333 0.420000 0.008333 0.016667
3 0.793333 0.626667 0.010000 0.020000
2 0.572500 0.728333 0.029167 0.038333
2 0.445833 0.285000 0.027500 0.016667
2 0.316667 0.735000 0.022500 0.023333
3 0.533333 0.365000 0.010833 0.013333
3 0.475000 0.796667 0.008333 0.016667
2 0.322500 0.778333 0.010833 0.091667
3 0.320000 0.358333 0.007500 0.016667
2 0.601667 0.796667 0.034167 0.100000
3 0.545833 0.313333 0.009167 0.015000
3 0.687500 0.641667 0.013333 0.031667
2 0.676667 0.421667 0.017500 0.116667
3 0.424167 0.713333 0.009167 0.023333
2 0.683333 0.366667 0.022500 0.023333
2 0.555833 0.770000 0.034167 0.038333
2 0.756667 0.706667 0.048333 0.043333
3 0.641667 0.658333 0.008333 0.016667
2 0.640833 0.631667 0.020000 0.021667
2 0.434167 0.800000 0.023333 0.106667
3 0.465833 0.330000 0.010000 0.016667
2 0.735833 0.380000 0.027500 0.016667
3 0.547500 0.643333 0.013333 0.015000
2 0.263333 0.661667 0.022500 0.023333
2 0.679167 0.680000 0.048333 0.025000
3 0.717500 0.360000 0.008333 0.021667
3 0.810833 0.400000 0.008333 0.016667
3 0.791667 0.648333 0.009167 0.015000
2 0.555000 0.210000 0.014167 0.015000
3 0.752500 0.390000 0.009167 0.023333
2 0.728333 0.355000 0.019167 0.046667
2 0.259167 0.796667 0.014167 0.015000
2 0.690000 0.691667 0.011667 0.066667
3 0.762500 0.418333 0.007500 0.018333
3 0.315000 0.708333 0.017500 0.031667
3 0.665833 0.381667 0.009167 0.016667
2 0.715000 0.598333 0.029167 0.038333
2 0.299167 0.373333 0.048333 0.025000
2 0.675000 0.456667 0.020833 0.080000
2 0.618333 0.325000 0.019167 0.046667
2 0.550833 0.391667 0.030833 0.051667
2 0.512500 0.195000 0.010000 0.031667
3 0.290833 0.355000 0.006667 0.018333
2 0.792500 0.666667 0.034167 0.100000
3 0.684167 0.396667 0.009167 0.016667
2 0.308333 0.720000 0.010000 0.031667
3 0.653333 0.623333 0.011667 0.020000
2 0.275000 0.771667 0.029167 0.038333
2 0.278333 0.430000 0.034167 0.100000
2 0.485833 0.870000 0.009167 0.031667
2 0.620833 0.406667 0.009167 0.031667
3 0.513333 0.296667 0.017500 0.031667
3 0.698333 0.356667 0.007500 0.018333
3 0.640000 0.671667 0.009167 0.018333
2 0.796667 0.375000 0.011667 0.066667
2 0.758333 0.590000 0.058333 0.076667
3 0.496667 0.403333 0.009167 0.023333
3 0.675833 0.346667 0.008333 0.016667
2 0.388333 0.701667 0.017500 0.116667
3 0.757500 0.370000 0.007500 0.015000
3 0.728333 0.600000 0.007500 0.015000
2 0.667500 0.470000 0.034167 0.100000
3 0.712500 0.675000 0.010000 0.016667
2 0.655000 0.595000 0.035000 0.105000
3 0.702500 0.650000 0.015833 0.051667
2 0.690000 0.726667 0.023333 0.041667
2 0.387500 0.748333 0.011667 0.025000
2 0.565000 0.370000 0.097500 0.053333
2 0.598333 0.760000 0.021667 0.090000
3 0.772500 0.356667 0.007500 0.015000
2 0.517500 0.401667 0.017500 0.116667
3 0.268333 0.201667 0.008333 0.016667
2 0.685000 0.345000 0.010000 0.031667
3 0.735833 0.700000 0.011667 0.030000
3 0.748333 0.415000 0.008333 0.016667
2 0.684167 0.378333 0.020833 0.028333
2 0.671667 0.633333 0.048333 0.043333
2 0.282500 0.258333 0.017500 0.116667
3 0.310833 0.300000 0.009167 0.018333
2 0.331667 0.763333 0.029167 0.038333
2 0.282500 0.336667 0.097500 0.053333
3 0.718333 0.440000 0.017500 0.031667
2 0.733333 0.648333 0.017500 0.116667
3 0.676667 0.370000 0.009167 0.016667
3 0.675833 0.426667 0.008333 0.016667
3 0.475833 0.816667 0.009167 0.016667
2 0.244167 0.785000 0.097500 0.053333
2 0.422500 0.795000 0.019167 0.046667
2 0.620833 0.675000 0.010833 0.091667
2 0.472500 0.380000 0.058333 0.076667
3 0.483333 0.755000 0.008333 0.016667
2 0.456667 0.253333 0.035000 0.105000
2 0.755833 0.423333 0.048333 0.043333
2 0.721667 0.615000 0.030833 0.051667
2 0.270000 0.635000 0.009167 0.040000
2 0.703333 0.686667 0.015833 0.068333
3 0.700000 0.278333 0.007500 0.015000
3 0.720833 0.380000 0.010833 0.023333
3 0.689167 0.340000 0.015833 0.051667
3 0.677500 0.370000 0.008333 0.016667
3 0.730833 0.360000 0.009167 0.015000
2 0.745000 0.726667 0.013333 0.070000
