4 0.856667 0.611667 0.078333 0.200000
4 0.851667 0.421667 0.063333 0.031667
4 0.765833 0.495000 0.188333 0.145000
4 0.845833 0.575000 0.031667 0.075000
4 0.748333 0.340000 0.260833 0.193333
4 0.868333 0.645000 0.050000 0.040000
4 0.826667 0.463333 0.189167 0.318333
4 0.815833 0.540000 0.089167 0.043333
4 0.765000 0.483333 0.170833 0.223333
4 0.875000 0.411667 0.080833 0.036667
4 0.031667 0.566667 0.064167 0.045000
4 0.739167 0.610000 0.157500 0.231667
4 0.051667 0.461667 0.103333 0.145000
4 0.242500 0.476667 0.116667 0.071667
4 0.235000 0.448333 0.111667 0.078333
4 0.556667 0.481667 0.131667 0.073333
4 0.435833 0.525000 0.052500 0.060000
4 0.216667 0.576667 0.045000 0.123333
4 0.025000 0.576667 0.050000 0.061667
4 0.583333 0.550000 0.095000 0.040000
2 0.515833 0.511667 0.013333 0.070000
2 0.647500 0.511667 0.019167 0.046667
2 0.489167 0.430000 0.022500 0.023333
2 0.779167 0.455000 0.017500 0.116667
3 0.765833 0.518333 0.007500 0.015000
3 0.135000 0.441667 0.006667 0.018333
3 0.151667 0.495000 0.010833 0.013333
2 0.098333 0.520000 0.009167 0.031667
2 0.097500 0.448333 0.020000 0.021667
3 0.412500 0.466667 0.008333 0.016667
2 0.614167 0.591667 0.009167 0.040000
3 0.149167 0.488333 0.007500 0.016667
3 0.088333 0.548333 0.009167 0.016667
3 0.572500 0.553333 0.007500 0.015000
2 0.141667 0.563333 0.048333 0.043333
3 0.269167 0.570000 0.007500 0.016667
2 0.212500 0.461667 0.035000 0.105000
2 0.684167 0.498333 0.020833 0.028333
2 0.450000 0.445000 0.022500 0.023333
2 0.532500 0.511667 0.011667 0.066667
2 0.191667 0.581667 0.009167 0.031667
2 0.520000 0.591667 0.020833 0.080000
2 0.655833 0.506667 0.020833 0.080000
2 0.190000 0.535000 0.023333 0.106667
3 0.535000 0.468333 0.007500 0.015000
2 0.262500 0.556667 0.021667 0.090000
2 0.390000 0.488333 0.027500 0.016667
3 0.783333 0.455000 0.013333 0.015000
2 0.580000 0.500000 0.048333 0.025000
2 0.367500 0.570000 0.048333 0.025000
3 0.365833 0.466667 0.008333 0.021667
2 0.667500 0.486667 0.022500 0.023333
3 0.331667 0.458333 0.017500 0.031667
2 0.041667 0.481667 0.009167 0.031667
3 0.490000 0.463333 0.007500 0.015000
2 0.657500 0.611667 0.020833 0.080000
2 0.182500 0.453333 0.020833 0.080000
3 0.747500 0.535000 0.011667 0.030000
3 0.242500 0.473333 0.008333 0.016667
2 0.491667 0.451667 0.020833 0.028333
3 0.402500 0.461667 0.009167 0.016667
2 0.270833 0.543333 0.009167 0.040000
3 0.197500 0.536667 0.013333 0.015000
2 0.716667 0.591667 0.014167 0.015000
2 0.445833 0.483333 0.027500 0.016667
3 0.486667 0.483333 0.015833 0.051667
2 0.522500 0.520000 0.020833 0.080000
2 0.510833 0.453333 0.019167 0.046667
3 0.503333 0.553333 0.009167 0.023333
3 0.191667 0.463333 0.006667 0.018333
2 0.136667 0.526667 0.034167 0.100000
3 0.816667 0.593333 0.015833 0.051667
2 0.027500 0.581667 0.034167 0.100000
3 0.087500 0.486667 0.007500 0.015000
3 0.036667 0.485000 0.007500 0.018333
3 0.103333 0.550000 0.010833 0.023333
2 0.643333 0.535000 0.010833 0.091667
2 0.746667 0.565000 0.020000 0.021667
3 0.299167 0.445000 0.007500 0.015000
2 0.430000 0.516667 0.058333 0.076667
2 0.747500 0.555000 0.034167 0.100000
2 0.326667 0.511667 0.017500 0.116667
3 0.457500 0.591667 0.009167 0.016667
3 0.744167 0.558333 0.007500 0.018333
2 0.180000 0.515000 0.015833 0.068333
2 0.175000 0.463333 0.015833 0.068333
3 0.453333 0.498333 0.010833 0.023333
3 0.802500 0.596667 0.011667 0.030000
2 0.623333 0.556667 0.048333 0.025000
3 0.275833 0.573333 0.013333 0.031667
3 0.583333 0.481667 0.006667 0.018333
3 0.678333 0.585000 0.008333 0.016667
3 0.212500 0.446667 0.010833 0.013333
2 0.466667 0.483333 0.026667 0.035000
3 0.420833 0.591667 0.007500 0.015000
2 0.518333 0.463333 0.020833 0.080000
2 0.168333 0.551667 0.020833 0.028333
3 0.190000 0.478333 0.009167 0.015000
3 0.302500 0.475000 0.014167 0.025000
2 0.765833 0.533333 0.009167 0.040000
2 0.652500 0.478333 0.048333 0.043333
3 0.665833 0.493333 0.013333 0.031667
3 0.055833 0.533333 0.007500 0.015000
3 0.172500 0.448333 0.009167 0.015000
2 0.590833 0.451667 0.015833 0.068333
2 0.714167 0.600000 0.034167 0.100000
2 0.795833 0.453333 0.058333 0.076667
3 0.290833 0.530000 0.010833 0.013333
3 0.672500 0.521667 0.009167 0.023333
3 0.235000 0.533333 0.007500 0.018333
3 0.062500 0.500000 0.009167 0.023333
3 0.460000 0.558333 0.007500 0.015000
3 0.569167 0.565000 0.010000 0.016667
2 0.737500 0.465000 0.019167 0.046667
3 0.621667 0.523333 0.008333 0.016667
2 0.585833 0.556667 0.013333 0.070000
3 0.436667 0.476667 0.007500 0.016667
2 0.204167 0.551667 0.048333 0.043333
3 0.287500 0.558333 0.010833 0.013333
2 0.347500 0.580000 0.021667 0.090000
2 0.071667 0.456667 0.010000 0.031667
2 0.446667 0.515000 0.010000 0.031667
3 0.785000 0.661667 0.007500 0.016667
3 0.557500 0.321667 0.009167 0.016667
3 0.695833 0.711667 0.009167 0.016667
2 0.709167 0.650000 0.034167 0.038333
2 0.291667 0.336667 0.020833 0.080000
2 0.696667 0.601667 0.009167 0.040000
2 0.417500 0.791667 0.058333 0.076667
3 0.626667 0.650000 0.009167 0.018333
2 0.564167 0.426667 0.045833 0.021667
3 0.418333 0.715000 0.009167 0.018333
3 0.630833 0.655000 0.007500 0.015000
2 0.505833 0.425000 0.045833 0.021667
3 0.625000 0.351667 0.009167 0.016667
2 0.305000 0.361667 0.022500 0.023333
3 0.550000 0.655000 0.008333 0.016667
3 0.317500 0.371667 0.010833 0.023333
2 0.485000 0.748333 0.027500 0.016667
2 0.755833 0.333333 0.035000 0.105000
2 0.712500 0.725000 0.010000 0.031667
3 0.468333 0.321667 0.011667 0.030000
3 0.315833 0.790000 0.009167 0.018333
2 0.383333 0.698333 0.048333 0.025000
3 0.416667 0.730000 0.008333 0.021667
3 0.342500 0.848333 0.010000 0.020000
2 0.306667 0.365000 0.020833 0.028333
2 0.439167 0.770000 0.014167 0.015000
3 0.645000 0.375000 0.011667 0.030000
3 0.739167 0.415000 0.007500 0.016667
2 0.607500 0.318333 0.019167 0.046667
3 0.435833 0.398333 0.007500 0.016667
3 0.444167 0.318333 0.007500 0.015000
2 0.537500 0.380000 0.035000 0.105000
3 0.235000 0.380000 0.009167 0.016667
3 0.586667 0.370000 0.008333 0.016667
2 0.339167 0.621667 0.035000 0.105000
2 0.704167 0.600000 0.097500 0.053333
2 0.345833 0.681667 0.014167 0.015000
3 0.261667 0.375000 0.007500 0.018333
2 0.302500 0.691667 0.048333 0.043333
2 0.292500 0.706667 0.020833 0.080000
2 0.787500 0.425000 0.026667 0.035000
2 0.252500 0.348333 0.048333 0.025000
2 0.269167 0.775000 0.010833 0.091667
3 0.630833 0.383333 0.009167 0.018333
3 0.679167 0.431667 0.007500 0.015000
3 0.355000 0.658333 0.011667 0.020000
3 0.335000 0.228333 0.010000 0.016667
3 0.385833 0.656667 0.015833 0.051667
2 0.260833 0.778333 0.011667 0.066667
2 0.619167 0.656667 0.011667 0.066667
2 0.560000 0.345000 0.035000 0.105000
3 0.527500 0.410000 0.009167 0.023333
2 0.595000 0.728333 0.027500 0.016667
2 0.721667 0.628333 0.021667 0.090000
2 0.535833 0.723333 0.021667 0.090000
3 0.412500 0.683333 0.017500 0.031667
3 0.494167 0.720000 0.011667 0.030000
3 0.711667 0.673333 0.006667 0.018333
2 0.438333 0.340000 0.048333 0.043333
3 0.266667 0.645000 0.010833 0.013333
3 0.705000 0.790000 0.009167 0.015000
2 0.580833 0.710000 0.048333 0.025000
2 0.780833 0.400000 0.019167 0.046667
3 0.666667 0.351667 0.008333 0.016667
3 0.294167 0.711667 0.010000 0.020000
2 0.509167 0.371667 0.045833 0.021667
2 0.397500 0.651667 0.020833 0.028333
2 0.327500 0.641667 0.020833 0.028333
2 0.693333 0.635000 0.013333 0.070000
2 0.653333 0.368333 0.023333 0.041667
3 0.808333 0.900000 0.007500 0.015000
2 0.748333 0.401667 0.019167 0.046667
3 0.750000 0.448333 0.006667 0.018333
2 0.765833 0.655000 0.034167 0.038333
2 0.651667 0.631667 0.048333 0.025000
3 0.625000 0.401667 0.006667 0.018333
2 0.649167 0.365000 0.019167 0.046667
2 0.312500 0.395000 0.019167 0.046667
3 0.484167 0.781667 0.017500 0.031667
3 0.555000 0.708333 0.007500 0.015000
2 0.219167 0.721667 0.021667 0.090000
3 0.285000 0.306667 0.011667 0.030000
2 0.647500 0.438333 0.048333 0.043333
3 0.777500 0.596667 0.008333 0.016667
3 0.542500 0.688333 0.007500 0.015000
3 0.489167 0.380000 0.006667 0.018333
2 0.723333 0.605000 0.029167 0.038333
3 0.746667 0.705000 0.008333 0.016667
2 0.250833 0.741667 0.048333 0.025000
2 0.444167 0.773333 0.030833 0.051667
2 0.770833 0.305000 0.019167 0.046667
3 0.450833 0.770000 0.007500 0.015000
3 0.785833 0.405000 0.009167 0.023333
3 0.606667 0.325000 0.010000 0.020000
2 0.648333 0.638333 0.048333 0.025000
3 0.637500 0.416667 0.011667 0.030000
3 0.262500 0.698333 0.007500 0.018333
3 0.735833 0.643333 0.008333 0.016667
2 0.587500 0.771667 0.013333 0.070000
2 0.298333 0.730000 0.015833 0.068333
2 0.550000 0.750000 0.011667 0.025000
2 0.383333 0.686667 0.027500 0.016667
3 0.724167 0.798333 0.011667 0.030000
2 0.577500 0.618333 0.097500 0.053333
2 0.219167 0.345000 0.023333 0.041667
2 0.816667 0.601667 0.009167 0.040000
2 0.732500 0.755000 0.026667 0.035000
2 0.770000 0.385000 0.009167 0.040000
2 0.785833 0.368333 0.017500 0.116667
2 0.537500 0.660000 0.023333 0.106667
3 0.685833 0.376667 0.007500 0.015000
3 0.303333 0.658333 0.010833 0.013333
3 0.807500 0.431667 0.008333 0.016667
3 0.470000 0.371667 0.009167 0.016667
2 0.490833 0.370000 0.020833 0.080000
2 0.316667 0.245000 0.015833 0.068333
2 0.138333 0.650000 0.017500 0.116667
2 0.637500 0.425000 0.020000 0.021667
2 0.414167 0.783333 0.010833 0.091667
2 0.777500 0.368333 0.015833 0.068333
3 0.327500 0.671667 0.007500 0.018333
2 0.445000 0.680000 0.020833 0.080000
3 0.697500 0.268333 0.007500 0.015000
2 0.378333 0.715000 0.022500 0.023333
3 0.707500 0.430000 0.013333 0.015000
3 0.625833 0.365000 0.008333 0.016667
3 0.477500 0.296667 0.013333 0.031667
2 0.721667 0.676667 0.030833 0.051667
2 0.635833 0.595000 0.035000 0.105000
2 0.475000 0.221667 0.014167 0.015000
2 0.793333 0.405000 0.009167 0.040000
2 0.740833 0.666667 0.035000 0.105000
2 0.560000 0.711667 0.097500 0.053333
3 0.435833 0.331667 0.007500 0.018333
2 0.726667 0.701667 0.022500 0.023333
3 0.155000 0.643333 0.015833 0.051667
2 0.702500 0.726667 0.009167 0.031667
3 0.636667 0.636667 0.008333 0.016667
2 0.616667 0.650000 0.022500 0.023333
2 0.533333 0.345000 0.020833 0.028333
2 0.718333 0.731667 0.026667 0.035000
2 0.755000 0.303333 0.058333 0.076667
2 0.774167 0.376667 0.009167 0.040000
2 0.425000 0.646667 0.009167 0.040000
3 0.519167 0.265000 0.008333 0.016667
3 0.748333 0.651667 0.010833 0.013333
3 0.471667 0.171667 0.017500 0.031667
2 0.807500 0.611667 0.014167 0.015000
2 0.480833 0.315000 0.020833 0.080000
2 0.811667 0.705000 0.020833 0.028333
2 0.742500 0.386667 0.009167 0.040000
3 0.702500 0.411667 0.011667 0.030000
3 0.242500 0.223333 0.007500 0.016667
2 0.763333 0.605000 0.026667 0.035000
2 0.191667 0.428333 0.013333 0.070000
2 0.476667 0.801667 0.020833 0.028333
2 0.675833 0.420000 0.014167 0.015000
3 0.734167 0.613333 0.007500 0.015000
2 0.633333 0.610000 0.035000 0.105000
2 0.589167 0.365000 0.013333 0.070000
3 0.680000 0.375000 0.007500 0.015000
3 0.447500 0.341667 0.009167 0.016667
2 0.474167 0.385000 0.022500 0.023333
3 0.539167 0.355000 0.009167 0.016667
2 0.768333 0.691667 0.029167 0.038333
3 0.778333 0.333333 0.009167 0.018333
2 0.701667 0.425000 0.026667 0.035000
3 0.408333 0.683333 0.007500 0.018333
2 0.255833 0.748333 0.011667 0.066667
2 0.287500 0.760000 0.019167 0.046667
2 0.763333 0.615000 0.017500 0.116667
3 0.565000 0.441667 0.007500 0.016667
2 0.809167 0.378333 0.011667 0.066667
3 0.192500 0.403333 0.010833 0.023333
2 0.432500 0.740000 0.030833 0.051667
3 0.624167 0.355000 0.011667 0.030000
3 0.515000 0.748333 0.010000 0.020000
2 0.677500 0.343333 0.009167 0.031667
3 0.456667 0.800000 0.008333 0.016667
2 0.464167 0.400000 0.013333 0.070000
2 0.407500 0.853333 0.022500 0.023333
2 0.475833 0.775000 0.020000 0.021667
2 0.645000 0.348333 0.034167 0.038333
3 0.405833 0.728333 0.009167 0.023333
2 0.688333 0.630000 0.020833 0.028333
3 0.397500 0.380000 0.017500 0.031667
3 0.787500 0.688333 0.006667 0.018333
2 0.590000 0.618333 0.011667 0.025000
2 0.563333 0.728333 0.026667 0.035000
2 0.787500 0.651667 0.023333 0.106667
3 0.305833 0.690000 0.007500 0.015000
2 0.614167 0.626667 0.009167 0.040000
3 0.316667 0.640000 0.009167 0.016667
2 0.475000 0.798333 0.011667 0.025000
3 0.719167 0.661667 0.006667 0.018333
2 0.703333 0.656667 0.030833 0.051667
3 0.400000 0.653333 0.009167 0.018333
2 0.470833 0.115000 0.011667 0.025000
