4 0.865833 0.671667 0.127500 0.210000
4 0.797500 0.565000 0.157500 0.066667
4 0.848333 0.643333 0.106667 0.130000
4 0.835833 0.505000 0.102500 0.036667
4 0.868333 0.605000 0.052500 0.110000
4 0.907500 0.598333 0.045000 0.090000
4 0.866667 0.591667 0.055833 0.053333
4 0.820833 0.555000 0.070000 0.120000
4 0.800000 0.455000 0.108333 0.120000
4 0.871667 0.731667 0.058333 0.118333
4 0.327500 0.541667 0.145000 0.056667
4 0.035833 0.428333 0.071667 0.176667
4 0.345000 0.688333 0.122500 0.368333
4 0.328333 0.573333 0.139167 0.048333
4 0.522500 0.515000 0.046667 0.090000
4 0.213333 0.391667 0.200000 0.328333
4 0.028333 0.493333 0.056667 0.186667
4 0.762500 0.523333 0.079167 0.060000
4 0.774167 0.501667 0.059167 0.088333
4 0.749167 0.568333 0.051667 0.110000
2 0.147500 0.580000 0.023333 0.041667
3 0.120833 0.580000 0.010833 0.023333
3 0.589167 0.541667 0.008333 0.016667
3 0.266667 0.518333 0.006667 0.018333
3 0.562500 0.525000 0.008333 0.016667
2 0.436667 0.556667 0.034167 0.038333
2 0.480833 0.593333 0.023333 0.041667
2 0.435000 0.578333 0.009167 0.040000
3 0.435833 0.520000 0.007500 0.018333
2 0.160000 0.566667 0.030833 0.051667
3 0.041667 0.478333 0.009167 0.016667
3 0.210000 0.516667 0.008333 0.016667
2 0.233333 0.545000 0.048333 0.025000
3 0.033333 0.536667 0.014167 0.025000
3 0.471667 0.523333 0.013333 0.015000
2 0.244167 0.440000 0.097500 0.053333
2 0.271667 0.586667 0.023333 0.106667
2 0.799167 0.518333 0.011667 0.066667
3 0.515833 0.498333 0.010000 0.016667
2 0.140000 0.575000 0.013333 0.070000
3 0.106667 0.520000 0.015833 0.051667
3 0.393333 0.583333 0.017500 0.031667
2 0.404167 0.560000 0.020000 0.021667
2 0.355833 0.560000 0.048333 0.043333
3 0.182500 0.605000 0.006667 0.018333
2 0.018333 0.551667 0.010000 0.031667
2 0.434167 0.541667 0.021667 0.090000
2 0.795000 0.515000 0.023333 0.106667
3 0.163333 0.565000 0.015833 0.051667
3 0.410833 0.468333 0.015833 0.051667
2 0.465000 0.485000 0.015833 0.068333
2 0.200833 0.456667 0.023333 0.041667
2 0.671667 0.490000 0.035000 0.105000
2 0.109167 0.556667 0.015833 0.068333
3 0.528333 0.555000 0.008333 0.016667
3 0.550000 0.536667 0.013333 0.015000
3 0.566667 0.495000 0.010000 0.016667
3 0.718333 0.570000 0.008333 0.016667
3 0.776667 0.528333 0.007500 0.018333
2 0.064167 0.530000 0.020833 0.080000
3 0.163333 0.501667 0.007500 0.015000
3 0.825833 0.613333 0.008333 0.016667
2 0.545000 0.506667 0.020833 0.080000
2 0.154167 0.516667 0.020833 0.080000
3 0.530833 0.568333 0.011667 0.020000
3 0.170833 0.573333 0.010833 0.013333
2 0.625000 0.601667 0.010000 0.031667
2 0.233333 0.513333 0.020833 0.080000
3 0.334167 0.526667 0.010000 0.020000
3 0.472500 0.600000 0.008333 0.021667
2 0.375833 0.443333 0.009167 0.040000
2 0.108333 0.483333 0.009167 0.031667
3 0.631667 0.568333 0.007500 0.015000
2 0.277500 0.613333 0.030833 0.051667
3 0.470000 0.580000 0.009167 0.018333
3 0.235000 0.511667 0.009167 0.016667
3 0.350833 0.510000 0.008333 0.016667
2 0.229167 0.580000 0.030833 0.051667
2 0.808333 0.583333 0.048333 0.043333
2 0.164167 0.443333 0.029167 0.038333
2 0.340833 0.600000 0.013333 0.070000
3 0.110833 0.451667 0.008333 0.021667
2 0.247500 0.563333 0.058333 0.076667
3 0.705000 0.553333 0.007500 0.018333
3 0.275833 0.466667 0.006667 0.018333
2 0.240833 0.481667 0.009167 0.031667
3 0.195833 0.591667 0.008333 0.016667
2 0.805000 0.466667 0.010000 0.031667
2 0.201667 0.506667 0.009167 0.040000
3 0.418333 0.530000 0.007500 0.015000
2 0.096667 0.473333 0.048333 0.043333
3 0.608333 0.450000 0.015833 0.051667
3 0.745000 0.488333 0.007500 0.018333
3 0.447500 0.608333 0.009167 0.016667
3 0.730833 0.568333 0.007500 0.015000
2 0.193333 0.451667 0.022500 0.023333
2 0.451667 0.558333 0.017500 0.116667
3 0.795833 0.461667 0.009167 0.023333
3 0.644167 0.563333 0.011667 0.030000
3 0.022500 0.531667 0.015833 0.051667
3 0.239167 0.546667 0.011667 0.020000
3 0.094167 0.481667 0.007500 0.016667
2 0.535000 0.545000 0.013333 0.070000
2 0.720000 0.498333 0.019167 0.046667
2 0.411667 0.593333 0.021667 0.090000
3 0.575833 0.495000 0.009167 0.018333
3 0.821667 0.621667 0.009167 0.018333
2 0.741667 0.533333 0.020000 0.021667
3 0.159167 0.533333 0.008333 0.016667
2 0.408333 0.505000 0.022500 0.023333
3 0.650833 0.470000 0.007500 0.018333
2 0.468333 0.500000 0.009167 0.031667
3 0.025000 0.556667 0.007500 0.015000
3 0.072500 0.501667 0.009167 0.018333
2 0.455833 0.530000 0.022500 0.023333
2 0.206667 0.443333 0.020833 0.028333
2 0.109167 0.551667 0.020833 0.080000
3 0.313333 0.555000 0.007500 0.018333
3 0.203333 0.456667 0.006667 0.018333
3 0.605000 0.546667 0.006667 0.018333
2 0.453333 0.478333 0.015833 0.068333
3 0.344167 0.570000 0.007500 0.016667
3 0.171667 0.633333 0.010833 0.013333
3 0.280000 0.398333 0.013333 0.015000
2 0.615000 0.428333 0.020833 0.080000
3 0.570833 0.151667 0.007500 0.016667
2 0.170000 0.401667 0.048333 0.025000
2 0.705833 0.686667 0.009167 0.031667
2 0.592500 0.768333 0.013333 0.070000
2 0.510000 0.341667 0.011667 0.066667
2 0.300000 0.731667 0.026667 0.035000
3 0.665833 0.351667 0.009167 0.016667
2 0.313333 0.733333 0.029167 0.038333
2 0.450000 0.705000 0.015833 0.068333
2 0.251667 0.681667 0.045833 0.021667
3 0.599167 0.710000 0.008333 0.016667
3 0.310000 0.705000 0.007500 0.018333
2 0.267500 0.680000 0.034167 0.100000
3 0.339167 0.223333 0.007500 0.015000
3 0.668333 0.658333 0.010000 0.016667
3 0.675833 0.426667 0.008333 0.016667
2 0.327500 0.726667 0.020833 0.080000
3 0.714167 0.305000 0.009167 0.018333
3 0.255833 0.230000 0.008333 0.016667
2 0.300833 0.718333 0.035000 0.105000
3 0.487500 0.258333 0.007500 0.015000
3 0.662500 0.383333 0.007500 0.018333
2 0.731667 0.715000 0.013333 0.070000
3 0.801667 0.618333 0.010000 0.016667
3 0.542500 0.443333 0.008333 0.016667
2 0.330000 0.690000 0.011667 0.066667
2 0.324167 0.745000 0.010833 0.091667
3 0.695833 0.733333 0.010000 0.016667
3 0.455000 0.791667 0.008333 0.021667
2 0.643333 0.413333 0.009167 0.031667
3 0.469167 0.315000 0.009167 0.015000
2 0.345833 0.640000 0.021667 0.090000
3 0.654167 0.415000 0.009167 0.018333
2 0.400833 0.771667 0.034167 0.038333
2 0.784167 0.641667 0.020000 0.021667
3 0.530833 0.368333 0.008333 0.021667
2 0.373333 0.365000 0.019167 0.046667
3 0.352500 0.663333 0.008333 0.016667
2 0.822500 0.406667 0.027500 0.016667
3 0.272500 0.345000 0.008333 0.016667
3 0.377500 0.386667 0.011667 0.030000
3 0.664167 0.673333 0.010833 0.013333
2 0.786667 0.326667 0.015833 0.068333
2 0.765833 0.705000 0.013333 0.070000
2 0.447500 0.670000 0.011667 0.025000
2 0.759167 0.708333 0.097500 0.053333
2 0.464167 0.761667 0.058333 0.076667
2 0.741667 0.345000 0.035000 0.105000
2 0.694167 0.716667 0.014167 0.015000
2 0.273333 0.753333 0.015833 0.068333
3 0.733333 0.590000 0.009167 0.023333
2 0.508333 0.296667 0.030833 0.051667
2 0.775833 0.418333 0.020833 0.080000
2 0.298333 0.723333 0.030833 0.051667
2 0.725000 0.358333 0.034167 0.100000
2 0.585000 0.536667 0.035000 0.105000
2 0.225000 0.706667 0.020833 0.080000
2 0.360833 0.358333 0.045833 0.021667
2 0.620833 0.428333 0.048333 0.043333
2 0.382500 0.786667 0.020833 0.080000
3 0.366667 0.616667 0.007500 0.018333
2 0.745833 0.320000 0.026667 0.035000
2 0.412500 0.351667 0.058333 0.076667
2 0.569167 0.585000 0.020833 0.080000
2 0.312500 0.235000 0.015833 0.068333
2 0.745000 0.310000 0.097500 0.053333
3 0.718333 0.366667 0.009167 0.015000
2 0.523333 0.605000 0.019167 0.046667
3 0.763333 0.718333 0.013333 0.015000
2 0.738333 0.341667 0.017500 0.116667
2 0.745000 0.383333 0.097500 0.053333
3 0.453333 0.750000 0.008333 0.021667
2 0.630833 0.430000 0.027500 0.016667
3 0.646667 0.651667 0.008333 0.016667
2 0.271667 0.260000 0.014167 0.015000
3 0.710000 0.673333 0.009167 0.016667
2 0.479167 0.740000 0.035000 0.105000
3 0.759167 0.391667 0.009167 0.023333
3 0.318333 0.763333 0.007500 0.015000
2 0.316667 0.668333 0.026667 0.035000
2 0.522500 0.685000 0.048333 0.043333
3 0.794167 0.421667 0.007500 0.015000
3 0.757500 0.410000 0.010833 0.023333
3 0.225000 0.693333 0.009167 0.016667
3 0.757500 0.415000 0.009167 0.016667
3 0.709167 0.681667 0.007500 0.015000
3 0.406667 0.735000 0.009167 0.016667
3 0.464167 0.278333 0.010000 0.020000
2 0.607500 0.778333 0.022500 0.023333
3 0.675833 0.341667 0.011667 0.020000
3 0.658333 0.326667 0.007500 0.015000
3 0.690833 0.655000 0.010833 0.013333
2 0.685000 0.670000 0.013333 0.070000
2 0.808333 0.666667 0.010833 0.091667
3 0.799167 0.375000 0.009167 0.023333
2 0.644167 0.363333 0.011667 0.066667
3 0.774167 0.398333 0.009167 0.023333
2 0.305833 0.416667 0.020833 0.080000
2 0.574167 0.411667 0.048333 0.025000
3 0.315000 0.393333 0.007500 0.015000
3 0.491667 0.781667 0.009167 0.016667
3 0.509167 0.740000 0.010833 0.023333
2 0.305833 0.661667 0.048333 0.025000
3 0.723333 0.605000 0.017500 0.031667
2 0.323333 0.338333 0.020000 0.021667
2 0.580000 0.358333 0.030833 0.051667
2 0.336667 0.778333 0.029167 0.038333
2 0.512500 0.673333 0.034167 0.038333
3 0.792500 0.650000 0.007500 0.015000
3 0.327500 0.680000 0.013333 0.031667
2 0.744167 0.330000 0.045833 0.021667
3 0.710000 0.701667 0.007500 0.015000
2 0.429167 0.321667 0.020833 0.028333
3 0.444167 0.378333 0.011667 0.020000
2 0.371667 0.793333 0.020000 0.021667
3 0.349167 0.708333 0.007500 0.015000
3 0.225000 0.766667 0.007500 0.015000
3 0.243333 0.855000 0.007500 0.016667
3 0.300000 0.391667 0.009167 0.016667
3 0.465000 0.378333 0.011667 0.030000
3 0.728333 0.601667 0.008333 0.016667
2 0.780000 0.683333 0.009167 0.031667
3 0.347500 0.766667 0.008333 0.016667
3 0.275833 0.395000 0.008333 0.016667
2 0.388333 0.358333 0.048333 0.025000
3 0.486667 0.680000 0.009167 0.016667
2 0.795833 0.426667 0.023333 0.106667
2 0.410000 0.686667 0.023333 0.041667
3 0.676667 0.723333 0.010000 0.016667
3 0.505833 0.326667 0.010000 0.020000
3 0.460833 0.671667 0.008333 0.016667
3 0.462500 0.701667 0.010000 0.016667
2 0.430000 0.645000 0.020000 0.021667
3 0.710833 0.728333 0.013333 0.031667
2 0.501667 0.441667 0.030833 0.051667
3 0.471667 0.818333 0.014167 0.025000
2 0.483333 0.391667 0.034167 0.100000
2 0.705000 0.656667 0.011667 0.066667
3 0.526667 0.416667 0.010833 0.023333
3 0.636667 0.663333 0.017500 0.031667
2 0.775833 0.588333 0.011667 0.025000
2 0.784167 0.723333 0.048333 0.043333
3 0.228333 0.660000 0.007500 0.015000
2 0.328333 0.780000 0.045833 0.021667
2 0.312500 0.366667 0.023333 0.041667
3 0.788333 0.416667 0.009167 0.016667
3 0.266667 0.871667 0.015833 0.051667
2 0.554167 0.750000 0.045833 0.021667
2 0.655833 0.695000 0.010833 0.091667
2 0.639167 0.346667 0.019167 0.046667
2 0.661667 0.666667 0.023333 0.041667
2 0.323333 0.426667 0.026667 0.035000
2 0.524167 0.261667 0.014167 0.015000
3 0.403333 0.713333 0.015833 0.051667
3 0.668333 0.268333 0.010833 0.013333
3 0.693333 0.386667 0.010000 0.016667
3 0.735833 0.413333 0.007500 0.016667
2 0.273333 0.706667 0.027500 0.016667
3 0.708333 0.338333 0.007500 0.016667
3 0.320833 0.173333 0.013333 0.015000
3 0.498333 0.670000 0.009167 0.016667
2 0.491667 0.283333 0.045833 0.021667
2 0.498333 0.303333 0.020833 0.080000
2 0.497500 0.240000 0.020833 0.080000
3 0.262500 0.695000 0.007500 0.015000
3 0.515000 0.715000 0.010833 0.013333
2 0.603333 0.690000 0.026667 0.035000
2 0.699167 0.413333 0.019167 0.046667
3 0.701667 0.341667 0.009167 0.018333
3 0.580000 0.651667 0.007500 0.016667
3 0.386667 0.376667 0.008333 0.016667
3 0.465833 0.881667 0.008333 0.021667
3 0.472500 0.243333 0.009167 0.016667
2 0.311667 0.636667 0.020000 0.021667
2 0.431667 0.733333 0.027500 0.016667
3 0.718333 0.631667 0.011667 0.030000
2 0.741667 0.631667 0.021667 0.090000
2 0.796667 0.378333 0.023333 0.041667
2 0.247500 0.683333 0.009167 0.031667
3 0.805833 0.651667 0.007500 0.018333
3 0.684167 0.281667 0.011667 0.020000
2 0.709167 0.593333 0.045833 0.021667
3 0.376667 0.323333 0.008333 0.021667
2 0.513333 0.695000 0.011667 0.025000
3 0.654167 0.625000 0.009167 0.023333
2 0.479167 0.473333 0.021667 0.090000
2 0.286667 0.260000 0.010000 0.031667
3 0.529167 0.291667 0.010000 0.016667
3 0.686667 0.370000 0.007500 0.018333
3 0.766667 0.640000 0.007500 0.018333
2 0.335833 0.830000 0.020833 0.028333
2 0.678333 0.346667 0.009167 0.040000
3 0.797500 0.735000 0.009167 0.015000
3 0.657500 0.356667 0.009167 0.018333
3 0.261667 0.726667 0.007500 0.015000
