4 0.801667 0.745000 0.171667 0.291667
4 0.760833 0.590000 0.165000 0.138333
4 0.799167 0.441667 0.231667 0.080000
4 0.812500 0.710000 0.125833 0.306667
4 0.763333 0.385000 0.197500 0.071667
4 0.849167 0.558333 0.155833 0.076667
4 0.810833 0.608333 0.133333 0.115000
4 0.805833 0.488333 0.074167 0.130000
4 0.790833 0.283333 0.155000 0.225000
4 0.832500 0.353333 0.072500 0.073333
4 0.450833 0.591667 0.092500 0.150000
4 0.045000 0.583333 0.070833 0.093333
4 0.142500 0.498333 0.280833 0.068333
4 0.076667 0.603333 0.078333 0.153333
4 0.620833 0.503333 0.059167 0.110000
4 0.362500 0.556667 0.048333 0.106667
4 0.244167 0.605000 0.139167 0.141667
4 0.298333 0.575000 0.072500 0.073333
4 0.405000 0.616667 0.081667 0.201667
4 0.144167 0.468333 0.086667 0.121667
3 0.820833 0.540000 0.010833 0.013333
2 0.707500 0.578333 0.048333 0.025000
2 0.466667 0.588333 0.029167 0.038333
3 0.182500 0.503333 0.011667 0.030000
3 0.801667 0.515000 0.011667 0.030000
2 0.592500 0.503333 0.020833 0.080000
2 0.788333 0.531667 0.019167 0.046667
3 0.518333 0.508333 0.007500 0.015000
3 0.796667 0.481667 0.010833 0.023333
2 0.730833 0.528333 0.010000 0.031667
2 0.705833 0.485000 0.034167 0.038333
2 0.371667 0.581667 0.034167 0.038333
2 0.800000 0.570000 0.058333 0.076667
2 0.567500 0.473333 0.034167 0.038333
2 0.341667 0.436667 0.035000 0.105000
2 0.637500 0.546667 0.048333 0.025000
3 0.458333 0.530000 0.008333 0.016667
3 0.516667 0.555000 0.008333 0.016667
3 0.771667 0.456667 0.011667 0.030000
2 0.093333 0.526667 0.058333 0.076667
2 0.482500 0.505000 0.023333 0.041667
2 0.131667 0.551667 0.010000 0.031667
3 0.436667 0.460000 0.007500 0.015000
2 0.363333 0.570000 0.020833 0.028333
3 0.126667 0.596667 0.008333 0.016667
3 0.451667 0.456667 0.009167 0.016667
2 0.445000 0.578333 0.048333 0.025000
3 0.597500 0.638333 0.015833 0.051667
3 0.675000 0.540000 0.009167 0.016667
2 0.658333 0.565000 0.048333 0.043333
3 0.052500 0.503333 0.007500 0.015000
2 0.303333 0.603333 0.010833 0.091667
2 0.200000 0.508333 0.015833 0.068333
3 0.406667 0.530000 0.008333 0.016667
2 0.727500 0.490000 0.023333 0.041667
2 0.311667 0.500000 0.023333 0.041667
2 0.540000 0.540000 0.013333 0.070000
2 0.759167 0.551667 0.020833 0.080000
2 0.317500 0.516667 0.009167 0.031667
2 0.060000 0.601667 0.020833 0.080000
3 0.756667 0.485000 0.006667 0.018333
3 0.136667 0.485000 0.008333 0.016667
3 0.417500 0.545000 0.007500 0.015000
2 0.572500 0.546667 0.011667 0.025000
2 0.300000 0.480000 0.009167 0.031667
3 0.606667 0.455000 0.008333 0.016667
2 0.753333 0.573333 0.021667 0.090000
2 0.431667 0.465000 0.020833 0.028333
3 0.668333 0.528333 0.009167 0.016667
3 0.080000 0.535000 0.006667 0.018333
2 0.292500 0.468333 0.020833 0.080000
2 0.598333 0.623333 0.030833 0.051667
3 0.722500 0.460000 0.009167 0.023333
3 0.676667 0.586667 0.009167 0.023333
2 0.045833 0.445000 0.015833 0.068333
2 0.376667 0.510000 0.010833 0.091667
3 0.108333 0.595000 0.015833 0.051667
2 0.770000 0.510000 0.009167 0.031667
3 0.313333 0.563333 0.013333 0.015000
2 0.275833 0.458333 0.023333 0.106667
3 0.345000 0.533333 0.007500 0.015000
3 0.125833 0.463333 0.008333 0.016667
2 0.673333 0.548333 0.058333 0.076667
3 0.085833 0.573333 0.008333 0.021667
2 0.038333 0.506667 0.021667 0.090000
2 0.439167 0.505000 0.023333 0.106667
3 0.501667 0.565000 0.010000 0.016667
3 0.505000 0.470000 0.008333 0.016667
2 0.227500 0.550000 0.010833 0.091667
3 0.280000 0.591667 0.007500 0.018333
2 0.320000 0.461667 0.015833 0.068333
3 0.135000 0.518333 0.014167 0.025000
2 0.493333 0.475000 0.009167 0.031667
2 0.732500 0.540000 0.010833 0.091667
2 0.465833 0.428333 0.026667 0.035000
2 0.285833 0.595000 0.023333 0.106667
2 0.365000 0.578333 0.023333 0.106667
2 0.631667 0.451667 0.045833 0.021667
2 0.662500 0.540000 0.019167 0.046667
3 0.230000 0.518333 0.014167 0.025000
2 0.671667 0.470000 0.020000 0.021667
3 0.458333 0.570000 0.008333 0.016667
2 0.441667 0.501667 0.048333 0.025000
2 0.029167 0.526667 0.034167 0.038333
3 0.439167 0.578333 0.008333 0.016667
2 0.303333 0.585000 0.045833 0.021667
3 0.600000 0.455000 0.014167 0.025000
3 0.620000 0.446667 0.009167 0.016667
3 0.092500 0.498333 0.009167 0.015000
2 0.594167 0.521667 0.017500 0.116667
3 0.221667 0.546667 0.013333 0.031667
2 0.335000 0.556667 0.009167 0.031667
3 0.420833 0.505000 0.017500 0.031667
3 0.487500 0.451667 0.008333 0.016667
3 0.380833 0.525000 0.011667 0.020000
2 0.371667 0.503333 0.030833 0.051667
3 0.751667 0.556667 0.007500 0.016667
3 0.335000 0.560000 0.009167 0.015000
3 0.246667 0.490000 0.015833 0.051667
3 0.129167 0.581667 0.007500 0.016667
3 0.123333 0.570000 0.009167 0.016667
2 0.279167 0.473333 0.013333 0.070000
2 0.275833 0.763333 0.011667 0.025000
2 0.468333 0.856667 0.020833 0.080000
3 0.829167 0.423333 0.008333 0.016667
3 0.375000 0.678333 0.009167 0.016667
2 0.520833 0.340000 0.034167 0.038333
3 0.423333 0.363333 0.008333 0.016667
2 0.522500 0.680000 0.014167 0.015000
3 0.513333 0.711667 0.014167 0.025000
2 0.320833 0.380000 0.045833 0.021667
3 0.515833 0.598333 0.009167 0.015000
2 0.599167 0.383333 0.097500 0.053333
2 0.513333 0.805000 0.011667 0.066667
3 0.625000 0.366667 0.008333 0.021667
3 0.642500 0.378333 0.008333 0.016667
3 0.312500 0.665000 0.011667 0.030000
2 0.715833 0.418333 0.029167 0.038333
3 0.444167 0.160000 0.007500 0.018333
3 0.730000 0.610000 0.008333 0.016667
3 0.745833 0.613333 0.009167 0.016667
3 0.355000 0.698333 0.017500 0.031667
3 0.315000 0.235000 0.007500 0.018333
2 0.820833 0.416667 0.011667 0.066667
3 0.283333 0.338333 0.011667 0.030000
3 0.466667 0.331667 0.008333 0.016667
3 0.560000 0.273333 0.008333 0.016667
3 0.466667 0.330000 0.007500 0.016667
2 0.771667 0.436667 0.020833 0.080000
2 0.358333 0.716667 0.014167 0.015000
3 0.783333 0.683333 0.010000 0.016667
2 0.773333 0.686667 0.009167 0.031667
2 0.352500 0.736667 0.017500 0.116667
2 0.267500 0.265000 0.048333 0.025000
3 0.692500 0.648333 0.009167 0.016667
3 0.713333 0.376667 0.009167 0.015000
2 0.415000 0.793333 0.023333 0.041667
2 0.665833 0.338333 0.058333 0.076667
3 0.292500 0.828333 0.008333 0.016667
3 0.509167 0.291667 0.011667 0.020000
2 0.664167 0.395000 0.034167 0.100000
3 0.521667 0.225000 0.008333 0.016667
3 0.662500 0.338333 0.010000 0.016667
3 0.777500 0.653333 0.009167 0.015000
2 0.633333 0.396667 0.020000 0.021667
2 0.303333 0.625000 0.009167 0.040000
2 0.429167 0.760000 0.009167 0.031667
3 0.694167 0.271667 0.008333 0.016667
2 0.400000 0.808333 0.097500 0.053333
3 0.316667 0.381667 0.011667 0.030000
2 0.698333 0.336667 0.034167 0.038333
2 0.691667 0.298333 0.013333 0.070000
2 0.674167 0.711667 0.011667 0.025000
3 0.306667 0.405000 0.009167 0.016667
3 0.594167 0.160000 0.007500 0.015000
2 0.300000 0.756667 0.020833 0.080000
2 0.701667 0.608333 0.027500 0.016667
3 0.675000 0.258333 0.009167 0.016667
2 0.182500 0.406667 0.022500 0.023333
3 0.313333 0.410000 0.009167 0.016667
2 0.698333 0.268333 0.009167 0.031667
2 0.708333 0.611667 0.011667 0.025000
2 0.557500 0.450000 0.023333 0.041667
3 0.310000 0.416667 0.015833 0.051667
2 0.760833 0.601667 0.022500 0.023333
2 0.568333 0.450000 0.034167 0.100000
2 0.553333 0.458333 0.020833 0.080000
2 0.287500 0.771667 0.019167 0.046667
3 0.776667 0.735000 0.013333 0.015000
3 0.666667 0.400000 0.010833 0.023333
2 0.475000 0.805000 0.021667 0.090000
3 0.323333 0.690000 0.010833 0.023333
2 0.599167 0.635000 0.058333 0.076667
3 0.260833 0.730000 0.009167 0.016667
2 0.251667 0.725000 0.027500 0.016667
3 0.710000 0.691667 0.011667 0.030000
2 0.691667 0.641667 0.097500 0.053333
2 0.655833 0.651667 0.011667 0.025000
3 0.801667 0.638333 0.011667 0.020000
3 0.538333 0.735000 0.010833 0.023333
2 0.509167 0.656667 0.020000 0.021667
2 0.350833 0.346667 0.010833 0.091667
2 0.671667 0.645000 0.023333 0.106667
2 0.633333 0.645000 0.034167 0.100000
2 0.739167 0.715000 0.013333 0.070000
2 0.256667 0.408333 0.048333 0.025000
2 0.320833 0.653333 0.048333 0.025000
3 0.513333 0.706667 0.011667 0.030000
2 0.305000 0.393333 0.022500 0.023333
3 0.659167 0.328333 0.006667 0.018333
2 0.284167 0.708333 0.045833 0.021667
2 0.272500 0.396667 0.027500 0.016667
2 0.415833 0.093333 0.097500 0.053333
2 0.748333 0.688333 0.021667 0.090000
2 0.636667 0.741667 0.034167 0.100000
2 0.283333 0.838333 0.026667 0.035000
2 0.793333 0.405000 0.048333 0.025000
3 0.726667 0.613333 0.007500 0.016667
2 0.781667 0.395000 0.045833 0.021667
3 0.714167 0.365000 0.010833 0.013333
2 0.279167 0.763333 0.027500 0.016667
3 0.476667 0.805000 0.007500 0.016667
2 0.540000 0.776667 0.030833 0.051667
3 0.311667 0.301667 0.008333 0.016667
3 0.268333 0.326667 0.017500 0.031667
2 0.315833 0.691667 0.030833 0.051667
2 0.271667 0.266667 0.045833 0.021667
3 0.696667 0.720000 0.009167 0.016667
3 0.404167 0.660000 0.007500 0.018333
2 0.332500 0.615000 0.048333 0.025000
2 0.403333 0.736667 0.019167 0.046667
2 0.469167 0.150000 0.035000 0.105000
2 0.358333 0.753333 0.009167 0.040000
3 0.678333 0.350000 0.009167 0.016667
3 0.670000 0.641667 0.009167 0.016667
2 0.694167 0.316667 0.029167 0.038333
3 0.485000 0.210000 0.007500 0.015000
3 0.525833 0.681667 0.007500 0.015000
2 0.285833 0.370000 0.097500 0.053333
2 0.336667 0.240000 0.023333 0.041667
2 0.587500 0.343333 0.048333 0.025000
2 0.304167 0.780000 0.022500 0.023333
3 0.781667 0.361667 0.010000 0.016667
2 0.291667 0.670000 0.027500 0.016667
2 0.572500 0.615000 0.009167 0.040000
2 0.223333 0.653333 0.058333 0.076667
2 0.674167 0.325000 0.045833 0.021667
2 0.529167 0.403333 0.035000 0.105000
2 0.652500 0.655000 0.048333 0.043333
3 0.373333 0.343333 0.007500 0.015000
2 0.462500 0.326667 0.048333 0.043333
2 0.535000 0.285000 0.011667 0.066667
3 0.470833 0.123333 0.010833 0.023333
3 0.439167 0.755000 0.008333 0.016667
3 0.318333 0.411667 0.008333 0.016667
3 0.267500 0.388333 0.015833 0.051667
2 0.213333 0.663333 0.022500 0.023333
2 0.714167 0.585000 0.009167 0.040000
3 0.661667 0.393333 0.008333 0.016667
2 0.705833 0.631667 0.034167 0.038333
2 0.265833 0.666667 0.013333 0.070000
3 0.406667 0.736667 0.009167 0.016667
3 0.309167 0.718333 0.008333 0.021667
3 0.320000 0.261667 0.009167 0.018333
2 0.682500 0.311667 0.019167 0.046667
2 0.775000 0.568333 0.020833 0.080000
3 0.749167 0.445000 0.007500 0.015000
3 0.575833 0.615000 0.007500 0.018333
3 0.320833 0.241667 0.011667 0.020000
3 0.789167 0.333333 0.009167 0.023333
3 0.289167 0.283333 0.013333 0.031667
2 0.569167 0.665000 0.030833 0.051667
2 0.582500 0.733333 0.009167 0.040000
3 0.568333 0.150000 0.013333 0.015000
3 0.553333 0.358333 0.011667 0.020000
2 0.334167 0.210000 0.019167 0.046667
2 0.630833 0.616667 0.045833 0.021667
3 0.547500 0.418333 0.008333 0.016667
3 0.649167 0.395000 0.011667 0.030000
3 0.255833 0.226667 0.007500 0.015000
2 0.498333 0.300000 0.010000 0.031667
3 0.274167 0.740000 0.010000 0.020000
2 0.487500 0.333333 0.017500 0.116667
2 0.443333 0.353333 0.015833 0.068333
2 0.733333 0.243333 0.009167 0.040000
2 0.486667 0.335000 0.020000 0.021667
3 0.594167 0.408333 0.007500 0.015000
2 0.380000 0.690000 0.097500 0.053333
2 0.224167 0.715000 0.011667 0.066667
3 0.800000 0.401667 0.010000 0.020000
3 0.501667 0.396667 0.008333 0.016667
2 0.391667 0.683333 0.011667 0.025000
3 0.797500 0.395000 0.009167 0.018333
3 0.313333 0.401667 0.008333 0.016667
2 0.301667 0.483333 0.034167 0.100000
3 0.432500 0.653333 0.009167 0.015000
2 0.802500 0.616667 0.020000 0.021667
2 0.496667 0.278333 0.023333 0.041667
3 0.460833 0.668333 0.007500 0.015000
3 0.719167 0.655000 0.007500 0.016667
2 0.123333 0.648333 0.048333 0.043333
3 0.318333 0.281667 0.007500 0.015000
3 0.241667 0.388333 0.009167 0.018333
3 0.668333 0.648333 0.013333 0.015000
3 0.235000 0.380000 0.009167 0.018333
2 0.668333 0.380000 0.048333 0.043333
2 0.758333 0.623333 0.097500 0.053333
2 0.642500 0.348333 0.048333 0.025000
3 0.345000 0.671667 0.007500 0.018333
2 0.794167 0.646667 0.026667 0.035000
3 0.555833 0.210000 0.013333 0.015000
3 0.383333 0.393333 0.014167 0.025000
3 0.665833 0.348333 0.009167 0.015000
3 0.490000 0.738333 0.013333 0.031667
3 0.519167 0.398333 0.014167 0.025000
2 0.795000 0.436667 0.010833 0.091667
2 0.714167 0.618333 0.029167 0.038333
3 0.557500 0.373333 0.009167 0.023333
3 0.699167 0.298333 0.010000 0.016667
3 0.712500 0.631667 0.009167 0.016667
