4 0.847500 0.690000 0.082500 0.118333
4 0.783333 0.541667 0.134167 0.073333
4 0.845833 0.546667 0.099167 0.126667
4 0.820833 0.510000 0.188333 0.096667
4 0.839167 0.618333 0.073333 0.110000
4 0.839167 0.801667 0.142500 0.270000
4 0.853333 0.628333 0.072500 0.146667
4 0.860833 0.555000 0.032500 0.023333
4 0.885000 0.496667 0.098333 0.050000
4 0.863333 0.458333 0.080833 0.030000
4 0.082500 0.540000 0.165833 0.138333
4 0.496667 0.555000 0.050833 0.035000
4 0.515833 0.541667 0.069167 0.066667
4 0.471667 0.556667 0.064167 0.036667
4 0.769167 0.515000 0.092500 0.135000
4 0.438333 0.535000 0.065000 0.078333
4 0.105000 0.468333 0.135833 0.073333
4 0.474167 0.501667 0.052500 0.103333
4 0.241667 0.740000 0.227500 0.416667
4 0.226667 0.523333 0.062500 0.046667
3 0.655000 0.530000 0.007500 0.015000
3 0.739167 0.490000 0.008333 0.016667
2 0.201667 0.563333 0.097500 0.053333
2 0.492500 0.553333 0.011667 0.066667
2 0.369167 0.546667 0.023333 0.106667
2 0.388333 0.550000 0.020000 0.021667
2 0.316667 0.488333 0.015833 0.068333
2 0.058333 0.451667 0.020833 0.028333
2 0.334167 0.508333 0.023333 0.041667
2 0.295833 0.511667 0.045833 0.021667
2 0.028333 0.476667 0.009167 0.040000
2 0.185000 0.491667 0.035000 0.105000
3 0.236667 0.501667 0.008333 0.016667
2 0.605000 0.616667 0.020000 0.021667
3 0.302500 0.598333 0.009167 0.016667
3 0.412500 0.523333 0.010833 0.013333
3 0.117500 0.556667 0.010833 0.023333
3 0.786667 0.458333 0.008333 0.016667
2 0.675000 0.578333 0.023333 0.106667
3 0.802500 0.498333 0.011667 0.030000
2 0.770833 0.530000 0.013333 0.070000
3 0.287500 0.558333 0.007500 0.016667
2 0.626667 0.438333 0.035000 0.105000
3 0.185000 0.505000 0.008333 0.016667
3 0.339167 0.458333 0.011667 0.030000
2 0.236667 0.573333 0.009167 0.040000
2 0.770000 0.483333 0.027500 0.016667
3 0.331667 0.460000 0.009167 0.016667
3 0.737500 0.531667 0.009167 0.016667
2 0.693333 0.545000 0.009167 0.040000
2 0.355833 0.476667 0.020833 0.080000
2 0.134167 0.588333 0.029167 0.038333
3 0.232500 0.485000 0.010000 0.020000
2 0.457500 0.563333 0.034167 0.038333
2 0.243333 0.488333 0.027500 0.016667
2 0.315000 0.525000 0.019167 0.046667
2 0.190000 0.475000 0.034167 0.100000
3 0.021667 0.540000 0.009167 0.016667
2 0.510000 0.500000 0.035000 0.105000
2 0.240000 0.445000 0.014167 0.015000
2 0.315000 0.478333 0.029167 0.038333
3 0.767500 0.578333 0.015833 0.051667
3 0.595833 0.595000 0.007500 0.018333
2 0.427500 0.528333 0.014167 0.015000
3 0.374167 0.498333 0.009167 0.023333
2 0.257500 0.495000 0.045833 0.021667
3 0.571667 0.518333 0.013333 0.015000
2 0.469167 0.576667 0.027500 0.016667
2 0.438333 0.498333 0.034167 0.038333
3 0.692500 0.488333 0.009167 0.016667
2 0.451667 0.490000 0.026667 0.035000
2 0.350833 0.541667 0.027500 0.016667
2 0.168333 0.590000 0.022500 0.023333
2 0.251667 0.550000 0.009167 0.040000
3 0.404167 0.486667 0.007500 0.015000
3 0.640000 0.450000 0.007500 0.018333
2 0.154167 0.445000 0.029167 0.038333
2 0.713333 0.501667 0.010000 0.031667
3 0.673333 0.521667 0.007500 0.016667
2 0.178333 0.420000 0.009167 0.040000
2 0.758333 0.533333 0.020833 0.080000
3 0.789167 0.480000 0.017500 0.031667
3 0.445833 0.588333 0.015833 0.051667
2 0.138333 0.543333 0.030833 0.051667
2 0.225000 0.476667 0.023333 0.041667
2 0.798333 0.626667 0.020833 0.080000
3 0.597500 0.576667 0.007500 0.016667
3 0.280000 0.483333 0.007500 0.016667
2 0.579167 0.528333 0.009167 0.040000
2 0.485833 0.511667 0.058333 0.076667
3 0.824167 0.348333 0.007500 0.016667
2 0.812500 0.536667 0.009167 0.040000
2 0.206667 0.460000 0.058333 0.076667
2 0.121667 0.480000 0.017500 0.116667
3 0.432500 0.555000 0.009167 0.016667
2 0.502500 0.545000 0.048333 0.043333
2 0.111667 0.451667 0.048333 0.043333
3 0.020000 0.526667 0.013333 0.015000
2 0.143333 0.601667 0.010833 0.091667
2 0.399167 0.525000 0.023333 0.041667
2 0.408333 0.588333 0.020000 0.021667
2 0.620000 0.456667 0.023333 0.041667
2 0.818333 0.520000 0.015833 0.068333
2 0.695000 0.545000 0.097500 0.053333
2 0.122500 0.518333 0.022500 0.023333
2 0.261667 0.470000 0.011667 0.066667
2 0.373333 0.570000 0.058333 0.076667
2 0.035000 0.600000 0.020833 0.080000
3 0.810833 0.580000 0.009167 0.018333
3 0.550000 0.565000 0.008333 0.016667
3 0.330000 0.585000 0.008333 0.021667
2 0.435833 0.646667 0.030833 0.051667
2 0.642500 0.526667 0.029167 0.038333
2 0.230833 0.545000 0.097500 0.053333
3 0.479167 0.518333 0.008333 0.021667
2 0.809167 0.601667 0.020000 0.021667
2 0.155833 0.450000 0.011667 0.025000
2 0.713333 0.500000 0.058333 0.076667
3 0.471667 0.566667 0.008333 0.016667
2 0.455833 0.561667 0.026667 0.035000
2 0.410833 0.498333 0.022500 0.023333
2 0.698333 0.531667 0.010833 0.091667
3 0.812500 0.623333 0.011667 0.030000
2 0.800000 0.423333 0.013333 0.070000
3 0.287500 0.718333 0.008333 0.016667
3 0.655000 0.383333 0.008333 0.016667
2 0.728333 0.421667 0.022500 0.023333
3 0.705000 0.431667 0.008333 0.016667
2 0.764167 0.693333 0.013333 0.070000
3 0.796667 0.410000 0.015833 0.051667
2 0.792500 0.380000 0.022500 0.023333
2 0.690833 0.433333 0.034167 0.100000
3 0.169167 0.391667 0.007500 0.016667
2 0.422500 0.356667 0.020000 0.021667
3 0.722500 0.676667 0.007500 0.015000
2 0.401667 0.665000 0.045833 0.021667
2 0.313333 0.373333 0.011667 0.066667
3 0.695000 0.630000 0.007500 0.015000
3 0.726667 0.405000 0.007500 0.018333
3 0.794167 0.636667 0.017500 0.031667
2 0.651667 0.418333 0.030833 0.051667
3 0.778333 0.700000 0.010000 0.020000
2 0.267500 0.658333 0.009167 0.031667
3 0.785000 0.381667 0.010000 0.016667
2 0.265833 0.666667 0.013333 0.070000
3 0.280833 0.653333 0.007500 0.015000
3 0.388333 0.755000 0.009167 0.018333
2 0.480833 0.708333 0.021667 0.090000
2 0.713333 0.341667 0.010833 0.091667
2 0.531667 0.686667 0.029167 0.038333
2 0.776667 0.691667 0.023333 0.041667
2 0.496667 0.595000 0.048333 0.043333
2 0.332500 0.316667 0.019167 0.046667
2 0.545000 0.346667 0.034167 0.100000
3 0.782500 0.383333 0.009167 0.023333
2 0.315833 0.321667 0.020833 0.080000
2 0.301667 0.193333 0.035000 0.105000
2 0.491667 0.358333 0.048333 0.025000
2 0.613333 0.633333 0.029167 0.038333
2 0.536667 0.390000 0.015833 0.068333
2 0.338333 0.711667 0.009167 0.040000
2 0.500000 0.601667 0.097500 0.053333
3 0.765833 0.415000 0.006667 0.018333
3 0.757500 0.296667 0.011667 0.020000
2 0.459167 0.296667 0.035000 0.105000
3 0.475833 0.815000 0.009167 0.016667
2 0.327500 0.333333 0.011667 0.025000
3 0.656667 0.400000 0.011667 0.020000
2 0.665000 0.415000 0.048333 0.025000
3 0.355000 0.645000 0.009167 0.016667
3 0.663333 0.343333 0.008333 0.021667
2 0.622500 0.428333 0.030833 0.051667
2 0.676667 0.720000 0.009167 0.031667
3 0.647500 0.383333 0.009167 0.023333
2 0.362500 0.636667 0.035000 0.105000
3 0.623333 0.351667 0.013333 0.031667
2 0.288333 0.151667 0.010000 0.031667
3 0.811667 0.386667 0.008333 0.016667
2 0.756667 0.360000 0.029167 0.038333
3 0.731667 0.650000 0.015833 0.051667
2 0.706667 0.446667 0.034167 0.100000
3 0.450000 0.351667 0.007500 0.015000
2 0.725833 0.603333 0.022500 0.023333
3 0.422500 0.711667 0.013333 0.031667
3 0.491667 0.311667 0.008333 0.021667
3 0.627500 0.650000 0.008333 0.016667
2 0.443333 0.363333 0.014167 0.015000
2 0.730000 0.480000 0.010833 0.091667
2 0.475000 0.206667 0.027500 0.016667
2 0.375833 0.720000 0.021667 0.090000
3 0.308333 0.675000 0.006667 0.018333
2 0.742500 0.318333 0.045833 0.021667
3 0.295000 0.710000 0.007500 0.015000
3 0.811667 0.386667 0.008333 0.016667
3 0.329167 0.681667 0.009167 0.023333
3 0.297500 0.863333 0.006667 0.018333
3 0.555833 0.998333 0.008333 0.001667
3 0.443333 0.668333 0.017500 0.031667
2 0.503333 0.298333 0.022500 0.023333
2 0.719167 0.785000 0.020833 0.028333
3 0.797500 0.720000 0.007500 0.018333
2 0.366667 0.758333 0.020000 0.021667
2 0.600833 0.310000 0.020833 0.080000
3 0.331667 0.736667 0.011667 0.030000
2 0.738333 0.401667 0.017500 0.116667
2 0.570000 0.745000 0.013333 0.070000
2 0.747500 0.423333 0.009167 0.031667
3 0.317500 0.765000 0.009167 0.016667
3 0.700833 0.668333 0.008333 0.016667
3 0.305833 0.811667 0.009167 0.016667
3 0.352500 0.661667 0.007500 0.016667
3 0.805000 0.893333 0.014167 0.025000
3 0.755000 0.601667 0.008333 0.016667
2 0.800833 0.621667 0.034167 0.038333
2 0.727500 0.405000 0.013333 0.070000
2 0.750833 0.583333 0.015833 0.068333
2 0.791667 0.448333 0.034167 0.100000
2 0.315833 0.666667 0.013333 0.070000
3 0.576667 0.738333 0.011667 0.020000
3 0.716667 0.341667 0.007500 0.015000
3 0.315000 0.456667 0.007500 0.015000
2 0.308333 0.346667 0.010000 0.031667
2 0.534167 0.288333 0.023333 0.106667
2 0.350833 0.640000 0.017500 0.116667
2 0.709167 0.703333 0.034167 0.100000
3 0.304167 0.290000 0.009167 0.015000
3 0.670833 0.423333 0.010833 0.023333
2 0.384167 0.388333 0.014167 0.015000
2 0.775833 0.618333 0.023333 0.041667
2 0.705833 0.290000 0.009167 0.031667
3 0.625833 0.376667 0.010000 0.020000
3 0.535000 0.386667 0.011667 0.020000
3 0.308333 0.715000 0.009167 0.016667
2 0.659167 0.425000 0.048333 0.025000
2 0.580000 0.343333 0.019167 0.046667
2 0.328333 0.330000 0.027500 0.016667
3 0.691667 0.270000 0.013333 0.015000
3 0.307500 0.308333 0.015833 0.051667
3 0.763333 0.390000 0.010833 0.013333
3 0.706667 0.723333 0.007500 0.018333
2 0.515000 0.333333 0.058333 0.076667
3 0.285000 0.781667 0.009167 0.016667
3 0.745000 0.696667 0.014167 0.025000
3 0.322500 0.370000 0.013333 0.031667
3 0.662500 0.670000 0.014167 0.025000
2 0.794167 0.621667 0.048333 0.025000
2 0.352500 0.396667 0.011667 0.025000
3 0.253333 0.765000 0.007500 0.018333
3 0.452500 0.808333 0.015833 0.051667
2 0.357500 0.245000 0.011667 0.025000
2 0.185000 0.395000 0.017500 0.116667
2 0.732500 0.650000 0.010833 0.091667
2 0.767500 0.336667 0.020833 0.028333
2 0.431667 0.635000 0.011667 0.066667
3 0.230000 0.396667 0.009167 0.015000
2 0.781667 0.365000 0.015833 0.068333
2 0.510000 0.750000 0.020833 0.080000
2 0.363333 0.345000 0.034167 0.100000
3 0.406667 0.685000 0.010833 0.023333
2 0.690000 0.726667 0.020000 0.021667
2 0.435000 0.730000 0.026667 0.035000
3 0.276667 0.376667 0.010833 0.023333
2 0.670000 0.648333 0.010000 0.031667
2 0.520833 0.398333 0.011667 0.025000
2 0.275833 0.758333 0.010000 0.031667
2 0.758333 0.405000 0.020833 0.028333
2 0.682500 0.368333 0.019167 0.046667
2 0.816667 0.405000 0.034167 0.038333
3 0.767500 0.593333 0.009167 0.018333
3 0.666667 0.350000 0.008333 0.016667
2 0.401667 0.653333 0.020833 0.080000
3 0.426667 0.723333 0.008333 0.016667
2 0.711667 0.613333 0.017500 0.116667
2 0.686667 0.283333 0.048333 0.025000
2 0.546667 0.648333 0.023333 0.041667
3 0.728333 0.411667 0.010000 0.016667
3 0.443333 0.345000 0.017500 0.031667
2 0.430833 0.773333 0.048333 0.025000
2 0.617500 0.671667 0.013333 0.070000
2 0.789167 0.356667 0.035000 0.105000
2 0.332500 0.235000 0.022500 0.023333
3 0.795000 0.620000 0.013333 0.015000
3 0.288333 0.396667 0.014167 0.025000
3 0.339167 0.713333 0.009167 0.016667
2 0.480000 0.808333 0.014167 0.015000
3 0.820000 0.370000 0.010833 0.023333
3 0.448333 0.340000 0.008333 0.016667
2 0.660833 0.260000 0.058333 0.076667
3 0.771667 0.358333 0.009167 0.016667
3 0.353333 0.403333 0.009167 0.016667
2 0.470833 0.270000 0.013333 0.070000
2 0.660833 0.418333 0.009167 0.040000
3 0.618333 0.325000 0.007500 0.015000
2 0.747500 0.606667 0.014167 0.015000
3 0.634167 0.408333 0.007500 0.015000
2 0.384167 0.388333 0.014167 0.015000
2 0.772500 0.655000 0.020833 0.028333
2 0.392500 0.673333 0.035000 0.105000
3 0.775000 0.701667 0.013333 0.015000
3 0.723333 0.611667 0.007500 0.015000
2 0.746667 0.650000 0.030833 0.051667
3 0.437500 0.373333 0.007500 0.018333
2 0.772500 0.415000 0.027500 0.016667
3 0.305833 0.711667 0.015833 0.051667
2 0.470833 0.723333 0.011667 0.025000
2 0.788333 0.700000 0.058333 0.076667
2 0.642500 0.421667 0.034167 0.100000
3 0.307500 0.308333 0.015833 0.051667
3 0.585000 0.638333 0.009167 0.015000
3 0.678333 0.356667 0.009167 0.016667
3 0.232500 0.800000 0.010000 0.016667
2 0.766667 0.333333 0.045833 0.021667
3 0.404167 0.658333 0.007500 0.015000
3 0.157500 0.413333 0.010833 0.023333
2 0.363333 0.278333 0.035000 0.105000
3 0.226667 0.386667 0.007500 0.015000
3 0.705000 0.728333 0.007500 0.015000
3 0.547500 0.398333 0.015833 0.051667
2 0.424167 0.348333 0.048333 0.025000
3 0.555833 0.998333 0.008333 0.001667
