4 0.820833 0.310000 0.110833 0.195000
4 0.836667 0.426667 0.095000 0.040000
4 0.815000 0.541667 0.203333 0.160000
4 0.802500 0.471667 0.094167 0.051667
4 0.845000 0.555000 0.031667 0.071667
4 0.835833 0.515000 0.063333 0.033333
4 0.805000 0.500000 0.063333 0.125000
4 0.835000 0.511667 0.050000 0.035000
4 0.769167 0.491667 0.185000 0.188333
4 0.824167 0.698333 0.151667 0.108333
4 0.730833 0.480000 0.145000 0.105000
4 0.050833 0.566667 0.085000 0.158333
4 0.760000 0.503333 0.110833 0.040000
4 0.579167 0.448333 0.083333 0.068333
4 0.668333 0.576667 0.076667 0.020000
4 0.512500 0.530000 0.220000 0.060000
4 0.486667 0.601667 0.069167 0.135000
4 0.536667 0.508333 0.071667 0.085000
4 0.129167 0.460000 0.068333 0.080000
4 0.346667 0.528333 0.051667 0.018333
3 0.487500 0.521667 0.010833 0.023333
2 0.243333 0.468333 0.048333 0.025000
3 0.789167 0.503333 0.009167 0.023333
3 0.340000 0.460000 0.007500 0.018333
2 0.806667 0.571667 0.020833 0.080000
3 0.113333 0.536667 0.008333 0.016667
2 0.076667 0.510000 0.097500 0.053333
3 0.600833 0.530000 0.013333 0.015000
2 0.332500 0.513333 0.020833 0.080000
2 0.283333 0.575000 0.030833 0.051667
2 0.397500 0.578333 0.009167 0.031667
3 0.616667 0.561667 0.013333 0.031667
2 0.656667 0.473333 0.048333 0.025000
3 0.542500 0.491667 0.006667 0.018333
2 0.495833 0.570000 0.026667 0.035000
2 0.312500 0.430000 0.035000 0.105000
3 0.610000 0.570000 0.009167 0.015000
2 0.623333 0.550000 0.010000 0.031667
2 0.390833 0.613333 0.013333 0.070000
3 0.372500 0.488333 0.011667 0.030000
3 0.460000 0.460000 0.011667 0.030000
2 0.092500 0.518333 0.011667 0.066667
2 0.290000 0.418333 0.097500 0.053333
3 0.065000 0.510000 0.009167 0.016667
2 0.485833 0.556667 0.011667 0.066667
3 0.138333 0.476667 0.008333 0.016667
3 0.745833 0.573333 0.011667 0.020000
3 0.808333 0.590000 0.017500 0.031667
3 0.343333 0.475000 0.009167 0.015000
3 0.462500 0.503333 0.008333 0.016667
2 0.323333 0.423333 0.011667 0.066667
3 0.560833 0.488333 0.006667 0.018333
2 0.168333 0.481667 0.009167 0.031667
2 0.590833 0.600000 0.023333 0.106667
2 0.675000 0.481667 0.035000 0.105000
2 0.244167 0.468333 0.009167 0.031667
2 0.562500 0.511667 0.026667 0.035000
3 0.300833 0.578333 0.007500 0.018333
3 0.108333 0.518333 0.007500 0.015000
3 0.555000 0.561667 0.008333 0.016667
2 0.032500 0.490000 0.065000 0.053333
3 0.189167 0.500000 0.009167 0.016667
3 0.667500 0.491667 0.008333 0.016667
3 0.811667 0.580000 0.007500 0.018333
3 0.173333 0.593333 0.009167 0.023333
3 0.485833 0.450000 0.009167 0.015000
2 0.776667 0.548333 0.034167 0.100000
2 0.615833 0.446667 0.097500 0.053333
3 0.794167 0.576667 0.008333 0.021667
2 0.205833 0.546667 0.034167 0.038333
2 0.395833 0.610000 0.030833 0.051667
3 0.236667 0.528333 0.009167 0.016667
2 0.744167 0.533333 0.048333 0.025000
2 0.281667 0.575000 0.020833 0.028333
3 0.474167 0.415000 0.009167 0.016667
3 0.235000 0.508333 0.008333 0.016667
2 0.125833 0.521667 0.026667 0.035000
2 0.451667 0.430000 0.015833 0.068333
3 0.505000 0.520000 0.011667 0.020000
3 0.688333 0.478333 0.007500 0.015000
2 0.560000 0.515000 0.045833 0.021667
2 0.293333 0.560000 0.020833 0.028333
3 0.214167 0.575000 0.010000 0.016667
2 0.467500 0.425000 0.035000 0.105000
2 0.425000 0.496667 0.029167 0.038333
2 0.693333 0.535000 0.017500 0.116667
3 0.577500 0.505000 0.010833 0.013333
3 0.775000 0.523333 0.017500 0.031667
2 0.591667 0.550000 0.020000 0.021667
2 0.785000 0.471667 0.020833 0.080000
2 0.285000 0.428333 0.011667 0.066667
2 0.291667 0.555000 0.010833 0.091667
3 0.631667 0.570000 0.009167 0.015000
3 0.557500 0.473333 0.007500 0.015000
2 0.664167 0.550000 0.009167 0.031667
3 0.444167 0.593333 0.013333 0.031667
3 0.105000 0.530000 0.013333 0.015000
3 0.340833 0.535000 0.014167 0.025000
3 0.080833 0.503333 0.006667 0.018333
3 0.667500 0.545000 0.007500 0.015000
2 0.579167 0.501667 0.020833 0.080000
3 0.153333 0.475000 0.013333 0.015000
2 0.125000 0.511667 0.026667 0.035000
2 0.132500 0.588333 0.009167 0.031667
3 0.151667 0.588333 0.008333 0.016667
3 0.440000 0.515000 0.015833 0.051667
3 0.765833 0.536667 0.010833 0.023333
3 0.179167 0.560000 0.010833 0.023333
2 0.319167 0.450000 0.027500 0.016667
2 0.075833 0.475000 0.020000 0.021667
2 0.230000 0.490000 0.034167 0.038333
2 0.523333 0.485000 0.022500 0.023333
3 0.749167 0.533333 0.009167 0.023333
2 0.500833 0.466667 0.011667 0.025000
3 0.643333 0.516667 0.017500 0.031667
3 0.103333 0.518333 0.009167 0.016667
2 0.652500 0.511667 0.030833 0.051667
3 0.770000 0.525000 0.008333 0.016667
3 0.601667 0.455000 0.010833 0.023333
2 0.199167 0.561667 0.020833 0.028333
2 0.136667 0.521667 0.009167 0.040000
2 0.453333 0.475000 0.014167 0.015000
2 0.793333 0.421667 0.010000 0.031667
3 0.781667 0.416667 0.009167 0.015000
2 0.367500 0.718333 0.035000 0.105000
3 0.343333 0.640000 0.011667 0.020000
3 0.482500 0.755000 0.009167 0.016667
2 0.685000 0.335000 0.029167 0.038333
2 0.498333 0.353333 0.034167 0.038333
2 0.751667 0.623333 0.020833 0.080000
3 0.558333 0.268333 0.010833 0.013333
3 0.544167 0.638333 0.015833 0.051667
3 0.682500 0.708333 0.008333 0.016667
3 0.260833 0.730000 0.009167 0.016667
3 0.820833 0.388333 0.010000 0.020000
2 0.465833 0.805000 0.026667 0.035000
3 0.692500 0.646667 0.009167 0.016667
3 0.821667 0.386667 0.007500 0.015000
3 0.703333 0.638333 0.007500 0.018333
3 0.570833 0.671667 0.006667 0.018333
3 0.314167 0.645000 0.009167 0.016667
2 0.674167 0.386667 0.029167 0.038333
2 0.669167 0.600000 0.048333 0.043333
2 0.723333 0.715000 0.020000 0.021667
2 0.452500 0.598333 0.058333 0.076667
3 0.218333 0.665000 0.009167 0.018333
3 0.454167 0.758333 0.011667 0.030000
3 0.778333 0.640000 0.014167 0.025000
3 0.298333 0.366667 0.008333 0.016667
2 0.314167 0.725000 0.023333 0.106667
2 0.382500 0.681667 0.029167 0.038333
2 0.405833 0.350000 0.097500 0.053333
3 0.808333 0.643333 0.010000 0.016667
3 0.663333 0.398333 0.007500 0.018333
2 0.388333 0.328333 0.020833 0.080000
2 0.636667 0.373333 0.058333 0.076667
2 0.442500 0.381667 0.010833 0.091667
3 0.519167 0.666667 0.009167 0.023333
3 0.439167 0.381667 0.011667 0.030000
2 0.346667 0.411667 0.023333 0.041667
2 0.309167 0.370000 0.034167 0.100000
3 0.522500 0.760000 0.007500 0.018333
2 0.480000 0.780000 0.021667 0.090000
2 0.675833 0.375000 0.009167 0.040000
2 0.395000 0.705000 0.010833 0.091667
2 0.219167 0.636667 0.017500 0.116667
3 0.523333 0.370000 0.011667 0.020000
2 0.585000 0.341667 0.097500 0.053333
3 0.322500 0.760000 0.007500 0.016667
2 0.616667 0.621667 0.019167 0.046667
2 0.265000 0.646667 0.014167 0.015000
2 0.775833 0.406667 0.020833 0.080000
3 0.725833 0.435000 0.010000 0.020000
3 0.695000 0.720000 0.013333 0.031667
2 0.635000 0.376667 0.021667 0.090000
3 0.365000 0.728333 0.015833 0.051667
2 0.675000 0.630000 0.045833 0.021667
3 0.224167 0.640000 0.007500 0.015000
2 0.449167 0.693333 0.011667 0.066667
2 0.445000 0.676667 0.021667 0.090000
2 0.372500 0.741667 0.020000 0.021667
3 0.490833 0.335000 0.011667 0.030000
3 0.366667 0.680000 0.010833 0.023333
2 0.720000 0.726667 0.026667 0.035000
3 0.711667 0.611667 0.007500 0.015000
2 0.435000 0.423333 0.022500 0.023333
2 0.752500 0.355000 0.020833 0.028333
3 0.719167 0.395000 0.017500 0.031667
3 0.624167 0.405000 0.008333 0.021667
3 0.534167 0.731667 0.010833 0.013333
2 0.417500 0.391667 0.015833 0.068333
3 0.701667 0.343333 0.009167 0.016667
2 0.240833 0.370000 0.058333 0.076667
3 0.482500 0.190000 0.007500 0.015000
3 0.778333 0.608333 0.007500 0.018333
2 0.568333 0.201667 0.021667 0.090000
3 0.470833 0.640000 0.010833 0.013333
3 0.673333 0.356667 0.011667 0.030000
3 0.672500 0.338333 0.014167 0.025000
3 0.279167 0.735000 0.009167 0.023333
2 0.305000 0.696667 0.015833 0.068333
2 0.312500 0.658333 0.026667 0.035000
3 0.699167 0.280000 0.010000 0.016667
2 0.237500 0.373333 0.058333 0.076667
2 0.319167 0.646667 0.058333 0.076667
2 0.698333 0.325000 0.097500 0.053333
2 0.311667 0.335000 0.009167 0.040000
3 0.770833 0.378333 0.008333 0.016667
2 0.723333 0.583333 0.058333 0.076667
2 0.575833 0.755000 0.017500 0.116667
2 0.650833 0.236667 0.058333 0.076667
3 0.568333 0.630000 0.014167 0.025000
3 0.660833 0.346667 0.010833 0.023333
2 0.534167 0.731667 0.020000 0.021667
3 0.733333 0.261667 0.010000 0.020000
2 0.670000 0.348333 0.023333 0.041667
3 0.504167 0.331667 0.009167 0.015000
2 0.588333 0.623333 0.014167 0.015000
2 0.814167 0.396667 0.022500 0.023333
3 0.571667 0.718333 0.010000 0.016667
2 0.685000 0.328333 0.010000 0.031667
2 0.627500 0.401667 0.097500 0.053333
2 0.733333 0.656667 0.034167 0.038333
2 0.774167 0.403333 0.010000 0.031667
3 0.329167 0.676667 0.009167 0.015000
3 0.745833 0.781667 0.009167 0.016667
2 0.664167 0.395000 0.010000 0.031667
2 0.378333 0.715000 0.023333 0.041667
2 0.595000 0.743333 0.013333 0.070000
3 0.725833 0.600000 0.009167 0.016667
2 0.390833 0.331667 0.022500 0.023333
3 0.250000 0.393333 0.010833 0.023333
2 0.605000 0.351667 0.034167 0.100000
3 0.450000 0.675000 0.010833 0.023333
2 0.726667 0.636667 0.010833 0.091667
2 0.557500 0.756667 0.026667 0.035000
2 0.310000 0.378333 0.009167 0.040000
2 0.691667 0.266667 0.022500 0.023333
3 0.328333 0.236667 0.007500 0.015000
2 0.585000 0.370000 0.020833 0.080000
3 0.359167 0.251667 0.008333 0.016667
2 0.277500 0.233333 0.035000 0.105000
2 0.599167 0.313333 0.020000 0.021667
3 0.487500 0.275000 0.007500 0.018333
3 0.725833 0.351667 0.013333 0.015000
2 0.520000 0.428333 0.017500 0.116667
2 0.387500 0.653333 0.097500 0.053333
3 0.679167 0.673333 0.008333 0.021667
2 0.460000 0.405000 0.020833 0.080000
3 0.581667 0.320000 0.011667 0.020000
2 0.427500 0.733333 0.023333 0.041667
2 0.774167 0.653333 0.029167 0.038333
2 0.635833 0.391667 0.029167 0.038333
2 0.509167 0.808333 0.019167 0.046667
2 0.386667 0.366667 0.045833 0.021667
3 0.675833 0.261667 0.008333 0.021667
2 0.801667 0.421667 0.030833 0.051667
3 0.290833 0.273333 0.007500 0.018333
3 0.688333 0.423333 0.008333 0.016667
2 0.291667 0.108333 0.035000 0.105000
2 0.283333 0.273333 0.058333 0.076667
3 0.359167 0.771667 0.007500 0.016667
2 0.288333 0.251667 0.015833 0.068333
2 0.438333 0.745000 0.035000 0.105000
2 0.674167 0.356667 0.058333 0.076667
3 0.682500 0.648333 0.017500 0.031667
2 0.535833 0.738333 0.020833 0.080000
3 0.776667 0.425000 0.013333 0.015000
3 0.408333 0.356667 0.007500 0.018333
3 0.770833 0.321667 0.010000 0.016667
3 0.651667 0.365000 0.014167 0.025000
3 0.689167 0.633333 0.008333 0.016667
3 0.719167 0.650000 0.011667 0.020000
2 0.753333 0.635000 0.058333 0.076667
2 0.686667 0.263333 0.011667 0.025000
3 0.601667 0.998333 0.008333 0.001667
3 0.520000 0.395000 0.007500 0.015000
3 0.470000 0.318333 0.008333 0.016667
3 0.300000 0.651667 0.015833 0.051667
3 0.580000 0.758333 0.009167 0.016667
3 0.697500 0.678333 0.010833 0.023333
3 0.407500 0.675000 0.009167 0.015000
2 0.498333 0.356667 0.045833 0.021667
2 0.575000 0.735000 0.014167 0.015000
3 0.159167 0.640000 0.008333 0.021667
3 0.658333 0.358333 0.007500 0.018333
2 0.535833 0.681667 0.020833 0.028333
2 0.398333 0.788333 0.020833 0.028333
3 0.515000 0.813333 0.009167 0.023333
2 0.744167 0.378333 0.026667 0.035000
3 0.264167 0.796667 0.013333 0.031667
3 0.640833 0.373333 0.010833 0.013333
3 0.530000 0.390000 0.007500 0.018333
2 0.677500 0.675000 0.013333 0.070000
2 0.512500 0.680000 0.026667 0.035000
3 0.246667 0.678333 0.013333 0.031667
3 0.538333 0.451667 0.015833 0.051667
2 0.599167 0.621667 0.058333 0.076667
2 0.706667 0.621667 0.035000 0.105000
3 0.339167 0.866667 0.008333 0.021667
2 0.785000 0.330000 0.011667 0.025000
3 0.696667 0.718333 0.009167 0.018333
2 0.635833 0.336667 0.015833 0.068333
2 0.446667 0.776667 0.020833 0.080000
3 0.770833 0.321667 0.010000 0.020000
2 0.677500 0.345000 0.011667 0.066667
3 0.170000 0.401667 0.009167 0.016667
2 0.314167 0.656667 0.023333 0.041667
2 0.455000 0.320000 0.026667 0.035000
2 0.246667 0.708333 0.009167 0.031667
3 0.729167 0.673333 0.006667 0.018333
2 0.563333 0.321667 0.048333 0.025000
2 0.553333 0.638333 0.010000 0.031667
2 0.389167 0.373333 0.020833 0.028333
2 0.678333 0.356667 0.045833 0.021667
3 0.550833 0.418333 0.007500 0.015000
2 0.342500 0.211667 0.011667 0.066667
2 0.489167 0.298333 0.027500 0.016667
3 0.618333 0.646667 0.007500 0.015000
3 0.446667 0.711667 0.007500 0.018333
