4 0.857500 0.738333 0.099167 0.186667
4 0.827500 0.410000 0.087500 0.080000
4 0.865000 0.548333 0.058333 0.046667
4 0.786667 0.580000 0.117500 0.080000
4 0.807500 0.595000 0.192500 0.091667
4 0.761667 0.458333 0.206667 0.368333
4 0.825000 0.420000 0.088333 0.080000
4 0.834167 0.535000 0.051667 0.081667
4 0.887500 0.591667 0.034167 0.041667
4 0.852500 0.458333 0.064167 0.113333
4 0.210000 0.528333 0.076667 0.023333
4 0.050000 0.571667 0.100000 0.131667
4 0.086667 0.415000 0.173333 0.265000
4 0.567500 0.638333 0.127500 0.190000
4 0.421667 0.451667 0.275833 0.246667
4 0.266667 0.556667 0.101667 0.075000
4 0.171667 0.526667 0.043333 0.080000
4 0.582500 0.461667 0.140833 0.140000
4 0.560833 0.596667 0.108333 0.185000
4 0.277500 0.516667 0.092500 0.070000
2 0.601667 0.548333 0.097500 0.053333
3 0.645000 0.550000 0.017500 0.031667
2 0.222500 0.473333 0.009167 0.031667
2 0.496667 0.518333 0.048333 0.025000
2 0.769167 0.533333 0.015833 0.068333
2 0.153333 0.590000 0.014167 0.015000
2 0.450000 0.475000 0.023333 0.041667
2 0.644167 0.536667 0.017500 0.116667
3 0.334167 0.481667 0.007500 0.016667
2 0.477500 0.463333 0.029167 0.038333
2 0.590000 0.493333 0.010833 0.091667
3 0.615833 0.613333 0.007500 0.016667
3 0.479167 0.468333 0.007500 0.015000
3 0.289167 0.600000 0.010000 0.020000
3 0.447500 0.618333 0.010000 0.016667
3 0.487500 0.485000 0.007500 0.015000
3 0.491667 0.543333 0.009167 0.018333
3 0.705000 0.563333 0.008333 0.021667
3 0.023333 0.515000 0.010000 0.016667
2 0.320833 0.568333 0.011667 0.066667
3 0.482500 0.408333 0.008333 0.016667
3 0.105833 0.528333 0.009167 0.018333
3 0.371667 0.506667 0.007500 0.018333
3 0.216667 0.456667 0.010833 0.013333
3 0.766667 0.506667 0.008333 0.016667
2 0.235000 0.520000 0.019167 0.046667
2 0.645833 0.486667 0.023333 0.041667
3 0.175000 0.600000 0.014167 0.025000
3 0.113333 0.561667 0.011667 0.020000
3 0.738333 0.553333 0.011667 0.030000
2 0.027500 0.441667 0.035000 0.105000
3 0.052500 0.511667 0.009167 0.016667
3 0.815833 0.543333 0.009167 0.018333
2 0.055000 0.536667 0.014167 0.015000
2 0.047500 0.513333 0.010833 0.091667
3 0.480000 0.550000 0.009167 0.016667
2 0.555000 0.540000 0.014167 0.015000
2 0.530000 0.505000 0.009167 0.040000
3 0.094167 0.538333 0.007500 0.015000
2 0.300833 0.496667 0.009167 0.040000
3 0.751667 0.505000 0.009167 0.018333
3 0.354167 0.561667 0.010833 0.013333
3 0.237500 0.501667 0.008333 0.016667
3 0.457500 0.521667 0.014167 0.025000
3 0.385833 0.563333 0.009167 0.015000
3 0.133333 0.533333 0.010000 0.020000
2 0.658333 0.535000 0.045833 0.021667
3 0.294167 0.483333 0.009167 0.016667
2 0.625833 0.431667 0.009167 0.040000
2 0.566667 0.545000 0.020000 0.021667
2 0.821667 0.518333 0.023333 0.106667
3 0.252500 0.478333 0.007500 0.015000
3 0.485833 0.411667 0.009167 0.016667
2 0.611667 0.610000 0.011667 0.066667
3 0.085000 0.486667 0.009167 0.016667
3 0.377500 0.470000 0.011667 0.030000
3 0.335000 0.495000 0.017500 0.031667
2 0.485000 0.598333 0.034167 0.100000
2 0.445833 0.583333 0.058333 0.076667
3 0.648333 0.518333 0.013333 0.015000
3 0.712500 0.536667 0.007500 0.018333
2 0.815000 0.671667 0.009167 0.031667
3 0.421667 0.465000 0.006667 0.018333
3 0.613333 0.480000 0.008333 0.016667
3 0.355000 0.495000 0.009167 0.016667
3 0.106667 0.476667 0.008333 0.016667
3 0.608333 0.461667 0.007500 0.018333
2 0.311667 0.450000 0.034167 0.038333
2 0.782500 0.535000 0.023333 0.041667
3 0.160000 0.581667 0.017500 0.031667
2 0.180000 0.608333 0.026667 0.035000
2 0.797500 0.510000 0.023333 0.041667
3 0.036667 0.451667 0.014167 0.025000
3 0.529167 0.493333 0.007500 0.015000
3 0.250000 0.446667 0.007500 0.018333
2 0.190000 0.443333 0.045833 0.021667
2 0.520833 0.473333 0.014167 0.015000
2 0.341667 0.545000 0.048333 0.043333
2 0.649167 0.596667 0.023333 0.106667
3 0.813333 0.561667 0.007500 0.018333
3 0.701667 0.560000 0.015833 0.051667
2 0.730000 0.496667 0.020833 0.080000
2 0.282500 0.511667 0.029167 0.038333
3 0.445833 0.580000 0.009167 0.015000
3 0.390000 0.598333 0.008333 0.021667
2 0.175833 0.505000 0.034167 0.100000
2 0.782500 0.510000 0.019167 0.046667
2 0.681667 0.508333 0.009167 0.031667
2 0.048333 0.541667 0.015833 0.068333
3 0.480833 0.415000 0.007500 0.015000
2 0.126667 0.565000 0.023333 0.106667
3 0.301667 0.490000 0.013333 0.031667
2 0.459167 0.545000 0.010000 0.031667
3 0.603333 0.583333 0.008333 0.021667
3 0.340833 0.543333 0.007500 0.018333
3 0.106667 0.513333 0.011667 0.020000
3 0.330833 0.575000 0.009167 0.016667
2 0.080000 0.581667 0.017500 0.116667
3 0.403333 0.563333 0.009167 0.016667
2 0.284167 0.598333 0.048333 0.025000
2 0.570833 0.503333 0.034167 0.038333
2 0.431667 0.535000 0.045833 0.021667
3 0.540833 0.406667 0.007500 0.018333
2 0.659167 0.595000 0.035000 0.105000
3 0.467500 0.318333 0.013333 0.031667
3 0.312500 0.403333 0.009167 0.023333
2 0.454167 0.281667 0.097500 0.053333
2 0.345000 0.711667 0.097500 0.053333
2 0.724167 0.713333 0.017500 0.116667
3 0.725000 0.615000 0.010833 0.023333
2 0.712500 0.360000 0.020833 0.028333
3 0.223333 0.666667 0.017500 0.031667
3 0.775833 0.326667 0.014167 0.025000
3 0.647500 0.441667 0.009167 0.016667
3 0.540833 0.278333 0.009167 0.015000
2 0.658333 0.371667 0.023333 0.041667
2 0.464167 0.326667 0.020833 0.080000
3 0.638333 0.390000 0.008333 0.016667
3 0.530833 0.365000 0.007500 0.018333
3 0.745833 0.666667 0.009167 0.016667
2 0.308333 0.723333 0.026667 0.035000
2 0.266667 0.636667 0.015833 0.068333
3 0.294167 0.711667 0.010000 0.016667
2 0.283333 0.406667 0.017500 0.116667
2 0.679167 0.388333 0.011667 0.025000
3 0.321667 0.345000 0.009167 0.016667
3 0.553333 0.330000 0.009167 0.016667
3 0.690000 0.606667 0.006667 0.018333
2 0.432500 0.768333 0.027500 0.016667
2 0.696667 0.285000 0.013333 0.070000
2 0.738333 0.418333 0.048333 0.025000
2 0.267500 0.333333 0.097500 0.053333
2 0.317500 0.158333 0.019167 0.046667
3 0.224167 0.411667 0.009167 0.023333
3 0.645000 0.635000 0.010833 0.023333
3 0.421667 0.401667 0.011667 0.030000
3 0.561667 0.275000 0.007500 0.015000
2 0.329167 0.390000 0.023333 0.041667
2 0.656667 0.623333 0.034167 0.038333
2 0.327500 0.295000 0.034167 0.038333
3 0.543333 0.656667 0.011667 0.030000
3 0.645000 0.365000 0.008333 0.016667
2 0.436667 0.770000 0.020000 0.021667
2 0.655833 0.375000 0.020833 0.028333
3 0.294167 0.713333 0.009167 0.016667
2 0.228333 0.301667 0.097500 0.053333
3 0.486667 0.751667 0.007500 0.018333
3 0.600000 0.336667 0.015833 0.051667
3 0.641667 0.346667 0.007500 0.015000
2 0.256667 0.725000 0.017500 0.116667
3 0.796667 0.400000 0.007500 0.018333
2 0.267500 0.861667 0.014167 0.015000
3 0.658333 0.398333 0.008333 0.016667
3 0.734167 0.613333 0.007500 0.016667
3 0.810833 0.385000 0.010000 0.020000
3 0.490833 0.310000 0.009167 0.023333
3 0.316667 0.373333 0.008333 0.016667
3 0.519167 0.263333 0.008333 0.016667
2 0.667500 0.396667 0.010000 0.031667
2 0.693333 0.668333 0.034167 0.100000
2 0.520833 0.415000 0.023333 0.106667
3 0.780000 0.373333 0.014167 0.025000
2 0.804167 0.410000 0.019167 0.046667
2 0.566667 0.785000 0.021667 0.090000
3 0.439167 0.343333 0.010000 0.016667
2 0.246667 0.666667 0.011667 0.025000
2 0.274167 0.753333 0.023333 0.041667
3 0.641667 0.375000 0.017500 0.031667
2 0.771667 0.745000 0.022500 0.023333
2 0.721667 0.586667 0.058333 0.076667
2 0.327500 0.295000 0.034167 0.038333
3 0.291667 0.283333 0.008333 0.016667
2 0.630000 0.678333 0.023333 0.041667
2 0.764167 0.348333 0.020833 0.080000
3 0.437500 0.746667 0.007500 0.015000
3 0.666667 0.381667 0.007500 0.018333
2 0.658333 0.291667 0.030833 0.051667
2 0.637500 0.425000 0.020000 0.021667
3 0.242500 0.740000 0.010833 0.013333
2 0.293333 0.391667 0.058333 0.076667
3 0.325833 0.765000 0.006667 0.018333
3 0.330000 0.658333 0.015833 0.051667
2 0.763333 0.320000 0.020833 0.028333
2 0.526667 0.736667 0.058333 0.076667
2 0.753333 0.646667 0.010000 0.031667
3 0.730833 0.361667 0.009167 0.018333
2 0.529167 0.686667 0.034167 0.038333
2 0.640000 0.660000 0.029167 0.038333
2 0.784167 0.731667 0.048333 0.025000
2 0.420000 0.395000 0.014167 0.015000
2 0.630000 0.336667 0.009167 0.040000
2 0.790833 0.745000 0.022500 0.023333
2 0.705833 0.371667 0.014167 0.015000
2 0.343333 0.708333 0.010833 0.091667
2 0.467500 0.320000 0.013333 0.070000
3 0.690833 0.753333 0.011667 0.020000
3 0.449167 0.678333 0.008333 0.016667
2 0.487500 0.266667 0.011667 0.066667
3 0.605000 0.395000 0.017500 0.031667
3 0.348333 0.285000 0.007500 0.015000
3 0.455000 0.666667 0.009167 0.023333
2 0.529167 0.643333 0.097500 0.053333
2 0.822500 0.406667 0.027500 0.016667
2 0.576667 0.705000 0.035000 0.105000
3 0.786667 0.398333 0.008333 0.016667
3 0.644167 0.410000 0.013333 0.015000
3 0.340000 0.710000 0.008333 0.016667
2 0.795833 0.698333 0.011667 0.066667
2 0.656667 0.366667 0.019167 0.046667
3 0.327500 0.648333 0.011667 0.020000
2 0.777500 0.420000 0.034167 0.100000
3 0.238333 0.368333 0.013333 0.015000
2 0.643333 0.708333 0.021667 0.090000
3 0.704167 0.281667 0.009167 0.015000
3 0.685833 0.366667 0.009167 0.015000
2 0.325833 0.800000 0.014167 0.015000
2 0.450000 0.646667 0.019167 0.046667
3 0.743333 0.670000 0.009167 0.015000
2 0.635000 0.708333 0.021667 0.090000
2 0.199167 0.658333 0.014167 0.015000
2 0.536667 0.323333 0.019167 0.046667
3 0.323333 0.760000 0.010833 0.013333
3 0.422500 0.816667 0.011667 0.020000
2 0.535833 0.723333 0.021667 0.090000
2 0.355000 0.235000 0.015833 0.068333
3 0.777500 0.651667 0.007500 0.018333
2 0.760833 0.668333 0.034167 0.038333
2 0.677500 0.620000 0.010000 0.031667
2 0.260833 0.656667 0.023333 0.106667
2 0.275000 0.776667 0.020833 0.080000
2 0.221667 0.653333 0.020833 0.028333
2 0.750833 0.313333 0.010000 0.031667
3 0.324167 0.371667 0.009167 0.023333
3 0.435833 0.683333 0.009167 0.023333
3 0.640000 0.625000 0.010833 0.023333
3 0.671667 0.408333 0.007500 0.018333
3 0.301667 0.746667 0.010000 0.020000
3 0.764167 0.713333 0.009167 0.016667
2 0.804167 0.631667 0.011667 0.066667
3 0.576667 0.620000 0.006667 0.018333
3 0.779167 0.325000 0.009167 0.016667
3 0.556667 0.818333 0.007500 0.018333
2 0.679167 0.280000 0.026667 0.035000
3 0.740000 0.416667 0.006667 0.018333
2 0.620833 0.670000 0.030833 0.051667
2 0.655000 0.478333 0.020833 0.080000
3 0.323333 0.353333 0.006667 0.018333
3 0.225000 0.408333 0.007500 0.018333
3 0.269167 0.868333 0.011667 0.030000
2 0.728333 0.698333 0.009167 0.040000
2 0.284167 0.738333 0.026667 0.035000
2 0.485833 0.358333 0.021667 0.090000
3 0.797500 0.658333 0.007500 0.016667
3 0.732500 0.441667 0.011667 0.030000
3 0.795000 0.416667 0.011667 0.020000
3 0.440833 0.381667 0.017500 0.031667
3 0.340000 0.386667 0.007500 0.015000
3 0.750833 0.398333 0.011667 0.020000
2 0.669167 0.633333 0.011667 0.025000
2 0.433333 0.761667 0.010833 0.091667
3 0.158333 0.413333 0.009167 0.016667
2 0.535833 0.661667 0.026667 0.035000
3 0.325833 0.656667 0.007500 0.015000
2 0.325000 0.300000 0.021667 0.090000
2 0.745833 0.345000 0.010833 0.091667
2 0.670833 0.350000 0.011667 0.025000
3 0.722500 0.391667 0.011667 0.020000
2 0.680000 0.291667 0.035000 0.105000
3 0.312500 0.386667 0.008333 0.016667
2 0.266667 0.761667 0.029167 0.038333
2 0.544167 0.643333 0.020000 0.021667
3 0.265833 0.731667 0.013333 0.015000
3 0.640833 0.658333 0.009167 0.018333
2 0.715000 0.423333 0.017500 0.116667
3 0.785000 0.405000 0.013333 0.015000
2 0.750833 0.625000 0.010000 0.031667
2 0.360000 0.360000 0.048333 0.025000
2 0.410000 0.660000 0.009167 0.040000
3 0.499167 0.266667 0.007500 0.015000
3 0.317500 0.656667 0.015833 0.051667
2 0.550000 0.706667 0.017500 0.116667
2 0.481667 0.313333 0.009167 0.040000
2 0.283333 0.708333 0.029167 0.038333
2 0.553333 0.663333 0.029167 0.038333
3 0.190000 0.653333 0.011667 0.030000
2 0.602500 0.393333 0.048333 0.025000
2 0.690000 0.698333 0.026667 0.035000
3 0.515000 0.313333 0.009167 0.023333
2 0.250000 0.776667 0.022500 0.023333
3 0.253333 0.383333 0.007500 0.018333
2 0.299167 0.706667 0.058333 0.076667
2 0.506667 0.413333 0.020833 0.028333
3 0.448333 0.655000 0.009167 0.016667
2 0.700000 0.661667 0.020833 0.080000
3 0.400833 0.653333 0.014167 0.025000
2 0.655833 0.396667 0.013333 0.070000
2 0.528333 0.240000 0.035000 0.105000
2 0.280000 0.163333 0.026667 0.035000
3 0.679167 0.346667 0.007500 0.015000
2 0.405833 0.675000 0.017500 0.116667
