4 0.865000 0.666667 0.058333 0.095000
4 0.886667 0.556667 0.045000 0.020000
4 0.774167 0.515000 0.186667 0.073333
4 0.812500 0.485000 0.165833 0.175000
4 0.790833 0.455000 0.270000 0.076667
4 0.850833 0.426667 0.128333 0.106667
4 0.774167 0.461667 0.181667 0.085000
4 0.821667 0.505000 0.075833 0.058333
4 0.820000 0.533333 0.106667 0.080000
4 0.832500 0.521667 0.075000 0.198333
4 0.550000 0.505000 0.118333 0.030000
4 0.475000 0.538333 0.250000 0.095000
4 0.249167 0.473333 0.077500 0.136667
4 0.025833 0.508333 0.051667 0.066667
4 0.144167 0.593333 0.042500 0.048333
4 0.725833 0.563333 0.107500 0.048333
4 0.119167 0.485000 0.070833 0.128333
4 0.610833 0.588333 0.292500 0.116667
4 0.109167 0.510000 0.100000 0.045000
4 0.303333 0.483333 0.117500 0.110000
3 0.829167 0.496667 0.008333 0.016667
2 0.450000 0.505000 0.020833 0.080000
3 0.434167 0.580000 0.011667 0.030000
2 0.569167 0.606667 0.013333 0.070000
3 0.573333 0.463333 0.010000 0.016667
3 0.091667 0.473333 0.008333 0.016667
3 0.548333 0.591667 0.010000 0.020000
2 0.058333 0.560000 0.023333 0.041667
2 0.254167 0.541667 0.022500 0.023333
2 0.205833 0.588333 0.045833 0.021667
2 0.522500 0.505000 0.020833 0.028333
2 0.678333 0.490000 0.020833 0.028333
2 0.496667 0.548333 0.058333 0.076667
3 0.366667 0.533333 0.008333 0.021667
3 0.820833 0.663333 0.017500 0.031667
2 0.713333 0.625000 0.020833 0.080000
2 0.428333 0.595000 0.015833 0.068333
2 0.085000 0.480000 0.010000 0.031667
3 0.048333 0.545000 0.006667 0.018333
2 0.630000 0.546667 0.027500 0.016667
2 0.316667 0.533333 0.014167 0.015000
3 0.599167 0.530000 0.008333 0.016667
3 0.670833 0.485000 0.009167 0.023333
3 0.170000 0.451667 0.008333 0.016667
2 0.496667 0.496667 0.048333 0.025000
2 0.277500 0.451667 0.058333 0.076667
3 0.482500 0.513333 0.010833 0.023333
3 0.585000 0.461667 0.013333 0.015000
3 0.388333 0.498333 0.008333 0.016667
2 0.635833 0.505000 0.011667 0.025000
3 0.741667 0.526667 0.009167 0.023333
3 0.759167 0.473333 0.009167 0.015000
3 0.181667 0.560000 0.009167 0.016667
3 0.544167 0.595000 0.011667 0.020000
3 0.026667 0.521667 0.007500 0.015000
2 0.735833 0.473333 0.011667 0.025000
3 0.434167 0.615000 0.015833 0.051667
2 0.654167 0.513333 0.020000 0.021667
3 0.398333 0.578333 0.009167 0.016667
3 0.271667 0.501667 0.007500 0.018333
2 0.183333 0.466667 0.009167 0.031667
2 0.675833 0.525000 0.058333 0.076667
2 0.341667 0.605000 0.010000 0.031667
3 0.318333 0.560000 0.009167 0.016667
2 0.408333 0.511667 0.026667 0.035000
3 0.295000 0.595000 0.010833 0.013333
2 0.408333 0.476667 0.020833 0.028333
2 0.226667 0.541667 0.034167 0.100000
2 0.599167 0.501667 0.023333 0.106667
3 0.100000 0.561667 0.007500 0.015000
2 0.375833 0.521667 0.023333 0.041667
2 0.658333 0.506667 0.045833 0.021667
2 0.518333 0.556667 0.011667 0.025000
3 0.171667 0.551667 0.007500 0.016667
2 0.115833 0.580000 0.011667 0.025000
3 0.531667 0.450000 0.010833 0.013333
3 0.295000 0.561667 0.007500 0.018333
3 0.535000 0.473333 0.010000 0.016667
2 0.419167 0.396667 0.097500 0.053333
2 0.102500 0.580000 0.023333 0.041667
3 0.061667 0.468333 0.007500 0.018333
2 0.527500 0.468333 0.035000 0.105000
3 0.073333 0.490000 0.007500 0.018333
3 0.165000 0.520000 0.008333 0.016667
3 0.252500 0.458333 0.007500 0.016667
2 0.440000 0.530000 0.035000 0.105000
3 0.115000 0.515000 0.007500 0.015000
2 0.754167 0.485000 0.013333 0.070000
2 0.250000 0.488333 0.034167 0.038333
2 0.325000 0.510000 0.010833 0.091667
3 0.501667 0.453333 0.007500 0.015000
3 0.559167 0.541667 0.009167 0.016667
2 0.020833 0.510000 0.020833 0.080000
2 0.485833 0.585000 0.013333 0.070000
2 0.529167 0.555000 0.097500 0.053333
3 0.717500 0.485000 0.009167 0.018333
2 0.604167 0.528333 0.017500 0.116667
3 0.481667 0.455000 0.009167 0.015000
3 0.175000 0.591667 0.009167 0.023333
3 0.615000 0.545000 0.008333 0.016667
3 0.415833 0.526667 0.017500 0.031667
2 0.706667 0.576667 0.034167 0.038333
3 0.344167 0.520000 0.007500 0.015000
2 0.815833 0.583333 0.009167 0.040000
3 0.761667 0.553333 0.010000 0.020000
2 0.252500 0.488333 0.058333 0.076667
2 0.181667 0.545000 0.020000 0.021667
3 0.057500 0.510000 0.008333 0.016667
2 0.675833 0.478333 0.022500 0.023333
2 0.500833 0.533333 0.015833 0.068333
3 0.771667 0.563333 0.011667 0.020000
2 0.425000 0.608333 0.021667 0.090000
3 0.299167 0.493333 0.007500 0.018333
3 0.665000 0.478333 0.013333 0.031667
3 0.353333 0.551667 0.009167 0.016667
3 0.623333 0.470000 0.009167 0.016667
2 0.614167 0.511667 0.020833 0.080000
2 0.456667 0.475000 0.013333 0.070000
2 0.078333 0.513333 0.058333 0.076667
3 0.360833 0.563333 0.007500 0.016667
3 0.206667 0.538333 0.010833 0.013333
2 0.400000 0.505000 0.029167 0.038333
3 0.730000 0.643333 0.007500 0.015000
3 0.570833 0.695000 0.008333 0.016667
2 0.658333 0.628333 0.020833 0.080000
2 0.506667 0.386667 0.034167 0.038333
2 0.696667 0.385000 0.010833 0.091667
2 0.778333 0.358333 0.015833 0.068333
3 0.451667 0.266667 0.013333 0.015000
3 0.640000 0.353333 0.007500 0.016667
3 0.423333 0.396667 0.007500 0.015000
3 0.402500 0.798333 0.013333 0.031667
3 0.455833 0.663333 0.007500 0.016667
2 0.808333 0.425000 0.020833 0.080000
2 0.640833 0.453333 0.013333 0.070000
3 0.779167 0.413333 0.008333 0.016667
3 0.225000 0.766667 0.007500 0.015000
3 0.530000 0.998333 0.010833 0.001667
2 0.596667 0.745000 0.020000 0.021667
3 0.530833 0.418333 0.015833 0.051667
2 0.311667 0.395000 0.034167 0.100000
3 0.585000 0.641667 0.009167 0.016667
2 0.485833 0.293333 0.034167 0.038333
2 0.783333 0.693333 0.009167 0.031667
2 0.345000 0.705000 0.009167 0.040000
3 0.775833 0.648333 0.010833 0.013333
2 0.620833 0.343333 0.097500 0.053333
2 0.235000 0.425000 0.034167 0.100000
2 0.682500 0.366667 0.027500 0.016667
3 0.677500 0.641667 0.011667 0.030000
2 0.745000 0.705000 0.048333 0.025000
2 0.734167 0.643333 0.048333 0.043333
3 0.708333 0.433333 0.011667 0.020000
3 0.279167 0.670000 0.009167 0.016667
2 0.415000 0.340000 0.035000 0.105000
2 0.555000 0.438333 0.027500 0.016667
2 0.722500 0.728333 0.026667 0.035000
3 0.560833 0.373333 0.010833 0.023333
3 0.651667 0.653333 0.007500 0.016667
2 0.707500 0.683333 0.023333 0.041667
2 0.337500 0.695000 0.021667 0.090000
2 0.314167 0.723333 0.027500 0.016667
2 0.439167 0.806667 0.097500 0.053333
3 0.617500 0.645000 0.009167 0.015000
3 0.719167 0.618333 0.013333 0.015000
3 0.678333 0.726667 0.007500 0.015000
3 0.271667 0.318333 0.010833 0.013333
3 0.380000 0.366667 0.008333 0.016667
3 0.755833 0.411667 0.007500 0.015000
2 0.637500 0.378333 0.011667 0.066667
2 0.405833 0.715000 0.011667 0.066667
2 0.278333 0.863333 0.013333 0.070000
2 0.480833 0.375000 0.097500 0.053333
2 0.327500 0.715000 0.019167 0.046667
2 0.668333 0.433333 0.023333 0.041667
2 0.318333 0.740000 0.020000 0.021667
3 0.268333 0.701667 0.010000 0.020000
2 0.710000 0.650000 0.026667 0.035000
3 0.412500 0.398333 0.009167 0.016667
2 0.726667 0.720000 0.017500 0.116667
2 0.628333 0.383333 0.048333 0.025000
2 0.335000 0.226667 0.010000 0.031667
3 0.362500 0.396667 0.007500 0.015000
3 0.628333 0.413333 0.009167 0.016667
2 0.305833 0.320000 0.011667 0.066667
3 0.737500 0.270000 0.007500 0.015000
3 0.270000 0.691667 0.009167 0.023333
2 0.753333 0.351667 0.045833 0.021667
3 0.725833 0.598333 0.010000 0.016667
3 0.329167 0.340000 0.007500 0.016667
2 0.526667 0.638333 0.035000 0.105000
2 0.662500 0.248333 0.034167 0.038333
2 0.751667 0.608333 0.045833 0.021667
3 0.749167 0.448333 0.008333 0.016667
3 0.780833 0.673333 0.008333 0.016667
2 0.309167 0.796667 0.048333 0.043333
3 0.378333 0.358333 0.011667 0.020000
3 0.231667 0.388333 0.011667 0.020000
2 0.273333 0.261667 0.035000 0.105000
3 0.312500 0.641667 0.013333 0.015000
3 0.693333 0.386667 0.009167 0.018333
2 0.697500 0.425000 0.048333 0.043333
2 0.552500 0.658333 0.048333 0.043333
3 0.306667 0.810000 0.007500 0.016667
2 0.550833 0.378333 0.023333 0.106667
2 0.481667 0.256667 0.020000 0.021667
3 0.623333 0.385000 0.007500 0.018333
3 0.281667 0.130000 0.017500 0.031667
2 0.309167 0.386667 0.026667 0.035000
3 0.553333 0.640000 0.010000 0.020000
2 0.502500 0.310000 0.020833 0.028333
3 0.679167 0.398333 0.007500 0.015000
2 0.325000 0.388333 0.020000 0.021667
3 0.390833 0.673333 0.009167 0.016667
3 0.646667 0.436667 0.010833 0.013333
2 0.502500 0.353333 0.048333 0.043333
2 0.445000 0.265000 0.019167 0.046667
2 0.480000 0.328333 0.023333 0.106667
3 0.574167 0.663333 0.007500 0.015000
2 0.745833 0.693333 0.011667 0.025000
2 0.406667 0.391667 0.010833 0.091667
2 0.781667 0.373333 0.020000 0.021667
2 0.285833 0.151667 0.014167 0.015000
3 0.342500 0.310000 0.009167 0.016667
2 0.755833 0.376667 0.020833 0.028333
3 0.383333 0.370000 0.017500 0.031667
3 0.500000 0.775000 0.007500 0.018333
2 0.776667 0.398333 0.011667 0.025000
3 0.278333 0.430000 0.014167 0.025000
2 0.674167 0.381667 0.010833 0.091667
3 0.315833 0.643333 0.011667 0.030000
3 0.636667 0.670000 0.010000 0.020000
3 0.640000 0.645000 0.009167 0.018333
2 0.606667 0.366667 0.020833 0.080000
3 0.594167 0.743333 0.009167 0.016667
2 0.652500 0.390000 0.022500 0.023333
3 0.558333 0.420000 0.007500 0.015000
3 0.517500 0.406667 0.008333 0.016667
2 0.383333 0.361667 0.017500 0.116667
3 0.215833 0.680000 0.014167 0.025000
2 0.674167 0.333333 0.009167 0.040000
3 0.752500 0.715000 0.010000 0.016667
2 0.560833 0.351667 0.020833 0.080000
2 0.639167 0.408333 0.023333 0.041667
2 0.303333 0.641667 0.011667 0.066667
2 0.213333 0.685000 0.020000 0.021667
3 0.682500 0.670000 0.015833 0.051667
2 0.425833 0.143333 0.048333 0.025000
2 0.775000 0.436667 0.030833 0.051667
2 0.457500 0.696667 0.023333 0.041667
2 0.226667 0.788333 0.034167 0.100000
3 0.759167 0.410000 0.014167 0.025000
3 0.318333 0.376667 0.008333 0.016667
2 0.545833 0.625000 0.009167 0.040000
2 0.748333 0.631667 0.019167 0.046667
3 0.803333 0.728333 0.010000 0.020000
2 0.609167 0.318333 0.015833 0.068333
2 0.305833 0.243333 0.026667 0.035000
2 0.709167 0.343333 0.011667 0.066667
3 0.540000 0.256667 0.011667 0.030000
2 0.495000 0.346667 0.030833 0.051667
2 0.356667 0.648333 0.010833 0.091667
3 0.325833 0.658333 0.008333 0.016667
2 0.371667 0.676667 0.048333 0.025000
3 0.550000 0.666667 0.010833 0.023333
2 0.760833 0.358333 0.027500 0.016667
2 0.218333 0.355000 0.023333 0.106667
3 0.714167 0.370000 0.011667 0.020000
2 0.668333 0.628333 0.034167 0.038333
3 0.377500 0.383333 0.011667 0.020000
3 0.604167 0.333333 0.008333 0.021667
2 0.580000 0.421667 0.019167 0.046667
2 0.308333 0.243333 0.019167 0.046667
3 0.566667 0.243333 0.007500 0.015000
2 0.613333 0.368333 0.034167 0.038333
2 0.237500 0.415000 0.097500 0.053333
3 0.797500 0.623333 0.008333 0.016667
3 0.775000 0.786667 0.009167 0.023333
3 0.493333 0.265000 0.013333 0.031667
3 0.625833 0.350000 0.008333 0.016667
2 0.336667 0.408333 0.048333 0.025000
3 0.456667 0.351667 0.007500 0.015000
3 0.420833 0.681667 0.013333 0.015000
2 0.312500 0.710000 0.017500 0.116667
2 0.747500 0.656667 0.010833 0.091667
2 0.343333 0.406667 0.010833 0.091667
2 0.270833 0.403333 0.020000 0.021667
3 0.770000 0.378333 0.010000 0.016667
2 0.766667 0.360000 0.027500 0.016667
3 0.605000 0.731667 0.008333 0.016667
2 0.728333 0.731667 0.021667 0.090000
3 0.672500 0.711667 0.014167 0.025000
3 0.748333 0.643333 0.011667 0.020000
2 0.520833 0.441667 0.010833 0.091667
3 0.644167 0.683333 0.011667 0.030000
3 0.280000 0.838333 0.009167 0.016667
3 0.781667 0.370000 0.010000 0.020000
2 0.270000 0.696667 0.011667 0.066667
2 0.668333 0.311667 0.058333 0.076667
2 0.673333 0.283333 0.013333 0.070000
3 0.696667 0.363333 0.009167 0.018333
3 0.727500 0.641667 0.013333 0.015000
3 0.551667 0.235000 0.007500 0.015000
2 0.636667 0.655000 0.017500 0.116667
3 0.423333 0.218333 0.008333 0.016667
2 0.704167 0.998333 0.021667 0.001667
2 0.273333 0.753333 0.015833 0.068333
3 0.672500 0.636667 0.007500 0.018333
2 0.710833 0.636667 0.026667 0.035000
3 0.267500 0.703333 0.011667 0.020000
2 0.789167 0.578333 0.035000 0.105000
3 0.513333 0.198333 0.007500 0.018333
3 0.791667 0.395000 0.006667 0.018333
3 0.706667 0.691667 0.007500 0.015000
2 0.637500 0.331667 0.015833 0.068333
2 0.679167 0.321667 0.009167 0.040000
2 0.275833 0.343333 0.026667 0.035000
2 0.385000 0.355000 0.027500 0.016667
2 0.338333 0.221667 0.010000 0.031667
3 0.785000 0.381667 0.010000 0.020000
