4 0.855000 0.471667 0.068333 0.036667
4 0.894167 0.411667 0.054167 0.026667
4 0.750000 0.316667 0.247500 0.158333
4 0.842500 0.573333 0.090000 0.171667
4 0.858333 0.316667 0.109167 0.218333
4 0.859167 0.513333 0.072500 0.021667
4 0.833333 0.580000 0.152500 0.073333
4 0.770833 0.483333 0.201667 0.215000
4 0.815000 0.643333 0.065000 0.116667
4 0.813333 0.690000 0.084167 0.210000
4 0.530833 0.545000 0.041667 0.028333
4 0.146667 0.491667 0.040000 0.078333
4 0.660000 0.593333 0.044167 0.105000
4 0.275000 0.500000 0.049167 0.086667
4 0.714167 0.610000 0.061667 0.168333
4 0.117500 0.500000 0.106667 0.076667
4 0.190000 0.421667 0.230000 0.295000
4 0.627500 0.498333 0.094167 0.053333
4 0.066667 0.566667 0.077500 0.143333
4 0.393333 0.561667 0.089167 0.146667
2 0.282500 0.456667 0.009167 0.040000
3 0.195833 0.543333 0.011667 0.030000
3 0.090000 0.556667 0.006667 0.018333
2 0.757500 0.540000 0.020833 0.028333
2 0.395833 0.453333 0.019167 0.046667
3 0.645833 0.516667 0.008333 0.016667
3 0.707500 0.560000 0.007500 0.015000
2 0.663333 0.560000 0.023333 0.106667
2 0.590833 0.475000 0.034167 0.038333
2 0.291667 0.465000 0.023333 0.106667
3 0.667500 0.540000 0.011667 0.020000
2 0.473333 0.443333 0.014167 0.015000
3 0.583333 0.558333 0.008333 0.016667
2 0.069167 0.568333 0.030833 0.051667
2 0.568333 0.551667 0.027500 0.016667
3 0.400833 0.508333 0.008333 0.016667
3 0.062500 0.556667 0.017500 0.031667
3 0.154167 0.536667 0.010000 0.020000
3 0.137500 0.491667 0.009167 0.018333
2 0.497500 0.521667 0.013333 0.070000
3 0.609167 0.588333 0.008333 0.016667
2 0.140833 0.523333 0.035000 0.105000
2 0.481667 0.521667 0.020000 0.021667
2 0.222500 0.468333 0.017500 0.116667
3 0.775000 0.498333 0.009167 0.016667
3 0.122500 0.525000 0.009167 0.023333
2 0.504167 0.463333 0.017500 0.116667
2 0.645000 0.518333 0.097500 0.053333
2 0.472500 0.478333 0.019167 0.046667
2 0.615000 0.511667 0.048333 0.043333
3 0.538333 0.508333 0.011667 0.030000
2 0.323333 0.606667 0.034167 0.038333
2 0.791667 0.506667 0.019167 0.046667
2 0.683333 0.593333 0.048333 0.025000
2 0.767500 0.490000 0.020833 0.028333
3 0.282500 0.506667 0.009167 0.016667
2 0.702500 0.605000 0.030833 0.051667
3 0.821667 0.488333 0.011667 0.030000
3 0.420833 0.491667 0.007500 0.016667
2 0.639167 0.461667 0.010000 0.031667
3 0.668333 0.556667 0.015833 0.051667
2 0.079167 0.495000 0.027500 0.016667
2 0.803333 0.471667 0.009167 0.031667
2 0.767500 0.540000 0.097500 0.053333
3 0.525833 0.496667 0.015833 0.051667
2 0.557500 0.483333 0.048333 0.025000
3 0.795833 0.498333 0.008333 0.016667
2 0.494167 0.426667 0.020000 0.021667
3 0.467500 0.431667 0.010833 0.023333
3 0.483333 0.538333 0.007500 0.018333
2 0.159167 0.516667 0.014167 0.015000
2 0.723333 0.556667 0.020000 0.021667
3 0.374167 0.488333 0.007500 0.018333
2 0.192500 0.448333 0.022500 0.023333
2 0.258333 0.506667 0.058333 0.076667
3 0.216667 0.553333 0.009167 0.023333
2 0.245833 0.486667 0.048333 0.043333
2 0.729167 0.515000 0.010833 0.091667
2 0.710000 0.511667 0.048333 0.043333
3 0.809167 0.503333 0.009167 0.016667
2 0.657500 0.505000 0.020000 0.021667
2 0.064167 0.523333 0.011667 0.025000
2 0.727500 0.491667 0.026667 0.035000
3 0.439167 0.570000 0.011667 0.030000
3 0.163333 0.473333 0.008333 0.016667
3 0.666667 0.471667 0.009167 0.016667
2 0.424167 0.473333 0.058333 0.076667
3 0.444167 0.495000 0.007500 0.016667
3 0.139167 0.478333 0.010833 0.023333
3 0.063333 0.560000 0.006667 0.018333
3 0.605833 0.618333 0.008333 0.021667
2 0.460000 0.476667 0.013333 0.070000
3 0.203333 0.525000 0.006667 0.018333
3 0.128333 0.543333 0.015833 0.051667
3 0.525000 0.493333 0.010000 0.016667
3 0.791667 0.568333 0.008333 0.016667
2 0.190000 0.520000 0.020833 0.080000
2 0.238333 0.575000 0.022500 0.023333
2 0.672500 0.553333 0.015833 0.068333
3 0.440833 0.493333 0.007500 0.015000
3 0.605000 0.473333 0.014167 0.025000
2 0.628333 0.506667 0.027500 0.016667
2 0.354167 0.605000 0.030833 0.051667
3 0.095833 0.553333 0.009167 0.018333
3 0.475833 0.458333 0.007500 0.016667
2 0.649167 0.493333 0.045833 0.021667
3 0.521667 0.476667 0.007500 0.018333
3 0.658333 0.495000 0.007500 0.015000
3 0.535000 0.525000 0.010000 0.020000
3 0.166667 0.520000 0.008333 0.016667
3 0.464167 0.513333 0.007500 0.015000
2 0.736667 0.516667 0.030833 0.051667
3 0.568333 0.576667 0.013333 0.031667
3 0.173333 0.515000 0.007500 0.018333
2 0.351667 0.490000 0.011667 0.066667
3 0.124167 0.595000 0.010000 0.016667
3 0.097500 0.576667 0.010833 0.013333
3 0.238333 0.570000 0.009167 0.015000
2 0.450833 0.586667 0.010833 0.091667
3 0.065000 0.490000 0.008333 0.016667
3 0.490000 0.536667 0.007500 0.018333
3 0.281667 0.535000 0.015833 0.051667
3 0.480833 0.638333 0.008333 0.016667
2 0.422500 0.771667 0.029167 0.038333
3 0.684167 0.276667 0.010833 0.013333
2 0.652500 0.655000 0.017500 0.116667
3 0.537500 0.421667 0.007500 0.016667
3 0.412500 0.401667 0.009167 0.023333
3 0.809167 0.383333 0.013333 0.015000
3 0.671667 0.641667 0.006667 0.018333
3 0.424167 0.815000 0.008333 0.016667
3 0.729167 0.610000 0.010000 0.020000
2 0.332500 0.215000 0.020833 0.028333
3 0.304167 0.663333 0.009167 0.016667
2 0.462500 0.718333 0.023333 0.041667
3 0.723333 0.436667 0.008333 0.016667
3 0.755000 0.606667 0.007500 0.015000
3 0.725833 0.611667 0.008333 0.021667
3 0.318333 0.378333 0.008333 0.016667
2 0.328333 0.266667 0.026667 0.035000
3 0.810000 0.630000 0.007500 0.015000
2 0.462500 0.325000 0.023333 0.106667
3 0.706667 0.436667 0.009167 0.015000
2 0.491667 0.293333 0.035000 0.105000
3 0.808333 0.616667 0.007500 0.015000
2 0.630000 0.628333 0.045833 0.021667
3 0.727500 0.601667 0.009167 0.016667
2 0.320833 0.673333 0.058333 0.076667
3 0.795833 0.735000 0.013333 0.015000
3 0.679167 0.638333 0.007500 0.018333
3 0.315000 0.708333 0.017500 0.031667
2 0.478333 0.453333 0.023333 0.041667
3 0.655833 0.416667 0.006667 0.018333
3 0.299167 0.398333 0.007500 0.018333
3 0.802500 0.396667 0.007500 0.015000
2 0.258333 0.378333 0.097500 0.053333
2 0.510833 0.660000 0.097500 0.053333
3 0.343333 0.643333 0.011667 0.030000
3 0.645833 0.370000 0.010000 0.016667
3 0.456667 0.805000 0.008333 0.021667
2 0.412500 0.746667 0.020833 0.080000
2 0.636667 0.416667 0.015833 0.068333
2 0.635000 0.390000 0.030833 0.051667
2 0.721667 0.730000 0.034167 0.100000
3 0.387500 0.763333 0.007500 0.015000
3 0.795833 0.401667 0.009167 0.016667
3 0.741667 0.670000 0.013333 0.015000
2 0.691667 0.696667 0.023333 0.041667
3 0.725833 0.426667 0.009167 0.016667
2 0.738333 0.670000 0.058333 0.076667
2 0.216667 0.638333 0.015833 0.068333
3 0.768333 0.678333 0.007500 0.015000
3 0.440000 0.353333 0.015833 0.051667
2 0.237500 0.385000 0.045833 0.021667
2 0.642500 0.325000 0.035000 0.105000
3 0.270833 0.738333 0.008333 0.016667
2 0.745000 0.666667 0.020000 0.021667
2 0.536667 0.671667 0.034167 0.100000
3 0.795833 0.416667 0.009167 0.016667
2 0.139167 0.665000 0.034167 0.038333
3 0.296667 0.285000 0.017500 0.031667
2 0.757500 0.720000 0.023333 0.106667
3 0.340000 0.226667 0.008333 0.016667
2 0.209167 0.655000 0.045833 0.021667
3 0.262500 0.383333 0.014167 0.025000
2 0.726667 0.285000 0.015833 0.068333
2 0.650833 0.635000 0.009167 0.040000
3 0.810833 0.611667 0.007500 0.015000
3 0.800833 0.415000 0.008333 0.021667
2 0.451667 0.393333 0.020833 0.080000
3 0.718333 0.656667 0.009167 0.016667
2 0.726667 0.660000 0.048333 0.043333
2 0.775000 0.410000 0.009167 0.040000
2 0.562500 0.575000 0.035000 0.105000
2 0.795833 0.648333 0.027500 0.016667
3 0.556667 0.818333 0.007500 0.015000
2 0.685000 0.588333 0.015833 0.068333
2 0.709167 0.673333 0.058333 0.076667
2 0.798333 0.410000 0.048333 0.043333
2 0.341667 0.753333 0.009167 0.040000
3 0.789167 0.348333 0.010833 0.013333
3 0.226667 0.736667 0.006667 0.018333
3 0.692500 0.411667 0.007500 0.018333
2 0.674167 0.300000 0.030833 0.051667
2 0.299167 0.723333 0.020833 0.080000
2 0.429167 0.248333 0.058333 0.076667
2 0.700833 0.998333 0.045833 0.001667
2 0.556667 0.670000 0.023333 0.106667
3 0.537500 0.700000 0.017500 0.031667
2 0.687500 0.648333 0.034167 0.038333
3 0.706667 0.281667 0.008333 0.016667
3 0.733333 0.721667 0.010833 0.023333
3 0.253333 0.643333 0.010000 0.020000
2 0.532500 0.750000 0.045833 0.021667
3 0.385833 0.391667 0.010833 0.023333
3 0.455000 0.353333 0.011667 0.020000
3 0.790000 0.645000 0.008333 0.016667
3 0.327500 0.421667 0.017500 0.031667
3 0.305000 0.291667 0.007500 0.016667
3 0.679167 0.668333 0.007500 0.016667
3 0.312500 0.385000 0.007500 0.016667
3 0.414167 0.780000 0.007500 0.015000
3 0.517500 0.410000 0.017500 0.031667
2 0.563333 0.661667 0.020833 0.028333
2 0.503333 0.703333 0.013333 0.070000
2 0.649167 0.440000 0.034167 0.100000
2 0.170000 0.386667 0.019167 0.046667
2 0.515833 0.598333 0.010000 0.031667
2 0.650000 0.670000 0.020833 0.028333
2 0.740000 0.741667 0.020833 0.080000
3 0.781667 0.598333 0.007500 0.018333
3 0.602500 0.998333 0.014167 0.001667
2 0.258333 0.733333 0.026667 0.035000
3 0.426667 0.813333 0.011667 0.020000
2 0.695833 0.643333 0.035000 0.105000
2 0.515833 0.433333 0.021667 0.090000
2 0.312500 0.410000 0.020000 0.021667
2 0.680000 0.355000 0.020000 0.021667
2 0.669167 0.666667 0.034167 0.100000
3 0.217500 0.673333 0.009167 0.016667
2 0.825833 0.413333 0.010000 0.031667
2 0.436667 0.353333 0.009167 0.040000
3 0.727500 0.681667 0.010000 0.020000
2 0.312500 0.260000 0.013333 0.070000
3 0.274167 0.260000 0.009167 0.015000
2 0.722500 0.726667 0.097500 0.053333
2 0.225000 0.666667 0.020833 0.028333
3 0.282500 0.400000 0.008333 0.016667
2 0.344167 0.386667 0.014167 0.015000
3 0.389167 0.755000 0.007500 0.016667
2 0.755000 0.606667 0.020000 0.021667
2 0.410000 0.686667 0.022500 0.023333
3 0.358333 0.643333 0.007500 0.015000
3 0.265000 0.796667 0.010833 0.023333
2 0.792500 0.415000 0.022500 0.023333
2 0.635833 0.401667 0.058333 0.076667
3 0.682500 0.673333 0.009167 0.018333
2 0.785833 0.630000 0.029167 0.038333
3 0.715833 0.616667 0.010000 0.016667
3 0.763333 0.418333 0.011667 0.030000
2 0.532500 0.276667 0.011667 0.025000
2 0.703333 0.435000 0.027500 0.016667
3 0.367500 0.678333 0.009167 0.016667
2 0.771667 0.703333 0.013333 0.070000
2 0.633333 0.441667 0.022500 0.023333
3 0.170000 0.388333 0.009167 0.023333
2 0.383333 0.373333 0.015833 0.068333
2 0.275833 0.750000 0.011667 0.066667
3 0.635833 0.390000 0.013333 0.031667
2 0.416667 0.683333 0.048333 0.025000
2 0.255000 0.806667 0.022500 0.023333
2 0.314167 0.321667 0.030833 0.051667
2 0.667500 0.616667 0.009167 0.040000
2 0.696667 0.686667 0.020833 0.080000
3 0.334167 0.650000 0.007500 0.015000
2 0.480833 0.708333 0.021667 0.090000
2 0.266667 0.693333 0.021667 0.090000
2 0.713333 0.605000 0.034167 0.038333
3 0.513333 0.703333 0.011667 0.020000
2 0.687500 0.365000 0.027500 0.016667
2 0.540000 0.613333 0.020833 0.080000
2 0.745000 0.365000 0.009167 0.040000
3 0.325000 0.690000 0.008333 0.016667
2 0.734167 0.415000 0.026667 0.035000
2 0.506667 0.345000 0.013333 0.070000
2 0.552500 0.661667 0.022500 0.023333
2 0.773333 0.443333 0.034167 0.100000
3 0.655000 0.623333 0.008333 0.016667
2 0.659167 0.463333 0.013333 0.070000
2 0.778333 0.718333 0.009167 0.040000
2 0.430000 0.720000 0.021667 0.090000
2 0.690000 0.293333 0.030833 0.051667
3 0.781667 0.598333 0.007500 0.018333
2 0.335000 0.846667 0.023333 0.106667
3 0.813333 0.628333 0.009167 0.015000
2 0.510000 0.731667 0.019167 0.046667
2 0.641667 0.293333 0.035000 0.105000
2 0.690833 0.638333 0.011667 0.066667
2 0.759167 0.641667 0.021667 0.090000
3 0.592500 0.740000 0.013333 0.015000
2 0.708333 0.675000 0.048333 0.025000
3 0.313333 0.400000 0.008333 0.016667
3 0.328333 0.338333 0.009167 0.015000
2 0.747500 0.653333 0.023333 0.041667
3 0.805000 0.335000 0.007500 0.016667
3 0.720000 0.338333 0.009167 0.018333
2 0.635833 0.626667 0.020833 0.028333
3 0.440833 0.376667 0.007500 0.015000
2 0.312500 0.361667 0.020833 0.028333
3 0.775833 0.711667 0.009167 0.016667
2 0.335833 0.430000 0.034167 0.100000
3 0.426667 0.813333 0.011667 0.020000
3 0.359167 0.251667 0.007500 0.018333
3 0.708333 0.688333 0.017500 0.031667
2 0.532500 0.418333 0.017500 0.116667
2 0.481667 0.273333 0.020000 0.021667
3 0.406667 0.736667 0.009167 0.016667
3 0.768333 0.405000 0.013333 0.031667
3 0.605000 0.368333 0.007500 0.018333
3 0.786667 0.401667 0.007500 0.015000
