4 0.855000 0.386667 0.050833 0.050000
4 0.859167 0.656667 0.074167 0.181667
4 0.773333 0.605000 0.246667 0.203333
4 0.766667 0.456667 0.173333 0.136667
4 0.860833 0.681667 0.085833 0.093333
4 0.859167 0.515000 0.138333 0.128333
4 0.825833 0.480000 0.086667 0.073333
4 0.806667 0.546667 0.130000 0.181667
4 0.850833 0.495000 0.040000 0.056667
4 0.864167 0.480000 0.080833 0.065000
4 0.495000 0.711667 0.170833 0.325000
4 0.281667 0.623333 0.099167 0.260000
4 0.646667 0.541667 0.087500 0.096667
4 0.280833 0.616667 0.198333 0.255000
4 0.520000 0.611667 0.070000 0.156667
4 0.500000 0.446667 0.109167 0.153333
4 0.236667 0.501667 0.105000 0.148333
4 0.252500 0.558333 0.069167 0.163333
4 0.605833 0.513333 0.184167 0.066667
4 0.312500 0.570000 0.118333 0.075000
2 0.120000 0.543333 0.020833 0.028333
2 0.280833 0.570000 0.011667 0.066667
2 0.415833 0.506667 0.029167 0.038333
2 0.205833 0.563333 0.009167 0.040000
3 0.280833 0.525000 0.007500 0.016667
2 0.646667 0.613333 0.020833 0.080000
2 0.630000 0.555000 0.009167 0.031667
2 0.140000 0.560000 0.020833 0.080000
3 0.352500 0.496667 0.014167 0.025000
3 0.194167 0.513333 0.007500 0.015000
3 0.745000 0.546667 0.007500 0.015000
2 0.704167 0.536667 0.010000 0.031667
2 0.025000 0.591667 0.048333 0.025000
2 0.765000 0.505000 0.034167 0.038333
2 0.360833 0.576667 0.019167 0.046667
2 0.139167 0.430000 0.035000 0.105000
3 0.181667 0.591667 0.007500 0.015000
3 0.201667 0.518333 0.007500 0.015000
3 0.151667 0.536667 0.007500 0.015000
2 0.041667 0.588333 0.010833 0.091667
2 0.524167 0.496667 0.035000 0.105000
2 0.755833 0.461667 0.020833 0.080000
2 0.061667 0.508333 0.022500 0.023333
3 0.332500 0.620000 0.010833 0.023333
2 0.368333 0.493333 0.013333 0.070000
2 0.274167 0.576667 0.019167 0.046667
2 0.080833 0.473333 0.097500 0.053333
3 0.508333 0.573333 0.009167 0.016667
3 0.552500 0.535000 0.009167 0.015000
2 0.515833 0.476667 0.010000 0.031667
2 0.605000 0.430000 0.034167 0.038333
2 0.720833 0.560000 0.034167 0.038333
3 0.185833 0.596667 0.007500 0.015000
2 0.753333 0.481667 0.013333 0.070000
2 0.311667 0.561667 0.015833 0.068333
3 0.158333 0.460000 0.013333 0.015000
3 0.081667 0.518333 0.008333 0.016667
3 0.210833 0.511667 0.010000 0.016667
3 0.264167 0.458333 0.008333 0.016667
2 0.201667 0.523333 0.011667 0.025000
3 0.288333 0.528333 0.009167 0.016667
2 0.778333 0.493333 0.019167 0.046667
3 0.796667 0.545000 0.014167 0.025000
3 0.697500 0.451667 0.007500 0.015000
2 0.299167 0.563333 0.020000 0.021667
3 0.698333 0.523333 0.010000 0.020000
2 0.319167 0.468333 0.023333 0.041667
3 0.330000 0.446667 0.007500 0.015000
3 0.786667 0.583333 0.008333 0.016667
3 0.388333 0.536667 0.008333 0.021667
3 0.570000 0.583333 0.007500 0.015000
2 0.579167 0.561667 0.034167 0.038333
3 0.675000 0.476667 0.017500 0.031667
2 0.234167 0.540000 0.023333 0.106667
2 0.230000 0.511667 0.034167 0.100000
2 0.117500 0.608333 0.034167 0.100000
2 0.785000 0.473333 0.035000 0.105000
2 0.124167 0.598333 0.023333 0.041667
2 0.630833 0.488333 0.020833 0.080000
3 0.276667 0.550000 0.015833 0.051667
2 0.198333 0.586667 0.023333 0.106667
2 0.180833 0.510000 0.023333 0.106667
3 0.579167 0.470000 0.006667 0.018333
3 0.602500 0.520000 0.017500 0.031667
3 0.624167 0.556667 0.017500 0.031667
2 0.273333 0.536667 0.011667 0.025000
3 0.600000 0.538333 0.009167 0.018333
3 0.165833 0.476667 0.009167 0.016667
3 0.288333 0.540000 0.010833 0.023333
2 0.164167 0.526667 0.035000 0.105000
2 0.190000 0.513333 0.048333 0.043333
3 0.116667 0.513333 0.009167 0.018333
2 0.490833 0.538333 0.023333 0.041667
2 0.178333 0.616667 0.030833 0.051667
3 0.618333 0.505000 0.011667 0.020000
3 0.245000 0.501667 0.013333 0.015000
3 0.344167 0.506667 0.009167 0.018333
2 0.314167 0.560000 0.023333 0.041667
2 0.056667 0.515000 0.017500 0.116667
2 0.338333 0.515000 0.022500 0.023333
3 0.650000 0.478333 0.013333 0.031667
3 0.326667 0.555000 0.009167 0.016667
2 0.403333 0.490000 0.020833 0.028333
3 0.655833 0.531667 0.009167 0.018333
3 0.210000 0.456667 0.007500 0.016667
3 0.442500 0.550000 0.009167 0.016667
2 0.343333 0.495000 0.034167 0.100000
2 0.412500 0.526667 0.017500 0.116667
2 0.714167 0.556667 0.020000 0.021667
2 0.529167 0.515000 0.010000 0.031667
3 0.630000 0.530000 0.007500 0.015000
3 0.402500 0.526667 0.008333 0.016667
2 0.354167 0.436667 0.009167 0.040000
2 0.250000 0.485000 0.009167 0.031667
2 0.760833 0.563333 0.058333 0.076667
3 0.610833 0.615000 0.010000 0.016667
2 0.245833 0.478333 0.048333 0.025000
2 0.321667 0.475000 0.021667 0.090000
2 0.474167 0.515000 0.009167 0.031667
3 0.031667 0.540000 0.011667 0.030000
2 0.043333 0.506667 0.011667 0.025000
2 0.429167 0.460000 0.034167 0.038333
2 0.548333 0.385000 0.021667 0.090000
3 0.785000 0.370000 0.009167 0.018333
3 0.786667 0.336667 0.007500 0.018333
2 0.631667 0.416667 0.021667 0.090000
3 0.485833 0.445000 0.007500 0.018333
2 0.569167 0.740000 0.015833 0.068333
3 0.687500 0.400000 0.007500 0.015000
2 0.764167 0.700000 0.010000 0.031667
2 0.241667 0.743333 0.035000 0.105000
3 0.233333 0.386667 0.008333 0.016667
3 0.771667 0.346667 0.014167 0.025000
2 0.755833 0.406667 0.010833 0.091667
3 0.451667 0.785000 0.007500 0.018333
2 0.352500 0.283333 0.020833 0.080000
2 0.485833 0.841667 0.009167 0.040000
3 0.780000 0.603333 0.007500 0.015000
3 0.631667 0.393333 0.010833 0.023333
2 0.346667 0.330000 0.017500 0.116667
2 0.313333 0.683333 0.014167 0.015000
3 0.535833 0.741667 0.015833 0.051667
2 0.665833 0.376667 0.010833 0.091667
2 0.232500 0.385000 0.027500 0.016667
2 0.641667 0.420000 0.011667 0.025000
3 0.308333 0.663333 0.007500 0.018333
2 0.440000 0.736667 0.034167 0.038333
3 0.463333 0.703333 0.008333 0.016667
2 0.731667 0.650000 0.011667 0.025000
3 0.485833 0.321667 0.010833 0.023333
2 0.443333 0.401667 0.021667 0.090000
3 0.416667 0.676667 0.009167 0.015000
2 0.723333 0.418333 0.030833 0.051667
3 0.521667 0.668333 0.007500 0.015000
2 0.709167 0.668333 0.030833 0.051667
2 0.243333 0.300000 0.097500 0.053333
2 0.745833 0.686667 0.009167 0.040000
3 0.334167 0.375000 0.017500 0.031667
3 0.709167 0.618333 0.009167 0.016667
2 0.405000 0.371667 0.015833 0.068333
3 0.758333 0.408333 0.010000 0.020000
3 0.400833 0.660000 0.007500 0.015000
2 0.315000 0.245000 0.011667 0.025000
2 0.760000 0.646667 0.048333 0.025000
3 0.314167 0.658333 0.007500 0.015000
3 0.584167 0.371667 0.013333 0.031667
2 0.637500 0.695000 0.034167 0.100000
2 0.492500 0.300000 0.009167 0.040000
2 0.758333 0.400000 0.015833 0.068333
2 0.239167 0.338333 0.019167 0.046667
3 0.341667 0.770000 0.009167 0.015000
3 0.736667 0.663333 0.008333 0.016667
3 0.423333 0.786667 0.006667 0.018333
2 0.606667 0.323333 0.010000 0.031667
3 0.421667 0.753333 0.011667 0.020000
2 0.510000 0.321667 0.020833 0.028333
3 0.464167 0.688333 0.010000 0.020000
2 0.690000 0.776667 0.022500 0.023333
2 0.467500 0.303333 0.020833 0.028333
3 0.480000 0.295000 0.007500 0.018333
3 0.655000 0.656667 0.013333 0.015000
2 0.665000 0.675000 0.010000 0.031667
2 0.450000 0.311667 0.048333 0.043333
2 0.295000 0.378333 0.048333 0.043333
3 0.674167 0.350000 0.009167 0.015000
2 0.645000 0.310000 0.035000 0.105000
3 0.424167 0.661667 0.010833 0.013333
3 0.604167 0.731667 0.010000 0.020000
2 0.656667 0.403333 0.014167 0.015000
2 0.681667 0.308333 0.035000 0.105000
3 0.600833 0.708333 0.008333 0.016667
2 0.596667 0.715000 0.010000 0.031667
2 0.275833 0.363333 0.058333 0.076667
2 0.445833 0.710000 0.017500 0.116667
2 0.709167 0.356667 0.021667 0.090000
3 0.260000 0.395000 0.013333 0.031667
2 0.750000 0.333333 0.058333 0.076667
3 0.475833 0.815000 0.009167 0.018333
3 0.481667 0.776667 0.008333 0.016667
3 0.715833 0.356667 0.010833 0.023333
3 0.518333 0.850000 0.011667 0.030000
3 0.770833 0.383333 0.008333 0.021667
2 0.295000 0.281667 0.010000 0.031667
2 0.516667 0.380000 0.048333 0.043333
2 0.706667 0.696667 0.020833 0.080000
3 0.254167 0.783333 0.009167 0.018333
2 0.727500 0.618333 0.020833 0.080000
2 0.681667 0.610000 0.015833 0.068333
2 0.635833 0.321667 0.027500 0.016667
2 0.578333 0.785000 0.013333 0.070000
3 0.513333 0.196667 0.007500 0.016667
3 0.450000 0.373333 0.009167 0.023333
3 0.505000 0.258333 0.007500 0.016667
2 0.637500 0.401667 0.026667 0.035000
2 0.451667 0.748333 0.097500 0.053333
2 0.262500 0.778333 0.015833 0.068333
3 0.235000 0.378333 0.009167 0.015000
2 0.635000 0.696667 0.013333 0.070000
3 0.774167 0.686667 0.010833 0.013333
2 0.472500 0.788333 0.015833 0.068333
2 0.445000 0.703333 0.011667 0.025000
3 0.695833 0.608333 0.007500 0.018333
3 0.811667 0.620000 0.013333 0.031667
2 0.351667 0.626667 0.015833 0.068333
3 0.409167 0.386667 0.007500 0.015000
3 0.550000 0.656667 0.008333 0.016667
2 0.683333 0.628333 0.026667 0.035000
3 0.530833 0.650000 0.007500 0.018333
3 0.745000 0.600000 0.009167 0.016667
2 0.769167 0.295000 0.009167 0.040000
3 0.540000 0.353333 0.007500 0.016667
3 0.223333 0.773333 0.011667 0.030000
2 0.525000 0.655000 0.048333 0.025000
2 0.405000 0.628333 0.011667 0.066667
2 0.675833 0.353333 0.014167 0.015000
2 0.475833 0.195000 0.034167 0.038333
3 0.691667 0.615000 0.008333 0.016667
2 0.715833 0.371667 0.035000 0.105000
2 0.465000 0.711667 0.045833 0.021667
3 0.444167 0.383333 0.007500 0.018333
3 0.477500 0.225000 0.009167 0.016667
2 0.277500 0.280000 0.010000 0.031667
2 0.332500 0.235000 0.023333 0.106667
3 0.700833 0.273333 0.009167 0.018333
2 0.384167 0.700000 0.011667 0.025000
2 0.437500 0.351667 0.020833 0.080000
3 0.320000 0.371667 0.006667 0.018333
3 0.804167 0.371667 0.008333 0.016667
3 0.351667 0.430000 0.008333 0.016667
2 0.761667 0.625000 0.026667 0.035000
3 0.410833 0.683333 0.008333 0.021667
3 0.385000 0.376667 0.011667 0.020000
2 0.762500 0.688333 0.010000 0.031667
3 0.389167 0.641667 0.007500 0.015000
3 0.678333 0.663333 0.008333 0.016667
2 0.645833 0.641667 0.022500 0.023333
2 0.440000 0.705000 0.029167 0.038333
3 0.309167 0.383333 0.009167 0.016667
3 0.681667 0.391667 0.008333 0.021667
2 0.272500 0.743333 0.015833 0.068333
3 0.249167 0.676667 0.008333 0.016667
2 0.268333 0.736667 0.034167 0.038333
3 0.492500 0.736667 0.007500 0.015000
3 0.713333 0.438333 0.008333 0.016667
3 0.765000 0.366667 0.008333 0.016667
2 0.328333 0.400000 0.015833 0.068333
3 0.333333 0.296667 0.013333 0.031667
2 0.715833 0.686667 0.030833 0.051667
3 0.755833 0.411667 0.007500 0.018333
3 0.309167 0.713333 0.007500 0.016667
3 0.295833 0.388333 0.017500 0.031667
3 0.586667 0.186667 0.007500 0.015000
3 0.777500 0.390000 0.007500 0.018333
3 0.675000 0.640000 0.010000 0.016667
3 0.293333 0.763333 0.008333 0.016667
3 0.766667 0.640000 0.007500 0.018333
3 0.304167 0.693333 0.010833 0.023333
2 0.795000 0.651667 0.030833 0.051667
2 0.645833 0.365000 0.009167 0.031667
3 0.519167 0.278333 0.009167 0.016667
2 0.536667 0.998333 0.015833 0.001667
2 0.677500 0.341667 0.011667 0.025000
3 0.795000 0.370000 0.009167 0.016667
3 0.724167 0.400000 0.008333 0.016667
3 0.381667 0.378333 0.010833 0.023333
3 0.778333 0.353333 0.008333 0.021667
2 0.542500 0.731667 0.034167 0.100000
2 0.246667 0.415000 0.020833 0.080000
2 0.481667 0.295000 0.023333 0.041667
2 0.250833 0.800000 0.020833 0.080000
3 0.585833 0.746667 0.009167 0.018333
2 0.353333 0.755000 0.019167 0.046667
2 0.796667 0.736667 0.023333 0.106667
2 0.680000 0.350000 0.027500 0.016667
2 0.652500 0.431667 0.058333 0.076667
3 0.663333 0.675000 0.013333 0.015000
3 0.594167 0.160000 0.007500 0.015000
2 0.780833 0.365000 0.045833 0.021667
2 0.444167 0.183333 0.097500 0.053333
2 0.746667 0.613333 0.010000 0.031667
3 0.710833 0.671667 0.007500 0.016667
3 0.715000 0.608333 0.011667 0.020000
2 0.523333 0.683333 0.045833 0.021667
3 0.706667 0.705000 0.009167 0.016667
2 0.475000 0.198333 0.023333 0.041667
2 0.423333 0.750000 0.029167 0.038333
2 0.596667 0.336667 0.022500 0.023333
2 0.393333 0.670000 0.023333 0.106667
2 0.745000 0.285000 0.020833 0.080000
2 0.785000 0.438333 0.010833 0.091667
3 0.568333 0.153333 0.013333 0.031667
2 0.435000 0.366667 0.026667 0.035000
3 0.540833 0.691667 0.010833 0.013333
3 0.605833 0.316667 0.006667 0.018333
3 0.417500 0.790000 0.017500 0.031667
3 0.590833 0.625000 0.010000 0.016667
2 0.724167 0.675000 0.048333 0.025000
3 0.562500 0.386667 0.017500 0.031667
3 0.540000 0.680000 0.008333 0.016667
2 0.573333 0.315000 0.027500 0.016667
