4 0.779167 0.435000 0.180833 0.070000
4 0.808333 0.461667 0.129167 0.135000
4 0.779167 0.280000 0.205833 0.310000
4 0.846667 0.598333 0.091667 0.041667
4 0.844167 0.355000 0.170000 0.230000
4 0.820000 0.521667 0.054167 0.030000
4 0.811667 0.675000 0.125000 0.180000
4 0.868333 0.615000 0.088333 0.063333
4 0.733333 0.586667 0.250000 0.081667
4 0.741667 0.611667 0.203333 0.085000
4 0.062500 0.561667 0.062500 0.153333
4 0.254167 0.483333 0.071667 0.026667
4 0.037500 0.601667 0.075833 0.111667
4 0.370000 0.603333 0.230000 0.248333
4 0.566667 0.505000 0.040000 0.063333
4 0.493333 0.721667 0.235000 0.495000
4 0.471667 0.540000 0.035000 0.048333
4 0.503333 0.596667 0.074167 0.160000
4 0.083333 0.473333 0.060000 0.085000
4 0.738333 0.531667 0.045000 0.100000
2 0.323333 0.545000 0.015833 0.068333
3 0.023333 0.476667 0.007500 0.018333
3 0.019167 0.551667 0.009167 0.015000
3 0.152500 0.480000 0.008333 0.016667
3 0.335000 0.575000 0.008333 0.016667
2 0.344167 0.616667 0.020833 0.080000
2 0.137500 0.585000 0.013333 0.070000
2 0.434167 0.591667 0.023333 0.041667
3 0.430000 0.525000 0.007500 0.015000
2 0.239167 0.576667 0.030833 0.051667
3 0.260833 0.571667 0.007500 0.016667
2 0.267500 0.581667 0.009167 0.031667
2 0.813333 0.476667 0.014167 0.015000
3 0.407500 0.571667 0.009167 0.016667
2 0.475000 0.421667 0.027500 0.016667
3 0.177500 0.440000 0.007500 0.015000
3 0.121667 0.578333 0.009167 0.016667
2 0.436667 0.460000 0.034167 0.038333
2 0.439167 0.503333 0.020000 0.021667
3 0.184167 0.563333 0.009167 0.018333
2 0.459167 0.433333 0.009167 0.031667
2 0.571667 0.508333 0.026667 0.035000
2 0.268333 0.476667 0.048333 0.043333
3 0.072500 0.546667 0.009167 0.016667
2 0.110000 0.521667 0.009167 0.040000
2 0.809167 0.611667 0.048333 0.043333
3 0.523333 0.548333 0.009167 0.016667
2 0.160000 0.520000 0.019167 0.046667
3 0.814167 0.480000 0.007500 0.015000
3 0.253333 0.593333 0.007500 0.015000
2 0.790833 0.583333 0.009167 0.031667
2 0.525833 0.516667 0.011667 0.025000
3 0.449167 0.601667 0.011667 0.020000
2 0.683333 0.513333 0.021667 0.090000
2 0.075000 0.478333 0.034167 0.038333
3 0.151667 0.576667 0.007500 0.016667
3 0.636667 0.460000 0.009167 0.018333
2 0.609167 0.605000 0.034167 0.038333
3 0.320000 0.590000 0.006667 0.018333
2 0.463333 0.495000 0.029167 0.038333
3 0.314167 0.596667 0.008333 0.016667
2 0.770000 0.568333 0.013333 0.070000
3 0.145833 0.443333 0.008333 0.016667
3 0.574167 0.556667 0.013333 0.031667
3 0.345000 0.565000 0.008333 0.016667
3 0.585833 0.583333 0.011667 0.020000
2 0.459167 0.548333 0.026667 0.035000
2 0.369167 0.553333 0.014167 0.015000
3 0.306667 0.446667 0.007500 0.015000
2 0.550833 0.550000 0.019167 0.046667
2 0.058333 0.520000 0.015833 0.068333
2 0.075000 0.495000 0.009167 0.040000
2 0.470833 0.521667 0.020833 0.080000
2 0.547500 0.495000 0.009167 0.031667
2 0.296667 0.575000 0.017500 0.116667
3 0.159167 0.508333 0.007500 0.018333
2 0.058333 0.456667 0.048333 0.025000
3 0.206667 0.596667 0.011667 0.030000
2 0.333333 0.620000 0.020833 0.080000
2 0.304167 0.488333 0.020833 0.080000
3 0.797500 0.490000 0.008333 0.021667
2 0.193333 0.568333 0.011667 0.066667
3 0.110000 0.463333 0.009167 0.015000
2 0.636667 0.465000 0.011667 0.066667
3 0.806667 0.588333 0.007500 0.018333
2 0.774167 0.491667 0.035000 0.105000
3 0.512500 0.545000 0.009167 0.015000
2 0.669167 0.550000 0.010833 0.091667
2 0.431667 0.511667 0.048333 0.043333
2 0.236667 0.513333 0.048333 0.025000
2 0.164167 0.493333 0.030833 0.051667
3 0.070833 0.591667 0.017500 0.031667
2 0.420000 0.515000 0.020000 0.021667
2 0.569167 0.556667 0.009167 0.031667
2 0.325833 0.496667 0.029167 0.038333
2 0.755000 0.576667 0.034167 0.038333
3 0.183333 0.511667 0.017500 0.031667
3 0.204167 0.441667 0.007500 0.018333
3 0.020833 0.545000 0.009167 0.016667
3 0.271667 0.516667 0.009167 0.015000
3 0.400833 0.548333 0.009167 0.016667
2 0.790833 0.480000 0.034167 0.100000
2 0.690833 0.485000 0.048333 0.025000
3 0.330000 0.581667 0.006667 0.018333
2 0.800000 0.623333 0.030833 0.051667
2 0.311667 0.448333 0.048333 0.025000
2 0.398333 0.561667 0.023333 0.041667
2 0.624167 0.541667 0.019167 0.046667
3 0.640000 0.500000 0.006667 0.018333
2 0.035833 0.565000 0.020000 0.021667
3 0.375000 0.536667 0.010833 0.023333
2 0.468333 0.411667 0.019167 0.046667
3 0.224167 0.586667 0.011667 0.030000
3 0.450833 0.595000 0.008333 0.016667
2 0.477500 0.570000 0.023333 0.041667
2 0.290833 0.528333 0.027500 0.016667
2 0.819167 0.473333 0.022500 0.023333
3 0.811667 0.566667 0.011667 0.030000
3 0.623333 0.526667 0.007500 0.015000
2 0.432500 0.658333 0.020833 0.080000
2 0.195000 0.478333 0.009167 0.040000
2 0.262500 0.481667 0.015833 0.068333
2 0.687500 0.310000 0.009167 0.040000
2 0.725833 0.428333 0.011667 0.066667
2 0.695833 0.256667 0.019167 0.046667
2 0.777500 0.368333 0.015833 0.068333
3 0.571667 0.696667 0.006667 0.018333
2 0.682500 0.688333 0.035000 0.105000
3 0.685000 0.281667 0.009167 0.016667
2 0.310833 0.648333 0.022500 0.023333
2 0.455833 0.215000 0.011667 0.025000
2 0.306667 0.416667 0.023333 0.106667
2 0.341667 0.358333 0.023333 0.106667
3 0.554167 0.356667 0.010000 0.020000
2 0.667500 0.391667 0.020000 0.021667
2 0.255833 0.363333 0.097500 0.053333
2 0.725000 0.746667 0.021667 0.090000
2 0.544167 0.675000 0.048333 0.025000
3 0.755000 0.311667 0.007500 0.018333
3 0.593333 0.406667 0.009167 0.015000
3 0.425000 0.368333 0.009167 0.015000
3 0.642500 0.376667 0.007500 0.015000
2 0.234167 0.381667 0.030833 0.051667
2 0.793333 0.650000 0.027500 0.016667
3 0.554167 0.231667 0.008333 0.021667
2 0.249167 0.703333 0.020000 0.021667
3 0.245833 0.375000 0.008333 0.016667
3 0.713333 0.370000 0.013333 0.031667
2 0.697500 0.355000 0.010000 0.031667
2 0.709167 0.251667 0.011667 0.025000
3 0.662500 0.413333 0.007500 0.018333
2 0.149167 0.371667 0.097500 0.053333
3 0.476667 0.806667 0.007500 0.018333
3 0.526667 0.285000 0.014167 0.025000
3 0.185833 0.653333 0.007500 0.018333
3 0.670833 0.363333 0.008333 0.016667
3 0.745833 0.601667 0.013333 0.015000
2 0.415000 0.745000 0.010000 0.031667
2 0.503333 0.818333 0.017500 0.116667
3 0.454167 0.298333 0.009167 0.016667
2 0.655000 0.406667 0.020833 0.080000
3 0.318333 0.416667 0.008333 0.021667
3 0.645833 0.683333 0.008333 0.021667
3 0.280833 0.745000 0.009167 0.016667
3 0.281667 0.750000 0.009167 0.016667
2 0.512500 0.313333 0.015833 0.068333
3 0.271667 0.666667 0.011667 0.020000
3 0.604167 0.658333 0.013333 0.015000
3 0.726667 0.435000 0.007500 0.015000
2 0.777500 0.656667 0.011667 0.025000
2 0.288333 0.803333 0.010000 0.031667
3 0.685000 0.428333 0.008333 0.016667
2 0.488333 0.171667 0.022500 0.023333
2 0.635000 0.371667 0.034167 0.038333
3 0.343333 0.666667 0.010000 0.016667
2 0.672500 0.336667 0.035000 0.105000
2 0.523333 0.620000 0.020000 0.021667
2 0.540833 0.605000 0.015833 0.068333
3 0.298333 0.393333 0.013333 0.031667
3 0.686667 0.395000 0.015833 0.051667
3 0.680833 0.623333 0.007500 0.018333
2 0.763333 0.691667 0.011667 0.066667
2 0.278333 0.728333 0.026667 0.035000
3 0.365000 0.665000 0.009167 0.016667
3 0.709167 0.691667 0.015833 0.051667
3 0.698333 0.361667 0.008333 0.021667
2 0.379167 0.383333 0.023333 0.106667
2 0.725000 0.680000 0.014167 0.015000
3 0.394167 0.383333 0.011667 0.020000
3 0.698333 0.376667 0.010000 0.016667
2 0.572500 0.651667 0.027500 0.016667
2 0.778333 0.383333 0.014167 0.015000
3 0.615833 0.398333 0.008333 0.016667
2 0.344167 0.820000 0.019167 0.046667
3 0.419167 0.838333 0.009167 0.016667
3 0.706667 0.641667 0.007500 0.016667
3 0.560000 0.270000 0.007500 0.015000
2 0.435000 0.685000 0.020833 0.080000
3 0.735833 0.658333 0.009167 0.023333
3 0.231667 0.388333 0.011667 0.020000
2 0.749167 0.640000 0.045833 0.021667
3 0.408333 0.355000 0.007500 0.015000
2 0.663333 0.660000 0.021667 0.090000
2 0.681667 0.361667 0.029167 0.038333
3 0.638333 0.411667 0.009167 0.016667
2 0.476667 0.256667 0.045833 0.021667
3 0.785833 0.370000 0.008333 0.016667
2 0.529167 0.613333 0.009167 0.040000
3 0.791667 0.723333 0.008333 0.016667
3 0.725833 0.386667 0.015833 0.051667
2 0.400000 0.346667 0.048333 0.043333
2 0.775833 0.596667 0.011667 0.025000
3 0.472500 0.313333 0.011667 0.020000
3 0.520833 0.701667 0.014167 0.025000
3 0.261667 0.393333 0.009167 0.016667
2 0.750000 0.378333 0.023333 0.041667
3 0.317500 0.713333 0.007500 0.015000
3 0.253333 0.763333 0.008333 0.016667
2 0.407500 0.653333 0.058333 0.076667
2 0.669167 0.600000 0.048333 0.043333
3 0.171667 0.638333 0.010833 0.023333
2 0.483333 0.716667 0.010000 0.031667
3 0.445833 0.338333 0.013333 0.015000
2 0.807500 0.628333 0.009167 0.031667
3 0.233333 0.386667 0.007500 0.016667
2 0.426667 0.368333 0.048333 0.025000
3 0.690000 0.355000 0.007500 0.018333
3 0.786667 0.428333 0.017500 0.031667
2 0.542500 0.663333 0.022500 0.023333
2 0.770000 0.613333 0.010000 0.031667
3 0.802500 0.398333 0.008333 0.016667
2 0.637500 0.661667 0.045833 0.021667
2 0.472500 0.788333 0.015833 0.068333
3 0.313333 0.718333 0.007500 0.016667
3 0.785833 0.405000 0.009167 0.023333
3 0.481667 0.190000 0.009167 0.018333
3 0.641667 0.658333 0.008333 0.016667
3 0.624167 0.400000 0.007500 0.018333
3 0.255833 0.390000 0.009167 0.015000
3 0.605833 0.316667 0.011667 0.030000
3 0.730833 0.686667 0.014167 0.025000
2 0.332500 0.768333 0.027500 0.016667
2 0.415833 0.401667 0.048333 0.025000
3 0.553333 0.328333 0.010000 0.020000
2 0.460000 0.696667 0.009167 0.040000
2 0.491667 0.311667 0.011667 0.025000
2 0.287500 0.703333 0.048333 0.025000
3 0.641667 0.660000 0.008333 0.016667
2 0.297500 0.820000 0.026667 0.035000
2 0.215000 0.670000 0.014167 0.015000
2 0.548333 0.663333 0.014167 0.015000
2 0.235000 0.753333 0.026667 0.035000
3 0.795833 0.393333 0.013333 0.015000
3 0.754167 0.638333 0.015833 0.051667
2 0.627500 0.330000 0.048333 0.043333
3 0.720000 0.998333 0.008333 0.001667
2 0.352500 0.775000 0.058333 0.076667
3 0.589167 0.755000 0.013333 0.015000
3 0.725833 0.433333 0.009167 0.015000
3 0.351667 0.311667 0.009167 0.016667
2 0.805833 0.630000 0.023333 0.106667
3 0.313333 0.760000 0.009167 0.016667
2 0.477500 0.395000 0.048333 0.043333
3 0.710000 0.695000 0.011667 0.020000
3 0.510000 0.280000 0.009167 0.023333
2 0.650000 0.345000 0.022500 0.023333
3 0.441667 0.658333 0.008333 0.021667
2 0.788333 0.733333 0.027500 0.016667
3 0.483333 0.260000 0.013333 0.031667
2 0.730833 0.670000 0.097500 0.053333
3 0.775833 0.783333 0.007500 0.018333
2 0.710833 0.341667 0.020000 0.021667
3 0.635000 0.440000 0.010833 0.023333
3 0.477500 0.221667 0.009167 0.015000
2 0.169167 0.620000 0.015833 0.068333
3 0.225833 0.695000 0.007500 0.018333
2 0.685833 0.671667 0.009167 0.031667
2 0.761667 0.381667 0.023333 0.106667
3 0.327500 0.651667 0.011667 0.030000
3 0.725833 0.406667 0.009167 0.023333
2 0.745833 0.585000 0.011667 0.066667
3 0.789167 0.376667 0.011667 0.030000
2 0.703333 0.673333 0.020833 0.080000
2 0.348333 0.690000 0.009167 0.040000
3 0.345833 0.640000 0.006667 0.018333
2 0.510833 0.998333 0.097500 0.001667
3 0.276667 0.725000 0.014167 0.025000
2 0.707500 0.411667 0.027500 0.016667
2 0.325000 0.698333 0.013333 0.070000
3 0.310833 0.390000 0.011667 0.030000
3 0.505833 0.676667 0.007500 0.016667
2 0.621667 0.613333 0.058333 0.076667
3 0.590833 0.338333 0.010000 0.020000
3 0.710833 0.446667 0.009167 0.015000
2 0.710000 0.338333 0.011667 0.025000
3 0.432500 0.745000 0.008333 0.016667
3 0.394167 0.670000 0.013333 0.031667
2 0.280833 0.300000 0.020000 0.021667
2 0.306667 0.681667 0.009167 0.040000
2 0.225000 0.345000 0.010000 0.031667
2 0.685833 0.381667 0.011667 0.066667
3 0.262500 0.803333 0.015833 0.051667
3 0.482500 0.715000 0.010833 0.013333
2 0.827500 0.410000 0.020833 0.028333
3 0.287500 0.263333 0.008333 0.016667
3 0.751667 0.388333 0.010833 0.023333
2 0.555833 0.733333 0.020833 0.028333
2 0.439167 0.763333 0.013333 0.070000
3 0.639167 0.355000 0.009167 0.016667
2 0.752500 0.696667 0.009167 0.040000
2 0.735000 0.623333 0.058333 0.076667
2 0.491667 0.750000 0.014167 0.015000
2 0.689167 0.423333 0.034167 0.100000
3 0.285000 0.778333 0.009167 0.015000
2 0.765833 0.403333 0.034167 0.038333
2 0.675000 0.606667 0.097500 0.053333
2 0.479167 0.250000 0.045833 0.021667
3 0.592500 0.758333 0.006667 0.018333
2 0.431667 0.785000 0.013333 0.070000
2 0.447500 0.316667 0.097500 0.053333
