4 0.875000 0.650000 0.049167 0.028333
4 0.763333 0.795000 0.190833 0.408333
4 0.832500 0.410000 0.136667 0.195000
4 0.833333 0.360000 0.068333 0.113333
4 0.890833 0.616667 0.058333 0.070000
4 0.824167 0.455000 0.130000 0.055000
4 0.803333 0.451667 0.158333 0.073333
4 0.788333 0.560000 0.155833 0.156667
4 0.807500 0.555000 0.089167 0.098333
4 0.839167 0.370000 0.069167 0.036667
4 0.338333 0.536667 0.105833 0.043333
4 0.677500 0.615000 0.081667 0.120000
4 0.580833 0.620000 0.071667 0.163333
4 0.116667 0.433333 0.100000 0.113333
4 0.584167 0.538333 0.085000 0.035000
4 0.185000 0.551667 0.061667 0.105000
4 0.322500 0.520000 0.086667 0.050000
4 0.484167 0.670000 0.087500 0.238333
4 0.126667 0.533333 0.052500 0.060000
4 0.075833 0.475000 0.077500 0.120000
2 0.251667 0.541667 0.014167 0.015000
3 0.633333 0.553333 0.011667 0.020000
3 0.153333 0.565000 0.009167 0.016667
3 0.466667 0.525000 0.010833 0.013333
2 0.729167 0.476667 0.011667 0.066667
2 0.736667 0.465000 0.027500 0.016667
3 0.148333 0.520000 0.007500 0.015000
3 0.741667 0.503333 0.006667 0.018333
2 0.580000 0.528333 0.021667 0.090000
2 0.809167 0.530000 0.020833 0.080000
3 0.476667 0.431667 0.009167 0.015000
3 0.560000 0.530000 0.009167 0.018333
2 0.286667 0.491667 0.017500 0.116667
3 0.166667 0.475000 0.007500 0.016667
3 0.455833 0.535000 0.015833 0.051667
2 0.372500 0.481667 0.034167 0.038333
2 0.701667 0.580000 0.048333 0.043333
2 0.085833 0.488333 0.015833 0.068333
3 0.558333 0.578333 0.017500 0.031667
2 0.520000 0.475000 0.045833 0.021667
3 0.581667 0.458333 0.008333 0.016667
3 0.191667 0.555000 0.011667 0.030000
3 0.135833 0.523333 0.011667 0.020000
3 0.500000 0.498333 0.010000 0.016667
2 0.504167 0.490000 0.022500 0.023333
3 0.399167 0.508333 0.010833 0.023333
2 0.465833 0.488333 0.015833 0.068333
3 0.460000 0.418333 0.010833 0.013333
3 0.596667 0.461667 0.010000 0.020000
3 0.501667 0.598333 0.009167 0.023333
3 0.523333 0.491667 0.009167 0.018333
3 0.419167 0.575000 0.009167 0.016667
2 0.018333 0.556667 0.026667 0.035000
3 0.434167 0.615000 0.009167 0.016667
3 0.424167 0.513333 0.007500 0.016667
2 0.554167 0.526667 0.097500 0.053333
3 0.115833 0.563333 0.009167 0.015000
2 0.484167 0.440000 0.020833 0.080000
3 0.480833 0.576667 0.008333 0.016667
3 0.805833 0.576667 0.009167 0.015000
3 0.594167 0.510000 0.009167 0.018333
2 0.409167 0.621667 0.020833 0.080000
2 0.031667 0.578333 0.023333 0.106667
3 0.809167 0.470000 0.006667 0.018333
3 0.029167 0.533333 0.011667 0.030000
2 0.726667 0.490000 0.023333 0.106667
3 0.269167 0.473333 0.010833 0.013333
3 0.592500 0.490000 0.009167 0.018333
3 0.094167 0.500000 0.017500 0.031667
3 0.082500 0.523333 0.013333 0.015000
3 0.135833 0.568333 0.008333 0.016667
3 0.824167 0.513333 0.011667 0.030000
2 0.814167 0.526667 0.011667 0.066667
3 0.540000 0.580000 0.007500 0.015000
2 0.235833 0.511667 0.034167 0.100000
2 0.387500 0.508333 0.022500 0.023333
3 0.079167 0.511667 0.007500 0.016667
3 0.430833 0.516667 0.007500 0.015000
3 0.595000 0.546667 0.009167 0.016667
3 0.342500 0.501667 0.007500 0.015000
2 0.608333 0.610000 0.009167 0.031667
2 0.700000 0.601667 0.021667 0.090000
2 0.180000 0.545000 0.010833 0.091667
2 0.594167 0.566667 0.020833 0.080000
2 0.469167 0.460000 0.058333 0.076667
2 0.630000 0.483333 0.058333 0.076667
2 0.753333 0.446667 0.011667 0.066667
3 0.496667 0.573333 0.009167 0.016667
3 0.711667 0.540000 0.013333 0.031667
2 0.238333 0.576667 0.020833 0.028333
2 0.780833 0.533333 0.019167 0.046667
3 0.167500 0.570000 0.009167 0.016667
3 0.060000 0.491667 0.009167 0.016667
2 0.758333 0.526667 0.020833 0.080000
2 0.180000 0.488333 0.026667 0.035000
2 0.170833 0.486667 0.020833 0.080000
3 0.620000 0.585000 0.009167 0.018333
2 0.452500 0.611667 0.009167 0.031667
3 0.166667 0.473333 0.007500 0.016667
3 0.179167 0.545000 0.007500 0.015000
3 0.319167 0.595000 0.007500 0.018333
2 0.502500 0.443333 0.010000 0.031667
2 0.290000 0.523333 0.027500 0.016667
3 0.067500 0.490000 0.009167 0.015000
2 0.415833 0.578333 0.045833 0.021667
2 0.689167 0.456667 0.014167 0.015000
3 0.129167 0.603333 0.015833 0.051667
2 0.109167 0.565000 0.022500 0.023333
2 0.609167 0.443333 0.011667 0.025000
3 0.677500 0.540000 0.007500 0.015000
3 0.374167 0.541667 0.009167 0.016667
2 0.667500 0.521667 0.026667 0.035000
3 0.062500 0.533333 0.010833 0.013333
3 0.539167 0.460000 0.017500 0.031667
2 0.719167 0.485000 0.034167 0.038333
2 0.805000 0.568333 0.020833 0.080000
3 0.273333 0.483333 0.009167 0.016667
3 0.695833 0.578333 0.011667 0.020000
3 0.401667 0.513333 0.011667 0.020000
3 0.351667 0.583333 0.010000 0.020000
3 0.065833 0.508333 0.009167 0.015000
2 0.466667 0.548333 0.020833 0.080000
3 0.455000 0.391667 0.006667 0.018333
2 0.270000 0.765000 0.030833 0.051667
2 0.447500 0.305000 0.023333 0.041667
3 0.322500 0.361667 0.017500 0.031667
3 0.240000 0.761667 0.008333 0.016667
3 0.575833 0.618333 0.007500 0.015000
3 0.625833 0.365000 0.008333 0.016667
2 0.295833 0.723333 0.023333 0.041667
2 0.601667 0.756667 0.009167 0.031667
2 0.459167 0.081667 0.035000 0.105000
2 0.690000 0.776667 0.022500 0.023333
2 0.321667 0.306667 0.010833 0.091667
2 0.556667 0.666667 0.010000 0.031667
2 0.344167 0.310000 0.048333 0.025000
3 0.699167 0.636667 0.017500 0.031667
2 0.287500 0.760000 0.011667 0.025000
2 0.330833 0.191667 0.035000 0.105000
2 0.422500 0.810000 0.020000 0.021667
3 0.775000 0.380000 0.009167 0.016667
2 0.247500 0.648333 0.014167 0.015000
2 0.663333 0.655000 0.015833 0.068333
2 0.387500 0.343333 0.027500 0.016667
3 0.668333 0.643333 0.015833 0.051667
2 0.587500 0.623333 0.011667 0.025000
3 0.604167 0.733333 0.009167 0.016667
3 0.780833 0.601667 0.009167 0.023333
3 0.760000 0.390000 0.008333 0.016667
3 0.345000 0.638333 0.008333 0.016667
2 0.483333 0.801667 0.058333 0.076667
3 0.780000 0.671667 0.009167 0.015000
3 0.733333 0.721667 0.011667 0.020000
2 0.445833 0.750000 0.027500 0.016667
2 0.531667 0.611667 0.035000 0.105000
3 0.551667 0.418333 0.008333 0.016667
2 0.665833 0.253333 0.027500 0.016667
2 0.435833 0.803333 0.020833 0.080000
2 0.505833 0.398333 0.048333 0.025000
3 0.675000 0.641667 0.009167 0.016667
2 0.420000 0.215000 0.014167 0.015000
3 0.595000 0.755000 0.008333 0.021667
3 0.462500 0.708333 0.006667 0.018333
3 0.656667 0.403333 0.007500 0.018333
3 0.400833 0.653333 0.007500 0.015000
3 0.226667 0.708333 0.008333 0.016667
2 0.404167 0.638333 0.035000 0.105000
2 0.630000 0.638333 0.009167 0.040000
2 0.792500 0.415000 0.023333 0.106667
2 0.796667 0.393333 0.015833 0.068333
3 0.630833 0.655000 0.011667 0.030000
3 0.695833 0.728333 0.007500 0.016667
3 0.692500 0.630000 0.008333 0.016667
3 0.723333 0.608333 0.013333 0.031667
2 0.297500 0.740000 0.058333 0.076667
2 0.313333 0.658333 0.010000 0.031667
3 0.224167 0.305000 0.008333 0.016667
2 0.550000 0.338333 0.027500 0.016667
3 0.744167 0.711667 0.013333 0.031667
3 0.790833 0.681667 0.008333 0.016667
3 0.688333 0.633333 0.010000 0.020000
3 0.556667 0.668333 0.010000 0.016667
2 0.718333 0.596667 0.020833 0.080000
3 0.530833 0.376667 0.015833 0.051667
3 0.338333 0.643333 0.008333 0.016667
3 0.375000 0.676667 0.009167 0.018333
3 0.251667 0.391667 0.007500 0.016667
3 0.515833 0.720000 0.009167 0.016667
2 0.730000 0.700000 0.017500 0.116667
2 0.230000 0.720000 0.097500 0.053333
3 0.559167 0.273333 0.009167 0.016667
2 0.741667 0.636667 0.034167 0.038333
3 0.752500 0.718333 0.009167 0.023333
2 0.289167 0.310000 0.010833 0.091667
3 0.550833 0.685000 0.017500 0.031667
3 0.554167 0.998333 0.011667 0.001667
2 0.545000 0.726667 0.020833 0.080000
3 0.291667 0.765000 0.011667 0.020000
2 0.305000 0.683333 0.048333 0.043333
3 0.294167 0.715000 0.007500 0.015000
3 0.796667 0.718333 0.009167 0.016667
2 0.695000 0.365000 0.034167 0.100000
2 0.820833 0.433333 0.010833 0.091667
3 0.694167 0.386667 0.007500 0.015000
3 0.227500 0.660000 0.009167 0.015000
2 0.687500 0.651667 0.015833 0.068333
2 0.420833 0.388333 0.022500 0.023333
3 0.785000 0.385000 0.009167 0.023333
2 0.658333 0.723333 0.026667 0.035000
2 0.282500 0.408333 0.020000 0.021667
3 0.798333 0.633333 0.009167 0.016667
3 0.550833 0.236667 0.009167 0.016667
3 0.528333 0.355000 0.010833 0.023333
2 0.178333 0.675000 0.034167 0.100000
2 0.414167 0.366667 0.034167 0.038333
2 0.275833 0.796667 0.020833 0.080000
2 0.486667 0.765000 0.027500 0.016667
2 0.757500 0.408333 0.045833 0.021667
2 0.529167 0.613333 0.009167 0.040000
3 0.746667 0.373333 0.007500 0.015000
2 0.660000 0.433333 0.034167 0.038333
2 0.705833 0.663333 0.030833 0.051667
2 0.713333 0.366667 0.020000 0.021667
2 0.210833 0.265000 0.035000 0.105000
3 0.585833 0.361667 0.008333 0.016667
3 0.282500 0.641667 0.007500 0.018333
2 0.768333 0.355000 0.010000 0.031667
2 0.628333 0.636667 0.026667 0.035000
3 0.356667 0.658333 0.008333 0.016667
3 0.552500 0.333333 0.011667 0.030000
2 0.278333 0.695000 0.058333 0.076667
2 0.661667 0.390000 0.048333 0.025000
2 0.601667 0.313333 0.014167 0.015000
2 0.224167 0.626667 0.029167 0.038333
2 0.415000 0.698333 0.015833 0.068333
3 0.642500 0.425000 0.009167 0.015000
3 0.285000 0.161667 0.015833 0.051667
2 0.751667 0.658333 0.021667 0.090000
2 0.208333 0.678333 0.029167 0.038333
3 0.552500 0.673333 0.017500 0.031667
2 0.312500 0.311667 0.020833 0.080000
2 0.768333 0.673333 0.034167 0.100000
2 0.485833 0.270000 0.058333 0.076667
2 0.544167 0.653333 0.020000 0.021667
2 0.213333 0.803333 0.048333 0.025000
2 0.732500 0.655000 0.010000 0.031667
2 0.681667 0.641667 0.023333 0.106667
2 0.397500 0.395000 0.097500 0.053333
2 0.665833 0.451667 0.030833 0.051667
3 0.539167 0.998333 0.010833 0.001667
2 0.307500 0.691667 0.020833 0.080000
2 0.768333 0.578333 0.015833 0.068333
2 0.771667 0.701667 0.020000 0.021667
2 0.269167 0.768333 0.023333 0.106667
2 0.244167 0.775000 0.029167 0.038333
3 0.808333 0.643333 0.009167 0.018333
3 0.306667 0.810000 0.007500 0.015000
3 0.224167 0.640000 0.007500 0.018333
2 0.342500 0.858333 0.009167 0.031667
2 0.535833 0.475000 0.020833 0.080000
3 0.427500 0.378333 0.009167 0.015000
3 0.516667 0.296667 0.011667 0.030000
3 0.810833 0.418333 0.013333 0.015000
3 0.528333 0.293333 0.011667 0.020000
3 0.772500 0.681667 0.011667 0.030000
3 0.353333 0.386667 0.007500 0.018333
3 0.688333 0.270000 0.007500 0.018333
3 0.790833 0.373333 0.017500 0.031667
2 0.276667 0.340000 0.030833 0.051667
2 0.705833 0.735000 0.023333 0.106667
3 0.678333 0.433333 0.006667 0.018333
2 0.747500 0.616667 0.023333 0.041667
3 0.656667 0.396667 0.006667 0.018333
3 0.713333 0.690000 0.007500 0.018333
2 0.548333 0.446667 0.013333 0.070000
2 0.254167 0.418333 0.013333 0.070000
2 0.477500 0.223333 0.030833 0.051667
3 0.723333 0.380000 0.006667 0.018333
3 0.612500 0.681667 0.007500 0.018333
2 0.684167 0.678333 0.035000 0.105000
3 0.575000 0.743333 0.011667 0.020000
2 0.483333 0.340000 0.026667 0.035000
3 0.778333 0.325000 0.010833 0.023333
2 0.224167 0.766667 0.010000 0.031667
2 0.725833 0.441667 0.020000 0.021667
3 0.775833 0.781667 0.007500 0.015000
2 0.271667 0.273333 0.020833 0.028333
2 0.743333 0.393333 0.019167 0.046667
2 0.533333 0.415000 0.023333 0.106667
2 0.427500 0.778333 0.020000 0.021667
3 0.721667 0.661667 0.009167 0.023333
2 0.328333 0.405000 0.014167 0.015000
3 0.766667 0.746667 0.009167 0.016667
2 0.662500 0.418333 0.045833 0.021667
2 0.284167 0.230000 0.011667 0.066667
3 0.641667 0.663333 0.008333 0.021667
3 0.785000 0.401667 0.011667 0.030000
3 0.402500 0.695000 0.009167 0.018333
2 0.592500 0.743333 0.027500 0.016667
2 0.575833 0.760000 0.022500 0.023333
2 0.768333 0.381667 0.021667 0.090000
3 0.647500 0.678333 0.013333 0.015000
3 0.508333 0.278333 0.013333 0.031667
3 0.443333 0.720000 0.009167 0.018333
3 0.460000 0.246667 0.009167 0.016667
3 0.694167 0.348333 0.011667 0.030000
3 0.320833 0.353333 0.011667 0.020000
2 0.252500 0.350000 0.009167 0.031667
3 0.440833 0.376667 0.007500 0.015000
2 0.475833 0.635000 0.017500 0.116667
2 0.527500 0.376667 0.010000 0.031667
2 0.727500 0.605000 0.020833 0.028333
2 0.426667 0.370000 0.045833 0.021667
2 0.436667 0.390000 0.023333 0.106667
2 0.307500 0.786667 0.021667 0.090000
3 0.745833 0.305000 0.010833 0.013333
3 0.662500 0.383333 0.007500 0.016667
3 0.798333 0.646667 0.011667 0.030000
2 0.717500 0.691667 0.010833 0.091667
2 0.697500 0.620000 0.019167 0.046667
