4 0.884167 0.533333 0.089167 0.165000
4 0.818333 0.375000 0.162500 0.280000
4 0.854167 0.615000 0.081667 0.088333
4 0.830833 0.486667 0.157500 0.148333
4 0.857500 0.526667 0.050000 0.066667
4 0.740833 0.548333 0.245833 0.283333
4 0.899167 0.600000 0.060833 0.068333
4 0.810000 0.546667 0.105000 0.163333
4 0.850000 0.623333 0.099167 0.220000
4 0.805000 0.561667 0.060000 0.078333
4 0.052500 0.410000 0.105833 0.218333
4 0.630833 0.581667 0.089167 0.155000
4 0.441667 0.593333 0.042500 0.118333
4 0.111667 0.578333 0.099167 0.180000
4 0.369167 0.513333 0.083333 0.100000
4 0.436667 0.578333 0.120833 0.036667
4 0.055833 0.421667 0.112500 0.280000
4 0.373333 0.593333 0.060000 0.073333
4 0.549167 0.558333 0.078333 0.106667
4 0.285000 0.576667 0.170000 0.071667
3 0.053333 0.555000 0.011667 0.030000
2 0.635833 0.601667 0.020833 0.080000
2 0.184167 0.493333 0.048333 0.043333
3 0.043333 0.485000 0.017500 0.031667
2 0.137500 0.548333 0.058333 0.076667
3 0.484167 0.430000 0.008333 0.016667
3 0.098333 0.573333 0.008333 0.016667
3 0.048333 0.491667 0.009167 0.016667
2 0.215833 0.436667 0.035000 0.105000
2 0.310833 0.553333 0.026667 0.035000
2 0.232500 0.418333 0.035000 0.105000
3 0.207500 0.581667 0.008333 0.016667
2 0.464167 0.551667 0.014167 0.015000
3 0.291667 0.550000 0.015833 0.051667
3 0.150000 0.595000 0.007500 0.018333
3 0.115000 0.473333 0.010833 0.013333
2 0.708333 0.498333 0.014167 0.015000
2 0.312500 0.451667 0.058333 0.076667
3 0.077500 0.516667 0.009167 0.018333
3 0.152500 0.588333 0.007500 0.018333
3 0.405833 0.480000 0.009167 0.016667
3 0.540833 0.455000 0.014167 0.025000
3 0.245833 0.465000 0.008333 0.016667
2 0.241667 0.466667 0.014167 0.015000
3 0.575000 0.520000 0.009167 0.018333
3 0.601667 0.576667 0.015833 0.051667
3 0.358333 0.468333 0.009167 0.016667
3 0.156667 0.496667 0.008333 0.021667
3 0.388333 0.575000 0.009167 0.015000
2 0.290833 0.546667 0.022500 0.023333
2 0.145000 0.533333 0.017500 0.116667
2 0.474167 0.393333 0.020833 0.028333
3 0.615833 0.506667 0.015833 0.051667
2 0.666667 0.558333 0.011667 0.025000
3 0.802500 0.481667 0.009167 0.016667
3 0.471667 0.410000 0.009167 0.016667
2 0.612500 0.480000 0.035000 0.105000
2 0.325833 0.515000 0.026667 0.035000
2 0.809167 0.610000 0.034167 0.100000
3 0.265833 0.475000 0.010833 0.023333
2 0.451667 0.433333 0.045833 0.021667
2 0.484167 0.406667 0.014167 0.015000
2 0.818333 0.616667 0.009167 0.031667
3 0.164167 0.581667 0.011667 0.020000
2 0.460000 0.576667 0.023333 0.041667
3 0.038333 0.568333 0.007500 0.015000
3 0.459167 0.455000 0.009167 0.016667
2 0.238333 0.593333 0.022500 0.023333
2 0.048333 0.505000 0.030833 0.051667
2 0.259167 0.595000 0.021667 0.090000
3 0.630833 0.565000 0.008333 0.016667
3 0.681667 0.575000 0.010000 0.020000
2 0.446667 0.455000 0.029167 0.038333
2 0.172500 0.560000 0.034167 0.100000
2 0.218333 0.578333 0.015833 0.068333
2 0.478333 0.520000 0.009167 0.040000
3 0.825833 0.645000 0.008333 0.016667
2 0.400833 0.525000 0.009167 0.031667
3 0.507500 0.585000 0.008333 0.016667
3 0.445000 0.576667 0.008333 0.016667
2 0.665833 0.491667 0.045833 0.021667
2 0.098333 0.521667 0.034167 0.100000
2 0.351667 0.548333 0.020000 0.021667
3 0.668333 0.546667 0.009167 0.018333
3 0.362500 0.585000 0.010000 0.020000
3 0.703333 0.580000 0.009167 0.023333
2 0.690000 0.618333 0.020833 0.080000
3 0.583333 0.585000 0.011667 0.030000
3 0.318333 0.598333 0.017500 0.031667
3 0.500000 0.546667 0.007500 0.015000
3 0.230833 0.561667 0.010000 0.020000
3 0.623333 0.490000 0.009167 0.016667
2 0.294167 0.458333 0.027500 0.016667
3 0.656667 0.545000 0.009167 0.023333
2 0.241667 0.578333 0.026667 0.035000
2 0.644167 0.495000 0.015833 0.068333
2 0.224167 0.493333 0.014167 0.015000
2 0.629167 0.581667 0.029167 0.038333
2 0.472500 0.415000 0.020000 0.021667
2 0.813333 0.613333 0.013333 0.070000
3 0.110000 0.485000 0.011667 0.030000
2 0.325833 0.553333 0.009167 0.040000
2 0.425000 0.493333 0.011667 0.025000
3 0.333333 0.540000 0.007500 0.016667
3 0.529167 0.528333 0.008333 0.016667
2 0.821667 0.518333 0.017500 0.116667
3 0.458333 0.565000 0.007500 0.015000
2 0.108333 0.488333 0.022500 0.023333
2 0.626667 0.495000 0.020833 0.028333
2 0.363333 0.526667 0.015833 0.068333
2 0.777500 0.606667 0.034167 0.100000
3 0.159167 0.446667 0.010833 0.013333
3 0.249167 0.468333 0.009167 0.018333
2 0.061667 0.508333 0.020833 0.028333
2 0.549167 0.613333 0.020833 0.080000
2 0.151667 0.450000 0.009167 0.040000
3 0.710000 0.530000 0.014167 0.025000
2 0.357500 0.533333 0.011667 0.025000
2 0.674167 0.556667 0.048333 0.043333
2 0.163333 0.541667 0.023333 0.041667
2 0.408333 0.480000 0.030833 0.051667
2 0.120000 0.548333 0.035000 0.105000
2 0.594167 0.738333 0.020000 0.021667
3 0.684167 0.411667 0.009167 0.016667
3 0.767500 0.641667 0.006667 0.018333
2 0.747500 0.398333 0.027500 0.016667
2 0.296667 0.730000 0.034167 0.100000
3 0.530000 0.721667 0.011667 0.020000
2 0.753333 0.635000 0.020833 0.028333
2 0.331667 0.231667 0.023333 0.106667
2 0.534167 0.613333 0.029167 0.038333
2 0.385833 0.381667 0.009167 0.040000
3 0.279167 0.670000 0.009167 0.016667
3 0.689167 0.606667 0.007500 0.018333
3 0.299167 0.645000 0.010833 0.013333
2 0.251667 0.325000 0.023333 0.041667
2 0.762500 0.366667 0.034167 0.100000
3 0.565000 0.673333 0.006667 0.018333
3 0.421667 0.735000 0.017500 0.031667
2 0.756667 0.683333 0.045833 0.021667
2 0.455000 0.661667 0.010000 0.031667
2 0.449167 0.265000 0.030833 0.051667
2 0.747500 0.593333 0.020833 0.080000
3 0.780000 0.603333 0.007500 0.018333
2 0.410833 0.378333 0.058333 0.076667
3 0.695833 0.608333 0.008333 0.016667
3 0.732500 0.441667 0.011667 0.030000
2 0.357500 0.653333 0.009167 0.031667
2 0.650000 0.658333 0.034167 0.038333
2 0.500000 0.448333 0.034167 0.100000
2 0.282500 0.243333 0.035000 0.105000
2 0.402500 0.666667 0.019167 0.046667
2 0.740833 0.708333 0.020000 0.021667
2 0.515833 0.388333 0.023333 0.106667
2 0.787500 0.336667 0.011667 0.025000
3 0.722500 0.411667 0.015833 0.051667
2 0.689167 0.335000 0.009167 0.040000
2 0.608333 0.388333 0.034167 0.038333
3 0.753333 0.366667 0.007500 0.015000
2 0.315833 0.630000 0.058333 0.076667
3 0.675000 0.675000 0.007500 0.018333
3 0.804167 0.653333 0.010833 0.023333
3 0.756667 0.293333 0.013333 0.015000
3 0.585833 0.416667 0.007500 0.016667
2 0.675833 0.440000 0.017500 0.116667
3 0.175000 0.403333 0.010000 0.016667
2 0.538333 0.591667 0.020833 0.080000
3 0.345000 0.750000 0.006667 0.018333
3 0.490833 0.300000 0.008333 0.021667
2 0.378333 0.358333 0.011667 0.025000
3 0.702500 0.645000 0.007500 0.016667
2 0.602500 0.998333 0.014167 0.001667
2 0.557500 0.726667 0.097500 0.053333
3 0.454167 0.271667 0.014167 0.025000
2 0.433333 0.325000 0.035000 0.105000
2 0.322500 0.833333 0.020833 0.080000
3 0.644167 0.365000 0.009167 0.016667
3 0.486667 0.860000 0.007500 0.018333
2 0.756667 0.351667 0.009167 0.040000
2 0.748333 0.621667 0.048333 0.025000
2 0.495833 0.343333 0.026667 0.035000
2 0.325000 0.311667 0.020000 0.021667
2 0.646667 0.420000 0.010000 0.031667
3 0.541667 0.705000 0.009167 0.015000
2 0.544167 0.765000 0.023333 0.041667
3 0.175833 0.403333 0.007500 0.018333
2 0.584167 0.728333 0.019167 0.046667
3 0.734167 0.415000 0.011667 0.020000
2 0.723333 0.253333 0.029167 0.038333
2 0.666667 0.701667 0.029167 0.038333
3 0.540000 0.355000 0.007500 0.018333
2 0.695000 0.341667 0.026667 0.035000
2 0.417500 0.718333 0.022500 0.023333
3 0.624167 0.655000 0.007500 0.016667
3 0.757500 0.630000 0.010000 0.016667
2 0.426667 0.360000 0.048333 0.043333
3 0.464167 0.718333 0.008333 0.016667
2 0.548333 0.210000 0.019167 0.046667
3 0.559167 0.270000 0.009167 0.015000
3 0.684167 0.638333 0.009167 0.015000
3 0.465833 0.845000 0.008333 0.016667
2 0.428333 0.386667 0.023333 0.041667
2 0.534167 0.336667 0.019167 0.046667
2 0.473333 0.820000 0.035000 0.105000
3 0.280000 0.725000 0.008333 0.021667
3 0.282500 0.435000 0.007500 0.015000
3 0.259167 0.363333 0.007500 0.015000
3 0.245000 0.355000 0.007500 0.018333
2 0.467500 0.745000 0.045833 0.021667
3 0.630833 0.658333 0.007500 0.018333
3 0.725833 0.403333 0.009167 0.018333
2 0.804167 0.345000 0.009167 0.031667
3 0.375000 0.676667 0.010000 0.016667
2 0.757500 0.650000 0.026667 0.035000
2 0.523333 0.623333 0.020833 0.028333
3 0.525833 0.405000 0.013333 0.015000
3 0.811667 0.620000 0.013333 0.031667
3 0.729167 0.411667 0.008333 0.016667
2 0.690000 0.626667 0.017500 0.116667
3 0.287500 0.821667 0.007500 0.018333
3 0.240833 0.371667 0.007500 0.018333
2 0.645833 0.671667 0.048333 0.043333
2 0.489167 0.275000 0.011667 0.066667
3 0.790000 0.643333 0.007500 0.015000
2 0.309167 0.798333 0.022500 0.023333
3 0.519167 0.263333 0.007500 0.018333
3 0.725000 0.626667 0.008333 0.016667
3 0.230833 0.801667 0.013333 0.031667
2 0.551667 0.628333 0.048333 0.043333
2 0.771667 0.373333 0.019167 0.046667
2 0.545000 0.351667 0.010833 0.091667
3 0.790000 0.330000 0.007500 0.016667
3 0.306667 0.810000 0.007500 0.016667
3 0.269167 0.293333 0.017500 0.031667
2 0.578333 0.748333 0.034167 0.038333
3 0.450833 0.648333 0.009167 0.016667
3 0.711667 0.621667 0.017500 0.031667
3 0.487500 0.681667 0.008333 0.016667
2 0.657500 0.341667 0.017500 0.116667
3 0.755000 0.310000 0.007500 0.015000
2 0.307500 0.465000 0.023333 0.041667
2 0.624167 0.408333 0.020833 0.080000
3 0.541667 0.690000 0.010000 0.016667
3 0.575000 0.618333 0.009167 0.016667
2 0.556667 0.430000 0.020000 0.021667
2 0.728333 0.406667 0.029167 0.038333
3 0.249167 0.646667 0.010833 0.013333
2 0.786667 0.373333 0.010000 0.031667
2 0.585000 0.310000 0.048333 0.043333
2 0.225000 0.706667 0.020833 0.080000
2 0.725833 0.433333 0.010000 0.031667
2 0.422500 0.226667 0.009167 0.031667
3 0.623333 0.388333 0.008333 0.021667
3 0.312500 0.720000 0.009167 0.016667
2 0.350000 0.748333 0.023333 0.106667
2 0.429167 0.321667 0.020833 0.028333
2 0.655833 0.255000 0.015833 0.068333
2 0.690000 0.698333 0.026667 0.035000
3 0.786667 0.396667 0.008333 0.016667
2 0.579167 0.416667 0.015833 0.068333
2 0.640000 0.673333 0.030833 0.051667
3 0.747500 0.653333 0.013333 0.015000
2 0.532500 0.675000 0.021667 0.090000
2 0.720000 0.456667 0.023333 0.106667
3 0.326667 0.710000 0.006667 0.018333
2 0.594167 0.285000 0.035000 0.105000
2 0.437500 0.290000 0.020833 0.080000
2 0.524167 0.711667 0.030833 0.051667
3 0.687500 0.623333 0.017500 0.031667
2 0.426667 0.790000 0.019167 0.046667
2 0.689167 0.673333 0.097500 0.053333
3 0.709167 0.683333 0.007500 0.015000
2 0.292500 0.281667 0.035000 0.105000
2 0.598333 0.733333 0.011667 0.025000
2 0.527500 0.615000 0.011667 0.025000
3 0.277500 0.375000 0.009167 0.016667
2 0.769167 0.815000 0.020833 0.080000
3 0.326667 0.673333 0.009167 0.016667
3 0.594167 0.165000 0.008333 0.021667
3 0.435000 0.665000 0.015833 0.051667
3 0.784167 0.683333 0.008333 0.016667
2 0.650000 0.620000 0.019167 0.046667
3 0.824167 0.703333 0.006667 0.018333
2 0.455833 0.271667 0.011667 0.025000
2 0.705000 0.728333 0.010833 0.091667
2 0.283333 0.406667 0.017500 0.116667
2 0.692500 0.600000 0.020833 0.080000
3 0.458333 0.716667 0.013333 0.031667
3 0.280000 0.750000 0.011667 0.030000
3 0.717500 0.430000 0.007500 0.018333
3 0.441667 0.736667 0.008333 0.016667
3 0.713333 0.605000 0.011667 0.020000
3 0.690000 0.716667 0.011667 0.030000
2 0.786667 0.415000 0.030833 0.051667
3 0.552500 0.998333 0.014167 0.001667
2 0.801667 0.646667 0.021667 0.090000
3 0.696667 0.665000 0.010833 0.023333
3 0.653333 0.661667 0.014167 0.025000
3 0.714167 0.660000 0.017500 0.031667
2 0.441667 0.633333 0.020833 0.080000
2 0.415000 0.838333 0.034167 0.100000
3 0.655833 0.635000 0.007500 0.015000
2 0.584167 0.676667 0.010833 0.091667
2 0.597500 0.998333 0.009167 0.001667
3 0.252500 0.393333 0.006667 0.018333
3 0.290833 0.405000 0.009167 0.016667
3 0.314167 0.383333 0.009167 0.018333
2 0.669167 0.405000 0.017500 0.116667
2 0.290000 0.640000 0.029167 0.038333
2 0.406667 0.715000 0.009167 0.031667
2 0.769167 0.411667 0.048333 0.043333
3 0.440000 0.390000 0.015833 0.051667
2 0.650833 0.328333 0.020833 0.028333
3 0.832500 0.420000 0.011667 0.020000
2 0.610000 0.363333 0.020000 0.021667
2 0.147500 0.431667 0.030833 0.051667
3 0.685000 0.411667 0.008333 0.016667
2 0.635833 0.375000 0.045833 0.021667
2 0.647500 0.585000 0.058333 0.076667
2 0.801667 0.371667 0.048333 0.025000
