4 0.830833 0.643333 0.157500 0.183333
4 0.877500 0.501667 0.079167 0.145000
4 0.877500 0.518333 0.068333 0.021667
4 0.839167 0.526667 0.055833 0.101667
4 0.774167 0.546667 0.198333 0.158333
4 0.873333 0.621667 0.077500 0.083333
4 0.729167 0.575000 0.337500 0.218333
4 0.876667 0.630000 0.058333 0.016667
4 0.801667 0.663333 0.087500 0.101667
4 0.818333 0.353333 0.082500 0.171667
4 0.425000 0.601667 0.099167 0.218333
4 0.082500 0.610000 0.045000 0.126667
4 0.412500 0.495000 0.049167 0.101667
4 0.170833 0.491667 0.200833 0.183333
4 0.248333 0.471667 0.068333 0.045000
4 0.642500 0.583333 0.126667 0.128333
4 0.199167 0.526667 0.050000 0.086667
4 0.530000 0.508333 0.060000 0.023333
4 0.565833 0.538333 0.108333 0.071667
4 0.489167 0.520000 0.062500 0.046667
3 0.212500 0.580000 0.007500 0.018333
2 0.200833 0.625000 0.034167 0.100000
2 0.615833 0.465000 0.011667 0.025000
2 0.042500 0.565000 0.014167 0.015000
2 0.582500 0.590000 0.030833 0.051667
2 0.030000 0.575000 0.045833 0.021667
3 0.623333 0.561667 0.011667 0.030000
2 0.592500 0.490000 0.030833 0.051667
3 0.617500 0.530000 0.007500 0.018333
3 0.545833 0.546667 0.008333 0.016667
2 0.315833 0.481667 0.009167 0.031667
3 0.514167 0.531667 0.007500 0.015000
2 0.019167 0.550000 0.023333 0.106667
2 0.785833 0.551667 0.019167 0.046667
2 0.508333 0.490000 0.048333 0.025000
3 0.530833 0.511667 0.008333 0.016667
3 0.717500 0.565000 0.006667 0.018333
3 0.190000 0.516667 0.008333 0.016667
2 0.220000 0.558333 0.009167 0.031667
2 0.545833 0.550000 0.020833 0.080000
3 0.612500 0.505000 0.008333 0.016667
3 0.420000 0.585000 0.009167 0.023333
3 0.188333 0.466667 0.009167 0.015000
2 0.818333 0.531667 0.023333 0.106667
2 0.435000 0.526667 0.034167 0.038333
3 0.100833 0.480000 0.008333 0.016667
2 0.710000 0.495000 0.026667 0.035000
2 0.255833 0.535000 0.009167 0.031667
2 0.443333 0.483333 0.023333 0.041667
2 0.425833 0.560000 0.027500 0.016667
3 0.647500 0.525000 0.010833 0.023333
2 0.800000 0.535000 0.011667 0.025000
3 0.609167 0.473333 0.009167 0.015000
3 0.792500 0.450000 0.009167 0.018333
2 0.249167 0.520000 0.058333 0.076667
3 0.459167 0.571667 0.010000 0.020000
2 0.763333 0.455000 0.017500 0.116667
3 0.605833 0.491667 0.017500 0.031667
2 0.484167 0.461667 0.058333 0.076667
2 0.783333 0.435000 0.048333 0.043333
3 0.420000 0.550000 0.009167 0.023333
3 0.777500 0.460000 0.007500 0.018333
3 0.815833 0.463333 0.007500 0.015000
2 0.045833 0.548333 0.014167 0.015000
3 0.238333 0.551667 0.009167 0.015000
3 0.740000 0.530000 0.007500 0.015000
3 0.640000 0.570000 0.017500 0.031667
2 0.216667 0.555000 0.058333 0.076667
2 0.078333 0.501667 0.021667 0.090000
3 0.212500 0.503333 0.008333 0.016667
2 0.187500 0.525000 0.015833 0.068333
2 0.087500 0.461667 0.034167 0.038333
3 0.568333 0.538333 0.006667 0.018333
3 0.223333 0.521667 0.010833 0.013333
3 0.737500 0.478333 0.007500 0.015000
2 0.405000 0.546667 0.020000 0.021667
3 0.609167 0.571667 0.011667 0.020000
2 0.709167 0.520000 0.030833 0.051667
2 0.803333 0.420000 0.020833 0.080000
3 0.299167 0.546667 0.008333 0.016667
3 0.711667 0.471667 0.009167 0.018333
2 0.282500 0.598333 0.048333 0.025000
3 0.294167 0.536667 0.009167 0.015000
3 0.634167 0.491667 0.006667 0.018333
3 0.175833 0.583333 0.009167 0.016667
2 0.381667 0.543333 0.048333 0.025000
2 0.289167 0.488333 0.045833 0.021667
3 0.585833 0.548333 0.008333 0.016667
2 0.598333 0.463333 0.035000 0.105000
3 0.275000 0.480000 0.013333 0.031667
2 0.616667 0.456667 0.020000 0.021667
2 0.282500 0.533333 0.009167 0.040000
3 0.632500 0.525000 0.007500 0.015000
3 0.461667 0.570000 0.006667 0.018333
2 0.418333 0.533333 0.020000 0.021667
3 0.226667 0.565000 0.007500 0.015000
3 0.406667 0.591667 0.009167 0.016667
3 0.797500 0.465000 0.007500 0.015000
2 0.323333 0.551667 0.023333 0.041667
3 0.564167 0.506667 0.008333 0.016667
2 0.399167 0.485000 0.027500 0.016667
2 0.300000 0.540000 0.010000 0.031667
3 0.826667 0.510000 0.011667 0.030000
2 0.388333 0.481667 0.009167 0.040000
3 0.369167 0.553333 0.009167 0.016667
3 0.247500 0.475000 0.011667 0.030000
2 0.421667 0.461667 0.027500 0.016667
2 0.285833 0.586667 0.015833 0.068333
2 0.449167 0.556667 0.045833 0.021667
2 0.295000 0.533333 0.058333 0.076667
3 0.345833 0.468333 0.010000 0.020000
3 0.192500 0.581667 0.010833 0.013333
3 0.396667 0.591667 0.015833 0.051667
2 0.755000 0.518333 0.011667 0.025000
3 0.089167 0.500000 0.009167 0.016667
2 0.325833 0.575000 0.020833 0.028333
2 0.335833 0.453333 0.097500 0.053333
2 0.753333 0.543333 0.058333 0.076667
3 0.708333 0.471667 0.008333 0.016667
3 0.794167 0.443333 0.007500 0.015000
3 0.480000 0.578333 0.011667 0.020000
2 0.220000 0.501667 0.027500 0.016667
2 0.494167 0.335000 0.011667 0.025000
3 0.510833 0.260000 0.009167 0.016667
2 0.614167 0.381667 0.034167 0.038333
3 0.732500 0.438333 0.011667 0.020000
2 0.134167 0.391667 0.058333 0.076667
2 0.644167 0.361667 0.010833 0.091667
2 0.300833 0.131667 0.015833 0.068333
3 0.605833 0.660000 0.009167 0.018333
2 0.533333 0.278333 0.011667 0.066667
2 0.328333 0.416667 0.013333 0.070000
3 0.362500 0.616667 0.008333 0.021667
2 0.312500 0.265000 0.045833 0.021667
3 0.679167 0.438333 0.008333 0.021667
2 0.414167 0.366667 0.034167 0.038333
3 0.711667 0.345000 0.007500 0.015000
3 0.359167 0.771667 0.008333 0.016667
2 0.673333 0.371667 0.013333 0.070000
2 0.642500 0.666667 0.020833 0.080000
3 0.705000 0.668333 0.007500 0.015000
3 0.404167 0.715000 0.010833 0.023333
2 0.485833 0.771667 0.020833 0.028333
3 0.712500 0.361667 0.014167 0.025000
3 0.567500 0.733333 0.010000 0.016667
3 0.598333 0.576667 0.008333 0.016667
3 0.389167 0.755000 0.007500 0.016667
3 0.219167 0.685000 0.007500 0.015000
2 0.702500 0.613333 0.045833 0.021667
2 0.320000 0.305000 0.029167 0.038333
3 0.291667 0.828333 0.010000 0.016667
2 0.490833 0.310000 0.011667 0.066667
3 0.733333 0.708333 0.011667 0.030000
3 0.607500 0.340000 0.007500 0.015000
2 0.725833 0.380000 0.013333 0.070000
3 0.263333 0.653333 0.017500 0.031667
2 0.247500 0.366667 0.019167 0.046667
2 0.481667 0.748333 0.011667 0.025000
3 0.556667 0.668333 0.011667 0.030000
2 0.676667 0.706667 0.011667 0.066667
2 0.766667 0.396667 0.048333 0.043333
2 0.765833 0.365000 0.048333 0.043333
3 0.525000 0.368333 0.007500 0.015000
2 0.485000 0.253333 0.048333 0.043333
3 0.780833 0.346667 0.008333 0.016667
3 0.265000 0.390000 0.010000 0.020000
2 0.685000 0.348333 0.011667 0.066667
2 0.294167 0.210000 0.048333 0.025000
3 0.445833 0.376667 0.007500 0.015000
3 0.654167 0.450000 0.008333 0.021667
2 0.575000 0.648333 0.017500 0.116667
3 0.327500 0.676667 0.008333 0.021667
3 0.691667 0.736667 0.015833 0.051667
3 0.560833 0.275000 0.010000 0.016667
3 0.606667 0.313333 0.009167 0.016667
2 0.247500 0.613333 0.020833 0.080000
2 0.675000 0.366667 0.013333 0.070000
2 0.519167 0.641667 0.097500 0.053333
3 0.683333 0.681667 0.010833 0.013333
2 0.790000 0.366667 0.020000 0.021667
2 0.263333 0.348333 0.011667 0.025000
3 0.820000 0.390000 0.011667 0.020000
2 0.791667 0.426667 0.020833 0.080000
3 0.554167 0.640000 0.007500 0.018333
2 0.798333 0.708333 0.048333 0.043333
3 0.759167 0.613333 0.007500 0.018333
3 0.238333 0.355000 0.011667 0.030000
2 0.746667 0.586667 0.009167 0.040000
2 0.755833 0.388333 0.030833 0.051667
3 0.751667 0.398333 0.009167 0.016667
2 0.736667 0.315000 0.020833 0.080000
2 0.520833 0.680000 0.009167 0.031667
3 0.700000 0.666667 0.010000 0.016667
2 0.508333 0.300000 0.009167 0.040000
2 0.434167 0.661667 0.023333 0.106667
2 0.693333 0.678333 0.048333 0.043333
3 0.260833 0.731667 0.009167 0.023333
3 0.317500 0.701667 0.013333 0.015000
3 0.767500 0.383333 0.010000 0.020000
2 0.654167 0.455000 0.023333 0.041667
3 0.640833 0.425000 0.013333 0.015000
3 0.531667 0.361667 0.011667 0.030000
3 0.318333 0.411667 0.008333 0.016667
3 0.640833 0.433333 0.007500 0.018333
2 0.761667 0.666667 0.045833 0.021667
2 0.513333 0.651667 0.011667 0.025000
2 0.616667 0.363333 0.034167 0.100000
2 0.632500 0.348333 0.097500 0.053333
2 0.411667 0.700000 0.009167 0.031667
2 0.437500 0.695000 0.015833 0.068333
2 0.669167 0.668333 0.035000 0.105000
2 0.462500 0.325000 0.023333 0.106667
2 0.252500 0.710000 0.045833 0.021667
3 0.755000 0.661667 0.008333 0.016667
3 0.725833 0.798333 0.008333 0.021667
2 0.318333 0.386667 0.010833 0.091667
3 0.536667 0.421667 0.010000 0.016667
3 0.177500 0.391667 0.006667 0.018333
2 0.713333 0.605000 0.034167 0.038333
3 0.478333 0.620000 0.006667 0.018333
3 0.473333 0.123333 0.006667 0.018333
3 0.684167 0.640000 0.008333 0.021667
3 0.695000 0.348333 0.007500 0.016667
2 0.458333 0.680000 0.020833 0.028333
3 0.714167 0.378333 0.008333 0.016667
3 0.524167 0.708333 0.007500 0.018333
3 0.465000 0.776667 0.014167 0.025000
3 0.345833 0.653333 0.008333 0.016667
3 0.720833 0.648333 0.007500 0.018333
2 0.286667 0.403333 0.011667 0.025000
3 0.646667 0.335000 0.010000 0.020000
2 0.746667 0.436667 0.013333 0.070000
3 0.467500 0.783333 0.010000 0.020000
2 0.258333 0.693333 0.029167 0.038333
2 0.709167 0.441667 0.009167 0.031667
3 0.672500 0.635000 0.008333 0.016667
2 0.580833 0.186667 0.034167 0.100000
2 0.689167 0.640000 0.013333 0.070000
2 0.546667 0.336667 0.023333 0.106667
2 0.610000 0.395000 0.097500 0.053333
2 0.569167 0.668333 0.010000 0.031667
3 0.359167 0.773333 0.007500 0.018333
2 0.395000 0.636667 0.019167 0.046667
3 0.775833 0.713333 0.009167 0.016667
3 0.440000 0.345000 0.007500 0.018333
3 0.568333 0.630000 0.014167 0.025000
3 0.556667 0.423333 0.010833 0.023333
2 0.314167 0.653333 0.009167 0.031667
2 0.157500 0.615000 0.011667 0.066667
2 0.776667 0.361667 0.045833 0.021667
3 0.654167 0.406667 0.015833 0.051667
3 0.505833 0.678333 0.008333 0.016667
3 0.804167 0.648333 0.017500 0.031667
3 0.361667 0.396667 0.009167 0.016667
3 0.675833 0.728333 0.013333 0.031667
3 0.814167 0.630000 0.008333 0.016667
2 0.593333 0.313333 0.019167 0.046667
3 0.405833 0.726667 0.009167 0.016667
2 0.500000 0.411667 0.058333 0.076667
2 0.665833 0.636667 0.020833 0.080000
3 0.274167 0.383333 0.015833 0.051667
2 0.625000 0.443333 0.023333 0.106667
3 0.804167 0.730000 0.008333 0.016667
2 0.670000 0.275000 0.045833 0.021667
2 0.711667 0.443333 0.013333 0.070000
2 0.759167 0.691667 0.027500 0.016667
2 0.750833 0.381667 0.048333 0.025000
2 0.646667 0.376667 0.030833 0.051667
3 0.750833 0.398333 0.010833 0.023333
3 0.788333 0.418333 0.009167 0.016667
2 0.699167 0.371667 0.020000 0.021667
3 0.666667 0.420000 0.006667 0.018333
2 0.654167 0.618333 0.011667 0.025000
2 0.505000 0.301667 0.029167 0.038333
2 0.438333 0.356667 0.048333 0.043333
2 0.253333 0.403333 0.026667 0.035000
2 0.392500 0.375000 0.010000 0.031667
3 0.310000 0.373333 0.008333 0.021667
2 0.795833 0.636667 0.027500 0.016667
3 0.618333 0.646667 0.008333 0.016667
2 0.798333 0.896667 0.027500 0.016667
2 0.809167 0.435000 0.010833 0.091667
2 0.786667 0.710000 0.019167 0.046667
2 0.349167 0.846667 0.009167 0.031667
2 0.529167 0.641667 0.009167 0.031667
3 0.688333 0.636667 0.009167 0.023333
2 0.686667 0.395000 0.023333 0.106667
2 0.296667 0.730000 0.019167 0.046667
3 0.731667 0.363333 0.008333 0.016667
2 0.257500 0.890000 0.034167 0.100000
3 0.246667 0.696667 0.009167 0.015000
2 0.283333 0.316667 0.017500 0.116667
3 0.625000 0.363333 0.008333 0.016667
2 0.711667 0.626667 0.019167 0.046667
2 0.382500 0.705000 0.014167 0.015000
2 0.446667 0.265000 0.015833 0.068333
3 0.565000 0.441667 0.007500 0.015000
3 0.485833 0.645000 0.008333 0.021667
2 0.770000 0.333333 0.048333 0.025000
2 0.436667 0.756667 0.034167 0.100000
3 0.525833 0.360000 0.008333 0.016667
3 0.727500 0.640000 0.007500 0.016667
3 0.679167 0.375000 0.010000 0.016667
3 0.518333 0.231667 0.007500 0.018333
2 0.536667 0.216667 0.023333 0.041667
2 0.688333 0.636667 0.097500 0.053333
2 0.582500 0.635000 0.026667 0.035000
3 0.494167 0.753333 0.009167 0.016667
2 0.638333 0.373333 0.048333 0.025000
3 0.543333 0.653333 0.010833 0.023333
3 0.683333 0.616667 0.007500 0.018333
3 0.462500 0.660000 0.007500 0.015000
2 0.547500 0.655000 0.023333 0.041667
2 0.660833 0.425000 0.013333 0.070000
3 0.445833 0.375000 0.017500 0.031667
3 0.321667 0.343333 0.009167 0.018333
2 0.735000 0.611667 0.048333 0.025000
3 0.244167 0.743333 0.007500 0.018333
3 0.771667 0.360000 0.009167 0.016667
3 0.689167 0.336667 0.010000 0.020000
