4 0.841667 0.615000 0.097500 0.155000
4 0.837500 0.481667 0.068333 0.083333
4 0.803333 0.691667 0.170833 0.228333
4 0.865000 0.376667 0.098333 0.168333
4 0.840833 0.515000 0.076667 0.021667
4 0.855000 0.585000 0.084167 0.071667
4 0.856667 0.540000 0.062500 0.046667
4 0.736667 0.598333 0.228333 0.451667
4 0.823333 0.466667 0.070833 0.053333
4 0.765000 0.561667 0.180833 0.166667
4 0.401667 0.521667 0.062500 0.040000
4 0.540833 0.655000 0.130000 0.240000
4 0.592500 0.591667 0.106667 0.166667
4 0.391667 0.478333 0.131667 0.046667
4 0.375833 0.516667 0.270000 0.133333
4 0.143333 0.556667 0.071667 0.035000
4 0.025833 0.636667 0.052500 0.196667
4 0.466667 0.601667 0.150000 0.211667
4 0.595000 0.508333 0.050000 0.063333
4 0.149167 0.470000 0.088333 0.083333
2 0.475000 0.508333 0.015833 0.068333
2 0.548333 0.503333 0.034167 0.038333
2 0.232500 0.520000 0.009167 0.031667
3 0.482500 0.605000 0.013333 0.031667
2 0.801667 0.616667 0.030833 0.051667
2 0.345000 0.446667 0.027500 0.016667
3 0.653333 0.458333 0.014167 0.025000
3 0.454167 0.530000 0.013333 0.031667
2 0.049167 0.563333 0.020000 0.021667
3 0.630000 0.536667 0.009167 0.016667
2 0.488333 0.586667 0.009167 0.031667
2 0.132500 0.516667 0.027500 0.016667
3 0.606667 0.535000 0.010000 0.016667
3 0.091667 0.536667 0.008333 0.021667
3 0.765833 0.545000 0.007500 0.015000
3 0.098333 0.495000 0.010000 0.020000
3 0.628333 0.496667 0.007500 0.015000
3 0.788333 0.535000 0.007500 0.018333
2 0.158333 0.576667 0.029167 0.038333
2 0.235833 0.538333 0.023333 0.106667
3 0.443333 0.471667 0.008333 0.016667
3 0.194167 0.440000 0.014167 0.025000
3 0.677500 0.506667 0.013333 0.031667
2 0.820000 0.483333 0.023333 0.041667
2 0.145000 0.605000 0.009167 0.031667
3 0.118333 0.475000 0.011667 0.030000
3 0.533333 0.471667 0.008333 0.016667
3 0.679167 0.505000 0.010000 0.020000
3 0.660000 0.556667 0.010000 0.020000
2 0.635000 0.493333 0.023333 0.106667
3 0.446667 0.606667 0.008333 0.016667
3 0.397500 0.591667 0.008333 0.016667
3 0.741667 0.520000 0.007500 0.016667
2 0.100833 0.456667 0.015833 0.068333
3 0.456667 0.456667 0.009167 0.016667
3 0.461667 0.451667 0.008333 0.021667
2 0.661667 0.500000 0.026667 0.035000
2 0.507500 0.500000 0.009167 0.031667
2 0.743333 0.573333 0.022500 0.023333
2 0.362500 0.613333 0.021667 0.090000
3 0.302500 0.463333 0.010000 0.016667
3 0.585000 0.480000 0.014167 0.025000
2 0.651667 0.468333 0.020833 0.080000
3 0.247500 0.591667 0.011667 0.020000
3 0.054167 0.458333 0.014167 0.025000
2 0.734167 0.516667 0.010833 0.091667
2 0.533333 0.538333 0.035000 0.105000
2 0.354167 0.518333 0.058333 0.076667
3 0.135000 0.540000 0.010000 0.020000
3 0.508333 0.590000 0.010833 0.013333
2 0.557500 0.508333 0.009167 0.040000
2 0.127500 0.575000 0.045833 0.021667
3 0.348333 0.568333 0.015833 0.051667
2 0.273333 0.506667 0.045833 0.021667
3 0.360000 0.465000 0.014167 0.025000
2 0.611667 0.500000 0.048333 0.025000
3 0.204167 0.541667 0.008333 0.016667
2 0.390833 0.530000 0.020000 0.021667
2 0.178333 0.453333 0.011667 0.066667
3 0.213333 0.465000 0.014167 0.025000
2 0.660833 0.543333 0.019167 0.046667
2 0.564167 0.513333 0.022500 0.023333
3 0.329167 0.556667 0.006667 0.018333
3 0.630833 0.485000 0.009167 0.018333
2 0.084167 0.465000 0.035000 0.105000
2 0.495000 0.466667 0.045833 0.021667
3 0.060833 0.533333 0.013333 0.031667
2 0.028333 0.463333 0.056667 0.053333
2 0.085833 0.518333 0.022500 0.023333
3 0.030833 0.475000 0.007500 0.018333
3 0.085000 0.516667 0.014167 0.025000
2 0.465000 0.616667 0.021667 0.090000
2 0.065833 0.465000 0.015833 0.068333
2 0.589167 0.511667 0.020833 0.080000
2 0.401667 0.456667 0.027500 0.016667
3 0.043333 0.546667 0.015833 0.051667
2 0.073333 0.501667 0.010000 0.031667
2 0.357500 0.563333 0.020000 0.021667
2 0.441667 0.618333 0.009167 0.031667
2 0.089167 0.440000 0.029167 0.038333
2 0.585833 0.486667 0.026667 0.035000
3 0.230000 0.511667 0.013333 0.015000
2 0.150833 0.450000 0.029167 0.038333
2 0.454167 0.470000 0.009167 0.040000
2 0.772500 0.528333 0.048333 0.025000
3 0.684167 0.546667 0.011667 0.030000
2 0.622500 0.548333 0.026667 0.035000
3 0.676667 0.530000 0.007500 0.018333
3 0.381667 0.578333 0.011667 0.020000
3 0.024167 0.536667 0.008333 0.016667
2 0.043333 0.526667 0.009167 0.040000
2 0.620000 0.415000 0.011667 0.066667
2 0.053333 0.520000 0.011667 0.066667
2 0.314167 0.480000 0.034167 0.038333
3 0.269167 0.580000 0.011667 0.030000
3 0.716667 0.466667 0.007500 0.015000
2 0.761667 0.538333 0.023333 0.041667
3 0.530000 0.538333 0.009167 0.018333
3 0.751667 0.515000 0.009167 0.023333
3 0.491667 0.506667 0.010000 0.016667
3 0.171667 0.446667 0.009167 0.016667
3 0.749167 0.473333 0.009167 0.018333
2 0.561667 0.353333 0.009167 0.040000
2 0.729167 0.686667 0.058333 0.076667
2 0.670000 0.598333 0.045833 0.021667
2 0.584167 0.418333 0.011667 0.066667
3 0.688333 0.328333 0.008333 0.016667
2 0.465000 0.345000 0.023333 0.106667
3 0.458333 0.881667 0.009167 0.016667
3 0.525000 0.395000 0.009167 0.016667
2 0.475833 0.278333 0.030833 0.051667
3 0.270000 0.690000 0.009167 0.016667
2 0.775833 0.403333 0.009167 0.040000
2 0.776667 0.398333 0.011667 0.025000
2 0.280000 0.726667 0.023333 0.041667
2 0.765000 0.396667 0.034167 0.038333
2 0.669167 0.355000 0.014167 0.015000
3 0.705833 0.406667 0.013333 0.015000
2 0.613333 0.380000 0.027500 0.016667
2 0.522500 0.395000 0.013333 0.070000
2 0.770000 0.646667 0.048333 0.025000
2 0.606667 0.363333 0.021667 0.090000
2 0.786667 0.406667 0.034167 0.100000
3 0.485000 0.641667 0.009167 0.016667
3 0.307500 0.403333 0.008333 0.016667
2 0.596667 0.336667 0.023333 0.106667
2 0.463333 0.653333 0.026667 0.035000
3 0.592500 0.410000 0.011667 0.020000
3 0.518333 0.230000 0.007500 0.015000
3 0.690000 0.338333 0.008333 0.016667
2 0.765000 0.886667 0.048333 0.043333
2 0.605833 0.320000 0.011667 0.066667
3 0.754167 0.610000 0.009167 0.016667
3 0.294167 0.288333 0.007500 0.015000
2 0.519167 0.275000 0.010000 0.031667
3 0.762500 0.403333 0.009167 0.016667
2 0.342500 0.880000 0.009167 0.031667
3 0.779167 0.661667 0.007500 0.015000
2 0.639167 0.435000 0.029167 0.038333
2 0.287500 0.720000 0.048333 0.043333
2 0.712500 0.610000 0.020833 0.080000
2 0.470000 0.638333 0.097500 0.053333
3 0.485000 0.856667 0.010833 0.013333
2 0.727500 0.435000 0.030833 0.051667
3 0.678333 0.333333 0.008333 0.016667
2 0.776667 0.356667 0.034167 0.100000
2 0.740000 0.366667 0.019167 0.046667
2 0.489167 0.266667 0.026667 0.035000
2 0.689167 0.595000 0.045833 0.021667
2 0.519167 0.415000 0.019167 0.046667
3 0.311667 0.378333 0.011667 0.030000
2 0.769167 0.681667 0.020833 0.028333
2 0.736667 0.833333 0.021667 0.090000
2 0.286667 0.260000 0.010000 0.031667
3 0.720000 0.420000 0.007500 0.018333
3 0.449167 0.730000 0.010000 0.016667
2 0.647500 0.628333 0.011667 0.025000
2 0.245833 0.425000 0.013333 0.070000
2 0.309167 0.380000 0.023333 0.041667
2 0.545833 0.675000 0.058333 0.076667
3 0.637500 0.356667 0.015833 0.051667
3 0.351667 0.660000 0.009167 0.015000
2 0.763333 0.283333 0.020833 0.080000
2 0.557500 0.663333 0.020833 0.028333
3 0.677500 0.711667 0.008333 0.016667
2 0.752500 0.680000 0.035000 0.105000
2 0.501667 0.728333 0.034167 0.100000
2 0.665000 0.315000 0.027500 0.016667
3 0.511667 0.361667 0.007500 0.015000
2 0.650000 0.428333 0.015833 0.068333
3 0.620833 0.646667 0.006667 0.018333
2 0.745833 0.641667 0.010833 0.091667
3 0.758333 0.591667 0.007500 0.015000
3 0.619167 0.370000 0.008333 0.016667
2 0.453333 0.411667 0.023333 0.041667
2 0.540833 0.638333 0.022500 0.023333
2 0.295000 0.683333 0.058333 0.076667
2 0.723333 0.633333 0.013333 0.070000
2 0.567500 0.605000 0.035000 0.105000
2 0.842500 0.306667 0.019167 0.046667
2 0.435833 0.356667 0.029167 0.038333
3 0.590833 0.625000 0.010000 0.020000
3 0.556667 0.316667 0.010833 0.013333
3 0.465833 0.361667 0.017500 0.031667
3 0.480833 0.378333 0.009167 0.016667
3 0.645000 0.635000 0.011667 0.020000
3 0.735833 0.413333 0.007500 0.018333
3 0.566667 0.243333 0.008333 0.016667
3 0.395000 0.670000 0.011667 0.020000
3 0.542500 0.341667 0.008333 0.016667
3 0.754167 0.711667 0.008333 0.021667
3 0.272500 0.263333 0.013333 0.031667
2 0.687500 0.628333 0.020833 0.028333
2 0.307500 0.391667 0.023333 0.041667
3 0.663333 0.338333 0.007500 0.015000
2 0.649167 0.676667 0.023333 0.041667
2 0.240000 0.331667 0.034167 0.038333
2 0.291667 0.710000 0.014167 0.015000
2 0.291667 0.390000 0.045833 0.021667
3 0.274167 0.290000 0.007500 0.018333
3 0.441667 0.900000 0.011667 0.030000
2 0.573333 0.621667 0.020833 0.080000
2 0.363333 0.396667 0.020833 0.028333
3 0.765000 0.365000 0.007500 0.015000
3 0.733333 0.596667 0.007500 0.018333
2 0.486667 0.240000 0.058333 0.076667
2 0.645000 0.393333 0.009167 0.031667
3 0.665833 0.350000 0.010000 0.016667
3 0.390833 0.771667 0.010833 0.023333
2 0.308333 0.336667 0.015833 0.068333
2 0.293333 0.756667 0.026667 0.035000
2 0.292500 0.675000 0.020833 0.080000
2 0.380833 0.418333 0.021667 0.090000
2 0.797500 0.626667 0.019167 0.046667
2 0.314167 0.265000 0.015833 0.068333
2 0.755833 0.311667 0.010000 0.031667
2 0.546667 0.416667 0.010000 0.031667
2 0.681667 0.290000 0.022500 0.023333
3 0.525000 0.371667 0.014167 0.025000
3 0.775000 0.358333 0.008333 0.021667
2 0.428333 0.338333 0.023333 0.106667
2 0.627500 0.336667 0.097500 0.053333
3 0.676667 0.710000 0.010000 0.020000
2 0.659167 0.358333 0.023333 0.106667
3 0.435000 0.376667 0.009167 0.015000
3 0.794167 0.715000 0.009167 0.016667
3 0.455833 0.351667 0.009167 0.018333
3 0.680833 0.671667 0.013333 0.015000
2 0.255000 0.666667 0.034167 0.100000
2 0.475000 0.655000 0.022500 0.023333
2 0.526667 0.385000 0.021667 0.090000
3 0.345833 0.393333 0.011667 0.030000
2 0.782500 0.651667 0.022500 0.023333
3 0.170000 0.385000 0.009167 0.016667
2 0.764167 0.666667 0.013333 0.070000
2 0.796667 0.410000 0.020833 0.028333
3 0.510000 0.275000 0.009167 0.015000
3 0.698333 0.686667 0.009167 0.015000
3 0.315000 0.786667 0.010833 0.013333
3 0.405000 0.676667 0.014167 0.025000
3 0.307500 0.340000 0.007500 0.018333
3 0.690833 0.713333 0.009167 0.016667
2 0.257500 0.726667 0.097500 0.053333
2 0.497500 0.366667 0.048333 0.025000
3 0.656667 0.680000 0.008333 0.016667
3 0.748333 0.605000 0.008333 0.016667
2 0.725000 0.680000 0.014167 0.015000
2 0.706667 0.340000 0.027500 0.016667
3 0.759167 0.388333 0.009167 0.016667
2 0.722500 0.406667 0.045833 0.021667
3 0.550000 0.236667 0.011667 0.020000
2 0.720833 0.328333 0.019167 0.046667
3 0.290000 0.353333 0.007500 0.015000
2 0.509167 0.180000 0.015833 0.068333
2 0.562500 0.336667 0.034167 0.100000
3 0.386667 0.765000 0.009167 0.016667
3 0.460000 0.703333 0.010833 0.013333
3 0.470833 0.370000 0.007500 0.015000
2 0.409167 0.811667 0.034167 0.100000
2 0.723333 0.650000 0.015833 0.068333
3 0.545833 0.686667 0.009167 0.023333
2 0.425000 0.296667 0.097500 0.053333
2 0.694167 0.420000 0.048333 0.025000
2 0.245000 0.648333 0.020000 0.021667
2 0.270000 0.376667 0.019167 0.046667
2 0.439167 0.878333 0.015833 0.068333
3 0.809167 0.631667 0.009167 0.016667
2 0.804167 0.620000 0.011667 0.066667
3 0.709167 0.255000 0.010833 0.013333
2 0.775000 0.426667 0.022500 0.023333
2 0.687500 0.765000 0.027500 0.016667
3 0.676667 0.441667 0.009167 0.016667
2 0.484167 0.281667 0.014167 0.015000
2 0.469167 0.233333 0.026667 0.035000
3 0.629167 0.413333 0.007500 0.016667
2 0.830000 0.388333 0.009167 0.040000
3 0.325833 0.660000 0.008333 0.016667
3 0.745833 0.383333 0.007500 0.015000
3 0.782500 0.600000 0.006667 0.018333
2 0.551667 0.311667 0.020833 0.028333
3 0.304167 0.363333 0.009167 0.016667
2 0.307500 0.398333 0.020000 0.021667
3 0.799167 0.378333 0.009167 0.015000
2 0.235000 0.231667 0.022500 0.023333
3 0.376667 0.320000 0.008333 0.016667
3 0.455000 0.295000 0.007500 0.015000
2 0.320000 0.381667 0.048333 0.043333
2 0.293333 0.271667 0.009167 0.040000
3 0.254167 0.230000 0.010833 0.023333
2 0.513333 0.353333 0.029167 0.038333
3 0.287500 0.320000 0.009167 0.018333
3 0.706667 0.703333 0.010000 0.020000
2 0.722500 0.670000 0.020000 0.021667
3 0.808333 0.428333 0.010833 0.023333
2 0.733333 0.446667 0.009167 0.031667
3 0.341667 0.838333 0.010000 0.020000
2 0.728333 0.390000 0.020833 0.028333
2 0.376667 0.363333 0.014167 0.015000
2 0.305000 0.430000 0.013333 0.070000
2 0.281667 0.381667 0.009167 0.040000
