4 0.745000 0.531667 0.335000 0.113333
4 0.900000 0.633333 0.056667 0.056667
4 0.820833 0.495000 0.031667 0.063333
4 0.885000 0.423333 0.059167 0.046667
4 0.853333 0.508333 0.120000 0.163333
4 0.866667 0.676667 0.069167 0.031667
4 0.838333 0.488333 0.076667 0.040000
4 0.836667 0.451667 0.055833 0.103333
4 0.799167 0.403333 0.232500 0.156667
4 0.799167 0.466667 0.139167 0.098333
4 0.801667 0.555000 0.029167 0.063333
4 0.260000 0.676667 0.141667 0.270000
4 0.122500 0.628333 0.163333 0.165000
4 0.061667 0.680000 0.123333 0.398333
4 0.690833 0.586667 0.074167 0.161667
4 0.376667 0.463333 0.094167 0.081667
4 0.693333 0.505000 0.059167 0.040000
4 0.433333 0.466667 0.095000 0.108333
4 0.117500 0.620000 0.065000 0.101667
4 0.533333 0.771667 0.316667 0.455000
2 0.697500 0.521667 0.027500 0.016667
2 0.204167 0.548333 0.020833 0.028333
2 0.535000 0.465000 0.011667 0.066667
2 0.115000 0.498333 0.029167 0.038333
3 0.670000 0.483333 0.017500 0.031667
3 0.250000 0.583333 0.008333 0.016667
2 0.807500 0.518333 0.014167 0.015000
3 0.808333 0.598333 0.017500 0.031667
2 0.014167 0.451667 0.029167 0.053333
3 0.252500 0.588333 0.007500 0.015000
3 0.235833 0.578333 0.007500 0.018333
3 0.610000 0.611667 0.007500 0.015000
3 0.695000 0.521667 0.013333 0.015000
2 0.118333 0.451667 0.058333 0.076667
2 0.362500 0.498333 0.097500 0.053333
3 0.242500 0.560000 0.007500 0.015000
2 0.386667 0.453333 0.015833 0.068333
3 0.724167 0.570000 0.010000 0.020000
3 0.499167 0.435000 0.010000 0.016667
2 0.395000 0.481667 0.014167 0.015000
2 0.040000 0.498333 0.080833 0.053333
2 0.789167 0.521667 0.022500 0.023333
2 0.230000 0.525000 0.027500 0.016667
3 0.290000 0.523333 0.007500 0.015000
2 0.492500 0.576667 0.023333 0.106667
2 0.075833 0.436667 0.009167 0.040000
3 0.153333 0.601667 0.007500 0.015000
3 0.490000 0.598333 0.007500 0.015000
3 0.229167 0.481667 0.010000 0.016667
2 0.809167 0.453333 0.020000 0.021667
2 0.545833 0.601667 0.009167 0.031667
2 0.407500 0.506667 0.058333 0.076667
3 0.634167 0.511667 0.009167 0.016667
2 0.537500 0.495000 0.023333 0.041667
3 0.787500 0.546667 0.007500 0.016667
3 0.714167 0.455000 0.014167 0.025000
2 0.364167 0.488333 0.048333 0.043333
2 0.135833 0.570000 0.048333 0.043333
3 0.165000 0.550000 0.009167 0.016667
2 0.546667 0.461667 0.048333 0.025000
3 0.692500 0.501667 0.007500 0.015000
2 0.650000 0.585000 0.020833 0.080000
3 0.796667 0.511667 0.009167 0.016667
2 0.135833 0.520000 0.034167 0.100000
2 0.574167 0.488333 0.011667 0.066667
2 0.611667 0.546667 0.023333 0.041667
3 0.436667 0.471667 0.007500 0.018333
3 0.610833 0.576667 0.007500 0.015000
2 0.176667 0.520000 0.048333 0.025000
3 0.260833 0.588333 0.009167 0.016667
3 0.704167 0.486667 0.009167 0.023333
2 0.768333 0.575000 0.034167 0.038333
2 0.575833 0.478333 0.020000 0.021667
3 0.701667 0.538333 0.009167 0.016667
3 0.684167 0.520000 0.011667 0.020000
2 0.380000 0.496667 0.013333 0.070000
2 0.173333 0.515000 0.019167 0.046667
2 0.217500 0.580000 0.020833 0.080000
3 0.345000 0.600000 0.006667 0.018333
3 0.069167 0.473333 0.007500 0.016667
3 0.047500 0.468333 0.008333 0.016667
3 0.421667 0.483333 0.009167 0.016667
2 0.775833 0.435000 0.045833 0.021667
2 0.112500 0.575000 0.048333 0.025000
3 0.200833 0.476667 0.008333 0.016667
3 0.762500 0.536667 0.006667 0.018333
2 0.579167 0.536667 0.020833 0.028333
2 0.065833 0.483333 0.011667 0.025000
2 0.753333 0.503333 0.034167 0.100000
3 0.708333 0.591667 0.010833 0.013333
2 0.702500 0.463333 0.034167 0.038333
2 0.015000 0.555000 0.022500 0.023333
3 0.508333 0.491667 0.014167 0.025000
2 0.426667 0.510000 0.045833 0.021667
2 0.380833 0.525000 0.020833 0.080000
2 0.504167 0.581667 0.020833 0.028333
3 0.560000 0.580000 0.008333 0.016667
2 0.124167 0.483333 0.022500 0.023333
2 0.237500 0.526667 0.019167 0.046667
2 0.310000 0.578333 0.020000 0.021667
2 0.105000 0.536667 0.026667 0.035000
3 0.347500 0.498333 0.011667 0.030000
2 0.202500 0.466667 0.010000 0.031667
2 0.150833 0.538333 0.020833 0.080000
3 0.401667 0.558333 0.007500 0.015000
2 0.273333 0.461667 0.026667 0.035000
2 0.723333 0.463333 0.034167 0.038333
2 0.460833 0.551667 0.011667 0.066667
3 0.166667 0.578333 0.010000 0.016667
2 0.454167 0.555000 0.027500 0.016667
3 0.784167 0.575000 0.010000 0.020000
2 0.774167 0.595000 0.030833 0.051667
3 0.488333 0.453333 0.009167 0.016667
3 0.760833 0.478333 0.014167 0.025000
2 0.322500 0.590000 0.030833 0.051667
2 0.515833 0.486667 0.048333 0.043333
2 0.441667 0.515000 0.015833 0.068333
2 0.080833 0.526667 0.027500 0.016667
3 0.095833 0.468333 0.008333 0.016667
2 0.275833 0.521667 0.017500 0.116667
2 0.041667 0.456667 0.011667 0.025000
2 0.181667 0.451667 0.023333 0.041667
2 0.735000 0.736667 0.020833 0.028333
2 0.264167 0.658333 0.020833 0.080000
2 0.562500 0.606667 0.034167 0.038333
2 0.747500 0.618333 0.020833 0.080000
2 0.709167 0.395000 0.011667 0.066667
3 0.295833 0.653333 0.017500 0.031667
2 0.573333 0.733333 0.017500 0.116667
2 0.684167 0.646667 0.023333 0.041667
3 0.666667 0.713333 0.009167 0.018333
3 0.670833 0.445000 0.015833 0.051667
2 0.447500 0.795000 0.023333 0.041667
2 0.471667 0.303333 0.034167 0.038333
2 0.412500 0.708333 0.015833 0.068333
2 0.452500 0.715000 0.011667 0.025000
2 0.463333 0.286667 0.020833 0.080000
3 0.380000 0.758333 0.009167 0.016667
3 0.713333 0.235000 0.010833 0.023333
2 0.716667 0.466667 0.020833 0.080000
2 0.295000 0.646667 0.048333 0.025000
3 0.778333 0.333333 0.009167 0.016667
2 0.650000 0.650000 0.009167 0.040000
3 0.542500 0.340000 0.007500 0.016667
2 0.741667 0.376667 0.034167 0.038333
2 0.660000 0.358333 0.045833 0.021667
3 0.704167 0.610000 0.015833 0.051667
3 0.685000 0.331667 0.009167 0.016667
2 0.716667 0.428333 0.010000 0.031667
2 0.638333 0.390000 0.010833 0.091667
2 0.701667 0.701667 0.034167 0.100000
2 0.714167 0.243333 0.009167 0.031667
3 0.776667 0.361667 0.007500 0.015000
2 0.529167 0.400000 0.010833 0.091667
3 0.316667 0.381667 0.011667 0.030000
2 0.400833 0.685000 0.023333 0.106667
2 0.540000 0.733333 0.013333 0.070000
3 0.260000 0.698333 0.013333 0.031667
3 0.810000 0.428333 0.008333 0.016667
3 0.604167 0.315000 0.009167 0.018333
2 0.728333 0.606667 0.048333 0.025000
3 0.725833 0.346667 0.009167 0.016667
3 0.563333 0.236667 0.014167 0.025000
2 0.654167 0.270000 0.020000 0.021667
3 0.476667 0.288333 0.014167 0.025000
2 0.585000 0.370000 0.020833 0.080000
3 0.570833 0.273333 0.007500 0.015000
2 0.613333 0.330000 0.097500 0.053333
2 0.268333 0.711667 0.009167 0.031667
2 0.732500 0.298333 0.010833 0.091667
3 0.705833 0.413333 0.014167 0.025000
2 0.513333 0.423333 0.021667 0.090000
3 0.686667 0.280000 0.013333 0.015000
3 0.500000 0.771667 0.007500 0.015000
3 0.564167 0.663333 0.007500 0.018333
3 0.492500 0.338333 0.008333 0.016667
3 0.734167 0.703333 0.010000 0.016667
2 0.790000 0.710000 0.017500 0.116667
2 0.456667 0.690000 0.014167 0.015000
3 0.156667 0.618333 0.008333 0.016667
2 0.684167 0.661667 0.027500 0.016667
2 0.563333 0.646667 0.048333 0.025000
3 0.566667 0.243333 0.007500 0.018333
2 0.302500 0.616667 0.026667 0.035000
2 0.438333 0.403333 0.013333 0.070000
3 0.728333 0.411667 0.010000 0.016667
3 0.327500 0.390000 0.007500 0.018333
3 0.515833 0.748333 0.008333 0.016667
3 0.535000 0.410000 0.007500 0.015000
2 0.528333 0.266667 0.019167 0.046667
2 0.218333 0.796667 0.021667 0.090000
2 0.702500 0.700000 0.017500 0.116667
3 0.285000 0.251667 0.009167 0.016667
3 0.439167 0.760000 0.008333 0.021667
3 0.387500 0.695000 0.007500 0.015000
3 0.337500 0.665000 0.014167 0.025000
3 0.294167 0.711667 0.009167 0.016667
2 0.575833 0.743333 0.045833 0.021667
2 0.590000 0.316667 0.019167 0.046667
2 0.594167 0.338333 0.034167 0.100000
2 0.817500 0.443333 0.030833 0.051667
2 0.499167 0.310000 0.030833 0.051667
2 0.607500 0.321667 0.048333 0.043333
2 0.445000 0.401667 0.010833 0.091667
2 0.708333 0.645000 0.020833 0.080000
2 0.771667 0.411667 0.015833 0.068333
3 0.510000 0.358333 0.010833 0.013333
3 0.363333 0.306667 0.010000 0.016667
3 0.718333 0.336667 0.013333 0.015000
3 0.448333 0.705000 0.009167 0.016667
3 0.705000 0.330000 0.008333 0.021667
3 0.720833 0.338333 0.007500 0.016667
2 0.754167 0.385000 0.029167 0.038333
2 0.743333 0.383333 0.027500 0.016667
2 0.690000 0.213333 0.058333 0.076667
3 0.438333 0.848333 0.008333 0.016667
2 0.273333 0.748333 0.021667 0.090000
2 0.450833 0.286667 0.045833 0.021667
2 0.750000 0.690000 0.015833 0.068333
3 0.693333 0.690000 0.007500 0.018333
2 0.415000 0.671667 0.097500 0.053333
3 0.367500 0.293333 0.009167 0.016667
2 0.620833 0.658333 0.058333 0.076667
3 0.555833 0.816667 0.009167 0.015000
2 0.611667 0.315000 0.011667 0.066667
3 0.461667 0.716667 0.006667 0.018333
3 0.686667 0.710000 0.007500 0.015000
3 0.644167 0.616667 0.013333 0.015000
2 0.305000 0.766667 0.011667 0.066667
3 0.669167 0.598333 0.014167 0.025000
3 0.295833 0.283333 0.008333 0.016667
2 0.716667 0.641667 0.010000 0.031667
2 0.271667 0.841667 0.058333 0.076667
2 0.303333 0.720000 0.020000 0.021667
2 0.804167 0.430000 0.020833 0.080000
3 0.712500 0.685000 0.009167 0.016667
2 0.331667 0.255000 0.020000 0.021667
2 0.349167 0.311667 0.027500 0.016667
3 0.443333 0.380000 0.009167 0.015000
2 0.260000 0.656667 0.034167 0.038333
3 0.251667 0.388333 0.011667 0.030000
2 0.287500 0.275000 0.021667 0.090000
3 0.332500 0.415000 0.007500 0.015000
3 0.593333 0.160000 0.010000 0.016667
2 0.806667 0.748333 0.021667 0.090000
2 0.690000 0.378333 0.097500 0.053333
2 0.707500 0.315000 0.097500 0.053333
2 0.395833 0.806667 0.026667 0.035000
2 0.286667 0.746667 0.020833 0.080000
3 0.297500 0.741667 0.011667 0.030000
3 0.625000 0.378333 0.010833 0.023333
2 0.685000 0.698333 0.010833 0.091667
2 0.413333 0.380000 0.021667 0.090000
2 0.685833 0.218333 0.035000 0.105000
2 0.253333 0.355000 0.058333 0.076667
3 0.535833 0.693333 0.008333 0.016667
2 0.490833 0.265000 0.023333 0.106667
2 0.696667 0.628333 0.023333 0.041667
3 0.679167 0.641667 0.008333 0.021667
3 0.785000 0.601667 0.009167 0.023333
3 0.680833 0.628333 0.014167 0.025000
3 0.818333 0.415000 0.007500 0.016667
3 0.289167 0.805000 0.007500 0.015000
3 0.620833 0.395000 0.009167 0.015000
3 0.630833 0.385000 0.009167 0.016667
3 0.720000 0.428333 0.008333 0.016667
3 0.321667 0.351667 0.010000 0.020000
2 0.345833 0.660000 0.048333 0.043333
2 0.670000 0.643333 0.034167 0.100000
2 0.666667 0.618333 0.034167 0.100000
2 0.803333 0.630000 0.014167 0.015000
2 0.587500 0.568333 0.029167 0.038333
2 0.642500 0.390000 0.013333 0.070000
2 0.703333 0.685000 0.027500 0.016667
3 0.310833 0.798333 0.009167 0.023333
2 0.336667 0.250000 0.013333 0.070000
2 0.530833 0.413333 0.020833 0.028333
3 0.722500 0.448333 0.008333 0.021667
2 0.679167 0.625000 0.048333 0.043333
3 0.743333 0.345000 0.007500 0.016667
2 0.698333 0.593333 0.058333 0.076667
3 0.480833 0.380000 0.009167 0.023333
2 0.225000 0.703333 0.021667 0.090000
2 0.534167 0.376667 0.020833 0.080000
3 0.262500 0.798333 0.008333 0.016667
3 0.299167 0.705000 0.007500 0.016667
3 0.685000 0.395000 0.008333 0.016667
3 0.527500 0.615000 0.007500 0.015000
3 0.472500 0.731667 0.007500 0.018333
3 0.540000 0.725000 0.009167 0.016667
3 0.379167 0.366667 0.009167 0.016667
3 0.805000 0.651667 0.010000 0.020000
3 0.325000 0.368333 0.007500 0.015000
2 0.766667 0.598333 0.011667 0.066667
3 0.445833 0.365000 0.010000 0.016667
3 0.292500 0.763333 0.009167 0.016667
3 0.354167 0.405000 0.008333 0.016667
3 0.510000 0.738333 0.009167 0.018333
3 0.379167 0.365000 0.009167 0.016667
2 0.480833 0.640000 0.011667 0.025000
2 0.742500 0.688333 0.015833 0.068333
3 0.670833 0.621667 0.009167 0.016667
2 0.799167 0.680000 0.021667 0.090000
3 0.541667 0.706667 0.010000 0.016667
2 0.650000 0.635000 0.020000 0.021667
2 0.713333 0.395000 0.013333 0.070000
3 0.581667 0.738333 0.010833 0.023333
3 0.415000 0.845000 0.007500 0.016667
2 0.702500 0.658333 0.014167 0.015000
3 0.527500 0.263333 0.008333 0.016667
3 0.783333 0.380000 0.007500 0.016667
3 0.743333 0.613333 0.015833 0.051667
2 0.552500 0.285000 0.026667 0.035000
2 0.508333 0.255000 0.029167 0.038333
3 0.797500 0.636667 0.011667 0.030000
3 0.472500 0.796667 0.013333 0.031667
2 0.590000 0.770000 0.013333 0.070000
2 0.307500 0.290000 0.097500 0.053333
3 0.304167 0.735000 0.010000 0.020000
2 0.762500 0.591667 0.027500 0.016667
