4 0.840000 0.520000 0.138333 0.043333
4 0.855833 0.580000 0.060000 0.105000
4 0.819167 0.511667 0.146667 0.053333
4 0.821667 0.395000 0.118333 0.055000
4 0.836667 0.515000 0.104167 0.066667
4 0.840833 0.481667 0.070833 0.085000
4 0.828333 0.428333 0.085833 0.091667
4 0.805000 0.543333 0.100833 0.096667
4 0.800833 0.471667 0.109167 0.106667
4 0.793333 0.613333 0.181667 0.078333
4 0.213333 0.536667 0.089167 0.076667
4 0.697500 0.486667 0.189167 0.178333
4 0.283333 0.676667 0.155833 0.345000
4 0.172500 0.571667 0.062500 0.075000
4 0.240000 0.553333 0.065000 0.148333
4 0.641667 0.520000 0.146667 0.045000
4 0.672500 0.543333 0.097500 0.036667
4 0.224167 0.498333 0.125833 0.138333
4 0.073333 0.443333 0.147500 0.160000
4 0.445000 0.550000 0.080833 0.146667
3 0.557500 0.538333 0.011667 0.020000
2 0.621667 0.493333 0.011667 0.025000
3 0.400833 0.481667 0.015833 0.051667
3 0.088333 0.501667 0.015833 0.051667
2 0.629167 0.566667 0.048333 0.043333
2 0.340000 0.515000 0.026667 0.035000
2 0.171667 0.468333 0.019167 0.046667
3 0.253333 0.585000 0.015833 0.051667
3 0.488333 0.425000 0.008333 0.016667
2 0.340833 0.478333 0.014167 0.015000
3 0.800833 0.565000 0.007500 0.015000
2 0.240833 0.496667 0.011667 0.066667
3 0.575833 0.543333 0.010000 0.016667
3 0.627500 0.445000 0.008333 0.016667
2 0.450833 0.476667 0.009167 0.031667
2 0.156667 0.560000 0.017500 0.116667
3 0.169167 0.500000 0.009167 0.018333
3 0.635000 0.470000 0.007500 0.018333
2 0.743333 0.558333 0.013333 0.070000
2 0.212500 0.461667 0.048333 0.043333
3 0.764167 0.583333 0.008333 0.016667
2 0.100833 0.550000 0.058333 0.076667
2 0.301667 0.591667 0.048333 0.043333
2 0.416667 0.568333 0.048333 0.025000
2 0.635000 0.570000 0.034167 0.038333
3 0.343333 0.501667 0.009167 0.015000
2 0.135833 0.530000 0.029167 0.038333
2 0.734167 0.501667 0.035000 0.105000
3 0.680833 0.493333 0.006667 0.018333
3 0.243333 0.528333 0.009167 0.015000
2 0.380000 0.628333 0.020833 0.080000
2 0.175833 0.471667 0.023333 0.106667
3 0.259167 0.558333 0.013333 0.015000
3 0.710000 0.576667 0.008333 0.016667
3 0.253333 0.511667 0.013333 0.015000
3 0.076667 0.491667 0.009167 0.016667
2 0.020833 0.446667 0.020833 0.080000
2 0.755833 0.498333 0.020833 0.080000
3 0.760000 0.503333 0.010833 0.013333
3 0.216667 0.501667 0.010833 0.023333
2 0.718333 0.485000 0.015833 0.068333
3 0.215000 0.561667 0.009167 0.015000
2 0.020000 0.595000 0.010833 0.091667
3 0.146667 0.435000 0.010833 0.013333
3 0.077500 0.548333 0.008333 0.016667
2 0.356667 0.531667 0.010833 0.091667
3 0.183333 0.521667 0.008333 0.016667
3 0.667500 0.501667 0.007500 0.015000
2 0.781667 0.515000 0.029167 0.038333
2 0.289167 0.575000 0.097500 0.053333
2 0.800000 0.561667 0.019167 0.046667
2 0.140000 0.596667 0.034167 0.100000
2 0.802500 0.626667 0.045833 0.021667
3 0.215000 0.503333 0.009167 0.016667
3 0.438333 0.483333 0.010000 0.016667
3 0.218333 0.531667 0.008333 0.016667
2 0.790833 0.533333 0.023333 0.041667
3 0.419167 0.496667 0.009167 0.016667
2 0.128333 0.493333 0.030833 0.051667
2 0.661667 0.530000 0.009167 0.031667
2 0.225833 0.530000 0.009167 0.031667
2 0.290000 0.536667 0.048333 0.043333
2 0.502500 0.520000 0.034167 0.100000
2 0.539167 0.456667 0.045833 0.021667
2 0.677500 0.520000 0.019167 0.046667
2 0.393333 0.448333 0.058333 0.076667
2 0.651667 0.515000 0.027500 0.016667
2 0.712500 0.573333 0.021667 0.090000
2 0.341667 0.610000 0.021667 0.090000
2 0.266667 0.506667 0.021667 0.090000
2 0.185833 0.560000 0.034167 0.100000
3 0.300000 0.565000 0.007500 0.015000
2 0.325000 0.541667 0.034167 0.038333
2 0.083333 0.476667 0.048333 0.025000
3 0.635833 0.576667 0.013333 0.031667
2 0.292500 0.528333 0.048333 0.043333
3 0.677500 0.466667 0.007500 0.015000
3 0.615000 0.583333 0.008333 0.021667
2 0.700000 0.453333 0.097500 0.053333
2 0.200833 0.528333 0.029167 0.038333
2 0.599167 0.563333 0.011667 0.025000
3 0.570833 0.531667 0.007500 0.016667
2 0.350000 0.578333 0.014167 0.015000
2 0.816667 0.643333 0.030833 0.051667
3 0.187500 0.581667 0.009167 0.018333
2 0.042500 0.530000 0.017500 0.116667
3 0.510833 0.510000 0.015833 0.051667
2 0.070000 0.518333 0.010833 0.091667
3 0.455833 0.416667 0.013333 0.015000
2 0.788333 0.451667 0.027500 0.016667
2 0.624167 0.505000 0.020833 0.080000
2 0.136667 0.555000 0.010000 0.031667
3 0.360833 0.506667 0.009167 0.016667
3 0.305000 0.540000 0.011667 0.030000
3 0.687500 0.581667 0.007500 0.015000
2 0.357500 0.488333 0.097500 0.053333
3 0.089167 0.498333 0.010833 0.013333
3 0.611667 0.550000 0.009167 0.015000
2 0.217500 0.503333 0.011667 0.025000
3 0.030833 0.501667 0.008333 0.016667
3 0.205833 0.516667 0.009167 0.018333
2 0.663333 0.528333 0.034167 0.100000
3 0.285000 0.781667 0.009167 0.016667
2 0.285000 0.730000 0.048333 0.043333
3 0.541667 0.706667 0.009167 0.016667
3 0.398333 0.325000 0.007500 0.018333
3 0.820000 0.438333 0.013333 0.031667
2 0.353333 0.640000 0.017500 0.116667
3 0.660000 0.386667 0.013333 0.015000
2 0.315833 0.341667 0.015833 0.068333
3 0.320000 0.263333 0.009167 0.016667
3 0.671667 0.408333 0.007500 0.018333
2 0.307500 0.311667 0.020833 0.080000
3 0.525833 0.358333 0.008333 0.016667
2 0.637500 0.703333 0.020833 0.028333
2 0.440000 0.326667 0.035000 0.105000
3 0.733333 0.656667 0.007500 0.016667
3 0.489167 0.730000 0.014167 0.025000
2 0.736667 0.680000 0.023333 0.041667
2 0.775000 0.748333 0.010833 0.091667
3 0.447500 0.371667 0.013333 0.015000
2 0.535000 0.721667 0.020000 0.021667
3 0.685000 0.421667 0.007500 0.018333
3 0.726667 0.670000 0.009167 0.023333
2 0.665833 0.413333 0.020833 0.028333
2 0.755000 0.708333 0.027500 0.016667
2 0.451667 0.403333 0.010833 0.091667
2 0.348333 0.745000 0.034167 0.100000
2 0.595833 0.651667 0.029167 0.038333
2 0.265000 0.685000 0.015833 0.068333
2 0.480000 0.411667 0.097500 0.053333
3 0.690000 0.353333 0.017500 0.031667
2 0.635833 0.448333 0.023333 0.106667
3 0.184167 0.653333 0.010833 0.023333
3 0.320833 0.261667 0.007500 0.015000
2 0.500833 0.755000 0.020833 0.080000
3 0.691667 0.630000 0.009167 0.016667
2 0.534167 0.280000 0.009167 0.040000
3 0.546667 0.643333 0.008333 0.016667
2 0.715000 0.666667 0.023333 0.041667
2 0.356667 0.680000 0.010833 0.091667
2 0.683333 0.580000 0.097500 0.053333
3 0.248333 0.673333 0.007500 0.015000
2 0.660000 0.353333 0.035000 0.105000
2 0.747500 0.450000 0.020833 0.080000
3 0.547500 0.735000 0.015833 0.051667
3 0.435833 0.680000 0.009167 0.018333
2 0.226667 0.310000 0.035000 0.105000
2 0.488333 0.171667 0.023333 0.041667
3 0.713333 0.631667 0.008333 0.016667
3 0.355000 0.658333 0.010833 0.023333
2 0.347500 0.791667 0.030833 0.051667
2 0.499167 0.380000 0.010833 0.091667
3 0.447500 0.371667 0.008333 0.016667
2 0.228333 0.626667 0.020833 0.028333
2 0.483333 0.258333 0.015833 0.068333
2 0.351667 0.260000 0.023333 0.041667
3 0.332500 0.753333 0.010833 0.013333
2 0.737500 0.395000 0.011667 0.066667
2 0.335000 0.845000 0.015833 0.068333
3 0.266667 0.795000 0.008333 0.016667
2 0.605833 0.345000 0.048333 0.043333
2 0.637500 0.410000 0.019167 0.046667
2 0.282500 0.691667 0.009167 0.040000
3 0.675833 0.345000 0.008333 0.016667
2 0.375833 0.380000 0.014167 0.015000
3 0.754167 0.600000 0.010000 0.016667
3 0.271667 0.380000 0.007500 0.016667
3 0.290000 0.710000 0.007500 0.016667
3 0.583333 0.358333 0.013333 0.015000
2 0.699167 0.650000 0.048333 0.043333
3 0.660000 0.391667 0.014167 0.025000
3 0.250833 0.761667 0.013333 0.015000
3 0.329167 0.676667 0.009167 0.015000
3 0.714167 0.605000 0.009167 0.016667
3 0.655000 0.370000 0.007500 0.015000
2 0.295000 0.250000 0.020833 0.080000
3 0.453333 0.730000 0.007500 0.016667
3 0.490000 0.295000 0.009167 0.018333
2 0.670833 0.401667 0.020833 0.080000
2 0.775833 0.388333 0.020833 0.080000
3 0.298333 0.646667 0.013333 0.015000
3 0.516667 0.631667 0.009167 0.015000
2 0.781667 0.581667 0.015833 0.068333
3 0.558333 0.370000 0.007500 0.015000
3 0.539167 0.268333 0.009167 0.016667
2 0.667500 0.390000 0.015833 0.068333
2 0.547500 0.681667 0.045833 0.021667
3 0.745833 0.601667 0.007500 0.018333
3 0.665833 0.445000 0.010833 0.023333
2 0.705833 0.255000 0.017500 0.116667
3 0.334167 0.333333 0.007500 0.018333
2 0.791667 0.641667 0.019167 0.046667
2 0.427500 0.790000 0.020833 0.080000
3 0.443333 0.803333 0.007500 0.015000
2 0.520833 0.643333 0.021667 0.090000
2 0.614167 0.646667 0.020833 0.080000
2 0.355833 0.770000 0.014167 0.015000
3 0.558333 0.661667 0.007500 0.015000
2 0.206667 0.728333 0.045833 0.021667
2 0.527500 0.648333 0.014167 0.015000
3 0.693333 0.730000 0.013333 0.031667
2 0.310833 0.208333 0.058333 0.076667
2 0.495000 0.713333 0.097500 0.053333
2 0.758333 0.293333 0.010000 0.031667
2 0.785833 0.723333 0.026667 0.035000
3 0.334167 0.331667 0.007500 0.015000
2 0.349167 0.356667 0.035000 0.105000
3 0.664167 0.660000 0.009167 0.016667
3 0.282500 0.765000 0.007500 0.018333
2 0.685833 0.218333 0.035000 0.105000
2 0.774167 0.655000 0.023333 0.106667
2 0.655833 0.441667 0.021667 0.090000
2 0.694167 0.738333 0.013333 0.070000
2 0.350833 0.620000 0.023333 0.041667
2 0.755833 0.388333 0.030833 0.051667
2 0.302500 0.636667 0.011667 0.025000
3 0.799167 0.403333 0.011667 0.020000
3 0.480833 0.776667 0.009167 0.016667
3 0.675833 0.661667 0.014167 0.025000
2 0.643333 0.685000 0.020833 0.080000
3 0.723333 0.428333 0.014167 0.025000
2 0.760000 0.693333 0.045833 0.021667
3 0.475833 0.285000 0.013333 0.031667
3 0.798333 0.630000 0.009167 0.015000
2 0.500000 0.793333 0.023333 0.106667
2 0.562500 0.665000 0.011667 0.025000
2 0.488333 0.651667 0.009167 0.031667
2 0.633333 0.315000 0.035000 0.105000
3 0.313333 0.206667 0.010000 0.016667
2 0.512500 0.583333 0.015833 0.068333
3 0.500000 0.396667 0.010833 0.023333
3 0.169167 0.391667 0.007500 0.015000
3 0.733333 0.596667 0.008333 0.016667
3 0.814167 0.403333 0.006667 0.018333
2 0.425000 0.675000 0.009167 0.031667
3 0.676667 0.710000 0.010000 0.016667
2 0.600833 0.715000 0.015833 0.068333
3 0.762500 0.675000 0.015833 0.051667
3 0.412500 0.846667 0.013333 0.031667
2 0.299167 0.360000 0.029167 0.038333
3 0.329167 0.340000 0.007500 0.016667
3 0.438333 0.848333 0.007500 0.018333
2 0.324167 0.283333 0.034167 0.100000
2 0.656667 0.443333 0.017500 0.116667
3 0.410833 0.396667 0.013333 0.015000
3 0.696667 0.768333 0.009167 0.018333
2 0.685000 0.328333 0.009167 0.040000
2 0.796667 0.355000 0.019167 0.046667
3 0.516667 0.408333 0.009167 0.023333
3 0.280000 0.763333 0.013333 0.015000
2 0.462500 0.300000 0.058333 0.076667
2 0.477500 0.286667 0.034167 0.038333
3 0.639167 0.353333 0.010000 0.016667
2 0.334167 0.385000 0.020000 0.021667
2 0.771667 0.601667 0.020000 0.021667
3 0.372500 0.800000 0.017500 0.031667
3 0.447500 0.710000 0.011667 0.030000
3 0.691667 0.675000 0.007500 0.015000
3 0.754167 0.706667 0.007500 0.018333
3 0.771667 0.595000 0.010000 0.016667
2 0.266667 0.350000 0.021667 0.090000
3 0.769167 0.696667 0.007500 0.018333
3 0.221667 0.401667 0.014167 0.025000
2 0.675833 0.391667 0.017500 0.116667
2 0.490000 0.278333 0.097500 0.053333
3 0.706667 0.723333 0.008333 0.016667
3 0.757500 0.716667 0.007500 0.018333
3 0.478333 0.283333 0.007500 0.015000
3 0.727500 0.620000 0.008333 0.016667
2 0.760833 0.421667 0.010833 0.091667
3 0.486667 0.320000 0.010000 0.016667
3 0.750833 0.670000 0.008333 0.016667
2 0.741667 0.596667 0.048333 0.043333
3 0.489167 0.770000 0.015833 0.051667
3 0.200833 0.661667 0.010833 0.023333
3 0.777500 0.428333 0.011667 0.020000
2 0.295833 0.301667 0.026667 0.035000
3 0.307500 0.701667 0.013333 0.015000
3 0.685833 0.711667 0.009167 0.016667
3 0.141667 0.655000 0.010833 0.023333
2 0.786667 0.365000 0.058333 0.076667
2 0.460833 0.303333 0.026667 0.035000
2 0.510000 0.308333 0.020000 0.021667
3 0.730833 0.365000 0.014167 0.025000
2 0.485833 0.326667 0.023333 0.041667
2 0.260833 0.793333 0.020000 0.021667
3 0.757500 0.333333 0.015833 0.051667
3 0.651667 0.373333 0.015833 0.051667
3 0.691667 0.651667 0.011667 0.030000
2 0.579167 0.380000 0.097500 0.053333
2 0.347500 0.415000 0.026667 0.035000
3 0.776667 0.321667 0.008333 0.016667
2 0.794167 0.405000 0.010833 0.091667
2 0.290000 0.701667 0.023333 0.106667
2 0.784167 0.671667 0.020833 0.028333
3 0.795000 0.420000 0.011667 0.030000
3 0.238333 0.860000 0.017500 0.031667
3 0.770000 0.313333 0.007500 0.016667
3 0.794167 0.421667 0.007500 0.015000
