4 0.847500 0.635000 0.052500 0.085000
4 0.866667 0.603333 0.103333 0.300000
4 0.842500 0.756667 0.122500 0.161667
4 0.809167 0.553333 0.122500 0.171667
4 0.824167 0.608333 0.038333 0.095000
4 0.794167 0.433333 0.150000 0.110000
4 0.858333 0.553333 0.136667 0.150000
4 0.835833 0.493333 0.081667 0.210000
4 0.845000 0.346667 0.051667 0.075000
4 0.861667 0.631667 0.040833 0.051667
4 0.069167 0.560000 0.050000 0.041667
4 0.598333 0.505000 0.218333 0.143333
4 0.222500 0.475000 0.072500 0.103333
4 0.075833 0.616667 0.151667 0.158333
4 0.036667 0.551667 0.073333 0.050000
4 0.465833 0.525000 0.364167 0.106667
4 0.297500 0.441667 0.088333 0.145000
4 0.678333 0.518333 0.084167 0.086667
4 0.776667 0.526667 0.075833 0.066667
4 0.111667 0.531667 0.049167 0.028333
3 0.618333 0.545000 0.009167 0.018333
2 0.179167 0.508333 0.009167 0.040000
2 0.264167 0.471667 0.035000 0.105000
2 0.593333 0.635000 0.023333 0.041667
2 0.045000 0.448333 0.020833 0.080000
2 0.573333 0.461667 0.015833 0.068333
2 0.044167 0.568333 0.026667 0.035000
2 0.523333 0.530000 0.030833 0.051667
3 0.139167 0.516667 0.015833 0.051667
3 0.271667 0.468333 0.008333 0.016667
3 0.766667 0.511667 0.009167 0.015000
3 0.794167 0.501667 0.011667 0.030000
3 0.608333 0.515000 0.007500 0.015000
3 0.439167 0.605000 0.008333 0.016667
2 0.228333 0.581667 0.048333 0.043333
3 0.201667 0.605000 0.009167 0.016667
3 0.587500 0.500000 0.015833 0.051667
3 0.068333 0.466667 0.006667 0.018333
2 0.548333 0.455000 0.045833 0.021667
2 0.701667 0.511667 0.020833 0.080000
2 0.435833 0.526667 0.026667 0.035000
2 0.155000 0.543333 0.022500 0.023333
2 0.252500 0.511667 0.020833 0.080000
2 0.510833 0.508333 0.097500 0.053333
2 0.812500 0.490000 0.010000 0.031667
2 0.601667 0.471667 0.048333 0.025000
2 0.820833 0.526667 0.022500 0.023333
3 0.641667 0.550000 0.009167 0.016667
3 0.270000 0.520000 0.011667 0.030000
3 0.096667 0.471667 0.009167 0.016667
2 0.402500 0.498333 0.023333 0.106667
2 0.815000 0.491667 0.010000 0.031667
2 0.173333 0.505000 0.097500 0.053333
3 0.622500 0.611667 0.011667 0.030000
3 0.397500 0.535000 0.008333 0.016667
2 0.754167 0.558333 0.027500 0.016667
3 0.440833 0.503333 0.013333 0.031667
3 0.538333 0.556667 0.007500 0.018333
3 0.609167 0.468333 0.013333 0.031667
3 0.610833 0.498333 0.010833 0.023333
3 0.619167 0.535000 0.009167 0.016667
2 0.188333 0.493333 0.010833 0.091667
3 0.125833 0.501667 0.008333 0.016667
3 0.080833 0.525000 0.010000 0.020000
3 0.438333 0.596667 0.017500 0.031667
2 0.787500 0.545000 0.048333 0.043333
3 0.346667 0.496667 0.010000 0.020000
3 0.370833 0.493333 0.009167 0.023333
2 0.046667 0.540000 0.023333 0.041667
3 0.453333 0.616667 0.007500 0.018333
2 0.690833 0.546667 0.017500 0.116667
2 0.313333 0.463333 0.027500 0.016667
2 0.545833 0.491667 0.034167 0.038333
3 0.240000 0.520000 0.009167 0.016667
3 0.641667 0.485000 0.013333 0.031667
3 0.401667 0.526667 0.007500 0.018333
3 0.369167 0.471667 0.014167 0.025000
3 0.492500 0.465000 0.007500 0.018333
3 0.815000 0.668333 0.010000 0.020000
2 0.792500 0.553333 0.048333 0.043333
3 0.499167 0.475000 0.007500 0.018333
2 0.822500 0.608333 0.021667 0.090000
3 0.810833 0.580000 0.009167 0.016667
2 0.420000 0.580000 0.048333 0.043333
2 0.255833 0.568333 0.026667 0.035000
2 0.185833 0.466667 0.045833 0.021667
2 0.447500 0.543333 0.023333 0.106667
2 0.626667 0.616667 0.034167 0.100000
3 0.355000 0.478333 0.014167 0.025000
3 0.400833 0.576667 0.008333 0.016667
2 0.543333 0.530000 0.021667 0.090000
3 0.613333 0.486667 0.015833 0.051667
3 0.310000 0.488333 0.009167 0.018333
2 0.291667 0.516667 0.048333 0.043333
3 0.758333 0.585000 0.009167 0.016667
2 0.302500 0.555000 0.048333 0.025000
3 0.663333 0.538333 0.013333 0.031667
3 0.226667 0.505000 0.009167 0.016667
2 0.332500 0.521667 0.034167 0.100000
3 0.188333 0.523333 0.006667 0.018333
3 0.565000 0.543333 0.009167 0.016667
2 0.705000 0.456667 0.048333 0.043333
3 0.522500 0.498333 0.017500 0.031667
2 0.291667 0.500000 0.030833 0.051667
3 0.068333 0.480000 0.011667 0.030000
3 0.424167 0.526667 0.007500 0.018333
2 0.236667 0.488333 0.011667 0.025000
2 0.574167 0.476667 0.022500 0.023333
2 0.496667 0.586667 0.011667 0.025000
3 0.790000 0.486667 0.008333 0.016667
3 0.528333 0.526667 0.014167 0.025000
3 0.517500 0.500000 0.008333 0.021667
2 0.542500 0.570000 0.011667 0.066667
2 0.333333 0.540000 0.020000 0.021667
2 0.672500 0.471667 0.010000 0.031667
2 0.050000 0.461667 0.019167 0.046667
2 0.740833 0.535000 0.058333 0.076667
2 0.123333 0.543333 0.021667 0.090000
3 0.376667 0.468333 0.009167 0.023333
2 0.156667 0.593333 0.030833 0.051667
2 0.466667 0.420000 0.010000 0.031667
2 0.480000 0.525000 0.019167 0.046667
3 0.224167 0.426667 0.006667 0.018333
2 0.369167 0.358333 0.045833 0.021667
2 0.410000 0.716667 0.013333 0.070000
2 0.635833 0.666667 0.020833 0.080000
2 0.788333 0.440000 0.010833 0.091667
2 0.707500 0.686667 0.010833 0.091667
3 0.283333 0.268333 0.009167 0.023333
3 0.525000 0.358333 0.009167 0.018333
3 0.665000 0.660000 0.008333 0.016667
2 0.261667 0.288333 0.034167 0.100000
2 0.778333 0.616667 0.035000 0.105000
2 0.447500 0.205000 0.035000 0.105000
2 0.716667 0.406667 0.045833 0.021667
2 0.380833 0.693333 0.058333 0.076667
2 0.314167 0.403333 0.027500 0.016667
3 0.720000 0.631667 0.008333 0.021667
2 0.307500 0.758333 0.010833 0.091667
2 0.807500 0.621667 0.020833 0.028333
3 0.670000 0.271667 0.007500 0.016667
3 0.655833 0.668333 0.010000 0.020000
2 0.625833 0.630000 0.097500 0.053333
2 0.417500 0.200000 0.019167 0.046667
2 0.450833 0.360000 0.048333 0.025000
2 0.726667 0.641667 0.014167 0.015000
2 0.706667 0.683333 0.017500 0.116667
3 0.770833 0.378333 0.008333 0.016667
3 0.705833 0.676667 0.009167 0.018333
3 0.737500 0.335000 0.009167 0.023333
3 0.255000 0.645000 0.006667 0.018333
2 0.345833 0.801667 0.010833 0.091667
2 0.617500 0.370000 0.021667 0.090000
2 0.666667 0.325000 0.097500 0.053333
2 0.688333 0.608333 0.020833 0.080000
3 0.536667 0.421667 0.010000 0.020000
2 0.580833 0.330000 0.029167 0.038333
2 0.215833 0.343333 0.027500 0.016667
3 0.425833 0.721667 0.009167 0.018333
2 0.515833 0.771667 0.009167 0.040000
3 0.541667 0.210000 0.013333 0.031667
3 0.492500 0.776667 0.015833 0.051667
3 0.697500 0.681667 0.011667 0.030000
3 0.566667 0.730000 0.010833 0.013333
3 0.801667 0.648333 0.015833 0.051667
3 0.782500 0.395000 0.013333 0.031667
3 0.551667 0.416667 0.007500 0.015000
2 0.605833 0.373333 0.015833 0.068333
2 0.511667 0.400000 0.030833 0.051667
2 0.553333 0.376667 0.010833 0.091667
2 0.794167 0.405000 0.020000 0.021667
3 0.692500 0.751667 0.007500 0.015000
3 0.465833 0.811667 0.007500 0.016667
2 0.428333 0.381667 0.026667 0.035000
2 0.770833 0.336667 0.015833 0.068333
3 0.245000 0.391667 0.014167 0.025000
2 0.479167 0.305000 0.048333 0.025000
3 0.240000 0.711667 0.015833 0.051667
2 0.545833 0.455000 0.010833 0.091667
3 0.295833 0.281667 0.007500 0.015000
2 0.797500 0.401667 0.020833 0.080000
2 0.319167 0.298333 0.010833 0.091667
2 0.569167 0.716667 0.014167 0.015000
3 0.348333 0.406667 0.009167 0.023333
2 0.685833 0.596667 0.019167 0.046667
3 0.451667 0.785000 0.008333 0.016667
3 0.319167 0.233333 0.014167 0.025000
2 0.753333 0.606667 0.023333 0.041667
3 0.272500 0.665000 0.010000 0.020000
2 0.387500 0.673333 0.019167 0.046667
2 0.772500 0.591667 0.019167 0.046667
2 0.462500 0.325000 0.022500 0.023333
3 0.684167 0.640000 0.010000 0.016667
3 0.690000 0.683333 0.014167 0.025000
2 0.680000 0.616667 0.011667 0.066667
3 0.767500 0.383333 0.010000 0.020000
2 0.338333 0.283333 0.027500 0.016667
3 0.441667 0.655000 0.008333 0.016667
3 0.525000 0.358333 0.010000 0.020000
3 0.756667 0.713333 0.009167 0.015000
2 0.707500 0.676667 0.011667 0.025000
2 0.470000 0.350000 0.019167 0.046667
2 0.384167 0.681667 0.022500 0.023333
3 0.698333 0.370000 0.006667 0.018333
2 0.687500 0.693333 0.021667 0.090000
2 0.318333 0.396667 0.021667 0.090000
3 0.407500 0.680000 0.009167 0.023333
2 0.473333 0.236667 0.058333 0.076667
2 0.520000 0.650000 0.011667 0.066667
3 0.280833 0.838333 0.008333 0.016667
2 0.612500 0.653333 0.048333 0.025000
2 0.544167 0.713333 0.020833 0.080000
3 0.668333 0.268333 0.010833 0.013333
2 0.477500 0.258333 0.015833 0.068333
3 0.459167 0.241667 0.010833 0.013333
2 0.670833 0.483333 0.020833 0.080000
2 0.217500 0.776667 0.023333 0.041667
3 0.775000 0.378333 0.009167 0.016667
3 0.400000 0.661667 0.010000 0.020000
2 0.728333 0.360000 0.034167 0.100000
2 0.513333 0.451667 0.030833 0.051667
3 0.227500 0.661667 0.009167 0.018333
2 0.755833 0.631667 0.029167 0.038333
3 0.604167 0.318333 0.014167 0.025000
3 0.705000 0.425000 0.008333 0.016667
3 0.643333 0.676667 0.013333 0.015000
2 0.543333 0.735000 0.045833 0.021667
3 0.796667 0.640000 0.007500 0.018333
3 0.805833 0.641667 0.007500 0.018333
3 0.320833 0.650000 0.009167 0.016667
2 0.562500 0.578333 0.035000 0.105000
3 0.726667 0.636667 0.014167 0.025000
2 0.294167 0.726667 0.029167 0.038333
2 0.253333 0.755000 0.035000 0.105000
2 0.791667 0.411667 0.017500 0.116667
2 0.419167 0.708333 0.020000 0.021667
2 0.466667 0.633333 0.045833 0.021667
2 0.805000 0.640000 0.026667 0.035000
3 0.706667 0.696667 0.014167 0.025000
3 0.465833 0.726667 0.010833 0.023333
2 0.440833 0.836667 0.034167 0.100000
2 0.795000 0.408333 0.011667 0.025000
3 0.645833 0.616667 0.009167 0.015000
2 0.556667 0.356667 0.010833 0.091667
2 0.305000 0.331667 0.020833 0.080000
3 0.685833 0.358333 0.008333 0.016667
3 0.342500 0.771667 0.007500 0.015000
3 0.669167 0.366667 0.011667 0.030000
3 0.805000 0.636667 0.011667 0.030000
2 0.365000 0.290000 0.014167 0.015000
2 0.361667 0.423333 0.020833 0.028333
3 0.313333 0.260000 0.010000 0.020000
3 0.840000 0.328333 0.017500 0.031667
3 0.694167 0.271667 0.008333 0.016667
3 0.796667 0.658333 0.009167 0.018333
3 0.260833 0.375000 0.009167 0.016667
3 0.270833 0.653333 0.008333 0.016667
3 0.710000 0.998333 0.009167 0.001667
2 0.447500 0.630000 0.035000 0.105000
2 0.585000 0.726667 0.020833 0.080000
2 0.745833 0.641667 0.010833 0.091667
2 0.696667 0.321667 0.045833 0.021667
3 0.684167 0.410000 0.009167 0.015000
2 0.760000 0.443333 0.013333 0.070000
2 0.681667 0.660000 0.045833 0.021667
3 0.706667 0.680000 0.015833 0.051667
2 0.452500 0.335000 0.015833 0.068333
3 0.422500 0.216667 0.009167 0.016667
2 0.509167 0.268333 0.029167 0.038333
2 0.285000 0.256667 0.019167 0.046667
3 0.795833 0.368333 0.007500 0.015000
2 0.315833 0.271667 0.020833 0.080000
2 0.449167 0.320000 0.020833 0.080000
3 0.405000 0.715000 0.009167 0.016667
3 0.687500 0.621667 0.015833 0.051667
3 0.704167 0.378333 0.017500 0.031667
2 0.599167 0.371667 0.045833 0.021667
3 0.441667 0.655000 0.008333 0.016667
2 0.453333 0.250000 0.009167 0.040000
3 0.660833 0.446667 0.010000 0.020000
2 0.699167 0.783333 0.020833 0.028333
2 0.606667 0.350000 0.009167 0.031667
3 0.684167 0.421667 0.010000 0.016667
2 0.764167 0.721667 0.009167 0.031667
3 0.457500 0.345000 0.009167 0.016667
2 0.805833 0.763333 0.010833 0.091667
3 0.453333 0.813333 0.009167 0.023333
2 0.801667 0.633333 0.011667 0.066667
2 0.505833 0.255000 0.034167 0.038333
2 0.448333 0.656667 0.034167 0.038333
3 0.442500 0.321667 0.010833 0.023333
3 0.679167 0.591667 0.010000 0.016667
2 0.341667 0.405000 0.030833 0.051667
2 0.785833 0.388333 0.020833 0.080000
2 0.753333 0.375000 0.097500 0.053333
3 0.437500 0.746667 0.007500 0.015000
3 0.775000 0.411667 0.010833 0.013333
3 0.235833 0.336667 0.013333 0.031667
3 0.629167 0.336667 0.009167 0.018333
3 0.363333 0.648333 0.014167 0.025000
2 0.687500 0.366667 0.017500 0.116667
3 0.424167 0.710000 0.009167 0.016667
2 0.677500 0.636667 0.017500 0.116667
3 0.779167 0.605000 0.009167 0.016667
3 0.270000 0.750000 0.007500 0.015000
3 0.795833 0.400000 0.010000 0.020000
3 0.511667 0.360000 0.007500 0.015000
2 0.704167 0.616667 0.020000 0.021667
2 0.766667 0.368333 0.030833 0.051667
3 0.455000 0.801667 0.011667 0.020000
3 0.307500 0.403333 0.008333 0.016667
2 0.598333 0.650000 0.048333 0.025000
2 0.767500 0.611667 0.022500 0.023333
2 0.237500 0.673333 0.020833 0.080000
2 0.718333 0.316667 0.097500 0.053333
3 0.740833 0.656667 0.010833 0.013333
3 0.450833 0.785000 0.010000 0.016667
3 0.549167 0.425000 0.011667 0.030000
3 0.646667 0.633333 0.007500 0.015000
3 0.731667 0.690000 0.013333 0.031667
