4 0.769167 0.731667 0.195833 0.368333
4 0.873333 0.403333 0.110833 0.128333
4 0.862500 0.533333 0.110000 0.151667
4 0.798333 0.606667 0.136667 0.156667
4 0.854167 0.703333 0.145000 0.191667
4 0.882500 0.578333 0.050000 0.106667
4 0.823333 0.471667 0.089167 0.146667
4 0.831667 0.491667 0.064167 0.120000
4 0.799167 0.406667 0.145833 0.115000
4 0.905833 0.638333 0.037500 0.066667
4 0.484167 0.526667 0.059167 0.040000
4 0.124167 0.606667 0.076667 0.186667
4 0.086667 0.508333 0.088333 0.035000
4 0.485833 0.596667 0.066667 0.093333
4 0.274167 0.606667 0.097500 0.128333
4 0.614167 0.565000 0.084167 0.138333
4 0.418333 0.641667 0.117500 0.253333
4 0.030000 0.558333 0.060000 0.148333
4 0.676667 0.468333 0.210833 0.135000
4 0.445833 0.561667 0.080833 0.023333
3 0.142500 0.550000 0.009167 0.023333
2 0.702500 0.588333 0.034167 0.100000
3 0.685833 0.545000 0.010833 0.013333
2 0.186667 0.483333 0.020000 0.021667
3 0.317500 0.553333 0.007500 0.015000
2 0.080833 0.606667 0.013333 0.070000
3 0.695833 0.496667 0.013333 0.015000
3 0.040000 0.488333 0.007500 0.016667
2 0.820833 0.593333 0.011667 0.066667
2 0.469167 0.450000 0.009167 0.040000
2 0.154167 0.576667 0.020833 0.080000
2 0.688333 0.565000 0.023333 0.041667
3 0.717500 0.565000 0.008333 0.016667
2 0.244167 0.471667 0.020000 0.021667
3 0.502500 0.575000 0.007500 0.015000
3 0.264167 0.455000 0.007500 0.015000
2 0.474167 0.391667 0.009167 0.040000
3 0.169167 0.520000 0.011667 0.020000
2 0.440833 0.608333 0.020833 0.080000
2 0.523333 0.515000 0.026667 0.035000
2 0.665000 0.596667 0.034167 0.100000
2 0.619167 0.531667 0.020000 0.021667
3 0.070000 0.461667 0.007500 0.018333
2 0.235833 0.453333 0.019167 0.046667
2 0.520000 0.513333 0.010000 0.031667
2 0.497500 0.550000 0.020833 0.080000
2 0.817500 0.576667 0.020833 0.080000
3 0.539167 0.480000 0.009167 0.018333
2 0.615833 0.631667 0.010833 0.091667
2 0.252500 0.460000 0.058333 0.076667
2 0.187500 0.550000 0.034167 0.038333
2 0.339167 0.565000 0.034167 0.100000
2 0.305833 0.548333 0.035000 0.105000
3 0.262500 0.598333 0.010833 0.023333
2 0.542500 0.523333 0.026667 0.035000
2 0.378333 0.501667 0.011667 0.066667
2 0.770000 0.446667 0.035000 0.105000
2 0.219167 0.548333 0.048333 0.043333
3 0.490833 0.476667 0.010000 0.016667
2 0.354167 0.575000 0.019167 0.046667
2 0.823333 0.678333 0.014167 0.015000
2 0.241667 0.448333 0.029167 0.038333
2 0.224167 0.481667 0.009167 0.040000
2 0.099167 0.448333 0.058333 0.076667
2 0.158333 0.481667 0.017500 0.116667
3 0.207500 0.565000 0.010000 0.016667
3 0.140833 0.443333 0.007500 0.018333
3 0.300000 0.476667 0.008333 0.016667
3 0.183333 0.490000 0.006667 0.018333
3 0.241667 0.550000 0.009167 0.016667
2 0.605000 0.641667 0.034167 0.100000
3 0.335000 0.488333 0.008333 0.016667
2 0.350000 0.510000 0.010833 0.091667
2 0.273333 0.570000 0.015833 0.068333
3 0.212500 0.443333 0.009167 0.015000
2 0.609167 0.611667 0.020833 0.080000
3 0.090000 0.545000 0.007500 0.015000
2 0.447500 0.431667 0.027500 0.016667
3 0.085833 0.581667 0.011667 0.020000
3 0.268333 0.545000 0.010000 0.020000
3 0.739167 0.531667 0.009167 0.016667
3 0.268333 0.463333 0.008333 0.016667
3 0.208333 0.473333 0.011667 0.020000
2 0.437500 0.566667 0.021667 0.090000
2 0.084167 0.471667 0.015833 0.068333
2 0.336667 0.440000 0.011667 0.066667
2 0.086667 0.545000 0.022500 0.023333
3 0.285833 0.543333 0.011667 0.020000
3 0.668333 0.571667 0.011667 0.030000
2 0.152500 0.423333 0.020833 0.080000
3 0.472500 0.563333 0.013333 0.015000
2 0.364167 0.520000 0.017500 0.116667
3 0.117500 0.531667 0.010000 0.020000
3 0.600833 0.450000 0.009167 0.016667
2 0.668333 0.493333 0.009167 0.031667
2 0.116667 0.470000 0.035000 0.105000
2 0.288333 0.511667 0.010000 0.031667
3 0.796667 0.565000 0.015833 0.051667
2 0.607500 0.545000 0.017500 0.116667
2 0.090833 0.580000 0.023333 0.106667
2 0.731667 0.551667 0.048333 0.043333
3 0.257500 0.445000 0.014167 0.025000
2 0.060833 0.528333 0.030833 0.051667
3 0.265833 0.556667 0.010833 0.013333
3 0.193333 0.485000 0.015833 0.051667
2 0.512500 0.480000 0.020833 0.080000
2 0.338333 0.488333 0.010000 0.031667
3 0.531667 0.576667 0.015833 0.051667
2 0.180833 0.563333 0.015833 0.068333
3 0.356667 0.573333 0.008333 0.016667
2 0.267500 0.470000 0.029167 0.038333
3 0.277500 0.478333 0.007500 0.015000
3 0.176667 0.526667 0.009167 0.016667
3 0.210833 0.595000 0.017500 0.031667
3 0.680000 0.581667 0.008333 0.021667
2 0.744167 0.563333 0.034167 0.100000
3 0.110000 0.538333 0.009167 0.016667
3 0.820000 0.628333 0.013333 0.015000
2 0.120833 0.490000 0.045833 0.021667
3 0.349167 0.510000 0.009167 0.016667
2 0.785833 0.523333 0.021667 0.090000
2 0.342500 0.543333 0.009167 0.031667
2 0.700833 0.638333 0.011667 0.025000
2 0.517500 0.675000 0.058333 0.076667
3 0.330000 0.316667 0.009167 0.023333
3 0.253333 0.645000 0.009167 0.016667
2 0.511667 0.221667 0.027500 0.016667
2 0.475000 0.768333 0.020833 0.028333
2 0.648333 0.463333 0.034167 0.100000
2 0.430000 0.708333 0.021667 0.090000
3 0.513333 0.323333 0.014167 0.025000
3 0.679167 0.348333 0.008333 0.016667
3 0.658333 0.273333 0.010833 0.023333
3 0.707500 0.440000 0.007500 0.018333
2 0.355000 0.398333 0.011667 0.025000
2 0.711667 0.763333 0.010833 0.091667
2 0.663333 0.601667 0.020833 0.080000
3 0.291667 0.830000 0.009167 0.016667
3 0.486667 0.380000 0.008333 0.021667
3 0.637500 0.631667 0.008333 0.021667
3 0.284167 0.711667 0.014167 0.025000
2 0.709167 0.421667 0.015833 0.068333
3 0.435000 0.745000 0.013333 0.015000
3 0.481667 0.380000 0.017500 0.031667
2 0.651667 0.410000 0.048333 0.025000
3 0.415000 0.850000 0.008333 0.021667
2 0.800000 0.390000 0.029167 0.038333
3 0.690833 0.371667 0.010833 0.023333
3 0.607500 0.340000 0.007500 0.018333
3 0.715833 0.661667 0.013333 0.031667
3 0.726667 0.451667 0.009167 0.023333
2 0.797500 0.636667 0.019167 0.046667
3 0.356667 0.755000 0.008333 0.016667
3 0.467500 0.261667 0.008333 0.016667
3 0.668333 0.668333 0.015833 0.051667
2 0.746667 0.426667 0.022500 0.023333
3 0.755000 0.403333 0.013333 0.031667
3 0.666667 0.381667 0.007500 0.018333
2 0.558333 0.308333 0.010833 0.091667
2 0.759167 0.663333 0.058333 0.076667
3 0.290833 0.273333 0.007500 0.016667
2 0.754167 0.640000 0.020833 0.080000
3 0.225000 0.773333 0.008333 0.021667
2 0.271667 0.756667 0.029167 0.038333
3 0.486667 0.753333 0.008333 0.016667
2 0.715833 0.660000 0.030833 0.051667
2 0.612500 0.340000 0.020833 0.080000
3 0.530000 0.721667 0.010833 0.023333
2 0.678333 0.431667 0.010000 0.031667
3 0.515833 0.746667 0.007500 0.015000
3 0.351667 0.333333 0.007500 0.015000
2 0.605000 0.998333 0.010000 0.001667
2 0.415000 0.835000 0.017500 0.116667
2 0.330833 0.646667 0.027500 0.016667
3 0.809167 0.425000 0.009167 0.015000
2 0.429167 0.790000 0.058333 0.076667
3 0.605833 0.998333 0.007500 0.001667
2 0.784167 0.405000 0.014167 0.015000
2 0.295000 0.375000 0.019167 0.046667
2 0.174167 0.440000 0.010833 0.091667
2 0.801667 0.870000 0.020833 0.080000
2 0.695833 0.331667 0.048333 0.025000
2 0.210000 0.696667 0.026667 0.035000
2 0.480000 0.255000 0.011667 0.066667
2 0.751667 0.401667 0.058333 0.076667
2 0.316667 0.735000 0.023333 0.041667
3 0.795000 0.713333 0.007500 0.015000
2 0.596667 0.336667 0.023333 0.041667
2 0.620833 0.455000 0.030833 0.051667
2 0.534167 0.336667 0.019167 0.046667
2 0.233333 0.378333 0.023333 0.041667
3 0.334167 0.863333 0.011667 0.020000
2 0.790000 0.608333 0.020833 0.080000
3 0.792500 0.423333 0.015833 0.051667
2 0.645000 0.411667 0.027500 0.016667
2 0.597500 0.998333 0.009167 0.001667
2 0.482500 0.326667 0.027500 0.016667
2 0.548333 0.301667 0.034167 0.100000
2 0.358333 0.781667 0.009167 0.031667
2 0.453333 0.130000 0.034167 0.038333
3 0.509167 0.816667 0.009167 0.018333
2 0.407500 0.651667 0.020833 0.080000
3 0.320833 0.261667 0.007500 0.015000
2 0.528333 0.438333 0.021667 0.090000
2 0.512500 0.403333 0.023333 0.041667
2 0.172500 0.618333 0.009167 0.040000
2 0.515000 0.310000 0.011667 0.066667
2 0.254167 0.716667 0.097500 0.053333
2 0.618333 0.640000 0.020000 0.021667
3 0.677500 0.426667 0.011667 0.030000
3 0.400833 0.655000 0.008333 0.016667
3 0.750833 0.716667 0.013333 0.031667
2 0.715833 0.590000 0.029167 0.038333
3 0.241667 0.348333 0.014167 0.025000
3 0.441667 0.900000 0.011667 0.030000
3 0.704167 0.671667 0.008333 0.016667
2 0.336667 0.901667 0.020833 0.080000
2 0.811667 0.388333 0.029167 0.038333
2 0.523333 0.468333 0.010833 0.091667
2 0.552500 0.661667 0.023333 0.041667
3 0.785000 0.345000 0.010833 0.013333
2 0.670833 0.588333 0.058333 0.076667
2 0.693333 0.291667 0.019167 0.046667
3 0.416667 0.726667 0.007500 0.018333
2 0.705000 0.620000 0.035000 0.105000
3 0.695833 0.730000 0.008333 0.016667
3 0.561667 0.273333 0.007500 0.015000
2 0.530833 0.743333 0.010833 0.091667
3 0.687500 0.270000 0.009167 0.016667
3 0.515833 0.328333 0.009167 0.015000
2 0.227500 0.385000 0.020000 0.021667
3 0.590000 0.750000 0.008333 0.021667
3 0.705833 0.793333 0.008333 0.016667
3 0.309167 0.348333 0.007500 0.015000
3 0.300833 0.383333 0.007500 0.016667
3 0.356667 0.405000 0.008333 0.016667
2 0.722500 0.383333 0.011667 0.025000
2 0.704167 0.738333 0.009167 0.031667
2 0.675833 0.320000 0.011667 0.066667
3 0.798333 0.720000 0.006667 0.018333
3 0.770000 0.596667 0.013333 0.031667
3 0.706667 0.728333 0.008333 0.021667
2 0.689167 0.600000 0.020833 0.028333
3 0.563333 0.675000 0.009167 0.023333
2 0.261667 0.830000 0.045833 0.021667
2 0.520833 0.410000 0.048333 0.025000
2 0.433333 0.730000 0.015833 0.068333
2 0.655000 0.465000 0.021667 0.090000
2 0.791667 0.605000 0.019167 0.046667
2 0.371667 0.648333 0.058333 0.076667
2 0.242500 0.656667 0.019167 0.046667
3 0.159167 0.413333 0.008333 0.016667
3 0.506667 0.325000 0.007500 0.015000
3 0.396667 0.346667 0.009167 0.016667
2 0.693333 0.665000 0.023333 0.106667
2 0.467500 0.320000 0.013333 0.070000
3 0.367500 0.645000 0.007500 0.018333
3 0.455833 0.343333 0.013333 0.015000
3 0.684167 0.635000 0.007500 0.018333
2 0.673333 0.651667 0.030833 0.051667
2 0.707500 0.406667 0.021667 0.090000
2 0.545000 0.650000 0.058333 0.076667
2 0.521667 0.716667 0.027500 0.016667
2 0.722500 0.386667 0.023333 0.041667
2 0.611667 0.353333 0.034167 0.038333
2 0.756667 0.371667 0.020833 0.080000
2 0.386667 0.343333 0.030833 0.051667
2 0.389167 0.676667 0.022500 0.023333
3 0.446667 0.708333 0.007500 0.015000
2 0.846667 0.316667 0.011667 0.025000
2 0.620000 0.398333 0.022500 0.023333
2 0.344167 0.395000 0.026667 0.035000
3 0.415833 0.680000 0.011667 0.020000
3 0.739167 0.413333 0.007500 0.015000
2 0.270000 0.416667 0.010833 0.091667
2 0.673333 0.653333 0.034167 0.038333
2 0.681667 0.373333 0.027500 0.016667
3 0.450000 0.351667 0.007500 0.018333
3 0.694167 0.628333 0.009167 0.015000
3 0.629167 0.363333 0.009167 0.016667
3 0.823333 0.408333 0.014167 0.025000
3 0.331667 0.733333 0.010833 0.023333
3 0.359167 0.315000 0.008333 0.016667
3 0.782500 0.450000 0.008333 0.016667
2 0.750833 0.315000 0.011667 0.066667
2 0.425833 0.326667 0.027500 0.016667
2 0.541667 0.383333 0.034167 0.100000
3 0.690000 0.336667 0.007500 0.016667
3 0.821667 0.398333 0.009167 0.016667
3 0.666667 0.365000 0.006667 0.018333
3 0.443333 0.356667 0.009167 0.018333
2 0.303333 0.690000 0.045833 0.021667
2 0.286667 0.766667 0.015833 0.068333
2 0.730000 0.283333 0.009167 0.040000
2 0.352500 0.221667 0.020833 0.080000
2 0.660833 0.445000 0.010000 0.031667
3 0.526667 0.693333 0.017500 0.031667
2 0.449167 0.361667 0.009167 0.031667
2 0.706667 0.680000 0.020833 0.028333
2 0.667500 0.601667 0.017500 0.116667
2 0.514167 0.378333 0.030833 0.051667
2 0.767500 0.360000 0.014167 0.015000
3 0.225000 0.383333 0.010833 0.013333
2 0.525000 0.381667 0.023333 0.041667
3 0.812500 0.421667 0.009167 0.016667
2 0.386667 0.401667 0.010833 0.091667
3 0.655000 0.638333 0.009167 0.016667
2 0.311667 0.380000 0.011667 0.066667
3 0.780833 0.420000 0.010833 0.023333
3 0.541667 0.206667 0.013333 0.015000
2 0.526667 0.648333 0.013333 0.070000
2 0.354167 0.361667 0.058333 0.076667
2 0.763333 0.671667 0.035000 0.105000
3 0.372500 0.348333 0.009167 0.023333
3 0.303333 0.400000 0.008333 0.016667
3 0.676667 0.638333 0.013333 0.031667
2 0.220833 0.355000 0.058333 0.076667
2 0.540000 0.343333 0.021667 0.090000
2 0.515833 0.700000 0.009167 0.040000
3 0.593333 0.738333 0.010833 0.013333
