4 0.818333 0.510000 0.049167 0.041667
4 0.869167 0.610000 0.070000 0.111667
4 0.778333 0.401667 0.178333 0.178333
4 0.800833 0.636667 0.074167 0.195000
4 0.812500 0.610000 0.055833 0.100000
4 0.855833 0.475000 0.067500 0.046667
4 0.756667 0.621667 0.173333 0.103333
4 0.830833 0.438333 0.085833 0.023333
4 0.830000 0.505000 0.044167 0.033333
4 0.860833 0.526667 0.052500 0.055000
4 0.400000 0.586667 0.200000 0.143333
4 0.215000 0.596667 0.077500 0.073333
4 0.158333 0.488333 0.118333 0.053333
4 0.765000 0.556667 0.105000 0.110000
4 0.180833 0.565000 0.082500 0.061667
4 0.130000 0.668333 0.105833 0.305000
4 0.236667 0.506667 0.068333 0.040000
4 0.461667 0.520000 0.055000 0.106667
4 0.487500 0.565000 0.070000 0.121667
4 0.246667 0.440000 0.138333 0.263333
2 0.068333 0.483333 0.009167 0.040000
2 0.785833 0.450000 0.015833 0.068333
2 0.153333 0.566667 0.014167 0.015000
3 0.432500 0.536667 0.015833 0.051667
3 0.233333 0.521667 0.014167 0.025000
2 0.321667 0.540000 0.010833 0.091667
2 0.250000 0.503333 0.010000 0.031667
3 0.601667 0.501667 0.009167 0.016667
3 0.825833 0.510000 0.008333 0.016667
3 0.476667 0.533333 0.010833 0.013333
2 0.189167 0.545000 0.020833 0.080000
3 0.534167 0.510000 0.008333 0.016667
2 0.814167 0.550000 0.027500 0.016667
2 0.395833 0.603333 0.023333 0.106667
3 0.553333 0.493333 0.007500 0.018333
3 0.212500 0.595000 0.008333 0.016667
2 0.037500 0.608333 0.020833 0.080000
2 0.238333 0.565000 0.022500 0.023333
3 0.444167 0.473333 0.014167 0.025000
3 0.150000 0.558333 0.011667 0.030000
3 0.647500 0.540000 0.008333 0.016667
2 0.495833 0.495000 0.009167 0.031667
3 0.320000 0.533333 0.007500 0.015000
3 0.545833 0.541667 0.009167 0.016667
2 0.605833 0.625000 0.023333 0.041667
3 0.053333 0.560000 0.008333 0.021667
3 0.034167 0.530000 0.010833 0.023333
3 0.448333 0.621667 0.010833 0.013333
3 0.550000 0.591667 0.007500 0.018333
2 0.016667 0.535000 0.020833 0.080000
2 0.495833 0.466667 0.010833 0.091667
2 0.211667 0.563333 0.020833 0.080000
3 0.550000 0.576667 0.007500 0.015000
2 0.341667 0.466667 0.035000 0.105000
3 0.721667 0.466667 0.015833 0.051667
2 0.053333 0.500000 0.014167 0.015000
2 0.170833 0.516667 0.010833 0.091667
3 0.062500 0.575000 0.009167 0.015000
2 0.261667 0.588333 0.048333 0.043333
2 0.580000 0.495000 0.009167 0.031667
2 0.108333 0.578333 0.015833 0.068333
2 0.247500 0.510000 0.011667 0.025000
3 0.425833 0.481667 0.011667 0.020000
2 0.663333 0.530000 0.010000 0.031667
2 0.152500 0.496667 0.048333 0.025000
3 0.613333 0.568333 0.008333 0.016667
2 0.097500 0.570000 0.034167 0.100000
2 0.207500 0.526667 0.048333 0.025000
2 0.394167 0.545000 0.034167 0.100000
2 0.324167 0.453333 0.017500 0.116667
3 0.251667 0.446667 0.007500 0.018333
3 0.509167 0.566667 0.009167 0.016667
3 0.265833 0.568333 0.008333 0.016667
3 0.137500 0.553333 0.007500 0.015000
2 0.680833 0.511667 0.021667 0.090000
2 0.814167 0.556667 0.020000 0.021667
2 0.819167 0.500000 0.011667 0.066667
2 0.346667 0.595000 0.048333 0.025000
3 0.591667 0.538333 0.009167 0.016667
2 0.085833 0.578333 0.009167 0.031667
3 0.099167 0.536667 0.007500 0.018333
2 0.232500 0.548333 0.029167 0.038333
2 0.283333 0.590000 0.013333 0.070000
3 0.303333 0.488333 0.007500 0.015000
3 0.261667 0.525000 0.007500 0.016667
2 0.485833 0.488333 0.048333 0.043333
3 0.209167 0.500000 0.009167 0.016667
3 0.806667 0.471667 0.011667 0.020000
3 0.057500 0.563333 0.009167 0.016667
3 0.485833 0.455000 0.008333 0.016667
3 0.183333 0.551667 0.007500 0.015000
3 0.316667 0.583333 0.011667 0.020000
2 0.085833 0.481667 0.020000 0.021667
2 0.562500 0.478333 0.020000 0.021667
2 0.649167 0.471667 0.020833 0.080000
2 0.102500 0.593333 0.010833 0.091667
3 0.488333 0.556667 0.010000 0.016667
3 0.467500 0.460000 0.010000 0.020000
2 0.361667 0.521667 0.014167 0.015000
2 0.815833 0.693333 0.013333 0.070000
3 0.710833 0.491667 0.007500 0.015000
3 0.262500 0.558333 0.013333 0.015000
2 0.693333 0.481667 0.026667 0.035000
3 0.782500 0.548333 0.008333 0.021667
3 0.490000 0.573333 0.011667 0.030000
2 0.116667 0.548333 0.014167 0.015000
2 0.501667 0.496667 0.019167 0.046667
3 0.405000 0.505000 0.008333 0.016667
3 0.673333 0.538333 0.008333 0.016667
2 0.589167 0.536667 0.023333 0.041667
3 0.500833 0.495000 0.011667 0.020000
2 0.061667 0.531667 0.097500 0.053333
3 0.360000 0.543333 0.009167 0.016667
2 0.585000 0.621667 0.048333 0.043333
2 0.693333 0.490000 0.023333 0.041667
2 0.124167 0.543333 0.011667 0.025000
3 0.225833 0.576667 0.011667 0.030000
2 0.201667 0.441667 0.009167 0.040000
2 0.690000 0.476667 0.027500 0.016667
3 0.756667 0.541667 0.007500 0.018333
3 0.352500 0.565000 0.010833 0.023333
3 0.248333 0.511667 0.007500 0.018333
3 0.319167 0.370000 0.007500 0.015000
3 0.770000 0.358333 0.017500 0.031667
3 0.389167 0.640000 0.007500 0.015000
2 0.740000 0.316667 0.022500 0.023333
3 0.237500 0.336667 0.009167 0.016667
3 0.764167 0.406667 0.008333 0.016667
3 0.645000 0.385000 0.009167 0.016667
2 0.755833 0.395000 0.021667 0.090000
3 0.444167 0.381667 0.007500 0.016667
3 0.566667 0.690000 0.007500 0.018333
3 0.745000 0.698333 0.013333 0.015000
3 0.495833 0.263333 0.008333 0.016667
3 0.440833 0.736667 0.009167 0.016667
2 0.488333 0.285000 0.010000 0.031667
3 0.331667 0.710000 0.008333 0.016667
2 0.465000 0.243333 0.035000 0.105000
3 0.511667 0.355000 0.008333 0.016667
3 0.687500 0.756667 0.017500 0.031667
2 0.342500 0.343333 0.026667 0.035000
3 0.345000 0.280000 0.014167 0.025000
3 0.735000 0.708333 0.008333 0.021667
2 0.779167 0.383333 0.010833 0.091667
3 0.671667 0.630000 0.007500 0.018333
2 0.825833 0.438333 0.021667 0.090000
2 0.315000 0.730000 0.014167 0.015000
2 0.514167 0.356667 0.013333 0.070000
2 0.687500 0.356667 0.023333 0.041667
2 0.292500 0.683333 0.026667 0.035000
3 0.525000 0.400000 0.014167 0.025000
2 0.298333 0.395000 0.017500 0.116667
2 0.699167 0.421667 0.020000 0.021667
3 0.490000 0.735000 0.013333 0.015000
2 0.706667 0.406667 0.048333 0.025000
3 0.510000 0.738333 0.010000 0.020000
3 0.676667 0.340000 0.009167 0.016667
3 0.475000 0.330000 0.008333 0.021667
2 0.300000 0.348333 0.058333 0.076667
2 0.667500 0.405000 0.048333 0.025000
3 0.445000 0.828333 0.007500 0.018333
3 0.367500 0.678333 0.009167 0.018333
3 0.626667 0.326667 0.010000 0.016667
3 0.685833 0.403333 0.010833 0.023333
3 0.722500 0.436667 0.009167 0.016667
2 0.609167 0.425000 0.021667 0.090000
3 0.660833 0.435000 0.009167 0.015000
2 0.799167 0.361667 0.009167 0.040000
2 0.308333 0.665000 0.045833 0.021667
2 0.366667 0.641667 0.010000 0.031667
3 0.545000 0.650000 0.007500 0.015000
2 0.668333 0.611667 0.030833 0.051667
3 0.800833 0.338333 0.014167 0.025000
2 0.296667 0.731667 0.013333 0.070000
3 0.335000 0.861667 0.010000 0.020000
2 0.787500 0.350000 0.014167 0.015000
3 0.462500 0.658333 0.007500 0.015000
2 0.465000 0.130000 0.023333 0.106667
2 0.706667 0.593333 0.048333 0.043333
2 0.493333 0.191667 0.048333 0.043333
2 0.336667 0.711667 0.014167 0.015000
3 0.788333 0.415000 0.009167 0.015000
3 0.434167 0.760000 0.017500 0.031667
3 0.455000 0.641667 0.010000 0.020000
2 0.705000 0.623333 0.058333 0.076667
2 0.800000 0.390000 0.029167 0.038333
3 0.688333 0.283333 0.009167 0.016667
3 0.535000 0.370000 0.008333 0.016667
3 0.393333 0.706667 0.007500 0.018333
3 0.700833 0.676667 0.015833 0.051667
3 0.700833 0.638333 0.013333 0.031667
3 0.200833 0.656667 0.010833 0.013333
2 0.673333 0.418333 0.009167 0.031667
3 0.423333 0.688333 0.008333 0.021667
2 0.734167 0.631667 0.034167 0.100000
3 0.749167 0.655000 0.009167 0.018333
3 0.549167 0.193333 0.010000 0.016667
2 0.297500 0.156667 0.023333 0.106667
3 0.749167 0.410000 0.007500 0.016667
2 0.660833 0.611667 0.029167 0.038333
2 0.233333 0.808333 0.020833 0.028333
2 0.528333 0.638333 0.029167 0.038333
2 0.735000 0.730000 0.034167 0.100000
3 0.466667 0.726667 0.009167 0.016667
3 0.494167 0.753333 0.009167 0.016667
2 0.265833 0.666667 0.013333 0.070000
2 0.427500 0.378333 0.010000 0.031667
2 0.704167 0.428333 0.045833 0.021667
2 0.600833 0.783333 0.010833 0.091667
2 0.507500 0.383333 0.058333 0.076667
3 0.525000 0.431667 0.007500 0.016667
3 0.724167 0.405000 0.013333 0.031667
2 0.788333 0.741667 0.021667 0.090000
2 0.671667 0.673333 0.014167 0.015000
2 0.405000 0.685000 0.010833 0.091667
3 0.802500 0.398333 0.008333 0.016667
3 0.225000 0.333333 0.010833 0.013333
3 0.813333 0.403333 0.008333 0.016667
3 0.551667 0.391667 0.007500 0.018333
3 0.709167 0.706667 0.009167 0.023333
2 0.515833 0.328333 0.020833 0.080000
2 0.696667 0.340000 0.023333 0.106667
2 0.755000 0.375000 0.023333 0.041667
2 0.321667 0.353333 0.009167 0.031667
3 0.681667 0.706667 0.009167 0.015000
2 0.446667 0.336667 0.020833 0.080000
2 0.669167 0.263333 0.045833 0.021667
3 0.645833 0.391667 0.009167 0.016667
2 0.311667 0.636667 0.020000 0.021667
2 0.685000 0.345000 0.027500 0.016667
3 0.529167 0.631667 0.009167 0.018333
3 0.464167 0.688333 0.009167 0.018333
2 0.300833 0.655000 0.009167 0.040000
2 0.780833 0.405000 0.048333 0.025000
2 0.733333 0.328333 0.097500 0.053333
3 0.786667 0.605000 0.007500 0.018333
2 0.733333 0.691667 0.034167 0.100000
3 0.696667 0.720000 0.009167 0.016667
2 0.654167 0.616667 0.011667 0.066667
2 0.396667 0.716667 0.097500 0.053333
3 0.590833 0.625000 0.009167 0.016667
2 0.686667 0.263333 0.011667 0.025000
3 0.239167 0.761667 0.010000 0.020000
3 0.408333 0.706667 0.006667 0.018333
2 0.472500 0.666667 0.034167 0.100000
2 0.335833 0.878333 0.023333 0.106667
3 0.704167 0.661667 0.010833 0.023333
3 0.673333 0.423333 0.013333 0.015000
2 0.681667 0.670000 0.034167 0.038333
3 0.705000 0.423333 0.008333 0.016667
3 0.777500 0.603333 0.007500 0.015000
2 0.770833 0.395000 0.010833 0.091667
3 0.711667 0.633333 0.011667 0.020000
3 0.670000 0.631667 0.007500 0.015000
3 0.533333 0.370000 0.011667 0.020000
3 0.655833 0.366667 0.008333 0.016667
3 0.626667 0.376667 0.008333 0.016667
3 0.785000 0.663333 0.008333 0.016667
2 0.527500 0.418333 0.022500 0.023333
3 0.315000 0.253333 0.011667 0.020000
2 0.279167 0.701667 0.009167 0.040000
3 0.754167 0.648333 0.007500 0.015000
2 0.266667 0.723333 0.034167 0.038333
2 0.475000 0.146667 0.011667 0.066667
2 0.715000 0.623333 0.097500 0.053333
2 0.672500 0.661667 0.020000 0.021667
2 0.430000 0.673333 0.030833 0.051667
2 0.796667 0.655000 0.009167 0.031667
3 0.776667 0.415000 0.007500 0.018333
2 0.540000 0.998333 0.009167 0.001667
3 0.790833 0.656667 0.010000 0.020000
2 0.543333 0.231667 0.011667 0.025000
3 0.703333 0.406667 0.010000 0.016667
2 0.708333 0.598333 0.011667 0.066667
2 0.645000 0.381667 0.010000 0.031667
2 0.571667 0.756667 0.030833 0.051667
3 0.266667 0.385000 0.017500 0.031667
2 0.778333 0.636667 0.011667 0.025000
3 0.420833 0.658333 0.009167 0.023333
3 0.420833 0.398333 0.013333 0.031667
3 0.350833 0.333333 0.010000 0.020000
2 0.240000 0.351667 0.009167 0.040000
2 0.650833 0.335000 0.048333 0.043333
2 0.723333 0.758333 0.009167 0.040000
2 0.675833 0.361667 0.011667 0.025000
3 0.338333 0.715000 0.011667 0.020000
2 0.645833 0.631667 0.026667 0.035000
3 0.613333 0.383333 0.017500 0.031667
2 0.808333 0.616667 0.020000 0.021667
3 0.460833 0.715000 0.008333 0.016667
2 0.271667 0.251667 0.020833 0.080000
2 0.806667 0.638333 0.023333 0.041667
3 0.465000 0.688333 0.007500 0.016667
3 0.533333 0.373333 0.011667 0.030000
2 0.602500 0.308333 0.011667 0.066667
2 0.765000 0.340000 0.015833 0.068333
2 0.720833 0.680000 0.034167 0.038333
2 0.758333 0.633333 0.097500 0.053333
2 0.398333 0.721667 0.023333 0.041667
2 0.341667 0.603333 0.029167 0.038333
3 0.230000 0.380000 0.014167 0.025000
2 0.777500 0.448333 0.010833 0.091667
2 0.286667 0.768333 0.020833 0.028333
3 0.358333 0.315000 0.010000 0.016667
2 0.795833 0.615000 0.011667 0.025000
2 0.410833 0.400000 0.029167 0.038333
2 0.464167 0.821667 0.048333 0.043333
3 0.227500 0.661667 0.010000 0.020000
3 0.735000 0.643333 0.009167 0.016667
2 0.747500 0.383333 0.030833 0.051667
2 0.291667 0.745000 0.023333 0.041667
3 0.724167 0.398333 0.007500 0.015000
2 0.715833 0.443333 0.023333 0.106667
3 0.243333 0.743333 0.009167 0.016667
2 0.326667 0.723333 0.020833 0.028333
3 0.768333 0.648333 0.008333 0.016667
3 0.295000 0.283333 0.009167 0.018333
3 0.810000 0.400000 0.009167 0.016667
3 0.346667 0.653333 0.006667 0.018333
2 0.159167 0.405000 0.030833 0.051667
