4 0.770000 0.506667 0.167500 0.070000
4 0.808333 0.463333 0.182500 0.181667
4 0.860833 0.571667 0.047500 0.046667
4 0.844167 0.533333 0.029167 0.035000
4 0.799167 0.498333 0.100833 0.113333
4 0.817500 0.575000 0.206667 0.078333
4 0.820000 0.736667 0.195833 0.458333
4 0.905000 0.446667 0.035000 0.071667
4 0.815833 0.501667 0.130833 0.206667
4 0.861667 0.478333 0.057500 0.103333
4 0.280833 0.566667 0.071667 0.105000
4 0.725000 0.428333 0.141667 0.181667
4 0.498333 0.606667 0.052500 0.123333
4 0.637500 0.543333 0.043333 0.031667
4 0.057500 0.536667 0.100833 0.073333
4 0.220833 0.571667 0.124167 0.068333
4 0.649167 0.496667 0.059167 0.060000
4 0.697500 0.498333 0.088333 0.036667
4 0.485000 0.526667 0.086667 0.078333
4 0.383333 0.523333 0.035000 0.040000
3 0.663333 0.588333 0.017500 0.031667
3 0.384167 0.515000 0.008333 0.016667
2 0.188333 0.566667 0.009167 0.040000
2 0.066667 0.501667 0.034167 0.100000
2 0.745833 0.551667 0.019167 0.046667
3 0.074167 0.583333 0.008333 0.016667
3 0.053333 0.488333 0.008333 0.016667
3 0.121667 0.495000 0.017500 0.031667
2 0.610000 0.420000 0.009167 0.040000
3 0.405000 0.445000 0.011667 0.020000
3 0.735000 0.470000 0.009167 0.016667
3 0.204167 0.498333 0.009167 0.016667
3 0.604167 0.568333 0.013333 0.015000
2 0.173333 0.460000 0.026667 0.035000
3 0.605000 0.543333 0.015833 0.051667
2 0.072500 0.551667 0.048333 0.025000
2 0.350000 0.488333 0.013333 0.070000
2 0.750000 0.555000 0.097500 0.053333
2 0.670000 0.546667 0.097500 0.053333
3 0.100000 0.595000 0.008333 0.016667
3 0.612500 0.601667 0.006667 0.018333
3 0.186667 0.518333 0.017500 0.031667
3 0.245833 0.508333 0.008333 0.016667
2 0.490000 0.461667 0.030833 0.051667
3 0.581667 0.565000 0.007500 0.018333
2 0.797500 0.600000 0.020833 0.080000
3 0.562500 0.545000 0.014167 0.025000
2 0.815833 0.540000 0.020000 0.021667
3 0.117500 0.498333 0.007500 0.015000
2 0.309167 0.583333 0.017500 0.116667
2 0.467500 0.578333 0.034167 0.038333
3 0.112500 0.566667 0.009167 0.016667
2 0.241667 0.551667 0.011667 0.066667
2 0.180000 0.541667 0.034167 0.100000
2 0.809167 0.468333 0.013333 0.070000
3 0.570000 0.596667 0.015833 0.051667
2 0.797500 0.446667 0.058333 0.076667
3 0.297500 0.486667 0.010000 0.016667
3 0.560833 0.523333 0.006667 0.018333
2 0.620833 0.575000 0.013333 0.070000
3 0.188333 0.456667 0.010833 0.013333
3 0.495000 0.576667 0.007500 0.015000
3 0.607500 0.610000 0.017500 0.031667
2 0.235000 0.595000 0.013333 0.070000
3 0.291667 0.588333 0.007500 0.015000
3 0.511667 0.511667 0.007500 0.015000
2 0.810000 0.663333 0.020000 0.021667
3 0.136667 0.531667 0.011667 0.020000
3 0.518333 0.578333 0.008333 0.016667
3 0.373333 0.528333 0.007500 0.015000
2 0.171667 0.558333 0.011667 0.066667
2 0.631667 0.490000 0.011667 0.025000
2 0.552500 0.541667 0.058333 0.076667
3 0.611667 0.518333 0.010000 0.020000
3 0.278333 0.516667 0.007500 0.015000
3 0.618333 0.446667 0.008333 0.016667
2 0.652500 0.473333 0.029167 0.038333
2 0.352500 0.550000 0.019167 0.046667
2 0.655833 0.495000 0.048333 0.043333
2 0.281667 0.475000 0.027500 0.016667
3 0.208333 0.478333 0.007500 0.016667
3 0.183333 0.448333 0.008333 0.016667
2 0.736667 0.466667 0.097500 0.053333
3 0.734167 0.530000 0.010833 0.023333
2 0.694167 0.516667 0.010000 0.031667
2 0.801667 0.530000 0.058333 0.076667
2 0.648333 0.531667 0.029167 0.038333
3 0.678333 0.508333 0.011667 0.030000
2 0.135833 0.488333 0.048333 0.043333
2 0.424167 0.615000 0.045833 0.021667
2 0.692500 0.580000 0.020833 0.080000
3 0.094167 0.551667 0.008333 0.016667
2 0.605000 0.585000 0.029167 0.038333
3 0.781667 0.466667 0.013333 0.015000
2 0.446667 0.556667 0.022500 0.023333
2 0.628333 0.535000 0.023333 0.106667
3 0.614167 0.586667 0.011667 0.020000
3 0.793333 0.458333 0.008333 0.016667
2 0.507500 0.535000 0.035000 0.105000
2 0.219167 0.500000 0.009167 0.040000
3 0.482500 0.576667 0.017500 0.031667
2 0.090000 0.513333 0.010833 0.091667
3 0.339167 0.465000 0.007500 0.015000
2 0.483333 0.375000 0.009167 0.040000
2 0.016667 0.460000 0.034167 0.025000
2 0.692500 0.555000 0.029167 0.038333
3 0.038333 0.523333 0.007500 0.015000
3 0.795833 0.480000 0.015833 0.051667
3 0.100833 0.591667 0.007500 0.018333
2 0.282500 0.448333 0.014167 0.015000
3 0.106667 0.586667 0.010833 0.023333
2 0.147500 0.528333 0.009167 0.040000
2 0.316667 0.551667 0.020833 0.080000
3 0.268333 0.566667 0.009167 0.015000
2 0.032500 0.521667 0.027500 0.016667
3 0.103333 0.516667 0.008333 0.016667
2 0.549167 0.563333 0.009167 0.040000
2 0.605000 0.606667 0.034167 0.038333
2 0.085833 0.533333 0.023333 0.041667
2 0.804167 0.455000 0.027500 0.016667
2 0.767500 0.530000 0.011667 0.066667
2 0.150000 0.455000 0.020833 0.080000
2 0.787500 0.453333 0.010833 0.091667
3 0.587500 0.746667 0.013333 0.031667
2 0.587500 0.375000 0.045833 0.021667
3 0.781667 0.370000 0.009167 0.018333
2 0.640000 0.420000 0.021667 0.090000
3 0.551667 0.233333 0.007500 0.015000
2 0.525000 0.405000 0.030833 0.051667
3 0.648333 0.341667 0.015833 0.051667
2 0.350833 0.361667 0.097500 0.053333
2 0.676667 0.608333 0.020833 0.028333
3 0.465000 0.845000 0.009167 0.016667
3 0.294167 0.716667 0.007500 0.016667
2 0.520833 0.740000 0.011667 0.066667
2 0.650833 0.358333 0.023333 0.041667
3 0.650833 0.413333 0.010833 0.013333
3 0.725833 0.611667 0.009167 0.015000
2 0.844167 0.321667 0.010000 0.031667
3 0.444167 0.721667 0.008333 0.016667
3 0.441667 0.413333 0.009167 0.015000
3 0.629167 0.638333 0.010833 0.013333
2 0.656667 0.368333 0.020833 0.080000
2 0.292500 0.775000 0.010000 0.031667
2 0.329167 0.328333 0.017500 0.116667
2 0.306667 0.350000 0.034167 0.038333
3 0.440000 0.343333 0.007500 0.015000
3 0.558333 0.211667 0.008333 0.016667
3 0.345000 0.671667 0.007500 0.015000
3 0.557500 0.215000 0.009167 0.023333
3 0.645833 0.683333 0.008333 0.021667
3 0.354167 0.281667 0.009167 0.016667
2 0.708333 0.706667 0.020833 0.080000
3 0.791667 0.726667 0.008333 0.021667
3 0.725833 0.428333 0.009167 0.016667
2 0.323333 0.630000 0.019167 0.046667
3 0.650000 0.390000 0.010000 0.020000
2 0.629167 0.408333 0.027500 0.016667
3 0.601667 0.998333 0.007500 0.001667
3 0.802500 0.653333 0.009167 0.016667
2 0.747500 0.698333 0.020833 0.028333
3 0.351667 0.381667 0.010833 0.013333
2 0.609167 0.388333 0.010000 0.031667
3 0.435833 0.378333 0.008333 0.016667
2 0.691667 0.596667 0.058333 0.076667
3 0.322500 0.353333 0.008333 0.016667
2 0.687500 0.383333 0.010000 0.031667
2 0.755000 0.425000 0.022500 0.023333
3 0.545000 0.238333 0.008333 0.016667
3 0.436667 0.680000 0.008333 0.016667
2 0.224167 0.778333 0.009167 0.031667
2 0.428333 0.645000 0.034167 0.038333
3 0.770000 0.615000 0.010000 0.020000
3 0.649167 0.678333 0.009167 0.015000
2 0.502500 0.825000 0.023333 0.106667
2 0.481667 0.310000 0.014167 0.015000
2 0.722500 0.618333 0.023333 0.041667
3 0.464167 0.278333 0.010000 0.016667
2 0.618333 0.325000 0.019167 0.046667
3 0.667500 0.340000 0.007500 0.015000
3 0.675833 0.393333 0.009167 0.018333
2 0.438333 0.638333 0.009167 0.040000
2 0.515000 0.758333 0.009167 0.031667
3 0.463333 0.280000 0.011667 0.020000
2 0.664167 0.390000 0.021667 0.090000
3 0.673333 0.258333 0.013333 0.031667
2 0.764167 0.661667 0.015833 0.068333
3 0.824167 0.703333 0.006667 0.018333
3 0.555833 0.680000 0.007500 0.015000
2 0.616667 0.328333 0.058333 0.076667
3 0.441667 0.653333 0.007500 0.015000
2 0.700833 0.416667 0.023333 0.041667
3 0.785000 0.381667 0.010000 0.016667
3 0.292500 0.283333 0.006667 0.018333
3 0.685000 0.626667 0.009167 0.016667
2 0.837500 0.315000 0.029167 0.038333
3 0.734167 0.813333 0.011667 0.020000
3 0.244167 0.363333 0.010833 0.023333
2 0.233333 0.343333 0.048333 0.025000
2 0.677500 0.673333 0.048333 0.025000
2 0.715000 0.323333 0.011667 0.066667
2 0.416667 0.208333 0.020833 0.028333
2 0.417500 0.391667 0.015833 0.068333
2 0.723333 0.433333 0.014167 0.015000
2 0.762500 0.365000 0.017500 0.116667
3 0.408333 0.355000 0.008333 0.016667
3 0.650000 0.443333 0.007500 0.015000
3 0.555000 0.276667 0.017500 0.031667
3 0.653333 0.396667 0.013333 0.031667
2 0.655000 0.425000 0.020833 0.080000
2 0.416667 0.675000 0.020833 0.028333
3 0.390833 0.673333 0.010000 0.020000
3 0.302500 0.398333 0.009167 0.018333
2 0.674167 0.418333 0.017500 0.116667
2 0.748333 0.408333 0.030833 0.051667
3 0.380833 0.366667 0.006667 0.018333
2 0.713333 0.391667 0.029167 0.038333
3 0.760000 0.365000 0.006667 0.018333
2 0.518333 0.273333 0.009167 0.031667
3 0.435000 0.398333 0.010000 0.016667
2 0.346667 0.416667 0.020833 0.080000
3 0.766667 0.615000 0.006667 0.018333
3 0.626667 0.648333 0.009167 0.015000
3 0.783333 0.380000 0.008333 0.016667
3 0.257500 0.803333 0.017500 0.031667
2 0.305833 0.726667 0.023333 0.041667
3 0.221667 0.401667 0.014167 0.025000
2 0.750000 0.631667 0.015833 0.068333
3 0.658333 0.400000 0.007500 0.018333
2 0.724167 0.391667 0.023333 0.041667
3 0.538333 0.998333 0.013333 0.001667
2 0.649167 0.365000 0.020833 0.080000
2 0.716667 0.358333 0.026667 0.035000
3 0.482500 0.188333 0.007500 0.015000
3 0.703333 0.718333 0.007500 0.018333
3 0.692500 0.370000 0.007500 0.015000
2 0.817500 0.396667 0.009167 0.040000
3 0.761667 0.325000 0.008333 0.016667
3 0.667500 0.443333 0.007500 0.018333
3 0.515833 0.330000 0.010000 0.020000
2 0.720000 0.691667 0.097500 0.053333
3 0.480000 0.703333 0.008333 0.016667
2 0.454167 0.220000 0.035000 0.105000
3 0.361667 0.611667 0.010000 0.020000
3 0.702500 0.668333 0.010833 0.013333
2 0.344167 0.681667 0.009167 0.031667
2 0.722500 0.348333 0.097500 0.053333
2 0.690833 0.651667 0.011667 0.025000
2 0.772500 0.418333 0.020833 0.028333
2 0.460000 0.733333 0.023333 0.106667
2 0.550000 0.998333 0.019167 0.001667
2 0.441667 0.661667 0.023333 0.106667
2 0.718333 0.366667 0.010000 0.031667
2 0.725833 0.678333 0.034167 0.038333
3 0.653333 0.445000 0.009167 0.018333
2 0.260833 0.831667 0.048333 0.043333
2 0.439167 0.718333 0.023333 0.041667
3 0.454167 0.830000 0.008333 0.016667
2 0.687500 0.348333 0.029167 0.038333
3 0.236667 0.390000 0.010000 0.020000
2 0.739167 0.673333 0.023333 0.106667
2 0.641667 0.375000 0.035000 0.105000
3 0.677500 0.623333 0.009167 0.016667
2 0.522500 0.300000 0.022500 0.023333
2 0.730833 0.660000 0.023333 0.106667
3 0.446667 0.370000 0.010000 0.016667
2 0.294167 0.660000 0.035000 0.105000
3 0.330000 0.340000 0.015833 0.051667
3 0.776667 0.321667 0.007500 0.016667
2 0.677500 0.626667 0.020833 0.028333
2 0.553333 0.706667 0.035000 0.105000
3 0.520833 0.226667 0.009167 0.016667
2 0.623333 0.385000 0.023333 0.106667
2 0.502500 0.398333 0.097500 0.053333
2 0.225833 0.645000 0.026667 0.035000
3 0.657500 0.398333 0.009167 0.018333
3 0.348333 0.286667 0.007500 0.015000
2 0.591667 0.338333 0.022500 0.023333
3 0.680000 0.680000 0.007500 0.015000
3 0.738333 0.651667 0.008333 0.016667
2 0.631667 0.656667 0.034167 0.100000
2 0.718333 0.745000 0.034167 0.100000
3 0.656667 0.668333 0.007500 0.016667
2 0.768333 0.365000 0.020833 0.080000
2 0.314167 0.698333 0.034167 0.100000
2 0.430000 0.313333 0.019167 0.046667
3 0.614167 0.770000 0.010000 0.020000
2 0.274167 0.711667 0.048333 0.043333
3 0.622500 0.381667 0.009167 0.015000
3 0.715833 0.351667 0.010833 0.013333
2 0.410000 0.390000 0.034167 0.100000
2 0.640833 0.353333 0.019167 0.046667
2 0.141667 0.690000 0.010833 0.091667
3 0.445833 0.670000 0.014167 0.025000
2 0.342500 0.711667 0.045833 0.021667
2 0.405000 0.628333 0.011667 0.066667
2 0.744167 0.323333 0.034167 0.038333
3 0.416667 0.680000 0.015833 0.051667
3 0.659167 0.273333 0.009167 0.016667
3 0.336667 0.731667 0.013333 0.031667
3 0.801667 0.396667 0.010000 0.016667
2 0.535000 0.280000 0.021667 0.090000
3 0.723333 0.350000 0.013333 0.031667
2 0.780000 0.608333 0.014167 0.015000
2 0.800000 0.711667 0.015833 0.068333
2 0.770833 0.710000 0.020000 0.021667
3 0.492500 0.385000 0.010833 0.013333
2 0.328333 0.325000 0.097500 0.053333
3 0.738333 0.653333 0.008333 0.016667
2 0.549167 0.998333 0.020833 0.001667
2 0.599167 0.668333 0.023333 0.106667
2 0.585000 0.223333 0.010833 0.091667
2 0.531667 0.615000 0.011667 0.025000
2 0.719167 0.331667 0.011667 0.025000
2 0.682500 0.333333 0.029167 0.038333
3 0.699167 0.376667 0.008333 0.016667
2 0.695833 0.636667 0.020833 0.028333
2 0.379167 0.363333 0.010000 0.031667
3 0.447500 0.701667 0.010833 0.013333
2 0.690833 0.605000 0.017500 0.116667
