4 0.825833 0.383333 0.075833 0.136667
4 0.770000 0.721667 0.180000 0.251667
4 0.795833 0.441667 0.145000 0.085000
4 0.898333 0.591667 0.060000 0.116667
4 0.823333 0.461667 0.076667 0.053333
4 0.871667 0.490000 0.064167 0.105000
4 0.823333 0.528333 0.070000 0.033333
4 0.874167 0.536667 0.080833 0.093333
4 0.843333 0.488333 0.031667 0.080000
4 0.835833 0.530000 0.061667 0.113333
4 0.434167 0.578333 0.029167 0.085000
4 0.624167 0.453333 0.075833 0.141667
4 0.674167 0.436667 0.078333 0.131667
4 0.767500 0.633333 0.127500 0.113333
4 0.688333 0.523333 0.106667 0.056667
4 0.462500 0.501667 0.107500 0.055000
4 0.441667 0.523333 0.067500 0.050000
4 0.303333 0.495000 0.040000 0.058333
4 0.110833 0.435000 0.115833 0.158333
4 0.618333 0.526667 0.037500 0.063333
3 0.096667 0.536667 0.008333 0.021667
2 0.521667 0.506667 0.020833 0.080000
2 0.305833 0.486667 0.026667 0.035000
3 0.449167 0.475000 0.007500 0.018333
2 0.662500 0.456667 0.019167 0.046667
2 0.313333 0.440000 0.045833 0.021667
2 0.600000 0.580000 0.058333 0.076667
2 0.244167 0.453333 0.022500 0.023333
2 0.152500 0.568333 0.045833 0.021667
3 0.067500 0.573333 0.008333 0.016667
3 0.413333 0.471667 0.009167 0.016667
2 0.335000 0.476667 0.021667 0.090000
2 0.491667 0.548333 0.034167 0.038333
3 0.586667 0.576667 0.010833 0.023333
2 0.725000 0.523333 0.045833 0.021667
2 0.086667 0.560000 0.010000 0.031667
3 0.470000 0.593333 0.008333 0.016667
2 0.557500 0.483333 0.017500 0.116667
3 0.022500 0.493333 0.010833 0.023333
2 0.161667 0.438333 0.027500 0.016667
3 0.768333 0.460000 0.011667 0.020000
3 0.342500 0.521667 0.013333 0.015000
3 0.311667 0.533333 0.008333 0.016667
2 0.132500 0.561667 0.048333 0.043333
3 0.533333 0.560000 0.009167 0.023333
3 0.757500 0.516667 0.009167 0.016667
2 0.101667 0.500000 0.020000 0.021667
2 0.720833 0.456667 0.097500 0.053333
2 0.425833 0.501667 0.030833 0.051667
3 0.446667 0.565000 0.007500 0.018333
3 0.493333 0.576667 0.009167 0.016667
2 0.633333 0.480000 0.017500 0.116667
2 0.120000 0.513333 0.023333 0.106667
3 0.204167 0.561667 0.013333 0.031667
2 0.095000 0.486667 0.097500 0.053333
2 0.135833 0.525000 0.048333 0.043333
2 0.210000 0.460000 0.020833 0.028333
3 0.457500 0.490000 0.009167 0.015000
2 0.170833 0.423333 0.097500 0.053333
3 0.713333 0.586667 0.014167 0.025000
3 0.364167 0.546667 0.009167 0.016667
2 0.330000 0.530000 0.097500 0.053333
2 0.332500 0.571667 0.010833 0.091667
3 0.507500 0.508333 0.009167 0.016667
2 0.438333 0.395000 0.097500 0.053333
2 0.767500 0.548333 0.048333 0.043333
3 0.562500 0.553333 0.007500 0.018333
2 0.275833 0.556667 0.048333 0.025000
3 0.205000 0.578333 0.007500 0.015000
3 0.393333 0.525000 0.015833 0.051667
2 0.475000 0.585000 0.027500 0.016667
2 0.459167 0.543333 0.021667 0.090000
2 0.072500 0.543333 0.010000 0.031667
2 0.452500 0.650000 0.010833 0.091667
3 0.350000 0.491667 0.007500 0.015000
3 0.687500 0.560000 0.010833 0.013333
2 0.328333 0.493333 0.010833 0.091667
3 0.795833 0.561667 0.011667 0.030000
2 0.430833 0.625000 0.020000 0.021667
3 0.125000 0.550000 0.013333 0.031667
2 0.545000 0.533333 0.010833 0.091667
2 0.408333 0.565000 0.021667 0.090000
3 0.093333 0.573333 0.007500 0.018333
2 0.781667 0.503333 0.022500 0.023333
3 0.334167 0.503333 0.011667 0.030000
2 0.410000 0.535000 0.010000 0.031667
2 0.311667 0.463333 0.019167 0.046667
2 0.176667 0.526667 0.029167 0.038333
2 0.101667 0.501667 0.022500 0.023333
3 0.135833 0.451667 0.006667 0.018333
3 0.517500 0.466667 0.010000 0.020000
2 0.516667 0.480000 0.034167 0.038333
2 0.567500 0.506667 0.020833 0.080000
3 0.141667 0.510000 0.010833 0.013333
2 0.279167 0.441667 0.020833 0.028333
2 0.537500 0.535000 0.020000 0.021667
2 0.690833 0.563333 0.027500 0.016667
3 0.481667 0.590000 0.014167 0.025000
2 0.127500 0.495000 0.020000 0.021667
2 0.819167 0.571667 0.010000 0.031667
2 0.334167 0.538333 0.020833 0.080000
3 0.693333 0.528333 0.009167 0.018333
3 0.235000 0.515000 0.010000 0.016667
3 0.073333 0.576667 0.009167 0.016667
2 0.367500 0.546667 0.058333 0.076667
3 0.245833 0.533333 0.010833 0.023333
2 0.163333 0.433333 0.029167 0.038333
2 0.023333 0.563333 0.013333 0.070000
3 0.199167 0.508333 0.007500 0.018333
2 0.302500 0.465000 0.034167 0.038333
2 0.250833 0.546667 0.048333 0.043333
3 0.195000 0.583333 0.013333 0.015000
3 0.028333 0.483333 0.009167 0.018333
2 0.160000 0.483333 0.048333 0.025000
3 0.425833 0.581667 0.010833 0.023333
2 0.612500 0.526667 0.058333 0.076667
3 0.547500 0.478333 0.008333 0.016667
2 0.334167 0.588333 0.022500 0.023333
2 0.110000 0.573333 0.021667 0.090000
2 0.793333 0.516667 0.020833 0.080000
2 0.238333 0.563333 0.030833 0.051667
3 0.765000 0.516667 0.007500 0.016667
2 0.706667 0.683333 0.017500 0.116667
2 0.473333 0.330000 0.045833 0.021667
2 0.565833 0.631667 0.020000 0.021667
3 0.682500 0.410000 0.013333 0.015000
2 0.514167 0.290000 0.011667 0.066667
2 0.509167 0.301667 0.020833 0.028333
3 0.475000 0.796667 0.008333 0.016667
3 0.446667 0.370000 0.010000 0.016667
2 0.538333 0.408333 0.034167 0.038333
2 0.321667 0.751667 0.030833 0.051667
3 0.455833 0.801667 0.009167 0.016667
3 0.706667 0.278333 0.007500 0.015000
3 0.360833 0.613333 0.010833 0.023333
3 0.377500 0.795000 0.007500 0.015000
2 0.655000 0.396667 0.023333 0.041667
3 0.700000 0.278333 0.011667 0.030000
2 0.450000 0.291667 0.009167 0.031667
3 0.690000 0.355000 0.007500 0.018333
3 0.239167 0.348333 0.009167 0.015000
3 0.440833 0.350000 0.014167 0.025000
2 0.736667 0.385000 0.029167 0.038333
2 0.562500 0.678333 0.023333 0.106667
2 0.788333 0.391667 0.030833 0.051667
2 0.279167 0.260000 0.034167 0.038333
2 0.282500 0.413333 0.026667 0.035000
2 0.689167 0.693333 0.020833 0.080000
2 0.518333 0.748333 0.020833 0.028333
2 0.298333 0.395000 0.010000 0.031667
2 0.700833 0.378333 0.010833 0.091667
2 0.660000 0.665000 0.058333 0.076667
3 0.746667 0.705000 0.007500 0.018333
3 0.421667 0.655000 0.008333 0.016667
2 0.720000 0.568333 0.020833 0.080000
3 0.638333 0.418333 0.007500 0.018333
2 0.646667 0.431667 0.009167 0.031667
3 0.491667 0.781667 0.009167 0.016667
3 0.345000 0.386667 0.013333 0.015000
2 0.663333 0.376667 0.011667 0.066667
2 0.681667 0.578333 0.097500 0.053333
2 0.623333 0.411667 0.020000 0.021667
3 0.308333 0.395000 0.013333 0.015000
2 0.448333 0.635000 0.009167 0.040000
2 0.550833 0.671667 0.023333 0.041667
2 0.800000 0.423333 0.027500 0.016667
2 0.230000 0.398333 0.022500 0.023333
2 0.743333 0.670000 0.010000 0.031667
2 0.511667 0.346667 0.019167 0.046667
3 0.655833 0.635000 0.007500 0.015000
3 0.159167 0.410000 0.007500 0.015000
3 0.266667 0.645000 0.010833 0.013333
3 0.383333 0.708333 0.013333 0.031667
2 0.437500 0.828333 0.009167 0.040000
3 0.591667 0.756667 0.007500 0.018333
2 0.466667 0.713333 0.019167 0.046667
3 0.616667 0.321667 0.010833 0.013333
2 0.573333 0.643333 0.020833 0.028333
2 0.279167 0.260000 0.034167 0.038333
2 0.754167 0.291667 0.009167 0.040000
2 0.624167 0.685000 0.021667 0.090000
3 0.805000 0.730000 0.006667 0.018333
3 0.525000 0.761667 0.008333 0.021667
2 0.318333 0.743333 0.015833 0.068333
2 0.335833 0.361667 0.048333 0.043333
2 0.745833 0.400000 0.034167 0.038333
3 0.723333 0.400000 0.009167 0.016667
3 0.327500 0.383333 0.006667 0.018333
3 0.620000 0.393333 0.010833 0.013333
3 0.522500 0.381667 0.009167 0.016667
3 0.428333 0.380000 0.008333 0.016667
3 0.510000 0.356667 0.011667 0.020000
2 0.695833 0.725000 0.022500 0.023333
2 0.418333 0.378333 0.023333 0.106667
3 0.495000 0.163333 0.009167 0.018333
2 0.352500 0.395000 0.009167 0.031667
2 0.647500 0.333333 0.027500 0.016667
2 0.483333 0.375000 0.017500 0.116667
2 0.480833 0.368333 0.010833 0.091667
3 0.457500 0.280000 0.008333 0.016667
3 0.610000 0.681667 0.013333 0.031667
2 0.714167 0.651667 0.017500 0.116667
3 0.672500 0.356667 0.007500 0.018333
3 0.799167 0.410000 0.009167 0.023333
2 0.295000 0.396667 0.048333 0.025000
2 0.711667 0.681667 0.011667 0.025000
3 0.695833 0.365000 0.010833 0.023333
2 0.520833 0.606667 0.020833 0.028333
2 0.303333 0.750000 0.029167 0.038333
2 0.294167 0.726667 0.029167 0.038333
2 0.336667 0.336667 0.021667 0.090000
2 0.690833 0.358333 0.034167 0.100000
2 0.429167 0.741667 0.014167 0.015000
2 0.584167 0.475000 0.010833 0.091667
3 0.730000 0.643333 0.008333 0.016667
3 0.776667 0.423333 0.008333 0.016667
3 0.204167 0.726667 0.007500 0.015000
3 0.610000 0.390000 0.007500 0.016667
3 0.763333 0.713333 0.010833 0.023333
2 0.302500 0.761667 0.013333 0.070000
2 0.415833 0.393333 0.048333 0.043333
2 0.730833 0.663333 0.048333 0.043333
2 0.761667 0.376667 0.009167 0.031667
2 0.718333 0.381667 0.097500 0.053333
2 0.384167 0.368333 0.058333 0.076667
3 0.453333 0.751667 0.013333 0.015000
2 0.726667 0.821667 0.026667 0.035000
3 0.560000 0.430000 0.013333 0.015000
3 0.432500 0.688333 0.015833 0.051667
3 0.269167 0.735000 0.010833 0.013333
2 0.287500 0.760000 0.019167 0.046667
3 0.287500 0.273333 0.017500 0.031667
3 0.423333 0.215000 0.007500 0.015000
2 0.440000 0.378333 0.023333 0.041667
3 0.676667 0.451667 0.009167 0.018333
3 0.723333 0.420000 0.014167 0.025000
3 0.656667 0.678333 0.007500 0.018333
3 0.626667 0.376667 0.007500 0.015000
3 0.640833 0.378333 0.010833 0.023333
2 0.735833 0.438333 0.034167 0.038333
2 0.634167 0.676667 0.020833 0.080000
3 0.739167 0.333333 0.006667 0.018333
2 0.379167 0.383333 0.023333 0.041667
3 0.802500 0.420000 0.013333 0.015000
2 0.781667 0.373333 0.010000 0.031667
2 0.793333 0.640000 0.027500 0.016667
2 0.679167 0.388333 0.020833 0.080000
3 0.678333 0.333333 0.007500 0.018333
3 0.580000 0.656667 0.013333 0.031667
2 0.335833 0.300000 0.017500 0.116667
3 0.489167 0.641667 0.007500 0.018333
3 0.261667 0.348333 0.014167 0.025000
2 0.562500 0.806667 0.021667 0.090000
2 0.547500 0.218333 0.020833 0.028333
2 0.385833 0.790000 0.045833 0.021667
2 0.533333 0.315000 0.030833 0.051667
3 0.604167 0.998333 0.011667 0.001667
2 0.753333 0.705000 0.010000 0.031667
2 0.715000 0.365000 0.030833 0.051667
2 0.689167 0.290000 0.029167 0.038333
2 0.722500 0.381667 0.020833 0.080000
2 0.403333 0.366667 0.048333 0.025000
3 0.785000 0.688333 0.010833 0.023333
2 0.522500 0.458333 0.013333 0.070000
3 0.405833 0.706667 0.010833 0.023333
2 0.768333 0.308333 0.011667 0.066667
2 0.315000 0.690000 0.058333 0.076667
2 0.673333 0.643333 0.058333 0.076667
3 0.615000 0.318333 0.014167 0.025000
3 0.698333 0.260000 0.009167 0.016667
2 0.717500 0.396667 0.097500 0.053333
3 0.300000 0.401667 0.014167 0.025000
3 0.642500 0.716667 0.011667 0.030000
3 0.540000 0.733333 0.008333 0.016667
2 0.771667 0.371667 0.013333 0.070000
2 0.806667 0.626667 0.023333 0.041667
3 0.745000 0.781667 0.011667 0.020000
2 0.617500 0.346667 0.034167 0.038333
2 0.387500 0.708333 0.048333 0.025000
2 0.620833 0.346667 0.017500 0.116667
2 0.470833 0.636667 0.011667 0.025000
2 0.299167 0.646667 0.097500 0.053333
2 0.416667 0.741667 0.034167 0.038333
2 0.405000 0.761667 0.010833 0.091667
2 0.589167 0.706667 0.035000 0.105000
3 0.627500 0.338333 0.013333 0.031667
3 0.665833 0.365000 0.008333 0.016667
2 0.679167 0.596667 0.020833 0.080000
3 0.409167 0.390000 0.008333 0.016667
3 0.551667 0.390000 0.007500 0.015000
3 0.532500 0.708333 0.007500 0.018333
2 0.317500 0.321667 0.011667 0.066667
3 0.630000 0.336667 0.008333 0.016667
2 0.520000 0.390000 0.034167 0.100000
2 0.617500 0.675000 0.014167 0.015000
2 0.379167 0.795000 0.010833 0.091667
3 0.613333 0.395000 0.013333 0.015000
2 0.237500 0.376667 0.013333 0.070000
2 0.661667 0.335000 0.097500 0.053333
2 0.684167 0.253333 0.015833 0.068333
2 0.316667 0.743333 0.019167 0.046667
2 0.396667 0.665000 0.020833 0.080000
3 0.815833 0.621667 0.010833 0.023333
2 0.775833 0.393333 0.029167 0.038333
3 0.647500 0.335000 0.007500 0.015000
2 0.777500 0.363333 0.030833 0.051667
3 0.507500 0.305000 0.007500 0.016667
2 0.552500 0.665000 0.017500 0.116667
2 0.640000 0.340000 0.020833 0.080000
3 0.784167 0.421667 0.017500 0.031667
2 0.449167 0.355000 0.026667 0.035000
3 0.736667 0.688333 0.010833 0.013333
3 0.775833 0.415000 0.009167 0.016667
3 0.690833 0.265000 0.014167 0.025000
3 0.736667 0.655000 0.008333 0.016667
2 0.464167 0.348333 0.020833 0.028333
3 0.520000 0.395000 0.007500 0.018333
3 0.461667 0.665000 0.007500 0.015000
2 0.452500 0.323333 0.013333 0.070000
2 0.539167 0.278333 0.013333 0.070000
