4 0.824167 0.506667 0.090833 0.075000
4 0.891667 0.495000 0.044167 0.073333
4 0.849167 0.563333 0.122500 0.063333
4 0.835833 0.496667 0.120833 0.106667
4 0.830833 0.621667 0.174167 0.186667
4 0.800833 0.546667 0.123333 0.176667
4 0.875833 0.485000 0.080000 0.086667
4 0.892500 0.535000 0.081667 0.078333
4 0.865833 0.471667 0.110833 0.108333
4 0.740833 0.401667 0.237500 0.251667
4 0.119167 0.473333 0.082500 0.161667
4 0.176667 0.461667 0.068333 0.035000
4 0.780833 0.588333 0.087500 0.041667
4 0.621667 0.615000 0.117500 0.166667
4 0.755833 0.541667 0.140833 0.060000
4 0.235833 0.538333 0.038333 0.063333
4 0.040833 0.475000 0.082500 0.176667
4 0.624167 0.555000 0.041667 0.088333
4 0.696667 0.488333 0.188333 0.061667
4 0.656667 0.506667 0.104167 0.111667
3 0.670833 0.575000 0.013333 0.015000
2 0.156667 0.616667 0.013333 0.070000
2 0.190833 0.510000 0.020833 0.080000
2 0.054167 0.545000 0.014167 0.015000
3 0.018333 0.520000 0.017500 0.031667
3 0.639167 0.481667 0.008333 0.016667
2 0.058333 0.483333 0.015833 0.068333
3 0.249167 0.591667 0.009167 0.015000
3 0.367500 0.475000 0.007500 0.018333
2 0.488333 0.565000 0.034167 0.100000
3 0.474167 0.570000 0.008333 0.016667
2 0.717500 0.530000 0.035000 0.105000
2 0.142500 0.450000 0.020000 0.021667
2 0.148333 0.411667 0.020833 0.080000
2 0.249167 0.543333 0.010000 0.031667
3 0.025833 0.558333 0.009167 0.016667
2 0.518333 0.570000 0.027500 0.016667
3 0.595000 0.458333 0.017500 0.031667
2 0.180833 0.526667 0.034167 0.100000
3 0.070000 0.505000 0.013333 0.031667
3 0.459167 0.550000 0.017500 0.031667
3 0.484167 0.465000 0.014167 0.025000
3 0.642500 0.468333 0.017500 0.031667
2 0.267500 0.463333 0.035000 0.105000
2 0.243333 0.575000 0.009167 0.040000
2 0.578333 0.505000 0.021667 0.090000
3 0.809167 0.535000 0.007500 0.018333
3 0.640833 0.501667 0.013333 0.015000
2 0.631667 0.536667 0.034167 0.100000
3 0.625833 0.551667 0.009167 0.015000
2 0.712500 0.545000 0.035000 0.105000
3 0.629167 0.540000 0.008333 0.016667
3 0.429167 0.556667 0.017500 0.031667
3 0.343333 0.568333 0.015833 0.051667
2 0.096667 0.568333 0.009167 0.031667
2 0.508333 0.528333 0.011667 0.066667
2 0.329167 0.503333 0.020833 0.028333
3 0.380833 0.533333 0.007500 0.018333
3 0.181667 0.471667 0.014167 0.025000
2 0.355000 0.515000 0.020833 0.028333
2 0.042500 0.591667 0.020833 0.080000
3 0.495000 0.446667 0.007500 0.015000
2 0.078333 0.515000 0.045833 0.021667
2 0.233333 0.456667 0.010000 0.031667
2 0.736667 0.463333 0.020833 0.028333
3 0.611667 0.530000 0.008333 0.016667
2 0.595000 0.460000 0.058333 0.076667
2 0.086667 0.600000 0.021667 0.090000
3 0.055833 0.568333 0.009167 0.018333
2 0.625000 0.461667 0.020833 0.028333
3 0.116667 0.523333 0.007500 0.018333
2 0.750000 0.468333 0.020833 0.028333
3 0.793333 0.481667 0.009167 0.023333
2 0.202500 0.593333 0.017500 0.116667
2 0.170000 0.488333 0.020833 0.080000
2 0.282500 0.531667 0.020833 0.028333
3 0.115000 0.470000 0.007500 0.015000
3 0.385000 0.535000 0.008333 0.021667
3 0.222500 0.608333 0.015833 0.051667
3 0.197500 0.535000 0.007500 0.015000
2 0.809167 0.566667 0.027500 0.016667
3 0.739167 0.558333 0.014167 0.025000
2 0.598333 0.560000 0.019167 0.046667
3 0.019167 0.491667 0.013333 0.015000
2 0.207500 0.501667 0.020833 0.080000
2 0.775000 0.545000 0.023333 0.041667
2 0.591667 0.478333 0.017500 0.116667
2 0.127500 0.506667 0.014167 0.015000
3 0.702500 0.460000 0.006667 0.018333
2 0.812500 0.540000 0.009167 0.040000
2 0.272500 0.458333 0.017500 0.116667
3 0.790833 0.568333 0.009167 0.016667
3 0.140000 0.480000 0.009167 0.015000
2 0.330833 0.566667 0.014167 0.015000
3 0.432500 0.523333 0.008333 0.016667
3 0.600000 0.583333 0.013333 0.015000
2 0.272500 0.445000 0.015833 0.068333
3 0.825000 0.351667 0.009167 0.016667
3 0.759167 0.545000 0.013333 0.031667
3 0.328333 0.475000 0.009167 0.016667
2 0.167500 0.548333 0.010833 0.091667
3 0.266667 0.555000 0.009167 0.016667
2 0.275833 0.406667 0.035000 0.105000
2 0.239167 0.525000 0.030833 0.051667
2 0.104167 0.611667 0.010833 0.091667
3 0.728333 0.473333 0.013333 0.031667
3 0.475000 0.566667 0.007500 0.018333
2 0.687500 0.501667 0.015833 0.068333
3 0.625833 0.563333 0.007500 0.018333
3 0.331667 0.625000 0.015833 0.051667
2 0.412500 0.485000 0.026667 0.035000
2 0.075833 0.453333 0.020000 0.021667
2 0.603333 0.470000 0.034167 0.038333
2 0.810000 0.478333 0.010000 0.031667
3 0.385833 0.483333 0.008333 0.016667
2 0.544167 0.560000 0.027500 0.016667
2 0.285000 0.460000 0.035000 0.105000
3 0.826667 0.578333 0.008333 0.016667
2 0.295000 0.435000 0.015833 0.068333
3 0.476667 0.533333 0.007500 0.018333
3 0.262500 0.595000 0.017500 0.031667
2 0.280000 0.608333 0.010833 0.091667
2 0.799167 0.388333 0.009167 0.040000
3 0.315833 0.715000 0.011667 0.020000
3 0.722500 0.616667 0.009167 0.023333
2 0.440833 0.801667 0.009167 0.031667
3 0.499167 0.668333 0.007500 0.016667
2 0.655000 0.416667 0.020833 0.080000
3 0.223333 0.308333 0.009167 0.023333
2 0.525000 0.998333 0.020833 0.001667
2 0.757500 0.373333 0.023333 0.106667
2 0.671667 0.323333 0.097500 0.053333
2 0.704167 0.346667 0.034167 0.038333
3 0.472500 0.360000 0.014167 0.025000
3 0.315833 0.685000 0.009167 0.018333
3 0.330833 0.390000 0.007500 0.015000
3 0.474167 0.316667 0.008333 0.021667
2 0.292500 0.356667 0.048333 0.025000
2 0.310833 0.666667 0.021667 0.090000
2 0.643333 0.615000 0.020833 0.028333
2 0.738333 0.743333 0.014167 0.015000
3 0.736667 0.338333 0.017500 0.031667
2 0.481667 0.790000 0.023333 0.041667
3 0.333333 0.401667 0.009167 0.023333
3 0.218333 0.663333 0.009167 0.015000
2 0.431667 0.331667 0.058333 0.076667
3 0.460833 0.710000 0.009167 0.023333
2 0.444167 0.741667 0.021667 0.090000
3 0.451667 0.785000 0.008333 0.016667
2 0.678333 0.373333 0.030833 0.051667
2 0.785833 0.328333 0.045833 0.021667
3 0.470833 0.356667 0.007500 0.015000
3 0.657500 0.336667 0.007500 0.015000
2 0.660833 0.310000 0.058333 0.076667
3 0.679167 0.668333 0.007500 0.016667
3 0.190833 0.650000 0.009167 0.016667
3 0.435833 0.848333 0.013333 0.031667
3 0.702500 0.636667 0.009167 0.016667
2 0.248333 0.728333 0.048333 0.043333
2 0.659167 0.386667 0.097500 0.053333
3 0.765000 0.393333 0.007500 0.015000
3 0.660833 0.446667 0.009167 0.016667
3 0.547500 0.630000 0.009167 0.016667
2 0.436667 0.378333 0.034167 0.100000
3 0.795833 0.623333 0.010833 0.023333
3 0.430000 0.750000 0.007500 0.015000
2 0.544167 0.248333 0.009167 0.031667
3 0.644167 0.366667 0.009167 0.023333
3 0.342500 0.645000 0.014167 0.025000
2 0.436667 0.645000 0.058333 0.076667
3 0.759167 0.296667 0.007500 0.018333
2 0.715000 0.381667 0.013333 0.070000
2 0.431667 0.820000 0.034167 0.038333
2 0.264167 0.253333 0.029167 0.038333
2 0.575000 0.735000 0.011667 0.025000
2 0.459167 0.603333 0.035000 0.105000
2 0.711667 0.648333 0.022500 0.023333
3 0.834167 0.418333 0.007500 0.016667
2 0.137500 0.636667 0.019167 0.046667
2 0.287500 0.711667 0.019167 0.046667
2 0.322500 0.286667 0.034167 0.038333
2 0.771667 0.396667 0.020833 0.028333
3 0.635833 0.438333 0.009167 0.016667
3 0.476667 0.168333 0.007500 0.018333
3 0.736667 0.696667 0.009167 0.016667
2 0.343333 0.746667 0.034167 0.038333
2 0.764167 0.363333 0.010000 0.031667
3 0.490000 0.296667 0.009167 0.016667
3 0.599167 0.331667 0.007500 0.018333
3 0.288333 0.765000 0.009167 0.015000
2 0.742500 0.688333 0.015833 0.068333
2 0.400833 0.710000 0.030833 0.051667
2 0.734167 0.293333 0.026667 0.035000
3 0.748333 0.603333 0.008333 0.016667
3 0.281667 0.640000 0.009167 0.018333
3 0.188333 0.400000 0.010833 0.023333
3 0.367500 0.643333 0.007500 0.015000
2 0.654167 0.401667 0.023333 0.041667
2 0.685833 0.340000 0.020833 0.080000
2 0.229167 0.408333 0.021667 0.090000
2 0.705000 0.770000 0.045833 0.021667
3 0.603333 0.328333 0.009167 0.016667
2 0.450000 0.653333 0.011667 0.066667
2 0.550833 0.663333 0.045833 0.021667
3 0.340000 0.715000 0.007500 0.018333
3 0.421667 0.406667 0.007500 0.015000
3 0.485833 0.861667 0.009167 0.016667
2 0.745000 0.685000 0.011667 0.066667
3 0.388333 0.641667 0.010000 0.016667
3 0.724167 0.416667 0.017500 0.031667
3 0.768333 0.315000 0.010833 0.023333
3 0.776667 0.613333 0.011667 0.030000
3 0.325833 0.656667 0.007500 0.015000
2 0.708333 0.376667 0.020000 0.021667
3 0.750000 0.606667 0.009167 0.015000
2 0.294167 0.300000 0.035000 0.105000
2 0.285833 0.695000 0.048333 0.025000
2 0.633333 0.601667 0.097500 0.053333
2 0.265833 0.816667 0.027500 0.016667
3 0.694167 0.638333 0.008333 0.016667
2 0.515000 0.360000 0.026667 0.035000
3 0.675833 0.346667 0.007500 0.018333
2 0.639167 0.408333 0.023333 0.041667
3 0.645000 0.396667 0.010833 0.013333
2 0.539167 0.363333 0.045833 0.021667
3 0.704167 0.326667 0.009167 0.016667
2 0.318333 0.716667 0.023333 0.041667
3 0.689167 0.351667 0.009167 0.015000
2 0.772500 0.366667 0.034167 0.100000
2 0.500833 0.353333 0.026667 0.035000
2 0.299167 0.345000 0.048333 0.025000
2 0.632500 0.431667 0.029167 0.038333
3 0.444167 0.720000 0.007500 0.016667
3 0.242500 0.705000 0.010833 0.023333
3 0.476667 0.303333 0.007500 0.016667
2 0.711667 0.340000 0.017500 0.116667
2 0.535000 0.335000 0.030833 0.051667
3 0.484167 0.786667 0.017500 0.031667
2 0.687500 0.621667 0.015833 0.068333
3 0.646667 0.421667 0.009167 0.018333
2 0.775000 0.638333 0.020833 0.028333
3 0.626667 0.378333 0.008333 0.016667
2 0.626667 0.416667 0.023333 0.041667
3 0.615000 0.650000 0.017500 0.031667
3 0.555000 0.705000 0.009167 0.016667
2 0.544167 0.628333 0.035000 0.105000
2 0.340000 0.676667 0.019167 0.046667
2 0.700000 0.705000 0.021667 0.090000
2 0.445833 0.873333 0.034167 0.038333
3 0.333333 0.760000 0.009167 0.023333
3 0.695000 0.341667 0.009167 0.015000
3 0.629167 0.373333 0.010833 0.013333
2 0.718333 0.618333 0.014167 0.015000
3 0.260833 0.363333 0.015833 0.051667
3 0.638333 0.388333 0.008333 0.016667
3 0.679167 0.636667 0.008333 0.016667
3 0.701667 0.646667 0.017500 0.031667
2 0.217500 0.631667 0.010000 0.031667
2 0.766667 0.626667 0.011667 0.066667
2 0.758333 0.681667 0.020833 0.080000
3 0.347500 0.355000 0.011667 0.030000
2 0.331667 0.698333 0.034167 0.100000
2 0.475000 0.303333 0.021667 0.090000
3 0.777500 0.660000 0.010833 0.013333
3 0.699167 0.298333 0.009167 0.016667
2 0.509167 0.405000 0.015833 0.068333
3 0.497500 0.670000 0.010833 0.023333
3 0.786667 0.406667 0.010000 0.016667
3 0.287500 0.411667 0.009167 0.016667
3 0.717500 0.356667 0.008333 0.016667
3 0.710833 0.343333 0.009167 0.015000
3 0.328333 0.683333 0.011667 0.030000
2 0.505000 0.306667 0.011667 0.066667
3 0.663333 0.338333 0.008333 0.016667
2 0.536667 0.248333 0.017500 0.116667
2 0.300000 0.745000 0.034167 0.100000
3 0.447500 0.370000 0.008333 0.016667
3 0.465833 0.371667 0.009167 0.015000
2 0.750833 0.360000 0.021667 0.090000
2 0.373333 0.365000 0.019167 0.046667
2 0.709167 0.216667 0.019167 0.046667
2 0.479167 0.696667 0.035000 0.105000
2 0.529167 0.470000 0.034167 0.100000
2 0.450833 0.110000 0.027500 0.016667
2 0.613333 0.306667 0.097500 0.053333
2 0.300833 0.793333 0.019167 0.046667
3 0.457500 0.221667 0.007500 0.015000
3 0.774167 0.416667 0.013333 0.031667
3 0.519167 0.396667 0.009167 0.016667
3 0.757500 0.371667 0.008333 0.016667
2 0.380833 0.645000 0.097500 0.053333
2 0.789167 0.638333 0.048333 0.043333
2 0.715833 0.353333 0.009167 0.031667
3 0.738333 0.691667 0.007500 0.015000
2 0.650833 0.666667 0.020000 0.021667
2 0.669167 0.378333 0.045833 0.021667
3 0.227500 0.600000 0.015833 0.051667
2 0.430833 0.855000 0.022500 0.023333
2 0.331667 0.741667 0.048333 0.025000
2 0.455000 0.828333 0.048333 0.025000
2 0.725000 0.285000 0.019167 0.046667
3 0.280833 0.436667 0.009167 0.016667
2 0.716667 0.423333 0.027500 0.016667
2 0.722500 0.581667 0.015833 0.068333
3 0.677500 0.340000 0.008333 0.016667
2 0.358333 0.673333 0.023333 0.106667
2 0.795833 0.763333 0.013333 0.070000
3 0.564167 0.666667 0.008333 0.021667
3 0.709167 0.446667 0.013333 0.015000
2 0.709167 0.231667 0.020000 0.021667
3 0.705000 0.720000 0.007500 0.016667
2 0.753333 0.420000 0.020833 0.080000
2 0.545000 0.680000 0.013333 0.070000
2 0.350000 0.433333 0.021667 0.090000
3 0.238333 0.758333 0.010833 0.013333
2 0.712500 0.341667 0.048333 0.043333
3 0.792500 0.420000 0.007500 0.018333
2 0.280833 0.435000 0.010000 0.031667
3 0.291667 0.291667 0.013333 0.031667
2 0.659167 0.270000 0.010000 0.031667
