4 0.869167 0.586667 0.055000 0.041667
4 0.836667 0.450000 0.099167 0.065000
4 0.825833 0.616667 0.041667 0.086667
4 0.796667 0.485000 0.099167 0.101667
4 0.795833 0.585000 0.099167 0.123333
4 0.802500 0.383333 0.142500 0.063333
4 0.885000 0.500000 0.098333 0.045000
4 0.904167 0.556667 0.050833 0.038333
4 0.831667 0.401667 0.034167 0.076667
4 0.750833 0.643333 0.211667 0.130000
4 0.721667 0.591667 0.161667 0.150000
4 0.561667 0.510000 0.063333 0.023333
4 0.078333 0.533333 0.023333 0.061667
4 0.131667 0.505000 0.085833 0.021667
4 0.036667 0.411667 0.074167 0.285000
4 0.070000 0.621667 0.070000 0.165000
4 0.652500 0.503333 0.121667 0.140000
4 0.410000 0.536667 0.051667 0.023333
4 0.181667 0.403333 0.161667 0.258333
4 0.061667 0.710000 0.124167 0.318333
3 0.030000 0.513333 0.010833 0.013333
3 0.619167 0.521667 0.007500 0.015000
3 0.797500 0.558333 0.017500 0.031667
3 0.436667 0.585000 0.010000 0.016667
3 0.376667 0.526667 0.010000 0.016667
2 0.737500 0.466667 0.014167 0.015000
3 0.356667 0.493333 0.010833 0.023333
3 0.428333 0.521667 0.013333 0.031667
2 0.050833 0.453333 0.035000 0.105000
3 0.673333 0.543333 0.009167 0.015000
3 0.491667 0.533333 0.013333 0.015000
2 0.531667 0.550000 0.010833 0.091667
3 0.749167 0.480000 0.008333 0.016667
3 0.177500 0.470000 0.010833 0.013333
3 0.115833 0.485000 0.011667 0.030000
2 0.290000 0.578333 0.020833 0.028333
3 0.504167 0.523333 0.008333 0.016667
3 0.190000 0.450000 0.008333 0.016667
2 0.115000 0.505000 0.009167 0.031667
2 0.507500 0.485000 0.034167 0.038333
2 0.749167 0.541667 0.026667 0.035000
2 0.239167 0.580000 0.010000 0.031667
3 0.823333 0.608333 0.014167 0.025000
3 0.601667 0.491667 0.010833 0.013333
3 0.320833 0.445000 0.009167 0.016667
2 0.238333 0.601667 0.020833 0.080000
2 0.271667 0.543333 0.048333 0.025000
2 0.075000 0.468333 0.015833 0.068333
3 0.737500 0.540000 0.008333 0.016667
2 0.752500 0.481667 0.023333 0.041667
3 0.480833 0.491667 0.009167 0.023333
2 0.196667 0.470000 0.029167 0.038333
2 0.292500 0.521667 0.020833 0.080000
3 0.463333 0.476667 0.009167 0.016667
2 0.604167 0.596667 0.048333 0.043333
2 0.816667 0.536667 0.020833 0.028333
3 0.601667 0.486667 0.009167 0.016667
2 0.530000 0.568333 0.034167 0.100000
2 0.703333 0.471667 0.048333 0.043333
3 0.774167 0.475000 0.009167 0.023333
3 0.534167 0.536667 0.013333 0.015000
3 0.271667 0.563333 0.007500 0.018333
3 0.191667 0.595000 0.009167 0.018333
2 0.180833 0.560000 0.009167 0.040000
2 0.274167 0.590000 0.048333 0.043333
3 0.502500 0.548333 0.009167 0.016667
2 0.574167 0.501667 0.023333 0.041667
3 0.513333 0.481667 0.009167 0.016667
3 0.302500 0.505000 0.007500 0.018333
2 0.340833 0.528333 0.027500 0.016667
3 0.115833 0.560000 0.013333 0.031667
2 0.616667 0.580000 0.020833 0.080000
3 0.362500 0.561667 0.014167 0.025000
3 0.565833 0.506667 0.006667 0.018333
2 0.223333 0.533333 0.017500 0.116667
2 0.397500 0.545000 0.026667 0.035000
3 0.651667 0.480000 0.007500 0.015000
3 0.720000 0.575000 0.010833 0.023333
2 0.291667 0.466667 0.035000 0.105000
3 0.118333 0.470000 0.009167 0.016667
2 0.584167 0.565000 0.022500 0.023333
2 0.289167 0.535000 0.020833 0.028333
3 0.451667 0.498333 0.008333 0.016667
3 0.442500 0.545000 0.007500 0.016667
2 0.225833 0.556667 0.034167 0.100000
3 0.242500 0.591667 0.011667 0.030000
3 0.492500 0.536667 0.006667 0.018333
3 0.475000 0.485000 0.013333 0.031667
3 0.440833 0.615000 0.010833 0.023333
2 0.139167 0.493333 0.023333 0.106667
2 0.730833 0.580000 0.010000 0.031667
2 0.424167 0.391667 0.097500 0.053333
3 0.236667 0.518333 0.009167 0.016667
2 0.156667 0.543333 0.015833 0.068333
2 0.120833 0.595000 0.034167 0.100000
3 0.460000 0.496667 0.008333 0.016667
2 0.811667 0.510000 0.020000 0.021667
2 0.265000 0.575000 0.048333 0.043333
3 0.325000 0.528333 0.010000 0.016667
2 0.745000 0.495000 0.023333 0.106667
2 0.570833 0.583333 0.022500 0.023333
2 0.206667 0.426667 0.009167 0.040000
2 0.723333 0.563333 0.026667 0.035000
3 0.586667 0.578333 0.007500 0.015000
2 0.416667 0.468333 0.014167 0.015000
2 0.328333 0.595000 0.011667 0.066667
2 0.637500 0.570000 0.048333 0.043333
3 0.282500 0.500000 0.009167 0.018333
3 0.320000 0.561667 0.007500 0.018333
2 0.262500 0.535000 0.030833 0.051667
2 0.762500 0.510000 0.035000 0.105000
3 0.429167 0.503333 0.009167 0.018333
3 0.538333 0.571667 0.009167 0.016667
3 0.793333 0.570000 0.007500 0.018333
2 0.500000 0.486667 0.017500 0.116667
2 0.644167 0.583333 0.023333 0.041667
3 0.162500 0.600000 0.010833 0.013333
2 0.725833 0.481667 0.009167 0.040000
2 0.589167 0.525000 0.020833 0.080000
2 0.819167 0.473333 0.020833 0.028333
3 0.817500 0.511667 0.008333 0.016667
2 0.050000 0.495000 0.048333 0.043333
2 0.488333 0.315000 0.017500 0.116667
2 0.767500 0.591667 0.017500 0.116667
3 0.561667 0.280000 0.008333 0.021667
2 0.233333 0.848333 0.020833 0.080000
2 0.510000 0.336667 0.097500 0.053333
3 0.770833 0.366667 0.008333 0.021667
3 0.665833 0.398333 0.006667 0.018333
3 0.583333 0.643333 0.008333 0.016667
2 0.388333 0.736667 0.009167 0.040000
3 0.675000 0.676667 0.007500 0.018333
3 0.660833 0.406667 0.006667 0.018333
3 0.687500 0.610000 0.011667 0.030000
3 0.423333 0.371667 0.013333 0.031667
2 0.240833 0.741667 0.014167 0.015000
3 0.496667 0.253333 0.010833 0.013333
3 0.367500 0.295000 0.009167 0.023333
2 0.671667 0.438333 0.034167 0.100000
2 0.777500 0.401667 0.023333 0.106667
2 0.521667 0.716667 0.027500 0.016667
2 0.447500 0.263333 0.048333 0.025000
2 0.477500 0.221667 0.010000 0.031667
3 0.545000 0.685000 0.011667 0.020000
3 0.474167 0.803333 0.013333 0.015000
2 0.773333 0.713333 0.034167 0.100000
2 0.230833 0.695000 0.034167 0.038333
3 0.365833 0.433333 0.013333 0.031667
2 0.280000 0.153333 0.021667 0.090000
3 0.323333 0.176667 0.007500 0.018333
3 0.530000 0.390000 0.008333 0.016667
2 0.441667 0.746667 0.035000 0.105000
2 0.490833 0.293333 0.048333 0.025000
3 0.415000 0.748333 0.009167 0.016667
2 0.702500 0.456667 0.013333 0.070000
2 0.695833 0.693333 0.009167 0.040000
2 0.768333 0.691667 0.029167 0.038333
3 0.575000 0.405000 0.008333 0.021667
2 0.773333 0.595000 0.034167 0.038333
2 0.720000 0.331667 0.019167 0.046667
2 0.622500 0.691667 0.010833 0.091667
3 0.776667 0.710000 0.007500 0.015000
2 0.745833 0.695000 0.045833 0.021667
3 0.704167 0.425000 0.009167 0.016667
2 0.309167 0.701667 0.010000 0.031667
3 0.685833 0.278333 0.007500 0.015000
3 0.785000 0.340000 0.009167 0.018333
2 0.346667 0.308333 0.020000 0.021667
3 0.700000 0.398333 0.013333 0.031667
2 0.775833 0.361667 0.010000 0.031667
2 0.335833 0.720000 0.027500 0.016667
2 0.645000 0.685000 0.020833 0.080000
3 0.572500 0.718333 0.007500 0.018333
3 0.348333 0.686667 0.009167 0.023333
2 0.314167 0.636667 0.014167 0.015000
2 0.425000 0.321667 0.029167 0.038333
2 0.295000 0.236667 0.048333 0.025000
2 0.683333 0.306667 0.020833 0.080000
2 0.789167 0.420000 0.017500 0.116667
2 0.610833 0.673333 0.011667 0.025000
3 0.658333 0.326667 0.007500 0.018333
2 0.506667 0.386667 0.034167 0.038333
2 0.445000 0.731667 0.026667 0.035000
2 0.554167 0.998333 0.011667 0.001667
2 0.395000 0.818333 0.058333 0.076667
3 0.705833 0.725000 0.009167 0.016667
2 0.635000 0.418333 0.011667 0.066667
2 0.295000 0.660000 0.009167 0.040000
3 0.455833 0.353333 0.009167 0.016667
2 0.636667 0.335000 0.026667 0.035000
2 0.663333 0.433333 0.010833 0.091667
2 0.391667 0.330000 0.019167 0.046667
3 0.629167 0.413333 0.007500 0.016667
2 0.248333 0.366667 0.034167 0.038333
2 0.530833 0.415000 0.048333 0.043333
3 0.604167 0.328333 0.008333 0.016667
2 0.790833 0.390000 0.026667 0.035000
3 0.739167 0.333333 0.006667 0.018333
3 0.311667 0.208333 0.013333 0.031667
2 0.248333 0.686667 0.009167 0.031667
2 0.169167 0.365000 0.011667 0.066667
2 0.675000 0.418333 0.027500 0.016667
3 0.270000 0.736667 0.009167 0.015000
3 0.441667 0.318333 0.013333 0.015000
3 0.776667 0.703333 0.010000 0.020000
2 0.705000 0.358333 0.058333 0.076667
3 0.462500 0.661667 0.008333 0.016667
2 0.775833 0.401667 0.020833 0.080000
2 0.430000 0.376667 0.020000 0.021667
3 0.655833 0.680000 0.009167 0.016667
2 0.530000 0.430000 0.013333 0.070000
2 0.682500 0.720000 0.034167 0.038333
3 0.735000 0.725000 0.008333 0.021667
3 0.525000 0.356667 0.009167 0.015000
2 0.693333 0.660000 0.019167 0.046667
2 0.345000 0.361667 0.021667 0.090000
2 0.220000 0.356667 0.020833 0.080000
2 0.754167 0.671667 0.048333 0.043333
2 0.375833 0.340000 0.015833 0.068333
2 0.731667 0.715000 0.013333 0.070000
3 0.662500 0.381667 0.007500 0.015000
3 0.741667 0.280000 0.010833 0.013333
2 0.690000 0.293333 0.030833 0.051667
3 0.760833 0.373333 0.009167 0.016667
3 0.558333 0.670000 0.006667 0.018333
3 0.360000 0.720000 0.010833 0.023333
3 0.626667 0.375000 0.007500 0.015000
2 0.516667 0.388333 0.019167 0.046667
2 0.516667 0.426667 0.030833 0.051667
3 0.704167 0.425000 0.017500 0.031667
3 0.726667 0.408333 0.008333 0.021667
2 0.701667 0.698333 0.013333 0.070000
3 0.757500 0.413333 0.011667 0.030000
3 0.749167 0.446667 0.008333 0.016667
2 0.790833 0.330000 0.035000 0.105000
2 0.471667 0.771667 0.021667 0.090000
3 0.730000 0.380000 0.008333 0.016667
2 0.274167 0.813333 0.034167 0.038333
2 0.770000 0.313333 0.020833 0.028333
3 0.474167 0.823333 0.009167 0.015000
2 0.340833 0.430000 0.034167 0.100000
3 0.734167 0.585000 0.007500 0.015000
3 0.475833 0.221667 0.013333 0.015000
3 0.288333 0.766667 0.009167 0.018333
2 0.449167 0.333333 0.009167 0.040000
3 0.785833 0.338333 0.007500 0.015000
3 0.650000 0.623333 0.007500 0.015000
2 0.805833 0.728333 0.023333 0.041667
3 0.285833 0.263333 0.010833 0.023333
2 0.324167 0.698333 0.009167 0.031667
3 0.280000 0.653333 0.010000 0.016667
3 0.624167 0.346667 0.008333 0.021667
3 0.689167 0.383333 0.010833 0.013333
3 0.565833 0.383333 0.010833 0.023333
3 0.261667 0.730000 0.008333 0.016667
3 0.560833 0.436667 0.011667 0.030000
2 0.578333 0.688333 0.010833 0.091667
2 0.581667 0.426667 0.011667 0.025000
2 0.810833 0.423333 0.023333 0.106667
2 0.480833 0.640000 0.011667 0.025000
2 0.649167 0.371667 0.034167 0.100000
3 0.727500 0.641667 0.008333 0.016667
3 0.765000 0.720000 0.009167 0.016667
3 0.690833 0.660000 0.010833 0.023333
2 0.641667 0.325000 0.034167 0.038333
2 0.546667 0.333333 0.034167 0.038333
2 0.755833 0.626667 0.015833 0.068333
3 0.600000 0.706667 0.009167 0.016667
2 0.205833 0.713333 0.034167 0.100000
3 0.310833 0.651667 0.015833 0.051667
2 0.748333 0.386667 0.048333 0.025000
2 0.315000 0.768333 0.023333 0.106667
3 0.643333 0.326667 0.013333 0.031667
2 0.533333 0.725000 0.020833 0.028333
2 0.286667 0.708333 0.014167 0.015000
3 0.511667 0.355000 0.007500 0.016667
2 0.560833 0.745000 0.020000 0.021667
2 0.485000 0.706667 0.013333 0.070000
2 0.422500 0.321667 0.034167 0.038333
2 0.544167 0.650000 0.010000 0.031667
3 0.564167 0.441667 0.010000 0.016667
3 0.697500 0.305000 0.010833 0.013333
2 0.280000 0.835000 0.010000 0.031667
3 0.321667 0.715000 0.007500 0.015000
3 0.295833 0.283333 0.007500 0.016667
3 0.606667 0.660000 0.007500 0.016667
2 0.711667 0.340000 0.017500 0.116667
3 0.754167 0.611667 0.009167 0.023333
3 0.392500 0.775000 0.008333 0.021667
2 0.575833 0.760000 0.023333 0.106667
2 0.705833 0.690000 0.010000 0.031667
3 0.375833 0.318333 0.010000 0.016667
2 0.492500 0.298333 0.020833 0.080000
3 0.487500 0.276667 0.007500 0.018333
2 0.300000 0.396667 0.014167 0.015000
2 0.543333 0.615000 0.011667 0.025000
2 0.694167 0.646667 0.015833 0.068333
2 0.724167 0.726667 0.022500 0.023333
3 0.288333 0.320000 0.008333 0.016667
3 0.484167 0.826667 0.007500 0.015000
3 0.764167 0.626667 0.015833 0.051667
3 0.225000 0.655000 0.014167 0.025000
3 0.312500 0.373333 0.009167 0.018333
3 0.645833 0.355000 0.009167 0.016667
2 0.327500 0.663333 0.034167 0.038333
2 0.440000 0.773333 0.010833 0.091667
2 0.755000 0.408333 0.048333 0.025000
3 0.270000 0.653333 0.009167 0.016667
2 0.332500 0.683333 0.035000 0.105000
2 0.385000 0.721667 0.013333 0.070000
2 0.717500 0.623333 0.026667 0.035000
2 0.438333 0.776667 0.034167 0.038333
3 0.724167 0.795000 0.010833 0.023333
2 0.754167 0.643333 0.058333 0.076667
2 0.677500 0.420000 0.023333 0.106667
2 0.653333 0.375000 0.011667 0.025000
3 0.755000 0.386667 0.007500 0.018333
3 0.456667 0.203333 0.007500 0.015000
2 0.721667 0.441667 0.010000 0.031667
2 0.341667 0.661667 0.013333 0.070000
