4 0.814167 0.483333 0.126667 0.130000
4 0.874167 0.581667 0.065000 0.050000
4 0.830000 0.345000 0.086667 0.093333
4 0.820000 0.485000 0.100000 0.071667
4 0.838333 0.471667 0.134167 0.260000
4 0.819167 0.476667 0.078333 0.113333
4 0.700833 0.641667 0.364167 0.161667
4 0.865833 0.538333 0.070000 0.100000
4 0.830833 0.518333 0.051667 0.090000
4 0.796667 0.540000 0.085833 0.040000
4 0.712500 0.485000 0.046667 0.023333
4 0.052500 0.545000 0.081667 0.106667
4 0.661667 0.465000 0.137500 0.111667
4 0.695000 0.458333 0.073333 0.080000
4 0.535000 0.523333 0.163333 0.063333
4 0.198333 0.471667 0.092500 0.180000
4 0.030833 0.595000 0.062500 0.111667
4 0.466667 0.745000 0.162500 0.398333
4 0.460833 0.515000 0.040833 0.071667
4 0.341667 0.590000 0.073333 0.090000
3 0.348333 0.493333 0.010833 0.023333
3 0.733333 0.566667 0.007500 0.015000
3 0.695833 0.521667 0.017500 0.031667
2 0.692500 0.495000 0.023333 0.041667
2 0.690833 0.535000 0.020833 0.028333
2 0.551667 0.590000 0.013333 0.070000
3 0.678333 0.505000 0.010833 0.013333
3 0.095833 0.466667 0.007500 0.018333
3 0.445833 0.603333 0.007500 0.015000
2 0.454167 0.563333 0.020833 0.028333
2 0.137500 0.486667 0.011667 0.025000
2 0.635833 0.598333 0.023333 0.106667
3 0.534167 0.580000 0.010833 0.013333
3 0.490000 0.430000 0.008333 0.016667
2 0.561667 0.581667 0.010833 0.091667
2 0.255000 0.536667 0.029167 0.038333
3 0.146667 0.463333 0.011667 0.030000
3 0.401667 0.580000 0.007500 0.016667
3 0.612500 0.585000 0.008333 0.016667
2 0.568333 0.521667 0.022500 0.023333
3 0.515000 0.533333 0.015833 0.051667
2 0.330833 0.471667 0.048333 0.043333
2 0.212500 0.440000 0.034167 0.038333
3 0.635000 0.468333 0.007500 0.018333
2 0.435833 0.516667 0.014167 0.015000
2 0.387500 0.558333 0.022500 0.023333
3 0.588333 0.576667 0.009167 0.016667
2 0.180000 0.488333 0.010833 0.091667
3 0.341667 0.511667 0.008333 0.016667
3 0.695000 0.501667 0.008333 0.016667
3 0.331667 0.555000 0.010000 0.020000
3 0.807500 0.506667 0.010833 0.023333
2 0.601667 0.583333 0.011667 0.025000
2 0.747500 0.461667 0.009167 0.031667
2 0.111667 0.576667 0.020000 0.021667
2 0.264167 0.538333 0.015833 0.068333
2 0.624167 0.560000 0.015833 0.068333
2 0.185833 0.523333 0.026667 0.035000
2 0.560833 0.578333 0.097500 0.053333
2 0.125833 0.496667 0.020833 0.080000
3 0.480000 0.498333 0.010833 0.023333
3 0.736667 0.560000 0.010833 0.013333
2 0.019167 0.491667 0.017500 0.116667
3 0.039167 0.493333 0.017500 0.031667
2 0.576667 0.545000 0.048333 0.043333
3 0.472500 0.448333 0.007500 0.015000
2 0.399167 0.506667 0.020833 0.028333
2 0.464167 0.595000 0.010833 0.091667
2 0.689167 0.535000 0.097500 0.053333
2 0.587500 0.593333 0.023333 0.106667
3 0.379167 0.525000 0.014167 0.025000
2 0.551667 0.500000 0.020000 0.021667
2 0.527500 0.488333 0.020833 0.080000
3 0.638333 0.555000 0.011667 0.030000
2 0.615833 0.480000 0.009167 0.031667
2 0.070000 0.555000 0.014167 0.015000
2 0.231667 0.500000 0.021667 0.090000
2 0.356667 0.478333 0.017500 0.116667
2 0.608333 0.545000 0.015833 0.068333
3 0.075000 0.593333 0.009167 0.023333
2 0.525000 0.573333 0.027500 0.016667
2 0.559167 0.603333 0.020833 0.080000
2 0.684167 0.518333 0.027500 0.016667
3 0.422500 0.551667 0.010000 0.020000
2 0.464167 0.531667 0.020833 0.080000
3 0.380000 0.551667 0.008333 0.016667
3 0.805000 0.511667 0.009167 0.018333
2 0.537500 0.623333 0.013333 0.070000
2 0.645833 0.513333 0.010000 0.031667
3 0.495000 0.453333 0.007500 0.015000
2 0.471667 0.465000 0.035000 0.105000
2 0.622500 0.641667 0.013333 0.070000
2 0.493333 0.510000 0.020833 0.028333
3 0.496667 0.508333 0.010000 0.020000
3 0.090833 0.506667 0.017500 0.031667
3 0.300000 0.481667 0.006667 0.018333
2 0.621667 0.483333 0.045833 0.021667
2 0.215833 0.573333 0.045833 0.021667
2 0.476667 0.426667 0.011667 0.025000
2 0.430833 0.520000 0.020833 0.028333
2 0.203333 0.438333 0.058333 0.076667
2 0.155000 0.445000 0.029167 0.038333
2 0.380833 0.490000 0.019167 0.046667
3 0.620833 0.551667 0.010000 0.020000
2 0.714167 0.598333 0.021667 0.090000
2 0.775833 0.418333 0.035000 0.105000
3 0.545833 0.526667 0.013333 0.015000
3 0.798333 0.551667 0.010833 0.013333
2 0.140833 0.521667 0.011667 0.066667
3 0.765000 0.550000 0.007500 0.015000
3 0.179167 0.525000 0.007500 0.016667
3 0.161667 0.571667 0.007500 0.018333
2 0.565833 0.480000 0.023333 0.041667
2 0.350833 0.556667 0.034167 0.038333
2 0.395833 0.576667 0.015833 0.068333
2 0.422500 0.483333 0.058333 0.076667
2 0.663333 0.581667 0.010000 0.031667
3 0.551667 0.565000 0.010833 0.023333
3 0.674167 0.578333 0.010833 0.013333
2 0.310833 0.458333 0.045833 0.021667
2 0.641667 0.518333 0.026667 0.035000
3 0.661667 0.491667 0.011667 0.020000
2 0.669167 0.395000 0.027500 0.016667
2 0.307500 0.440000 0.020833 0.080000
3 0.625833 0.366667 0.008333 0.016667
3 0.464167 0.311667 0.008333 0.016667
3 0.302500 0.408333 0.010000 0.016667
2 0.623333 0.390000 0.021667 0.090000
2 0.620000 0.648333 0.029167 0.038333
2 0.517500 0.871667 0.013333 0.070000
3 0.308333 0.405000 0.006667 0.018333
3 0.733333 0.656667 0.007500 0.016667
2 0.790833 0.421667 0.010000 0.031667
2 0.300000 0.348333 0.022500 0.023333
3 0.465833 0.331667 0.009167 0.016667
3 0.410833 0.680000 0.007500 0.018333
2 0.659167 0.401667 0.011667 0.066667
2 0.770000 0.710000 0.026667 0.035000
3 0.775000 0.405000 0.007500 0.015000
3 0.722500 0.625000 0.017500 0.031667
2 0.816667 0.671667 0.020833 0.080000
2 0.485000 0.788333 0.010833 0.091667
2 0.255000 0.191667 0.034167 0.038333
2 0.813333 0.406667 0.026667 0.035000
2 0.520833 0.243333 0.035000 0.105000
2 0.787500 0.323333 0.011667 0.066667
2 0.258333 0.645000 0.027500 0.016667
3 0.675833 0.720000 0.007500 0.018333
3 0.766667 0.638333 0.007500 0.015000
2 0.671667 0.633333 0.010000 0.031667
3 0.287500 0.263333 0.008333 0.016667
2 0.574167 0.443333 0.026667 0.035000
2 0.612500 0.325000 0.035000 0.105000
2 0.205000 0.593333 0.035000 0.105000
2 0.255833 0.425000 0.020833 0.080000
2 0.666667 0.641667 0.030833 0.051667
2 0.029167 0.598333 0.010000 0.031667
2 0.422500 0.345000 0.010000 0.031667
2 0.740000 0.781667 0.010833 0.091667
2 0.807500 0.588333 0.020833 0.080000
3 0.652500 0.446667 0.010833 0.023333
2 0.460000 0.873333 0.009167 0.031667
3 0.344167 0.748333 0.008333 0.016667
3 0.658333 0.356667 0.007500 0.015000
3 0.445000 0.670000 0.007500 0.015000
2 0.341667 0.885000 0.010833 0.091667
3 0.630833 0.381667 0.009167 0.015000
2 0.256667 0.400000 0.026667 0.035000
2 0.666667 0.335000 0.035000 0.105000
3 0.403333 0.715000 0.013333 0.031667
3 0.650000 0.443333 0.007500 0.015000
2 0.456667 0.821667 0.026667 0.035000
2 0.295833 0.300000 0.034167 0.038333
2 0.553333 0.455000 0.021667 0.090000
2 0.721667 0.355000 0.058333 0.076667
3 0.343333 0.691667 0.013333 0.015000
2 0.533333 0.383333 0.014167 0.015000
3 0.324167 0.766667 0.009167 0.023333
3 0.515000 0.310000 0.010000 0.016667
2 0.681667 0.325000 0.097500 0.053333
3 0.455000 0.788333 0.008333 0.016667
3 0.274167 0.413333 0.009167 0.016667
3 0.325833 0.663333 0.008333 0.021667
2 0.724167 0.451667 0.022500 0.023333
3 0.813333 0.711667 0.007500 0.016667
3 0.221667 0.761667 0.014167 0.025000
3 0.230833 0.591667 0.010000 0.020000
3 0.708333 0.441667 0.014167 0.025000
3 0.771667 0.326667 0.008333 0.021667
3 0.388333 0.366667 0.007500 0.018333
2 0.475000 0.808333 0.011667 0.025000
3 0.309167 0.713333 0.007500 0.016667
2 0.730000 0.398333 0.010833 0.091667
2 0.258333 0.693333 0.029167 0.038333
3 0.385000 0.706667 0.010000 0.016667
3 0.478333 0.340000 0.015833 0.051667
3 0.726667 0.673333 0.010833 0.023333
2 0.761667 0.316667 0.011667 0.066667
2 0.516667 0.415000 0.009167 0.031667
3 0.652500 0.418333 0.008333 0.016667
2 0.362500 0.638333 0.015833 0.068333
2 0.761667 0.703333 0.023333 0.041667
2 0.565000 0.783333 0.010833 0.091667
2 0.512500 0.233333 0.020833 0.080000
2 0.791667 0.716667 0.020000 0.021667
2 0.630000 0.351667 0.058333 0.076667
3 0.647500 0.661667 0.015833 0.051667
3 0.219167 0.688333 0.008333 0.016667
3 0.525833 0.400000 0.008333 0.021667
3 0.635000 0.358333 0.017500 0.031667
2 0.790833 0.421667 0.014167 0.015000
3 0.510833 0.195000 0.013333 0.015000
3 0.520000 0.663333 0.007500 0.016667
3 0.441667 0.891667 0.010833 0.013333
3 0.741667 0.333333 0.007500 0.015000
3 0.444167 0.805000 0.006667 0.018333
3 0.675833 0.426667 0.008333 0.016667
2 0.775833 0.740000 0.010833 0.091667
3 0.716667 0.370000 0.013333 0.031667
3 0.694167 0.713333 0.013333 0.031667
3 0.735000 0.413333 0.010000 0.016667
2 0.787500 0.391667 0.014167 0.015000
2 0.455833 0.110000 0.017500 0.116667
2 0.440000 0.686667 0.026667 0.035000
2 0.585833 0.360000 0.045833 0.021667
2 0.345833 0.731667 0.035000 0.105000
3 0.435000 0.380000 0.009167 0.016667
3 0.683333 0.426667 0.011667 0.030000
3 0.624167 0.655000 0.008333 0.016667
3 0.193333 0.393333 0.009167 0.016667
3 0.559167 0.343333 0.009167 0.016667
2 0.761667 0.630000 0.034167 0.100000
3 0.707500 0.685000 0.010833 0.023333
3 0.617500 0.371667 0.010833 0.023333
2 0.152500 0.381667 0.020833 0.080000
2 0.552500 0.678333 0.014167 0.015000
3 0.676667 0.340000 0.009167 0.016667
2 0.466667 0.320000 0.023333 0.106667
3 0.742500 0.668333 0.010833 0.013333
3 0.513333 0.195000 0.007500 0.015000
3 0.732500 0.266667 0.011667 0.030000
3 0.641667 0.623333 0.017500 0.031667
2 0.733333 0.435000 0.010833 0.091667
2 0.239167 0.350000 0.011667 0.066667
2 0.793333 0.658333 0.034167 0.100000
2 0.305833 0.346667 0.014167 0.015000
2 0.777500 0.370000 0.010833 0.091667
2 0.720000 0.640000 0.027500 0.016667
3 0.710833 0.363333 0.007500 0.015000
3 0.676667 0.723333 0.009167 0.016667
3 0.482500 0.325000 0.017500 0.031667
2 0.755000 0.278333 0.015833 0.068333
3 0.569167 0.780000 0.008333 0.016667
3 0.726667 0.426667 0.007500 0.016667
2 0.423333 0.745000 0.020833 0.028333
3 0.750000 0.665000 0.017500 0.031667
2 0.690833 0.671667 0.023333 0.041667
2 0.749167 0.608333 0.027500 0.016667
3 0.711667 0.440000 0.011667 0.020000
2 0.625000 0.251667 0.097500 0.053333
2 0.504167 0.730000 0.020833 0.028333
3 0.775000 0.341667 0.015833 0.051667
3 0.423333 0.751667 0.007500 0.015000
2 0.428333 0.695000 0.020833 0.080000
2 0.367500 0.290000 0.010000 0.031667
3 0.270833 0.323333 0.013333 0.031667
3 0.638333 0.390000 0.008333 0.016667
2 0.480000 0.283333 0.023333 0.106667
3 0.568333 0.778333 0.009167 0.018333
3 0.310000 0.396667 0.010000 0.016667
2 0.658333 0.696667 0.097500 0.053333
3 0.775833 0.715000 0.009167 0.023333
3 0.526667 0.408333 0.010833 0.023333
3 0.540833 0.408333 0.008333 0.016667
2 0.517500 0.378333 0.045833 0.021667
3 0.789167 0.333333 0.009167 0.023333
2 0.746667 0.706667 0.029167 0.038333
3 0.286667 0.408333 0.017500 0.031667
3 0.455833 0.641667 0.007500 0.015000
2 0.526667 0.690000 0.019167 0.046667
2 0.399167 0.646667 0.011667 0.025000
2 0.427500 0.733333 0.022500 0.023333
2 0.726667 0.580000 0.011667 0.066667
3 0.236667 0.390000 0.010000 0.020000
3 0.322500 0.176667 0.009167 0.016667
3 0.306667 0.810000 0.007500 0.015000
3 0.429167 0.381667 0.006667 0.018333
2 0.506667 0.871667 0.034167 0.100000
3 0.280833 0.653333 0.007500 0.015000
2 0.386667 0.728333 0.048333 0.025000
2 0.492500 0.713333 0.014167 0.015000
2 0.447500 0.421667 0.020833 0.080000
3 0.658333 0.368333 0.007500 0.015000
2 0.311667 0.275000 0.048333 0.025000
2 0.294167 0.701667 0.017500 0.116667
2 0.303333 0.625000 0.009167 0.040000
2 0.636667 0.366667 0.027500 0.016667
2 0.587500 0.350000 0.030833 0.051667
3 0.322500 0.696667 0.008333 0.016667
2 0.626667 0.400000 0.009167 0.031667
3 0.651667 0.408333 0.014167 0.025000
3 0.791667 0.721667 0.007500 0.015000
3 0.764167 0.406667 0.008333 0.016667
3 0.441667 0.900000 0.011667 0.030000
3 0.338333 0.335000 0.008333 0.016667
3 0.589167 0.340000 0.013333 0.031667
3 0.334167 0.758333 0.008333 0.016667
2 0.403333 0.688333 0.015833 0.068333
3 0.561667 0.431667 0.010000 0.016667
2 0.790000 0.635000 0.034167 0.038333
2 0.476667 0.726667 0.023333 0.041667
3 0.726667 0.346667 0.008333 0.016667
3 0.499167 0.345000 0.011667 0.020000
2 0.389167 0.351667 0.020833 0.080000
3 0.672500 0.356667 0.007500 0.015000
3 0.225833 0.735000 0.007500 0.015000
2 0.312500 0.773333 0.015833 0.068333
2 0.659167 0.595000 0.035000 0.105000
3 0.610833 0.676667 0.010833 0.013333
2 0.421667 0.798333 0.029167 0.038333
