4 0.859167 0.600000 0.110000 0.106667
4 0.879167 0.623333 0.063333 0.128333
4 0.797500 0.673333 0.145833 0.301667
4 0.740000 0.576667 0.251667 0.146667
4 0.847500 0.690000 0.109167 0.185000
4 0.872500 0.658333 0.066667 0.058333
4 0.816667 0.476667 0.126667 0.215000
4 0.835833 0.488333 0.124167 0.061667
4 0.845833 0.568333 0.060000 0.021667
4 0.890000 0.510000 0.058333 0.093333
4 0.032500 0.510000 0.065000 0.055000
4 0.360833 0.631667 0.112500 0.268333
4 0.420833 0.595000 0.100000 0.100000
4 0.439167 0.656667 0.133333 0.278333
4 0.640833 0.425000 0.111667 0.191667
4 0.280000 0.583333 0.082500 0.155000
4 0.378333 0.378333 0.190000 0.313333
4 0.145833 0.523333 0.059167 0.040000
4 0.390833 0.465000 0.060833 0.085000
4 0.127500 0.681667 0.085833 0.231667
3 0.590000 0.475000 0.007500 0.018333
2 0.199167 0.506667 0.020833 0.080000
3 0.170000 0.525000 0.008333 0.016667
3 0.096667 0.496667 0.009167 0.015000
2 0.455833 0.563333 0.020833 0.080000
2 0.242500 0.606667 0.010833 0.091667
2 0.506667 0.556667 0.009167 0.031667
2 0.622500 0.490000 0.048333 0.043333
3 0.391667 0.588333 0.007500 0.015000
2 0.031667 0.535000 0.027500 0.016667
3 0.252500 0.593333 0.007500 0.015000
2 0.043333 0.520000 0.029167 0.038333
2 0.720000 0.531667 0.020833 0.080000
2 0.139167 0.511667 0.019167 0.046667
3 0.060833 0.568333 0.017500 0.031667
2 0.061667 0.591667 0.010833 0.091667
2 0.294167 0.511667 0.020833 0.028333
2 0.815000 0.565000 0.035000 0.105000
3 0.347500 0.596667 0.008333 0.021667
2 0.642500 0.515000 0.019167 0.046667
2 0.675833 0.513333 0.035000 0.105000
2 0.185833 0.490000 0.026667 0.035000
2 0.808333 0.573333 0.010000 0.031667
2 0.410000 0.555000 0.017500 0.116667
2 0.638333 0.576667 0.013333 0.070000
2 0.268333 0.436667 0.020833 0.028333
2 0.035833 0.586667 0.048333 0.025000
2 0.308333 0.591667 0.029167 0.038333
3 0.777500 0.518333 0.009167 0.016667
3 0.630833 0.471667 0.009167 0.016667
2 0.601667 0.513333 0.021667 0.090000
2 0.393333 0.500000 0.035000 0.105000
2 0.607500 0.468333 0.020000 0.021667
3 0.260833 0.496667 0.007500 0.018333
2 0.770000 0.496667 0.097500 0.053333
2 0.460833 0.605000 0.030833 0.051667
2 0.660000 0.548333 0.020833 0.080000
3 0.351667 0.601667 0.008333 0.016667
2 0.114167 0.583333 0.022500 0.023333
3 0.032500 0.463333 0.014167 0.025000
2 0.431667 0.448333 0.045833 0.021667
3 0.658333 0.508333 0.009167 0.016667
2 0.198333 0.476667 0.097500 0.053333
2 0.130833 0.491667 0.021667 0.090000
3 0.091667 0.510000 0.007500 0.015000
3 0.786667 0.451667 0.008333 0.016667
2 0.616667 0.521667 0.034167 0.100000
2 0.219167 0.580000 0.017500 0.116667
2 0.090000 0.440000 0.029167 0.038333
2 0.479167 0.538333 0.019167 0.046667
3 0.636667 0.521667 0.008333 0.021667
3 0.368333 0.536667 0.007500 0.018333
3 0.545833 0.468333 0.007500 0.015000
3 0.653333 0.531667 0.010833 0.023333
3 0.330000 0.611667 0.009167 0.023333
3 0.242500 0.598333 0.009167 0.023333
3 0.135000 0.528333 0.009167 0.015000
2 0.426667 0.466667 0.011667 0.025000
3 0.678333 0.458333 0.013333 0.031667
2 0.425000 0.573333 0.020000 0.021667
3 0.160000 0.598333 0.009167 0.016667
3 0.390833 0.470000 0.011667 0.020000
3 0.815833 0.483333 0.008333 0.016667
3 0.218333 0.580000 0.010833 0.023333
3 0.732500 0.516667 0.014167 0.025000
3 0.828333 0.356667 0.010000 0.016667
3 0.282500 0.473333 0.008333 0.016667
2 0.526667 0.540000 0.020833 0.080000
3 0.330000 0.601667 0.011667 0.020000
2 0.498333 0.500000 0.022500 0.023333
2 0.571667 0.545000 0.034167 0.100000
2 0.569167 0.540000 0.022500 0.023333
2 0.514167 0.546667 0.097500 0.053333
3 0.800833 0.525000 0.013333 0.031667
2 0.544167 0.516667 0.034167 0.100000
3 0.626667 0.548333 0.010833 0.023333
3 0.546667 0.465000 0.007500 0.015000
2 0.496667 0.473333 0.013333 0.070000
2 0.260833 0.496667 0.010000 0.031667
2 0.525833 0.495000 0.034167 0.100000
2 0.380833 0.483333 0.009167 0.040000
3 0.560000 0.466667 0.009167 0.016667
3 0.316667 0.570000 0.007500 0.015000
3 0.610000 0.620000 0.010000 0.016667
2 0.623333 0.453333 0.048333 0.025000
3 0.815833 0.535000 0.010833 0.013333
3 0.305000 0.495000 0.008333 0.016667
2 0.462500 0.556667 0.020000 0.021667
3 0.510000 0.455000 0.014167 0.025000
3 0.565833 0.576667 0.007500 0.018333
3 0.329167 0.471667 0.007500 0.015000
2 0.227500 0.538333 0.014167 0.015000
2 0.075000 0.583333 0.011667 0.025000
2 0.020833 0.563333 0.042500 0.053333
2 0.140000 0.600000 0.020000 0.021667
3 0.481667 0.435000 0.013333 0.031667
3 0.344167 0.481667 0.014167 0.025000
2 0.240000 0.431667 0.015833 0.068333
3 0.254167 0.550000 0.010833 0.013333
3 0.286667 0.573333 0.015833 0.051667
3 0.310000 0.576667 0.010833 0.023333
3 0.389167 0.588333 0.009167 0.023333
3 0.725833 0.680000 0.013333 0.015000
3 0.658333 0.351667 0.008333 0.016667
2 0.795833 0.650000 0.020833 0.080000
3 0.706667 0.321667 0.010000 0.020000
3 0.536667 0.385000 0.007500 0.015000
2 0.822500 0.421667 0.023333 0.041667
3 0.751667 0.333333 0.009167 0.015000
3 0.421667 0.370000 0.007500 0.015000
3 0.622500 0.371667 0.008333 0.016667
3 0.297500 0.691667 0.007500 0.015000
3 0.692500 0.630000 0.007500 0.018333
2 0.410833 0.425000 0.013333 0.070000
2 0.475833 0.336667 0.048333 0.043333
3 0.812500 0.720000 0.009167 0.018333
2 0.567500 0.408333 0.022500 0.023333
2 0.490833 0.733333 0.048333 0.043333
2 0.275833 0.653333 0.015833 0.068333
3 0.515000 0.601667 0.010833 0.023333
3 0.280833 0.745000 0.010000 0.020000
3 0.407500 0.735000 0.007500 0.018333
3 0.675000 0.725000 0.013333 0.031667
2 0.451667 0.295000 0.013333 0.070000
2 0.553333 0.393333 0.010833 0.091667
2 0.630833 0.630000 0.011667 0.066667
3 0.449167 0.681667 0.008333 0.021667
3 0.520000 0.226667 0.011667 0.020000
2 0.630833 0.396667 0.022500 0.023333
2 0.297500 0.391667 0.019167 0.046667
2 0.321667 0.238333 0.010000 0.031667
3 0.557500 0.320000 0.009167 0.016667
3 0.726667 0.358333 0.011667 0.030000
3 0.343333 0.640000 0.010833 0.023333
3 0.727500 0.641667 0.007500 0.018333
2 0.687500 0.356667 0.023333 0.041667
3 0.720833 0.428333 0.006667 0.018333
3 0.672500 0.621667 0.006667 0.018333
2 0.799167 0.725000 0.017500 0.116667
3 0.304167 0.735000 0.009167 0.018333
3 0.542500 0.443333 0.007500 0.015000
2 0.316667 0.385000 0.048333 0.025000
3 0.289167 0.768333 0.008333 0.016667
3 0.632500 0.628333 0.015833 0.051667
3 0.734167 0.695000 0.008333 0.016667
3 0.457500 0.278333 0.007500 0.015000
2 0.205833 0.761667 0.045833 0.021667
2 0.317500 0.260000 0.048333 0.025000
3 0.324167 0.726667 0.008333 0.016667
3 0.681667 0.425000 0.007500 0.015000
2 0.777500 0.716667 0.011667 0.066667
3 0.265000 0.355000 0.007500 0.015000
2 0.681667 0.383333 0.097500 0.053333
3 0.704167 0.671667 0.007500 0.015000
2 0.537500 0.760000 0.013333 0.070000
2 0.685833 0.401667 0.020833 0.080000
2 0.672500 0.748333 0.058333 0.076667
2 0.265833 0.226667 0.013333 0.070000
3 0.706667 0.703333 0.010000 0.016667
3 0.581667 0.646667 0.006667 0.018333
2 0.463333 0.328333 0.014167 0.015000
3 0.693333 0.275000 0.009167 0.023333
3 0.551667 0.421667 0.008333 0.021667
3 0.725000 0.356667 0.010000 0.020000
2 0.478333 0.285000 0.026667 0.035000
3 0.746667 0.601667 0.006667 0.018333
2 0.679167 0.321667 0.020833 0.028333
3 0.350833 0.666667 0.011667 0.030000
2 0.375833 0.723333 0.020833 0.080000
3 0.714167 0.603333 0.010000 0.016667
2 0.300833 0.435000 0.034167 0.100000
3 0.485833 0.288333 0.011667 0.030000
2 0.641667 0.433333 0.011667 0.025000
2 0.391667 0.788333 0.034167 0.038333
3 0.296667 0.861667 0.007500 0.015000
2 0.425000 0.401667 0.013333 0.070000
3 0.763333 0.690000 0.007500 0.015000
3 0.667500 0.633333 0.013333 0.031667
2 0.311667 0.271667 0.026667 0.035000
2 0.660000 0.341667 0.020833 0.028333
2 0.343333 0.286667 0.019167 0.046667
2 0.352500 0.383333 0.011667 0.066667
2 0.751667 0.395000 0.015833 0.068333
2 0.450833 0.201667 0.020000 0.021667
3 0.718333 0.660000 0.007500 0.015000
2 0.518333 0.711667 0.034167 0.038333
3 0.676667 0.641667 0.006667 0.018333
3 0.669167 0.658333 0.007500 0.015000
3 0.290000 0.270000 0.013333 0.031667
3 0.499167 0.301667 0.007500 0.018333
2 0.450833 0.285000 0.017500 0.116667
2 0.780000 0.631667 0.021667 0.090000
2 0.420000 0.758333 0.021667 0.090000
3 0.330000 0.676667 0.007500 0.015000
2 0.680000 0.333333 0.027500 0.016667
3 0.342500 0.308333 0.010000 0.016667
2 0.482500 0.753333 0.029167 0.038333
2 0.324167 0.686667 0.010000 0.031667
3 0.775833 0.386667 0.010833 0.013333
3 0.390000 0.733333 0.008333 0.016667
3 0.655000 0.620000 0.007500 0.015000
3 0.360000 0.610000 0.013333 0.015000
3 0.685833 0.346667 0.010833 0.023333
2 0.661667 0.641667 0.058333 0.076667
2 0.702500 0.328333 0.035000 0.105000
2 0.675833 0.736667 0.021667 0.090000
2 0.715833 0.426667 0.023333 0.041667
3 0.303333 0.398333 0.007500 0.015000
3 0.253333 0.383333 0.007500 0.015000
2 0.490000 0.343333 0.010833 0.091667
3 0.755833 0.366667 0.010833 0.013333
2 0.308333 0.350000 0.045833 0.021667
2 0.641667 0.406667 0.034167 0.038333
3 0.535833 0.305000 0.009167 0.016667
3 0.420833 0.808333 0.014167 0.025000
2 0.440833 0.350000 0.035000 0.105000
2 0.169167 0.620000 0.015833 0.068333
3 0.291667 0.281667 0.008333 0.016667
3 0.491667 0.296667 0.006667 0.018333
3 0.419167 0.351667 0.010000 0.020000
3 0.436667 0.373333 0.009167 0.016667
3 0.647500 0.421667 0.008333 0.016667
2 0.586667 0.596667 0.030833 0.051667
2 0.735000 0.695000 0.034167 0.038333
2 0.659167 0.348333 0.034167 0.038333
3 0.239167 0.761667 0.009167 0.018333
2 0.565000 0.608333 0.048333 0.043333
2 0.369167 0.328333 0.015833 0.068333
3 0.830000 0.415000 0.008333 0.016667
2 0.779167 0.368333 0.021667 0.090000
2 0.372500 0.373333 0.022500 0.023333
3 0.768333 0.356667 0.010000 0.016667
3 0.698333 0.770000 0.006667 0.018333
2 0.272500 0.446667 0.026667 0.035000
2 0.715000 0.666667 0.022500 0.023333
2 0.823333 0.415000 0.023333 0.106667
3 0.776667 0.703333 0.009167 0.018333
3 0.722500 0.613333 0.009167 0.016667
2 0.572500 0.643333 0.011667 0.066667
3 0.375833 0.318333 0.009167 0.016667
2 0.658333 0.616667 0.097500 0.053333
3 0.316667 0.653333 0.017500 0.031667
3 0.591667 0.735000 0.014167 0.025000
3 0.445000 0.828333 0.008333 0.016667
2 0.651667 0.706667 0.022500 0.023333
3 0.291667 0.828333 0.010000 0.016667
3 0.716667 0.345000 0.008333 0.016667
3 0.640000 0.353333 0.008333 0.016667
2 0.402500 0.631667 0.015833 0.068333
2 0.765833 0.783333 0.010833 0.091667
3 0.269167 0.715000 0.013333 0.015000
3 0.363333 0.683333 0.017500 0.031667
3 0.460833 0.865000 0.008333 0.016667
3 0.736667 0.603333 0.011667 0.020000
2 0.482500 0.333333 0.027500 0.016667
2 0.312500 0.378333 0.010833 0.091667
3 0.646667 0.423333 0.009167 0.016667
2 0.760000 0.596667 0.010000 0.031667
3 0.570833 0.695000 0.008333 0.016667
3 0.450833 0.731667 0.006667 0.018333
2 0.703333 0.610000 0.020833 0.028333
2 0.188333 0.375000 0.019167 0.046667
2 0.735833 0.353333 0.023333 0.106667
3 0.593333 0.408333 0.010000 0.020000
3 0.441667 0.370000 0.017500 0.031667
2 0.265833 0.271667 0.026667 0.035000
2 0.544167 0.700000 0.030833 0.051667
2 0.738333 0.391667 0.023333 0.041667
2 0.789167 0.356667 0.035000 0.105000
2 0.699167 0.611667 0.026667 0.035000
2 0.716667 0.653333 0.009167 0.031667
2 0.367500 0.750000 0.034167 0.038333
3 0.672500 0.423333 0.007500 0.018333
2 0.760000 0.755000 0.023333 0.041667
2 0.473333 0.730000 0.045833 0.021667
3 0.709167 0.360000 0.010833 0.013333
2 0.270833 0.661667 0.017500 0.116667
2 0.664167 0.615000 0.019167 0.046667
3 0.685000 0.631667 0.007500 0.015000
3 0.650000 0.625000 0.007500 0.018333
3 0.738333 0.331667 0.008333 0.016667
3 0.680833 0.638333 0.009167 0.016667
3 0.717500 0.618333 0.006667 0.018333
3 0.646667 0.398333 0.015833 0.051667
2 0.331667 0.336667 0.048333 0.025000
2 0.657500 0.610000 0.035000 0.105000
2 0.496667 0.278333 0.023333 0.041667
2 0.685000 0.405000 0.010833 0.091667
3 0.645833 0.413333 0.009167 0.016667
2 0.793333 0.611667 0.020833 0.080000
2 0.595833 0.373333 0.029167 0.038333
2 0.401667 0.411667 0.048333 0.025000
2 0.382500 0.783333 0.021667 0.090000
3 0.707500 0.408333 0.009167 0.016667
3 0.439167 0.756667 0.007500 0.018333
2 0.497500 0.341667 0.014167 0.015000
3 0.612500 0.681667 0.008333 0.016667
2 0.329167 0.260000 0.020833 0.080000
2 0.645000 0.643333 0.011667 0.025000
3 0.685833 0.378333 0.008333 0.016667
