4 0.820000 0.586667 0.040833 0.078333
4 0.819167 0.408333 0.076667 0.028333
4 0.825000 0.388333 0.110833 0.120000
4 0.753333 0.615000 0.281667 0.140000
4 0.838333 0.643333 0.128333 0.041667
4 0.820833 0.665000 0.166667 0.140000
4 0.840000 0.440000 0.068333 0.145000
4 0.737500 0.470000 0.201667 0.136667
4 0.885000 0.568333 0.064167 0.048333
4 0.887500 0.665000 0.048333 0.111667
4 0.145833 0.470000 0.095833 0.026667
4 0.669167 0.528333 0.053333 0.070000
4 0.063333 0.543333 0.040833 0.095000
4 0.165000 0.503333 0.041667 0.055000
4 0.218333 0.596667 0.048333 0.125000
4 0.608333 0.568333 0.055833 0.161667
4 0.717500 0.495000 0.086667 0.065000
4 0.761667 0.460000 0.073333 0.085000
4 0.180000 0.520000 0.092500 0.095000
4 0.208333 0.535000 0.064167 0.070000
3 0.330833 0.573333 0.009167 0.023333
3 0.155000 0.515000 0.014167 0.025000
2 0.070833 0.555000 0.029167 0.038333
2 0.145833 0.461667 0.048333 0.043333
2 0.110000 0.533333 0.019167 0.046667
2 0.419167 0.560000 0.017500 0.116667
2 0.790833 0.541667 0.020000 0.021667
2 0.810833 0.641667 0.020833 0.080000
2 0.066667 0.525000 0.015833 0.068333
3 0.420000 0.453333 0.008333 0.016667
2 0.702500 0.470000 0.035000 0.105000
3 0.449167 0.456667 0.007500 0.018333
3 0.378333 0.545000 0.007500 0.018333
3 0.435000 0.478333 0.015833 0.051667
2 0.126667 0.506667 0.035000 0.105000
3 0.605833 0.630000 0.007500 0.018333
3 0.132500 0.483333 0.008333 0.016667
3 0.607500 0.445000 0.009167 0.015000
3 0.628333 0.445000 0.010833 0.023333
2 0.636667 0.550000 0.011667 0.066667
2 0.210000 0.481667 0.029167 0.038333
3 0.822500 0.558333 0.008333 0.016667
3 0.718333 0.575000 0.014167 0.025000
3 0.230833 0.518333 0.010833 0.013333
3 0.206667 0.455000 0.009167 0.016667
2 0.058333 0.503333 0.045833 0.021667
3 0.677500 0.570000 0.009167 0.023333
3 0.612500 0.500000 0.008333 0.016667
3 0.604167 0.453333 0.011667 0.030000
3 0.455000 0.620000 0.008333 0.016667
2 0.514167 0.566667 0.023333 0.041667
2 0.380833 0.513333 0.015833 0.068333
3 0.637500 0.555000 0.009167 0.016667
2 0.620000 0.513333 0.045833 0.021667
3 0.754167 0.491667 0.010833 0.013333
3 0.105000 0.520000 0.008333 0.021667
3 0.374167 0.466667 0.007500 0.015000
3 0.185000 0.575000 0.007500 0.018333
2 0.467500 0.420000 0.034167 0.038333
2 0.141667 0.503333 0.023333 0.106667
3 0.014167 0.531667 0.013333 0.031667
2 0.445833 0.406667 0.035000 0.105000
3 0.049167 0.556667 0.008333 0.016667
3 0.543333 0.466667 0.008333 0.016667
2 0.754167 0.535000 0.058333 0.076667
3 0.185000 0.520000 0.007500 0.018333
2 0.048333 0.586667 0.009167 0.031667
3 0.463333 0.475000 0.006667 0.018333
3 0.824167 0.551667 0.011667 0.020000
3 0.451667 0.560000 0.008333 0.016667
2 0.749167 0.460000 0.020833 0.028333
3 0.163333 0.575000 0.006667 0.018333
2 0.300000 0.563333 0.017500 0.116667
2 0.555000 0.521667 0.045833 0.021667
3 0.340000 0.498333 0.017500 0.031667
3 0.696667 0.463333 0.011667 0.030000
2 0.655000 0.583333 0.034167 0.100000
3 0.172500 0.466667 0.008333 0.016667
3 0.737500 0.515000 0.009167 0.015000
3 0.473333 0.583333 0.010833 0.023333
3 0.489167 0.511667 0.009167 0.023333
3 0.685000 0.465000 0.007500 0.015000
3 0.166667 0.510000 0.007500 0.015000
3 0.106667 0.573333 0.007500 0.018333
3 0.261667 0.490000 0.009167 0.023333
2 0.295833 0.540000 0.034167 0.038333
3 0.625833 0.516667 0.008333 0.016667
3 0.060833 0.468333 0.011667 0.030000
2 0.590833 0.546667 0.011667 0.025000
3 0.446667 0.495000 0.011667 0.030000
2 0.116667 0.483333 0.015833 0.068333
2 0.769167 0.573333 0.020000 0.021667
2 0.360000 0.461667 0.020833 0.028333
2 0.715833 0.468333 0.058333 0.076667
3 0.579167 0.518333 0.009167 0.023333
3 0.590000 0.498333 0.009167 0.016667
3 0.529167 0.555000 0.011667 0.030000
2 0.234167 0.435000 0.011667 0.066667
3 0.488333 0.576667 0.008333 0.016667
3 0.049167 0.493333 0.011667 0.020000
3 0.475000 0.583333 0.008333 0.016667
3 0.538333 0.523333 0.017500 0.031667
2 0.063333 0.563333 0.020833 0.080000
3 0.685000 0.566667 0.010833 0.013333
3 0.811667 0.520000 0.011667 0.020000
2 0.713333 0.536667 0.027500 0.016667
2 0.367500 0.520000 0.011667 0.066667
2 0.268333 0.560000 0.023333 0.041667
3 0.190833 0.505000 0.008333 0.016667
2 0.797500 0.493333 0.034167 0.100000
2 0.335833 0.438333 0.015833 0.068333
2 0.077500 0.548333 0.026667 0.035000
2 0.157500 0.433333 0.045833 0.021667
2 0.773333 0.455000 0.010000 0.031667
3 0.467500 0.436667 0.013333 0.015000
2 0.328333 0.621667 0.009167 0.031667
2 0.183333 0.508333 0.029167 0.038333
2 0.785833 0.518333 0.048333 0.043333
3 0.275000 0.566667 0.010833 0.013333
2 0.239167 0.563333 0.023333 0.106667
2 0.494167 0.481667 0.020833 0.080000
2 0.784167 0.460000 0.058333 0.076667
2 0.259167 0.743333 0.029167 0.038333
2 0.706667 0.758333 0.020833 0.080000
2 0.224167 0.626667 0.029167 0.038333
2 0.570833 0.745000 0.023333 0.106667
2 0.665833 0.706667 0.011667 0.025000
2 0.701667 0.696667 0.011667 0.066667
2 0.791667 0.716667 0.020000 0.021667
2 0.667500 0.325000 0.029167 0.038333
2 0.448333 0.671667 0.022500 0.023333
2 0.748333 0.456667 0.009167 0.031667
3 0.490000 0.756667 0.017500 0.031667
2 0.740000 0.613333 0.022500 0.023333
3 0.754167 0.423333 0.015833 0.051667
2 0.325833 0.363333 0.009167 0.040000
3 0.456667 0.358333 0.010833 0.013333
3 0.480000 0.726667 0.015833 0.051667
2 0.520000 0.218333 0.011667 0.025000
3 0.723333 0.615000 0.008333 0.016667
2 0.333333 0.723333 0.097500 0.053333
2 0.675000 0.395000 0.020833 0.080000
2 0.755833 0.658333 0.029167 0.038333
3 0.365833 0.680000 0.013333 0.031667
3 0.763333 0.398333 0.011667 0.030000
3 0.666667 0.380000 0.007500 0.015000
2 0.775833 0.388333 0.020833 0.080000
2 0.459167 0.396667 0.011667 0.025000
2 0.269167 0.426667 0.034167 0.100000
2 0.346667 0.645000 0.019167 0.046667
2 0.240000 0.310000 0.045833 0.021667
3 0.507500 0.820000 0.009167 0.015000
3 0.735000 0.415000 0.009167 0.016667
2 0.548333 0.208333 0.027500 0.016667
2 0.535833 0.998333 0.017500 0.001667
3 0.649167 0.635000 0.007500 0.015000
2 0.683333 0.643333 0.027500 0.016667
2 0.497500 0.686667 0.097500 0.053333
3 0.473333 0.368333 0.013333 0.031667
2 0.695000 0.713333 0.011667 0.066667
2 0.643333 0.671667 0.020833 0.028333
3 0.755000 0.613333 0.008333 0.021667
3 0.485000 0.210000 0.008333 0.016667
3 0.670833 0.645000 0.017500 0.031667
3 0.369167 0.725000 0.008333 0.021667
3 0.312500 0.390000 0.008333 0.021667
3 0.499167 0.266667 0.007500 0.015000
3 0.780833 0.670000 0.015833 0.051667
3 0.725833 0.343333 0.009167 0.015000
2 0.554167 0.668333 0.027500 0.016667
3 0.458333 0.883333 0.009167 0.016667
2 0.793333 0.650000 0.027500 0.016667
2 0.348333 0.693333 0.034167 0.100000
3 0.541667 0.645000 0.014167 0.025000
3 0.388333 0.641667 0.009167 0.016667
2 0.437500 0.640000 0.058333 0.076667
3 0.393333 0.705000 0.007500 0.015000
2 0.669167 0.658333 0.019167 0.046667
3 0.478333 0.323333 0.011667 0.020000
3 0.538333 0.730000 0.010833 0.013333
2 0.573333 0.305000 0.097500 0.053333
2 0.226667 0.355000 0.045833 0.021667
2 0.360833 0.648333 0.010833 0.091667
3 0.568333 0.776667 0.009167 0.015000
2 0.704167 0.998333 0.020833 0.001667
3 0.485833 0.288333 0.011667 0.030000
2 0.765833 0.386667 0.045833 0.021667
2 0.543333 0.676667 0.020833 0.080000
2 0.767500 0.353333 0.011667 0.066667
3 0.754167 0.708333 0.008333 0.016667
3 0.806667 0.905000 0.011667 0.030000
2 0.709167 0.666667 0.015833 0.068333
3 0.641667 0.658333 0.007500 0.016667
2 0.775833 0.331667 0.014167 0.015000
2 0.820833 0.430000 0.011667 0.025000
2 0.707500 0.643333 0.048333 0.025000
2 0.687500 0.356667 0.023333 0.041667
3 0.325833 0.301667 0.008333 0.016667
2 0.295000 0.381667 0.020000 0.021667
3 0.305000 0.286667 0.014167 0.025000
2 0.323333 0.728333 0.027500 0.016667
3 0.764167 0.691667 0.006667 0.018333
3 0.477500 0.743333 0.009167 0.018333
2 0.660833 0.356667 0.058333 0.076667
2 0.518333 0.341667 0.015833 0.068333
2 0.790833 0.625000 0.014167 0.015000
2 0.366667 0.468333 0.010833 0.091667
3 0.785833 0.418333 0.009167 0.016667
2 0.630000 0.466667 0.021667 0.090000
3 0.550833 0.420000 0.007500 0.015000
3 0.671667 0.636667 0.009167 0.016667
2 0.749167 0.583333 0.019167 0.046667
3 0.311667 0.386667 0.009167 0.016667
3 0.688333 0.633333 0.010000 0.016667
2 0.683333 0.333333 0.097500 0.053333
3 0.444167 0.708333 0.013333 0.015000
3 0.636667 0.443333 0.008333 0.021667
3 0.412500 0.683333 0.017500 0.031667
2 0.275000 0.648333 0.023333 0.041667
2 0.722500 0.351667 0.020000 0.021667
3 0.557500 0.668333 0.013333 0.031667
2 0.408333 0.688333 0.026667 0.035000
3 0.435000 0.398333 0.009167 0.018333
2 0.751667 0.373333 0.035000 0.105000
2 0.765833 0.623333 0.030833 0.051667
3 0.782500 0.423333 0.008333 0.021667
3 0.333333 0.398333 0.009167 0.018333
3 0.170833 0.385000 0.008333 0.016667
3 0.387500 0.751667 0.010833 0.013333
2 0.300000 0.316667 0.010833 0.091667
3 0.244167 0.681667 0.015833 0.051667
3 0.322500 0.408333 0.010833 0.023333
2 0.737500 0.638333 0.011667 0.066667
2 0.612500 0.333333 0.010000 0.031667
3 0.240000 0.355000 0.008333 0.021667
3 0.799167 0.411667 0.011667 0.020000
2 0.320833 0.673333 0.058333 0.076667
2 0.470833 0.710000 0.011667 0.066667
3 0.662500 0.390000 0.008333 0.016667
3 0.522500 0.356667 0.007500 0.015000
2 0.738333 0.325000 0.045833 0.021667
2 0.675000 0.628333 0.020833 0.028333
3 0.658333 0.378333 0.010833 0.013333
2 0.611667 0.315000 0.011667 0.066667
3 0.620833 0.400000 0.009167 0.023333
3 0.639167 0.435000 0.015833 0.051667
3 0.471667 0.375000 0.015833 0.051667
3 0.633333 0.408333 0.009167 0.018333
2 0.316667 0.768333 0.010833 0.091667
2 0.238333 0.383333 0.022500 0.023333
3 0.710000 0.705000 0.008333 0.016667
2 0.401667 0.668333 0.020833 0.028333
3 0.764167 0.705000 0.009167 0.023333
2 0.540833 0.638333 0.022500 0.023333
2 0.820833 0.728333 0.013333 0.070000
3 0.314167 0.408333 0.007500 0.018333
2 0.419167 0.656667 0.020833 0.028333
2 0.378333 0.773333 0.026667 0.035000
2 0.676667 0.296667 0.035000 0.105000
2 0.279167 0.278333 0.021667 0.090000
3 0.740000 0.415000 0.011667 0.020000
3 0.519167 0.233333 0.006667 0.018333
3 0.685000 0.636667 0.008333 0.021667
2 0.482500 0.223333 0.035000 0.105000
2 0.729167 0.591667 0.009167 0.040000
2 0.283333 0.245000 0.015833 0.068333
2 0.325833 0.708333 0.010833 0.091667
3 0.438333 0.655000 0.009167 0.015000
3 0.540000 0.405000 0.009167 0.015000
2 0.372500 0.351667 0.020833 0.080000
2 0.438333 0.385000 0.023333 0.041667
2 0.692500 0.658333 0.021667 0.090000
3 0.446667 0.651667 0.013333 0.015000
2 0.504167 0.206667 0.026667 0.035000
2 0.284167 0.290000 0.023333 0.041667
3 0.605000 0.316667 0.007500 0.018333
2 0.453333 0.250000 0.009167 0.040000
3 0.625833 0.365000 0.007500 0.015000
3 0.731667 0.686667 0.013333 0.015000
2 0.417500 0.395000 0.020000 0.021667
2 0.628333 0.375000 0.048333 0.043333
2 0.300000 0.756667 0.020833 0.080000
2 0.480000 0.830000 0.020833 0.080000
3 0.514167 0.716667 0.013333 0.015000
3 0.758333 0.595000 0.014167 0.025000
3 0.390000 0.383333 0.010833 0.023333
2 0.721667 0.618333 0.020000 0.021667
3 0.487500 0.273333 0.007500 0.015000
3 0.241667 0.223333 0.009167 0.018333
3 0.425000 0.371667 0.009167 0.016667
2 0.689167 0.676667 0.020000 0.021667
2 0.554167 0.378333 0.045833 0.021667
3 0.345000 0.638333 0.007500 0.016667
2 0.558333 0.406667 0.011667 0.066667
2 0.803333 0.705000 0.048333 0.025000
2 0.397500 0.688333 0.021667 0.090000
3 0.450833 0.283333 0.008333 0.016667
3 0.530833 0.651667 0.007500 0.018333
3 0.440833 0.345000 0.006667 0.018333
2 0.795833 0.400000 0.021667 0.090000
3 0.237500 0.391667 0.007500 0.018333
2 0.441667 0.310000 0.020833 0.080000
2 0.378333 0.326667 0.097500 0.053333
3 0.707500 0.440000 0.007500 0.018333
2 0.772500 0.408333 0.034167 0.100000
2 0.279167 0.721667 0.097500 0.053333
2 0.692500 0.765000 0.017500 0.116667
3 0.337500 0.735000 0.011667 0.030000
2 0.430000 0.376667 0.020000 0.021667
2 0.732500 0.605000 0.009167 0.031667
3 0.495833 0.715000 0.008333 0.016667
3 0.446667 0.711667 0.007500 0.018333
3 0.713333 0.673333 0.007500 0.015000
2 0.715000 0.666667 0.023333 0.041667
2 0.697500 0.418333 0.048333 0.025000
2 0.447500 0.713333 0.010833 0.091667
3 0.588333 0.750000 0.014167 0.025000
2 0.674167 0.683333 0.045833 0.021667
3 0.780833 0.348333 0.007500 0.018333
3 0.707500 0.408333 0.010000 0.016667
