4 0.833333 0.376667 0.095833 0.190000
4 0.834167 0.386667 0.143333 0.285000
4 0.810833 0.568333 0.205833 0.266667
4 0.907500 0.565000 0.039167 0.085000
4 0.824167 0.498333 0.063333 0.045000
4 0.733333 0.763333 0.275833 0.471667
4 0.832500 0.470000 0.188333 0.138333
4 0.749167 0.748333 0.195000 0.353333
4 0.875000 0.505000 0.104167 0.076667
4 0.816667 0.436667 0.105000 0.110000
4 0.701667 0.488333 0.056667 0.058333
4 0.445833 0.670000 0.133333 0.270000
4 0.524167 0.558333 0.080833 0.045000
4 0.551667 0.408333 0.217500 0.301667
4 0.056667 0.561667 0.113333 0.048333
4 0.127500 0.488333 0.061667 0.056667
4 0.031667 0.616667 0.064167 0.258333
4 0.159167 0.600000 0.064167 0.086667
4 0.249167 0.573333 0.052500 0.055000
4 0.286667 0.528333 0.082500 0.076667
2 0.746667 0.546667 0.011667 0.066667
2 0.456667 0.405000 0.011667 0.066667
3 0.194167 0.553333 0.009167 0.016667
2 0.358333 0.521667 0.045833 0.021667
2 0.348333 0.510000 0.015833 0.068333
3 0.818333 0.643333 0.015833 0.051667
2 0.765000 0.493333 0.045833 0.021667
2 0.570833 0.488333 0.023333 0.106667
2 0.785000 0.585000 0.023333 0.106667
2 0.794167 0.518333 0.009167 0.031667
2 0.280833 0.466667 0.029167 0.038333
3 0.438333 0.518333 0.007500 0.015000
2 0.705833 0.560000 0.009167 0.031667
3 0.121667 0.573333 0.009167 0.016667
2 0.435000 0.486667 0.020000 0.021667
2 0.162500 0.546667 0.020833 0.028333
3 0.410000 0.558333 0.009167 0.016667
3 0.680833 0.480000 0.015833 0.051667
2 0.342500 0.521667 0.034167 0.100000
3 0.804167 0.545000 0.008333 0.016667
2 0.270833 0.605000 0.020833 0.080000
2 0.380833 0.536667 0.035000 0.105000
2 0.483333 0.640000 0.010833 0.091667
3 0.425000 0.560000 0.011667 0.030000
3 0.181667 0.588333 0.009167 0.016667
3 0.183333 0.585000 0.007500 0.015000
2 0.065000 0.498333 0.014167 0.015000
2 0.245833 0.531667 0.009167 0.031667
2 0.591667 0.436667 0.011667 0.066667
3 0.504167 0.546667 0.007500 0.015000
2 0.395833 0.576667 0.034167 0.100000
2 0.603333 0.513333 0.010833 0.091667
3 0.426667 0.523333 0.006667 0.018333
3 0.691667 0.505000 0.008333 0.016667
2 0.649167 0.453333 0.027500 0.016667
3 0.570000 0.578333 0.009167 0.015000
2 0.428333 0.535000 0.020833 0.028333
3 0.473333 0.551667 0.008333 0.016667
2 0.802500 0.520000 0.029167 0.038333
3 0.510833 0.575000 0.008333 0.016667
3 0.445833 0.571667 0.013333 0.015000
2 0.094167 0.466667 0.023333 0.106667
3 0.329167 0.621667 0.008333 0.016667
2 0.144167 0.528333 0.048333 0.043333
2 0.025833 0.570000 0.017500 0.116667
3 0.494167 0.510000 0.015833 0.051667
2 0.035000 0.555000 0.022500 0.023333
3 0.807500 0.485000 0.007500 0.016667
2 0.310833 0.508333 0.009167 0.031667
2 0.685000 0.566667 0.011667 0.066667
2 0.291667 0.535000 0.058333 0.076667
2 0.793333 0.530000 0.034167 0.038333
3 0.333333 0.620000 0.014167 0.025000
2 0.180833 0.468333 0.035000 0.105000
2 0.115833 0.551667 0.010833 0.091667
2 0.807500 0.531667 0.019167 0.046667
3 0.230833 0.443333 0.014167 0.025000
3 0.786667 0.465000 0.009167 0.023333
3 0.496667 0.416667 0.007500 0.016667
3 0.730833 0.491667 0.008333 0.016667
3 0.495833 0.418333 0.007500 0.015000
3 0.283333 0.500000 0.010833 0.023333
3 0.813333 0.493333 0.010000 0.016667
2 0.780000 0.573333 0.034167 0.100000
3 0.045833 0.550000 0.008333 0.016667
2 0.415000 0.565000 0.010000 0.031667
2 0.640000 0.568333 0.022500 0.023333
2 0.360000 0.555000 0.048333 0.025000
3 0.466667 0.448333 0.009167 0.016667
3 0.709167 0.453333 0.008333 0.016667
3 0.307500 0.495000 0.007500 0.015000
3 0.028333 0.533333 0.008333 0.016667
2 0.805000 0.478333 0.029167 0.038333
2 0.043333 0.508333 0.034167 0.100000
2 0.032500 0.480000 0.009167 0.031667
2 0.476667 0.566667 0.027500 0.016667
3 0.103333 0.570000 0.011667 0.020000
2 0.272500 0.550000 0.035000 0.105000
3 0.125833 0.570000 0.011667 0.020000
2 0.167500 0.458333 0.026667 0.035000
3 0.045000 0.518333 0.008333 0.016667
3 0.037500 0.575000 0.008333 0.016667
2 0.615833 0.466667 0.026667 0.035000
3 0.427500 0.506667 0.007500 0.016667
2 0.400000 0.588333 0.020000 0.021667
2 0.269167 0.546667 0.097500 0.053333
2 0.150833 0.521667 0.045833 0.021667
3 0.114167 0.521667 0.008333 0.016667
3 0.579167 0.481667 0.008333 0.016667
2 0.351667 0.478333 0.013333 0.070000
3 0.530833 0.508333 0.008333 0.016667
3 0.076667 0.496667 0.017500 0.031667
3 0.343333 0.480000 0.009167 0.015000
2 0.461667 0.483333 0.035000 0.105000
3 0.582500 0.556667 0.007500 0.015000
2 0.642500 0.570000 0.023333 0.041667
2 0.341667 0.525000 0.020833 0.080000
2 0.180000 0.453333 0.026667 0.035000
2 0.335833 0.608333 0.022500 0.023333
2 0.815833 0.541667 0.020833 0.080000
2 0.235833 0.560000 0.020833 0.080000
2 0.076667 0.491667 0.011667 0.066667
2 0.617500 0.366667 0.017500 0.116667
3 0.226667 0.708333 0.008333 0.016667
3 0.299167 0.723333 0.015833 0.051667
3 0.250000 0.710000 0.017500 0.031667
3 0.745833 0.385000 0.007500 0.018333
2 0.417500 0.731667 0.026667 0.035000
3 0.678333 0.665000 0.008333 0.016667
2 0.472500 0.351667 0.013333 0.070000
2 0.752500 0.335000 0.026667 0.035000
2 0.806667 0.748333 0.021667 0.090000
3 0.436667 0.680000 0.007500 0.015000
2 0.751667 0.440000 0.034167 0.100000
3 0.675833 0.443333 0.011667 0.020000
2 0.402500 0.371667 0.014167 0.015000
2 0.747500 0.685000 0.009167 0.040000
2 0.310833 0.776667 0.009167 0.040000
3 0.796667 0.738333 0.010833 0.023333
3 0.338333 0.863333 0.009167 0.016667
3 0.554167 0.998333 0.010833 0.001667
2 0.656667 0.343333 0.020000 0.021667
2 0.515000 0.405000 0.034167 0.100000
2 0.230000 0.571667 0.011667 0.066667
2 0.434167 0.435000 0.010833 0.091667
2 0.536667 0.216667 0.023333 0.106667
2 0.685000 0.600000 0.029167 0.038333
3 0.647500 0.335000 0.007500 0.015000
2 0.360833 0.605000 0.011667 0.025000
3 0.764167 0.711667 0.009167 0.018333
2 0.745833 0.255000 0.035000 0.105000
3 0.561667 0.431667 0.010000 0.020000
2 0.537500 0.691667 0.017500 0.116667
3 0.638333 0.411667 0.010000 0.020000
2 0.642500 0.663333 0.034167 0.100000
3 0.496667 0.366667 0.008333 0.016667
3 0.525833 0.611667 0.010833 0.013333
3 0.306667 0.810000 0.007500 0.018333
2 0.798333 0.648333 0.023333 0.041667
3 0.337500 0.296667 0.014167 0.025000
2 0.594167 0.285000 0.035000 0.105000
2 0.757500 0.376667 0.097500 0.053333
3 0.805000 0.611667 0.014167 0.025000
2 0.335833 0.668333 0.035000 0.105000
3 0.775833 0.783333 0.008333 0.016667
2 0.527500 0.683333 0.035000 0.105000
3 0.525000 0.431667 0.007500 0.016667
3 0.581667 0.645000 0.011667 0.020000
2 0.586667 0.416667 0.022500 0.023333
3 0.737500 0.691667 0.009167 0.018333
2 0.674167 0.646667 0.030833 0.051667
3 0.445833 0.711667 0.009167 0.016667
3 0.461667 0.666667 0.007500 0.018333
2 0.598333 0.733333 0.013333 0.070000
3 0.320833 0.735000 0.014167 0.025000
2 0.370833 0.641667 0.045833 0.021667
3 0.430833 0.403333 0.017500 0.031667
2 0.783333 0.415000 0.029167 0.038333
2 0.250000 0.720000 0.058333 0.076667
2 0.348333 0.830000 0.011667 0.025000
3 0.760000 0.365000 0.006667 0.018333
3 0.580833 0.423333 0.009167 0.016667
2 0.355000 0.746667 0.021667 0.090000
2 0.716667 0.441667 0.020000 0.021667
2 0.278333 0.788333 0.022500 0.023333
3 0.521667 0.668333 0.007500 0.015000
2 0.275000 0.796667 0.013333 0.070000
3 0.305833 0.393333 0.007500 0.018333
3 0.672500 0.606667 0.007500 0.018333
2 0.696667 0.373333 0.009167 0.031667
2 0.360000 0.368333 0.048333 0.025000
2 0.686667 0.301667 0.020833 0.080000
2 0.386667 0.358333 0.011667 0.025000
3 0.799167 0.350000 0.017500 0.031667
3 0.733333 0.595000 0.007500 0.018333
3 0.647500 0.380000 0.009167 0.016667
3 0.319167 0.765000 0.006667 0.018333
2 0.479167 0.200000 0.027500 0.016667
3 0.226667 0.706667 0.008333 0.016667
2 0.385000 0.705000 0.020833 0.080000
3 0.680000 0.388333 0.011667 0.020000
2 0.745833 0.595000 0.011667 0.066667
2 0.773333 0.681667 0.030833 0.051667
2 0.454167 0.431667 0.021667 0.090000
2 0.419167 0.703333 0.035000 0.105000
3 0.665000 0.660000 0.007500 0.018333
3 0.606667 0.323333 0.009167 0.015000
2 0.400833 0.641667 0.035000 0.105000
2 0.468333 0.765000 0.020833 0.080000
2 0.343333 0.633333 0.010000 0.031667
3 0.510833 0.276667 0.007500 0.018333
3 0.675000 0.425000 0.009167 0.016667
2 0.653333 0.663333 0.013333 0.070000
3 0.355000 0.281667 0.007500 0.015000
3 0.708333 0.361667 0.013333 0.015000
2 0.705000 0.630000 0.048333 0.025000
2 0.288333 0.725000 0.017500 0.116667
2 0.750000 0.361667 0.027500 0.016667
3 0.655000 0.405000 0.010833 0.023333
3 0.653333 0.445000 0.009167 0.018333
2 0.510833 0.645000 0.048333 0.043333
3 0.720833 0.648333 0.008333 0.016667
2 0.478333 0.285000 0.026667 0.035000
3 0.480833 0.263333 0.017500 0.031667
3 0.561667 0.673333 0.013333 0.031667
2 0.589167 0.343333 0.048333 0.043333
2 0.535000 0.250000 0.020833 0.080000
2 0.455833 0.213333 0.009167 0.031667
2 0.475833 0.825000 0.009167 0.031667
2 0.462500 0.753333 0.010833 0.091667
2 0.277500 0.311667 0.026667 0.035000
3 0.656667 0.680000 0.007500 0.018333
3 0.635000 0.641667 0.011667 0.030000
2 0.476667 0.320000 0.010833 0.091667
2 0.735000 0.691667 0.010833 0.091667
3 0.276667 0.666667 0.006667 0.018333
3 0.679167 0.593333 0.009167 0.016667
2 0.388333 0.753333 0.010000 0.031667
2 0.629167 0.661667 0.034167 0.100000
3 0.743333 0.673333 0.009167 0.016667
3 0.785833 0.348333 0.010000 0.020000
3 0.647500 0.335000 0.007500 0.016667
3 0.735000 0.720000 0.007500 0.016667
2 0.680833 0.278333 0.023333 0.041667
3 0.302500 0.716667 0.009167 0.016667
2 0.613333 0.643333 0.017500 0.116667
2 0.208333 0.630000 0.027500 0.016667
3 0.577500 0.738333 0.009167 0.016667
2 0.776667 0.453333 0.013333 0.070000
2 0.790833 0.416667 0.026667 0.035000
3 0.794167 0.626667 0.007500 0.015000
3 0.685000 0.645000 0.017500 0.031667
3 0.382500 0.380000 0.009167 0.023333
2 0.368333 0.383333 0.045833 0.021667
3 0.749167 0.653333 0.017500 0.031667
2 0.693333 0.623333 0.029167 0.038333
2 0.645000 0.425000 0.034167 0.100000
2 0.430833 0.783333 0.029167 0.038333
3 0.712500 0.235000 0.013333 0.031667
2 0.785833 0.623333 0.034167 0.038333
2 0.556667 0.650000 0.009167 0.040000
2 0.740833 0.411667 0.010000 0.031667
3 0.790000 0.643333 0.007500 0.015000
2 0.240000 0.723333 0.035000 0.105000
2 0.390833 0.750000 0.011667 0.066667
3 0.316667 0.715000 0.009167 0.016667
3 0.531667 0.693333 0.008333 0.021667
3 0.357500 0.256667 0.011667 0.030000
3 0.766667 0.696667 0.013333 0.031667
2 0.485833 0.405000 0.013333 0.070000
2 0.465000 0.355000 0.020000 0.021667
2 0.549167 0.708333 0.021667 0.090000
2 0.720000 0.730000 0.022500 0.023333
3 0.313333 0.230000 0.010833 0.013333
3 0.320000 0.348333 0.007500 0.015000
2 0.699167 0.731667 0.022500 0.023333
2 0.627500 0.585000 0.097500 0.053333
2 0.660833 0.371667 0.020833 0.080000
2 0.267500 0.736667 0.014167 0.015000
3 0.331667 0.733333 0.011667 0.020000
3 0.475000 0.323333 0.007500 0.015000
2 0.550000 0.730000 0.097500 0.053333
3 0.757500 0.291667 0.010833 0.013333
2 0.792500 0.678333 0.034167 0.100000
3 0.388333 0.365000 0.007500 0.015000
3 0.336667 0.860000 0.013333 0.015000
2 0.524167 0.350000 0.009167 0.040000
2 0.302500 0.721667 0.017500 0.116667
2 0.693333 0.346667 0.015833 0.068333
2 0.460000 0.316667 0.048333 0.043333
2 0.611667 0.378333 0.048333 0.043333
2 0.642500 0.381667 0.014167 0.015000
3 0.730000 0.645000 0.007500 0.018333
2 0.310833 0.398333 0.034167 0.038333
2 0.614167 0.751667 0.009167 0.040000
3 0.483333 0.755000 0.007500 0.015000
3 0.317500 0.415000 0.009167 0.023333
2 0.575833 0.356667 0.027500 0.016667
3 0.505000 0.333333 0.007500 0.015000
3 0.630833 0.661667 0.008333 0.021667
2 0.449167 0.355000 0.026667 0.035000
2 0.725833 0.338333 0.020833 0.028333
2 0.445833 0.411667 0.013333 0.070000
3 0.305000 0.660000 0.007500 0.015000
3 0.261667 0.696667 0.009167 0.018333
2 0.794167 0.753333 0.034167 0.100000
3 0.170000 0.403333 0.009167 0.016667
2 0.491667 0.285000 0.021667 0.090000
3 0.771667 0.346667 0.006667 0.018333
2 0.740833 0.618333 0.029167 0.038333
3 0.444167 0.708333 0.013333 0.015000
3 0.688333 0.328333 0.007500 0.018333
3 0.201667 0.658333 0.009167 0.015000
2 0.335000 0.633333 0.019167 0.046667
2 0.675000 0.645000 0.026667 0.035000
3 0.606667 0.340000 0.010000 0.016667
2 0.560833 0.643333 0.034167 0.100000
2 0.614167 0.643333 0.010000 0.031667
2 0.549167 0.675000 0.011667 0.025000
3 0.340000 0.713333 0.008333 0.016667
