4 0.853333 0.481667 0.060000 0.158333
4 0.896667 0.485000 0.042500 0.081667
4 0.861667 0.621667 0.090833 0.173333
4 0.823333 0.520000 0.083333 0.056667
4 0.800833 0.650000 0.075833 0.116667
4 0.800833 0.500000 0.120833 0.056667
4 0.817500 0.471667 0.103333 0.121667
4 0.853333 0.571667 0.071667 0.141667
4 0.885833 0.455000 0.050833 0.031667
4 0.845000 0.493333 0.052500 0.100000
4 0.415000 0.670000 0.125000 0.238333
4 0.101667 0.546667 0.081667 0.031667
4 0.454167 0.543333 0.051667 0.066667
4 0.070000 0.543333 0.045000 0.023333
4 0.725000 0.626667 0.169167 0.288333
4 0.141667 0.635000 0.072500 0.161667
4 0.700000 0.606667 0.127500 0.198333
4 0.035000 0.505000 0.070000 0.061667
4 0.606667 0.521667 0.141667 0.073333
4 0.057500 0.671667 0.115000 0.301667
2 0.400833 0.565000 0.014167 0.015000
3 0.180000 0.510000 0.009167 0.015000
2 0.019167 0.503333 0.038333 0.021667
2 0.134167 0.478333 0.022500 0.023333
3 0.753333 0.538333 0.010000 0.016667
2 0.363333 0.501667 0.048333 0.043333
2 0.543333 0.545000 0.020833 0.080000
3 0.824167 0.366667 0.008333 0.016667
3 0.399167 0.546667 0.010000 0.016667
2 0.285833 0.548333 0.009167 0.031667
2 0.678333 0.541667 0.010833 0.091667
2 0.345833 0.471667 0.029167 0.038333
3 0.487500 0.438333 0.013333 0.015000
2 0.380833 0.580000 0.009167 0.031667
3 0.589167 0.515000 0.008333 0.016667
3 0.514167 0.500000 0.008333 0.016667
3 0.689167 0.558333 0.014167 0.025000
2 0.660000 0.465000 0.026667 0.035000
2 0.066667 0.493333 0.020000 0.021667
2 0.021667 0.518333 0.043333 0.021667
2 0.609167 0.498333 0.023333 0.106667
3 0.152500 0.525000 0.009167 0.016667
2 0.810000 0.676667 0.030833 0.051667
3 0.500833 0.433333 0.008333 0.016667
2 0.358333 0.516667 0.035000 0.105000
2 0.585833 0.565000 0.020833 0.028333
2 0.152500 0.526667 0.097500 0.053333
3 0.184167 0.573333 0.015833 0.051667
3 0.600000 0.570000 0.013333 0.031667
2 0.210833 0.531667 0.009167 0.040000
2 0.584167 0.460000 0.027500 0.016667
3 0.498333 0.568333 0.010000 0.016667
2 0.597500 0.563333 0.015833 0.068333
3 0.367500 0.525000 0.006667 0.018333
3 0.072500 0.518333 0.007500 0.015000
3 0.600000 0.483333 0.014167 0.025000
2 0.393333 0.585000 0.014167 0.015000
2 0.534167 0.508333 0.019167 0.046667
3 0.122500 0.508333 0.009167 0.023333
2 0.590000 0.541667 0.026667 0.035000
3 0.505833 0.575000 0.009167 0.015000
2 0.675000 0.445000 0.019167 0.046667
3 0.153333 0.470000 0.011667 0.020000
3 0.357500 0.546667 0.011667 0.030000
2 0.468333 0.455000 0.021667 0.090000
3 0.392500 0.585000 0.017500 0.031667
3 0.673333 0.525000 0.013333 0.031667
2 0.591667 0.630000 0.023333 0.106667
3 0.337500 0.566667 0.009167 0.016667
3 0.015833 0.515000 0.009167 0.018333
3 0.277500 0.485000 0.014167 0.025000
2 0.152500 0.480000 0.058333 0.076667
3 0.620000 0.506667 0.007500 0.015000
2 0.626667 0.523333 0.014167 0.015000
2 0.256667 0.603333 0.021667 0.090000
2 0.280833 0.471667 0.026667 0.035000
3 0.537500 0.561667 0.007500 0.015000
2 0.679167 0.481667 0.015833 0.068333
2 0.349167 0.496667 0.097500 0.053333
3 0.699167 0.528333 0.008333 0.016667
2 0.549167 0.530000 0.020833 0.028333
3 0.395000 0.595000 0.013333 0.031667
2 0.209167 0.536667 0.026667 0.035000
2 0.187500 0.516667 0.026667 0.035000
3 0.799167 0.438333 0.008333 0.016667
2 0.724167 0.496667 0.029167 0.038333
2 0.050000 0.496667 0.020833 0.028333
3 0.410000 0.563333 0.007500 0.016667
3 0.168333 0.596667 0.009167 0.016667
2 0.661667 0.448333 0.035000 0.105000
3 0.091667 0.543333 0.009167 0.015000
3 0.577500 0.545000 0.011667 0.020000
3 0.401667 0.510000 0.011667 0.020000
2 0.141667 0.606667 0.020833 0.080000
3 0.310000 0.533333 0.014167 0.025000
3 0.721667 0.586667 0.007500 0.018333
3 0.083333 0.463333 0.008333 0.016667
3 0.594167 0.518333 0.011667 0.020000
3 0.050833 0.468333 0.013333 0.015000
2 0.474167 0.450000 0.020833 0.080000
2 0.795833 0.596667 0.021667 0.090000
2 0.235833 0.463333 0.014167 0.015000
3 0.141667 0.528333 0.011667 0.030000
3 0.304167 0.446667 0.009167 0.018333
2 0.134167 0.450000 0.015833 0.068333
3 0.347500 0.570000 0.013333 0.015000
2 0.160000 0.440000 0.027500 0.016667
2 0.319167 0.556667 0.015833 0.068333
3 0.487500 0.398333 0.009167 0.018333
2 0.114167 0.511667 0.010000 0.031667
2 0.615000 0.623333 0.021667 0.090000
2 0.664167 0.516667 0.022500 0.023333
3 0.660833 0.531667 0.008333 0.016667
3 0.252500 0.533333 0.013333 0.031667
3 0.718333 0.556667 0.008333 0.016667
2 0.200833 0.515000 0.048333 0.025000
2 0.479167 0.541667 0.030833 0.051667
3 0.345833 0.545000 0.009167 0.018333
2 0.399167 0.515000 0.048333 0.043333
2 0.353333 0.541667 0.030833 0.051667
2 0.614167 0.508333 0.023333 0.106667
3 0.143333 0.458333 0.010833 0.013333
2 0.695833 0.613333 0.011667 0.025000
2 0.790833 0.403333 0.022500 0.023333
3 0.345000 0.725000 0.009167 0.016667
2 0.473333 0.323333 0.021667 0.090000
2 0.726667 0.610000 0.020833 0.028333
3 0.692500 0.341667 0.009167 0.016667
2 0.792500 0.748333 0.030833 0.051667
2 0.313333 0.390000 0.009167 0.040000
2 0.349167 0.715000 0.048333 0.043333
3 0.685833 0.386667 0.013333 0.031667
3 0.685000 0.631667 0.007500 0.015000
2 0.643333 0.435000 0.030833 0.051667
2 0.758333 0.281667 0.035000 0.105000
3 0.339167 0.226667 0.009167 0.016667
2 0.529167 0.366667 0.034167 0.100000
2 0.765833 0.638333 0.010000 0.031667
2 0.674167 0.236667 0.011667 0.066667
2 0.750000 0.305000 0.020833 0.028333
2 0.368333 0.740000 0.027500 0.016667
3 0.651667 0.331667 0.009167 0.015000
3 0.387500 0.700000 0.008333 0.021667
3 0.435833 0.748333 0.010833 0.023333
2 0.346667 0.411667 0.022500 0.023333
3 0.224167 0.351667 0.011667 0.030000
3 0.621667 0.640000 0.009167 0.016667
2 0.624167 0.391667 0.022500 0.023333
2 0.320000 0.350000 0.058333 0.076667
2 0.674167 0.381667 0.048333 0.043333
2 0.658333 0.716667 0.045833 0.021667
3 0.656667 0.323333 0.010833 0.013333
3 0.761667 0.371667 0.008333 0.016667
2 0.252500 0.636667 0.011667 0.025000
2 0.691667 0.596667 0.058333 0.076667
2 0.645000 0.438333 0.014167 0.015000
3 0.755000 0.386667 0.008333 0.016667
2 0.743333 0.640000 0.029167 0.038333
2 0.264167 0.336667 0.009167 0.040000
3 0.720833 0.635000 0.015833 0.051667
3 0.487500 0.276667 0.007500 0.018333
2 0.704167 0.433333 0.009167 0.031667
3 0.680000 0.621667 0.009167 0.015000
3 0.443333 0.390000 0.017500 0.031667
3 0.561667 0.431667 0.010000 0.016667
3 0.661667 0.411667 0.009167 0.015000
2 0.338333 0.750000 0.010833 0.091667
2 0.571667 0.620000 0.048333 0.043333
2 0.312500 0.426667 0.030833 0.051667
2 0.638333 0.391667 0.022500 0.023333
2 0.329167 0.383333 0.058333 0.076667
2 0.380000 0.693333 0.030833 0.051667
3 0.345833 0.701667 0.014167 0.025000
2 0.665833 0.678333 0.045833 0.021667
3 0.730833 0.716667 0.009167 0.015000
2 0.753333 0.696667 0.010833 0.091667
2 0.246667 0.353333 0.020833 0.080000
2 0.254167 0.736667 0.023333 0.041667
2 0.725000 0.300000 0.020000 0.021667
3 0.528333 0.378333 0.007500 0.018333
3 0.725833 0.358333 0.008333 0.016667
3 0.304167 0.293333 0.009167 0.016667
2 0.504167 0.768333 0.030833 0.051667
3 0.538333 0.355000 0.011667 0.020000
2 0.812500 0.693333 0.029167 0.038333
3 0.350833 0.396667 0.014167 0.025000
2 0.664167 0.468333 0.034167 0.100000
2 0.502500 0.310000 0.020833 0.028333
3 0.595833 0.335000 0.007500 0.018333
3 0.725833 0.353333 0.008333 0.021667
3 0.814167 0.630000 0.007500 0.015000
3 0.245000 0.361667 0.010000 0.020000
3 0.261667 0.376667 0.008333 0.016667
3 0.705833 0.661667 0.007500 0.018333
2 0.670833 0.671667 0.022500 0.023333
2 0.220833 0.751667 0.015833 0.068333
3 0.755833 0.590000 0.013333 0.015000
3 0.425000 0.711667 0.008333 0.016667
3 0.185833 0.651667 0.008333 0.016667
2 0.699167 0.616667 0.017500 0.116667
2 0.524167 0.696667 0.023333 0.106667
3 0.569167 0.778333 0.007500 0.018333
3 0.367500 0.648333 0.008333 0.021667
2 0.499167 0.315000 0.027500 0.016667
3 0.420000 0.410000 0.010833 0.023333
3 0.695833 0.711667 0.010000 0.016667
3 0.295833 0.676667 0.007500 0.015000
2 0.550833 0.451667 0.030833 0.051667
2 0.707500 0.336667 0.010000 0.031667
2 0.612500 0.376667 0.045833 0.021667
2 0.686667 0.703333 0.097500 0.053333
3 0.293333 0.728333 0.007500 0.015000
3 0.685000 0.686667 0.007500 0.018333
3 0.647500 0.335000 0.007500 0.015000
3 0.518333 0.230000 0.007500 0.015000
2 0.440833 0.640000 0.029167 0.038333
3 0.615833 0.771667 0.006667 0.018333
2 0.722500 0.633333 0.030833 0.051667
2 0.704167 0.695000 0.023333 0.041667
3 0.456667 0.280000 0.009167 0.016667
2 0.340000 0.696667 0.048333 0.025000
2 0.415000 0.406667 0.034167 0.100000
2 0.702500 0.263333 0.015833 0.068333
3 0.643333 0.378333 0.006667 0.018333
2 0.470000 0.370000 0.010000 0.031667
3 0.570833 0.151667 0.007500 0.015000
2 0.776667 0.601667 0.011667 0.025000
2 0.672500 0.335000 0.020833 0.080000
2 0.661667 0.345000 0.034167 0.100000
2 0.510000 0.413333 0.022500 0.023333
3 0.282500 0.765000 0.007500 0.015000
3 0.749167 0.625000 0.008333 0.021667
2 0.692500 0.616667 0.017500 0.116667
3 0.765000 0.645000 0.011667 0.030000
3 0.775000 0.781667 0.009167 0.015000
3 0.677500 0.441667 0.007500 0.015000
3 0.285000 0.251667 0.009167 0.016667
2 0.718333 0.750000 0.034167 0.100000
3 0.715000 0.328333 0.009167 0.016667
3 0.637500 0.388333 0.010000 0.020000
3 0.320833 0.263333 0.008333 0.016667
2 0.648333 0.373333 0.023333 0.106667
2 0.674167 0.395000 0.022500 0.023333
2 0.275000 0.753333 0.011667 0.025000
2 0.754167 0.348333 0.019167 0.046667
2 0.550000 0.418333 0.010000 0.031667
2 0.638333 0.353333 0.048333 0.025000
3 0.339167 0.861667 0.007500 0.015000
2 0.677500 0.441667 0.014167 0.015000
2 0.434167 0.905000 0.026667 0.035000
2 0.673333 0.670000 0.035000 0.105000
3 0.143333 0.653333 0.007500 0.015000
2 0.337500 0.385000 0.027500 0.016667
3 0.777500 0.656667 0.009167 0.016667
3 0.491667 0.783333 0.009167 0.023333
2 0.522500 0.361667 0.023333 0.041667
2 0.654167 0.378333 0.058333 0.076667
3 0.340833 0.225000 0.014167 0.025000
3 0.546667 0.418333 0.010000 0.020000
2 0.733333 0.625000 0.035000 0.105000
2 0.326667 0.400000 0.009167 0.031667
2 0.314167 0.631667 0.035000 0.105000
2 0.685000 0.696667 0.021667 0.090000
3 0.488333 0.201667 0.009167 0.015000
2 0.725000 0.675000 0.030833 0.051667
2 0.520833 0.393333 0.030833 0.051667
2 0.403333 0.400000 0.048333 0.025000
2 0.238333 0.386667 0.010833 0.091667
2 0.677500 0.640000 0.023333 0.041667
2 0.325833 0.350000 0.011667 0.025000
2 0.677500 0.401667 0.010833 0.091667
2 0.686667 0.653333 0.009167 0.031667
2 0.769167 0.341667 0.017500 0.116667
3 0.560000 0.273333 0.008333 0.016667
3 0.625833 0.350000 0.007500 0.015000
3 0.706667 0.323333 0.009167 0.016667
2 0.465833 0.150000 0.021667 0.090000
2 0.310833 0.683333 0.020000 0.021667
2 0.696667 0.278333 0.009167 0.031667
2 0.325833 0.291667 0.027500 0.016667
3 0.604167 0.313333 0.009167 0.015000
3 0.669167 0.363333 0.011667 0.020000
3 0.308333 0.661667 0.008333 0.016667
3 0.334167 0.651667 0.007500 0.018333
2 0.692500 0.340000 0.019167 0.046667
2 0.311667 0.440000 0.021667 0.090000
2 0.551667 0.401667 0.035000 0.105000
3 0.386667 0.390000 0.010000 0.020000
2 0.434167 0.800000 0.023333 0.106667
2 0.531667 0.408333 0.014167 0.015000
3 0.655000 0.410000 0.017500 0.031667
2 0.445000 0.353333 0.019167 0.046667
2 0.693333 0.626667 0.048333 0.043333
2 0.123333 0.656667 0.048333 0.025000
2 0.776667 0.391667 0.026667 0.035000
2 0.436667 0.361667 0.029167 0.038333
3 0.489167 0.641667 0.007500 0.018333
2 0.795833 0.638333 0.011667 0.025000
3 0.272500 0.323333 0.009167 0.016667
3 0.775000 0.328333 0.017500 0.031667
3 0.515833 0.600000 0.009167 0.018333
2 0.420000 0.713333 0.020833 0.028333
2 0.825000 0.418333 0.023333 0.106667
3 0.511667 0.756667 0.015833 0.051667
2 0.687500 0.380000 0.013333 0.070000
2 0.748333 0.606667 0.019167 0.046667
3 0.190000 0.645000 0.010833 0.013333
3 0.725000 0.610000 0.010833 0.013333
2 0.450833 0.335000 0.019167 0.046667
2 0.713333 0.631667 0.058333 0.076667
3 0.583333 0.615000 0.010833 0.023333
2 0.315000 0.351667 0.023333 0.041667
2 0.223333 0.406667 0.023333 0.106667
2 0.613333 0.676667 0.020833 0.080000
2 0.238333 0.383333 0.022500 0.023333
2 0.545833 0.388333 0.020000 0.021667
2 0.740000 0.811667 0.020833 0.080000
2 0.680833 0.431667 0.030833 0.051667
2 0.645833 0.373333 0.009167 0.040000
2 0.198333 0.725000 0.020000 0.021667
