4 0.786667 0.595000 0.231667 0.123333
4 0.849167 0.478333 0.070000 0.036667
4 0.867500 0.638333 0.091667 0.131667
4 0.868333 0.558333 0.080000 0.053333
4 0.698333 0.626667 0.417500 0.141667
4 0.844167 0.346667 0.073333 0.130000
4 0.820833 0.381667 0.080000 0.133333
4 0.825833 0.448333 0.095000 0.123333
4 0.775833 0.375000 0.195833 0.103333
4 0.886667 0.628333 0.055000 0.140000
4 0.471667 0.703333 0.113333 0.335000
4 0.317500 0.486667 0.183333 0.150000
4 0.582500 0.430000 0.098333 0.205000
4 0.285833 0.488333 0.065000 0.130000
4 0.184167 0.510000 0.251667 0.090000
4 0.450000 0.553333 0.139167 0.031667
4 0.421667 0.500000 0.066667 0.046667
4 0.570000 0.386667 0.163333 0.298333
4 0.103333 0.503333 0.049167 0.106667
4 0.665833 0.458333 0.069167 0.103333
3 0.130833 0.501667 0.008333 0.016667
2 0.089167 0.601667 0.020833 0.080000
3 0.340833 0.516667 0.007500 0.018333
3 0.240000 0.576667 0.008333 0.021667
2 0.489167 0.398333 0.011667 0.066667
2 0.475833 0.471667 0.009167 0.031667
2 0.460833 0.416667 0.017500 0.116667
2 0.376667 0.550000 0.019167 0.046667
2 0.545833 0.501667 0.011667 0.066667
2 0.209167 0.525000 0.045833 0.021667
3 0.469167 0.545000 0.011667 0.030000
2 0.548333 0.538333 0.009167 0.040000
2 0.597500 0.578333 0.015833 0.068333
3 0.464167 0.550000 0.008333 0.016667
3 0.234167 0.485000 0.009167 0.015000
2 0.045000 0.423333 0.035000 0.105000
3 0.402500 0.460000 0.008333 0.016667
3 0.477500 0.583333 0.007500 0.018333
2 0.323333 0.490000 0.022500 0.023333
2 0.081667 0.500000 0.021667 0.090000
2 0.695833 0.561667 0.010833 0.091667
3 0.035000 0.465000 0.007500 0.016667
3 0.220833 0.600000 0.007500 0.015000
3 0.195000 0.585000 0.009167 0.023333
3 0.514167 0.480000 0.008333 0.016667
3 0.213333 0.503333 0.008333 0.016667
3 0.211667 0.501667 0.010000 0.020000
2 0.765833 0.560000 0.023333 0.041667
3 0.621667 0.438333 0.009167 0.016667
3 0.682500 0.521667 0.009167 0.016667
3 0.054167 0.495000 0.007500 0.015000
3 0.216667 0.586667 0.010833 0.023333
2 0.473333 0.530000 0.026667 0.035000
2 0.514167 0.575000 0.021667 0.090000
3 0.337500 0.605000 0.010833 0.023333
3 0.369167 0.490000 0.009167 0.016667
2 0.250000 0.548333 0.013333 0.070000
3 0.340833 0.600000 0.009167 0.023333
3 0.818333 0.670000 0.009167 0.016667
2 0.110000 0.575000 0.019167 0.046667
3 0.654167 0.561667 0.008333 0.016667
3 0.513333 0.518333 0.010833 0.013333
3 0.787500 0.530000 0.009167 0.015000
2 0.687500 0.471667 0.020000 0.021667
3 0.115833 0.520000 0.013333 0.031667
3 0.245000 0.500000 0.009167 0.015000
2 0.565000 0.525000 0.022500 0.023333
3 0.163333 0.566667 0.009167 0.023333
3 0.259167 0.583333 0.009167 0.016667
3 0.287500 0.465000 0.008333 0.021667
2 0.100000 0.433333 0.019167 0.046667
3 0.246667 0.505000 0.010000 0.016667
3 0.687500 0.536667 0.010000 0.016667
2 0.815833 0.638333 0.022500 0.023333
3 0.080833 0.456667 0.010833 0.023333
2 0.170000 0.465000 0.013333 0.070000
2 0.790833 0.515000 0.035000 0.105000
3 0.137500 0.508333 0.010000 0.020000
2 0.584167 0.550000 0.034167 0.038333
3 0.065000 0.550000 0.007500 0.015000
2 0.215833 0.581667 0.048333 0.025000
2 0.165833 0.468333 0.020000 0.021667
2 0.313333 0.450000 0.022500 0.023333
2 0.389167 0.605000 0.022500 0.023333
3 0.366667 0.541667 0.013333 0.015000
3 0.755833 0.451667 0.009167 0.018333
2 0.771667 0.580000 0.009167 0.031667
3 0.610833 0.523333 0.008333 0.021667
2 0.020833 0.495000 0.030833 0.051667
2 0.579167 0.556667 0.011667 0.025000
3 0.173333 0.580000 0.007500 0.015000
3 0.350833 0.523333 0.006667 0.018333
3 0.187500 0.565000 0.009167 0.015000
2 0.609167 0.530000 0.009167 0.040000
3 0.128333 0.518333 0.007500 0.016667
3 0.196667 0.531667 0.008333 0.016667
3 0.308333 0.526667 0.007500 0.018333
2 0.494167 0.395000 0.019167 0.046667
2 0.095000 0.478333 0.019167 0.046667
2 0.720833 0.575000 0.020833 0.028333
2 0.329167 0.556667 0.020000 0.021667
3 0.299167 0.481667 0.008333 0.016667
2 0.140000 0.476667 0.015833 0.068333
2 0.202500 0.495000 0.045833 0.021667
2 0.560833 0.585000 0.026667 0.035000
3 0.405833 0.483333 0.007500 0.018333
3 0.736667 0.491667 0.009167 0.023333
2 0.587500 0.555000 0.048333 0.043333
2 0.213333 0.515000 0.097500 0.053333
2 0.813333 0.503333 0.027500 0.016667
2 0.473333 0.435000 0.011667 0.066667
2 0.460833 0.471667 0.020833 0.028333
2 0.258333 0.538333 0.010833 0.091667
2 0.737500 0.518333 0.021667 0.090000
2 0.440833 0.601667 0.017500 0.116667
3 0.805833 0.588333 0.010833 0.023333
2 0.640833 0.583333 0.023333 0.041667
2 0.129167 0.586667 0.015833 0.068333
3 0.795833 0.566667 0.007500 0.016667
3 0.123333 0.520000 0.013333 0.031667
2 0.370833 0.448333 0.009167 0.040000
3 0.820000 0.548333 0.006667 0.018333
2 0.739167 0.788333 0.023333 0.106667
2 0.305000 0.361667 0.022500 0.023333
3 0.781667 0.381667 0.010833 0.023333
2 0.692500 0.380000 0.011667 0.025000
2 0.284167 0.411667 0.023333 0.041667
2 0.572500 0.728333 0.029167 0.038333
2 0.719167 0.685000 0.045833 0.021667
3 0.762500 0.416667 0.008333 0.016667
3 0.450000 0.711667 0.009167 0.015000
3 0.168333 0.400000 0.013333 0.015000
3 0.730833 0.593333 0.013333 0.015000
3 0.315000 0.393333 0.008333 0.016667
3 0.741667 0.418333 0.008333 0.021667
2 0.271667 0.366667 0.020833 0.028333
2 0.686667 0.698333 0.097500 0.053333
3 0.797500 0.623333 0.008333 0.016667
3 0.270833 0.670000 0.017500 0.031667
2 0.570833 0.725000 0.019167 0.046667
3 0.357500 0.401667 0.017500 0.031667
3 0.699167 0.271667 0.013333 0.015000
2 0.471667 0.648333 0.026667 0.035000
2 0.695833 0.613333 0.011667 0.025000
3 0.639167 0.413333 0.008333 0.016667
2 0.501667 0.851667 0.034167 0.100000
2 0.730000 0.703333 0.011667 0.066667
2 0.710000 0.998333 0.010000 0.001667
3 0.312500 0.256667 0.010833 0.013333
2 0.415000 0.705000 0.013333 0.070000
3 0.185000 0.651667 0.009167 0.018333
2 0.693333 0.308333 0.021667 0.090000
2 0.736667 0.706667 0.027500 0.016667
3 0.340833 0.650000 0.007500 0.016667
2 0.770833 0.333333 0.026667 0.035000
3 0.497500 0.336667 0.014167 0.025000
2 0.701667 0.695000 0.030833 0.051667
2 0.461667 0.306667 0.097500 0.053333
3 0.721667 0.401667 0.013333 0.031667
3 0.757500 0.406667 0.008333 0.021667
2 0.330000 0.381667 0.015833 0.068333
2 0.289167 0.706667 0.021667 0.090000
3 0.435000 0.745000 0.011667 0.030000
3 0.353333 0.390000 0.008333 0.021667
3 0.715000 0.370000 0.009167 0.016667
3 0.782500 0.381667 0.009167 0.016667
2 0.510833 0.405000 0.026667 0.035000
3 0.282500 0.405000 0.008333 0.021667
3 0.793333 0.641667 0.007500 0.015000
2 0.667500 0.445000 0.023333 0.041667
2 0.302500 0.391667 0.029167 0.038333
2 0.434167 0.805000 0.048333 0.043333
3 0.249167 0.675000 0.007500 0.015000
3 0.702500 0.666667 0.013333 0.015000
3 0.763333 0.598333 0.017500 0.031667
2 0.242500 0.721667 0.045833 0.021667
2 0.477500 0.676667 0.027500 0.016667
2 0.436667 0.386667 0.026667 0.035000
2 0.479167 0.728333 0.034167 0.038333
2 0.632500 0.703333 0.097500 0.053333
2 0.808333 0.463333 0.010833 0.091667
3 0.553333 0.326667 0.009167 0.015000
2 0.260833 0.306667 0.021667 0.090000
2 0.542500 0.321667 0.013333 0.070000
2 0.478333 0.333333 0.034167 0.100000
3 0.749167 0.653333 0.009167 0.015000
3 0.646667 0.651667 0.007500 0.018333
2 0.590000 0.725000 0.023333 0.106667
2 0.608333 0.801667 0.020833 0.080000
2 0.258333 0.288333 0.026667 0.035000
3 0.460000 0.883333 0.006667 0.018333
3 0.414167 0.780000 0.008333 0.016667
3 0.248333 0.398333 0.007500 0.018333
3 0.298333 0.705000 0.009167 0.016667
3 0.330833 0.390000 0.007500 0.016667
3 0.700000 0.298333 0.007500 0.016667
2 0.705000 0.670000 0.009167 0.031667
3 0.713333 0.423333 0.015833 0.051667
2 0.706667 0.386667 0.022500 0.023333
2 0.312500 0.296667 0.010833 0.091667
2 0.522500 0.701667 0.048333 0.043333
3 0.184167 0.653333 0.010833 0.023333
3 0.675833 0.641667 0.008333 0.016667
2 0.631667 0.345000 0.027500 0.016667
2 0.436667 0.343333 0.034167 0.038333
2 0.550000 0.676667 0.022500 0.023333
3 0.532500 0.998333 0.006667 0.001667
2 0.666667 0.435000 0.026667 0.035000
3 0.697500 0.670000 0.007500 0.016667
2 0.348333 0.645000 0.015833 0.068333
3 0.226667 0.406667 0.015833 0.051667
2 0.793333 0.615000 0.019167 0.046667
3 0.365000 0.666667 0.009167 0.016667
2 0.373333 0.326667 0.020833 0.080000
3 0.785000 0.398333 0.008333 0.021667
2 0.466667 0.730000 0.034167 0.100000
2 0.450833 0.783333 0.019167 0.046667
3 0.330000 0.315000 0.009167 0.016667
2 0.372500 0.733333 0.034167 0.100000
3 0.314167 0.661667 0.008333 0.016667
2 0.362500 0.636667 0.035000 0.105000
3 0.745000 0.661667 0.010833 0.013333
2 0.684167 0.635000 0.048333 0.025000
3 0.704167 0.688333 0.017500 0.031667
2 0.683333 0.465000 0.010833 0.091667
3 0.730000 0.440000 0.010833 0.013333
3 0.300000 0.391667 0.010000 0.020000
3 0.349167 0.305000 0.007500 0.018333
3 0.750000 0.656667 0.007500 0.018333
3 0.795833 0.720000 0.011667 0.020000
3 0.225833 0.706667 0.010000 0.016667
3 0.428333 0.751667 0.015833 0.051667
2 0.793333 0.750000 0.010833 0.091667
3 0.646667 0.638333 0.008333 0.021667
3 0.463333 0.313333 0.009167 0.023333
3 0.479167 0.295000 0.009167 0.018333
2 0.684167 0.720000 0.022500 0.023333
3 0.406667 0.705000 0.009167 0.018333
2 0.499167 0.783333 0.009167 0.031667
3 0.175000 0.405000 0.009167 0.016667
3 0.435833 0.726667 0.006667 0.018333
2 0.533333 0.641667 0.030833 0.051667
3 0.325833 0.238333 0.013333 0.031667
2 0.484167 0.273333 0.048333 0.025000
3 0.678333 0.363333 0.009167 0.015000
3 0.710000 0.258333 0.009167 0.018333
3 0.271667 0.318333 0.010833 0.013333
2 0.347500 0.285000 0.010000 0.031667
3 0.754167 0.385000 0.009167 0.016667
3 0.810833 0.615000 0.008333 0.016667
2 0.786667 0.653333 0.017500 0.116667
3 0.371667 0.760000 0.010000 0.016667
3 0.650833 0.668333 0.008333 0.016667
3 0.480000 0.778333 0.011667 0.020000
2 0.557500 0.380000 0.009167 0.031667
3 0.709167 0.631667 0.009167 0.015000
2 0.366667 0.356667 0.034167 0.038333
3 0.300833 0.406667 0.013333 0.015000
2 0.445000 0.691667 0.048333 0.025000
2 0.671667 0.600000 0.035000 0.105000
3 0.757500 0.403333 0.008333 0.016667
2 0.323333 0.408333 0.034167 0.100000
2 0.540000 0.685000 0.030833 0.051667
3 0.665000 0.615000 0.013333 0.015000
2 0.710833 0.326667 0.009167 0.040000
3 0.759167 0.410000 0.014167 0.025000
2 0.751667 0.650000 0.013333 0.070000
3 0.644167 0.403333 0.007500 0.015000
3 0.800000 0.381667 0.008333 0.016667
3 0.330833 0.325000 0.014167 0.025000
3 0.251667 0.391667 0.008333 0.016667
3 0.390833 0.688333 0.013333 0.015000
3 0.437500 0.760000 0.011667 0.030000
2 0.663333 0.601667 0.020833 0.080000
2 0.650000 0.608333 0.019167 0.046667
3 0.305000 0.788333 0.010833 0.023333
2 0.594167 0.391667 0.097500 0.053333
2 0.595833 0.703333 0.017500 0.116667
2 0.430833 0.151667 0.034167 0.038333
2 0.591667 0.738333 0.029167 0.038333
3 0.144167 0.655000 0.006667 0.018333
3 0.732500 0.718333 0.013333 0.015000
2 0.297500 0.820000 0.026667 0.035000
2 0.392500 0.693333 0.048333 0.025000
2 0.418333 0.355000 0.027500 0.016667
3 0.352500 0.661667 0.007500 0.015000
2 0.751667 0.356667 0.030833 0.051667
2 0.729167 0.653333 0.009167 0.031667
3 0.685833 0.370000 0.009167 0.016667
3 0.686667 0.633333 0.015833 0.051667
3 0.765000 0.671667 0.011667 0.030000
3 0.490833 0.306667 0.010000 0.020000
2 0.427500 0.390000 0.009167 0.031667
2 0.580000 0.626667 0.009167 0.040000
3 0.500833 0.341667 0.015833 0.051667
2 0.726667 0.378333 0.048333 0.025000
3 0.634167 0.408333 0.007500 0.018333
3 0.315833 0.640000 0.010833 0.023333
2 0.259167 0.758333 0.030833 0.051667
3 0.748333 0.603333 0.007500 0.015000
3 0.728333 0.715000 0.009167 0.015000
2 0.406667 0.663333 0.011667 0.066667
3 0.723333 0.791667 0.013333 0.015000
2 0.641667 0.581667 0.035000 0.105000
3 0.449167 0.653333 0.008333 0.016667
2 0.800833 0.611667 0.011667 0.025000
2 0.563333 0.640000 0.020833 0.080000
3 0.717500 0.428333 0.013333 0.031667
2 0.540833 0.396667 0.097500 0.053333
2 0.241667 0.360000 0.030833 0.051667
3 0.521667 0.405000 0.009167 0.018333
3 0.810833 0.613333 0.007500 0.015000
3 0.790833 0.680000 0.007500 0.016667
3 0.284167 0.255000 0.011667 0.030000
2 0.424167 0.716667 0.029167 0.038333
2 0.246667 0.388333 0.027500 0.016667
3 0.742500 0.343333 0.009167 0.015000
2 0.224167 0.706667 0.048333 0.025000
3 0.538333 0.680000 0.011667 0.020000
2 0.699167 0.625000 0.029167 0.038333
