4 0.849167 0.720000 0.117500 0.275000
4 0.856667 0.523333 0.085833 0.121667
4 0.752500 0.253333 0.223333 0.380000
4 0.867500 0.498333 0.057500 0.073333
4 0.867500 0.720000 0.078333 0.103333
4 0.889167 0.481667 0.057500 0.100000
4 0.885833 0.575000 0.063333 0.081667
4 0.763333 0.700000 0.225000 0.213333
4 0.858333 0.620000 0.073333 0.091667
4 0.808333 0.476667 0.080000 0.061667
4 0.785833 0.486667 0.084167 0.025000
4 0.575000 0.491667 0.257500 0.083333
4 0.666667 0.515000 0.075833 0.038333
4 0.412500 0.525000 0.189167 0.068333
4 0.523333 0.468333 0.078333 0.075000
4 0.307500 0.591667 0.210833 0.143333
4 0.465833 0.508333 0.074167 0.080000
4 0.262500 0.506667 0.101667 0.066667
4 0.044167 0.531667 0.049167 0.035000
4 0.590000 0.513333 0.080833 0.115000
3 0.734167 0.481667 0.009167 0.016667
3 0.126667 0.440000 0.007500 0.015000
3 0.454167 0.480000 0.008333 0.016667
2 0.655833 0.583333 0.010833 0.091667
2 0.595000 0.490000 0.048333 0.043333
3 0.684167 0.540000 0.013333 0.031667
3 0.353333 0.466667 0.008333 0.016667
2 0.083333 0.538333 0.011667 0.066667
2 0.051667 0.561667 0.017500 0.116667
2 0.172500 0.530000 0.010833 0.091667
2 0.465833 0.568333 0.097500 0.053333
3 0.779167 0.490000 0.007500 0.015000
2 0.424167 0.555000 0.027500 0.016667
2 0.132500 0.631667 0.034167 0.100000
3 0.634167 0.505000 0.010000 0.020000
2 0.794167 0.485000 0.014167 0.015000
2 0.440833 0.485000 0.048333 0.025000
2 0.638333 0.581667 0.027500 0.016667
3 0.400000 0.520000 0.011667 0.030000
2 0.381667 0.548333 0.011667 0.066667
3 0.381667 0.550000 0.009167 0.016667
3 0.434167 0.606667 0.007500 0.016667
3 0.245833 0.526667 0.008333 0.021667
2 0.440000 0.498333 0.045833 0.021667
2 0.710833 0.451667 0.020833 0.028333
2 0.282500 0.520000 0.011667 0.066667
2 0.163333 0.548333 0.020833 0.028333
3 0.135833 0.546667 0.007500 0.015000
2 0.038333 0.560000 0.011667 0.025000
2 0.159167 0.426667 0.029167 0.038333
3 0.435833 0.580000 0.006667 0.018333
2 0.808333 0.640000 0.026667 0.035000
3 0.218333 0.470000 0.009167 0.015000
2 0.670000 0.543333 0.013333 0.070000
2 0.631667 0.541667 0.015833 0.068333
3 0.694167 0.516667 0.009167 0.016667
3 0.137500 0.475000 0.010000 0.016667
2 0.663333 0.510000 0.034167 0.038333
2 0.672500 0.530000 0.048333 0.043333
2 0.647500 0.518333 0.009167 0.031667
2 0.478333 0.596667 0.026667 0.035000
3 0.775000 0.483333 0.006667 0.018333
3 0.032500 0.478333 0.015833 0.051667
3 0.563333 0.531667 0.010000 0.016667
3 0.565000 0.585000 0.007500 0.018333
3 0.725833 0.475000 0.010000 0.020000
2 0.513333 0.536667 0.027500 0.016667
3 0.258333 0.505000 0.010833 0.013333
2 0.493333 0.460000 0.015833 0.068333
3 0.514167 0.480000 0.013333 0.031667
2 0.264167 0.458333 0.014167 0.015000
2 0.138333 0.518333 0.023333 0.041667
3 0.499167 0.446667 0.007500 0.015000
3 0.400000 0.523333 0.009167 0.015000
3 0.181667 0.585000 0.011667 0.020000
2 0.160000 0.491667 0.020833 0.080000
3 0.635833 0.561667 0.010000 0.016667
2 0.508333 0.578333 0.020833 0.080000
2 0.481667 0.533333 0.011667 0.066667
2 0.698333 0.516667 0.034167 0.100000
2 0.031667 0.535000 0.022500 0.023333
3 0.547500 0.516667 0.013333 0.015000
2 0.775833 0.493333 0.015833 0.068333
2 0.723333 0.510000 0.009167 0.040000
3 0.753333 0.480000 0.014167 0.025000
3 0.742500 0.543333 0.006667 0.018333
2 0.640000 0.531667 0.020833 0.080000
2 0.663333 0.510000 0.019167 0.046667
2 0.055833 0.501667 0.027500 0.016667
3 0.385000 0.466667 0.009167 0.016667
3 0.609167 0.600000 0.009167 0.015000
3 0.340833 0.540000 0.013333 0.031667
2 0.552500 0.573333 0.023333 0.106667
3 0.050000 0.580000 0.010000 0.016667
3 0.379167 0.575000 0.015833 0.051667
3 0.066667 0.538333 0.007500 0.015000
3 0.081667 0.463333 0.011667 0.030000
2 0.586667 0.585000 0.058333 0.076667
2 0.485833 0.491667 0.009167 0.040000
2 0.082500 0.526667 0.097500 0.053333
2 0.750833 0.471667 0.014167 0.015000
3 0.148333 0.460000 0.008333 0.021667
3 0.062500 0.528333 0.007500 0.015000
3 0.180833 0.448333 0.010833 0.013333
2 0.322500 0.583333 0.023333 0.041667
2 0.149167 0.430000 0.035000 0.105000
2 0.467500 0.408333 0.022500 0.023333
3 0.561667 0.545000 0.010833 0.013333
2 0.456667 0.508333 0.011667 0.066667
2 0.121667 0.496667 0.020833 0.080000
2 0.403333 0.603333 0.020833 0.080000
2 0.440833 0.485000 0.020000 0.021667
2 0.807500 0.553333 0.017500 0.116667
3 0.690000 0.568333 0.011667 0.020000
2 0.221667 0.571667 0.045833 0.021667
2 0.443333 0.608333 0.029167 0.038333
2 0.174167 0.535000 0.035000 0.105000
3 0.459167 0.476667 0.007500 0.018333
2 0.434167 0.563333 0.030833 0.051667
2 0.060833 0.573333 0.034167 0.100000
3 0.723333 0.466667 0.008333 0.016667
3 0.755000 0.568333 0.009167 0.016667
3 0.734167 0.373333 0.008333 0.016667
3 0.308333 0.295000 0.007500 0.018333
2 0.578333 0.571667 0.048333 0.043333
3 0.429167 0.748333 0.009167 0.015000
3 0.669167 0.273333 0.009167 0.016667
2 0.357500 0.283333 0.029167 0.038333
2 0.621667 0.421667 0.023333 0.041667
2 0.270833 0.390000 0.017500 0.116667
3 0.492500 0.320000 0.009167 0.016667
3 0.391667 0.675000 0.008333 0.016667
3 0.712500 0.438333 0.010000 0.020000
3 0.809167 0.623333 0.017500 0.031667
2 0.705000 0.346667 0.019167 0.046667
3 0.486667 0.260000 0.006667 0.018333
2 0.704167 0.456667 0.034167 0.100000
3 0.710000 0.703333 0.007500 0.015000
2 0.737500 0.385000 0.026667 0.035000
2 0.329167 0.731667 0.035000 0.105000
2 0.437500 0.351667 0.020833 0.080000
3 0.312500 0.760000 0.010833 0.023333
2 0.780000 0.380000 0.020833 0.080000
3 0.560000 0.653333 0.007500 0.018333
3 0.288333 0.715000 0.011667 0.030000
3 0.485000 0.371667 0.014167 0.025000
2 0.731667 0.630000 0.021667 0.090000
3 0.313333 0.400000 0.007500 0.016667
3 0.675000 0.366667 0.013333 0.015000
3 0.567500 0.296667 0.009167 0.018333
2 0.773333 0.431667 0.010833 0.091667
2 0.205000 0.698333 0.034167 0.100000
3 0.215833 0.673333 0.013333 0.031667
3 0.795000 0.411667 0.017500 0.031667
3 0.449167 0.371667 0.011667 0.020000
2 0.713333 0.768333 0.029167 0.038333
2 0.453333 0.356667 0.034167 0.100000
3 0.604167 0.646667 0.006667 0.018333
2 0.699167 0.635000 0.048333 0.043333
2 0.777500 0.900000 0.023333 0.106667
2 0.481667 0.241667 0.015833 0.068333
3 0.244167 0.358333 0.009167 0.023333
3 0.745833 0.780000 0.010000 0.016667
3 0.325000 0.656667 0.009167 0.015000
2 0.720833 0.680000 0.023333 0.106667
3 0.451667 0.805000 0.017500 0.031667
2 0.539167 0.265000 0.010000 0.031667
2 0.747500 0.446667 0.021667 0.090000
2 0.815000 0.646667 0.013333 0.070000
3 0.603333 0.330000 0.009167 0.016667
2 0.290000 0.793333 0.009167 0.031667
2 0.816667 0.451667 0.010833 0.091667
3 0.497500 0.256667 0.010000 0.020000
3 0.330833 0.391667 0.014167 0.025000
3 0.790000 0.425000 0.010833 0.023333
2 0.623333 0.646667 0.097500 0.053333
3 0.334167 0.291667 0.010833 0.013333
3 0.344167 0.231667 0.008333 0.016667
2 0.445000 0.223333 0.030833 0.051667
3 0.442500 0.161667 0.010833 0.023333
3 0.813333 0.398333 0.011667 0.030000
3 0.662500 0.398333 0.009167 0.016667
2 0.681667 0.641667 0.023333 0.106667
3 0.627500 0.650000 0.007500 0.015000
2 0.765000 0.616667 0.014167 0.015000
3 0.674167 0.353333 0.009167 0.016667
2 0.418333 0.388333 0.010833 0.091667
2 0.723333 0.775000 0.010000 0.031667
3 0.711667 0.685000 0.010833 0.013333
2 0.586667 0.998333 0.030833 0.001667
3 0.420833 0.410000 0.009167 0.016667
3 0.245000 0.355000 0.007500 0.015000
3 0.680000 0.341667 0.008333 0.016667
2 0.599167 0.730000 0.020000 0.021667
2 0.758333 0.756667 0.026667 0.035000
2 0.421667 0.663333 0.011667 0.066667
2 0.555833 0.346667 0.013333 0.070000
3 0.785833 0.601667 0.009167 0.015000
3 0.290833 0.786667 0.013333 0.015000
3 0.387500 0.765000 0.007500 0.018333
2 0.655000 0.623333 0.010000 0.031667
2 0.345833 0.746667 0.029167 0.038333
3 0.702500 0.645000 0.008333 0.016667
3 0.313333 0.640000 0.010833 0.013333
2 0.729167 0.281667 0.011667 0.066667
3 0.683333 0.636667 0.009167 0.016667
3 0.760833 0.413333 0.010833 0.013333
2 0.661667 0.636667 0.020833 0.080000
2 0.771667 0.336667 0.045833 0.021667
2 0.768333 0.693333 0.010000 0.031667
2 0.398333 0.680000 0.013333 0.070000
2 0.335833 0.710000 0.034167 0.100000
3 0.330000 0.315000 0.009167 0.016667
3 0.741667 0.335000 0.008333 0.016667
2 0.757500 0.438333 0.020833 0.080000
3 0.778333 0.378333 0.015833 0.051667
3 0.144167 0.655000 0.006667 0.018333
2 0.686667 0.353333 0.019167 0.046667
3 0.259167 0.373333 0.013333 0.015000
2 0.665000 0.425000 0.048333 0.025000
3 0.717500 0.998333 0.013333 0.001667
2 0.691667 0.270000 0.027500 0.016667
3 0.455000 0.348333 0.010833 0.013333
2 0.634167 0.413333 0.097500 0.053333
2 0.604167 0.650000 0.048333 0.043333
2 0.698333 0.638333 0.030833 0.051667
3 0.531667 0.998333 0.007500 0.001667
3 0.806667 0.433333 0.009167 0.016667
2 0.673333 0.331667 0.020833 0.028333
2 0.495000 0.781667 0.035000 0.105000
3 0.734167 0.340000 0.015833 0.051667
3 0.784167 0.660000 0.009167 0.015000
2 0.655833 0.358333 0.020833 0.080000
2 0.238333 0.371667 0.015833 0.068333
2 0.655000 0.353333 0.023333 0.041667
2 0.756667 0.288333 0.035000 0.105000
2 0.788333 0.391667 0.030833 0.051667
2 0.511667 0.793333 0.015833 0.068333
2 0.489167 0.255000 0.020833 0.028333
3 0.581667 0.741667 0.011667 0.030000
2 0.752500 0.350000 0.009167 0.040000
3 0.675000 0.423333 0.009167 0.015000
3 0.674167 0.408333 0.007500 0.018333
2 0.301667 0.445000 0.010833 0.091667
3 0.695000 0.728333 0.010000 0.020000
3 0.530833 0.650000 0.008333 0.016667
2 0.387500 0.653333 0.097500 0.053333
3 0.714167 0.348333 0.014167 0.025000
2 0.483333 0.765000 0.019167 0.046667
3 0.622500 0.656667 0.010833 0.023333
2 0.695000 0.400000 0.058333 0.076667
3 0.655000 0.363333 0.009167 0.015000
2 0.520833 0.291667 0.021667 0.090000
3 0.690833 0.638333 0.015833 0.051667
2 0.430000 0.710000 0.020833 0.080000
3 0.696667 0.378333 0.013333 0.031667
3 0.706667 0.661667 0.006667 0.018333
2 0.364167 0.645000 0.011667 0.066667
2 0.585000 0.406667 0.010833 0.091667
3 0.234167 0.385000 0.011667 0.030000
2 0.454167 0.678333 0.010833 0.091667
2 0.565833 0.733333 0.029167 0.038333
2 0.687500 0.646667 0.023333 0.041667
3 0.354167 0.408333 0.008333 0.021667
3 0.235833 0.381667 0.007500 0.018333
3 0.686667 0.633333 0.015833 0.051667
3 0.510000 0.415000 0.014167 0.025000
2 0.684167 0.638333 0.020000 0.021667
2 0.436667 0.706667 0.027500 0.016667
3 0.481667 0.331667 0.010000 0.016667
2 0.403333 0.688333 0.015833 0.068333
3 0.775833 0.783333 0.007500 0.016667
2 0.710000 0.410000 0.034167 0.038333
3 0.785000 0.398333 0.011667 0.020000
3 0.491667 0.306667 0.007500 0.015000
3 0.450833 0.650000 0.009167 0.016667
2 0.682500 0.361667 0.023333 0.106667
2 0.700000 0.686667 0.035000 0.105000
2 0.295833 0.723333 0.022500 0.023333
3 0.288333 0.720000 0.006667 0.018333
3 0.809167 0.645000 0.008333 0.016667
3 0.437500 0.776667 0.017500 0.031667
3 0.426667 0.723333 0.007500 0.018333
3 0.693333 0.665000 0.010000 0.020000
2 0.662500 0.613333 0.017500 0.116667
3 0.669167 0.635000 0.009167 0.023333
2 0.298333 0.700000 0.023333 0.106667
3 0.759167 0.295000 0.007500 0.016667
2 0.732500 0.411667 0.014167 0.015000
3 0.603333 0.320000 0.015833 0.051667
3 0.475833 0.301667 0.009167 0.015000
3 0.817500 0.618333 0.007500 0.015000
2 0.668333 0.726667 0.023333 0.106667
2 0.285000 0.118333 0.011667 0.025000
3 0.253333 0.385000 0.014167 0.025000
2 0.727500 0.405000 0.013333 0.070000
3 0.740833 0.333333 0.010000 0.016667
2 0.391667 0.741667 0.010833 0.091667
2 0.486667 0.293333 0.009167 0.031667
2 0.702500 0.755000 0.013333 0.070000
3 0.512500 0.198333 0.009167 0.016667
2 0.440000 0.828333 0.010833 0.091667
3 0.407500 0.356667 0.009167 0.016667
2 0.815000 0.411667 0.045833 0.021667
3 0.387500 0.390000 0.007500 0.015000
2 0.743333 0.408333 0.020000 0.021667
2 0.658333 0.628333 0.020833 0.080000
3 0.368333 0.645000 0.006667 0.018333
2 0.240000 0.331667 0.034167 0.038333
3 0.254167 0.785000 0.009167 0.016667
3 0.561667 0.276667 0.008333 0.016667
3 0.740833 0.411667 0.009167 0.015000
3 0.465833 0.261667 0.011667 0.020000
3 0.738333 0.686667 0.010000 0.016667
3 0.512500 0.421667 0.009167 0.016667
2 0.779167 0.625000 0.009167 0.040000
3 0.445833 0.366667 0.009167 0.016667
3 0.750000 0.608333 0.010000 0.020000
2 0.499167 0.310000 0.030833 0.051667
2 0.373333 0.426667 0.034167 0.100000
