4 0.831667 0.588333 0.070833 0.111667
4 0.827500 0.560000 0.082500 0.030000
4 0.789167 0.480000 0.093333 0.053333
4 0.905833 0.515000 0.048333 0.021667
4 0.823333 0.586667 0.139167 0.248333
4 0.845833 0.680000 0.115833 0.163333
4 0.900000 0.465000 0.053333 0.053333
4 0.791667 0.465000 0.156667 0.193333
4 0.812500 0.716667 0.100000 0.190000
4 0.838333 0.423333 0.087500 0.073333
4 0.029167 0.490000 0.059167 0.195000
4 0.615833 0.415000 0.180000 0.221667
4 0.529167 0.493333 0.066667 0.041667
4 0.537500 0.590000 0.131667 0.211667
4 0.563333 0.568333 0.145000 0.050000
4 0.776667 0.585000 0.100000 0.116667
4 0.589167 0.475000 0.089167 0.078333
4 0.200833 0.448333 0.115000 0.206667
4 0.043333 0.640000 0.086667 0.225000
4 0.024167 0.520000 0.049167 0.086667
2 0.817500 0.500000 0.022500 0.023333
3 0.797500 0.460000 0.009167 0.016667
2 0.194167 0.415000 0.011667 0.066667
3 0.787500 0.501667 0.007500 0.015000
2 0.201667 0.538333 0.026667 0.035000
2 0.072500 0.451667 0.020833 0.080000
3 0.497500 0.453333 0.010833 0.013333
3 0.479167 0.461667 0.017500 0.031667
2 0.486667 0.561667 0.058333 0.076667
3 0.593333 0.518333 0.010833 0.013333
2 0.030833 0.530000 0.034167 0.038333
2 0.077500 0.563333 0.014167 0.015000
2 0.686667 0.488333 0.026667 0.035000
3 0.250833 0.585000 0.009167 0.023333
3 0.720833 0.493333 0.013333 0.015000
3 0.700833 0.568333 0.007500 0.016667
2 0.200833 0.573333 0.019167 0.046667
2 0.057500 0.596667 0.034167 0.100000
3 0.621667 0.541667 0.008333 0.021667
3 0.545000 0.595000 0.009167 0.016667
3 0.758333 0.573333 0.008333 0.016667
2 0.648333 0.530000 0.048333 0.043333
2 0.785000 0.501667 0.011667 0.025000
2 0.640000 0.470000 0.023333 0.106667
2 0.324167 0.553333 0.014167 0.015000
2 0.058333 0.556667 0.023333 0.041667
3 0.767500 0.473333 0.007500 0.015000
2 0.065833 0.483333 0.034167 0.100000
3 0.240833 0.516667 0.007500 0.018333
2 0.459167 0.523333 0.020833 0.028333
2 0.265833 0.596667 0.048333 0.025000
3 0.495000 0.588333 0.007500 0.015000
2 0.112500 0.528333 0.021667 0.090000
2 0.296667 0.453333 0.009167 0.040000
2 0.584167 0.548333 0.045833 0.021667
2 0.756667 0.576667 0.048333 0.025000
2 0.824167 0.608333 0.014167 0.015000
2 0.235000 0.488333 0.035000 0.105000
3 0.693333 0.563333 0.017500 0.031667
3 0.782500 0.533333 0.011667 0.030000
2 0.705000 0.555000 0.017500 0.116667
2 0.029167 0.545000 0.026667 0.035000
2 0.578333 0.496667 0.015833 0.068333
3 0.074167 0.530000 0.006667 0.018333
3 0.591667 0.518333 0.009167 0.016667
2 0.481667 0.473333 0.009167 0.040000
2 0.135000 0.486667 0.048333 0.025000
3 0.068333 0.498333 0.010833 0.023333
2 0.563333 0.500000 0.048333 0.025000
3 0.397500 0.575000 0.009167 0.016667
3 0.187500 0.531667 0.008333 0.016667
2 0.669167 0.531667 0.097500 0.053333
3 0.318333 0.586667 0.007500 0.018333
3 0.268333 0.481667 0.007500 0.016667
3 0.593333 0.500000 0.010000 0.016667
2 0.012500 0.571667 0.020833 0.080000
3 0.558333 0.490000 0.008333 0.016667
2 0.200833 0.573333 0.013333 0.070000
3 0.240833 0.471667 0.009167 0.016667
3 0.371667 0.553333 0.011667 0.030000
2 0.816667 0.655000 0.029167 0.038333
3 0.203333 0.536667 0.010833 0.013333
2 0.732500 0.483333 0.011667 0.025000
2 0.172500 0.461667 0.097500 0.053333
3 0.611667 0.453333 0.013333 0.031667
2 0.340833 0.511667 0.045833 0.021667
2 0.700000 0.603333 0.023333 0.106667
3 0.435000 0.511667 0.006667 0.018333
3 0.606667 0.453333 0.009167 0.015000
3 0.143333 0.535000 0.008333 0.016667
3 0.643333 0.460000 0.008333 0.021667
2 0.325833 0.480000 0.020833 0.080000
3 0.114167 0.516667 0.010833 0.023333
3 0.100000 0.468333 0.010000 0.020000
3 0.781667 0.581667 0.009167 0.016667
2 0.563333 0.498333 0.058333 0.076667
3 0.396667 0.491667 0.009167 0.018333
2 0.384167 0.575000 0.023333 0.106667
2 0.750833 0.528333 0.013333 0.070000
3 0.470000 0.483333 0.017500 0.031667
2 0.396667 0.546667 0.019167 0.046667
2 0.373333 0.558333 0.034167 0.038333
3 0.075000 0.473333 0.007500 0.018333
3 0.345833 0.535000 0.009167 0.015000
3 0.431667 0.525000 0.015833 0.051667
2 0.108333 0.531667 0.020000 0.021667
2 0.510833 0.465000 0.020833 0.028333
3 0.472500 0.511667 0.015833 0.051667
3 0.712500 0.578333 0.010000 0.020000
3 0.582500 0.535000 0.015833 0.051667
3 0.141667 0.470000 0.013333 0.031667
3 0.328333 0.450000 0.008333 0.016667
3 0.606667 0.545000 0.006667 0.018333
2 0.075833 0.556667 0.011667 0.025000
2 0.560833 0.545000 0.034167 0.100000
3 0.618333 0.593333 0.009167 0.016667
3 0.649167 0.478333 0.010833 0.013333
2 0.452500 0.531667 0.030833 0.051667
3 0.459167 0.503333 0.009167 0.016667
3 0.633333 0.580000 0.009167 0.016667
2 0.603333 0.451667 0.011667 0.066667
3 0.469167 0.431667 0.006667 0.018333
2 0.782500 0.676667 0.011667 0.025000
3 0.360833 0.666667 0.009167 0.018333
2 0.446667 0.703333 0.013333 0.070000
2 0.430000 0.340000 0.027500 0.016667
2 0.507500 0.401667 0.027500 0.016667
3 0.667500 0.398333 0.009167 0.018333
2 0.513333 0.426667 0.020833 0.080000
3 0.319167 0.341667 0.007500 0.018333
3 0.684167 0.348333 0.011667 0.020000
3 0.566667 0.738333 0.011667 0.030000
2 0.465833 0.671667 0.021667 0.090000
3 0.685000 0.393333 0.007500 0.015000
2 0.465000 0.250000 0.034167 0.100000
2 0.333333 0.738333 0.009167 0.040000
2 0.781667 0.420000 0.027500 0.016667
3 0.711667 0.448333 0.007500 0.015000
2 0.645000 0.286667 0.035000 0.105000
2 0.773333 0.720000 0.045833 0.021667
3 0.479167 0.321667 0.009167 0.018333
2 0.233333 0.381667 0.020833 0.080000
3 0.310000 0.385000 0.007500 0.018333
2 0.216667 0.708333 0.010833 0.091667
2 0.829167 0.408333 0.014167 0.015000
3 0.690000 0.353333 0.007500 0.016667
3 0.774167 0.616667 0.015833 0.051667
2 0.237500 0.843333 0.013333 0.070000
3 0.553333 0.226667 0.009167 0.018333
2 0.440833 0.451667 0.010833 0.091667
3 0.530000 0.363333 0.009167 0.016667
2 0.435000 0.628333 0.009167 0.040000
2 0.333333 0.311667 0.022500 0.023333
3 0.331667 0.406667 0.007500 0.015000
2 0.798333 0.640000 0.017500 0.116667
3 0.320000 0.350000 0.008333 0.016667
2 0.230000 0.385000 0.014167 0.015000
2 0.423333 0.898333 0.048333 0.025000
2 0.251667 0.720000 0.048333 0.025000
2 0.715000 0.416667 0.017500 0.116667
2 0.256667 0.753333 0.030833 0.051667
2 0.667500 0.633333 0.010000 0.031667
3 0.700833 0.346667 0.011667 0.030000
2 0.570833 0.698333 0.011667 0.066667
2 0.706667 0.375000 0.010833 0.091667
3 0.675833 0.623333 0.013333 0.031667
3 0.766667 0.620000 0.010833 0.023333
2 0.296667 0.338333 0.014167 0.015000
2 0.684167 0.351667 0.026667 0.035000
3 0.762500 0.416667 0.007500 0.018333
3 0.685000 0.356667 0.010000 0.016667
2 0.286667 0.816667 0.021667 0.090000
2 0.705000 0.998333 0.019167 0.001667
2 0.749167 0.636667 0.009167 0.040000
2 0.575000 0.663333 0.023333 0.106667
3 0.651667 0.655000 0.008333 0.016667
2 0.435000 0.706667 0.020833 0.080000
2 0.323333 0.843333 0.048333 0.043333
3 0.260000 0.380000 0.011667 0.030000
3 0.703333 0.620000 0.010000 0.020000
3 0.758333 0.590000 0.007500 0.015000
3 0.654167 0.680000 0.013333 0.031667
3 0.387500 0.643333 0.010833 0.023333
2 0.824167 0.376667 0.020833 0.080000
2 0.350833 0.333333 0.034167 0.100000
2 0.510833 0.405000 0.026667 0.035000
3 0.688333 0.268333 0.007500 0.015000
2 0.337500 0.766667 0.010833 0.091667
2 0.719167 0.691667 0.026667 0.035000
3 0.756667 0.335000 0.009167 0.023333
3 0.386667 0.375000 0.008333 0.016667
2 0.800833 0.636667 0.017500 0.116667
3 0.345000 0.693333 0.009167 0.016667
3 0.266667 0.281667 0.009167 0.023333
3 0.765833 0.665000 0.009167 0.015000
3 0.686667 0.643333 0.010000 0.020000
2 0.542500 0.653333 0.023333 0.041667
2 0.484167 0.676667 0.010833 0.091667
3 0.248333 0.675000 0.009167 0.015000
2 0.465833 0.150000 0.021667 0.090000
2 0.526667 0.245000 0.009167 0.040000
3 0.779167 0.668333 0.008333 0.021667
3 0.645833 0.650000 0.010000 0.016667
2 0.641667 0.293333 0.035000 0.105000
3 0.524167 0.361667 0.008333 0.016667
3 0.704167 0.373333 0.010000 0.016667
2 0.665000 0.643333 0.023333 0.041667
3 0.265833 0.390000 0.007500 0.016667
3 0.656667 0.430000 0.015833 0.051667
3 0.821667 0.368333 0.007500 0.018333
3 0.515000 0.701667 0.007500 0.018333
2 0.607500 0.653333 0.023333 0.041667
2 0.734167 0.753333 0.023333 0.041667
2 0.265000 0.258333 0.045833 0.021667
3 0.713333 0.631667 0.008333 0.016667
3 0.694167 0.663333 0.011667 0.020000
3 0.425000 0.710000 0.008333 0.016667
3 0.454167 0.296667 0.009167 0.018333
3 0.491667 0.323333 0.011667 0.030000
3 0.289167 0.231667 0.013333 0.015000
3 0.632500 0.446667 0.015833 0.051667
2 0.450833 0.270000 0.020833 0.028333
3 0.485833 0.260000 0.007500 0.018333
3 0.318333 0.731667 0.008333 0.016667
3 0.812500 0.615000 0.010833 0.013333
2 0.670833 0.715000 0.020833 0.028333
2 0.595000 0.575000 0.014167 0.015000
3 0.275000 0.740000 0.007500 0.015000
2 0.765833 0.376667 0.048333 0.043333
2 0.438333 0.860000 0.020833 0.080000
2 0.465000 0.796667 0.097500 0.053333
2 0.668333 0.706667 0.097500 0.053333
2 0.708333 0.628333 0.020833 0.028333
2 0.440000 0.378333 0.023333 0.106667
3 0.799167 0.373333 0.009167 0.016667
2 0.443333 0.363333 0.027500 0.016667
3 0.706667 0.643333 0.008333 0.016667
3 0.454167 0.268333 0.008333 0.016667
3 0.775833 0.688333 0.007500 0.015000
2 0.757500 0.606667 0.034167 0.038333
3 0.431667 0.696667 0.017500 0.031667
3 0.678333 0.726667 0.007500 0.015000
3 0.590000 0.168333 0.015833 0.051667
2 0.635000 0.385000 0.048333 0.025000
3 0.329167 0.410000 0.014167 0.025000
3 0.308333 0.693333 0.007500 0.018333
2 0.442500 0.738333 0.023333 0.041667
3 0.593333 0.408333 0.010000 0.016667
2 0.260833 0.755000 0.020833 0.080000
2 0.280833 0.395000 0.048333 0.025000
2 0.765833 0.621667 0.009167 0.040000
2 0.315000 0.700000 0.029167 0.038333
2 0.595000 0.690000 0.019167 0.046667
3 0.480833 0.643333 0.010833 0.013333
2 0.355000 0.365000 0.010000 0.031667
2 0.626667 0.376667 0.045833 0.021667
2 0.579167 0.321667 0.097500 0.053333
2 0.624167 0.433333 0.045833 0.021667
2 0.550833 0.660000 0.020833 0.028333
3 0.566667 0.381667 0.009167 0.016667
2 0.350833 0.440000 0.009167 0.031667
3 0.723333 0.400000 0.010000 0.020000
2 0.704167 0.701667 0.023333 0.106667
2 0.685000 0.355000 0.010000 0.031667
2 0.756667 0.666667 0.030833 0.051667
3 0.805833 0.633333 0.009167 0.016667
3 0.434167 0.395000 0.010833 0.013333
3 0.662500 0.388333 0.007500 0.015000
3 0.219167 0.688333 0.007500 0.018333
3 0.440000 0.733333 0.010833 0.013333
3 0.305833 0.326667 0.008333 0.021667
3 0.680833 0.396667 0.008333 0.016667
3 0.688333 0.661667 0.014167 0.025000
3 0.645000 0.383333 0.010000 0.016667
3 0.349167 0.303333 0.007500 0.018333
2 0.507500 0.420000 0.020000 0.021667
2 0.400833 0.685000 0.023333 0.041667
3 0.742500 0.661667 0.008333 0.016667
2 0.399167 0.401667 0.021667 0.090000
3 0.335833 0.235000 0.015833 0.051667
2 0.680000 0.366667 0.011667 0.066667
2 0.710833 0.430000 0.009167 0.040000
3 0.675833 0.426667 0.008333 0.016667
2 0.690833 0.665000 0.030833 0.051667
2 0.481667 0.211667 0.023333 0.041667
3 0.736667 0.661667 0.007500 0.018333
3 0.600000 0.710000 0.009167 0.023333
2 0.681667 0.360000 0.015833 0.068333
3 0.355000 0.643333 0.010000 0.016667
2 0.701667 0.998333 0.026667 0.001667
3 0.705833 0.420000 0.017500 0.031667
3 0.451667 0.785000 0.007500 0.015000
2 0.747500 0.711667 0.027500 0.016667
2 0.605000 0.638333 0.034167 0.038333
2 0.464167 0.803333 0.045833 0.021667
2 0.286667 0.816667 0.021667 0.090000
2 0.785833 0.368333 0.017500 0.116667
3 0.275833 0.665000 0.007500 0.015000
3 0.357500 0.253333 0.011667 0.020000
2 0.287500 0.756667 0.030833 0.051667
2 0.447500 0.685000 0.011667 0.066667
2 0.271667 0.351667 0.097500 0.053333
2 0.617500 0.635000 0.017500 0.116667
2 0.490833 0.261667 0.034167 0.038333
3 0.477500 0.618333 0.008333 0.016667
3 0.406667 0.648333 0.007500 0.018333
3 0.700833 0.668333 0.008333 0.016667
3 0.301667 0.400000 0.015833 0.051667
2 0.529167 0.313333 0.023333 0.041667
2 0.628333 0.615000 0.034167 0.038333
2 0.739167 0.353333 0.020833 0.080000
2 0.568333 0.626667 0.022500 0.023333
3 0.699167 0.296667 0.009167 0.015000
2 0.581667 0.768333 0.034167 0.100000
3 0.519167 0.226667 0.013333 0.031667
3 0.589167 0.630000 0.008333 0.016667
2 0.495000 0.345000 0.011667 0.066667
3 0.725000 0.350000 0.009167 0.016667
2 0.251667 0.211667 0.015833 0.068333
3 0.790000 0.661667 0.011667 0.030000
