4 0.881667 0.598333 0.051667 0.080000
4 0.796667 0.666667 0.195000 0.111667
4 0.795000 0.635000 0.158333 0.070000
4 0.835000 0.398333 0.058333 0.123333
4 0.800000 0.773333 0.245000 0.438333
4 0.846667 0.446667 0.070000 0.061667
4 0.809167 0.588333 0.100833 0.031667
4 0.845000 0.640000 0.082500 0.033333
4 0.811667 0.551667 0.100833 0.116667
4 0.887500 0.435000 0.045000 0.053333
4 0.384167 0.506667 0.080833 0.041667
4 0.401667 0.578333 0.042500 0.108333
4 0.612500 0.660000 0.240833 0.245000
4 0.089167 0.675000 0.115833 0.218333
4 0.620833 0.510000 0.143333 0.036667
4 0.090833 0.518333 0.106667 0.080000
4 0.587500 0.591667 0.195833 0.083333
4 0.202500 0.396667 0.159167 0.251667
4 0.290000 0.468333 0.060833 0.121667
4 0.435000 0.583333 0.180833 0.118333
2 0.641667 0.615000 0.010833 0.091667
3 0.730000 0.513333 0.017500 0.031667
2 0.091667 0.546667 0.023333 0.106667
2 0.689167 0.441667 0.034167 0.038333
2 0.637500 0.473333 0.010000 0.031667
3 0.197500 0.568333 0.009167 0.023333
3 0.319167 0.578333 0.013333 0.031667
2 0.421667 0.541667 0.035000 0.105000
2 0.090833 0.543333 0.011667 0.066667
2 0.141667 0.596667 0.048333 0.043333
3 0.360000 0.558333 0.007500 0.015000
2 0.565000 0.610000 0.034167 0.100000
3 0.077500 0.490000 0.008333 0.016667
3 0.320000 0.476667 0.009167 0.016667
3 0.420833 0.506667 0.008333 0.016667
3 0.220000 0.503333 0.006667 0.018333
3 0.372500 0.476667 0.009167 0.016667
3 0.175000 0.496667 0.007500 0.015000
3 0.558333 0.570000 0.014167 0.025000
2 0.460000 0.578333 0.011667 0.025000
3 0.101667 0.576667 0.014167 0.025000
2 0.118333 0.586667 0.009167 0.031667
2 0.535833 0.480000 0.048333 0.025000
3 0.484167 0.575000 0.009167 0.015000
2 0.134167 0.468333 0.011667 0.066667
2 0.371667 0.473333 0.011667 0.025000
2 0.443333 0.485000 0.020000 0.021667
3 0.470000 0.595000 0.007500 0.016667
3 0.646667 0.533333 0.009167 0.023333
2 0.270000 0.458333 0.034167 0.038333
2 0.755000 0.466667 0.023333 0.106667
2 0.695000 0.565000 0.030833 0.051667
2 0.029167 0.560000 0.019167 0.046667
3 0.271667 0.493333 0.009167 0.016667
3 0.217500 0.503333 0.010000 0.016667
2 0.610000 0.485000 0.045833 0.021667
3 0.564167 0.480000 0.008333 0.016667
3 0.555833 0.536667 0.007500 0.015000
3 0.264167 0.596667 0.008333 0.016667
2 0.541667 0.580000 0.026667 0.035000
2 0.025833 0.490000 0.020833 0.080000
2 0.609167 0.478333 0.022500 0.023333
3 0.440833 0.505000 0.006667 0.018333
2 0.778333 0.436667 0.020833 0.080000
2 0.085833 0.591667 0.010833 0.091667
2 0.324167 0.590000 0.023333 0.041667
2 0.569167 0.498333 0.097500 0.053333
3 0.340833 0.561667 0.013333 0.031667
3 0.277500 0.595000 0.008333 0.016667
2 0.798333 0.460000 0.027500 0.016667
3 0.487500 0.511667 0.008333 0.016667
3 0.497500 0.438333 0.008333 0.016667
2 0.432500 0.453333 0.011667 0.025000
2 0.278333 0.490000 0.048333 0.043333
2 0.297500 0.616667 0.013333 0.070000
3 0.470833 0.600000 0.007500 0.015000
3 0.283333 0.523333 0.013333 0.015000
2 0.015000 0.536667 0.019167 0.046667
3 0.400833 0.556667 0.007500 0.015000
3 0.378333 0.558333 0.007500 0.015000
2 0.747500 0.465000 0.022500 0.023333
3 0.304167 0.521667 0.007500 0.015000
3 0.139167 0.520000 0.007500 0.018333
2 0.341667 0.566667 0.015833 0.068333
3 0.458333 0.546667 0.009167 0.023333
2 0.197500 0.508333 0.015833 0.068333
3 0.337500 0.510000 0.007500 0.016667
2 0.186667 0.456667 0.027500 0.016667
2 0.110833 0.525000 0.045833 0.021667
3 0.795833 0.446667 0.008333 0.016667
2 0.279167 0.523333 0.048333 0.025000
2 0.535000 0.516667 0.013333 0.070000
2 0.146667 0.541667 0.019167 0.046667
2 0.490000 0.555000 0.020833 0.028333
2 0.378333 0.493333 0.027500 0.016667
2 0.171667 0.565000 0.009167 0.040000
2 0.262500 0.510000 0.010000 0.031667
3 0.269167 0.455000 0.009167 0.016667
2 0.017500 0.493333 0.035000 0.021667
3 0.270000 0.510000 0.007500 0.016667
2 0.283333 0.510000 0.048333 0.025000
2 0.582500 0.561667 0.021667 0.090000
2 0.404167 0.540000 0.048333 0.025000
3 0.689167 0.463333 0.008333 0.016667
2 0.170833 0.481667 0.020833 0.028333
3 0.145833 0.503333 0.010000 0.016667
3 0.725833 0.585000 0.009167 0.016667
2 0.426667 0.450000 0.058333 0.076667
3 0.252500 0.596667 0.008333 0.016667
2 0.810000 0.451667 0.034167 0.038333
2 0.378333 0.518333 0.034167 0.100000
2 0.185833 0.503333 0.010833 0.091667
3 0.720000 0.538333 0.008333 0.016667
3 0.608333 0.478333 0.007500 0.015000
3 0.504167 0.550000 0.008333 0.016667
3 0.490833 0.571667 0.009167 0.023333
2 0.436667 0.528333 0.035000 0.105000
3 0.256667 0.510000 0.006667 0.018333
2 0.816667 0.588333 0.022500 0.023333
3 0.457500 0.530000 0.010833 0.023333
2 0.226667 0.541667 0.048333 0.043333
3 0.476667 0.460000 0.009167 0.015000
3 0.510833 0.291667 0.008333 0.016667
3 0.729167 0.725000 0.013333 0.031667
3 0.661667 0.426667 0.015833 0.051667
3 0.310833 0.795000 0.010000 0.016667
3 0.541667 0.341667 0.009167 0.016667
2 0.578333 0.631667 0.011667 0.066667
3 0.526667 0.615000 0.009167 0.018333
2 0.534167 0.643333 0.048333 0.025000
2 0.665000 0.690000 0.034167 0.100000
3 0.307500 0.385000 0.013333 0.031667
2 0.812500 0.693333 0.029167 0.038333
2 0.490833 0.271667 0.048333 0.043333
2 0.681667 0.290000 0.023333 0.106667
3 0.313333 0.208333 0.009167 0.016667
2 0.510833 0.716667 0.020000 0.021667
3 0.380833 0.701667 0.008333 0.016667
3 0.465833 0.813333 0.007500 0.018333
3 0.518333 0.290000 0.007500 0.015000
3 0.521667 0.760000 0.010000 0.016667
3 0.360833 0.398333 0.010833 0.023333
2 0.782500 0.763333 0.021667 0.090000
3 0.670833 0.430000 0.017500 0.031667
3 0.740000 0.688333 0.006667 0.018333
2 0.663333 0.648333 0.022500 0.023333
2 0.736667 0.691667 0.029167 0.038333
2 0.390000 0.355000 0.023333 0.106667
2 0.702500 0.401667 0.021667 0.090000
3 0.660833 0.393333 0.009167 0.018333
2 0.777500 0.656667 0.011667 0.025000
2 0.240000 0.415000 0.013333 0.070000
2 0.570000 0.673333 0.010833 0.091667
3 0.682500 0.640000 0.008333 0.016667
3 0.582500 0.436667 0.009167 0.023333
3 0.720000 0.380000 0.013333 0.031667
3 0.408333 0.681667 0.008333 0.021667
2 0.739167 0.423333 0.034167 0.100000
2 0.698333 0.260000 0.011667 0.066667
3 0.643333 0.441667 0.008333 0.016667
2 0.579167 0.735000 0.034167 0.038333
3 0.590000 0.343333 0.011667 0.030000
3 0.724167 0.790000 0.010833 0.013333
3 0.494167 0.393333 0.008333 0.021667
2 0.562500 0.291667 0.097500 0.053333
3 0.696667 0.358333 0.011667 0.020000
2 0.578333 0.571667 0.048333 0.043333
3 0.722500 0.726667 0.017500 0.031667
3 0.685833 0.618333 0.009167 0.016667
3 0.690000 0.355000 0.008333 0.016667
3 0.695833 0.665000 0.013333 0.031667
2 0.602500 0.325000 0.035000 0.105000
3 0.293333 0.763333 0.008333 0.016667
3 0.460833 0.881667 0.017500 0.031667
2 0.437500 0.336667 0.020833 0.028333
2 0.475833 0.310000 0.013333 0.070000
2 0.300000 0.791667 0.030833 0.051667
2 0.298333 0.763333 0.021667 0.090000
2 0.754167 0.578333 0.020833 0.080000
3 0.320000 0.358333 0.007500 0.015000
3 0.298333 0.720000 0.017500 0.031667
3 0.355833 0.643333 0.008333 0.016667
2 0.332500 0.313333 0.048333 0.025000
2 0.715833 0.353333 0.027500 0.016667
3 0.441667 0.653333 0.007500 0.016667
2 0.650833 0.236667 0.058333 0.076667
2 0.775833 0.366667 0.020833 0.028333
2 0.609167 0.768333 0.020000 0.021667
2 0.750833 0.371667 0.010833 0.091667
3 0.295000 0.713333 0.008333 0.016667
3 0.606667 0.311667 0.009167 0.018333
2 0.765000 0.328333 0.019167 0.046667
2 0.250000 0.361667 0.020833 0.080000
3 0.565833 0.746667 0.009167 0.018333
3 0.807500 0.391667 0.014167 0.025000
3 0.770833 0.403333 0.007500 0.018333
3 0.343333 0.308333 0.008333 0.016667
2 0.765833 0.355000 0.029167 0.038333
3 0.631667 0.388333 0.010833 0.013333
3 0.540833 0.998333 0.008333 0.001667
2 0.595000 0.315000 0.009167 0.040000
2 0.230000 0.670000 0.045833 0.021667
3 0.755000 0.606667 0.007500 0.015000
2 0.333333 0.848333 0.026667 0.035000
2 0.543333 0.218333 0.009167 0.031667
2 0.217500 0.393333 0.048333 0.025000
3 0.620000 0.393333 0.010833 0.013333
3 0.779167 0.700000 0.007500 0.018333
2 0.441667 0.706667 0.017500 0.116667
2 0.217500 0.776667 0.023333 0.106667
2 0.751667 0.395000 0.010000 0.031667
2 0.645000 0.626667 0.011667 0.025000
2 0.681667 0.630000 0.034167 0.038333
2 0.297500 0.741667 0.010833 0.091667
3 0.750000 0.641667 0.007500 0.016667
2 0.570000 0.745000 0.013333 0.070000
3 0.694167 0.710000 0.013333 0.015000
2 0.731667 0.655000 0.010833 0.091667
3 0.570000 0.626667 0.014167 0.025000
2 0.248333 0.643333 0.048333 0.043333
3 0.740000 0.416667 0.006667 0.018333
3 0.390833 0.383333 0.009167 0.016667
3 0.520833 0.396667 0.006667 0.018333
2 0.776667 0.416667 0.020000 0.021667
3 0.605833 0.381667 0.009167 0.016667
2 0.702500 0.715000 0.010000 0.031667
2 0.655000 0.438333 0.020833 0.028333
2 0.694167 0.431667 0.045833 0.021667
3 0.570833 0.665000 0.011667 0.020000
3 0.721667 0.423333 0.011667 0.030000
2 0.325000 0.416667 0.013333 0.070000
3 0.695000 0.678333 0.007500 0.015000
3 0.486667 0.303333 0.015833 0.051667
2 0.637500 0.371667 0.029167 0.038333
2 0.770833 0.346667 0.019167 0.046667
2 0.336667 0.250000 0.013333 0.070000
2 0.304167 0.656667 0.027500 0.016667
3 0.418333 0.715000 0.010000 0.020000
3 0.664167 0.360000 0.010833 0.013333
2 0.765000 0.340000 0.015833 0.068333
2 0.264167 0.285000 0.027500 0.016667
2 0.346667 0.370000 0.009167 0.040000
3 0.276667 0.768333 0.009167 0.015000
2 0.449167 0.683333 0.029167 0.038333
2 0.671667 0.365000 0.020833 0.080000
3 0.448333 0.731667 0.011667 0.020000
2 0.682500 0.600000 0.015833 0.068333
2 0.730000 0.645000 0.048333 0.025000
2 0.413333 0.666667 0.045833 0.021667
2 0.220000 0.368333 0.020833 0.080000
2 0.437500 0.678333 0.023333 0.106667
2 0.655000 0.401667 0.017500 0.116667
3 0.640833 0.381667 0.011667 0.030000
3 0.395000 0.316667 0.014167 0.025000
3 0.705833 0.285000 0.006667 0.018333
2 0.693333 0.256667 0.020000 0.021667
2 0.611667 0.393333 0.027500 0.016667
3 0.684167 0.326667 0.010833 0.013333
2 0.425000 0.690000 0.097500 0.053333
2 0.780833 0.645000 0.015833 0.068333
2 0.785000 0.610000 0.058333 0.076667
3 0.488333 0.290000 0.009167 0.023333
2 0.515000 0.321667 0.097500 0.053333
3 0.655833 0.365000 0.007500 0.018333
3 0.656667 0.351667 0.011667 0.020000
2 0.260000 0.708333 0.011667 0.066667
2 0.511667 0.748333 0.034167 0.038333
2 0.280833 0.736667 0.013333 0.070000
3 0.832500 0.410000 0.008333 0.016667
3 0.440833 0.795000 0.009167 0.023333
2 0.436667 0.683333 0.013333 0.070000
2 0.567500 0.645000 0.021667 0.090000
3 0.340833 0.670000 0.007500 0.015000
3 0.422500 0.783333 0.007500 0.015000
2 0.494167 0.353333 0.013333 0.070000
3 0.684167 0.415000 0.009167 0.023333
2 0.515000 0.646667 0.097500 0.053333
2 0.263333 0.730000 0.017500 0.116667
2 0.718333 0.400000 0.011667 0.066667
3 0.550833 0.420000 0.007500 0.015000
3 0.711667 0.418333 0.013333 0.031667
3 0.666667 0.715000 0.009167 0.016667
3 0.708333 0.413333 0.008333 0.021667
2 0.471667 0.350000 0.015833 0.068333
2 0.705833 0.446667 0.022500 0.023333
3 0.530000 0.651667 0.009167 0.016667
2 0.300833 0.343333 0.045833 0.021667
2 0.619167 0.385000 0.022500 0.023333
3 0.458333 0.345000 0.008333 0.016667
3 0.784167 0.366667 0.010833 0.013333
2 0.700000 0.713333 0.030833 0.051667
3 0.717500 0.608333 0.006667 0.018333
2 0.509167 0.385000 0.034167 0.100000
3 0.237500 0.335000 0.009167 0.016667
3 0.355833 0.656667 0.010000 0.020000
3 0.620833 0.648333 0.014167 0.025000
2 0.718333 0.641667 0.015833 0.068333
3 0.692500 0.753333 0.008333 0.016667
3 0.727500 0.380000 0.013333 0.031667
2 0.745833 0.386667 0.011667 0.025000
3 0.816667 0.393333 0.017500 0.031667
3 0.784167 0.395000 0.009167 0.016667
3 0.494167 0.770000 0.013333 0.031667
3 0.365833 0.655000 0.010000 0.020000
3 0.455000 0.753333 0.009167 0.018333
2 0.428333 0.666667 0.048333 0.025000
2 0.726667 0.565000 0.020833 0.080000
2 0.735833 0.671667 0.019167 0.046667
2 0.347500 0.610000 0.045833 0.021667
3 0.335000 0.651667 0.006667 0.018333
3 0.579167 0.745000 0.015833 0.051667
3 0.650000 0.715000 0.007500 0.018333
3 0.760833 0.601667 0.009167 0.016667
2 0.680833 0.675000 0.020833 0.080000
2 0.693333 0.328333 0.011667 0.066667
3 0.441667 0.713333 0.007500 0.018333
2 0.434167 0.718333 0.013333 0.070000
2 0.421667 0.685000 0.035000 0.105000
2 0.770000 0.388333 0.009167 0.031667
3 0.702500 0.720000 0.009167 0.023333
