4 0.850000 0.578333 0.066667 0.090000
4 0.854167 0.600000 0.116667 0.071667
4 0.845833 0.346667 0.078333 0.135000
4 0.810000 0.565000 0.107500 0.093333
4 0.881667 0.660000 0.063333 0.058333
4 0.829167 0.403333 0.073333 0.106667
4 0.815833 0.473333 0.120833 0.185000
4 0.795833 0.518333 0.131667 0.041667
4 0.835000 0.470000 0.044167 0.036667
4 0.840000 0.543333 0.043333 0.033333
4 0.329167 0.436667 0.150000 0.255000
4 0.598333 0.665000 0.237500 0.230000
4 0.535000 0.611667 0.122500 0.241667
4 0.290000 0.510000 0.055000 0.063333
4 0.657500 0.563333 0.059167 0.070000
4 0.225833 0.523333 0.038333 0.051667
4 0.797500 0.526667 0.027500 0.085000
4 0.040833 0.648333 0.081667 0.290000
4 0.458333 0.575000 0.080000 0.131667
4 0.020833 0.575000 0.041667 0.053333
3 0.167500 0.583333 0.010833 0.023333
2 0.492500 0.531667 0.011667 0.025000
2 0.625000 0.495000 0.013333 0.070000
2 0.421667 0.485000 0.097500 0.053333
2 0.760000 0.526667 0.021667 0.090000
2 0.327500 0.578333 0.023333 0.041667
2 0.503333 0.595000 0.013333 0.070000
2 0.385833 0.451667 0.097500 0.053333
2 0.532500 0.485000 0.023333 0.041667
3 0.510000 0.490000 0.013333 0.015000
3 0.030000 0.588333 0.007500 0.018333
2 0.737500 0.560000 0.058333 0.076667
3 0.703333 0.546667 0.009167 0.016667
2 0.520000 0.491667 0.027500 0.016667
3 0.320000 0.588333 0.013333 0.015000
3 0.040833 0.471667 0.011667 0.030000
2 0.325000 0.513333 0.097500 0.053333
2 0.435000 0.588333 0.013333 0.070000
2 0.285000 0.555000 0.020833 0.028333
3 0.290000 0.453333 0.010833 0.013333
2 0.486667 0.436667 0.013333 0.070000
2 0.789167 0.603333 0.030833 0.051667
3 0.379167 0.530000 0.009167 0.016667
2 0.574167 0.593333 0.034167 0.100000
3 0.544167 0.483333 0.007500 0.018333
2 0.684167 0.493333 0.010833 0.091667
3 0.434167 0.475000 0.013333 0.015000
2 0.420000 0.618333 0.029167 0.038333
2 0.248333 0.523333 0.027500 0.016667
2 0.504167 0.523333 0.017500 0.116667
2 0.428333 0.493333 0.045833 0.021667
3 0.650000 0.468333 0.009167 0.023333
2 0.046667 0.456667 0.029167 0.038333
2 0.621667 0.485000 0.019167 0.046667
2 0.550833 0.490000 0.020833 0.028333
2 0.050000 0.518333 0.048333 0.043333
2 0.170000 0.561667 0.097500 0.053333
3 0.293333 0.593333 0.010000 0.016667
2 0.452500 0.510000 0.009167 0.031667
3 0.429167 0.558333 0.007500 0.018333
3 0.277500 0.553333 0.007500 0.018333
2 0.630000 0.576667 0.029167 0.038333
2 0.684167 0.551667 0.020833 0.028333
2 0.317500 0.590000 0.021667 0.090000
3 0.616667 0.443333 0.007500 0.015000
3 0.566667 0.573333 0.007500 0.015000
2 0.625000 0.548333 0.020833 0.080000
2 0.124167 0.425000 0.035000 0.105000
3 0.186667 0.563333 0.006667 0.018333
2 0.167500 0.466667 0.034167 0.100000
2 0.460000 0.491667 0.009167 0.040000
3 0.510833 0.480000 0.007500 0.015000
2 0.141667 0.556667 0.029167 0.038333
2 0.442500 0.598333 0.023333 0.106667
2 0.612500 0.608333 0.010833 0.091667
2 0.170000 0.586667 0.045833 0.021667
3 0.330833 0.531667 0.008333 0.016667
3 0.809167 0.670000 0.015833 0.051667
2 0.525000 0.575000 0.009167 0.031667
3 0.481667 0.501667 0.011667 0.030000
2 0.562500 0.508333 0.026667 0.035000
2 0.814167 0.515000 0.030833 0.051667
2 0.022500 0.498333 0.020000 0.021667
2 0.566667 0.556667 0.019167 0.046667
2 0.690833 0.548333 0.029167 0.038333
2 0.758333 0.603333 0.010833 0.091667
2 0.151667 0.580000 0.013333 0.070000
3 0.335000 0.491667 0.009167 0.015000
2 0.592500 0.491667 0.021667 0.090000
2 0.467500 0.515000 0.029167 0.038333
3 0.393333 0.546667 0.008333 0.016667
2 0.396667 0.598333 0.026667 0.035000
3 0.186667 0.475000 0.011667 0.020000
2 0.617500 0.516667 0.026667 0.035000
2 0.450833 0.533333 0.020000 0.021667
2 0.414167 0.483333 0.023333 0.106667
2 0.712500 0.541667 0.011667 0.066667
2 0.755000 0.563333 0.010000 0.031667
2 0.092500 0.521667 0.023333 0.106667
3 0.427500 0.463333 0.006667 0.018333
3 0.707500 0.466667 0.010000 0.020000
2 0.719167 0.521667 0.015833 0.068333
3 0.785833 0.563333 0.015833 0.051667
3 0.533333 0.495000 0.017500 0.031667
2 0.512500 0.536667 0.010000 0.031667
2 0.070000 0.518333 0.029167 0.038333
3 0.818333 0.501667 0.007500 0.018333
3 0.731667 0.476667 0.007500 0.018333
2 0.772500 0.560000 0.045833 0.021667
2 0.122500 0.466667 0.010000 0.031667
3 0.728333 0.513333 0.007500 0.015000
2 0.491667 0.558333 0.009167 0.031667
3 0.450833 0.626667 0.008333 0.016667
2 0.480000 0.403333 0.019167 0.046667
3 0.291667 0.570000 0.007500 0.015000
3 0.166667 0.600000 0.009167 0.016667
3 0.029167 0.465000 0.008333 0.016667
2 0.380000 0.513333 0.022500 0.023333
2 0.376667 0.565000 0.023333 0.106667
2 0.255833 0.601667 0.013333 0.070000
3 0.339167 0.590000 0.009167 0.023333
3 0.448333 0.473333 0.015833 0.051667
2 0.588333 0.781667 0.010833 0.091667
3 0.228333 0.400000 0.013333 0.031667
3 0.615000 0.770000 0.007500 0.018333
3 0.258333 0.806667 0.015833 0.051667
2 0.793333 0.433333 0.009167 0.031667
2 0.623333 0.398333 0.035000 0.105000
2 0.713333 0.573333 0.035000 0.105000
3 0.285833 0.250000 0.007500 0.015000
3 0.324167 0.368333 0.009167 0.016667
2 0.646667 0.403333 0.009167 0.040000
3 0.790833 0.646667 0.010833 0.013333
2 0.565000 0.150000 0.020000 0.021667
2 0.706667 0.295000 0.097500 0.053333
2 0.660000 0.370000 0.048333 0.043333
2 0.750000 0.295000 0.011667 0.066667
3 0.248333 0.700000 0.006667 0.018333
2 0.677500 0.626667 0.020833 0.028333
2 0.205833 0.738333 0.048333 0.025000
3 0.656667 0.361667 0.011667 0.030000
3 0.570833 0.633333 0.009167 0.018333
3 0.226667 0.388333 0.007500 0.018333
2 0.725833 0.375000 0.021667 0.090000
2 0.473333 0.756667 0.048333 0.043333
3 0.262500 0.393333 0.008333 0.016667
2 0.773333 0.356667 0.035000 0.105000
3 0.687500 0.388333 0.009167 0.023333
3 0.534167 0.283333 0.007500 0.016667
2 0.620000 0.405000 0.021667 0.090000
3 0.143333 0.658333 0.008333 0.021667
2 0.695833 0.725000 0.023333 0.106667
2 0.788333 0.625000 0.020000 0.021667
2 0.685833 0.688333 0.026667 0.035000
2 0.230000 0.398333 0.022500 0.023333
3 0.443333 0.356667 0.009167 0.016667
3 0.673333 0.258333 0.013333 0.031667
3 0.344167 0.750000 0.008333 0.016667
2 0.812500 0.616667 0.017500 0.116667
3 0.520000 0.761667 0.017500 0.031667
2 0.430833 0.395000 0.017500 0.116667
2 0.731667 0.621667 0.020833 0.080000
3 0.293333 0.728333 0.008333 0.016667
3 0.465000 0.143333 0.011667 0.030000
3 0.324167 0.406667 0.008333 0.016667
3 0.721667 0.775000 0.013333 0.015000
3 0.456667 0.278333 0.009167 0.016667
3 0.510833 0.198333 0.013333 0.031667
2 0.742500 0.318333 0.045833 0.021667
3 0.386667 0.375000 0.008333 0.016667
2 0.308333 0.330000 0.009167 0.040000
3 0.643333 0.401667 0.009167 0.015000
3 0.547500 0.653333 0.007500 0.016667
2 0.703333 0.405000 0.017500 0.116667
2 0.180833 0.383333 0.034167 0.038333
2 0.212500 0.631667 0.020000 0.021667
2 0.413333 0.325000 0.097500 0.053333
2 0.811667 0.395000 0.011667 0.025000
3 0.665000 0.383333 0.011667 0.020000
3 0.806667 0.431667 0.010000 0.020000
2 0.425000 0.823333 0.048333 0.043333
2 0.799167 0.401667 0.015833 0.068333
2 0.443333 0.318333 0.010000 0.031667
2 0.651667 0.348333 0.020833 0.028333
2 0.250833 0.373333 0.058333 0.076667
3 0.327500 0.671667 0.007500 0.015000
2 0.770000 0.361667 0.019167 0.046667
3 0.205000 0.728333 0.006667 0.018333
2 0.260833 0.835000 0.010833 0.091667
2 0.640833 0.725000 0.026667 0.035000
2 0.324167 0.280000 0.022500 0.023333
2 0.432500 0.751667 0.013333 0.070000
2 0.814167 0.618333 0.014167 0.015000
3 0.689167 0.283333 0.007500 0.018333
2 0.795000 0.451667 0.010833 0.091667
2 0.627500 0.416667 0.048333 0.043333
2 0.438333 0.355000 0.020000 0.021667
3 0.550833 0.708333 0.008333 0.016667
3 0.535833 0.735000 0.008333 0.016667
3 0.235833 0.380000 0.008333 0.016667
3 0.695833 0.655000 0.010000 0.016667
3 0.697500 0.663333 0.009167 0.018333
2 0.723333 0.681667 0.034167 0.100000
3 0.555000 0.680000 0.009167 0.018333
3 0.467500 0.783333 0.010000 0.016667
2 0.429167 0.700000 0.023333 0.106667
2 0.626667 0.423333 0.020833 0.080000
3 0.707500 0.338333 0.010000 0.016667
3 0.751667 0.616667 0.011667 0.020000
3 0.725000 0.638333 0.013333 0.015000
2 0.553333 0.681667 0.021667 0.090000
2 0.487500 0.688333 0.030833 0.051667
2 0.777500 0.363333 0.034167 0.038333
2 0.750833 0.405000 0.030833 0.051667
3 0.314167 0.456667 0.009167 0.016667
3 0.368333 0.678333 0.007500 0.015000
3 0.290000 0.715000 0.008333 0.021667
3 0.321667 0.310000 0.015833 0.051667
3 0.826667 0.415000 0.007500 0.016667
2 0.691667 0.275000 0.034167 0.038333
3 0.646667 0.370000 0.007500 0.018333
2 0.479167 0.383333 0.023333 0.106667
2 0.787500 0.410000 0.026667 0.035000
2 0.738333 0.413333 0.010000 0.031667
2 0.722500 0.726667 0.097500 0.053333
3 0.733333 0.656667 0.007500 0.015000
3 0.593333 0.406667 0.009167 0.015000
2 0.323333 0.303333 0.048333 0.043333
2 0.626667 0.371667 0.009167 0.040000
3 0.537500 0.423333 0.008333 0.016667
3 0.525833 0.396667 0.008333 0.016667
2 0.641667 0.373333 0.034167 0.038333
2 0.793333 0.615000 0.019167 0.046667
3 0.667500 0.671667 0.007500 0.015000
3 0.460833 0.408333 0.008333 0.021667
3 0.330833 0.390000 0.007500 0.016667
2 0.751667 0.400000 0.020000 0.021667
2 0.329167 0.426667 0.010833 0.091667
3 0.542500 0.281667 0.006667 0.018333
2 0.566667 0.678333 0.015833 0.068333
3 0.485833 0.751667 0.010000 0.020000
2 0.350000 0.686667 0.030833 0.051667
3 0.566667 0.746667 0.008333 0.016667
2 0.685000 0.361667 0.011667 0.025000
3 0.681667 0.670000 0.010833 0.013333
3 0.387500 0.365000 0.010000 0.020000
2 0.475000 0.436667 0.029167 0.038333
2 0.665000 0.753333 0.034167 0.100000
3 0.825000 0.416667 0.010833 0.023333
2 0.719167 0.628333 0.011667 0.066667
3 0.291667 0.403333 0.007500 0.018333
3 0.786667 0.375000 0.010000 0.020000
3 0.175000 0.386667 0.010833 0.013333
3 0.706667 0.438333 0.010000 0.020000
2 0.715833 0.705000 0.021667 0.090000
3 0.326667 0.356667 0.009167 0.016667
2 0.744167 0.396667 0.015833 0.068333
2 0.715833 0.621667 0.023333 0.041667
2 0.460000 0.873333 0.009167 0.031667
2 0.635833 0.635000 0.010000 0.031667
3 0.683333 0.618333 0.007500 0.018333
3 0.567500 0.145000 0.014167 0.025000
3 0.409167 0.753333 0.008333 0.016667
2 0.311667 0.328333 0.035000 0.105000
2 0.498333 0.381667 0.034167 0.100000
2 0.707500 0.420000 0.045833 0.021667
2 0.569167 0.585000 0.020833 0.080000
2 0.735833 0.743333 0.020000 0.021667
2 0.722500 0.373333 0.035000 0.105000
2 0.275000 0.441667 0.010833 0.091667
3 0.759167 0.610000 0.011667 0.020000
2 0.748333 0.391667 0.009167 0.040000
2 0.484167 0.318333 0.014167 0.015000
2 0.671667 0.351667 0.019167 0.046667
2 0.688333 0.250000 0.029167 0.038333
2 0.299167 0.745000 0.014167 0.015000
2 0.598333 0.641667 0.048333 0.043333
3 0.727500 0.625000 0.008333 0.021667
2 0.463333 0.328333 0.014167 0.015000
2 0.317500 0.696667 0.022500 0.023333
3 0.583333 0.618333 0.011667 0.030000
2 0.798333 0.736667 0.026667 0.035000
3 0.629167 0.351667 0.010833 0.013333
3 0.795000 0.643333 0.007500 0.016667
2 0.520000 0.316667 0.035000 0.105000
3 0.380000 0.383333 0.006667 0.018333
2 0.289167 0.331667 0.029167 0.038333
3 0.327500 0.671667 0.008333 0.016667
3 0.365000 0.706667 0.008333 0.021667
2 0.482500 0.808333 0.020833 0.080000
3 0.728333 0.601667 0.007500 0.018333
3 0.515833 0.310000 0.008333 0.016667
3 0.709167 0.633333 0.010000 0.016667
2 0.362500 0.413333 0.023333 0.106667
2 0.713333 0.655000 0.011667 0.066667
3 0.294167 0.680000 0.011667 0.020000
3 0.781667 0.371667 0.009167 0.016667
3 0.777500 0.608333 0.010000 0.016667
2 0.665833 0.636667 0.020833 0.080000
3 0.653333 0.646667 0.011667 0.030000
3 0.730833 0.655000 0.013333 0.015000
2 0.273333 0.661667 0.020833 0.028333
2 0.679167 0.638333 0.014167 0.015000
3 0.290000 0.353333 0.007500 0.015000
2 0.549167 0.733333 0.021667 0.090000
2 0.242500 0.696667 0.011667 0.025000
3 0.347500 0.705000 0.010833 0.013333
3 0.778333 0.406667 0.008333 0.016667
3 0.782500 0.420000 0.007500 0.018333
3 0.272500 0.665000 0.010000 0.020000
3 0.312500 0.641667 0.013333 0.015000
2 0.788333 0.341667 0.010000 0.031667
2 0.735833 0.331667 0.020000 0.021667
3 0.288333 0.411667 0.008333 0.016667
3 0.796667 0.415000 0.007500 0.015000
2 0.300833 0.641667 0.014167 0.015000
2 0.690833 0.673333 0.013333 0.070000
3 0.747500 0.700000 0.007500 0.018333
2 0.680833 0.378333 0.034167 0.038333
2 0.300833 0.301667 0.035000 0.105000
