4 0.840833 0.478333 0.085833 0.086667
4 0.830000 0.495000 0.107500 0.165000
4 0.812500 0.538333 0.154167 0.095000
4 0.865833 0.588333 0.092500 0.221667
4 0.880833 0.603333 0.070000 0.086667
4 0.890000 0.471667 0.080000 0.135000
4 0.797500 0.561667 0.117500 0.106667
4 0.840833 0.460000 0.043333 0.068333
4 0.825833 0.556667 0.058333 0.100000
4 0.852500 0.773333 0.130000 0.258333
4 0.396667 0.656667 0.188333 0.253333
4 0.100000 0.560000 0.047500 0.046667
4 0.434167 0.496667 0.068333 0.040000
4 0.482500 0.585000 0.119167 0.103333
4 0.732500 0.465000 0.111667 0.135000
4 0.590833 0.431667 0.053333 0.110000
4 0.399167 0.520000 0.123333 0.103333
4 0.199167 0.591667 0.060833 0.103333
4 0.231667 0.545000 0.080833 0.046667
4 0.727500 0.515000 0.088333 0.025000
2 0.305833 0.620000 0.030833 0.051667
2 0.766667 0.531667 0.015833 0.068333
2 0.463333 0.576667 0.010000 0.031667
2 0.593333 0.600000 0.011667 0.025000
2 0.241667 0.505000 0.010833 0.091667
3 0.490833 0.426667 0.007500 0.015000
3 0.660000 0.513333 0.008333 0.021667
2 0.711667 0.520000 0.034167 0.100000
3 0.644167 0.578333 0.007500 0.015000
3 0.733333 0.533333 0.006667 0.018333
2 0.151667 0.423333 0.019167 0.046667
2 0.550000 0.561667 0.022500 0.023333
3 0.605000 0.611667 0.013333 0.015000
2 0.088333 0.478333 0.022500 0.023333
3 0.280000 0.463333 0.017500 0.031667
3 0.631667 0.556667 0.006667 0.018333
2 0.525000 0.508333 0.035000 0.105000
3 0.453333 0.611667 0.007500 0.016667
2 0.636667 0.540000 0.027500 0.016667
2 0.675833 0.535000 0.035000 0.105000
2 0.704167 0.516667 0.034167 0.100000
3 0.255000 0.600000 0.010000 0.020000
3 0.213333 0.535000 0.009167 0.015000
3 0.725000 0.506667 0.011667 0.020000
2 0.586667 0.473333 0.014167 0.015000
2 0.679167 0.463333 0.022500 0.023333
3 0.035833 0.485000 0.007500 0.015000
2 0.316667 0.465000 0.009167 0.040000
3 0.310833 0.471667 0.006667 0.018333
2 0.545000 0.510000 0.011667 0.025000
3 0.620833 0.511667 0.009167 0.016667
3 0.359167 0.510000 0.013333 0.015000
3 0.465000 0.440000 0.007500 0.016667
2 0.494167 0.520000 0.020833 0.080000
2 0.415833 0.493333 0.009167 0.031667
3 0.195000 0.470000 0.010833 0.023333
2 0.495833 0.535000 0.021667 0.090000
2 0.325833 0.468333 0.034167 0.100000
2 0.057500 0.465000 0.015833 0.068333
3 0.253333 0.513333 0.009167 0.015000
2 0.728333 0.540000 0.029167 0.038333
3 0.402500 0.455000 0.017500 0.031667
3 0.779167 0.470000 0.009167 0.016667
3 0.160000 0.501667 0.007500 0.015000
2 0.450833 0.496667 0.045833 0.021667
3 0.187500 0.466667 0.008333 0.016667
2 0.376667 0.515000 0.009167 0.031667
3 0.311667 0.521667 0.009167 0.016667
3 0.444167 0.628333 0.008333 0.016667
2 0.593333 0.488333 0.023333 0.106667
2 0.090000 0.490000 0.023333 0.041667
3 0.074167 0.485000 0.010833 0.013333
2 0.730833 0.578333 0.048333 0.025000
2 0.149167 0.578333 0.021667 0.090000
2 0.089167 0.508333 0.023333 0.106667
3 0.517500 0.508333 0.013333 0.015000
2 0.744167 0.551667 0.020833 0.080000
2 0.183333 0.601667 0.022500 0.023333
3 0.513333 0.561667 0.007500 0.015000
3 0.074167 0.498333 0.008333 0.021667
3 0.359167 0.483333 0.007500 0.016667
3 0.024167 0.525000 0.009167 0.016667
2 0.200000 0.491667 0.015833 0.068333
3 0.245833 0.575000 0.007500 0.015000
3 0.175833 0.591667 0.013333 0.031667
3 0.711667 0.485000 0.009167 0.023333
2 0.443333 0.485000 0.022500 0.023333
3 0.583333 0.506667 0.009167 0.016667
2 0.572500 0.491667 0.026667 0.035000
3 0.368333 0.488333 0.008333 0.016667
2 0.809167 0.533333 0.010833 0.091667
3 0.054167 0.528333 0.007500 0.015000
2 0.402500 0.485000 0.009167 0.040000
2 0.285833 0.526667 0.026667 0.035000
3 0.044167 0.488333 0.008333 0.016667
3 0.043333 0.553333 0.007500 0.015000
3 0.335833 0.498333 0.007500 0.016667
3 0.802500 0.536667 0.009167 0.016667
3 0.454167 0.505000 0.009167 0.016667
2 0.326667 0.476667 0.020833 0.080000
3 0.068333 0.556667 0.013333 0.031667
2 0.090000 0.505000 0.023333 0.041667
2 0.769167 0.571667 0.023333 0.041667
2 0.014167 0.550000 0.026667 0.035000
3 0.207500 0.501667 0.008333 0.021667
2 0.307500 0.453333 0.048333 0.043333
2 0.632500 0.485000 0.022500 0.023333
2 0.800000 0.533333 0.014167 0.015000
3 0.735000 0.516667 0.011667 0.030000
2 0.132500 0.476667 0.023333 0.106667
2 0.550833 0.540000 0.020833 0.028333
3 0.115000 0.583333 0.006667 0.018333
2 0.165833 0.575000 0.021667 0.090000
2 0.195833 0.471667 0.020000 0.021667
2 0.545000 0.493333 0.048333 0.043333
2 0.402500 0.468333 0.022500 0.023333
2 0.492500 0.461667 0.011667 0.025000
2 0.562500 0.513333 0.013333 0.070000
3 0.298333 0.546667 0.007500 0.018333
3 0.298333 0.515000 0.010000 0.020000
2 0.392500 0.546667 0.009167 0.031667
2 0.181667 0.470000 0.011667 0.066667
2 0.211667 0.368333 0.035000 0.105000
3 0.409167 0.386667 0.007500 0.015000
3 0.727500 0.721667 0.007500 0.018333
2 0.250000 0.381667 0.014167 0.015000
2 0.719167 0.353333 0.022500 0.023333
3 0.313333 0.365000 0.014167 0.025000
3 0.383333 0.398333 0.015833 0.051667
3 0.440833 0.711667 0.009167 0.016667
2 0.660833 0.705000 0.020833 0.028333
3 0.778333 0.415000 0.009167 0.023333
3 0.322500 0.353333 0.008333 0.016667
2 0.380000 0.771667 0.022500 0.023333
3 0.467500 0.708333 0.013333 0.015000
2 0.344167 0.273333 0.029167 0.038333
3 0.274167 0.816667 0.010833 0.013333
3 0.499167 0.301667 0.008333 0.016667
3 0.690000 0.336667 0.007500 0.015000
2 0.764167 0.611667 0.035000 0.105000
3 0.809167 0.623333 0.017500 0.031667
2 0.717500 0.445000 0.026667 0.035000
2 0.388333 0.350000 0.048333 0.043333
2 0.725000 0.420000 0.011667 0.025000
3 0.558333 0.428333 0.011667 0.020000
3 0.674167 0.716667 0.014167 0.025000
2 0.533333 0.731667 0.023333 0.041667
3 0.544167 0.206667 0.007500 0.015000
3 0.387500 0.376667 0.006667 0.018333
3 0.519167 0.355000 0.017500 0.031667
3 0.728333 0.623333 0.017500 0.031667
2 0.738333 0.615000 0.026667 0.035000
3 0.605833 0.398333 0.015833 0.051667
2 0.453333 0.708333 0.029167 0.038333
3 0.545000 0.238333 0.007500 0.018333
3 0.531667 0.743333 0.015833 0.051667
2 0.354167 0.768333 0.017500 0.116667
3 0.542500 0.443333 0.007500 0.015000
3 0.533333 0.370000 0.010833 0.023333
3 0.716667 0.430000 0.009167 0.018333
2 0.669167 0.630000 0.011667 0.066667
2 0.335833 0.330000 0.034167 0.100000
3 0.781667 0.603333 0.008333 0.021667
2 0.575000 0.631667 0.029167 0.038333
3 0.531667 0.346667 0.013333 0.015000
3 0.581667 0.425000 0.008333 0.016667
2 0.715000 0.351667 0.015833 0.068333
2 0.701667 0.663333 0.034167 0.100000
3 0.515833 0.716667 0.009167 0.015000
2 0.735833 0.611667 0.034167 0.038333
3 0.450833 0.261667 0.014167 0.025000
3 0.271667 0.326667 0.011667 0.030000
3 0.757500 0.415000 0.010000 0.020000
3 0.462500 0.660000 0.007500 0.015000
3 0.641667 0.638333 0.009167 0.023333
3 0.620000 0.376667 0.014167 0.025000
2 0.627500 0.400000 0.020833 0.028333
3 0.776667 0.391667 0.009167 0.016667
2 0.575000 0.206667 0.030833 0.051667
3 0.475000 0.825000 0.007500 0.016667
2 0.787500 0.453333 0.010833 0.091667
2 0.603333 0.790000 0.030833 0.051667
2 0.419167 0.758333 0.048333 0.025000
2 0.736667 0.311667 0.021667 0.090000
3 0.460000 0.691667 0.008333 0.016667
2 0.510833 0.735000 0.034167 0.100000
2 0.169167 0.431667 0.021667 0.090000
2 0.695000 0.681667 0.026667 0.035000
2 0.541667 0.321667 0.009167 0.040000
3 0.829167 0.423333 0.007500 0.016667
3 0.769167 0.696667 0.007500 0.018333
3 0.707500 0.443333 0.008333 0.021667
3 0.306667 0.693333 0.006667 0.018333
3 0.745000 0.660000 0.017500 0.031667
2 0.320833 0.676667 0.034167 0.100000
3 0.690000 0.381667 0.011667 0.030000
3 0.516667 0.636667 0.009167 0.023333
3 0.806667 0.620000 0.011667 0.020000
2 0.286667 0.386667 0.030833 0.051667
2 0.479167 0.763333 0.034167 0.100000
3 0.766667 0.641667 0.008333 0.016667
3 0.430000 0.755000 0.007500 0.018333
3 0.438333 0.345000 0.010833 0.023333
3 0.645833 0.628333 0.014167 0.025000
2 0.385833 0.381667 0.009167 0.040000
3 0.760833 0.603333 0.009167 0.016667
2 0.690833 0.398333 0.034167 0.038333
2 0.277500 0.270000 0.097500 0.053333
2 0.298333 0.723333 0.030833 0.051667
3 0.761667 0.686667 0.010833 0.013333
2 0.255833 0.363333 0.097500 0.053333
3 0.655000 0.673333 0.011667 0.030000
2 0.757500 0.363333 0.035000 0.105000
3 0.645833 0.723333 0.015833 0.051667
3 0.310000 0.383333 0.013333 0.015000
2 0.649167 0.380000 0.030833 0.051667
2 0.448333 0.298333 0.097500 0.053333
3 0.219167 0.663333 0.007500 0.015000
3 0.341667 0.838333 0.010000 0.016667
3 0.673333 0.441667 0.008333 0.016667
3 0.520833 0.765000 0.011667 0.030000
2 0.457500 0.621667 0.048333 0.025000
3 0.763333 0.406667 0.010000 0.020000
2 0.313333 0.788333 0.014167 0.015000
2 0.772500 0.591667 0.019167 0.046667
3 0.190833 0.651667 0.009167 0.023333
2 0.323333 0.725000 0.010000 0.031667
2 0.433333 0.678333 0.014167 0.015000
3 0.558333 0.213333 0.007500 0.018333
2 0.420833 0.388333 0.023333 0.041667
2 0.785000 0.658333 0.030833 0.051667
2 0.602500 0.356667 0.034167 0.038333
2 0.654167 0.648333 0.058333 0.076667
2 0.740833 0.306667 0.029167 0.038333
2 0.625833 0.648333 0.058333 0.076667
2 0.373333 0.365000 0.019167 0.046667
2 0.248333 0.643333 0.048333 0.043333
2 0.355833 0.711667 0.034167 0.038333
2 0.616667 0.441667 0.048333 0.025000
3 0.770000 0.311667 0.007500 0.015000
2 0.737500 0.408333 0.011667 0.025000
2 0.683333 0.458333 0.010833 0.091667
2 0.162500 0.383333 0.020833 0.028333
2 0.550000 0.153333 0.058333 0.076667
2 0.761667 0.563333 0.020833 0.080000
3 0.215000 0.695000 0.015833 0.051667
2 0.773333 0.578333 0.015833 0.068333
3 0.510833 0.345000 0.006667 0.018333
2 0.775000 0.700000 0.009167 0.031667
2 0.461667 0.743333 0.013333 0.070000
2 0.755000 0.428333 0.013333 0.070000
3 0.657500 0.270000 0.013333 0.015000
2 0.255833 0.633333 0.058333 0.076667
3 0.691667 0.618333 0.009167 0.018333
3 0.691667 0.755000 0.009167 0.023333
3 0.520833 0.701667 0.014167 0.025000
2 0.478333 0.251667 0.048333 0.043333
3 0.329167 0.341667 0.008333 0.016667
3 0.333333 0.730000 0.007500 0.015000
2 0.462500 0.640000 0.027500 0.016667
3 0.284167 0.265000 0.007500 0.015000
3 0.314167 0.643333 0.009167 0.018333
2 0.769167 0.681667 0.020833 0.028333
3 0.805833 0.641667 0.007500 0.018333
2 0.561667 0.426667 0.048333 0.025000
3 0.625000 0.350000 0.010000 0.016667
2 0.665833 0.325000 0.035000 0.105000
2 0.613333 0.306667 0.097500 0.053333
2 0.777500 0.590000 0.009167 0.040000
3 0.326667 0.411667 0.017500 0.031667
2 0.630000 0.683333 0.048333 0.025000
3 0.695000 0.716667 0.011667 0.030000
2 0.464167 0.298333 0.097500 0.053333
3 0.321667 0.266667 0.010833 0.013333
2 0.305833 0.808333 0.010000 0.031667
3 0.325000 0.708333 0.009167 0.016667
2 0.678333 0.380000 0.009167 0.040000
2 0.671667 0.430000 0.022500 0.023333
3 0.515833 0.331667 0.009167 0.016667
3 0.643333 0.323333 0.013333 0.015000
3 0.655833 0.365000 0.017500 0.031667
2 0.718333 0.620000 0.011667 0.025000
3 0.565000 0.786667 0.015833 0.051667
2 0.515833 0.738333 0.048333 0.025000
3 0.661667 0.385000 0.009167 0.016667
2 0.719167 0.576667 0.020833 0.080000
3 0.818333 0.706667 0.017500 0.031667
3 0.425833 0.733333 0.009167 0.023333
2 0.591667 0.998333 0.027500 0.001667
2 0.744167 0.725000 0.026667 0.035000
2 0.665833 0.651667 0.020833 0.028333
2 0.700833 0.690000 0.020000 0.021667
2 0.689167 0.365000 0.034167 0.038333
2 0.461667 0.355000 0.058333 0.076667
2 0.769167 0.720000 0.023333 0.041667
3 0.787500 0.376667 0.008333 0.016667
2 0.710000 0.230000 0.017500 0.116667
2 0.485000 0.240000 0.009167 0.040000
3 0.803333 0.636667 0.007500 0.018333
3 0.590000 0.755000 0.017500 0.031667
3 0.671667 0.605000 0.009167 0.016667
2 0.314167 0.656667 0.023333 0.106667
3 0.193333 0.390000 0.009167 0.015000
3 0.569167 0.668333 0.017500 0.031667
3 0.800000 0.410000 0.009167 0.018333
3 0.458333 0.363333 0.008333 0.016667
3 0.306667 0.703333 0.009167 0.023333
2 0.373333 0.365000 0.019167 0.046667
2 0.779167 0.875000 0.019167 0.046667
2 0.796667 0.665000 0.021667 0.090000
2 0.637500 0.670000 0.014167 0.015000
2 0.233333 0.786667 0.020833 0.080000
3 0.222500 0.766667 0.013333 0.015000
2 0.650833 0.428333 0.029167 0.038333
3 0.672500 0.393333 0.009167 0.018333
2 0.321667 0.325000 0.009167 0.040000
2 0.703333 0.650000 0.020833 0.080000
3 0.225833 0.706667 0.010000 0.016667
2 0.733333 0.660000 0.014167 0.015000
3 0.483333 0.828333 0.009167 0.016667
