4 0.854167 0.431667 0.055833 0.060000
4 0.898333 0.543333 0.036667 0.031667
4 0.883333 0.495000 0.054167 0.073333
4 0.839167 0.465000 0.059167 0.036667
4 0.895000 0.435000 0.038333 0.016667
4 0.864167 0.655000 0.045000 0.128333
4 0.844167 0.511667 0.109167 0.100000
4 0.813333 0.371667 0.097500 0.035000
4 0.835833 0.646667 0.173333 0.210000
4 0.834167 0.445000 0.052500 0.053333
4 0.417500 0.566667 0.052500 0.111667
4 0.112500 0.703333 0.112500 0.336667
4 0.300833 0.480000 0.111667 0.066667
4 0.666667 0.573333 0.048333 0.086667
4 0.534167 0.553333 0.146667 0.143333
4 0.668333 0.503333 0.050833 0.043333
4 0.632500 0.573333 0.076667 0.071667
4 0.352500 0.550000 0.051667 0.111667
4 0.668333 0.485000 0.085000 0.130000
4 0.027500 0.481667 0.055833 0.220000
3 0.299167 0.556667 0.017500 0.031667
3 0.618333 0.610000 0.011667 0.030000
3 0.320000 0.576667 0.008333 0.016667
3 0.621667 0.473333 0.007500 0.018333
3 0.499167 0.421667 0.006667 0.018333
2 0.089167 0.551667 0.022500 0.023333
2 0.182500 0.498333 0.020833 0.080000
2 0.345833 0.516667 0.009167 0.031667
2 0.668333 0.483333 0.017500 0.116667
3 0.474167 0.558333 0.015833 0.051667
3 0.556667 0.461667 0.013333 0.015000
3 0.520000 0.475000 0.014167 0.025000
3 0.485833 0.495000 0.009167 0.016667
2 0.019167 0.548333 0.023333 0.106667
3 0.360833 0.450000 0.009167 0.018333
3 0.698333 0.541667 0.008333 0.016667
3 0.601667 0.563333 0.007500 0.018333
2 0.723333 0.561667 0.017500 0.116667
3 0.488333 0.576667 0.007500 0.018333
3 0.714167 0.501667 0.007500 0.018333
3 0.728333 0.458333 0.007500 0.015000
3 0.243333 0.448333 0.007500 0.015000
2 0.100833 0.481667 0.034167 0.100000
2 0.046667 0.563333 0.021667 0.090000
3 0.362500 0.466667 0.008333 0.016667
3 0.570833 0.458333 0.014167 0.025000
3 0.290000 0.585000 0.009167 0.016667
2 0.469167 0.526667 0.017500 0.116667
2 0.659167 0.526667 0.014167 0.015000
2 0.464167 0.511667 0.034167 0.038333
3 0.080833 0.520000 0.013333 0.015000
3 0.378333 0.571667 0.013333 0.031667
3 0.294167 0.575000 0.010000 0.020000
2 0.105833 0.530000 0.048333 0.025000
2 0.091667 0.536667 0.035000 0.105000
3 0.454167 0.543333 0.010000 0.016667
3 0.487500 0.591667 0.010833 0.013333
3 0.130833 0.490000 0.011667 0.030000
3 0.311667 0.535000 0.007500 0.015000
2 0.813333 0.550000 0.010000 0.031667
3 0.757500 0.501667 0.008333 0.016667
2 0.406667 0.490000 0.020833 0.080000
2 0.378333 0.571667 0.027500 0.016667
3 0.112500 0.508333 0.007500 0.018333
3 0.822500 0.658333 0.011667 0.020000
3 0.193333 0.451667 0.007500 0.018333
3 0.400833 0.585000 0.011667 0.030000
3 0.641667 0.486667 0.008333 0.016667
2 0.453333 0.453333 0.009167 0.031667
2 0.360833 0.481667 0.014167 0.015000
3 0.598333 0.613333 0.007500 0.015000
3 0.395000 0.551667 0.008333 0.016667
2 0.227500 0.495000 0.023333 0.106667
2 0.241667 0.486667 0.023333 0.106667
3 0.688333 0.565000 0.007500 0.018333
3 0.694167 0.493333 0.017500 0.031667
2 0.546667 0.495000 0.020833 0.028333
3 0.817500 0.496667 0.011667 0.020000
3 0.653333 0.461667 0.009167 0.023333
2 0.765833 0.536667 0.015833 0.068333
3 0.250833 0.550000 0.006667 0.018333
3 0.465833 0.428333 0.009167 0.016667
2 0.252500 0.583333 0.019167 0.046667
3 0.720000 0.543333 0.009167 0.016667
2 0.355833 0.531667 0.034167 0.038333
3 0.180833 0.585000 0.007500 0.016667
2 0.285000 0.530000 0.011667 0.066667
3 0.144167 0.510000 0.006667 0.018333
2 0.298333 0.565000 0.014167 0.015000
2 0.201667 0.518333 0.017500 0.116667
3 0.171667 0.570000 0.007500 0.018333
2 0.205000 0.551667 0.017500 0.116667
3 0.173333 0.540000 0.010833 0.023333
3 0.175833 0.453333 0.009167 0.023333
2 0.580000 0.506667 0.015833 0.068333
2 0.360000 0.555000 0.014167 0.015000
2 0.550833 0.608333 0.010833 0.091667
3 0.025833 0.521667 0.010000 0.020000
3 0.325833 0.585000 0.007500 0.015000
3 0.091667 0.491667 0.009167 0.018333
3 0.234167 0.521667 0.013333 0.031667
3 0.232500 0.510000 0.007500 0.015000
2 0.655000 0.535000 0.009167 0.031667
2 0.350833 0.458333 0.022500 0.023333
3 0.265833 0.531667 0.009167 0.023333
2 0.360000 0.498333 0.026667 0.035000
2 0.675833 0.486667 0.048333 0.025000
3 0.382500 0.478333 0.009167 0.016667
3 0.619167 0.603333 0.009167 0.016667
2 0.579167 0.578333 0.027500 0.016667
3 0.464167 0.540000 0.013333 0.015000
3 0.413333 0.548333 0.008333 0.021667
2 0.480000 0.423333 0.020000 0.021667
3 0.633333 0.490000 0.007500 0.016667
3 0.456667 0.505000 0.007500 0.015000
3 0.542500 0.496667 0.010833 0.013333
3 0.571667 0.511667 0.009167 0.023333
3 0.627500 0.476667 0.011667 0.030000
3 0.450000 0.586667 0.011667 0.030000
2 0.171667 0.468333 0.021667 0.090000
3 0.040000 0.571667 0.007500 0.018333
2 0.396667 0.565000 0.011667 0.025000
3 0.335000 0.295000 0.010000 0.016667
2 0.319167 0.728333 0.058333 0.076667
3 0.762500 0.403333 0.009167 0.016667
3 0.456667 0.801667 0.007500 0.018333
3 0.287500 0.263333 0.008333 0.016667
3 0.482500 0.723333 0.011667 0.030000
3 0.721667 0.443333 0.009167 0.016667
3 0.355000 0.283333 0.007500 0.018333
2 0.265000 0.401667 0.034167 0.100000
3 0.675000 0.346667 0.009167 0.016667
2 0.384167 0.686667 0.011667 0.066667
3 0.745833 0.608333 0.009167 0.016667
3 0.677500 0.350000 0.010833 0.023333
3 0.578333 0.653333 0.010833 0.023333
3 0.471667 0.358333 0.006667 0.018333
3 0.650000 0.448333 0.008333 0.021667
2 0.729167 0.670000 0.021667 0.090000
2 0.615000 0.261667 0.020833 0.080000
2 0.318333 0.366667 0.026667 0.035000
3 0.289167 0.261667 0.014167 0.025000
3 0.598333 0.331667 0.009167 0.016667
3 0.707500 0.440000 0.008333 0.016667
3 0.680833 0.376667 0.006667 0.018333
3 0.510833 0.818333 0.006667 0.018333
3 0.275000 0.666667 0.009167 0.016667
2 0.769167 0.665000 0.026667 0.035000
2 0.501667 0.358333 0.027500 0.016667
2 0.587500 0.335000 0.048333 0.043333
3 0.690000 0.358333 0.010000 0.020000
2 0.317500 0.416667 0.034167 0.100000
2 0.796667 0.353333 0.022500 0.023333
2 0.303333 0.285000 0.011667 0.025000
2 0.698333 0.593333 0.058333 0.076667
3 0.643333 0.711667 0.010000 0.020000
3 0.725833 0.356667 0.007500 0.016667
3 0.810000 0.386667 0.011667 0.020000
3 0.721667 0.353333 0.011667 0.030000
3 0.720000 0.648333 0.010000 0.016667
2 0.508333 0.643333 0.026667 0.035000
2 0.624167 0.688333 0.020833 0.080000
2 0.659167 0.413333 0.034167 0.038333
3 0.547500 0.418333 0.007500 0.016667
2 0.730000 0.796667 0.034167 0.038333
2 0.800000 0.738333 0.034167 0.100000
2 0.306667 0.385000 0.048333 0.025000
2 0.840833 0.331667 0.022500 0.023333
2 0.789167 0.398333 0.034167 0.100000
3 0.360000 0.395000 0.013333 0.015000
3 0.714167 0.603333 0.010000 0.020000
3 0.318333 0.700000 0.010833 0.013333
2 0.580000 0.156667 0.020833 0.080000
3 0.500833 0.395000 0.010000 0.016667
2 0.405000 0.355000 0.009167 0.040000
2 0.166667 0.368333 0.015833 0.068333
3 0.488333 0.286667 0.010000 0.016667
2 0.293333 0.813333 0.034167 0.100000
2 0.385000 0.368333 0.011667 0.025000
2 0.383333 0.676667 0.021667 0.090000
2 0.562500 0.651667 0.011667 0.066667
3 0.535833 0.303333 0.009167 0.015000
2 0.475833 0.181667 0.020833 0.028333
2 0.277500 0.396667 0.017500 0.116667
3 0.253333 0.710000 0.011667 0.030000
3 0.722500 0.658333 0.007500 0.015000
3 0.731667 0.695000 0.013333 0.031667
3 0.426667 0.360000 0.010833 0.023333
3 0.698333 0.655000 0.013333 0.015000
2 0.451667 0.348333 0.017500 0.116667
3 0.285000 0.266667 0.006667 0.018333
3 0.415833 0.846667 0.006667 0.018333
3 0.255833 0.228333 0.007500 0.016667
2 0.647500 0.413333 0.034167 0.038333
2 0.468333 0.320000 0.015833 0.068333
3 0.339167 0.655000 0.011667 0.030000
3 0.244167 0.355000 0.009167 0.018333
2 0.665000 0.626667 0.048333 0.043333
3 0.324167 0.660000 0.011667 0.020000
2 0.445000 0.358333 0.011667 0.025000
3 0.740833 0.413333 0.009167 0.016667
3 0.485833 0.280000 0.014167 0.025000
2 0.689167 0.695000 0.013333 0.070000
3 0.290833 0.240000 0.014167 0.025000
2 0.609167 0.350000 0.035000 0.105000
3 0.688333 0.626667 0.015833 0.051667
2 0.345833 0.243333 0.034167 0.038333
3 0.708333 0.408333 0.007500 0.015000
3 0.281667 0.746667 0.009167 0.015000
2 0.695833 0.653333 0.017500 0.116667
3 0.704167 0.620000 0.008333 0.016667
3 0.311667 0.300000 0.007500 0.015000
2 0.659167 0.670000 0.030833 0.051667
3 0.280833 0.746667 0.009167 0.016667
2 0.738333 0.668333 0.009167 0.031667
2 0.760833 0.686667 0.023333 0.041667
3 0.813333 0.711667 0.008333 0.016667
2 0.296667 0.793333 0.048333 0.025000
3 0.639167 0.398333 0.008333 0.016667
2 0.625833 0.328333 0.048333 0.025000
2 0.745833 0.388333 0.020833 0.028333
3 0.303333 0.150000 0.011667 0.020000
3 0.670000 0.271667 0.007500 0.016667
3 0.729167 0.381667 0.013333 0.015000
2 0.479167 0.663333 0.048333 0.043333
3 0.721667 0.603333 0.017500 0.031667
2 0.700000 0.390000 0.015833 0.068333
2 0.412500 0.675000 0.011667 0.025000
2 0.480000 0.291667 0.023333 0.041667
2 0.340833 0.735000 0.020833 0.080000
2 0.640833 0.671667 0.010833 0.091667
2 0.684167 0.623333 0.048333 0.025000
2 0.546667 0.660000 0.029167 0.038333
3 0.730000 0.651667 0.011667 0.020000
3 0.660833 0.448333 0.009167 0.016667
3 0.218333 0.690000 0.009167 0.023333
3 0.476667 0.305000 0.007500 0.018333
3 0.318333 0.768333 0.008333 0.021667
2 0.675833 0.623333 0.027500 0.016667
2 0.288333 0.380000 0.058333 0.076667
2 0.358333 0.356667 0.058333 0.076667
2 0.784167 0.653333 0.026667 0.035000
2 0.495000 0.848333 0.034167 0.100000
3 0.286667 0.303333 0.008333 0.016667
3 0.348333 0.348333 0.009167 0.015000
2 0.502500 0.361667 0.048333 0.025000
2 0.296667 0.670000 0.017500 0.116667
3 0.472500 0.730000 0.007500 0.015000
2 0.686667 0.376667 0.030833 0.051667
2 0.330000 0.400000 0.009167 0.031667
3 0.287500 0.823333 0.008333 0.016667
3 0.583333 0.648333 0.008333 0.021667
2 0.771667 0.605000 0.009167 0.031667
3 0.680833 0.443333 0.007500 0.016667
3 0.386667 0.763333 0.009167 0.018333
3 0.600000 0.710000 0.006667 0.018333
2 0.597500 0.628333 0.019167 0.046667
2 0.530000 0.998333 0.029167 0.001667
3 0.776667 0.393333 0.009167 0.023333
3 0.285000 0.121667 0.010833 0.013333
2 0.158333 0.645000 0.009167 0.031667
3 0.730000 0.403333 0.017500 0.031667
2 0.330000 0.443333 0.013333 0.070000
2 0.561667 0.391667 0.034167 0.038333
3 0.790833 0.725000 0.009167 0.023333
2 0.284167 0.703333 0.029167 0.038333
3 0.313333 0.245000 0.014167 0.025000
3 0.433333 0.400000 0.013333 0.031667
2 0.582500 0.753333 0.022500 0.023333
3 0.441667 0.793333 0.007500 0.018333
3 0.635833 0.438333 0.010000 0.016667
3 0.710833 0.615000 0.009167 0.023333
3 0.505000 0.335000 0.008333 0.016667
2 0.718333 0.641667 0.034167 0.038333
2 0.298333 0.730000 0.015833 0.068333
3 0.454167 0.811667 0.008333 0.016667
2 0.555000 0.766667 0.030833 0.051667
2 0.226667 0.770000 0.020833 0.080000
2 0.744167 0.330000 0.035000 0.105000
3 0.622500 0.388333 0.007500 0.015000
3 0.788333 0.735000 0.009167 0.016667
3 0.278333 0.655000 0.013333 0.031667
2 0.217500 0.670000 0.010000 0.031667
3 0.548333 0.631667 0.008333 0.016667
3 0.342500 0.870000 0.009167 0.016667
2 0.692500 0.705000 0.021667 0.090000
3 0.698333 0.258333 0.009167 0.018333
2 0.541667 0.671667 0.009167 0.040000
2 0.558333 0.655000 0.019167 0.046667
2 0.560833 0.608333 0.034167 0.038333
3 0.176667 0.390000 0.008333 0.016667
2 0.720000 0.375000 0.027500 0.016667
2 0.392500 0.306667 0.019167 0.046667
3 0.502500 0.670000 0.014167 0.025000
3 0.442500 0.161667 0.010833 0.023333
2 0.443333 0.688333 0.019167 0.046667
2 0.454167 0.105000 0.020833 0.028333
3 0.470000 0.295000 0.007500 0.018333
2 0.710000 0.390000 0.013333 0.070000
3 0.485833 0.640000 0.008333 0.016667
3 0.235833 0.380000 0.008333 0.016667
3 0.830000 0.408333 0.009167 0.016667
3 0.674167 0.676667 0.009167 0.016667
2 0.240833 0.881667 0.013333 0.070000
2 0.376667 0.640000 0.034167 0.038333
2 0.470000 0.796667 0.020833 0.028333
3 0.325000 0.368333 0.008333 0.016667
2 0.282500 0.370000 0.097500 0.053333
3 0.464167 0.688333 0.009167 0.018333
2 0.659167 0.631667 0.034167 0.100000
2 0.502500 0.218333 0.045833 0.021667
2 0.680000 0.328333 0.020000 0.021667
2 0.663333 0.601667 0.020833 0.080000
3 0.530833 0.620000 0.013333 0.015000
3 0.600000 0.998333 0.011667 0.001667
2 0.644167 0.333333 0.014167 0.015000
3 0.677500 0.433333 0.008333 0.016667
2 0.480000 0.358333 0.013333 0.070000
2 0.658333 0.666667 0.048333 0.025000
3 0.741667 0.690000 0.007500 0.018333
