4 0.845833 0.696667 0.169167 0.226667
4 0.845833 0.543333 0.066667 0.141667
4 0.890833 0.566667 0.075000 0.031667
4 0.714167 0.663333 0.323333 0.500000
4 0.803333 0.588333 0.099167 0.030000
4 0.854167 0.456667 0.070833 0.036667
4 0.838333 0.381667 0.043333 0.021667
4 0.828333 0.468333 0.131667 0.040000
4 0.804167 0.665000 0.238333 0.205000
4 0.787500 0.483333 0.209167 0.123333
4 0.030000 0.536667 0.060000 0.041667
4 0.085000 0.431667 0.137500 0.150000
4 0.213333 0.400000 0.130833 0.263333
4 0.300000 0.565000 0.086667 0.103333
4 0.465833 0.583333 0.040000 0.080000
4 0.545833 0.528333 0.195833 0.105000
4 0.691667 0.461667 0.058333 0.103333
4 0.087500 0.478333 0.057500 0.088333
4 0.655833 0.565000 0.239167 0.075000
4 0.757500 0.508333 0.088333 0.036667
2 0.449167 0.486667 0.020833 0.080000
2 0.107500 0.523333 0.045833 0.021667
2 0.195000 0.443333 0.009167 0.040000
2 0.380000 0.581667 0.021667 0.090000
2 0.200833 0.531667 0.013333 0.070000
3 0.300000 0.558333 0.009167 0.015000
2 0.775000 0.520000 0.034167 0.038333
2 0.125000 0.518333 0.027500 0.016667
3 0.085000 0.503333 0.008333 0.016667
3 0.522500 0.561667 0.007500 0.015000
3 0.469167 0.540000 0.007500 0.016667
3 0.422500 0.523333 0.008333 0.016667
2 0.610000 0.546667 0.030833 0.051667
2 0.599167 0.501667 0.034167 0.038333
2 0.060833 0.545000 0.011667 0.066667
3 0.595833 0.451667 0.017500 0.031667
3 0.563333 0.518333 0.010833 0.013333
3 0.686667 0.525000 0.010833 0.013333
2 0.529167 0.538333 0.020833 0.028333
3 0.817500 0.640000 0.007500 0.018333
3 0.761667 0.565000 0.010000 0.016667
3 0.656667 0.548333 0.007500 0.018333
2 0.516667 0.575000 0.009167 0.031667
2 0.449167 0.513333 0.009167 0.031667
2 0.709167 0.566667 0.020000 0.021667
2 0.161667 0.508333 0.034167 0.100000
3 0.801667 0.515000 0.010833 0.013333
2 0.727500 0.560000 0.045833 0.021667
2 0.613333 0.578333 0.019167 0.046667
2 0.170833 0.495000 0.045833 0.021667
3 0.171667 0.536667 0.010000 0.016667
3 0.819167 0.643333 0.007500 0.015000
3 0.688333 0.576667 0.013333 0.015000
2 0.635833 0.556667 0.020833 0.028333
2 0.684167 0.485000 0.020833 0.080000
2 0.228333 0.501667 0.011667 0.025000
3 0.460000 0.465000 0.009167 0.016667
3 0.194167 0.563333 0.009167 0.023333
2 0.193333 0.540000 0.030833 0.051667
3 0.816667 0.570000 0.006667 0.018333
3 0.262500 0.533333 0.010000 0.020000
2 0.405000 0.591667 0.048333 0.025000
2 0.527500 0.471667 0.023333 0.041667
3 0.789167 0.481667 0.007500 0.016667
3 0.110833 0.510000 0.013333 0.031667
3 0.221667 0.570000 0.010000 0.020000
2 0.400833 0.473333 0.058333 0.076667
2 0.587500 0.470000 0.045833 0.021667
2 0.770833 0.456667 0.097500 0.053333
2 0.302500 0.568333 0.020000 0.021667
3 0.308333 0.600000 0.017500 0.031667
2 0.583333 0.503333 0.015833 0.068333
2 0.704167 0.538333 0.048333 0.025000
2 0.499167 0.446667 0.019167 0.046667
3 0.215000 0.550000 0.006667 0.018333
2 0.385833 0.508333 0.034167 0.038333
3 0.811667 0.558333 0.010833 0.013333
3 0.443333 0.530000 0.010000 0.016667
2 0.744167 0.468333 0.010000 0.031667
2 0.021667 0.538333 0.044167 0.076667
2 0.644167 0.548333 0.048333 0.043333
2 0.798333 0.623333 0.020833 0.080000
2 0.716667 0.518333 0.023333 0.106667
2 0.152500 0.563333 0.022500 0.023333
3 0.636667 0.458333 0.009167 0.016667
3 0.675833 0.551667 0.009167 0.016667
2 0.593333 0.480000 0.020833 0.080000
3 0.736667 0.540000 0.009167 0.016667
2 0.762500 0.465000 0.023333 0.106667
3 0.103333 0.588333 0.011667 0.020000
2 0.412500 0.565000 0.097500 0.053333
2 0.392500 0.593333 0.010000 0.031667
2 0.186667 0.433333 0.019167 0.046667
3 0.309167 0.483333 0.009167 0.018333
2 0.650000 0.606667 0.021667 0.090000
3 0.185833 0.440000 0.007500 0.016667
3 0.820833 0.673333 0.009167 0.023333
2 0.465000 0.575000 0.021667 0.090000
2 0.561667 0.478333 0.014167 0.015000
2 0.265000 0.616667 0.010833 0.091667
2 0.075833 0.570000 0.020833 0.080000
2 0.190000 0.430000 0.034167 0.038333
2 0.192500 0.456667 0.015833 0.068333
2 0.152500 0.448333 0.009167 0.040000
2 0.467500 0.448333 0.045833 0.021667
3 0.470833 0.503333 0.008333 0.016667
3 0.490833 0.560000 0.007500 0.015000
3 0.771667 0.458333 0.011667 0.030000
3 0.537500 0.496667 0.009167 0.023333
2 0.400000 0.546667 0.015833 0.068333
3 0.463333 0.501667 0.013333 0.015000
3 0.207500 0.555000 0.009167 0.015000
2 0.229167 0.535000 0.048333 0.043333
3 0.480000 0.473333 0.013333 0.015000
3 0.290000 0.448333 0.008333 0.021667
2 0.699167 0.491667 0.019167 0.046667
3 0.385833 0.551667 0.011667 0.020000
2 0.271667 0.505000 0.048333 0.043333
2 0.455000 0.465000 0.045833 0.021667
2 0.423333 0.463333 0.019167 0.046667
2 0.470000 0.521667 0.020833 0.080000
3 0.320833 0.523333 0.017500 0.031667
2 0.402500 0.693333 0.010000 0.031667
2 0.708333 0.203333 0.020833 0.080000
2 0.517500 0.871667 0.013333 0.070000
3 0.495833 0.363333 0.009167 0.015000
3 0.520833 0.363333 0.011667 0.030000
3 0.275833 0.408333 0.009167 0.023333
3 0.799167 0.633333 0.008333 0.016667
3 0.278333 0.380000 0.008333 0.021667
3 0.729167 0.591667 0.017500 0.031667
3 0.734167 0.693333 0.008333 0.016667
3 0.725000 0.615000 0.017500 0.031667
2 0.382500 0.363333 0.020000 0.021667
2 0.425833 0.781667 0.034167 0.100000
2 0.750833 0.746667 0.020833 0.080000
2 0.620000 0.346667 0.029167 0.038333
2 0.265000 0.371667 0.009167 0.040000
3 0.795000 0.401667 0.010833 0.023333
3 0.330000 0.680000 0.007500 0.018333
2 0.526667 0.380000 0.034167 0.100000
3 0.361667 0.716667 0.007500 0.015000
3 0.582500 0.431667 0.009167 0.015000
2 0.716667 0.668333 0.058333 0.076667
2 0.424167 0.720000 0.009167 0.031667
3 0.662500 0.448333 0.017500 0.031667
3 0.341667 0.850000 0.010833 0.023333
2 0.775000 0.370000 0.023333 0.041667
2 0.328333 0.853333 0.029167 0.038333
2 0.458333 0.746667 0.048333 0.025000
3 0.809167 0.426667 0.009167 0.016667
3 0.696667 0.256667 0.013333 0.015000
2 0.451667 0.625000 0.015833 0.068333
2 0.461667 0.336667 0.013333 0.070000
2 0.621667 0.348333 0.015833 0.068333
2 0.623333 0.331667 0.020833 0.080000
2 0.461667 0.635000 0.029167 0.038333
3 0.628333 0.443333 0.015833 0.051667
3 0.672500 0.443333 0.009167 0.016667
3 0.698333 0.721667 0.017500 0.031667
3 0.725833 0.636667 0.010833 0.013333
2 0.306667 0.350000 0.022500 0.023333
2 0.313333 0.406667 0.010000 0.031667
2 0.435000 0.380000 0.009167 0.040000
2 0.345000 0.278333 0.027500 0.016667
3 0.664167 0.658333 0.009167 0.016667
2 0.262500 0.671667 0.020833 0.080000
2 0.739167 0.620000 0.023333 0.106667
3 0.757500 0.401667 0.007500 0.016667
3 0.550833 0.683333 0.008333 0.016667
2 0.771667 0.918333 0.034167 0.100000
3 0.304167 0.313333 0.017500 0.031667
2 0.696667 0.668333 0.020833 0.080000
3 0.449167 0.676667 0.007500 0.018333
2 0.620000 0.405000 0.045833 0.021667
3 0.704167 0.633333 0.008333 0.016667
3 0.487500 0.680000 0.008333 0.016667
3 0.444167 0.710000 0.017500 0.031667
2 0.655000 0.661667 0.034167 0.100000
2 0.725833 0.355000 0.009167 0.031667
2 0.732500 0.575000 0.097500 0.053333
2 0.545833 0.810000 0.029167 0.038333
2 0.639167 0.641667 0.023333 0.106667
2 0.345000 0.730000 0.020833 0.028333
3 0.315833 0.686667 0.009167 0.016667
2 0.224167 0.368333 0.020833 0.080000
3 0.570833 0.633333 0.010000 0.016667
2 0.759167 0.403333 0.017500 0.116667
3 0.486667 0.320000 0.010000 0.016667
2 0.703333 0.998333 0.023333 0.001667
3 0.293333 0.765000 0.007500 0.018333
3 0.262500 0.730000 0.006667 0.018333
2 0.480000 0.291667 0.023333 0.041667
3 0.467500 0.261667 0.007500 0.018333
2 0.453333 0.880000 0.020000 0.021667
3 0.639167 0.435000 0.010833 0.023333
3 0.671667 0.635000 0.010000 0.020000
2 0.625000 0.640000 0.030833 0.051667
3 0.471667 0.818333 0.014167 0.025000
2 0.528333 0.438333 0.021667 0.090000
2 0.690833 0.698333 0.021667 0.090000
2 0.360833 0.686667 0.023333 0.041667
2 0.710833 0.736667 0.035000 0.105000
3 0.600833 0.743333 0.010833 0.013333
2 0.362500 0.290000 0.020000 0.021667
2 0.546667 0.418333 0.034167 0.038333
2 0.707500 0.418333 0.009167 0.031667
3 0.785000 0.393333 0.010833 0.013333
3 0.783333 0.380000 0.007500 0.018333
2 0.345833 0.823333 0.010833 0.091667
2 0.335000 0.276667 0.009167 0.040000
2 0.778333 0.408333 0.009167 0.040000
3 0.344167 0.635000 0.007500 0.015000
3 0.341667 0.363333 0.014167 0.025000
2 0.711667 0.626667 0.019167 0.046667
2 0.400000 0.793333 0.017500 0.116667
2 0.726667 0.650000 0.009167 0.031667
3 0.725833 0.710000 0.014167 0.025000
2 0.384167 0.751667 0.017500 0.116667
2 0.489167 0.321667 0.048333 0.025000
3 0.623333 0.641667 0.009167 0.016667
3 0.305833 0.341667 0.011667 0.020000
3 0.570833 0.408333 0.015833 0.051667
3 0.465833 0.846667 0.008333 0.016667
2 0.744167 0.361667 0.035000 0.105000
3 0.465000 0.846667 0.009167 0.016667
2 0.289167 0.776667 0.011667 0.025000
2 0.486667 0.341667 0.058333 0.076667
3 0.803333 0.416667 0.007500 0.015000
3 0.668333 0.635000 0.007500 0.016667
2 0.630000 0.416667 0.097500 0.053333
2 0.404167 0.385000 0.017500 0.116667
2 0.635833 0.361667 0.029167 0.038333
2 0.760000 0.376667 0.023333 0.106667
2 0.166667 0.386667 0.027500 0.016667
2 0.673333 0.441667 0.030833 0.051667
3 0.697500 0.768333 0.008333 0.016667
3 0.480000 0.333333 0.013333 0.031667
2 0.663333 0.370000 0.023333 0.106667
2 0.665833 0.391667 0.009167 0.031667
3 0.220833 0.298333 0.014167 0.025000
3 0.703333 0.721667 0.008333 0.021667
3 0.659167 0.423333 0.010833 0.023333
2 0.552500 0.681667 0.030833 0.051667
3 0.797500 0.645000 0.007500 0.016667
3 0.778333 0.608333 0.007500 0.015000
2 0.345833 0.301667 0.014167 0.015000
3 0.750833 0.700000 0.014167 0.025000
2 0.746667 0.706667 0.029167 0.038333
2 0.720833 0.680000 0.023333 0.106667
2 0.623333 0.646667 0.034167 0.100000
3 0.615833 0.365000 0.008333 0.016667
3 0.315000 0.376667 0.011667 0.030000
2 0.545000 0.696667 0.020833 0.080000
3 0.457500 0.221667 0.007500 0.018333
3 0.753333 0.413333 0.013333 0.031667
2 0.421667 0.618333 0.020833 0.080000
2 0.807500 0.705000 0.029167 0.038333
3 0.707500 0.321667 0.007500 0.018333
3 0.722500 0.395000 0.011667 0.030000
3 0.706667 0.723333 0.008333 0.016667
3 0.554167 0.640000 0.008333 0.016667
3 0.445833 0.360000 0.015833 0.051667
2 0.760000 0.638333 0.010833 0.091667
3 0.442500 0.413333 0.007500 0.015000
2 0.564167 0.638333 0.030833 0.051667
3 0.485833 0.263333 0.008333 0.021667
3 0.674167 0.318333 0.010000 0.016667
2 0.796667 0.370000 0.014167 0.015000
2 0.493333 0.766667 0.014167 0.015000
3 0.295833 0.285000 0.008333 0.016667
2 0.275833 0.738333 0.030833 0.051667
2 0.497500 0.341667 0.022500 0.023333
3 0.661667 0.435000 0.007500 0.015000
2 0.789167 0.893333 0.045833 0.021667
3 0.677500 0.621667 0.010000 0.020000
2 0.319167 0.211667 0.058333 0.076667
3 0.395833 0.668333 0.010000 0.020000
3 0.169167 0.386667 0.011667 0.020000
2 0.350833 0.748333 0.009167 0.031667
3 0.434167 0.693333 0.013333 0.031667
3 0.800833 0.655000 0.013333 0.031667
3 0.554167 0.430000 0.015833 0.051667
2 0.677500 0.771667 0.048333 0.025000
3 0.755000 0.400000 0.013333 0.015000
2 0.715000 0.416667 0.017500 0.116667
2 0.708333 0.371667 0.010000 0.031667
3 0.242500 0.855000 0.010000 0.016667
2 0.767500 0.330000 0.045833 0.021667
2 0.709167 0.665000 0.011667 0.025000
2 0.294167 0.411667 0.021667 0.090000
2 0.378333 0.773333 0.026667 0.035000
3 0.275833 0.740000 0.015833 0.051667
3 0.655000 0.446667 0.006667 0.018333
2 0.259167 0.381667 0.020833 0.028333
2 0.539167 0.265000 0.010000 0.031667
2 0.650000 0.413333 0.030833 0.051667
2 0.700000 0.755000 0.020833 0.080000
3 0.484167 0.450000 0.011667 0.030000
2 0.725000 0.411667 0.021667 0.090000
2 0.564167 0.643333 0.026667 0.035000
2 0.745000 0.601667 0.014167 0.015000
2 0.204167 0.300000 0.048333 0.043333
2 0.780833 0.398333 0.010833 0.091667
3 0.707500 0.340000 0.009167 0.016667
2 0.773333 0.735000 0.020000 0.021667
2 0.265000 0.638333 0.014167 0.015000
2 0.667500 0.645000 0.009167 0.031667
3 0.780833 0.346667 0.008333 0.016667
2 0.703333 0.695000 0.030833 0.051667
2 0.597500 0.308333 0.027500 0.016667
3 0.705000 0.696667 0.011667 0.030000
2 0.731667 0.695000 0.023333 0.106667
2 0.726667 0.720000 0.010000 0.031667
3 0.764167 0.391667 0.015833 0.051667
2 0.720833 0.651667 0.020833 0.080000
2 0.498333 0.251667 0.034167 0.038333
2 0.304167 0.730000 0.048333 0.025000
2 0.670833 0.610000 0.009167 0.040000
2 0.485833 0.356667 0.009167 0.040000
