4 0.820833 0.465000 0.181667 0.241667
4 0.813333 0.721667 0.082500 0.195000
4 0.826667 0.513333 0.074167 0.080000
4 0.828333 0.440000 0.072500 0.053333
4 0.870833 0.571667 0.050000 0.058333
4 0.791667 0.526667 0.158333 0.088333
4 0.871667 0.536667 0.107500 0.046667
4 0.870000 0.391667 0.095000 0.098333
4 0.899167 0.523333 0.060000 0.076667
4 0.784167 0.465000 0.137500 0.195000
4 0.592500 0.520000 0.080833 0.075000
4 0.105000 0.530000 0.133333 0.083333
4 0.267500 0.576667 0.086667 0.078333
4 0.688333 0.466667 0.107500 0.126667
4 0.033333 0.505000 0.067500 0.103333
4 0.723333 0.451667 0.098333 0.086667
4 0.527500 0.565000 0.027500 0.053333
4 0.533333 0.520000 0.043333 0.021667
4 0.098333 0.465000 0.085000 0.118333
4 0.288333 0.523333 0.056667 0.090000
2 0.569167 0.545000 0.023333 0.041667
2 0.235833 0.593333 0.020000 0.021667
3 0.364167 0.493333 0.007500 0.015000
2 0.174167 0.453333 0.010000 0.031667
2 0.419167 0.481667 0.027500 0.016667
2 0.299167 0.498333 0.021667 0.090000
3 0.617500 0.610000 0.014167 0.025000
3 0.501667 0.508333 0.007500 0.015000
3 0.765833 0.528333 0.010833 0.013333
2 0.440833 0.605000 0.034167 0.038333
3 0.570000 0.550000 0.011667 0.030000
3 0.106667 0.520000 0.010833 0.013333
3 0.336667 0.613333 0.006667 0.018333
2 0.501667 0.545000 0.058333 0.076667
3 0.294167 0.595000 0.006667 0.018333
3 0.272500 0.585000 0.015833 0.051667
3 0.020833 0.546667 0.009167 0.015000
2 0.286667 0.460000 0.010000 0.031667
2 0.405833 0.486667 0.020000 0.021667
3 0.795833 0.441667 0.007500 0.018333
3 0.785833 0.508333 0.009167 0.015000
2 0.524167 0.508333 0.020833 0.028333
3 0.616667 0.543333 0.017500 0.031667
2 0.441667 0.476667 0.045833 0.021667
3 0.480833 0.396667 0.009167 0.015000
2 0.045000 0.500000 0.045833 0.021667
3 0.120833 0.475000 0.007500 0.018333
2 0.528333 0.550000 0.030833 0.051667
2 0.535833 0.585000 0.021667 0.090000
3 0.070000 0.551667 0.010000 0.020000
2 0.586667 0.475000 0.020000 0.021667
2 0.490000 0.580000 0.048333 0.043333
2 0.236667 0.600000 0.021667 0.090000
2 0.595833 0.560000 0.020833 0.080000
2 0.708333 0.450000 0.009167 0.040000
2 0.569167 0.566667 0.014167 0.015000
2 0.746667 0.590000 0.030833 0.051667
2 0.125000 0.573333 0.015833 0.068333
2 0.209167 0.463333 0.023333 0.041667
3 0.183333 0.506667 0.013333 0.031667
2 0.250000 0.475000 0.023333 0.106667
3 0.347500 0.525000 0.009167 0.015000
3 0.823333 0.533333 0.017500 0.031667
2 0.425000 0.495000 0.035000 0.105000
2 0.525833 0.476667 0.019167 0.046667
3 0.385833 0.530000 0.009167 0.016667
3 0.546667 0.551667 0.013333 0.031667
2 0.225833 0.496667 0.013333 0.070000
2 0.315000 0.568333 0.048333 0.025000
2 0.099167 0.571667 0.013333 0.070000
2 0.496667 0.551667 0.048333 0.043333
3 0.636667 0.463333 0.007500 0.015000
3 0.694167 0.555000 0.006667 0.018333
3 0.729167 0.468333 0.009167 0.015000
3 0.220000 0.503333 0.014167 0.025000
3 0.262500 0.536667 0.008333 0.016667
3 0.348333 0.560000 0.007500 0.015000
2 0.809167 0.653333 0.023333 0.041667
2 0.171667 0.483333 0.027500 0.016667
3 0.827500 0.566667 0.009167 0.015000
2 0.276667 0.508333 0.048333 0.025000
2 0.537500 0.465000 0.020833 0.080000
3 0.309167 0.511667 0.007500 0.015000
2 0.367500 0.483333 0.023333 0.041667
2 0.600833 0.575000 0.048333 0.025000
2 0.271667 0.485000 0.020000 0.021667
2 0.044167 0.515000 0.020833 0.028333
2 0.442500 0.480000 0.026667 0.035000
3 0.386667 0.491667 0.007500 0.015000
2 0.660000 0.486667 0.048333 0.043333
2 0.518333 0.485000 0.026667 0.035000
2 0.054167 0.536667 0.013333 0.070000
3 0.433333 0.528333 0.007500 0.016667
2 0.330833 0.493333 0.010833 0.091667
2 0.619167 0.523333 0.029167 0.038333
2 0.493333 0.468333 0.027500 0.016667
3 0.054167 0.476667 0.010000 0.016667
3 0.494167 0.565000 0.015833 0.051667
3 0.305833 0.491667 0.007500 0.018333
3 0.041667 0.481667 0.008333 0.016667
2 0.730833 0.486667 0.020000 0.021667
2 0.377500 0.515000 0.020833 0.028333
3 0.689167 0.543333 0.009167 0.016667
3 0.391667 0.503333 0.011667 0.030000
2 0.085833 0.536667 0.020833 0.028333
3 0.253333 0.548333 0.008333 0.016667
3 0.050833 0.565000 0.010833 0.023333
2 0.506667 0.496667 0.097500 0.053333
3 0.453333 0.500000 0.009167 0.016667
2 0.479167 0.503333 0.014167 0.015000
2 0.535000 0.445000 0.019167 0.046667
3 0.680833 0.525000 0.009167 0.016667
2 0.040000 0.506667 0.080833 0.053333
2 0.060833 0.458333 0.097500 0.053333
2 0.272500 0.491667 0.027500 0.016667
3 0.781667 0.548333 0.009167 0.015000
3 0.120833 0.510000 0.009167 0.016667
3 0.404167 0.598333 0.007500 0.016667
3 0.795000 0.546667 0.015833 0.051667
3 0.220000 0.535000 0.009167 0.016667
3 0.819167 0.553333 0.017500 0.031667
2 0.206667 0.540000 0.009167 0.040000
2 0.636667 0.326667 0.029167 0.038333
3 0.400000 0.660000 0.009167 0.015000
3 0.682500 0.630000 0.013333 0.015000
3 0.460000 0.113333 0.010000 0.020000
3 0.677500 0.440000 0.007500 0.015000
2 0.268333 0.828333 0.023333 0.041667
2 0.526667 0.346667 0.015833 0.068333
2 0.796667 0.635000 0.020833 0.028333
2 0.412500 0.685000 0.020833 0.080000
3 0.675000 0.675000 0.007500 0.018333
2 0.333333 0.658333 0.023333 0.041667
2 0.235833 0.776667 0.045833 0.021667
2 0.760000 0.305000 0.011667 0.066667
2 0.659167 0.381667 0.015833 0.068333
3 0.745000 0.701667 0.013333 0.031667
3 0.679167 0.670000 0.008333 0.016667
3 0.289167 0.785000 0.015833 0.051667
3 0.747500 0.393333 0.008333 0.016667
2 0.635833 0.630000 0.009167 0.031667
2 0.814167 0.413333 0.048333 0.043333
3 0.423333 0.363333 0.007500 0.018333
3 0.455000 0.756667 0.009167 0.023333
3 0.307500 0.295000 0.009167 0.016667
2 0.441667 0.746667 0.013333 0.070000
3 0.651667 0.415000 0.009167 0.015000
2 0.533333 0.761667 0.021667 0.090000
2 0.268333 0.768333 0.021667 0.090000
2 0.218333 0.646667 0.009167 0.040000
3 0.755000 0.660000 0.007500 0.018333
2 0.739167 0.663333 0.097500 0.053333
2 0.787500 0.393333 0.034167 0.038333
2 0.442500 0.323333 0.019167 0.046667
2 0.305000 0.803333 0.011667 0.025000
2 0.322500 0.686667 0.022500 0.023333
2 0.215833 0.343333 0.027500 0.016667
2 0.566667 0.320000 0.026667 0.035000
2 0.812500 0.610000 0.011667 0.066667
3 0.756667 0.405000 0.009167 0.023333
2 0.710833 0.803333 0.034167 0.100000
2 0.785000 0.335000 0.019167 0.046667
3 0.438333 0.660000 0.009167 0.023333
3 0.615000 0.318333 0.014167 0.025000
2 0.704167 0.441667 0.034167 0.100000
2 0.351667 0.291667 0.009167 0.040000
3 0.636667 0.668333 0.009167 0.015000
3 0.674167 0.735000 0.015833 0.051667
3 0.586667 0.188333 0.008333 0.016667
3 0.256667 0.391667 0.008333 0.016667
2 0.213333 0.631667 0.029167 0.038333
3 0.532500 0.706667 0.008333 0.016667
3 0.675833 0.348333 0.014167 0.025000
2 0.724167 0.583333 0.015833 0.068333
3 0.317500 0.346667 0.011667 0.030000
3 0.467500 0.726667 0.008333 0.016667
3 0.443333 0.381667 0.010000 0.020000
2 0.467500 0.803333 0.022500 0.023333
3 0.810000 0.635000 0.008333 0.021667
2 0.437500 0.330000 0.035000 0.105000
3 0.699167 0.675000 0.007500 0.015000
3 0.489167 0.775000 0.007500 0.015000
3 0.602500 0.325000 0.010833 0.013333
2 0.736667 0.270000 0.010000 0.031667
3 0.311667 0.261667 0.013333 0.031667
3 0.498333 0.256667 0.007500 0.015000
3 0.795000 0.643333 0.007500 0.015000
3 0.765000 0.645000 0.011667 0.030000
3 0.455000 0.723333 0.006667 0.018333
3 0.791667 0.721667 0.008333 0.016667
2 0.696667 0.611667 0.048333 0.043333
3 0.571667 0.758333 0.010833 0.023333
3 0.345000 0.676667 0.008333 0.021667
3 0.777500 0.393333 0.015833 0.051667
3 0.699167 0.676667 0.007500 0.015000
2 0.596667 0.336667 0.022500 0.023333
2 0.410833 0.670000 0.011667 0.066667
3 0.578333 0.736667 0.007500 0.015000
2 0.811667 0.713333 0.011667 0.025000
2 0.754167 0.360000 0.034167 0.038333
3 0.443333 0.803333 0.008333 0.016667
3 0.451667 0.368333 0.011667 0.020000
3 0.647500 0.678333 0.013333 0.015000
3 0.299167 0.735000 0.007500 0.015000
3 0.335833 0.381667 0.010000 0.020000
2 0.708333 0.606667 0.020833 0.080000
3 0.391667 0.383333 0.008333 0.016667
2 0.408333 0.386667 0.010000 0.031667
2 0.308333 0.658333 0.020000 0.021667
3 0.706667 0.340000 0.011667 0.020000
3 0.422500 0.738333 0.015833 0.051667
3 0.767500 0.746667 0.007500 0.015000
3 0.695000 0.350000 0.007500 0.018333
3 0.255000 0.230000 0.009167 0.016667
2 0.295833 0.720000 0.030833 0.051667
3 0.641667 0.350000 0.008333 0.016667
2 0.410833 0.643333 0.097500 0.053333
2 0.155833 0.633333 0.014167 0.015000
3 0.754167 0.386667 0.009167 0.016667
3 0.548333 0.630000 0.007500 0.015000
3 0.435833 0.398333 0.007500 0.016667
3 0.656667 0.678333 0.007500 0.015000
3 0.378333 0.381667 0.017500 0.031667
2 0.200833 0.658333 0.048333 0.025000
2 0.621667 0.426667 0.029167 0.038333
2 0.741667 0.841667 0.010833 0.091667
2 0.268333 0.780000 0.026667 0.035000
2 0.223333 0.401667 0.011667 0.025000
3 0.503333 0.273333 0.009167 0.023333
2 0.481667 0.371667 0.017500 0.116667
3 0.245833 0.376667 0.007500 0.018333
2 0.446667 0.276667 0.022500 0.023333
3 0.780833 0.605000 0.006667 0.018333
3 0.691667 0.668333 0.008333 0.016667
3 0.586667 0.375000 0.008333 0.021667
2 0.630000 0.611667 0.020833 0.028333
2 0.509167 0.718333 0.011667 0.066667
3 0.511667 0.605000 0.017500 0.031667
2 0.644167 0.661667 0.023333 0.106667
3 0.682500 0.618333 0.009167 0.016667
2 0.752500 0.411667 0.013333 0.070000
3 0.452500 0.826667 0.010833 0.013333
2 0.228333 0.605000 0.020833 0.080000
2 0.649167 0.380000 0.026667 0.035000
3 0.620833 0.381667 0.013333 0.015000
2 0.772500 0.415000 0.027500 0.016667
3 0.476667 0.303333 0.007500 0.018333
2 0.693333 0.631667 0.097500 0.053333
3 0.535833 0.370000 0.006667 0.018333
3 0.711667 0.998333 0.006667 0.001667
3 0.465000 0.688333 0.008333 0.016667
2 0.603333 0.310000 0.009167 0.040000
2 0.776667 0.333333 0.027500 0.016667
2 0.642500 0.616667 0.034167 0.038333
3 0.755000 0.610000 0.008333 0.016667
3 0.732500 0.618333 0.009167 0.016667
2 0.715000 0.643333 0.010833 0.091667
2 0.351667 0.260000 0.023333 0.041667
3 0.327500 0.671667 0.007500 0.015000
2 0.437500 0.740000 0.034167 0.100000
3 0.541667 0.285000 0.008333 0.021667
2 0.465000 0.345000 0.023333 0.041667
3 0.778333 0.663333 0.010000 0.016667
2 0.289167 0.640000 0.058333 0.076667
3 0.532500 0.363333 0.010000 0.020000
2 0.562500 0.716667 0.019167 0.046667
2 0.305833 0.301667 0.035000 0.105000
3 0.346667 0.348333 0.013333 0.015000
3 0.738333 0.686667 0.010000 0.016667
2 0.593333 0.320000 0.029167 0.038333
3 0.759167 0.388333 0.010000 0.016667
3 0.665833 0.718333 0.011667 0.030000
2 0.640000 0.695000 0.015833 0.068333
2 0.273333 0.690000 0.020833 0.080000
3 0.733333 0.586667 0.010000 0.016667
2 0.255000 0.300000 0.015833 0.068333
2 0.293333 0.363333 0.017500 0.116667
3 0.485833 0.325000 0.011667 0.030000
2 0.675833 0.625000 0.022500 0.023333
3 0.637500 0.626667 0.008333 0.016667
3 0.376667 0.380000 0.013333 0.015000
2 0.750000 0.716667 0.034167 0.100000
3 0.253333 0.338333 0.007500 0.015000
2 0.755000 0.623333 0.058333 0.076667
3 0.505000 0.783333 0.013333 0.015000
2 0.552500 0.676667 0.010833 0.091667
3 0.170833 0.385000 0.007500 0.015000
3 0.280000 0.840000 0.009167 0.023333
2 0.434167 0.718333 0.013333 0.070000
3 0.485000 0.210000 0.008333 0.016667
3 0.505000 0.678333 0.009167 0.016667
3 0.729167 0.413333 0.008333 0.016667
2 0.625000 0.353333 0.020833 0.080000
2 0.635833 0.390000 0.048333 0.043333
2 0.440000 0.365000 0.015833 0.068333
3 0.707500 0.336667 0.009167 0.015000
3 0.380000 0.370000 0.008333 0.021667
2 0.421667 0.690000 0.058333 0.076667
2 0.695000 0.671667 0.015833 0.068333
2 0.730833 0.425000 0.009167 0.040000
3 0.507500 0.268333 0.015833 0.051667
3 0.725833 0.641667 0.010833 0.023333
3 0.486667 0.860000 0.007500 0.015000
2 0.718333 0.615000 0.022500 0.023333
3 0.320000 0.263333 0.009167 0.016667
2 0.273333 0.356667 0.097500 0.053333
2 0.576667 0.638333 0.019167 0.046667
2 0.479167 0.823333 0.017500 0.116667
2 0.798333 0.430000 0.010833 0.091667
3 0.340000 0.650000 0.010000 0.016667
3 0.828333 0.408333 0.013333 0.031667
2 0.619167 0.461667 0.034167 0.100000
2 0.351667 0.430000 0.013333 0.070000
3 0.307500 0.691667 0.010000 0.020000
3 0.813333 0.720000 0.007500 0.018333
3 0.761667 0.366667 0.009167 0.018333
3 0.711667 0.693333 0.007500 0.016667
2 0.685000 0.625000 0.010000 0.031667
2 0.479167 0.310000 0.020000 0.021667
3 0.307500 0.725000 0.007500 0.015000
