4 0.889167 0.535000 0.055000 0.065000
4 0.854167 0.461667 0.085833 0.026667
4 0.869167 0.625000 0.057500 0.065000
4 0.728333 0.538333 0.294167 0.273333
4 0.867500 0.590000 0.090000 0.155000
4 0.787500 0.545000 0.150833 0.056667
4 0.785833 0.516667 0.131667 0.188333
4 0.822500 0.646667 0.100833 0.208333
4 0.835000 0.375000 0.080833 0.106667
4 0.833333 0.650000 0.105000 0.045000
4 0.114167 0.521667 0.097500 0.110000
4 0.255000 0.491667 0.064167 0.035000
4 0.746667 0.435000 0.155833 0.255000
4 0.756667 0.521667 0.063333 0.061667
4 0.414167 0.415000 0.182500 0.318333
4 0.025833 0.601667 0.051667 0.116667
4 0.492500 0.593333 0.119167 0.076667
4 0.568333 0.425000 0.109167 0.141667
4 0.345833 0.543333 0.050833 0.036667
4 0.765000 0.520000 0.085833 0.045000
2 0.480833 0.481667 0.023333 0.106667
2 0.112500 0.521667 0.035000 0.105000
2 0.312500 0.600000 0.009167 0.031667
3 0.325833 0.475000 0.008333 0.016667
2 0.095000 0.445000 0.015833 0.068333
2 0.190833 0.521667 0.027500 0.016667
2 0.783333 0.331667 0.097500 0.053333
2 0.517500 0.543333 0.026667 0.035000
2 0.377500 0.563333 0.020833 0.080000
2 0.764167 0.578333 0.029167 0.038333
3 0.712500 0.510000 0.013333 0.031667
2 0.488333 0.486667 0.011667 0.066667
2 0.089167 0.553333 0.034167 0.100000
3 0.060833 0.531667 0.013333 0.015000
3 0.454167 0.573333 0.009167 0.016667
3 0.718333 0.546667 0.010833 0.013333
3 0.756667 0.560000 0.008333 0.016667
3 0.230000 0.538333 0.013333 0.015000
2 0.599167 0.475000 0.097500 0.053333
2 0.086667 0.553333 0.019167 0.046667
3 0.263333 0.466667 0.014167 0.025000
3 0.240000 0.556667 0.007500 0.018333
2 0.553333 0.578333 0.014167 0.015000
3 0.115000 0.466667 0.010833 0.023333
2 0.257500 0.550000 0.015833 0.068333
2 0.457500 0.608333 0.013333 0.070000
3 0.223333 0.500000 0.010000 0.020000
3 0.515833 0.560000 0.010000 0.020000
3 0.408333 0.571667 0.014167 0.025000
2 0.204167 0.446667 0.010000 0.031667
3 0.648333 0.493333 0.008333 0.021667
3 0.456667 0.441667 0.015833 0.051667
3 0.159167 0.483333 0.017500 0.031667
2 0.568333 0.591667 0.026667 0.035000
2 0.340833 0.451667 0.097500 0.053333
2 0.731667 0.461667 0.011667 0.025000
3 0.072500 0.503333 0.007500 0.015000
3 0.788333 0.475000 0.007500 0.018333
3 0.789167 0.453333 0.009167 0.016667
3 0.567500 0.578333 0.007500 0.015000
2 0.182500 0.568333 0.020000 0.021667
2 0.484167 0.470000 0.048333 0.043333
3 0.770000 0.505000 0.007500 0.015000
3 0.484167 0.545000 0.008333 0.016667
2 0.233333 0.586667 0.009167 0.031667
3 0.175000 0.528333 0.010000 0.020000
3 0.159167 0.505000 0.007500 0.018333
2 0.185000 0.476667 0.015833 0.068333
2 0.806667 0.480000 0.010000 0.031667
3 0.475833 0.513333 0.009167 0.023333
2 0.535833 0.460000 0.058333 0.076667
3 0.729167 0.531667 0.014167 0.025000
2 0.105000 0.471667 0.097500 0.053333
3 0.620833 0.511667 0.013333 0.031667
2 0.190000 0.473333 0.030833 0.051667
3 0.509167 0.518333 0.008333 0.016667
3 0.443333 0.488333 0.010000 0.016667
3 0.657500 0.478333 0.009167 0.023333
3 0.720833 0.580000 0.009167 0.016667
3 0.765000 0.515000 0.009167 0.016667
2 0.455000 0.516667 0.011667 0.025000
3 0.085000 0.498333 0.013333 0.031667
2 0.476667 0.410000 0.020833 0.028333
2 0.698333 0.521667 0.048333 0.025000
3 0.386667 0.566667 0.008333 0.021667
2 0.034167 0.511667 0.011667 0.066667
2 0.812500 0.543333 0.017500 0.116667
3 0.087500 0.500000 0.006667 0.018333
3 0.428333 0.593333 0.007500 0.018333
2 0.810833 0.656667 0.027500 0.016667
2 0.193333 0.440000 0.014167 0.015000
3 0.500000 0.520000 0.009167 0.018333
3 0.464167 0.476667 0.008333 0.016667
3 0.358333 0.455000 0.008333 0.016667
3 0.427500 0.546667 0.009167 0.023333
2 0.812500 0.561667 0.010833 0.091667
2 0.534167 0.490000 0.048333 0.043333
3 0.564167 0.490000 0.013333 0.031667
3 0.444167 0.621667 0.009167 0.016667
2 0.030833 0.521667 0.009167 0.031667
2 0.467500 0.553333 0.048333 0.025000
2 0.607500 0.555000 0.023333 0.041667
2 0.603333 0.580000 0.030833 0.051667
3 0.110000 0.555000 0.007500 0.015000
2 0.582500 0.503333 0.097500 0.053333
2 0.226667 0.545000 0.097500 0.053333
3 0.725833 0.513333 0.010833 0.023333
2 0.040833 0.578333 0.014167 0.015000
3 0.450833 0.491667 0.009167 0.023333
3 0.612500 0.498333 0.017500 0.031667
3 0.481667 0.426667 0.010833 0.023333
2 0.473333 0.611667 0.034167 0.100000
2 0.783333 0.521667 0.048333 0.043333
2 0.799167 0.563333 0.048333 0.025000
3 0.820833 0.636667 0.013333 0.015000
2 0.438333 0.563333 0.014167 0.015000
2 0.590833 0.635000 0.034167 0.100000
3 0.605000 0.575000 0.007500 0.015000
3 0.688333 0.558333 0.013333 0.031667
3 0.195000 0.480000 0.008333 0.021667
3 0.382500 0.538333 0.011667 0.030000
2 0.715833 0.570000 0.010000 0.031667
2 0.237500 0.673333 0.020833 0.080000
3 0.705000 0.423333 0.007500 0.016667
3 0.716667 0.345000 0.008333 0.016667
3 0.763333 0.338333 0.007500 0.018333
3 0.775833 0.378333 0.007500 0.018333
2 0.265833 0.330000 0.022500 0.023333
2 0.693333 0.623333 0.011667 0.025000
3 0.444167 0.358333 0.007500 0.018333
3 0.174167 0.638333 0.006667 0.018333
3 0.515000 0.748333 0.010000 0.016667
3 0.422500 0.380000 0.017500 0.031667
2 0.287500 0.798333 0.011667 0.025000
2 0.694167 0.628333 0.027500 0.016667
2 0.807500 0.600000 0.020833 0.080000
2 0.562500 0.295000 0.020000 0.021667
2 0.691667 0.586667 0.058333 0.076667
3 0.239167 0.350000 0.009167 0.018333
3 0.574167 0.745000 0.015833 0.051667
3 0.293333 0.778333 0.007500 0.018333
3 0.385000 0.376667 0.011667 0.020000
3 0.464167 0.846667 0.010833 0.023333
3 0.550833 0.758333 0.009167 0.016667
2 0.734167 0.655000 0.017500 0.116667
3 0.304167 0.700000 0.015833 0.051667
3 0.681667 0.638333 0.009167 0.015000
2 0.259167 0.360000 0.020833 0.080000
3 0.690000 0.713333 0.011667 0.020000
2 0.305833 0.381667 0.023333 0.041667
2 0.535000 0.690000 0.010000 0.031667
3 0.339167 0.388333 0.009167 0.016667
2 0.235000 0.231667 0.022500 0.023333
3 0.618333 0.326667 0.007500 0.018333
2 0.526667 0.413333 0.029167 0.038333
2 0.525833 0.441667 0.013333 0.070000
3 0.699167 0.258333 0.007500 0.018333
2 0.660833 0.376667 0.011667 0.025000
3 0.514167 0.331667 0.013333 0.031667
2 0.790833 0.626667 0.015833 0.068333
3 0.796667 0.643333 0.009167 0.015000
3 0.794167 0.423333 0.008333 0.016667
3 0.367500 0.681667 0.009167 0.023333
3 0.727500 0.685000 0.009167 0.023333
3 0.806667 0.623333 0.014167 0.025000
3 0.491667 0.735000 0.009167 0.015000
3 0.591667 0.340000 0.007500 0.018333
2 0.753333 0.658333 0.034167 0.038333
3 0.768333 0.620000 0.008333 0.016667
3 0.540000 0.733333 0.007500 0.018333
2 0.420833 0.778333 0.013333 0.070000
3 0.765000 0.613333 0.010000 0.016667
2 0.795833 0.363333 0.015833 0.068333
3 0.718333 0.660000 0.008333 0.016667
3 0.357500 0.645000 0.009167 0.016667
2 0.766667 0.630000 0.034167 0.100000
2 0.377500 0.386667 0.027500 0.016667
2 0.669167 0.600000 0.035000 0.105000
3 0.797500 0.736667 0.010000 0.016667
2 0.694167 0.323333 0.011667 0.066667
3 0.550833 0.236667 0.009167 0.016667
2 0.740833 0.608333 0.035000 0.105000
2 0.279167 0.278333 0.021667 0.090000
2 0.668333 0.406667 0.020000 0.021667
2 0.469167 0.326667 0.009167 0.031667
2 0.616667 0.650000 0.022500 0.023333
3 0.531667 0.725000 0.008333 0.021667
2 0.223333 0.720000 0.013333 0.070000
3 0.770000 0.403333 0.010000 0.020000
2 0.801667 0.636667 0.011667 0.025000
3 0.349167 0.403333 0.007500 0.018333
3 0.470000 0.295000 0.008333 0.016667
3 0.769167 0.696667 0.008333 0.016667
2 0.347500 0.701667 0.011667 0.025000
3 0.346667 0.388333 0.010000 0.016667
2 0.460000 0.696667 0.009167 0.040000
3 0.696667 0.266667 0.009167 0.015000
3 0.550000 0.645000 0.008333 0.016667
3 0.642500 0.350000 0.006667 0.018333
2 0.629167 0.410000 0.013333 0.070000
3 0.575833 0.745000 0.009167 0.023333
2 0.776667 0.691667 0.023333 0.041667
2 0.485000 0.333333 0.029167 0.038333
3 0.572500 0.720000 0.008333 0.016667
2 0.339167 0.621667 0.019167 0.046667
2 0.357500 0.671667 0.058333 0.076667
2 0.604167 0.998333 0.010833 0.001667
3 0.570833 0.656667 0.014167 0.025000
2 0.487500 0.290000 0.015833 0.068333
2 0.650833 0.401667 0.020000 0.021667
2 0.451667 0.748333 0.013333 0.070000
2 0.675000 0.378333 0.020833 0.028333
3 0.341667 0.771667 0.010000 0.016667
2 0.556667 0.680000 0.023333 0.106667
3 0.780000 0.643333 0.010833 0.013333
2 0.725000 0.641667 0.020833 0.028333
2 0.697500 0.438333 0.023333 0.041667
3 0.266667 0.795000 0.008333 0.016667
2 0.795000 0.390000 0.017500 0.116667
2 0.350833 0.620000 0.022500 0.023333
2 0.306667 0.338333 0.010000 0.031667
2 0.345000 0.650000 0.010000 0.031667
2 0.745833 0.376667 0.023333 0.041667
2 0.817500 0.425000 0.026667 0.035000
2 0.270000 0.748333 0.009167 0.031667
2 0.360000 0.360000 0.048333 0.043333
3 0.683333 0.618333 0.007500 0.018333
2 0.631667 0.590000 0.035000 0.105000
2 0.367500 0.713333 0.011667 0.025000
3 0.477500 0.618333 0.008333 0.016667
3 0.530833 0.418333 0.015833 0.051667
2 0.578333 0.298333 0.035000 0.105000
3 0.697500 0.313333 0.011667 0.030000
3 0.303333 0.410000 0.008333 0.016667
3 0.675833 0.428333 0.010833 0.013333
2 0.815000 0.360000 0.020833 0.028333
2 0.640000 0.681667 0.009167 0.031667
2 0.694167 0.766667 0.014167 0.015000
2 0.319167 0.798333 0.027500 0.016667
2 0.441667 0.655000 0.020833 0.028333
3 0.312500 0.391667 0.013333 0.015000
3 0.705000 0.356667 0.010833 0.023333
2 0.691667 0.645000 0.015833 0.068333
2 0.220833 0.751667 0.015833 0.068333
2 0.758333 0.675000 0.027500 0.016667
3 0.640000 0.353333 0.007500 0.018333
2 0.645833 0.373333 0.013333 0.070000
2 0.620833 0.340000 0.014167 0.015000
2 0.635833 0.606667 0.011667 0.066667
3 0.559167 0.653333 0.010000 0.016667
2 0.557500 0.193333 0.009167 0.040000
3 0.331667 0.333333 0.013333 0.031667
3 0.800000 0.411667 0.008333 0.021667
2 0.340000 0.758333 0.030833 0.051667
3 0.762500 0.401667 0.009167 0.016667
3 0.531667 0.375000 0.009167 0.016667
2 0.694167 0.398333 0.035000 0.105000
3 0.710833 0.365000 0.011667 0.020000
2 0.625000 0.375000 0.020000 0.021667
2 0.415833 0.405000 0.022500 0.023333
3 0.776667 0.738333 0.013333 0.031667
2 0.685000 0.405000 0.010833 0.091667
2 0.440833 0.408333 0.011667 0.025000
2 0.452500 0.323333 0.013333 0.070000
3 0.363333 0.308333 0.009167 0.016667
3 0.396667 0.325000 0.010833 0.023333
2 0.523333 0.418333 0.021667 0.090000
3 0.299167 0.396667 0.011667 0.030000
2 0.779167 0.730000 0.045833 0.021667
2 0.300000 0.305000 0.019167 0.046667
2 0.790000 0.446667 0.020833 0.080000
3 0.720833 0.635000 0.007500 0.015000
2 0.547500 0.640000 0.009167 0.031667
2 0.285000 0.358333 0.034167 0.038333
2 0.137500 0.651667 0.020000 0.021667
2 0.623333 0.636667 0.009167 0.040000
3 0.312500 0.385000 0.007500 0.015000
2 0.534167 0.635000 0.048333 0.043333
3 0.404167 0.660000 0.007500 0.018333
2 0.532500 0.361667 0.023333 0.041667
2 0.225000 0.745000 0.009167 0.031667
2 0.359167 0.303333 0.017500 0.116667
3 0.319167 0.361667 0.009167 0.023333
3 0.477500 0.618333 0.008333 0.016667
2 0.660833 0.428333 0.009167 0.040000
2 0.487500 0.780000 0.048333 0.043333
2 0.694167 0.666667 0.097500 0.053333
2 0.230000 0.720000 0.097500 0.053333
2 0.180833 0.640000 0.029167 0.038333
3 0.795000 0.641667 0.007500 0.015000
3 0.627500 0.390000 0.007500 0.015000
2 0.455833 0.258333 0.010833 0.091667
3 0.642500 0.318333 0.014167 0.025000
2 0.520000 0.261667 0.010833 0.091667
2 0.679167 0.311667 0.048333 0.025000
2 0.672500 0.403333 0.034167 0.100000
2 0.694167 0.648333 0.009167 0.031667
2 0.756667 0.403333 0.030833 0.051667
2 0.654167 0.605000 0.011667 0.066667
2 0.676667 0.380000 0.034167 0.100000
3 0.340833 0.773333 0.010833 0.023333
3 0.485833 0.676667 0.010833 0.013333
3 0.360833 0.616667 0.011667 0.030000
3 0.780000 0.346667 0.009167 0.016667
3 0.524167 0.756667 0.009167 0.016667
2 0.650833 0.660000 0.013333 0.070000
2 0.544167 0.651667 0.020833 0.080000
3 0.710833 0.686667 0.009167 0.016667
2 0.305833 0.793333 0.020000 0.021667
2 0.471667 0.811667 0.017500 0.116667
3 0.217500 0.670000 0.011667 0.030000
2 0.456667 0.356667 0.058333 0.076667
3 0.457500 0.345000 0.009167 0.016667
2 0.653333 0.350000 0.045833 0.021667
3 0.664167 0.396667 0.009167 0.016667
2 0.671667 0.713333 0.058333 0.076667
2 0.419167 0.693333 0.019167 0.046667
2 0.761667 0.431667 0.034167 0.100000
2 0.320000 0.316667 0.013333 0.070000
3 0.545000 0.685000 0.011667 0.020000
