4 0.842500 0.565000 0.146667 0.270000
4 0.890833 0.426667 0.057500 0.025000
4 0.825833 0.550000 0.150833 0.185000
4 0.831667 0.673333 0.061667 0.106667
4 0.818333 0.616667 0.048333 0.046667
4 0.809167 0.558333 0.059167 0.121667
4 0.857500 0.396667 0.131667 0.258333
4 0.821667 0.575000 0.174167 0.116667
4 0.816667 0.621667 0.110000 0.215000
4 0.868333 0.508333 0.089167 0.103333
4 0.086667 0.643333 0.126667 0.206667
4 0.650833 0.500000 0.140833 0.053333
4 0.695833 0.418333 0.136667 0.235000
4 0.468333 0.603333 0.068333 0.096667
4 0.748333 0.691667 0.140833 0.295000
4 0.124167 0.415000 0.248333 0.211667
4 0.050833 0.650000 0.101667 0.203333
4 0.650000 0.681667 0.220833 0.298333
4 0.753333 0.513333 0.063333 0.065000
4 0.090000 0.446667 0.113333 0.100000
2 0.714167 0.450000 0.058333 0.076667
3 0.156667 0.455000 0.010000 0.016667
3 0.515833 0.580000 0.008333 0.016667
3 0.237500 0.600000 0.013333 0.031667
2 0.774167 0.500000 0.020000 0.021667
2 0.657500 0.476667 0.017500 0.116667
3 0.338333 0.573333 0.013333 0.015000
3 0.716667 0.510000 0.007500 0.016667
3 0.443333 0.578333 0.008333 0.016667
3 0.614167 0.520000 0.009167 0.016667
3 0.230000 0.553333 0.008333 0.016667
3 0.345000 0.573333 0.007500 0.015000
2 0.057500 0.543333 0.035000 0.105000
2 0.522500 0.543333 0.026667 0.035000
2 0.765833 0.543333 0.027500 0.016667
3 0.556667 0.565000 0.008333 0.021667
3 0.302500 0.533333 0.013333 0.031667
2 0.531667 0.498333 0.023333 0.106667
2 0.747500 0.461667 0.023333 0.041667
2 0.270000 0.540000 0.017500 0.116667
2 0.447500 0.565000 0.022500 0.023333
3 0.189167 0.483333 0.010833 0.013333
2 0.631667 0.493333 0.020833 0.080000
2 0.302500 0.431667 0.058333 0.076667
2 0.590833 0.498333 0.048333 0.025000
2 0.794167 0.543333 0.058333 0.076667
3 0.614167 0.523333 0.011667 0.020000
3 0.440833 0.495000 0.014167 0.025000
3 0.445000 0.610000 0.008333 0.016667
2 0.610833 0.501667 0.010000 0.031667
3 0.157500 0.488333 0.008333 0.016667
3 0.312500 0.516667 0.010833 0.023333
2 0.493333 0.446667 0.020833 0.080000
3 0.660833 0.461667 0.009167 0.018333
3 0.712500 0.568333 0.009167 0.016667
3 0.759167 0.486667 0.006667 0.018333
2 0.132500 0.531667 0.023333 0.106667
2 0.164167 0.535000 0.021667 0.090000
3 0.347500 0.560000 0.007500 0.016667
3 0.303333 0.528333 0.007500 0.018333
2 0.381667 0.501667 0.048333 0.043333
3 0.383333 0.540000 0.007500 0.015000
3 0.335000 0.595000 0.007500 0.015000
2 0.525000 0.486667 0.015833 0.068333
3 0.060000 0.480000 0.008333 0.016667
3 0.171667 0.523333 0.017500 0.031667
3 0.400000 0.506667 0.008333 0.021667
3 0.305833 0.576667 0.008333 0.016667
3 0.391667 0.505000 0.009167 0.016667
2 0.133333 0.506667 0.048333 0.043333
3 0.041667 0.533333 0.007500 0.018333
2 0.130000 0.496667 0.017500 0.116667
2 0.613333 0.613333 0.010000 0.031667
3 0.284167 0.456667 0.010000 0.016667
3 0.488333 0.543333 0.010000 0.020000
3 0.250833 0.458333 0.006667 0.018333
2 0.034167 0.501667 0.069167 0.053333
3 0.175833 0.526667 0.007500 0.018333
3 0.595000 0.555000 0.008333 0.016667
2 0.250833 0.458333 0.058333 0.076667
3 0.284167 0.468333 0.010000 0.020000
3 0.311667 0.581667 0.009167 0.015000
2 0.660000 0.583333 0.023333 0.106667
3 0.560833 0.568333 0.017500 0.031667
2 0.345000 0.516667 0.045833 0.021667
2 0.684167 0.526667 0.030833 0.051667
3 0.080000 0.453333 0.008333 0.016667
2 0.699167 0.538333 0.030833 0.051667
2 0.331667 0.590000 0.048333 0.043333
2 0.123333 0.546667 0.011667 0.025000
2 0.229167 0.510000 0.014167 0.015000
3 0.817500 0.488333 0.008333 0.016667
2 0.241667 0.578333 0.009167 0.031667
3 0.685000 0.533333 0.008333 0.016667
2 0.350833 0.536667 0.027500 0.016667
2 0.233333 0.570000 0.014167 0.015000
2 0.380833 0.525000 0.017500 0.116667
2 0.585000 0.528333 0.058333 0.076667
2 0.759167 0.525000 0.019167 0.046667
3 0.655833 0.468333 0.009167 0.016667
3 0.545833 0.573333 0.008333 0.021667
3 0.412500 0.548333 0.009167 0.016667
3 0.480000 0.565000 0.010000 0.020000
2 0.363333 0.491667 0.026667 0.035000
2 0.618333 0.613333 0.023333 0.041667
3 0.529167 0.576667 0.009167 0.023333
3 0.384167 0.538333 0.015833 0.051667
2 0.670833 0.563333 0.048333 0.043333
2 0.712500 0.543333 0.020833 0.080000
3 0.647500 0.526667 0.009167 0.016667
2 0.534167 0.488333 0.048333 0.025000
3 0.185000 0.491667 0.009167 0.023333
2 0.025000 0.468333 0.035000 0.105000
2 0.561667 0.540000 0.017500 0.116667
3 0.638333 0.595000 0.008333 0.021667
2 0.209167 0.498333 0.034167 0.038333
2 0.710000 0.570000 0.034167 0.100000
2 0.080000 0.576667 0.009167 0.031667
2 0.150833 0.465000 0.027500 0.016667
3 0.402500 0.591667 0.008333 0.016667
2 0.200833 0.491667 0.020000 0.021667
2 0.563333 0.508333 0.034167 0.100000
2 0.807500 0.910000 0.009167 0.031667
2 0.668333 0.340000 0.015833 0.068333
3 0.423333 0.666667 0.013333 0.031667
3 0.540000 0.678333 0.007500 0.015000
3 0.679167 0.433333 0.007500 0.015000
2 0.431667 0.785000 0.013333 0.070000
2 0.630833 0.426667 0.023333 0.041667
3 0.676667 0.420000 0.013333 0.015000
2 0.399167 0.745000 0.020833 0.080000
3 0.687500 0.618333 0.014167 0.025000
3 0.475833 0.826667 0.006667 0.018333
3 0.551667 0.666667 0.007500 0.018333
3 0.555833 0.670000 0.011667 0.020000
2 0.447500 0.861667 0.020833 0.080000
2 0.695833 0.401667 0.021667 0.090000
3 0.700833 0.736667 0.015833 0.051667
3 0.551667 0.391667 0.008333 0.016667
3 0.218333 0.430000 0.017500 0.031667
2 0.679167 0.303333 0.048333 0.043333
2 0.635833 0.625000 0.029167 0.038333
2 0.135833 0.661667 0.022500 0.023333
3 0.645833 0.683333 0.008333 0.021667
3 0.565833 0.243333 0.010000 0.016667
3 0.443333 0.895000 0.007500 0.015000
2 0.504167 0.431667 0.034167 0.100000
2 0.780000 0.421667 0.010833 0.091667
2 0.554167 0.283333 0.022500 0.023333
3 0.720000 0.341667 0.009167 0.023333
3 0.435000 0.398333 0.009167 0.018333
3 0.622500 0.293333 0.006667 0.018333
2 0.249167 0.641667 0.045833 0.021667
2 0.800833 0.611667 0.011667 0.025000
2 0.695000 0.691667 0.011667 0.066667
3 0.649167 0.715000 0.009167 0.018333
2 0.227500 0.385000 0.020000 0.021667
2 0.543333 0.690000 0.023333 0.041667
3 0.421667 0.410000 0.007500 0.018333
2 0.780000 0.340000 0.020833 0.028333
3 0.677500 0.350000 0.011667 0.020000
3 0.700833 0.656667 0.008333 0.016667
3 0.465833 0.876667 0.007500 0.015000
3 0.636667 0.620000 0.008333 0.016667
2 0.625833 0.678333 0.021667 0.090000
3 0.699167 0.258333 0.007500 0.015000
3 0.759167 0.408333 0.008333 0.016667
2 0.686667 0.611667 0.029167 0.038333
2 0.350000 0.350000 0.019167 0.046667
3 0.755000 0.606667 0.007500 0.015000
2 0.745833 0.345000 0.010833 0.091667
2 0.292500 0.706667 0.029167 0.038333
2 0.726667 0.715000 0.017500 0.116667
2 0.440000 0.668333 0.030833 0.051667
3 0.638333 0.435000 0.013333 0.031667
3 0.681667 0.710000 0.009167 0.016667
3 0.483333 0.306667 0.008333 0.021667
3 0.305000 0.661667 0.007500 0.015000
2 0.639167 0.420000 0.023333 0.106667
3 0.335000 0.863333 0.009167 0.016667
3 0.710833 0.630000 0.013333 0.015000
2 0.581667 0.788333 0.010833 0.091667
2 0.469167 0.291667 0.010000 0.031667
3 0.395833 0.668333 0.010000 0.020000
3 0.704167 0.638333 0.006667 0.018333
3 0.387500 0.366667 0.009167 0.016667
2 0.711667 0.663333 0.011667 0.066667
3 0.332500 0.390000 0.015833 0.051667
2 0.813333 0.710000 0.017500 0.116667
2 0.509167 0.371667 0.045833 0.021667
2 0.414167 0.843333 0.010000 0.031667
2 0.495000 0.643333 0.058333 0.076667
3 0.405833 0.375000 0.007500 0.018333
2 0.463333 0.380000 0.022500 0.023333
3 0.532500 0.706667 0.007500 0.016667
3 0.671667 0.621667 0.007500 0.018333
3 0.679167 0.376667 0.009167 0.016667
2 0.284167 0.820000 0.014167 0.015000
2 0.609167 0.678333 0.014167 0.015000
3 0.741667 0.418333 0.008333 0.021667
2 0.771667 0.400000 0.030833 0.051667
3 0.357500 0.401667 0.017500 0.031667
2 0.343333 0.618333 0.011667 0.066667
2 0.452500 0.803333 0.034167 0.038333
2 0.503333 0.845000 0.021667 0.090000
2 0.628333 0.671667 0.034167 0.038333
2 0.545000 0.655000 0.034167 0.038333
3 0.337500 0.256667 0.008333 0.016667
3 0.746667 0.705000 0.010833 0.023333
2 0.369167 0.326667 0.023333 0.106667
3 0.283333 0.335000 0.010833 0.023333
3 0.385833 0.376667 0.009167 0.016667
2 0.656667 0.698333 0.027500 0.016667
2 0.670833 0.341667 0.022500 0.023333
2 0.460000 0.298333 0.048333 0.025000
2 0.300833 0.753333 0.021667 0.090000
2 0.677500 0.436667 0.022500 0.023333
3 0.315000 0.641667 0.007500 0.015000
3 0.513333 0.821667 0.010833 0.013333
2 0.775000 0.416667 0.030833 0.051667
3 0.471667 0.730000 0.010000 0.020000
3 0.745833 0.616667 0.011667 0.020000
2 0.606667 0.321667 0.009167 0.040000
3 0.755833 0.333333 0.011667 0.020000
2 0.669167 0.430000 0.027500 0.016667
2 0.788333 0.376667 0.023333 0.041667
3 0.537500 0.260000 0.015833 0.051667
2 0.720000 0.646667 0.010000 0.031667
3 0.345000 0.638333 0.007500 0.016667
3 0.775000 0.416667 0.011667 0.020000
2 0.651667 0.631667 0.048333 0.025000
3 0.721667 0.436667 0.010833 0.023333
3 0.400833 0.653333 0.008333 0.016667
3 0.760000 0.326667 0.011667 0.020000
2 0.434167 0.435000 0.010833 0.091667
2 0.516667 0.231667 0.058333 0.076667
2 0.686667 0.306667 0.010833 0.091667
3 0.310833 0.350000 0.010833 0.013333
2 0.414167 0.821667 0.019167 0.046667
3 0.537500 0.265000 0.013333 0.015000
2 0.680000 0.681667 0.034167 0.038333
2 0.754167 0.405000 0.017500 0.116667
3 0.699167 0.376667 0.007500 0.016667
2 0.276667 0.261667 0.011667 0.066667
2 0.436667 0.883333 0.010833 0.091667
2 0.587500 0.568333 0.029167 0.038333
3 0.293333 0.776667 0.007500 0.015000
3 0.289167 0.153333 0.007500 0.016667
2 0.382500 0.740000 0.022500 0.023333
3 0.649167 0.443333 0.010000 0.016667
3 0.848333 0.325000 0.007500 0.018333
2 0.485833 0.768333 0.020833 0.080000
3 0.713333 0.731667 0.008333 0.021667
2 0.734167 0.688333 0.013333 0.070000
3 0.790000 0.331667 0.007500 0.018333
2 0.252500 0.390000 0.027500 0.016667
3 0.686667 0.345000 0.009167 0.016667
2 0.659167 0.395000 0.020000 0.021667
2 0.334167 0.641667 0.020833 0.028333
2 0.555833 0.400000 0.021667 0.090000
2 0.350000 0.365000 0.020000 0.021667
2 0.621667 0.411667 0.030833 0.051667
2 0.807500 0.661667 0.020833 0.080000
3 0.710833 0.410000 0.014167 0.025000
2 0.807500 0.620000 0.020000 0.021667
3 0.670833 0.606667 0.010833 0.023333
2 0.800833 0.460000 0.021667 0.090000
3 0.385833 0.740000 0.015833 0.051667
3 0.702500 0.618333 0.009167 0.023333
3 0.297500 0.691667 0.007500 0.015000
2 0.654167 0.450000 0.021667 0.090000
2 0.729167 0.701667 0.020000 0.021667
2 0.722500 0.391667 0.030833 0.051667
3 0.609167 0.391667 0.009167 0.016667
2 0.762500 0.388333 0.020833 0.080000
3 0.645000 0.385000 0.009167 0.016667
2 0.271667 0.846667 0.026667 0.035000
2 0.335833 0.275000 0.045833 0.021667
3 0.218333 0.430000 0.017500 0.031667
3 0.307500 0.358333 0.017500 0.031667
2 0.697500 0.376667 0.020833 0.080000
3 0.659167 0.361667 0.010833 0.023333
3 0.788333 0.418333 0.009167 0.016667
3 0.766667 0.355000 0.013333 0.015000
3 0.225000 0.338333 0.010833 0.023333
2 0.239167 0.683333 0.026667 0.035000
2 0.264167 0.701667 0.097500 0.053333
3 0.653333 0.635000 0.007500 0.018333
3 0.301667 0.413333 0.011667 0.030000
3 0.651667 0.653333 0.008333 0.016667
2 0.772500 0.455000 0.021667 0.090000
2 0.485833 0.293333 0.034167 0.038333
3 0.353333 0.385000 0.007500 0.016667
3 0.292500 0.826667 0.007500 0.015000
3 0.721667 0.436667 0.010833 0.023333
2 0.780833 0.601667 0.020000 0.021667
2 0.660000 0.676667 0.048333 0.043333
2 0.780833 0.441667 0.011667 0.025000
3 0.725000 0.405000 0.011667 0.020000
3 0.560833 0.743333 0.011667 0.020000
2 0.810833 0.648333 0.021667 0.090000
2 0.767500 0.403333 0.023333 0.041667
2 0.617500 0.665000 0.048333 0.043333
3 0.686667 0.616667 0.008333 0.016667
3 0.645833 0.633333 0.010000 0.020000
3 0.561667 0.430000 0.009167 0.015000
3 0.444167 0.670000 0.009167 0.016667
2 0.735000 0.411667 0.010000 0.031667
3 0.511667 0.818333 0.015833 0.051667
2 0.439167 0.718333 0.023333 0.041667
3 0.541667 0.251667 0.007500 0.015000
3 0.151667 0.675000 0.009167 0.016667
3 0.455000 0.296667 0.007500 0.016667
2 0.447500 0.673333 0.009167 0.031667
3 0.280833 0.396667 0.010833 0.013333
2 0.390000 0.688333 0.014167 0.015000
3 0.739167 0.658333 0.008333 0.016667
2 0.312500 0.321667 0.011667 0.066667
3 0.551667 0.756667 0.007500 0.015000
2 0.459167 0.376667 0.030833 0.051667
