4 0.777500 0.578333 0.215000 0.170000
4 0.788333 0.560000 0.102500 0.146667
4 0.828333 0.558333 0.108333 0.078333
4 0.881667 0.451667 0.071667 0.033333
4 0.855000 0.590000 0.079167 0.076667
4 0.799167 0.673333 0.172500 0.108333
4 0.791667 0.531667 0.187500 0.126667
4 0.810000 0.730000 0.089167 0.225000
4 0.810833 0.590000 0.090833 0.080000
4 0.828333 0.606667 0.062500 0.048333
4 0.482500 0.610000 0.172500 0.203333
4 0.735833 0.463333 0.153333 0.226667
4 0.439167 0.651667 0.116667 0.175000
4 0.249167 0.511667 0.048333 0.083333
4 0.470833 0.488333 0.063333 0.108333
4 0.416667 0.546667 0.102500 0.090000
4 0.230000 0.658333 0.102500 0.213333
4 0.151667 0.421667 0.132500 0.238333
4 0.225833 0.725000 0.166667 0.416667
4 0.343333 0.541667 0.070833 0.030000
2 0.028333 0.486667 0.009167 0.040000
3 0.380833 0.521667 0.011667 0.030000
2 0.425000 0.458333 0.019167 0.046667
2 0.552500 0.586667 0.026667 0.035000
3 0.299167 0.545000 0.008333 0.016667
2 0.601667 0.500000 0.009167 0.040000
2 0.346667 0.476667 0.058333 0.076667
3 0.559167 0.541667 0.013333 0.015000
3 0.341667 0.438333 0.009167 0.015000
2 0.097500 0.513333 0.010833 0.091667
2 0.365000 0.536667 0.026667 0.035000
2 0.177500 0.431667 0.097500 0.053333
2 0.613333 0.600000 0.010000 0.031667
2 0.813333 0.518333 0.034167 0.038333
3 0.449167 0.453333 0.015833 0.051667
3 0.423333 0.561667 0.009167 0.023333
2 0.435833 0.468333 0.020833 0.080000
3 0.701667 0.568333 0.010833 0.023333
2 0.207500 0.520000 0.034167 0.100000
2 0.336667 0.440000 0.011667 0.066667
3 0.760833 0.576667 0.006667 0.018333
2 0.203333 0.460000 0.020833 0.028333
3 0.821667 0.648333 0.015833 0.051667
2 0.200833 0.611667 0.020833 0.080000
2 0.179167 0.570000 0.022500 0.023333
2 0.391667 0.490000 0.035000 0.105000
2 0.470833 0.431667 0.009167 0.040000
2 0.566667 0.511667 0.019167 0.046667
2 0.122500 0.525000 0.034167 0.038333
3 0.492500 0.431667 0.010000 0.020000
2 0.189167 0.420000 0.019167 0.046667
2 0.688333 0.585000 0.034167 0.038333
2 0.188333 0.558333 0.020833 0.028333
2 0.306667 0.470000 0.029167 0.038333
2 0.220000 0.563333 0.034167 0.100000
3 0.647500 0.461667 0.013333 0.015000
3 0.289167 0.516667 0.008333 0.016667
3 0.735833 0.493333 0.007500 0.018333
2 0.610000 0.495000 0.023333 0.106667
3 0.607500 0.601667 0.011667 0.020000
2 0.483333 0.456667 0.035000 0.105000
3 0.158333 0.500000 0.007500 0.015000
2 0.140000 0.548333 0.010833 0.091667
3 0.087500 0.578333 0.008333 0.016667
2 0.486667 0.408333 0.035000 0.105000
2 0.600833 0.491667 0.045833 0.021667
2 0.358333 0.510000 0.013333 0.070000
3 0.418333 0.545000 0.009167 0.016667
3 0.124167 0.525000 0.009167 0.023333
3 0.789167 0.563333 0.014167 0.025000
3 0.414167 0.573333 0.010000 0.016667
3 0.607500 0.483333 0.010000 0.020000
3 0.270833 0.463333 0.010833 0.023333
3 0.133333 0.465000 0.009167 0.023333
3 0.052500 0.518333 0.009167 0.016667
3 0.784167 0.458333 0.007500 0.018333
3 0.486667 0.466667 0.013333 0.031667
2 0.575000 0.558333 0.019167 0.046667
2 0.213333 0.438333 0.097500 0.053333
3 0.767500 0.511667 0.009167 0.023333
3 0.499167 0.563333 0.007500 0.015000
2 0.453333 0.531667 0.045833 0.021667
2 0.031667 0.560000 0.027500 0.016667
2 0.175000 0.431667 0.015833 0.068333
2 0.775833 0.516667 0.020833 0.028333
3 0.026667 0.470000 0.008333 0.016667
2 0.694167 0.511667 0.035000 0.105000
3 0.599167 0.571667 0.009167 0.016667
2 0.159167 0.453333 0.034167 0.038333
3 0.545833 0.590000 0.013333 0.031667
3 0.351667 0.530000 0.009167 0.018333
3 0.595000 0.585000 0.010000 0.016667
3 0.480000 0.491667 0.009167 0.016667
3 0.822500 0.498333 0.010000 0.016667
2 0.280833 0.438333 0.035000 0.105000
2 0.418333 0.558333 0.015833 0.068333
2 0.155833 0.526667 0.015833 0.068333
3 0.171667 0.601667 0.013333 0.031667
2 0.206667 0.565000 0.015833 0.068333
3 0.807500 0.546667 0.013333 0.015000
2 0.323333 0.563333 0.045833 0.021667
3 0.682500 0.495000 0.010000 0.016667
3 0.185000 0.548333 0.017500 0.031667
3 0.301667 0.555000 0.007500 0.018333
3 0.592500 0.453333 0.010000 0.020000
3 0.468333 0.585000 0.017500 0.031667
3 0.645833 0.575000 0.008333 0.016667
2 0.360833 0.603333 0.026667 0.035000
3 0.469167 0.575000 0.009167 0.015000
3 0.402500 0.571667 0.007500 0.018333
2 0.105833 0.543333 0.020833 0.080000
2 0.256667 0.536667 0.026667 0.035000
3 0.619167 0.521667 0.009167 0.016667
3 0.732500 0.488333 0.009167 0.023333
3 0.098333 0.456667 0.009167 0.023333
2 0.527500 0.480000 0.019167 0.046667
2 0.025833 0.590000 0.013333 0.070000
2 0.600833 0.490000 0.030833 0.051667
3 0.730833 0.506667 0.010833 0.013333
3 0.119167 0.495000 0.008333 0.016667
2 0.753333 0.550000 0.097500 0.053333
2 0.289167 0.473333 0.009167 0.031667
2 0.562500 0.655000 0.011667 0.025000
3 0.750000 0.610000 0.009167 0.016667
2 0.587500 0.321667 0.015833 0.068333
2 0.280000 0.768333 0.034167 0.038333
2 0.288333 0.803333 0.010000 0.031667
3 0.315000 0.393333 0.007500 0.015000
3 0.541667 0.408333 0.006667 0.018333
2 0.507500 0.686667 0.058333 0.076667
3 0.695000 0.720000 0.013333 0.031667
2 0.675833 0.671667 0.020833 0.080000
3 0.225000 0.410000 0.008333 0.016667
2 0.710000 0.673333 0.014167 0.015000
3 0.305833 0.660000 0.013333 0.015000
3 0.717500 0.416667 0.008333 0.016667
3 0.485833 0.285000 0.010833 0.023333
2 0.735833 0.316667 0.019167 0.046667
2 0.757500 0.331667 0.010833 0.091667
2 0.524167 0.351667 0.011667 0.025000
2 0.414167 0.826667 0.009167 0.040000
3 0.442500 0.375000 0.017500 0.031667
3 0.545000 0.320000 0.011667 0.030000
2 0.545000 0.656667 0.020833 0.028333
3 0.734167 0.436667 0.008333 0.016667
3 0.625833 0.365000 0.007500 0.015000
2 0.721667 0.676667 0.030833 0.051667
3 0.812500 0.401667 0.009167 0.018333
3 0.580833 0.621667 0.015833 0.051667
2 0.301667 0.376667 0.029167 0.038333
3 0.652500 0.416667 0.007500 0.018333
2 0.669167 0.620000 0.011667 0.066667
3 0.726667 0.410000 0.013333 0.015000
3 0.775000 0.603333 0.007500 0.015000
2 0.733333 0.696667 0.034167 0.038333
3 0.385833 0.748333 0.014167 0.025000
3 0.315833 0.358333 0.015833 0.051667
2 0.471667 0.271667 0.027500 0.016667
2 0.707500 0.640000 0.034167 0.038333
3 0.766667 0.680000 0.011667 0.020000
2 0.400833 0.691667 0.023333 0.041667
3 0.545000 0.238333 0.007500 0.016667
3 0.309167 0.408333 0.015833 0.051667
3 0.815000 0.393333 0.007500 0.018333
2 0.306667 0.603333 0.017500 0.116667
3 0.662500 0.413333 0.007500 0.015000
3 0.743333 0.283333 0.007500 0.016667
2 0.614167 0.626667 0.009167 0.040000
3 0.297500 0.751667 0.017500 0.031667
2 0.691667 0.766667 0.020000 0.021667
3 0.653333 0.383333 0.010833 0.023333
3 0.654167 0.641667 0.010000 0.020000
2 0.447500 0.675000 0.035000 0.105000
2 0.576667 0.771667 0.034167 0.100000
2 0.731667 0.683333 0.020833 0.028333
2 0.304167 0.803333 0.023333 0.106667
3 0.699167 0.310000 0.008333 0.016667
3 0.454167 0.801667 0.013333 0.031667
3 0.621667 0.398333 0.008333 0.016667
2 0.555833 0.341667 0.020833 0.080000
3 0.687500 0.641667 0.007500 0.015000
3 0.204167 0.726667 0.008333 0.016667
2 0.466667 0.321667 0.034167 0.100000
2 0.437500 0.801667 0.020000 0.021667
2 0.707500 0.336667 0.010000 0.031667
3 0.487500 0.283333 0.008333 0.016667
2 0.527500 0.380000 0.013333 0.070000
3 0.175000 0.391667 0.011667 0.020000
3 0.447500 0.665000 0.009167 0.016667
3 0.782500 0.418333 0.007500 0.015000
3 0.385833 0.708333 0.008333 0.016667
3 0.831667 0.410000 0.010000 0.016667
3 0.693333 0.346667 0.008333 0.021667
2 0.465833 0.120000 0.009167 0.040000
3 0.225000 0.655000 0.014167 0.025000
2 0.618333 0.325000 0.019167 0.046667
3 0.652500 0.388333 0.014167 0.025000
3 0.688333 0.386667 0.008333 0.016667
2 0.353333 0.643333 0.034167 0.100000
2 0.485000 0.745000 0.023333 0.106667
2 0.665000 0.740000 0.013333 0.070000
3 0.698333 0.285000 0.011667 0.030000
2 0.313333 0.726667 0.048333 0.043333
3 0.599167 0.998333 0.006667 0.001667
3 0.325000 0.688333 0.007500 0.015000
2 0.447500 0.890000 0.034167 0.100000
2 0.740833 0.343333 0.009167 0.031667
2 0.265000 0.846667 0.019167 0.046667
3 0.313333 0.340000 0.009167 0.015000
2 0.780000 0.378333 0.014167 0.015000
2 0.405833 0.660000 0.020833 0.080000
3 0.271667 0.715000 0.007500 0.015000
3 0.255000 0.230000 0.009167 0.016667
3 0.807500 0.428333 0.013333 0.031667
3 0.788333 0.341667 0.013333 0.015000
3 0.690833 0.613333 0.009167 0.016667
2 0.435000 0.391667 0.026667 0.035000
2 0.546667 0.661667 0.017500 0.116667
2 0.295833 0.373333 0.026667 0.035000
2 0.680000 0.360000 0.019167 0.046667
2 0.445000 0.265000 0.019167 0.046667
3 0.572500 0.303333 0.014167 0.025000
3 0.788333 0.678333 0.013333 0.015000
3 0.240000 0.225000 0.013333 0.031667
3 0.725000 0.793333 0.009167 0.018333
2 0.670000 0.646667 0.026667 0.035000
3 0.280000 0.671667 0.008333 0.016667
2 0.500000 0.330000 0.017500 0.116667
2 0.269167 0.690000 0.010833 0.091667
2 0.299167 0.375000 0.029167 0.038333
3 0.320000 0.705000 0.008333 0.016667
3 0.472500 0.645000 0.008333 0.016667
3 0.558333 0.370000 0.008333 0.016667
3 0.550000 0.681667 0.009167 0.018333
3 0.435000 0.348333 0.017500 0.031667
3 0.683333 0.358333 0.013333 0.031667
3 0.644167 0.631667 0.009167 0.016667
2 0.221667 0.653333 0.020833 0.028333
3 0.319167 0.263333 0.011667 0.020000
2 0.792500 0.618333 0.017500 0.116667
2 0.526667 0.736667 0.058333 0.076667
2 0.705000 0.361667 0.020000 0.021667
2 0.525000 0.376667 0.009167 0.040000
2 0.390833 0.316667 0.020833 0.080000
3 0.280833 0.835000 0.007500 0.015000
2 0.174167 0.396667 0.011667 0.025000
3 0.544167 0.411667 0.014167 0.025000
3 0.157500 0.636667 0.011667 0.020000
3 0.484167 0.311667 0.009167 0.016667
2 0.655833 0.356667 0.017500 0.116667
2 0.438333 0.735000 0.014167 0.015000
3 0.488333 0.780000 0.009167 0.023333
2 0.412500 0.418333 0.026667 0.035000
3 0.709167 0.626667 0.009167 0.015000
2 0.695833 0.613333 0.011667 0.025000
2 0.600833 0.365000 0.019167 0.046667
3 0.269167 0.293333 0.017500 0.031667
2 0.784167 0.630000 0.045833 0.021667
3 0.492500 0.736667 0.008333 0.016667
3 0.303333 0.400000 0.007500 0.018333
2 0.503333 0.808333 0.020833 0.028333
3 0.657500 0.393333 0.017500 0.031667
3 0.571667 0.636667 0.007500 0.015000
2 0.345000 0.661667 0.009167 0.031667
2 0.746667 0.698333 0.010000 0.031667
3 0.407500 0.393333 0.011667 0.030000
2 0.775000 0.426667 0.022500 0.023333
2 0.431667 0.331667 0.058333 0.076667
3 0.225000 0.768333 0.007500 0.015000
2 0.668333 0.383333 0.020833 0.080000
2 0.485000 0.240000 0.009167 0.040000
2 0.710000 0.416667 0.027500 0.016667
2 0.779167 0.568333 0.020833 0.080000
2 0.357500 0.640000 0.027500 0.016667
2 0.792500 0.666667 0.034167 0.100000
3 0.642500 0.635000 0.007500 0.015000
3 0.775833 0.656667 0.013333 0.031667
2 0.216667 0.648333 0.022500 0.023333
2 0.544167 0.736667 0.021667 0.090000
3 0.629167 0.356667 0.010833 0.023333
2 0.671667 0.613333 0.020833 0.028333
3 0.254167 0.785000 0.009167 0.016667
3 0.704167 0.430000 0.010000 0.020000
3 0.312500 0.661667 0.010833 0.023333
3 0.248333 0.680000 0.009167 0.023333
2 0.316667 0.750000 0.022500 0.023333
2 0.697500 0.601667 0.020833 0.080000
2 0.790000 0.406667 0.015833 0.068333
2 0.329167 0.353333 0.048333 0.025000
2 0.671667 0.338333 0.020000 0.021667
2 0.310000 0.341667 0.020833 0.080000
2 0.474167 0.785000 0.023333 0.041667
2 0.541667 0.331667 0.034167 0.038333
2 0.218333 0.618333 0.034167 0.100000
2 0.707500 0.651667 0.029167 0.038333
2 0.262500 0.751667 0.048333 0.025000
3 0.778333 0.608333 0.007500 0.018333
2 0.740000 0.456667 0.026667 0.035000
3 0.702500 0.645000 0.007500 0.015000
2 0.536667 0.646667 0.034167 0.038333
2 0.247500 0.401667 0.026667 0.035000
2 0.212500 0.715000 0.021667 0.090000
2 0.242500 0.656667 0.019167 0.046667
3 0.366667 0.436667 0.011667 0.030000
2 0.631667 0.435000 0.013333 0.070000
3 0.706667 0.440000 0.009167 0.016667
2 0.298333 0.715000 0.009167 0.031667
2 0.728333 0.368333 0.020833 0.080000
3 0.191667 0.650000 0.007500 0.018333
2 0.590000 0.793333 0.010833 0.091667
2 0.618333 0.625000 0.019167 0.046667
2 0.716667 0.353333 0.010000 0.031667
2 0.607500 0.316667 0.029167 0.038333
3 0.242500 0.705000 0.010833 0.023333
2 0.770000 0.401667 0.017500 0.116667
2 0.495833 0.336667 0.009167 0.031667
2 0.758333 0.693333 0.020833 0.028333
3 0.715000 0.636667 0.008333 0.016667
2 0.355833 0.676667 0.015833 0.068333
3 0.309167 0.211667 0.017500 0.031667
