4 0.817500 0.408333 0.180833 0.261667
4 0.831667 0.610000 0.144167 0.118333
4 0.823333 0.335000 0.055833 0.106667
4 0.860000 0.558333 0.033333 0.053333
4 0.855833 0.488333 0.092500 0.131667
4 0.855833 0.506667 0.083333 0.045000
4 0.851667 0.496667 0.068333 0.020000
4 0.807500 0.478333 0.117500 0.155000
4 0.829167 0.581667 0.070833 0.026667
4 0.831667 0.681667 0.095833 0.180000
4 0.094167 0.500000 0.154167 0.045000
4 0.025833 0.556667 0.052500 0.065000
4 0.096667 0.530000 0.085000 0.085000
4 0.547500 0.548333 0.204167 0.086667
4 0.470833 0.555000 0.052500 0.115000
4 0.268333 0.523333 0.045000 0.048333
4 0.747500 0.520000 0.091667 0.040000
4 0.600833 0.603333 0.287500 0.188333
4 0.403333 0.566667 0.139167 0.031667
4 0.045833 0.451667 0.067500 0.136667
2 0.800833 0.551667 0.021667 0.090000
3 0.505000 0.525000 0.006667 0.018333
3 0.381667 0.581667 0.010000 0.016667
2 0.384167 0.548333 0.010833 0.091667
2 0.660833 0.551667 0.097500 0.053333
3 0.718333 0.565000 0.010833 0.023333
3 0.434167 0.476667 0.009167 0.016667
2 0.010833 0.496667 0.022500 0.038333
2 0.160833 0.491667 0.048333 0.043333
3 0.472500 0.390000 0.009167 0.015000
2 0.332500 0.443333 0.009167 0.040000
3 0.537500 0.578333 0.017500 0.031667
3 0.799167 0.463333 0.017500 0.031667
2 0.595000 0.543333 0.027500 0.016667
2 0.167500 0.553333 0.026667 0.035000
3 0.231667 0.561667 0.008333 0.016667
3 0.375833 0.580000 0.007500 0.018333
2 0.662500 0.548333 0.009167 0.040000
3 0.590000 0.480000 0.013333 0.031667
3 0.782500 0.471667 0.007500 0.018333
2 0.822500 0.591667 0.009167 0.031667
2 0.592500 0.523333 0.015833 0.068333
2 0.545833 0.498333 0.017500 0.116667
2 0.770000 0.576667 0.011667 0.025000
3 0.490833 0.548333 0.007500 0.015000
2 0.750000 0.496667 0.045833 0.021667
3 0.537500 0.518333 0.007500 0.015000
3 0.277500 0.565000 0.007500 0.018333
2 0.705000 0.475000 0.022500 0.023333
2 0.107500 0.586667 0.013333 0.070000
2 0.303333 0.516667 0.023333 0.106667
3 0.790000 0.511667 0.009167 0.018333
2 0.081667 0.451667 0.011667 0.025000
2 0.455000 0.570000 0.023333 0.106667
2 0.668333 0.496667 0.017500 0.116667
2 0.495833 0.560000 0.023333 0.106667
2 0.575833 0.496667 0.058333 0.076667
2 0.805833 0.535000 0.020833 0.080000
3 0.675000 0.538333 0.007500 0.016667
3 0.280833 0.528333 0.009167 0.015000
3 0.391667 0.591667 0.010833 0.023333
2 0.051667 0.458333 0.020833 0.080000
2 0.650833 0.603333 0.034167 0.100000
3 0.391667 0.540000 0.008333 0.016667
3 0.505833 0.581667 0.009167 0.016667
2 0.733333 0.446667 0.048333 0.043333
3 0.399167 0.460000 0.008333 0.016667
2 0.787500 0.445000 0.045833 0.021667
2 0.279167 0.468333 0.023333 0.041667
3 0.138333 0.520000 0.013333 0.015000
3 0.650000 0.520000 0.013333 0.015000
2 0.085833 0.498333 0.022500 0.023333
3 0.354167 0.463333 0.013333 0.015000
2 0.288333 0.568333 0.023333 0.106667
2 0.195000 0.595000 0.020833 0.080000
3 0.146667 0.575000 0.008333 0.016667
3 0.209167 0.441667 0.013333 0.015000
2 0.413333 0.571667 0.034167 0.038333
3 0.029167 0.506667 0.008333 0.021667
2 0.396667 0.570000 0.015833 0.068333
2 0.276667 0.505000 0.011667 0.025000
2 0.685000 0.555000 0.020833 0.080000
3 0.372500 0.485000 0.007500 0.018333
3 0.524167 0.555000 0.009167 0.016667
2 0.633333 0.583333 0.026667 0.035000
2 0.680833 0.541667 0.021667 0.090000
2 0.800000 0.500000 0.011667 0.066667
2 0.553333 0.535000 0.023333 0.106667
2 0.223333 0.506667 0.014167 0.015000
3 0.223333 0.490000 0.013333 0.031667
2 0.205000 0.476667 0.010833 0.091667
3 0.452500 0.498333 0.009167 0.016667
2 0.065000 0.545000 0.010833 0.091667
2 0.274167 0.593333 0.022500 0.023333
2 0.534167 0.503333 0.020833 0.080000
3 0.159167 0.513333 0.009167 0.018333
3 0.025833 0.573333 0.007500 0.015000
3 0.519167 0.491667 0.010833 0.013333
3 0.531667 0.540000 0.008333 0.016667
2 0.581667 0.503333 0.097500 0.053333
2 0.095833 0.530000 0.020833 0.080000
3 0.556667 0.553333 0.009167 0.018333
3 0.189167 0.458333 0.011667 0.030000
3 0.690833 0.448333 0.007500 0.015000
3 0.179167 0.445000 0.007500 0.015000
2 0.128333 0.486667 0.009167 0.040000
2 0.706667 0.548333 0.020833 0.080000
2 0.684167 0.485000 0.010000 0.031667
3 0.398333 0.576667 0.013333 0.015000
3 0.087500 0.536667 0.007500 0.018333
3 0.097500 0.486667 0.008333 0.016667
2 0.396667 0.451667 0.029167 0.038333
2 0.596667 0.571667 0.010833 0.091667
2 0.620833 0.521667 0.010833 0.091667
2 0.454167 0.575000 0.010833 0.091667
2 0.584167 0.516667 0.034167 0.100000
3 0.146667 0.578333 0.008333 0.016667
3 0.371667 0.531667 0.008333 0.016667
2 0.516667 0.580000 0.022500 0.023333
2 0.432500 0.553333 0.045833 0.021667
2 0.305000 0.480000 0.029167 0.038333
3 0.509167 0.516667 0.009167 0.016667
3 0.489167 0.296667 0.010833 0.023333
3 0.560000 0.446667 0.017500 0.031667
2 0.450000 0.641667 0.011667 0.025000
2 0.779167 0.398333 0.021667 0.090000
3 0.305000 0.726667 0.013333 0.031667
2 0.324167 0.216667 0.035000 0.105000
3 0.774167 0.341667 0.010833 0.023333
2 0.510833 0.436667 0.020833 0.080000
2 0.614167 0.405000 0.023333 0.106667
3 0.430833 0.733333 0.015833 0.051667
2 0.758333 0.621667 0.022500 0.023333
2 0.734167 0.268333 0.035000 0.105000
2 0.686667 0.718333 0.048333 0.043333
2 0.670833 0.615000 0.011667 0.066667
3 0.635000 0.435000 0.010833 0.013333
3 0.325000 0.368333 0.008333 0.016667
3 0.624167 0.346667 0.010833 0.013333
3 0.808333 0.618333 0.007500 0.015000
2 0.665000 0.375000 0.011667 0.025000
2 0.769167 0.396667 0.011667 0.025000
3 0.268333 0.198333 0.007500 0.015000
2 0.504167 0.256667 0.010000 0.031667
2 0.277500 0.758333 0.013333 0.070000
3 0.709167 0.360000 0.010833 0.013333
3 0.504167 0.325000 0.013333 0.015000
2 0.780000 0.400000 0.027500 0.016667
3 0.770833 0.376667 0.007500 0.015000
2 0.720833 0.713333 0.020833 0.028333
2 0.781667 0.390000 0.019167 0.046667
3 0.422500 0.363333 0.010000 0.020000
3 0.667500 0.671667 0.008333 0.016667
2 0.784167 0.581667 0.035000 0.105000
2 0.486667 0.778333 0.020000 0.021667
3 0.492500 0.341667 0.008333 0.021667
2 0.660000 0.346667 0.019167 0.046667
2 0.644167 0.678333 0.020000 0.021667
3 0.689167 0.633333 0.007500 0.016667
2 0.462500 0.326667 0.048333 0.043333
2 0.345000 0.318333 0.023333 0.041667
2 0.322500 0.766667 0.048333 0.043333
3 0.456667 0.350000 0.007500 0.015000
2 0.510000 0.300000 0.020833 0.080000
3 0.268333 0.640000 0.007500 0.016667
3 0.695000 0.630000 0.008333 0.016667
3 0.585833 0.745000 0.009167 0.015000
3 0.426667 0.363333 0.011667 0.030000
2 0.297500 0.698333 0.011667 0.025000
2 0.218333 0.338333 0.048333 0.025000
2 0.437500 0.690000 0.020833 0.080000
3 0.341667 0.771667 0.009167 0.016667
2 0.686667 0.785000 0.045833 0.021667
2 0.467500 0.825000 0.026667 0.035000
2 0.792500 0.645000 0.029167 0.038333
2 0.280000 0.818333 0.009167 0.040000
3 0.270000 0.751667 0.008333 0.016667
3 0.341667 0.770000 0.009167 0.015000
3 0.692500 0.273333 0.010833 0.023333
2 0.452500 0.790000 0.011667 0.066667
3 0.253333 0.706667 0.010833 0.023333
2 0.435000 0.131667 0.029167 0.038333
2 0.450000 0.736667 0.019167 0.046667
3 0.270000 0.865000 0.009167 0.016667
2 0.737500 0.428333 0.097500 0.053333
2 0.626667 0.415000 0.048333 0.025000
3 0.720833 0.350000 0.013333 0.031667
3 0.679167 0.421667 0.007500 0.015000
3 0.217500 0.670000 0.011667 0.030000
2 0.325000 0.303333 0.020833 0.080000
3 0.457500 0.363333 0.009167 0.016667
3 0.363333 0.398333 0.006667 0.018333
3 0.704167 0.333333 0.008333 0.016667
3 0.589167 0.336667 0.013333 0.015000
2 0.585000 0.998333 0.035000 0.001667
2 0.579167 0.735000 0.034167 0.038333
3 0.327500 0.358333 0.008333 0.016667
3 0.291667 0.733333 0.011667 0.030000
3 0.806667 0.431667 0.009167 0.016667
2 0.453333 0.350000 0.014167 0.015000
2 0.760833 0.686667 0.023333 0.041667
2 0.490833 0.345000 0.013333 0.070000
2 0.771667 0.353333 0.035000 0.105000
2 0.647500 0.678333 0.026667 0.035000
3 0.355833 0.283333 0.006667 0.018333
3 0.801667 0.638333 0.011667 0.020000
3 0.306667 0.676667 0.009167 0.023333
3 0.245000 0.355000 0.007500 0.018333
2 0.703333 0.625000 0.020833 0.028333
2 0.450000 0.706667 0.029167 0.038333
2 0.503333 0.848333 0.020833 0.080000
3 0.685833 0.355000 0.007500 0.015000
3 0.736667 0.416667 0.013333 0.031667
2 0.601667 0.728333 0.009167 0.040000
2 0.495833 0.813333 0.048333 0.025000
3 0.448333 0.641667 0.014167 0.025000
3 0.564167 0.745000 0.013333 0.015000
2 0.750833 0.296667 0.019167 0.046667
3 0.739167 0.686667 0.007500 0.015000
3 0.391667 0.701667 0.010833 0.013333
3 0.557500 0.370000 0.009167 0.018333
2 0.329167 0.660000 0.009167 0.040000
3 0.795000 0.713333 0.007500 0.016667
3 0.784167 0.891667 0.010000 0.020000
2 0.562500 0.665000 0.011667 0.025000
3 0.427500 0.373333 0.007500 0.015000
3 0.343333 0.871667 0.008333 0.016667
3 0.246667 0.670000 0.010833 0.013333
2 0.427500 0.653333 0.020000 0.021667
2 0.547500 0.740000 0.015833 0.068333
3 0.497500 0.771667 0.013333 0.015000
2 0.691667 0.683333 0.011667 0.025000
3 0.733333 0.411667 0.013333 0.015000
3 0.259167 0.365000 0.007500 0.018333
3 0.340000 0.225000 0.007500 0.015000
2 0.262500 0.733333 0.020833 0.080000
3 0.293333 0.291667 0.009167 0.016667
2 0.719167 0.621667 0.022500 0.023333
2 0.668333 0.321667 0.020833 0.080000
3 0.453333 0.270000 0.009167 0.016667
3 0.436667 0.680000 0.008333 0.016667
2 0.451667 0.725000 0.011667 0.066667
2 0.415833 0.691667 0.023333 0.106667
2 0.560000 0.748333 0.034167 0.038333
3 0.511667 0.260000 0.008333 0.016667
3 0.776667 0.738333 0.013333 0.031667
3 0.400833 0.660000 0.007500 0.015000
2 0.702500 0.320000 0.034167 0.038333
2 0.278333 0.863333 0.013333 0.070000
3 0.396667 0.325000 0.010833 0.023333
2 0.676667 0.720000 0.011667 0.025000
2 0.790000 0.406667 0.020833 0.028333
2 0.421667 0.663333 0.011667 0.066667
2 0.651667 0.613333 0.011667 0.066667
2 0.451667 0.721667 0.030833 0.051667
3 0.628333 0.333333 0.010833 0.013333
3 0.641667 0.686667 0.015833 0.051667
2 0.310833 0.363333 0.030833 0.051667
3 0.695833 0.270000 0.010833 0.023333
3 0.705000 0.325000 0.008333 0.016667
3 0.794167 0.373333 0.011667 0.030000
2 0.790000 0.373333 0.058333 0.076667
2 0.725000 0.325000 0.011667 0.066667
2 0.680833 0.353333 0.017500 0.116667
3 0.695833 0.713333 0.009167 0.016667
3 0.312500 0.385000 0.007500 0.018333
3 0.557500 0.320000 0.009167 0.018333
3 0.486667 0.376667 0.007500 0.018333
2 0.672500 0.600000 0.022500 0.023333
2 0.394167 0.653333 0.020833 0.028333
2 0.702500 0.666667 0.029167 0.038333
2 0.513333 0.366667 0.048333 0.025000
2 0.509167 0.718333 0.011667 0.066667
3 0.283333 0.248333 0.013333 0.015000
3 0.717500 0.660000 0.009167 0.016667
2 0.763333 0.406667 0.011667 0.025000
2 0.670000 0.576667 0.035000 0.105000
2 0.377500 0.361667 0.011667 0.066667
2 0.486667 0.778333 0.020000 0.021667
2 0.767500 0.616667 0.010000 0.031667
2 0.455833 0.691667 0.020833 0.080000
3 0.320833 0.295000 0.011667 0.030000
3 0.727500 0.666667 0.008333 0.016667
2 0.350833 0.731667 0.020833 0.028333
2 0.405833 0.706667 0.034167 0.038333
2 0.150833 0.653333 0.011667 0.066667
3 0.175833 0.390000 0.010000 0.020000
2 0.719167 0.348333 0.020833 0.028333
2 0.478333 0.810000 0.019167 0.046667
3 0.420833 0.408333 0.009167 0.016667
3 0.767500 0.595000 0.009167 0.016667
2 0.508333 0.353333 0.014167 0.015000
3 0.460833 0.246667 0.008333 0.016667
3 0.445000 0.661667 0.015833 0.051667
3 0.639167 0.400000 0.008333 0.016667
2 0.567500 0.771667 0.011667 0.025000
2 0.727500 0.665000 0.026667 0.035000
2 0.385833 0.713333 0.023333 0.041667
2 0.436667 0.795000 0.048333 0.043333
2 0.277500 0.135000 0.026667 0.035000
2 0.771667 0.646667 0.020833 0.028333
3 0.510833 0.710000 0.015833 0.051667
2 0.305000 0.393333 0.023333 0.106667
2 0.422500 0.356667 0.009167 0.031667
2 0.483333 0.625000 0.019167 0.046667
2 0.738333 0.306667 0.034167 0.038333
3 0.234167 0.633333 0.009167 0.015000
2 0.707500 0.725000 0.048333 0.025000
2 0.775833 0.403333 0.009167 0.040000
3 0.691667 0.713333 0.008333 0.016667
3 0.472500 0.316667 0.011667 0.030000
2 0.308333 0.420000 0.010833 0.091667
3 0.261667 0.375000 0.008333 0.016667
3 0.535833 0.305000 0.010000 0.016667
2 0.249167 0.781667 0.020000 0.021667
2 0.165000 0.395000 0.029167 0.038333
3 0.715833 0.640000 0.010833 0.013333
3 0.704167 0.323333 0.009167 0.015000
3 0.716667 0.616667 0.007500 0.016667
2 0.469167 0.351667 0.011667 0.066667
