4 0.889167 0.450000 0.055833 0.065000
4 0.825000 0.546667 0.063333 0.110000
4 0.850000 0.485000 0.125000 0.078333
4 0.792500 0.601667 0.158333 0.036667
4 0.820833 0.368333 0.085000 0.161667
4 0.805000 0.691667 0.100000 0.136667
4 0.854167 0.520000 0.129167 0.095000
4 0.805833 0.473333 0.096667 0.193333
4 0.738333 0.788333 0.196667 0.423333
4 0.806667 0.536667 0.130833 0.078333
4 0.024167 0.553333 0.049167 0.033333
4 0.549167 0.681667 0.125000 0.313333
4 0.129167 0.490000 0.155000 0.056667
4 0.074167 0.473333 0.149167 0.140000
4 0.082500 0.491667 0.042500 0.028333
4 0.402500 0.476667 0.109167 0.055000
4 0.696667 0.530000 0.036667 0.085000
4 0.144167 0.543333 0.080833 0.046667
4 0.335833 0.500000 0.201667 0.160000
4 0.609167 0.400000 0.190833 0.326667
2 0.325833 0.636667 0.026667 0.035000
2 0.512500 0.440000 0.035000 0.105000
2 0.800833 0.481667 0.011667 0.025000
3 0.339167 0.443333 0.007500 0.015000
2 0.407500 0.581667 0.021667 0.090000
2 0.206667 0.581667 0.011667 0.025000
2 0.455000 0.503333 0.030833 0.051667
3 0.474167 0.526667 0.010833 0.023333
3 0.213333 0.475000 0.015833 0.051667
3 0.171667 0.525000 0.017500 0.031667
2 0.410833 0.501667 0.013333 0.070000
2 0.272500 0.466667 0.027500 0.016667
3 0.508333 0.590000 0.010000 0.020000
3 0.380000 0.515000 0.009167 0.018333
3 0.025000 0.551667 0.007500 0.015000
3 0.100833 0.490000 0.007500 0.015000
3 0.187500 0.478333 0.007500 0.018333
3 0.602500 0.560000 0.008333 0.016667
3 0.675833 0.556667 0.008333 0.021667
3 0.066667 0.578333 0.009167 0.018333
2 0.075000 0.531667 0.026667 0.035000
3 0.500000 0.443333 0.009167 0.016667
3 0.546667 0.561667 0.009167 0.018333
3 0.645833 0.503333 0.011667 0.030000
2 0.475000 0.573333 0.026667 0.035000
3 0.201667 0.533333 0.014167 0.025000
3 0.731667 0.528333 0.011667 0.020000
2 0.268333 0.483333 0.017500 0.116667
2 0.408333 0.438333 0.029167 0.038333
3 0.709167 0.571667 0.006667 0.018333
2 0.270833 0.530000 0.010000 0.031667
2 0.633333 0.475000 0.020000 0.021667
2 0.498333 0.515000 0.015833 0.068333
2 0.533333 0.563333 0.058333 0.076667
2 0.285833 0.503333 0.020833 0.080000
2 0.448333 0.450000 0.034167 0.038333
3 0.226667 0.471667 0.010000 0.016667
3 0.616667 0.543333 0.013333 0.031667
3 0.125000 0.530000 0.009167 0.016667
3 0.162500 0.596667 0.007500 0.016667
2 0.744167 0.595000 0.021667 0.090000
2 0.724167 0.525000 0.058333 0.076667
3 0.585000 0.548333 0.007500 0.015000
2 0.177500 0.546667 0.058333 0.076667
3 0.187500 0.531667 0.008333 0.016667
3 0.594167 0.603333 0.010833 0.023333
2 0.185833 0.583333 0.034167 0.100000
2 0.355000 0.490000 0.034167 0.100000
3 0.701667 0.461667 0.013333 0.031667
3 0.765833 0.478333 0.007500 0.018333
3 0.607500 0.561667 0.010000 0.016667
2 0.149167 0.521667 0.010000 0.031667
2 0.063333 0.523333 0.010000 0.031667
3 0.171667 0.505000 0.007500 0.015000
2 0.483333 0.595000 0.010833 0.091667
2 0.046667 0.536667 0.009167 0.040000
2 0.726667 0.505000 0.048333 0.043333
2 0.735833 0.553333 0.048333 0.025000
3 0.496667 0.556667 0.010000 0.020000
3 0.609167 0.596667 0.006667 0.018333
2 0.460833 0.580000 0.013333 0.070000
3 0.438333 0.530000 0.006667 0.018333
2 0.565833 0.526667 0.023333 0.041667
3 0.024167 0.546667 0.007500 0.018333
3 0.335000 0.580000 0.013333 0.031667
2 0.161667 0.478333 0.034167 0.038333
2 0.706667 0.508333 0.030833 0.051667
2 0.364167 0.530000 0.010833 0.091667
3 0.337500 0.505000 0.014167 0.025000
2 0.270000 0.491667 0.020000 0.021667
2 0.146667 0.606667 0.013333 0.070000
2 0.777500 0.415000 0.035000 0.105000
2 0.558333 0.511667 0.048333 0.025000
3 0.482500 0.483333 0.010833 0.013333
3 0.822500 0.585000 0.007500 0.015000
2 0.370833 0.556667 0.009167 0.031667
2 0.191667 0.550000 0.097500 0.053333
2 0.292500 0.461667 0.026667 0.035000
3 0.194167 0.450000 0.009167 0.016667
2 0.497500 0.541667 0.022500 0.023333
2 0.313333 0.605000 0.048333 0.043333
3 0.299167 0.591667 0.008333 0.016667
3 0.030833 0.553333 0.009167 0.016667
2 0.660833 0.503333 0.097500 0.053333
2 0.369167 0.440000 0.011667 0.066667
2 0.471667 0.480000 0.030833 0.051667
2 0.809167 0.593333 0.022500 0.023333
3 0.650000 0.535000 0.009167 0.016667
2 0.571667 0.470000 0.027500 0.016667
3 0.515833 0.470000 0.017500 0.031667
2 0.675000 0.573333 0.034167 0.100000
3 0.378333 0.460000 0.008333 0.016667
2 0.785833 0.456667 0.026667 0.035000
2 0.615833 0.533333 0.009167 0.040000
3 0.603333 0.488333 0.013333 0.015000
3 0.621667 0.545000 0.009167 0.016667
2 0.220833 0.451667 0.029167 0.038333
3 0.742500 0.493333 0.007500 0.015000
2 0.010000 0.503333 0.020833 0.038333
3 0.490000 0.593333 0.013333 0.015000
3 0.819167 0.588333 0.010000 0.020000
3 0.696667 0.508333 0.007500 0.015000
3 0.245833 0.380000 0.008333 0.021667
3 0.573333 0.385000 0.008333 0.016667
3 0.300833 0.283333 0.009167 0.023333
2 0.807500 0.401667 0.023333 0.106667
3 0.491667 0.306667 0.007500 0.018333
3 0.601667 0.326667 0.013333 0.015000
3 0.710000 0.363333 0.009167 0.018333
2 0.690000 0.765000 0.020833 0.080000
3 0.694167 0.356667 0.014167 0.025000
2 0.283333 0.821667 0.035000 0.105000
3 0.696667 0.273333 0.014167 0.025000
3 0.760000 0.608333 0.009167 0.016667
2 0.440833 0.393333 0.023333 0.106667
3 0.742500 0.610000 0.017500 0.031667
2 0.645833 0.658333 0.035000 0.105000
3 0.689167 0.605000 0.008333 0.016667
2 0.725833 0.715000 0.014167 0.015000
3 0.378333 0.743333 0.007500 0.015000
3 0.624167 0.646667 0.008333 0.021667
3 0.528333 0.378333 0.007500 0.015000
3 0.775000 0.423333 0.011667 0.020000
2 0.440833 0.398333 0.048333 0.043333
2 0.303333 0.673333 0.020833 0.080000
2 0.765833 0.351667 0.058333 0.076667
2 0.605833 0.391667 0.009167 0.031667
3 0.464167 0.716667 0.008333 0.016667
3 0.756667 0.370000 0.010000 0.016667
3 0.657500 0.356667 0.010000 0.020000
3 0.792500 0.420000 0.008333 0.016667
2 0.207500 0.625000 0.029167 0.038333
2 0.604167 0.376667 0.045833 0.021667
2 0.305000 0.368333 0.034167 0.038333
3 0.283333 0.335000 0.010833 0.023333
2 0.785000 0.433333 0.010833 0.091667
3 0.748333 0.446667 0.009167 0.018333
2 0.522500 0.591667 0.020833 0.080000
2 0.461667 0.263333 0.030833 0.051667
3 0.307500 0.341667 0.008333 0.016667
3 0.705000 0.791667 0.010000 0.016667
2 0.505000 0.331667 0.013333 0.070000
2 0.544167 0.223333 0.027500 0.016667
2 0.314167 0.215000 0.009167 0.040000
3 0.288333 0.410000 0.007500 0.016667
2 0.260000 0.368333 0.011667 0.025000
3 0.600833 0.751667 0.011667 0.030000
2 0.280833 0.780000 0.027500 0.016667
2 0.451667 0.890000 0.023333 0.106667
2 0.424167 0.691667 0.009167 0.040000
3 0.224167 0.306667 0.007500 0.018333
3 0.454167 0.788333 0.009167 0.016667
2 0.757500 0.650000 0.026667 0.035000
2 0.779167 0.626667 0.048333 0.043333
3 0.395000 0.381667 0.010000 0.020000
3 0.465833 0.845000 0.008333 0.016667
3 0.484167 0.210000 0.009167 0.018333
2 0.691667 0.596667 0.058333 0.076667
2 0.465833 0.300000 0.015833 0.068333
3 0.484167 0.825000 0.007500 0.015000
2 0.650000 0.658333 0.097500 0.053333
2 0.575000 0.625000 0.009167 0.031667
3 0.733333 0.403333 0.011667 0.030000
3 0.475000 0.325000 0.007500 0.018333
2 0.489167 0.321667 0.048333 0.025000
3 0.175833 0.391667 0.009167 0.016667
3 0.622500 0.655000 0.017500 0.031667
2 0.679167 0.625000 0.048333 0.043333
2 0.659167 0.436667 0.048333 0.025000
2 0.533333 0.716667 0.026667 0.035000
2 0.430833 0.703333 0.029167 0.038333
2 0.570833 0.675000 0.030833 0.051667
2 0.260000 0.400000 0.030833 0.051667
3 0.570833 0.696667 0.007500 0.018333
2 0.714167 0.590000 0.048333 0.025000
3 0.684167 0.638333 0.017500 0.031667
2 0.685833 0.660000 0.020833 0.080000
2 0.265833 0.315000 0.010833 0.091667
2 0.497500 0.266667 0.009167 0.031667
2 0.217500 0.776667 0.023333 0.041667
3 0.352500 0.665000 0.015833 0.051667
2 0.535000 0.311667 0.020833 0.080000
2 0.790000 0.613333 0.035000 0.105000
2 0.333333 0.660000 0.009167 0.031667
2 0.288333 0.396667 0.045833 0.021667
2 0.414167 0.761667 0.048333 0.025000
3 0.340833 0.378333 0.015833 0.051667
3 0.786667 0.686667 0.008333 0.016667
3 0.729167 0.646667 0.009167 0.023333
2 0.415000 0.751667 0.045833 0.021667
2 0.678333 0.635000 0.022500 0.023333
2 0.576667 0.773333 0.010833 0.091667
3 0.387500 0.390000 0.007500 0.018333
2 0.690833 0.350000 0.011667 0.066667
3 0.565833 0.700000 0.017500 0.031667
3 0.335000 0.231667 0.009167 0.023333
3 0.317500 0.280000 0.009167 0.015000
2 0.736667 0.796667 0.020833 0.028333
3 0.476667 0.618333 0.010000 0.020000
3 0.432500 0.743333 0.007500 0.015000
3 0.688333 0.645000 0.011667 0.030000
2 0.556667 0.696667 0.034167 0.100000
2 0.408333 0.858333 0.030833 0.051667
3 0.768333 0.648333 0.008333 0.016667
3 0.303333 0.360000 0.010833 0.013333
2 0.302500 0.418333 0.009167 0.031667
3 0.465833 0.376667 0.017500 0.031667
3 0.523333 0.353333 0.009167 0.023333
2 0.558333 0.645000 0.019167 0.046667
3 0.743333 0.405000 0.007500 0.015000
3 0.335833 0.228333 0.007500 0.016667
2 0.465833 0.638333 0.030833 0.051667
2 0.310833 0.756667 0.014167 0.015000
2 0.291667 0.726667 0.034167 0.038333
3 0.786667 0.346667 0.007500 0.015000
3 0.575000 0.310000 0.010000 0.020000
3 0.655000 0.415000 0.008333 0.016667
3 0.661667 0.438333 0.008333 0.016667
2 0.637500 0.325000 0.058333 0.076667
2 0.626667 0.416667 0.023333 0.041667
3 0.366667 0.398333 0.014167 0.025000
3 0.252500 0.781667 0.013333 0.015000
3 0.290833 0.270000 0.010833 0.023333
3 0.762500 0.691667 0.009167 0.016667
2 0.546667 0.750000 0.048333 0.025000
2 0.419167 0.700000 0.058333 0.076667
3 0.350833 0.431667 0.009167 0.016667
3 0.712500 0.633333 0.009167 0.016667
3 0.750000 0.643333 0.007500 0.018333
3 0.662500 0.345000 0.008333 0.016667
2 0.719167 0.443333 0.023333 0.106667
2 0.710000 0.608333 0.020833 0.028333
2 0.184167 0.730000 0.048333 0.025000
3 0.570833 0.665000 0.010833 0.023333
3 0.775000 0.355000 0.008333 0.016667
3 0.318333 0.710000 0.014167 0.025000
3 0.799167 0.645000 0.015833 0.051667
3 0.484167 0.446667 0.011667 0.020000
2 0.540833 0.221667 0.015833 0.068333
3 0.754167 0.363333 0.014167 0.025000
3 0.710000 0.628333 0.007500 0.015000
2 0.777500 0.653333 0.010000 0.031667
2 0.660000 0.630000 0.045833 0.021667
3 0.755833 0.313333 0.009167 0.018333
2 0.417500 0.380000 0.019167 0.046667
2 0.474167 0.310000 0.034167 0.100000
3 0.696667 0.350000 0.010833 0.023333
2 0.527500 0.416667 0.009167 0.031667
2 0.320833 0.673333 0.058333 0.076667
3 0.284167 0.810000 0.017500 0.031667
2 0.446667 0.333333 0.048333 0.025000
3 0.306667 0.340000 0.009167 0.018333
3 0.710000 0.703333 0.008333 0.016667
3 0.781667 0.598333 0.007500 0.015000
3 0.286667 0.821667 0.009167 0.018333
3 0.711667 0.611667 0.007500 0.015000
3 0.345000 0.358333 0.015833 0.051667
2 0.437500 0.411667 0.017500 0.116667
3 0.691667 0.711667 0.008333 0.016667
3 0.759167 0.386667 0.009167 0.015000
3 0.217500 0.671667 0.010000 0.016667
3 0.679167 0.426667 0.013333 0.031667
2 0.825000 0.318333 0.048333 0.043333
3 0.552500 0.641667 0.010833 0.023333
3 0.814167 0.403333 0.006667 0.018333
2 0.630833 0.618333 0.020833 0.028333
3 0.655833 0.395000 0.007500 0.015000
2 0.776667 0.670000 0.034167 0.100000
3 0.691667 0.661667 0.009167 0.023333
3 0.623333 0.385000 0.007500 0.018333
3 0.736667 0.418333 0.017500 0.031667
2 0.653333 0.395000 0.011667 0.066667
2 0.680000 0.263333 0.058333 0.076667
2 0.688333 0.635000 0.020000 0.021667
2 0.300833 0.785000 0.034167 0.100000
3 0.485000 0.260000 0.009167 0.016667
3 0.701667 0.341667 0.010000 0.020000
3 0.736667 0.656667 0.013333 0.015000
2 0.495000 0.351667 0.009167 0.031667
2 0.614167 0.353333 0.034167 0.100000
2 0.496667 0.686667 0.026667 0.035000
2 0.683333 0.366667 0.023333 0.106667
3 0.523333 0.761667 0.011667 0.030000
2 0.545833 0.641667 0.010000 0.031667
3 0.785000 0.743333 0.015833 0.051667
3 0.793333 0.643333 0.007500 0.018333
3 0.786667 0.348333 0.007500 0.015000
2 0.788333 0.671667 0.021667 0.090000
3 0.685000 0.613333 0.010833 0.013333
3 0.315000 0.385000 0.007500 0.018333
3 0.455833 0.280000 0.011667 0.020000
2 0.448333 0.410000 0.010833 0.091667
2 0.308333 0.370000 0.017500 0.116667
3 0.391667 0.673333 0.008333 0.016667
2 0.480833 0.626667 0.011667 0.066667
3 0.272500 0.666667 0.009167 0.016667
2 0.450000 0.723333 0.009167 0.031667
3 0.674167 0.316667 0.009167 0.015000
3 0.445000 0.828333 0.007500 0.016667
2 0.769167 0.338333 0.048333 0.043333
