4 0.815000 0.706667 0.109167 0.261667
4 0.844167 0.451667 0.053333 0.070000
4 0.827500 0.638333 0.081667 0.043333
4 0.759167 0.785000 0.230000 0.430000
4 0.905000 0.638333 0.035833 0.038333
4 0.888333 0.463333 0.067500 0.031667
4 0.880000 0.478333 0.041667 0.040000
4 0.862500 0.611667 0.050833 0.033333
4 0.820833 0.568333 0.137500 0.250000
4 0.830000 0.415000 0.085833 0.021667
4 0.120000 0.498333 0.062500 0.045000
4 0.367500 0.441667 0.225833 0.213333
4 0.110000 0.496667 0.060000 0.036667
4 0.739167 0.485000 0.059167 0.025000
4 0.575000 0.573333 0.051667 0.118333
4 0.029167 0.393333 0.058333 0.296667
4 0.478333 0.538333 0.107500 0.041667
4 0.708333 0.540000 0.036667 0.028333
4 0.053333 0.601667 0.106667 0.166667
4 0.594167 0.450000 0.054167 0.101667
3 0.671667 0.463333 0.009167 0.016667
3 0.205000 0.441667 0.009167 0.015000
2 0.716667 0.480000 0.097500 0.053333
3 0.607500 0.453333 0.007500 0.015000
2 0.618333 0.503333 0.010000 0.031667
3 0.642500 0.528333 0.007500 0.015000
3 0.472500 0.438333 0.009167 0.016667
2 0.174167 0.576667 0.009167 0.031667
2 0.262500 0.490000 0.023333 0.041667
2 0.393333 0.440000 0.097500 0.053333
2 0.543333 0.456667 0.045833 0.021667
3 0.716667 0.468333 0.010833 0.013333
2 0.615833 0.548333 0.020000 0.021667
3 0.634167 0.558333 0.008333 0.016667
3 0.351667 0.565000 0.010000 0.016667
3 0.232500 0.523333 0.008333 0.016667
3 0.265000 0.545000 0.013333 0.015000
3 0.327500 0.538333 0.008333 0.016667
3 0.364167 0.468333 0.008333 0.016667
2 0.227500 0.495000 0.009167 0.031667
3 0.668333 0.495000 0.008333 0.016667
2 0.060833 0.481667 0.020833 0.080000
2 0.446667 0.571667 0.020000 0.021667
2 0.555833 0.490000 0.022500 0.023333
2 0.807500 0.485000 0.020833 0.080000
3 0.460833 0.596667 0.010833 0.023333
2 0.486667 0.500000 0.058333 0.076667
2 0.817500 0.476667 0.020000 0.021667
2 0.795833 0.563333 0.020833 0.080000
3 0.120000 0.473333 0.009167 0.015000
2 0.527500 0.523333 0.030833 0.051667
2 0.247500 0.410000 0.020833 0.080000
3 0.183333 0.593333 0.009167 0.016667
3 0.823333 0.355000 0.017500 0.031667
3 0.381667 0.486667 0.007500 0.015000
2 0.813333 0.521667 0.020833 0.080000
2 0.451667 0.420000 0.029167 0.038333
3 0.189167 0.488333 0.009167 0.016667
2 0.382500 0.520000 0.014167 0.015000
2 0.375833 0.480000 0.048333 0.043333
3 0.064167 0.526667 0.008333 0.016667
2 0.540000 0.558333 0.048333 0.043333
3 0.100000 0.541667 0.010833 0.023333
2 0.027500 0.598333 0.030833 0.051667
3 0.790000 0.491667 0.011667 0.030000
3 0.046667 0.561667 0.009167 0.023333
2 0.777500 0.495000 0.019167 0.046667
2 0.605000 0.441667 0.034167 0.038333
3 0.226667 0.580000 0.009167 0.015000
2 0.202500 0.480000 0.048333 0.025000
3 0.228333 0.585000 0.009167 0.015000
3 0.785000 0.468333 0.007500 0.018333
2 0.372500 0.566667 0.048333 0.043333
3 0.152500 0.588333 0.008333 0.021667
2 0.754167 0.498333 0.014167 0.015000
2 0.464167 0.538333 0.010000 0.031667
3 0.500833 0.511667 0.008333 0.016667
2 0.608333 0.513333 0.010833 0.091667
3 0.140000 0.478333 0.006667 0.018333
3 0.728333 0.581667 0.009167 0.016667
2 0.145000 0.445000 0.020000 0.021667
2 0.792500 0.438333 0.010000 0.031667
3 0.410000 0.568333 0.008333 0.016667
3 0.823333 0.463333 0.009167 0.016667
3 0.572500 0.585000 0.008333 0.016667
2 0.045833 0.465000 0.010000 0.031667
2 0.211667 0.545000 0.014167 0.015000
2 0.270000 0.451667 0.034167 0.038333
3 0.349167 0.508333 0.009167 0.015000
3 0.336667 0.551667 0.007500 0.016667
2 0.553333 0.500000 0.015833 0.068333
3 0.603333 0.581667 0.008333 0.016667
3 0.067500 0.483333 0.010833 0.023333
2 0.675000 0.471667 0.023333 0.106667
3 0.077500 0.456667 0.009167 0.016667
2 0.586667 0.471667 0.023333 0.106667
2 0.359167 0.441667 0.020833 0.028333
2 0.202500 0.585000 0.023333 0.106667
3 0.236667 0.590000 0.007500 0.016667
2 0.322500 0.441667 0.020000 0.021667
3 0.315000 0.600000 0.007500 0.015000
3 0.734167 0.510000 0.007500 0.015000
2 0.195833 0.480000 0.009167 0.031667
3 0.439167 0.471667 0.007500 0.016667
2 0.062500 0.570000 0.017500 0.116667
3 0.488333 0.511667 0.009167 0.016667
3 0.356667 0.583333 0.009167 0.016667
2 0.541667 0.506667 0.021667 0.090000
2 0.215833 0.476667 0.035000 0.105000
2 0.445833 0.530000 0.014167 0.015000
3 0.452500 0.448333 0.013333 0.031667
2 0.559167 0.490000 0.035000 0.105000
3 0.124167 0.536667 0.014167 0.025000
2 0.477500 0.426667 0.020833 0.080000
2 0.517500 0.555000 0.048333 0.025000
2 0.345833 0.493333 0.021667 0.090000
2 0.822500 0.625000 0.019167 0.046667
3 0.412500 0.461667 0.009167 0.015000
3 0.715000 0.475000 0.011667 0.020000
2 0.488333 0.566667 0.020833 0.080000
2 0.762500 0.496667 0.011667 0.025000
2 0.145833 0.591667 0.020000 0.021667
3 0.225000 0.346667 0.009167 0.016667
3 0.220000 0.656667 0.009167 0.016667
2 0.774167 0.601667 0.014167 0.015000
2 0.674167 0.626667 0.026667 0.035000
2 0.561667 0.726667 0.058333 0.076667
3 0.316667 0.788333 0.007500 0.015000
2 0.715833 0.443333 0.022500 0.023333
3 0.656667 0.403333 0.007500 0.015000
2 0.562500 0.643333 0.026667 0.035000
2 0.337500 0.591667 0.058333 0.076667
3 0.701667 0.645000 0.010000 0.020000
2 0.716667 0.313333 0.058333 0.076667
3 0.338333 0.333333 0.007500 0.016667
2 0.290833 0.841667 0.097500 0.053333
2 0.325000 0.656667 0.010000 0.031667
3 0.685000 0.631667 0.007500 0.016667
2 0.538333 0.718333 0.034167 0.038333
2 0.764167 0.623333 0.097500 0.053333
3 0.315833 0.370000 0.009167 0.015000
3 0.754167 0.600000 0.009167 0.018333
3 0.742500 0.376667 0.014167 0.025000
2 0.474167 0.283333 0.022500 0.023333
2 0.432500 0.180000 0.030833 0.051667
3 0.455000 0.890000 0.015833 0.051667
3 0.389167 0.753333 0.007500 0.015000
3 0.449167 0.658333 0.008333 0.021667
2 0.375833 0.703333 0.027500 0.016667
3 0.366667 0.615000 0.007500 0.015000
3 0.754167 0.648333 0.008333 0.016667
3 0.757500 0.713333 0.007500 0.015000
2 0.759167 0.363333 0.020000 0.021667
2 0.600000 0.333333 0.023333 0.106667
2 0.717500 0.691667 0.010833 0.091667
3 0.694167 0.636667 0.007500 0.016667
3 0.667500 0.615000 0.007500 0.015000
3 0.645833 0.680000 0.008333 0.016667
2 0.205000 0.698333 0.034167 0.100000
3 0.525833 0.758333 0.006667 0.018333
2 0.730000 0.703333 0.011667 0.066667
2 0.706667 0.786667 0.045833 0.021667
3 0.444167 0.381667 0.011667 0.030000
2 0.793333 0.641667 0.015833 0.068333
2 0.665833 0.660000 0.034167 0.038333
2 0.728333 0.706667 0.048333 0.025000
3 0.438333 0.758333 0.009167 0.023333
2 0.790833 0.391667 0.030833 0.051667
2 0.480833 0.836667 0.013333 0.070000
2 0.769167 0.310000 0.009167 0.040000
2 0.441667 0.708333 0.045833 0.021667
3 0.782500 0.448333 0.007500 0.016667
2 0.269167 0.148333 0.048333 0.043333
3 0.675833 0.341667 0.011667 0.020000
3 0.816667 0.715000 0.010833 0.023333
2 0.295000 0.718333 0.034167 0.100000
3 0.697500 0.346667 0.009167 0.015000
2 0.451667 0.350000 0.045833 0.021667
2 0.720000 0.680000 0.045833 0.021667
2 0.431667 0.785000 0.013333 0.070000
3 0.453333 0.751667 0.013333 0.015000
3 0.798333 0.423333 0.017500 0.031667
3 0.761667 0.325000 0.008333 0.016667
2 0.770000 0.315000 0.011667 0.025000
2 0.775833 0.370000 0.034167 0.100000
2 0.376667 0.755000 0.029167 0.038333
3 0.311667 0.690000 0.017500 0.031667
3 0.640833 0.425000 0.013333 0.015000
2 0.277500 0.825000 0.030833 0.051667
3 0.725833 0.450000 0.011667 0.020000
2 0.701667 0.703333 0.030833 0.051667
3 0.344167 0.370000 0.009167 0.018333
3 0.725000 0.348333 0.010000 0.016667
3 0.347500 0.393333 0.008333 0.021667
3 0.719167 0.655000 0.007500 0.015000
2 0.443333 0.708333 0.014167 0.015000
3 0.251667 0.393333 0.007500 0.018333
2 0.768333 0.698333 0.022500 0.023333
2 0.669167 0.415000 0.030833 0.051667
2 0.771667 0.368333 0.009167 0.031667
2 0.560833 0.256667 0.009167 0.040000
3 0.570833 0.276667 0.008333 0.016667
3 0.338333 0.231667 0.011667 0.030000
3 0.420833 0.681667 0.013333 0.015000
2 0.697500 0.218333 0.035000 0.105000
3 0.417500 0.416667 0.015833 0.051667
2 0.384167 0.730000 0.020000 0.021667
2 0.338333 0.263333 0.010833 0.091667
3 0.654167 0.371667 0.010000 0.020000
2 0.274167 0.701667 0.010833 0.091667
3 0.745833 0.706667 0.009167 0.016667
2 0.737500 0.595000 0.029167 0.038333
2 0.227500 0.798333 0.020000 0.021667
3 0.727500 0.681667 0.009167 0.018333
3 0.507500 0.815000 0.013333 0.015000
2 0.764167 0.693333 0.013333 0.070000
2 0.412500 0.846667 0.022500 0.023333
2 0.515000 0.711667 0.011667 0.025000
3 0.653333 0.666667 0.015833 0.051667
3 0.765000 0.713333 0.007500 0.018333
3 0.779167 0.428333 0.008333 0.016667
3 0.566667 0.298333 0.010833 0.023333
2 0.326667 0.346667 0.035000 0.105000
2 0.447500 0.760000 0.097500 0.053333
3 0.791667 0.656667 0.007500 0.015000
3 0.819167 0.386667 0.013333 0.015000
2 0.709167 0.656667 0.030833 0.051667
2 0.495000 0.658333 0.097500 0.053333
3 0.335833 0.863333 0.008333 0.016667
3 0.689167 0.276667 0.017500 0.031667
2 0.527500 0.418333 0.022500 0.023333
2 0.594167 0.338333 0.034167 0.100000
2 0.603333 0.790000 0.030833 0.051667
2 0.483333 0.190000 0.011667 0.066667
2 0.495000 0.426667 0.020833 0.080000
3 0.535000 0.410000 0.007500 0.015000
3 0.675000 0.255000 0.009167 0.015000
3 0.792500 0.648333 0.007500 0.015000
3 0.485833 0.300000 0.017500 0.031667
2 0.721667 0.446667 0.020000 0.021667
2 0.341667 0.243333 0.009167 0.040000
3 0.465000 0.878333 0.009167 0.016667
3 0.330833 0.410000 0.009167 0.023333
2 0.614167 0.353333 0.034167 0.100000
3 0.321667 0.351667 0.010000 0.016667
2 0.332500 0.720000 0.034167 0.100000
3 0.344167 0.758333 0.014167 0.025000
3 0.742500 0.806667 0.009167 0.016667
2 0.345833 0.653333 0.020833 0.028333
2 0.643333 0.410000 0.014167 0.015000
2 0.704167 0.730000 0.009167 0.031667
3 0.250833 0.761667 0.013333 0.015000
3 0.496667 0.328333 0.007500 0.018333
3 0.314167 0.758333 0.007500 0.016667
2 0.426667 0.688333 0.027500 0.016667
3 0.273333 0.266667 0.011667 0.030000
2 0.389167 0.360000 0.015833 0.068333
3 0.737500 0.276667 0.008333 0.021667
3 0.690000 0.625000 0.010000 0.016667
2 0.304167 0.598333 0.035000 0.105000
2 0.539167 0.221667 0.019167 0.046667
3 0.342500 0.671667 0.011667 0.030000
3 0.359167 0.315000 0.007500 0.015000
3 0.750000 0.708333 0.014167 0.025000
3 0.760000 0.376667 0.011667 0.030000
2 0.690000 0.613333 0.048333 0.043333
3 0.676667 0.395000 0.008333 0.016667
2 0.793333 0.433333 0.009167 0.031667
2 0.675000 0.271667 0.029167 0.038333
3 0.272500 0.345000 0.007500 0.018333
3 0.698333 0.358333 0.008333 0.016667
3 0.261667 0.798333 0.009167 0.016667
2 0.286667 0.816667 0.021667 0.090000
2 0.225000 0.686667 0.011667 0.066667
3 0.625000 0.363333 0.008333 0.016667
3 0.720000 0.426667 0.007500 0.016667
2 0.800833 0.401667 0.020833 0.080000
2 0.584167 0.623333 0.009167 0.031667
2 0.315000 0.665000 0.013333 0.070000
2 0.387500 0.738333 0.048333 0.025000
2 0.752500 0.335000 0.026667 0.035000
2 0.733333 0.663333 0.029167 0.038333
2 0.775833 0.636667 0.045833 0.021667
2 0.280833 0.301667 0.058333 0.076667
2 0.801667 0.690000 0.010833 0.091667
2 0.510000 0.660000 0.027500 0.016667
3 0.218333 0.670000 0.007500 0.015000
3 0.599167 0.710000 0.007500 0.018333
2 0.725000 0.803333 0.029167 0.038333
3 0.652500 0.388333 0.014167 0.025000
3 0.790833 0.421667 0.009167 0.015000
2 0.260000 0.748333 0.027500 0.016667
2 0.271667 0.665000 0.097500 0.053333
3 0.304167 0.291667 0.010000 0.020000
2 0.554167 0.845000 0.013333 0.070000
2 0.640000 0.645000 0.026667 0.035000
2 0.640833 0.355000 0.023333 0.041667
2 0.609167 0.388333 0.058333 0.076667
2 0.711667 0.376667 0.022500 0.023333
2 0.706667 0.653333 0.034167 0.038333
2 0.688333 0.413333 0.013333 0.070000
2 0.710000 0.605000 0.034167 0.038333
3 0.795000 0.640000 0.010833 0.023333
3 0.275000 0.263333 0.008333 0.016667
2 0.383333 0.701667 0.020833 0.080000
2 0.322500 0.353333 0.017500 0.116667
2 0.748333 0.673333 0.048333 0.043333
2 0.321667 0.325000 0.009167 0.040000
2 0.690833 0.661667 0.020833 0.028333
3 0.790000 0.341667 0.009167 0.015000
3 0.525000 0.683333 0.009167 0.016667
3 0.732500 0.346667 0.007500 0.016667
3 0.674167 0.408333 0.007500 0.016667
2 0.740833 0.728333 0.021667 0.090000
2 0.696667 0.395000 0.020000 0.021667
2 0.769167 0.460000 0.020833 0.080000
2 0.303333 0.328333 0.010833 0.091667
3 0.678333 0.400000 0.009167 0.016667
2 0.238333 0.351667 0.035000 0.105000
3 0.676667 0.338333 0.011667 0.030000
