4 0.835833 0.493333 0.125833 0.058333
4 0.750000 0.666667 0.186667 0.203333
4 0.814167 0.618333 0.065833 0.050000
4 0.840000 0.551667 0.067500 0.043333
4 0.805000 0.573333 0.140000 0.158333
4 0.906667 0.520000 0.043333 0.035000
4 0.809167 0.650000 0.094167 0.230000
4 0.792500 0.593333 0.103333 0.088333
4 0.838333 0.403333 0.035833 0.070000
4 0.820000 0.485000 0.130833 0.253333
4 0.610000 0.671667 0.105000 0.316667
4 0.025000 0.480000 0.050833 0.100000
4 0.313333 0.486667 0.148333 0.096667
4 0.540000 0.405000 0.160000 0.331667
4 0.353333 0.531667 0.070000 0.028333
4 0.257500 0.566667 0.061667 0.093333
4 0.770833 0.495000 0.047500 0.033333
4 0.161667 0.411667 0.143333 0.250000
4 0.073333 0.643333 0.113333 0.266667
4 0.259167 0.581667 0.068333 0.036667
2 0.183333 0.585000 0.026667 0.035000
2 0.453333 0.566667 0.020000 0.021667
3 0.342500 0.508333 0.009167 0.016667
2 0.123333 0.548333 0.030833 0.051667
3 0.359167 0.456667 0.010000 0.016667
3 0.719167 0.593333 0.006667 0.018333
3 0.538333 0.501667 0.008333 0.016667
3 0.306667 0.540000 0.006667 0.018333
2 0.228333 0.431667 0.011667 0.066667
3 0.549167 0.505000 0.013333 0.015000
3 0.505000 0.555000 0.010833 0.023333
3 0.646667 0.561667 0.015833 0.051667
2 0.183333 0.436667 0.019167 0.046667
2 0.365000 0.515000 0.027500 0.016667
3 0.141667 0.448333 0.008333 0.021667
3 0.220833 0.581667 0.009167 0.018333
3 0.437500 0.566667 0.017500 0.031667
3 0.290833 0.470000 0.008333 0.016667
3 0.188333 0.471667 0.013333 0.015000
2 0.433333 0.558333 0.021667 0.090000
2 0.439167 0.641667 0.013333 0.070000
3 0.821667 0.616667 0.013333 0.031667
3 0.042500 0.505000 0.010833 0.013333
2 0.736667 0.461667 0.011667 0.025000
3 0.173333 0.583333 0.013333 0.031667
2 0.077500 0.571667 0.013333 0.070000
2 0.824167 0.525000 0.010833 0.091667
3 0.154167 0.555000 0.008333 0.016667
2 0.196667 0.555000 0.034167 0.038333
2 0.095000 0.616667 0.021667 0.090000
2 0.452500 0.445000 0.026667 0.035000
2 0.463333 0.470000 0.030833 0.051667
2 0.565833 0.568333 0.027500 0.016667
2 0.625000 0.510000 0.022500 0.023333
2 0.733333 0.478333 0.020833 0.080000
3 0.230833 0.533333 0.008333 0.016667
2 0.606667 0.603333 0.034167 0.038333
2 0.130833 0.443333 0.009167 0.040000
3 0.621667 0.610000 0.008333 0.021667
2 0.814167 0.466667 0.020833 0.080000
2 0.338333 0.548333 0.023333 0.041667
2 0.412500 0.548333 0.020000 0.021667
2 0.217500 0.596667 0.023333 0.041667
3 0.393333 0.571667 0.008333 0.016667
3 0.176667 0.526667 0.009167 0.016667
2 0.791667 0.533333 0.015833 0.068333
3 0.132500 0.540000 0.007500 0.016667
2 0.371667 0.553333 0.097500 0.053333
2 0.153333 0.493333 0.019167 0.046667
2 0.070833 0.473333 0.014167 0.015000
2 0.370000 0.520000 0.048333 0.025000
3 0.188333 0.505000 0.011667 0.020000
3 0.695000 0.585000 0.007500 0.018333
2 0.696667 0.563333 0.020833 0.080000
2 0.629167 0.568333 0.034167 0.100000
2 0.501667 0.505000 0.010833 0.091667
3 0.605833 0.473333 0.008333 0.016667
3 0.161667 0.600000 0.007500 0.015000
3 0.413333 0.560000 0.009167 0.023333
2 0.453333 0.473333 0.020000 0.021667
3 0.460833 0.516667 0.011667 0.030000
3 0.662500 0.515000 0.008333 0.016667
3 0.630000 0.478333 0.007500 0.015000
3 0.299167 0.561667 0.009167 0.016667
3 0.117500 0.458333 0.007500 0.015000
3 0.116667 0.588333 0.007500 0.015000
3 0.295000 0.558333 0.010000 0.016667
3 0.203333 0.593333 0.008333 0.021667
2 0.325000 0.513333 0.020833 0.080000
3 0.735833 0.510000 0.007500 0.015000
3 0.820000 0.646667 0.008333 0.016667
3 0.065833 0.503333 0.008333 0.021667
3 0.820000 0.456667 0.014167 0.025000
2 0.675833 0.551667 0.015833 0.068333
3 0.310000 0.526667 0.009167 0.023333
2 0.491667 0.515000 0.027500 0.016667
3 0.524167 0.550000 0.013333 0.015000
2 0.191667 0.535000 0.026667 0.035000
2 0.659167 0.470000 0.010000 0.031667
3 0.816667 0.473333 0.010000 0.020000
2 0.164167 0.455000 0.030833 0.051667
3 0.382500 0.536667 0.015833 0.051667
3 0.293333 0.485000 0.015833 0.051667
2 0.182500 0.483333 0.026667 0.035000
2 0.645833 0.488333 0.029167 0.038333
2 0.103333 0.461667 0.026667 0.035000
2 0.497500 0.483333 0.097500 0.053333
2 0.267500 0.526667 0.010833 0.091667
3 0.448333 0.485000 0.011667 0.030000
2 0.641667 0.525000 0.020833 0.080000
3 0.258333 0.515000 0.007500 0.015000
3 0.293333 0.553333 0.007500 0.018333
3 0.578333 0.585000 0.007500 0.015000
2 0.258333 0.505000 0.030833 0.051667
3 0.117500 0.453333 0.007500 0.018333
3 0.760833 0.546667 0.011667 0.020000
2 0.804167 0.538333 0.009167 0.040000
3 0.145833 0.441667 0.013333 0.015000
3 0.812500 0.653333 0.007500 0.018333
2 0.232500 0.591667 0.026667 0.035000
2 0.592500 0.551667 0.097500 0.053333
2 0.616667 0.565000 0.019167 0.046667
2 0.735000 0.603333 0.048333 0.043333
2 0.483333 0.663333 0.015833 0.068333
2 0.765000 0.366667 0.023333 0.041667
3 0.357500 0.311667 0.010833 0.013333
2 0.648333 0.413333 0.020833 0.080000
2 0.275833 0.116667 0.029167 0.038333
3 0.469167 0.115000 0.014167 0.025000
2 0.637500 0.396667 0.045833 0.021667
2 0.262500 0.720000 0.017500 0.116667
3 0.710833 0.368333 0.011667 0.030000
2 0.703333 0.353333 0.011667 0.066667
2 0.394167 0.306667 0.015833 0.068333
3 0.431667 0.743333 0.010000 0.020000
2 0.395833 0.741667 0.048333 0.043333
2 0.716667 0.408333 0.023333 0.106667
3 0.450833 0.375000 0.008333 0.021667
2 0.650833 0.335000 0.023333 0.041667
3 0.733333 0.595000 0.007500 0.016667
3 0.354167 0.403333 0.013333 0.015000
3 0.524167 0.758333 0.009167 0.016667
3 0.709167 0.630000 0.009167 0.016667
2 0.750000 0.410000 0.023333 0.041667
3 0.469167 0.711667 0.009167 0.016667
2 0.261667 0.721667 0.020000 0.021667
2 0.502500 0.633333 0.097500 0.053333
2 0.705833 0.391667 0.021667 0.090000
2 0.320000 0.285000 0.019167 0.046667
3 0.247500 0.675000 0.009167 0.016667
3 0.647500 0.636667 0.011667 0.020000
2 0.315000 0.248333 0.022500 0.023333
3 0.605000 0.316667 0.008333 0.016667
2 0.704167 0.355000 0.020833 0.028333
2 0.726667 0.701667 0.022500 0.023333
2 0.536667 0.645000 0.029167 0.038333
2 0.790000 0.630000 0.020833 0.028333
2 0.336667 0.756667 0.023333 0.106667
3 0.759167 0.613333 0.011667 0.030000
2 0.163333 0.393333 0.023333 0.041667
2 0.777500 0.598333 0.058333 0.076667
2 0.204167 0.300000 0.048333 0.043333
3 0.706667 0.266667 0.015833 0.051667
3 0.752500 0.645000 0.010833 0.013333
3 0.316667 0.413333 0.010833 0.023333
2 0.675000 0.376667 0.034167 0.038333
3 0.581667 0.425000 0.008333 0.016667
2 0.772500 0.651667 0.023333 0.106667
2 0.697500 0.363333 0.020833 0.080000
2 0.539167 0.276667 0.009167 0.031667
3 0.719167 0.998333 0.009167 0.001667
2 0.680833 0.668333 0.029167 0.038333
2 0.431667 0.763333 0.022500 0.023333
2 0.331667 0.398333 0.009167 0.040000
3 0.449167 0.786667 0.013333 0.031667
2 0.500833 0.270000 0.045833 0.021667
3 0.555000 0.705000 0.010000 0.016667
2 0.289167 0.738333 0.058333 0.076667
2 0.157500 0.671667 0.010833 0.091667
2 0.680000 0.393333 0.010000 0.031667
2 0.543333 0.681667 0.014167 0.015000
3 0.688333 0.330000 0.008333 0.016667
3 0.705833 0.665000 0.008333 0.021667
2 0.601667 0.998333 0.015833 0.001667
2 0.672500 0.395000 0.097500 0.053333
3 0.640833 0.660000 0.009167 0.016667
2 0.547500 0.655000 0.023333 0.041667
3 0.224167 0.305000 0.007500 0.018333
3 0.405000 0.711667 0.009167 0.015000
2 0.732500 0.351667 0.011667 0.066667
2 0.420000 0.691667 0.010833 0.091667
2 0.671667 0.613333 0.020833 0.028333
2 0.759167 0.381667 0.030833 0.051667
2 0.526667 0.355000 0.020833 0.028333
2 0.350000 0.336667 0.013333 0.070000
2 0.309167 0.798333 0.022500 0.023333
3 0.348333 0.686667 0.009167 0.023333
3 0.700833 0.343333 0.011667 0.020000
2 0.634167 0.413333 0.034167 0.038333
3 0.349167 0.836667 0.010000 0.016667
3 0.529167 0.631667 0.010000 0.020000
3 0.709167 0.373333 0.008333 0.016667
2 0.230000 0.881667 0.034167 0.100000
2 0.505833 0.765000 0.011667 0.066667
3 0.560000 0.428333 0.008333 0.016667
3 0.447500 0.375000 0.013333 0.031667
2 0.560000 0.738333 0.020833 0.028333
2 0.280000 0.095000 0.020833 0.080000
2 0.301667 0.316667 0.023333 0.106667
2 0.637500 0.386667 0.010000 0.031667
3 0.551667 0.416667 0.008333 0.016667
3 0.622500 0.395000 0.008333 0.021667
2 0.566667 0.633333 0.045833 0.021667
3 0.267500 0.350000 0.017500 0.031667
3 0.263333 0.738333 0.017500 0.031667
2 0.535833 0.263333 0.019167 0.046667
2 0.665833 0.695000 0.034167 0.100000
3 0.300000 0.391667 0.009167 0.018333
2 0.643333 0.676667 0.023333 0.041667
3 0.241667 0.390000 0.009167 0.016667
2 0.494167 0.708333 0.011667 0.025000
3 0.280000 0.721667 0.007500 0.018333
2 0.550000 0.663333 0.027500 0.016667
2 0.509167 0.270000 0.011667 0.066667
3 0.170000 0.403333 0.009167 0.016667
3 0.432500 0.778333 0.009167 0.015000
2 0.652500 0.348333 0.097500 0.053333
3 0.465000 0.298333 0.017500 0.031667
2 0.753333 0.588333 0.045833 0.021667
2 0.735833 0.358333 0.013333 0.070000
2 0.548333 0.681667 0.010833 0.091667
2 0.455000 0.653333 0.019167 0.046667
2 0.644167 0.618333 0.035000 0.105000
3 0.560000 0.271667 0.010833 0.013333
3 0.284167 0.810000 0.017500 0.031667
3 0.692500 0.411667 0.008333 0.016667
3 0.695833 0.343333 0.008333 0.016667
3 0.725000 0.626667 0.008333 0.016667
2 0.665833 0.708333 0.010833 0.091667
3 0.334167 0.650000 0.008333 0.016667
2 0.654167 0.618333 0.011667 0.025000
3 0.470833 0.373333 0.007500 0.018333
2 0.640000 0.376667 0.048333 0.043333
3 0.692500 0.690000 0.010000 0.020000
2 0.305833 0.726667 0.023333 0.106667
2 0.661667 0.615000 0.020000 0.021667
2 0.300000 0.400000 0.034167 0.100000
3 0.762500 0.411667 0.011667 0.030000
2 0.460833 0.633333 0.048333 0.043333
3 0.388333 0.366667 0.008333 0.016667
2 0.677500 0.640000 0.022500 0.023333
3 0.288333 0.768333 0.009167 0.016667
3 0.710833 0.258333 0.007500 0.015000
3 0.663333 0.666667 0.007500 0.018333
3 0.665000 0.663333 0.008333 0.021667
3 0.507500 0.303333 0.007500 0.015000
3 0.486667 0.261667 0.009167 0.023333
2 0.648333 0.661667 0.048333 0.043333
3 0.831667 0.411667 0.009167 0.016667
3 0.711667 0.685000 0.007500 0.015000
3 0.339167 0.226667 0.009167 0.018333
3 0.291667 0.233333 0.007500 0.016667
3 0.638333 0.398333 0.010000 0.016667
3 0.741667 0.391667 0.015833 0.051667
2 0.316667 0.396667 0.013333 0.070000
2 0.564167 0.686667 0.020833 0.028333
2 0.550833 0.690000 0.048333 0.043333
2 0.540000 0.998333 0.009167 0.001667
3 0.470000 0.711667 0.008333 0.016667
3 0.717500 0.681667 0.017500 0.031667
3 0.351667 0.431667 0.008333 0.016667
3 0.695000 0.728333 0.010000 0.020000
3 0.726667 0.600000 0.008333 0.016667
3 0.704167 0.330000 0.007500 0.015000
3 0.719167 0.356667 0.015833 0.051667
3 0.407500 0.705000 0.007500 0.016667
2 0.709167 0.600000 0.009167 0.040000
2 0.460000 0.680000 0.009167 0.031667
3 0.560000 0.670000 0.015833 0.051667
2 0.599167 0.635000 0.058333 0.076667
2 0.413333 0.680000 0.022500 0.023333
2 0.591667 0.338333 0.022500 0.023333
3 0.317500 0.638333 0.007500 0.016667
3 0.445833 0.366667 0.009167 0.016667
3 0.755000 0.315000 0.011667 0.020000
2 0.518333 0.668333 0.014167 0.015000
3 0.190000 0.650000 0.010833 0.023333
3 0.618333 0.378333 0.007500 0.016667
3 0.727500 0.641667 0.007500 0.018333
2 0.468333 0.736667 0.035000 0.105000
3 0.475000 0.793333 0.007500 0.015000
3 0.483333 0.756667 0.008333 0.016667
3 0.710000 0.676667 0.014167 0.025000
2 0.251667 0.375000 0.048333 0.043333
2 0.692500 0.640000 0.030833 0.051667
2 0.695000 0.738333 0.009167 0.031667
3 0.772500 0.346667 0.010833 0.023333
2 0.698333 0.685000 0.034167 0.038333
2 0.265833 0.330000 0.023333 0.041667
3 0.539167 0.315000 0.010000 0.016667
3 0.429167 0.650000 0.006667 0.018333
2 0.446667 0.378333 0.011667 0.025000
3 0.362500 0.395000 0.007500 0.015000
2 0.765000 0.328333 0.019167 0.046667
3 0.542500 0.706667 0.007500 0.015000
2 0.710000 0.665000 0.026667 0.035000
2 0.477500 0.328333 0.017500 0.116667
2 0.607500 0.333333 0.020000 0.021667
2 0.438333 0.365000 0.048333 0.025000
2 0.440833 0.398333 0.048333 0.043333
3 0.460000 0.866667 0.009167 0.023333
2 0.672500 0.396667 0.026667 0.035000
2 0.470000 0.770000 0.035000 0.105000
3 0.317500 0.641667 0.009167 0.016667
2 0.645833 0.410000 0.009167 0.031667
3 0.678333 0.678333 0.017500 0.031667
2 0.540833 0.600000 0.035000 0.105000
2 0.498333 0.360000 0.058333 0.076667
3 0.692500 0.625000 0.017500 0.031667
2 0.705000 0.790000 0.010000 0.031667
