4 0.854167 0.575000 0.081667 0.088333
4 0.849167 0.476667 0.055000 0.101667
4 0.833333 0.375000 0.101667 0.118333
4 0.855833 0.736667 0.108333 0.205000
4 0.744167 0.693333 0.206667 0.268333
4 0.851667 0.701667 0.083333 0.250000
4 0.858333 0.585000 0.118333 0.066667
4 0.844167 0.408333 0.105000 0.088333
4 0.846667 0.415000 0.073333 0.106667
4 0.754167 0.631667 0.267500 0.345000
4 0.308333 0.498333 0.060833 0.115000
4 0.077500 0.468333 0.085000 0.080000
4 0.538333 0.496667 0.075833 0.023333
4 0.120833 0.546667 0.102500 0.060000
4 0.218333 0.563333 0.089167 0.090000
4 0.510000 0.495000 0.060833 0.121667
4 0.780000 0.541667 0.041667 0.051667
4 0.156667 0.526667 0.144167 0.050000
4 0.261667 0.555000 0.085833 0.033333
4 0.248333 0.653333 0.114167 0.275000
2 0.595833 0.436667 0.020833 0.028333
2 0.465000 0.448333 0.030833 0.051667
2 0.467500 0.561667 0.022500 0.023333
3 0.610833 0.603333 0.007500 0.018333
2 0.207500 0.620000 0.021667 0.090000
2 0.504167 0.450000 0.097500 0.053333
3 0.018333 0.528333 0.008333 0.016667
3 0.378333 0.550000 0.010000 0.016667
2 0.815000 0.503333 0.010000 0.031667
2 0.429167 0.500000 0.035000 0.105000
3 0.733333 0.520000 0.010000 0.016667
3 0.666667 0.518333 0.010000 0.016667
2 0.196667 0.575000 0.020000 0.021667
2 0.264167 0.571667 0.048333 0.025000
2 0.360000 0.528333 0.022500 0.023333
2 0.466667 0.481667 0.048333 0.043333
2 0.525833 0.580000 0.020833 0.080000
3 0.118333 0.575000 0.010833 0.013333
2 0.192500 0.513333 0.027500 0.016667
2 0.363333 0.458333 0.009167 0.040000
3 0.437500 0.536667 0.009167 0.015000
2 0.020833 0.500000 0.041667 0.021667
2 0.353333 0.498333 0.011667 0.025000
2 0.486667 0.571667 0.027500 0.016667
2 0.254167 0.538333 0.026667 0.035000
3 0.802500 0.475000 0.009167 0.016667
2 0.418333 0.561667 0.026667 0.035000
2 0.395833 0.455000 0.097500 0.053333
2 0.081667 0.566667 0.011667 0.066667
2 0.392500 0.515000 0.013333 0.070000
2 0.211667 0.466667 0.015833 0.068333
3 0.460000 0.421667 0.013333 0.031667
3 0.363333 0.581667 0.014167 0.025000
2 0.329167 0.475000 0.020833 0.080000
3 0.824167 0.615000 0.011667 0.020000
2 0.041667 0.540000 0.023333 0.106667
2 0.142500 0.523333 0.029167 0.038333
3 0.726667 0.470000 0.015833 0.051667
2 0.340000 0.590000 0.034167 0.038333
2 0.336667 0.540000 0.048333 0.043333
3 0.623333 0.591667 0.008333 0.016667
2 0.727500 0.485000 0.009167 0.040000
3 0.576667 0.571667 0.008333 0.016667
2 0.525833 0.461667 0.015833 0.068333
2 0.340000 0.546667 0.023333 0.106667
3 0.433333 0.518333 0.009167 0.016667
2 0.455000 0.578333 0.011667 0.066667
2 0.130833 0.595000 0.013333 0.070000
2 0.435000 0.481667 0.010000 0.031667
2 0.671667 0.516667 0.015833 0.068333
2 0.315000 0.490000 0.030833 0.051667
2 0.572500 0.525000 0.029167 0.038333
2 0.419167 0.513333 0.011667 0.066667
3 0.496667 0.555000 0.011667 0.030000
2 0.576667 0.578333 0.020000 0.021667
2 0.270000 0.515000 0.020833 0.028333
2 0.702500 0.503333 0.014167 0.015000
2 0.626667 0.530000 0.010833 0.091667
3 0.293333 0.480000 0.009167 0.023333
2 0.045000 0.585000 0.010833 0.091667
2 0.616667 0.481667 0.015833 0.068333
3 0.293333 0.516667 0.015833 0.051667
2 0.351667 0.465000 0.048333 0.043333
2 0.668333 0.510000 0.029167 0.038333
3 0.335000 0.480000 0.008333 0.021667
2 0.065000 0.528333 0.013333 0.070000
2 0.330833 0.605000 0.029167 0.038333
3 0.202500 0.465000 0.010833 0.023333
2 0.740000 0.491667 0.026667 0.035000
2 0.666667 0.523333 0.034167 0.038333
2 0.822500 0.581667 0.014167 0.015000
2 0.357500 0.546667 0.011667 0.066667
3 0.415000 0.585000 0.007500 0.018333
3 0.153333 0.600000 0.007500 0.016667
2 0.427500 0.538333 0.026667 0.035000
3 0.106667 0.528333 0.007500 0.016667
2 0.735000 0.585000 0.009167 0.031667
2 0.481667 0.581667 0.011667 0.066667
3 0.227500 0.443333 0.008333 0.016667
3 0.654167 0.493333 0.010833 0.023333
3 0.187500 0.553333 0.007500 0.018333
3 0.785000 0.563333 0.009167 0.016667
2 0.136667 0.555000 0.030833 0.051667
2 0.330000 0.583333 0.029167 0.038333
2 0.322500 0.595000 0.014167 0.015000
2 0.290000 0.501667 0.020000 0.021667
3 0.811667 0.576667 0.009167 0.016667
2 0.809167 0.651667 0.029167 0.038333
3 0.345833 0.480000 0.014167 0.025000
3 0.214167 0.465000 0.015833 0.051667
3 0.166667 0.443333 0.008333 0.021667
2 0.077500 0.536667 0.026667 0.035000
2 0.123333 0.451667 0.020833 0.028333
2 0.753333 0.485000 0.021667 0.090000
3 0.450000 0.473333 0.007500 0.015000
2 0.499167 0.440000 0.009167 0.031667
2 0.744167 0.533333 0.030833 0.051667
2 0.451667 0.510000 0.010000 0.031667
3 0.138333 0.565000 0.009167 0.023333
3 0.474167 0.495000 0.008333 0.016667
3 0.046667 0.511667 0.010000 0.020000
2 0.126667 0.580000 0.023333 0.041667
2 0.685833 0.383333 0.030833 0.051667
2 0.722500 0.371667 0.026667 0.035000
2 0.326667 0.371667 0.009167 0.040000
3 0.234167 0.376667 0.010833 0.013333
2 0.231667 0.380000 0.011667 0.025000
2 0.624167 0.653333 0.034167 0.100000
2 0.428333 0.338333 0.023333 0.041667
3 0.704167 0.638333 0.006667 0.018333
2 0.768333 0.436667 0.020833 0.080000
3 0.804167 0.641667 0.011667 0.020000
2 0.395000 0.675000 0.045833 0.021667
3 0.666667 0.410000 0.008333 0.016667
3 0.645000 0.396667 0.011667 0.030000
2 0.453333 0.678333 0.023333 0.041667
2 0.447500 0.368333 0.014167 0.015000
3 0.709167 0.650000 0.007500 0.015000
2 0.460833 0.371667 0.020000 0.021667
2 0.455000 0.248333 0.013333 0.070000
2 0.309167 0.695000 0.029167 0.038333
2 0.255833 0.633333 0.058333 0.076667
3 0.554167 0.356667 0.010000 0.016667
2 0.711667 0.231667 0.014167 0.015000
2 0.523333 0.333333 0.045833 0.021667
3 0.676667 0.335000 0.011667 0.020000
3 0.761667 0.416667 0.009167 0.018333
3 0.318333 0.731667 0.007500 0.015000
3 0.309167 0.713333 0.007500 0.015000
2 0.419167 0.766667 0.035000 0.105000
3 0.789167 0.343333 0.007500 0.015000
3 0.641667 0.405000 0.013333 0.031667
3 0.720000 0.626667 0.007500 0.015000
2 0.545000 0.203333 0.034167 0.038333
2 0.803333 0.406667 0.023333 0.106667
2 0.733333 0.710000 0.048333 0.043333
2 0.796667 0.370000 0.020000 0.021667
2 0.636667 0.455000 0.010833 0.091667
3 0.477500 0.226667 0.009167 0.023333
2 0.300833 0.318333 0.017500 0.116667
2 0.711667 0.711667 0.010833 0.091667
2 0.356667 0.715000 0.017500 0.116667
2 0.480000 0.266667 0.023333 0.041667
3 0.806667 0.728333 0.009167 0.016667
3 0.314167 0.206667 0.008333 0.016667
2 0.700000 0.671667 0.013333 0.070000
2 0.406667 0.690000 0.023333 0.106667
3 0.562500 0.371667 0.008333 0.016667
2 0.733333 0.401667 0.027500 0.016667
2 0.752500 0.683333 0.058333 0.076667
2 0.673333 0.415000 0.030833 0.051667
2 0.735833 0.396667 0.019167 0.046667
2 0.435833 0.731667 0.034167 0.100000
3 0.473333 0.311667 0.009167 0.018333
2 0.635833 0.346667 0.020000 0.021667
2 0.366667 0.271667 0.011667 0.066667
2 0.734167 0.313333 0.097500 0.053333
3 0.440833 0.738333 0.009167 0.016667
3 0.386667 0.765000 0.009167 0.016667
3 0.305833 0.696667 0.010833 0.013333
2 0.285833 0.325000 0.048333 0.025000
2 0.580000 0.323333 0.045833 0.021667
3 0.180833 0.656667 0.017500 0.031667
2 0.579167 0.681667 0.010833 0.091667
2 0.747500 0.600000 0.011667 0.066667
3 0.441667 0.738333 0.008333 0.016667
3 0.725833 0.356667 0.007500 0.016667
2 0.649167 0.661667 0.009167 0.040000
2 0.726667 0.685000 0.021667 0.090000
2 0.270000 0.716667 0.027500 0.016667
3 0.234167 0.635000 0.009167 0.016667
2 0.600000 0.333333 0.023333 0.041667
2 0.553333 0.648333 0.035000 0.105000
3 0.756667 0.716667 0.009167 0.016667
3 0.492500 0.338333 0.007500 0.018333
3 0.274167 0.261667 0.010000 0.020000
2 0.496667 0.776667 0.029167 0.038333
2 0.212500 0.718333 0.020833 0.080000
3 0.459167 0.881667 0.007500 0.018333
2 0.736667 0.723333 0.030833 0.051667
3 0.258333 0.401667 0.015833 0.051667
3 0.675833 0.425000 0.008333 0.016667
3 0.298333 0.666667 0.014167 0.025000
3 0.606667 0.403333 0.008333 0.016667
2 0.525833 0.275000 0.015833 0.068333
2 0.652500 0.608333 0.048333 0.025000
3 0.658333 0.386667 0.014167 0.025000
3 0.447500 0.656667 0.015833 0.051667
3 0.797500 0.740000 0.009167 0.023333
2 0.411667 0.730000 0.015833 0.068333
3 0.505833 0.825000 0.015833 0.051667
2 0.685000 0.385000 0.020000 0.021667
2 0.320833 0.663333 0.020833 0.028333
3 0.535833 0.306667 0.009167 0.016667
2 0.500833 0.838333 0.045833 0.021667
3 0.663333 0.400000 0.008333 0.016667
3 0.307500 0.340000 0.008333 0.016667
3 0.477500 0.283333 0.009167 0.016667
3 0.315833 0.371667 0.010000 0.016667
3 0.311667 0.770000 0.007500 0.015000
3 0.615000 0.318333 0.014167 0.025000
2 0.683333 0.580000 0.097500 0.053333
3 0.361667 0.611667 0.009167 0.016667
3 0.733333 0.261667 0.010000 0.016667
3 0.408333 0.676667 0.008333 0.016667
3 0.635833 0.441667 0.009167 0.023333
2 0.260000 0.368333 0.011667 0.025000
2 0.722500 0.405000 0.034167 0.038333
3 0.787500 0.345000 0.014167 0.025000
2 0.655833 0.376667 0.019167 0.046667
3 0.753333 0.596667 0.010833 0.013333
2 0.694167 0.620000 0.058333 0.076667
3 0.454167 0.731667 0.006667 0.018333
2 0.593333 0.721667 0.011667 0.066667
2 0.233333 0.851667 0.027500 0.016667
3 0.488333 0.378333 0.008333 0.016667
2 0.582500 0.635000 0.026667 0.035000
3 0.798333 0.738333 0.007500 0.018333
3 0.630000 0.341667 0.008333 0.021667
2 0.467500 0.793333 0.009167 0.031667
3 0.711667 0.728333 0.010833 0.023333
2 0.599167 0.410000 0.022500 0.023333
3 0.760833 0.710000 0.015833 0.051667
2 0.717500 0.673333 0.017500 0.116667
3 0.218333 0.668333 0.009167 0.023333
2 0.217500 0.203333 0.058333 0.076667
3 0.740833 0.686667 0.009167 0.015000
2 0.410000 0.756667 0.020833 0.080000
2 0.314167 0.725000 0.023333 0.106667
2 0.264167 0.336667 0.009167 0.040000
2 0.729167 0.803333 0.020833 0.028333
2 0.808333 0.415000 0.034167 0.100000
3 0.533333 0.736667 0.013333 0.031667
2 0.355000 0.638333 0.035000 0.105000
2 0.508333 0.343333 0.058333 0.076667
2 0.698333 0.668333 0.023333 0.041667
2 0.339167 0.346667 0.027500 0.016667
2 0.570833 0.618333 0.009167 0.040000
2 0.508333 0.765000 0.013333 0.070000
3 0.709167 0.421667 0.008333 0.016667
3 0.759167 0.613333 0.008333 0.016667
3 0.299167 0.710000 0.008333 0.021667
3 0.509167 0.356667 0.013333 0.031667
3 0.388333 0.365000 0.007500 0.015000
3 0.568333 0.733333 0.007500 0.018333
2 0.431667 0.878333 0.020833 0.080000
2 0.199167 0.681667 0.048333 0.043333
2 0.535000 0.285000 0.011667 0.066667
3 0.650833 0.681667 0.006667 0.018333
3 0.683333 0.278333 0.013333 0.015000
2 0.325000 0.286667 0.029167 0.038333
2 0.455000 0.096667 0.019167 0.046667
2 0.406667 0.788333 0.023333 0.106667
3 0.509167 0.343333 0.010000 0.016667
3 0.678333 0.336667 0.010833 0.013333
2 0.802500 0.350000 0.011667 0.066667
2 0.565000 0.728333 0.034167 0.038333
3 0.166667 0.393333 0.013333 0.031667
2 0.315833 0.233333 0.009167 0.040000
3 0.220000 0.666667 0.006667 0.018333
3 0.476667 0.166667 0.008333 0.016667
2 0.805000 0.621667 0.009167 0.040000
2 0.655833 0.415000 0.027500 0.016667
2 0.319167 0.158333 0.015833 0.068333
2 0.679167 0.341667 0.045833 0.021667
3 0.340000 0.708333 0.007500 0.015000
2 0.695833 0.383333 0.026667 0.035000
2 0.684167 0.336667 0.019167 0.046667
2 0.645000 0.396667 0.034167 0.100000
2 0.614167 0.626667 0.009167 0.040000
2 0.551667 0.253333 0.013333 0.070000
2 0.232500 0.810000 0.009167 0.031667
2 0.439167 0.373333 0.022500 0.023333
3 0.733333 0.613333 0.009167 0.016667
2 0.771667 0.323333 0.015833 0.068333
3 0.601667 0.998333 0.007500 0.001667
3 0.323333 0.175000 0.007500 0.015000
2 0.698333 0.668333 0.023333 0.106667
3 0.743333 0.805000 0.008333 0.016667
3 0.315000 0.393333 0.007500 0.015000
3 0.307500 0.341667 0.008333 0.016667
2 0.630833 0.703333 0.034167 0.038333
3 0.427500 0.376667 0.008333 0.016667
3 0.225833 0.735000 0.008333 0.016667
3 0.776667 0.421667 0.008333 0.016667
2 0.721667 0.705000 0.019167 0.046667
2 0.388333 0.698333 0.045833 0.021667
2 0.272500 0.263333 0.048333 0.043333
3 0.495833 0.163333 0.007500 0.018333
3 0.734167 0.615000 0.008333 0.016667
2 0.170000 0.400000 0.010000 0.031667
2 0.429167 0.735000 0.009167 0.040000
2 0.748333 0.705000 0.020000 0.021667
3 0.781667 0.363333 0.009167 0.016667
3 0.515833 0.410000 0.011667 0.030000
3 0.672500 0.605000 0.007500 0.015000
3 0.561667 0.743333 0.009167 0.016667
3 0.314167 0.661667 0.008333 0.016667
3 0.813333 0.420000 0.007500 0.018333
3 0.803333 0.658333 0.008333 0.021667
