4 0.835833 0.641667 0.170833 0.335000
4 0.843333 0.683333 0.054167 0.131667
4 0.855000 0.668333 0.068333 0.028333
4 0.855000 0.636667 0.108333 0.075000
4 0.878333 0.618333 0.049167 0.023333
4 0.853333 0.488333 0.065833 0.103333
4 0.880833 0.463333 0.050833 0.023333
4 0.842500 0.606667 0.072500 0.045000
4 0.867500 0.463333 0.080000 0.135000
4 0.907500 0.555000 0.034167 0.036667
4 0.520000 0.706667 0.171667 0.351667
4 0.627500 0.563333 0.045000 0.058333
4 0.338333 0.516667 0.070000 0.053333
4 0.773333 0.485000 0.028333 0.045000
4 0.566667 0.480000 0.032500 0.053333
4 0.592500 0.563333 0.190000 0.143333
4 0.168333 0.433333 0.066667 0.140000
4 0.622500 0.630000 0.123333 0.161667
4 0.263333 0.385000 0.147500 0.255000
4 0.430000 0.535000 0.168333 0.068333
3 0.398333 0.488333 0.008333 0.021667
3 0.615833 0.526667 0.009167 0.023333
2 0.760000 0.573333 0.030833 0.051667
2 0.570833 0.578333 0.023333 0.106667
2 0.515000 0.505000 0.035000 0.105000
3 0.299167 0.598333 0.010833 0.013333
2 0.174167 0.501667 0.048333 0.043333
3 0.110000 0.445000 0.010833 0.013333
2 0.295000 0.586667 0.021667 0.090000
2 0.585000 0.481667 0.010000 0.031667
3 0.793333 0.453333 0.007500 0.015000
3 0.614167 0.468333 0.007500 0.018333
3 0.309167 0.466667 0.010000 0.016667
3 0.714167 0.503333 0.013333 0.015000
3 0.150833 0.518333 0.011667 0.030000
3 0.805833 0.540000 0.009167 0.018333
2 0.415000 0.558333 0.021667 0.090000
3 0.590000 0.541667 0.010000 0.020000
3 0.291667 0.553333 0.007500 0.015000
3 0.394167 0.475000 0.013333 0.031667
2 0.564167 0.490000 0.048333 0.043333
3 0.419167 0.525000 0.010833 0.023333
3 0.404167 0.543333 0.009167 0.018333
2 0.761667 0.523333 0.020833 0.028333
2 0.707500 0.531667 0.022500 0.023333
3 0.348333 0.568333 0.011667 0.030000
2 0.600833 0.603333 0.026667 0.035000
2 0.412500 0.503333 0.030833 0.051667
2 0.215833 0.485000 0.015833 0.068333
3 0.757500 0.501667 0.013333 0.031667
3 0.530000 0.521667 0.007500 0.018333
2 0.462500 0.513333 0.048333 0.043333
3 0.762500 0.510000 0.006667 0.018333
2 0.790000 0.491667 0.048333 0.025000
2 0.484167 0.503333 0.020833 0.028333
2 0.552500 0.476667 0.097500 0.053333
3 0.797500 0.470000 0.011667 0.030000
2 0.195000 0.521667 0.021667 0.090000
2 0.770833 0.525000 0.011667 0.025000
2 0.364167 0.450000 0.035000 0.105000
2 0.150000 0.458333 0.029167 0.038333
2 0.488333 0.505000 0.023333 0.106667
3 0.654167 0.465000 0.008333 0.016667
2 0.136667 0.618333 0.020833 0.080000
2 0.405000 0.546667 0.019167 0.046667
2 0.132500 0.541667 0.048333 0.025000
2 0.190833 0.545000 0.045833 0.021667
3 0.630000 0.566667 0.010000 0.016667
2 0.495833 0.485000 0.034167 0.038333
3 0.695833 0.496667 0.013333 0.015000
3 0.166667 0.583333 0.009167 0.016667
3 0.152500 0.553333 0.007500 0.018333
3 0.196667 0.561667 0.015833 0.051667
2 0.620833 0.578333 0.045833 0.021667
2 0.417500 0.511667 0.010833 0.091667
2 0.749167 0.508333 0.045833 0.021667
2 0.026667 0.528333 0.053333 0.053333
3 0.506667 0.596667 0.017500 0.031667
2 0.228333 0.478333 0.020833 0.080000
2 0.028333 0.555000 0.023333 0.041667
2 0.450833 0.515000 0.010833 0.091667
2 0.320000 0.513333 0.020833 0.080000
2 0.020000 0.538333 0.019167 0.046667
2 0.063333 0.483333 0.014167 0.015000
3 0.285000 0.503333 0.015833 0.051667
2 0.053333 0.513333 0.019167 0.046667
3 0.340833 0.486667 0.011667 0.020000
2 0.743333 0.555000 0.027500 0.016667
2 0.122500 0.551667 0.023333 0.041667
2 0.340833 0.598333 0.026667 0.035000
3 0.216667 0.471667 0.017500 0.031667
3 0.738333 0.561667 0.015833 0.051667
3 0.370833 0.473333 0.008333 0.021667
2 0.380000 0.483333 0.022500 0.023333
3 0.265833 0.576667 0.007500 0.015000
3 0.763333 0.583333 0.006667 0.018333
2 0.413333 0.476667 0.021667 0.090000
2 0.536667 0.481667 0.011667 0.025000
3 0.522500 0.555000 0.010000 0.016667
3 0.527500 0.506667 0.008333 0.016667
2 0.657500 0.540000 0.029167 0.038333
3 0.554167 0.468333 0.010000 0.020000
2 0.433333 0.565000 0.011667 0.025000
2 0.531667 0.455000 0.097500 0.053333
2 0.029167 0.576667 0.034167 0.100000
2 0.042500 0.521667 0.011667 0.025000
3 0.503333 0.523333 0.010000 0.020000
3 0.674167 0.530000 0.010833 0.013333
2 0.284167 0.531667 0.017500 0.116667
2 0.351667 0.476667 0.034167 0.100000
2 0.302500 0.451667 0.019167 0.046667
3 0.508333 0.551667 0.010000 0.016667
2 0.165833 0.535000 0.023333 0.041667
3 0.205833 0.476667 0.007500 0.018333
3 0.414167 0.551667 0.009167 0.016667
2 0.612500 0.516667 0.021667 0.090000
3 0.536667 0.568333 0.007500 0.018333
3 0.802500 0.500000 0.010000 0.016667
2 0.541667 0.565000 0.010833 0.091667
3 0.659167 0.578333 0.013333 0.031667
2 0.181667 0.508333 0.027500 0.016667
2 0.408333 0.570000 0.011667 0.025000
3 0.607500 0.313333 0.008333 0.016667
2 0.827500 0.388333 0.020833 0.080000
2 0.320000 0.641667 0.011667 0.025000
3 0.411667 0.690000 0.009167 0.018333
3 0.529167 0.700000 0.014167 0.025000
2 0.440833 0.228333 0.035000 0.105000
3 0.812500 0.405000 0.009167 0.023333
2 0.307500 0.390000 0.030833 0.051667
3 0.636667 0.670000 0.010000 0.016667
3 0.345000 0.651667 0.010000 0.016667
3 0.804167 0.343333 0.007500 0.015000
2 0.288333 0.711667 0.097500 0.053333
3 0.694167 0.761667 0.014167 0.025000
2 0.637500 0.371667 0.023333 0.041667
3 0.498333 0.256667 0.008333 0.016667
2 0.447500 0.238333 0.020833 0.080000
2 0.366667 0.641667 0.010000 0.031667
2 0.698333 0.398333 0.058333 0.076667
3 0.744167 0.385000 0.010833 0.023333
3 0.435000 0.760000 0.006667 0.018333
3 0.424167 0.815000 0.007500 0.015000
2 0.267500 0.248333 0.058333 0.076667
3 0.355833 0.371667 0.008333 0.021667
2 0.530000 0.430000 0.022500 0.023333
3 0.661667 0.395000 0.008333 0.016667
2 0.769167 0.338333 0.048333 0.043333
2 0.643333 0.641667 0.030833 0.051667
3 0.785833 0.401667 0.010000 0.020000
2 0.790833 0.403333 0.023333 0.106667
2 0.297500 0.653333 0.029167 0.038333
2 0.690833 0.266667 0.019167 0.046667
3 0.545833 0.415000 0.010833 0.013333
2 0.667500 0.695000 0.010833 0.091667
2 0.420000 0.388333 0.011667 0.066667
2 0.480833 0.386667 0.022500 0.023333
3 0.723333 0.613333 0.007500 0.016667
3 0.540833 0.341667 0.011667 0.020000
3 0.308333 0.723333 0.009167 0.016667
3 0.278333 0.280000 0.007500 0.015000
3 0.666667 0.348333 0.007500 0.015000
3 0.344167 0.780000 0.014167 0.025000
3 0.292500 0.790000 0.009167 0.016667
2 0.649167 0.355000 0.019167 0.046667
2 0.249167 0.705000 0.048333 0.025000
2 0.573333 0.633333 0.030833 0.051667
2 0.340000 0.635000 0.019167 0.046667
3 0.593333 0.408333 0.010000 0.020000
2 0.679167 0.431667 0.026667 0.035000
2 0.321667 0.348333 0.023333 0.041667
2 0.468333 0.381667 0.048333 0.025000
2 0.258333 0.695000 0.097500 0.053333
3 0.378333 0.381667 0.009167 0.016667
2 0.346667 0.653333 0.027500 0.016667
2 0.523333 0.716667 0.026667 0.035000
3 0.713333 0.633333 0.008333 0.016667
2 0.422500 0.673333 0.034167 0.100000
3 0.455833 0.350000 0.009167 0.015000
3 0.555833 0.680000 0.007500 0.015000
3 0.576667 0.733333 0.010833 0.013333
3 0.655833 0.395000 0.007500 0.015000
3 0.776667 0.415000 0.007500 0.015000
3 0.511667 0.361667 0.008333 0.016667
2 0.674167 0.338333 0.020000 0.021667
2 0.770833 0.675000 0.034167 0.038333
3 0.521667 0.356667 0.009167 0.015000
3 0.625833 0.365000 0.007500 0.018333
2 0.467500 0.281667 0.020833 0.080000
3 0.595000 0.755000 0.008333 0.021667
3 0.670000 0.650000 0.009167 0.016667
3 0.315833 0.371667 0.010000 0.020000
2 0.283333 0.313333 0.011667 0.066667
2 0.486667 0.725000 0.026667 0.035000
3 0.266667 0.636667 0.010833 0.013333
2 0.491667 0.325000 0.034167 0.038333
3 0.466667 0.373333 0.007500 0.016667
3 0.781667 0.381667 0.010833 0.023333
2 0.545000 0.650000 0.026667 0.035000
2 0.699167 0.731667 0.023333 0.106667
3 0.170833 0.401667 0.007500 0.016667
2 0.620833 0.350000 0.011667 0.066667
2 0.430833 0.346667 0.097500 0.053333
3 0.437500 0.746667 0.008333 0.016667
3 0.795833 0.738333 0.013333 0.031667
3 0.765000 0.586667 0.014167 0.025000
3 0.242500 0.388333 0.007500 0.015000
2 0.432500 0.376667 0.030833 0.051667
2 0.782500 0.411667 0.058333 0.076667
2 0.783333 0.351667 0.023333 0.106667
2 0.779167 0.635000 0.048333 0.025000
3 0.710833 0.373333 0.017500 0.031667
2 0.550000 0.730000 0.097500 0.053333
2 0.712500 0.605000 0.029167 0.038333
2 0.735833 0.625000 0.030833 0.051667
3 0.482500 0.191667 0.008333 0.016667
2 0.236667 0.221667 0.020000 0.021667
2 0.656667 0.418333 0.030833 0.051667
3 0.660000 0.390000 0.013333 0.031667
2 0.718333 0.650000 0.009167 0.031667
2 0.303333 0.673333 0.020833 0.080000
2 0.466667 0.735000 0.009167 0.031667
2 0.538333 0.691667 0.034167 0.100000
2 0.330000 0.265000 0.011667 0.025000
2 0.500000 0.840000 0.048333 0.043333
3 0.749167 0.655000 0.009167 0.018333
3 0.780000 0.643333 0.007500 0.015000
2 0.423333 0.365000 0.058333 0.076667
3 0.800000 0.353333 0.015833 0.051667
2 0.407500 0.811667 0.020833 0.080000
2 0.738333 0.801667 0.017500 0.116667
2 0.701667 0.371667 0.014167 0.015000
3 0.696667 0.710000 0.007500 0.015000
3 0.685000 0.626667 0.010000 0.020000
2 0.272500 0.388333 0.015833 0.068333
3 0.440833 0.813333 0.010833 0.023333
2 0.331667 0.675000 0.020833 0.080000
2 0.753333 0.646667 0.010000 0.031667
3 0.787500 0.345000 0.014167 0.025000
2 0.460000 0.321667 0.020833 0.028333
2 0.560833 0.655000 0.034167 0.038333
3 0.780000 0.643333 0.010833 0.013333
3 0.262500 0.696667 0.007500 0.015000
3 0.745833 0.600000 0.007500 0.016667
2 0.680833 0.615000 0.020000 0.021667
3 0.169167 0.386667 0.011667 0.020000
2 0.419167 0.738333 0.023333 0.106667
2 0.430833 0.373333 0.048333 0.025000
3 0.343333 0.650000 0.013333 0.015000
2 0.306667 0.343333 0.020833 0.080000
3 0.316667 0.371667 0.007500 0.015000
2 0.271667 0.803333 0.015833 0.068333
3 0.812500 0.720000 0.010000 0.020000
3 0.240000 0.761667 0.007500 0.016667
3 0.444167 0.711667 0.013333 0.031667
3 0.455000 0.290000 0.009167 0.016667
3 0.268333 0.700000 0.009167 0.015000
3 0.736667 0.655000 0.007500 0.015000
2 0.399167 0.681667 0.034167 0.038333
2 0.655833 0.603333 0.058333 0.076667
3 0.788333 0.408333 0.011667 0.030000
2 0.538333 0.315000 0.048333 0.043333
2 0.727500 0.640000 0.019167 0.046667
2 0.340833 0.295000 0.022500 0.023333
3 0.663333 0.451667 0.015833 0.051667
2 0.264167 0.761667 0.034167 0.038333
2 0.363333 0.695000 0.011667 0.025000
3 0.285833 0.250000 0.007500 0.018333
3 0.328333 0.646667 0.010000 0.020000
3 0.691667 0.615000 0.008333 0.016667
2 0.776667 0.641667 0.020833 0.080000
2 0.648333 0.303333 0.020833 0.080000
3 0.555000 0.645000 0.007500 0.015000
2 0.677500 0.656667 0.019167 0.046667
3 0.420833 0.406667 0.009167 0.015000
3 0.704167 0.408333 0.007500 0.018333
2 0.717500 0.641667 0.009167 0.040000
2 0.270833 0.698333 0.009167 0.040000
2 0.744167 0.600000 0.020833 0.028333
2 0.725000 0.650000 0.010833 0.091667
3 0.312500 0.395000 0.013333 0.031667
2 0.713333 0.625000 0.034167 0.100000
2 0.386667 0.696667 0.020833 0.028333
3 0.307500 0.673333 0.007500 0.018333
3 0.690833 0.358333 0.008333 0.016667
2 0.335000 0.238333 0.009167 0.031667
2 0.474167 0.385000 0.023333 0.041667
3 0.690833 0.378333 0.009167 0.016667
3 0.688333 0.350000 0.010833 0.013333
3 0.768333 0.333333 0.011667 0.030000
3 0.297500 0.288333 0.015833 0.051667
3 0.405000 0.713333 0.010000 0.016667
2 0.755000 0.428333 0.013333 0.070000
2 0.638333 0.321667 0.048333 0.043333
2 0.675000 0.588333 0.017500 0.116667
2 0.790833 0.398333 0.020000 0.021667
3 0.525833 0.358333 0.007500 0.018333
3 0.764167 0.406667 0.007500 0.018333
3 0.326667 0.660000 0.006667 0.018333
2 0.700000 0.643333 0.019167 0.046667
3 0.670000 0.365000 0.009167 0.023333
3 0.464167 0.371667 0.013333 0.015000
2 0.272500 0.823333 0.048333 0.043333
2 0.660000 0.393333 0.017500 0.116667
3 0.736667 0.416667 0.013333 0.031667
2 0.277500 0.220000 0.097500 0.053333
2 0.544167 0.610000 0.097500 0.053333
2 0.699167 0.363333 0.048333 0.043333
3 0.435833 0.376667 0.011667 0.030000
3 0.683333 0.361667 0.014167 0.025000
3 0.745833 0.305000 0.010833 0.013333
3 0.630833 0.655000 0.007500 0.015000
3 0.324167 0.303333 0.010833 0.023333
2 0.253333 0.685000 0.011667 0.066667
3 0.680000 0.383333 0.010833 0.013333
3 0.418333 0.353333 0.010833 0.023333
3 0.666667 0.420000 0.006667 0.018333
2 0.647500 0.378333 0.010000 0.031667
3 0.675000 0.720000 0.014167 0.025000
3 0.658333 0.350000 0.007500 0.015000
