4 0.795000 0.653333 0.092500 0.230000
4 0.815833 0.656667 0.105833 0.136667
4 0.858333 0.673333 0.044167 0.103333
4 0.885000 0.666667 0.029167 0.031667
4 0.662500 0.388333 0.374167 0.235000
4 0.820833 0.690000 0.165833 0.266667
4 0.896667 0.570000 0.046667 0.050000
4 0.774167 0.596667 0.162500 0.093333
4 0.770833 0.500000 0.156667 0.086667
4 0.836667 0.501667 0.100000 0.131667
4 0.118333 0.550000 0.036667 0.023333
4 0.504167 0.548333 0.144167 0.106667
4 0.625833 0.585000 0.192500 0.080000
4 0.691667 0.568333 0.082500 0.120000
4 0.360833 0.583333 0.090000 0.061667
4 0.261667 0.573333 0.072500 0.138333
4 0.214167 0.645000 0.155000 0.281667
4 0.049167 0.435000 0.098333 0.233333
4 0.562500 0.471667 0.100833 0.158333
4 0.200833 0.498333 0.048333 0.038333
2 0.580000 0.483333 0.020833 0.080000
3 0.280000 0.538333 0.007500 0.018333
3 0.069167 0.496667 0.007500 0.018333
2 0.723333 0.575000 0.014167 0.015000
2 0.546667 0.556667 0.020833 0.028333
2 0.325000 0.523333 0.023333 0.106667
2 0.527500 0.420000 0.035000 0.105000
2 0.415000 0.516667 0.048333 0.025000
3 0.667500 0.590000 0.015833 0.051667
2 0.200833 0.556667 0.023333 0.041667
3 0.210833 0.525000 0.006667 0.018333
2 0.235833 0.551667 0.034167 0.100000
2 0.685000 0.488333 0.013333 0.070000
2 0.145833 0.523333 0.030833 0.051667
2 0.178333 0.515000 0.026667 0.035000
2 0.720833 0.461667 0.034167 0.038333
3 0.104167 0.458333 0.008333 0.016667
2 0.228333 0.545000 0.009167 0.040000
2 0.690833 0.541667 0.011667 0.066667
3 0.428333 0.543333 0.007500 0.015000
2 0.691667 0.498333 0.034167 0.038333
3 0.450833 0.540000 0.009167 0.015000
2 0.494167 0.546667 0.023333 0.041667
2 0.495833 0.588333 0.030833 0.051667
2 0.466667 0.561667 0.030833 0.051667
2 0.165000 0.466667 0.009167 0.031667
3 0.503333 0.451667 0.007500 0.016667
2 0.332500 0.528333 0.058333 0.076667
3 0.530000 0.510000 0.009167 0.018333
3 0.730833 0.555000 0.009167 0.015000
3 0.567500 0.570000 0.008333 0.016667
3 0.352500 0.550000 0.009167 0.016667
2 0.596667 0.503333 0.011667 0.066667
2 0.307500 0.551667 0.034167 0.100000
2 0.785833 0.491667 0.035000 0.105000
2 0.680000 0.495000 0.097500 0.053333
3 0.054167 0.536667 0.009167 0.016667
2 0.799167 0.475000 0.020833 0.080000
2 0.068333 0.525000 0.020000 0.021667
2 0.129167 0.425000 0.058333 0.076667
3 0.117500 0.551667 0.011667 0.020000
2 0.744167 0.470000 0.022500 0.023333
2 0.040833 0.538333 0.011667 0.066667
2 0.600000 0.563333 0.045833 0.021667
2 0.530833 0.475000 0.020833 0.028333
2 0.158333 0.571667 0.023333 0.041667
2 0.135000 0.436667 0.015833 0.068333
3 0.555000 0.548333 0.009167 0.018333
2 0.400833 0.471667 0.010000 0.031667
3 0.467500 0.510000 0.010833 0.023333
2 0.168333 0.571667 0.019167 0.046667
2 0.222500 0.488333 0.013333 0.070000
2 0.822500 0.630000 0.017500 0.116667
2 0.166667 0.586667 0.020833 0.028333
2 0.362500 0.598333 0.023333 0.106667
2 0.696667 0.483333 0.023333 0.106667
3 0.054167 0.503333 0.011667 0.020000
3 0.411667 0.586667 0.007500 0.016667
3 0.791667 0.485000 0.009167 0.018333
3 0.443333 0.543333 0.013333 0.015000
2 0.289167 0.511667 0.027500 0.016667
3 0.480000 0.561667 0.008333 0.016667
2 0.629167 0.518333 0.097500 0.053333
2 0.798333 0.558333 0.013333 0.070000
2 0.379167 0.590000 0.009167 0.031667
2 0.107500 0.581667 0.020000 0.021667
2 0.759167 0.573333 0.045833 0.021667
3 0.427500 0.493333 0.009167 0.018333
2 0.378333 0.568333 0.017500 0.116667
3 0.233333 0.463333 0.010833 0.013333
2 0.519167 0.548333 0.011667 0.066667
2 0.295000 0.486667 0.019167 0.046667
2 0.099167 0.585000 0.029167 0.038333
2 0.769167 0.518333 0.020833 0.028333
3 0.615833 0.516667 0.009167 0.018333
3 0.800833 0.493333 0.008333 0.016667
2 0.255833 0.558333 0.020833 0.080000
3 0.198333 0.465000 0.007500 0.016667
3 0.627500 0.585000 0.006667 0.018333
2 0.531667 0.513333 0.058333 0.076667
3 0.480000 0.605000 0.010833 0.023333
3 0.690833 0.463333 0.007500 0.016667
3 0.028333 0.586667 0.008333 0.016667
2 0.238333 0.455000 0.048333 0.043333
2 0.217500 0.488333 0.023333 0.106667
3 0.507500 0.526667 0.011667 0.020000
2 0.078333 0.571667 0.045833 0.021667
3 0.719167 0.506667 0.010000 0.016667
2 0.044167 0.543333 0.010833 0.091667
3 0.586667 0.510000 0.009167 0.018333
2 0.030833 0.523333 0.020833 0.028333
2 0.508333 0.478333 0.020833 0.080000
3 0.237500 0.541667 0.007500 0.015000
2 0.469167 0.550000 0.010000 0.031667
2 0.731667 0.531667 0.011667 0.066667
2 0.017500 0.498333 0.015833 0.068333
2 0.662500 0.523333 0.048333 0.043333
2 0.804167 0.478333 0.058333 0.076667
2 0.517500 0.518333 0.022500 0.023333
3 0.817500 0.481667 0.008333 0.016667
2 0.285833 0.536667 0.034167 0.100000
2 0.206667 0.495000 0.009167 0.031667
3 0.224167 0.731667 0.010833 0.013333
3 0.334167 0.380000 0.013333 0.015000
3 0.329167 0.341667 0.007500 0.018333
3 0.347500 0.393333 0.008333 0.021667
2 0.308333 0.421667 0.021667 0.090000
2 0.814167 0.421667 0.048333 0.025000
2 0.254167 0.270000 0.034167 0.038333
3 0.492500 0.393333 0.011667 0.030000
2 0.808333 0.653333 0.009167 0.031667
2 0.316667 0.750000 0.023333 0.041667
2 0.439167 0.341667 0.010000 0.031667
2 0.777500 0.653333 0.020833 0.080000
2 0.768333 0.673333 0.034167 0.100000
3 0.710833 0.998333 0.008333 0.001667
2 0.306667 0.336667 0.019167 0.046667
3 0.435833 0.378333 0.007500 0.018333
2 0.529167 0.388333 0.010000 0.031667
2 0.455000 0.668333 0.020000 0.021667
2 0.730833 0.638333 0.019167 0.046667
3 0.688333 0.346667 0.017500 0.031667
2 0.540833 0.261667 0.009167 0.040000
2 0.513333 0.625000 0.048333 0.025000
3 0.360833 0.608333 0.010833 0.013333
3 0.797500 0.376667 0.017500 0.031667
2 0.681667 0.630000 0.034167 0.038333
2 0.553333 0.685000 0.020833 0.080000
3 0.591667 0.338333 0.007500 0.016667
2 0.740000 0.598333 0.020000 0.021667
3 0.782500 0.450000 0.008333 0.016667
3 0.733333 0.436667 0.009167 0.016667
3 0.528333 0.358333 0.011667 0.030000
3 0.745833 0.605000 0.013333 0.031667
3 0.799167 0.631667 0.007500 0.016667
3 0.756667 0.313333 0.007500 0.015000
3 0.403333 0.661667 0.009167 0.016667
3 0.675833 0.448333 0.017500 0.031667
2 0.662500 0.380000 0.009167 0.040000
2 0.787500 0.715000 0.011667 0.066667
2 0.693333 0.271667 0.020833 0.028333
3 0.246667 0.696667 0.009167 0.015000
2 0.185833 0.646667 0.020000 0.021667
2 0.510000 0.688333 0.020833 0.080000
3 0.155833 0.616667 0.010000 0.016667
3 0.294167 0.290000 0.007500 0.015000
2 0.530000 0.266667 0.015833 0.068333
3 0.695833 0.728333 0.008333 0.016667
2 0.471667 0.255000 0.020833 0.080000
3 0.679167 0.365000 0.007500 0.018333
2 0.530000 0.733333 0.020000 0.021667
3 0.494167 0.770000 0.013333 0.031667
2 0.403333 0.746667 0.048333 0.043333
2 0.480833 0.348333 0.035000 0.105000
2 0.301667 0.670000 0.013333 0.070000
2 0.457500 0.718333 0.013333 0.070000
2 0.719167 0.646667 0.013333 0.070000
2 0.678333 0.678333 0.009167 0.031667
3 0.720000 0.626667 0.007500 0.015000
2 0.251667 0.383333 0.048333 0.025000
3 0.751667 0.335000 0.010000 0.016667
2 0.700833 0.411667 0.027500 0.016667
2 0.750000 0.621667 0.026667 0.035000
2 0.668333 0.433333 0.023333 0.106667
2 0.705000 0.703333 0.011667 0.066667
3 0.796667 0.645000 0.009167 0.018333
3 0.830000 0.415000 0.007500 0.018333
2 0.471667 0.131667 0.009167 0.031667
3 0.283333 0.415000 0.017500 0.031667
2 0.785000 0.451667 0.021667 0.090000
3 0.689167 0.605000 0.007500 0.015000
2 0.336667 0.250000 0.013333 0.070000
2 0.645833 0.365000 0.009167 0.031667
2 0.404167 0.633333 0.097500 0.053333
2 0.685833 0.438333 0.010833 0.091667
2 0.698333 0.256667 0.010000 0.031667
2 0.342500 0.335000 0.020833 0.080000
2 0.444167 0.183333 0.097500 0.053333
2 0.269167 0.693333 0.021667 0.090000
2 0.665833 0.401667 0.023333 0.106667
3 0.227500 0.391667 0.014167 0.025000
3 0.357500 0.641667 0.009167 0.015000
3 0.638333 0.646667 0.013333 0.031667
2 0.706667 0.430000 0.048333 0.025000
2 0.700833 0.625000 0.011667 0.066667
2 0.435000 0.645000 0.010000 0.031667
2 0.593333 0.706667 0.020000 0.021667
2 0.272500 0.728333 0.022500 0.023333
3 0.255833 0.228333 0.007500 0.018333
2 0.275000 0.330000 0.097500 0.053333
2 0.821667 0.431667 0.023333 0.041667
2 0.408333 0.330000 0.035000 0.105000
3 0.193333 0.395000 0.009167 0.023333
2 0.253333 0.685000 0.011667 0.066667
3 0.649167 0.445000 0.009167 0.016667
2 0.675000 0.260000 0.058333 0.076667
3 0.734167 0.400000 0.009167 0.016667
3 0.473333 0.731667 0.006667 0.018333
2 0.344167 0.670000 0.010000 0.031667
3 0.290833 0.405000 0.009167 0.016667
2 0.735000 0.640000 0.010000 0.031667
2 0.744167 0.625000 0.019167 0.046667
3 0.528333 0.378333 0.008333 0.016667
3 0.300833 0.391667 0.007500 0.015000
3 0.756667 0.370000 0.010000 0.020000
3 0.245000 0.365000 0.009167 0.023333
2 0.643333 0.343333 0.017500 0.116667
2 0.551667 0.268333 0.045833 0.021667
2 0.391667 0.698333 0.011667 0.025000
2 0.766667 0.606667 0.048333 0.025000
3 0.635000 0.381667 0.014167 0.025000
2 0.307500 0.381667 0.026667 0.035000
3 0.300833 0.648333 0.007500 0.015000
2 0.376667 0.640000 0.034167 0.038333
2 0.639167 0.363333 0.045833 0.021667
3 0.676667 0.420000 0.013333 0.015000
2 0.765833 0.620000 0.013333 0.070000
3 0.525833 0.616667 0.010833 0.023333
2 0.510000 0.348333 0.011667 0.025000
2 0.640833 0.363333 0.048333 0.025000
2 0.620000 0.418333 0.034167 0.100000
3 0.772500 0.595000 0.007500 0.018333
2 0.383333 0.338333 0.097500 0.053333
2 0.295833 0.375000 0.034167 0.100000
3 0.425833 0.376667 0.010833 0.023333
3 0.525000 0.756667 0.007500 0.015000
2 0.445000 0.383333 0.014167 0.015000
3 0.605833 0.341667 0.014167 0.025000
3 0.389167 0.733333 0.009167 0.016667
3 0.657500 0.415000 0.014167 0.025000
3 0.313333 0.718333 0.007500 0.016667
2 0.491667 0.293333 0.035000 0.105000
2 0.746667 0.473333 0.013333 0.070000
3 0.728333 0.598333 0.007500 0.015000
3 0.305833 0.321667 0.008333 0.016667
3 0.488333 0.378333 0.007500 0.018333
2 0.532500 0.686667 0.022500 0.023333
2 0.309167 0.376667 0.019167 0.046667
3 0.705000 0.281667 0.010833 0.023333
2 0.780833 0.386667 0.045833 0.021667
3 0.690833 0.630000 0.010833 0.023333
2 0.339167 0.680000 0.021667 0.090000
3 0.691667 0.713333 0.008333 0.016667
3 0.485000 0.215000 0.008333 0.021667
2 0.635833 0.595000 0.035000 0.105000
3 0.396667 0.346667 0.010000 0.016667
3 0.634167 0.408333 0.008333 0.016667
2 0.720833 0.710000 0.029167 0.038333
2 0.462500 0.290000 0.011667 0.066667
2 0.665833 0.275000 0.048333 0.043333
3 0.724167 0.350000 0.010833 0.023333
3 0.506667 0.785000 0.010000 0.020000
3 0.636667 0.636667 0.008333 0.016667
3 0.322500 0.356667 0.008333 0.021667
2 0.704167 0.393333 0.048333 0.025000
2 0.770000 0.385000 0.020833 0.080000
3 0.768333 0.385000 0.008333 0.016667
3 0.748333 0.446667 0.010000 0.020000
3 0.330833 0.708333 0.009167 0.015000
2 0.640000 0.383333 0.021667 0.090000
2 0.294167 0.341667 0.030833 0.051667
3 0.316667 0.286667 0.011667 0.030000
2 0.665000 0.343333 0.011667 0.025000
2 0.740000 0.656667 0.020833 0.028333
3 0.387500 0.391667 0.007500 0.018333
3 0.413333 0.745000 0.013333 0.015000
2 0.221667 0.418333 0.011667 0.025000
2 0.179167 0.706667 0.058333 0.076667
2 0.331667 0.830000 0.029167 0.038333
3 0.813333 0.425000 0.008333 0.021667
2 0.635000 0.420000 0.030833 0.051667
3 0.758333 0.591667 0.007500 0.015000
3 0.776667 0.391667 0.009167 0.016667
2 0.566667 0.805000 0.013333 0.070000
2 0.271667 0.433333 0.027500 0.016667
2 0.595833 0.998333 0.019167 0.001667
3 0.439167 0.656667 0.007500 0.015000
3 0.770000 0.315000 0.008333 0.016667
2 0.611667 0.353333 0.021667 0.090000
3 0.655000 0.381667 0.007500 0.015000
3 0.606667 0.661667 0.008333 0.016667
2 0.809167 0.408333 0.009167 0.040000
3 0.436667 0.746667 0.009167 0.016667
3 0.742500 0.660000 0.007500 0.018333
2 0.403333 0.686667 0.023333 0.106667
3 0.495833 0.341667 0.007500 0.016667
2 0.583333 0.740000 0.045833 0.021667
3 0.438333 0.755000 0.010000 0.020000
3 0.240000 0.351667 0.007500 0.018333
3 0.691667 0.638333 0.007500 0.016667
2 0.237500 0.778333 0.058333 0.076667
2 0.295833 0.713333 0.034167 0.038333
3 0.450833 0.713333 0.007500 0.016667
3 0.811667 0.385000 0.007500 0.018333
2 0.700000 0.665000 0.017500 0.116667
2 0.775000 0.708333 0.048333 0.043333
3 0.406667 0.736667 0.009167 0.016667
3 0.714167 0.233333 0.010000 0.016667
2 0.612500 0.398333 0.021667 0.090000
3 0.688333 0.330000 0.008333 0.016667
