4 0.828333 0.518333 0.149167 0.148333
4 0.824167 0.618333 0.159167 0.161667
4 0.855833 0.376667 0.042500 0.033333
4 0.840833 0.335000 0.178333 0.281667
4 0.847500 0.576667 0.102500 0.110000
4 0.875833 0.545000 0.070000 0.050000
4 0.870833 0.761667 0.073333 0.208333
4 0.803333 0.533333 0.073333 0.028333
4 0.820000 0.611667 0.165000 0.086667
4 0.818333 0.526667 0.085833 0.173333
4 0.073333 0.466667 0.077500 0.145000
4 0.797500 0.538333 0.054167 0.058333
4 0.071667 0.460000 0.075833 0.095000
4 0.624167 0.580000 0.058333 0.106667
4 0.205833 0.548333 0.082500 0.016667
4 0.595000 0.461667 0.049167 0.095000
4 0.355833 0.525000 0.095833 0.028333
4 0.127500 0.446667 0.085000 0.168333
4 0.200833 0.480000 0.061667 0.100000
4 0.465833 0.661667 0.081667 0.240000
3 0.400000 0.558333 0.013333 0.015000
2 0.182500 0.565000 0.009167 0.040000
3 0.615000 0.616667 0.007500 0.018333
3 0.470833 0.500000 0.008333 0.016667
3 0.052500 0.576667 0.008333 0.021667
3 0.527500 0.471667 0.010833 0.013333
3 0.154167 0.588333 0.015833 0.051667
2 0.555833 0.545000 0.023333 0.106667
3 0.825000 0.516667 0.013333 0.031667
3 0.824167 0.565000 0.013333 0.015000
2 0.251667 0.508333 0.011667 0.025000
2 0.562500 0.565000 0.048333 0.043333
2 0.480000 0.533333 0.023333 0.106667
2 0.675000 0.531667 0.030833 0.051667
2 0.610833 0.456667 0.014167 0.015000
2 0.518333 0.476667 0.030833 0.051667
2 0.220833 0.521667 0.027500 0.016667
3 0.294167 0.500000 0.011667 0.020000
2 0.602500 0.450000 0.027500 0.016667
3 0.496667 0.545000 0.010833 0.023333
2 0.535833 0.448333 0.011667 0.025000
2 0.702500 0.583333 0.010000 0.031667
3 0.689167 0.550000 0.008333 0.016667
2 0.225000 0.445000 0.017500 0.116667
2 0.749167 0.500000 0.045833 0.021667
3 0.599167 0.605000 0.007500 0.018333
3 0.371667 0.488333 0.010000 0.020000
2 0.192500 0.510000 0.034167 0.038333
3 0.255000 0.463333 0.006667 0.018333
3 0.770000 0.466667 0.010833 0.023333
2 0.105000 0.520000 0.020833 0.028333
2 0.802500 0.580000 0.013333 0.070000
2 0.227500 0.588333 0.030833 0.051667
3 0.048333 0.476667 0.017500 0.031667
3 0.141667 0.450000 0.008333 0.021667
2 0.095000 0.495000 0.020000 0.021667
3 0.322500 0.536667 0.008333 0.016667
3 0.420833 0.550000 0.009167 0.023333
2 0.341667 0.456667 0.097500 0.053333
2 0.170833 0.505000 0.014167 0.015000
3 0.725000 0.515000 0.008333 0.016667
2 0.156667 0.533333 0.048333 0.043333
3 0.200000 0.488333 0.009167 0.016667
3 0.185833 0.551667 0.009167 0.023333
2 0.266667 0.545000 0.035000 0.105000
2 0.624167 0.545000 0.034167 0.038333
2 0.760833 0.488333 0.009167 0.040000
2 0.421667 0.620000 0.027500 0.016667
3 0.772500 0.546667 0.017500 0.031667
3 0.705833 0.550000 0.007500 0.015000
3 0.065000 0.558333 0.014167 0.025000
3 0.272500 0.583333 0.009167 0.018333
3 0.779167 0.511667 0.007500 0.016667
3 0.439167 0.495000 0.010000 0.020000
2 0.783333 0.531667 0.020000 0.021667
2 0.635000 0.503333 0.013333 0.070000
2 0.487500 0.541667 0.011667 0.066667
2 0.188333 0.561667 0.030833 0.051667
2 0.209167 0.426667 0.097500 0.053333
3 0.171667 0.455000 0.009167 0.016667
3 0.757500 0.583333 0.008333 0.016667
2 0.721667 0.538333 0.097500 0.053333
3 0.722500 0.551667 0.010000 0.020000
3 0.377500 0.580000 0.008333 0.016667
2 0.702500 0.466667 0.034167 0.038333
3 0.657500 0.471667 0.011667 0.020000
3 0.570833 0.503333 0.010833 0.013333
3 0.110000 0.580000 0.009167 0.016667
3 0.104167 0.525000 0.007500 0.018333
2 0.358333 0.545000 0.017500 0.116667
2 0.552500 0.565000 0.019167 0.046667
3 0.505833 0.588333 0.009167 0.018333
3 0.611667 0.493333 0.011667 0.020000
2 0.798333 0.563333 0.013333 0.070000
2 0.765833 0.471667 0.022500 0.023333
3 0.513333 0.466667 0.008333 0.016667
2 0.609167 0.531667 0.017500 0.116667
2 0.698333 0.485000 0.010000 0.031667
2 0.400833 0.580000 0.029167 0.038333
3 0.620000 0.523333 0.010833 0.013333
3 0.388333 0.581667 0.008333 0.021667
3 0.191667 0.543333 0.009167 0.018333
2 0.041667 0.540000 0.019167 0.046667
2 0.596667 0.530000 0.011667 0.025000
3 0.665833 0.571667 0.013333 0.015000
2 0.266667 0.605000 0.013333 0.070000
3 0.495000 0.428333 0.011667 0.020000
2 0.462500 0.520000 0.023333 0.041667
2 0.331667 0.580000 0.011667 0.025000
3 0.763333 0.538333 0.010000 0.020000
2 0.675000 0.583333 0.010000 0.031667
2 0.575000 0.555000 0.019167 0.046667
3 0.470000 0.435000 0.008333 0.016667
3 0.747500 0.541667 0.017500 0.031667
3 0.385833 0.480000 0.007500 0.015000
2 0.340833 0.573333 0.015833 0.068333
3 0.714167 0.525000 0.015833 0.051667
2 0.690000 0.515000 0.023333 0.106667
2 0.784167 0.520000 0.035000 0.105000
2 0.409167 0.515000 0.010000 0.031667
2 0.724167 0.451667 0.029167 0.038333
2 0.555833 0.526667 0.019167 0.046667
3 0.455000 0.356667 0.011667 0.030000
2 0.310833 0.365000 0.011667 0.066667
2 0.742500 0.361667 0.048333 0.043333
2 0.459167 0.381667 0.023333 0.041667
2 0.675833 0.338333 0.048333 0.043333
2 0.735833 0.653333 0.045833 0.021667
3 0.813333 0.403333 0.008333 0.016667
2 0.691667 0.696667 0.023333 0.106667
2 0.510000 0.321667 0.020833 0.028333
3 0.532500 0.355000 0.009167 0.015000
2 0.683333 0.656667 0.029167 0.038333
2 0.211667 0.400000 0.034167 0.038333
3 0.282500 0.641667 0.008333 0.016667
2 0.777500 0.378333 0.020000 0.021667
2 0.781667 0.603333 0.011667 0.025000
2 0.304167 0.780000 0.023333 0.106667
2 0.520000 0.323333 0.035000 0.105000
2 0.684167 0.666667 0.048333 0.043333
2 0.371667 0.778333 0.019167 0.046667
2 0.611667 0.661667 0.009167 0.040000
3 0.343333 0.233333 0.009167 0.016667
3 0.630000 0.356667 0.009167 0.016667
2 0.437500 0.311667 0.020833 0.028333
3 0.558333 0.211667 0.007500 0.018333
3 0.678333 0.661667 0.007500 0.015000
3 0.349167 0.683333 0.007500 0.015000
2 0.759167 0.588333 0.011667 0.066667
3 0.463333 0.690000 0.011667 0.020000
3 0.772500 0.421667 0.014167 0.025000
3 0.318333 0.411667 0.007500 0.015000
3 0.515833 0.601667 0.009167 0.016667
3 0.513333 0.706667 0.011667 0.030000
3 0.455833 0.280000 0.010833 0.023333
2 0.445833 0.363333 0.011667 0.025000
3 0.423333 0.371667 0.013333 0.031667
3 0.298333 0.400000 0.009167 0.023333
2 0.506667 0.311667 0.030833 0.051667
2 0.450833 0.656667 0.029167 0.038333
3 0.697500 0.618333 0.007500 0.015000
2 0.659167 0.390000 0.023333 0.041667
2 0.677500 0.705000 0.010833 0.091667
3 0.571667 0.758333 0.010833 0.023333
2 0.642500 0.723333 0.023333 0.106667
3 0.487500 0.861667 0.006667 0.018333
3 0.312500 0.390000 0.008333 0.021667
2 0.768333 0.698333 0.022500 0.023333
3 0.759167 0.363333 0.007500 0.016667
2 0.755000 0.375000 0.023333 0.041667
3 0.581667 0.645000 0.011667 0.020000
2 0.729167 0.406667 0.045833 0.021667
3 0.302500 0.746667 0.007500 0.016667
2 0.724167 0.328333 0.011667 0.066667
2 0.805000 0.355000 0.020833 0.080000
2 0.715000 0.658333 0.014167 0.015000
2 0.761667 0.395000 0.011667 0.025000
2 0.157500 0.411667 0.034167 0.100000
3 0.309167 0.398333 0.010833 0.023333
3 0.755000 0.383333 0.007500 0.015000
2 0.418333 0.645000 0.027500 0.016667
2 0.630000 0.678333 0.030833 0.051667
3 0.570833 0.715000 0.010833 0.013333
3 0.770833 0.363333 0.007500 0.018333
2 0.425000 0.390000 0.029167 0.038333
2 0.394167 0.696667 0.034167 0.038333
2 0.597500 0.310000 0.011667 0.066667
3 0.765833 0.591667 0.013333 0.015000
3 0.666667 0.340000 0.010000 0.016667
3 0.631667 0.650000 0.010000 0.016667
2 0.418333 0.713333 0.010000 0.031667
2 0.699167 0.761667 0.020833 0.080000
2 0.446667 0.276667 0.022500 0.023333
3 0.753333 0.615000 0.008333 0.016667
3 0.627500 0.325000 0.007500 0.015000
2 0.550833 0.738333 0.009167 0.040000
3 0.790000 0.351667 0.009167 0.016667
2 0.802500 0.615000 0.015833 0.068333
3 0.270833 0.693333 0.008333 0.021667
2 0.355000 0.750000 0.020833 0.080000
3 0.805833 0.641667 0.008333 0.016667
3 0.677500 0.403333 0.011667 0.030000
2 0.312500 0.375000 0.020000 0.021667
2 0.719167 0.376667 0.021667 0.090000
2 0.250833 0.263333 0.097500 0.053333
2 0.225833 0.378333 0.048333 0.025000
3 0.694167 0.691667 0.006667 0.018333
2 0.582500 0.735000 0.010000 0.031667
2 0.760833 0.668333 0.048333 0.043333
3 0.711667 0.685000 0.010833 0.023333
3 0.421667 0.655000 0.008333 0.016667
3 0.475000 0.168333 0.011667 0.020000
3 0.801667 0.371667 0.009167 0.018333
2 0.517500 0.378333 0.021667 0.090000
3 0.347500 0.351667 0.010833 0.023333
2 0.295000 0.228333 0.048333 0.043333
3 0.798333 0.633333 0.009167 0.016667
2 0.256667 0.791667 0.027500 0.016667
2 0.525000 0.998333 0.020833 0.001667
2 0.417500 0.673333 0.045833 0.021667
3 0.676667 0.631667 0.015833 0.051667
2 0.500000 0.271667 0.048333 0.043333
3 0.471667 0.121667 0.010000 0.016667
3 0.491667 0.340000 0.009167 0.023333
3 0.272500 0.345000 0.008333 0.016667
2 0.310833 0.745000 0.020833 0.080000
3 0.491667 0.780000 0.010000 0.020000
2 0.255000 0.795000 0.013333 0.070000
2 0.680000 0.375000 0.020000 0.021667
3 0.510833 0.276667 0.008333 0.016667
3 0.645833 0.631667 0.009167 0.015000
2 0.628333 0.341667 0.048333 0.043333
2 0.673333 0.576667 0.035000 0.105000
2 0.764167 0.700000 0.010000 0.031667
2 0.775833 0.710000 0.010000 0.031667
2 0.737500 0.701667 0.009167 0.031667
2 0.440000 0.705000 0.029167 0.038333
2 0.634167 0.631667 0.023333 0.041667
2 0.508333 0.353333 0.014167 0.015000
3 0.778333 0.663333 0.010000 0.020000
3 0.621667 0.291667 0.007500 0.015000
3 0.688333 0.705000 0.014167 0.025000
2 0.696667 0.430000 0.029167 0.038333
3 0.309167 0.386667 0.009167 0.023333
3 0.645833 0.356667 0.009167 0.016667
3 0.495833 0.325000 0.009167 0.015000
3 0.623333 0.366667 0.011667 0.030000
2 0.665833 0.453333 0.020833 0.080000
3 0.731667 0.346667 0.010000 0.020000
2 0.339167 0.291667 0.015833 0.068333
2 0.703333 0.371667 0.023333 0.106667
2 0.345000 0.691667 0.015833 0.068333
3 0.565000 0.441667 0.008333 0.016667
2 0.739167 0.673333 0.023333 0.041667
3 0.695000 0.630000 0.007500 0.015000
3 0.760833 0.688333 0.013333 0.015000
3 0.378333 0.358333 0.011667 0.020000
2 0.467500 0.615000 0.027500 0.016667
2 0.765833 0.415000 0.026667 0.035000
2 0.652500 0.600000 0.048333 0.043333
3 0.461667 0.706667 0.007500 0.018333
2 0.550000 0.215000 0.011667 0.066667
3 0.691667 0.668333 0.007500 0.015000
2 0.676667 0.345000 0.034167 0.038333
2 0.765000 0.431667 0.034167 0.100000
2 0.758333 0.603333 0.048333 0.043333
2 0.667500 0.683333 0.022500 0.023333
3 0.790833 0.656667 0.010000 0.016667
2 0.720000 0.373333 0.020833 0.080000
2 0.336667 0.661667 0.026667 0.035000
3 0.530833 0.703333 0.010833 0.013333
3 0.450833 0.785000 0.010000 0.020000
3 0.545833 0.645000 0.009167 0.016667
2 0.558333 0.273333 0.014167 0.015000
3 0.557500 0.213333 0.009167 0.016667
2 0.445000 0.745000 0.029167 0.038333
3 0.659167 0.406667 0.014167 0.025000
2 0.725000 0.428333 0.011667 0.025000
2 0.356667 0.635000 0.029167 0.038333
3 0.528333 0.625000 0.009167 0.023333
3 0.645833 0.355000 0.009167 0.018333
2 0.615000 0.356667 0.029167 0.038333
3 0.175833 0.403333 0.007500 0.018333
2 0.685833 0.611667 0.020000 0.021667
2 0.789167 0.351667 0.011667 0.066667
3 0.425833 0.725000 0.009167 0.023333
2 0.707500 0.411667 0.027500 0.016667
2 0.770000 0.693333 0.058333 0.076667
2 0.725833 0.436667 0.009167 0.031667
2 0.452500 0.275000 0.017500 0.116667
3 0.350833 0.331667 0.009167 0.015000
2 0.772500 0.651667 0.023333 0.041667
3 0.370000 0.405000 0.007500 0.015000
2 0.773333 0.356667 0.035000 0.105000
3 0.692500 0.628333 0.007500 0.015000
3 0.687500 0.370000 0.006667 0.018333
2 0.766667 0.636667 0.058333 0.076667
3 0.521667 0.675000 0.008333 0.021667
2 0.686667 0.760000 0.029167 0.038333
2 0.745000 0.416667 0.048333 0.025000
2 0.495000 0.280000 0.026667 0.035000
3 0.441667 0.771667 0.009167 0.016667
2 0.649167 0.331667 0.020000 0.021667
3 0.559167 0.425000 0.014167 0.025000
3 0.392500 0.691667 0.009167 0.016667
2 0.715000 0.591667 0.034167 0.038333
2 0.815000 0.411667 0.045833 0.021667
2 0.268333 0.278333 0.027500 0.016667
3 0.223333 0.425000 0.007500 0.015000
2 0.767500 0.648333 0.027500 0.016667
2 0.518333 0.410000 0.030833 0.051667
2 0.706667 0.376667 0.029167 0.038333
3 0.470833 0.123333 0.010833 0.023333
2 0.653333 0.328333 0.097500 0.053333
3 0.416667 0.678333 0.009167 0.018333
2 0.220000 0.405000 0.017500 0.116667
2 0.659167 0.710000 0.023333 0.106667
2 0.495833 0.336667 0.009167 0.031667
2 0.430833 0.855000 0.023333 0.106667
2 0.562500 0.641667 0.011667 0.066667
