4 0.868333 0.616667 0.121667 0.068333
4 0.885833 0.486667 0.055000 0.088333
4 0.860833 0.401667 0.050000 0.110000
4 0.820000 0.606667 0.045000 0.028333
4 0.835000 0.376667 0.072500 0.068333
4 0.760833 0.621667 0.320833 0.235000
4 0.839167 0.328333 0.049167 0.080000
4 0.824167 0.530000 0.102500 0.191667
4 0.800833 0.513333 0.192500 0.323333
4 0.853333 0.370000 0.065000 0.033333
4 0.615000 0.531667 0.030833 0.081667
4 0.697500 0.466667 0.048333 0.090000
4 0.145833 0.483333 0.200833 0.153333
4 0.101667 0.525000 0.145000 0.093333
4 0.790833 0.473333 0.061667 0.111667
4 0.065000 0.558333 0.124167 0.100000
4 0.324167 0.488333 0.035833 0.056667
4 0.240000 0.568333 0.045000 0.081667
4 0.308333 0.563333 0.065833 0.026667
4 0.468333 0.476667 0.085000 0.151667
3 0.152500 0.463333 0.010833 0.013333
2 0.478333 0.605000 0.023333 0.106667
2 0.160000 0.563333 0.020833 0.080000
3 0.372500 0.543333 0.006667 0.018333
3 0.192500 0.566667 0.008333 0.016667
2 0.625000 0.485000 0.020000 0.021667
2 0.624167 0.588333 0.023333 0.106667
2 0.491667 0.541667 0.045833 0.021667
3 0.584167 0.496667 0.008333 0.016667
3 0.458333 0.555000 0.008333 0.016667
2 0.367500 0.610000 0.013333 0.070000
2 0.038333 0.465000 0.048333 0.043333
2 0.030000 0.558333 0.020833 0.080000
3 0.260000 0.478333 0.007500 0.015000
3 0.826667 0.610000 0.009167 0.016667
3 0.320833 0.550000 0.010000 0.020000
3 0.259167 0.528333 0.007500 0.016667
3 0.146667 0.588333 0.010833 0.023333
3 0.484167 0.480000 0.008333 0.016667
3 0.166667 0.491667 0.007500 0.018333
3 0.432500 0.533333 0.010000 0.016667
2 0.720833 0.488333 0.029167 0.038333
3 0.522500 0.568333 0.009167 0.023333
2 0.263333 0.490000 0.009167 0.040000
2 0.688333 0.508333 0.026667 0.035000
3 0.663333 0.531667 0.008333 0.016667
3 0.509167 0.526667 0.009167 0.016667
3 0.075000 0.491667 0.011667 0.020000
3 0.605000 0.543333 0.009167 0.023333
3 0.085833 0.506667 0.009167 0.016667
2 0.618333 0.485000 0.034167 0.038333
2 0.470000 0.573333 0.017500 0.116667
3 0.155000 0.500000 0.007500 0.016667
2 0.481667 0.590000 0.009167 0.031667
2 0.190000 0.435000 0.015833 0.068333
3 0.675000 0.576667 0.008333 0.016667
2 0.056667 0.508333 0.097500 0.053333
2 0.820833 0.331667 0.020833 0.028333
2 0.090000 0.593333 0.030833 0.051667
3 0.319167 0.578333 0.009167 0.016667
2 0.268333 0.541667 0.034167 0.100000
3 0.235833 0.595000 0.008333 0.016667
2 0.355000 0.538333 0.030833 0.051667
2 0.535000 0.505000 0.020833 0.028333
2 0.238333 0.558333 0.022500 0.023333
3 0.308333 0.505000 0.009167 0.016667
2 0.478333 0.526667 0.021667 0.090000
2 0.439167 0.526667 0.009167 0.031667
3 0.360833 0.548333 0.008333 0.016667
3 0.128333 0.486667 0.007500 0.015000
2 0.820000 0.543333 0.020833 0.080000
3 0.508333 0.546667 0.011667 0.020000
2 0.140833 0.441667 0.015833 0.068333
3 0.323333 0.555000 0.010000 0.016667
2 0.531667 0.568333 0.020833 0.080000
2 0.189167 0.443333 0.009167 0.040000
2 0.454167 0.433333 0.048333 0.043333
2 0.255833 0.573333 0.013333 0.070000
2 0.010000 0.506667 0.019167 0.046667
2 0.376667 0.471667 0.015833 0.068333
3 0.030833 0.525000 0.009167 0.018333
2 0.601667 0.453333 0.010000 0.031667
3 0.228333 0.481667 0.007500 0.018333
2 0.295000 0.505000 0.017500 0.116667
2 0.817500 0.586667 0.023333 0.106667
2 0.595000 0.571667 0.058333 0.076667
3 0.198333 0.593333 0.013333 0.015000
3 0.580000 0.586667 0.015833 0.051667
2 0.450000 0.601667 0.023333 0.106667
3 0.416667 0.441667 0.009167 0.016667
2 0.818333 0.610000 0.022500 0.023333
2 0.709167 0.551667 0.045833 0.021667
3 0.208333 0.446667 0.015833 0.051667
3 0.401667 0.485000 0.011667 0.030000
2 0.751667 0.510000 0.011667 0.025000
2 0.543333 0.558333 0.020833 0.080000
3 0.495833 0.483333 0.007500 0.015000
3 0.462500 0.500000 0.007500 0.018333
3 0.451667 0.491667 0.007500 0.018333
3 0.678333 0.456667 0.007500 0.015000
2 0.754167 0.535000 0.097500 0.053333
3 0.267500 0.581667 0.008333 0.016667
2 0.662500 0.538333 0.020000 0.021667
3 0.643333 0.583333 0.010000 0.016667
2 0.494167 0.506667 0.020000 0.021667
3 0.247500 0.578333 0.007500 0.015000
3 0.663333 0.488333 0.011667 0.030000
2 0.735833 0.553333 0.013333 0.070000
3 0.032500 0.551667 0.009167 0.023333
3 0.595833 0.593333 0.009167 0.016667
3 0.279167 0.480000 0.009167 0.015000
2 0.029167 0.460000 0.027500 0.016667
2 0.140833 0.541667 0.017500 0.116667
3 0.207500 0.505000 0.009167 0.016667
3 0.742500 0.553333 0.014167 0.025000
2 0.644167 0.476667 0.020000 0.021667
2 0.820833 0.601667 0.020000 0.021667
2 0.276667 0.593333 0.022500 0.023333
2 0.433333 0.546667 0.023333 0.106667
2 0.708333 0.471667 0.097500 0.053333
3 0.023333 0.475000 0.013333 0.031667
3 0.550833 0.461667 0.013333 0.031667
3 0.795833 0.400000 0.010000 0.020000
3 0.405000 0.761667 0.015833 0.051667
2 0.258333 0.730000 0.027500 0.016667
3 0.768333 0.373333 0.009167 0.016667
3 0.649167 0.445000 0.009167 0.016667
3 0.596667 0.581667 0.011667 0.030000
3 0.321667 0.696667 0.009167 0.018333
2 0.698333 0.375000 0.010000 0.031667
2 0.687500 0.328333 0.030833 0.051667
3 0.738333 0.658333 0.009167 0.018333
2 0.755000 0.638333 0.034167 0.038333
3 0.435833 0.330000 0.007500 0.018333
2 0.682500 0.640000 0.017500 0.116667
2 0.677500 0.343333 0.009167 0.031667
2 0.625833 0.356667 0.045833 0.021667
2 0.318333 0.340000 0.010000 0.031667
3 0.758333 0.591667 0.008333 0.016667
2 0.788333 0.633333 0.015833 0.068333
3 0.320000 0.263333 0.014167 0.025000
2 0.466667 0.300000 0.027500 0.016667
3 0.669167 0.660000 0.008333 0.016667
2 0.385000 0.351667 0.020833 0.080000
3 0.720000 0.428333 0.014167 0.025000
3 0.754167 0.315000 0.013333 0.031667
2 0.776667 0.398333 0.029167 0.038333
3 0.404167 0.658333 0.007500 0.015000
2 0.628333 0.406667 0.020000 0.021667
2 0.525833 0.365000 0.023333 0.041667
2 0.319167 0.373333 0.048333 0.025000
2 0.301667 0.695000 0.011667 0.066667
2 0.666667 0.371667 0.048333 0.025000
3 0.300000 0.675000 0.011667 0.020000
2 0.809167 0.398333 0.058333 0.076667
3 0.308333 0.405000 0.006667 0.018333
2 0.221667 0.331667 0.013333 0.070000
3 0.785833 0.690000 0.009167 0.023333
3 0.340000 0.386667 0.007500 0.015000
2 0.422500 0.673333 0.034167 0.100000
3 0.444167 0.671667 0.009167 0.016667
2 0.433333 0.711667 0.029167 0.038333
2 0.714167 0.601667 0.010000 0.031667
3 0.485000 0.753333 0.010833 0.023333
2 0.745000 0.643333 0.010833 0.091667
3 0.470833 0.361667 0.008333 0.021667
2 0.550000 0.688333 0.019167 0.046667
3 0.550833 0.420000 0.007500 0.016667
3 0.739167 0.603333 0.006667 0.018333
2 0.649167 0.661667 0.048333 0.025000
2 0.424167 0.323333 0.048333 0.025000
3 0.816667 0.623333 0.009167 0.023333
2 0.160000 0.401667 0.026667 0.035000
3 0.493333 0.331667 0.006667 0.018333
3 0.413333 0.745000 0.013333 0.015000
3 0.674167 0.720000 0.011667 0.020000
3 0.552500 0.673333 0.017500 0.031667
2 0.480833 0.290000 0.020833 0.080000
3 0.539167 0.733333 0.010000 0.020000
2 0.665833 0.636667 0.020833 0.080000
3 0.746667 0.408333 0.013333 0.015000
2 0.515000 0.433333 0.034167 0.100000
3 0.376667 0.798333 0.009167 0.023333
3 0.425000 0.710000 0.008333 0.016667
2 0.349167 0.613333 0.020833 0.080000
3 0.802500 0.371667 0.007500 0.016667
2 0.241667 0.345000 0.015833 0.068333
2 0.170000 0.381667 0.020833 0.028333
2 0.697500 0.301667 0.020833 0.080000
3 0.754167 0.648333 0.007500 0.015000
3 0.316667 0.791667 0.008333 0.016667
3 0.546667 0.418333 0.009167 0.018333
2 0.287500 0.780000 0.045833 0.021667
3 0.695833 0.663333 0.007500 0.018333
2 0.665000 0.330000 0.011667 0.066667
2 0.232500 0.366667 0.034167 0.038333
3 0.758333 0.406667 0.009167 0.015000
2 0.678333 0.613333 0.017500 0.116667
3 0.330833 0.680000 0.006667 0.018333
3 0.575833 0.615000 0.007500 0.015000
3 0.530000 0.650000 0.010000 0.016667
2 0.750000 0.306667 0.017500 0.116667
2 0.650000 0.328333 0.097500 0.053333
3 0.386667 0.380000 0.008333 0.021667
2 0.698333 0.365000 0.029167 0.038333
2 0.551667 0.651667 0.019167 0.046667
2 0.674167 0.365000 0.020833 0.080000
3 0.248333 0.400000 0.008333 0.016667
3 0.511667 0.360000 0.007500 0.015000
2 0.634167 0.408333 0.017500 0.116667
2 0.763333 0.380000 0.017500 0.116667
2 0.627500 0.666667 0.027500 0.016667
3 0.185833 0.653333 0.008333 0.016667
2 0.715833 0.403333 0.015833 0.068333
3 0.535000 0.410000 0.007500 0.018333
2 0.415833 0.371667 0.023333 0.106667
3 0.558333 0.320000 0.007500 0.016667
3 0.427500 0.356667 0.009167 0.015000
3 0.643333 0.401667 0.009167 0.015000
2 0.302500 0.350000 0.027500 0.016667
2 0.665000 0.386667 0.010833 0.091667
3 0.285000 0.266667 0.006667 0.018333
3 0.805000 0.641667 0.009167 0.016667
2 0.766667 0.425000 0.030833 0.051667
2 0.346667 0.653333 0.035000 0.105000
3 0.441667 0.711667 0.007500 0.015000
2 0.241667 0.731667 0.034167 0.100000
3 0.167500 0.388333 0.010833 0.013333
3 0.338333 0.370000 0.010000 0.016667
3 0.423333 0.363333 0.007500 0.015000
2 0.231667 0.875000 0.030833 0.051667
3 0.780833 0.376667 0.010833 0.023333
3 0.681667 0.621667 0.017500 0.031667
3 0.547500 0.316667 0.006667 0.018333
2 0.296667 0.680000 0.048333 0.043333
3 0.472500 0.335000 0.007500 0.015000
3 0.775833 0.421667 0.010000 0.020000
2 0.649167 0.695000 0.027500 0.016667
2 0.221667 0.461667 0.010833 0.091667
2 0.733333 0.806667 0.034167 0.100000
3 0.636667 0.620000 0.007500 0.018333
2 0.766667 0.593333 0.020000 0.021667
2 0.712500 0.338333 0.020833 0.080000
3 0.313333 0.720000 0.007500 0.018333
2 0.665000 0.365000 0.023333 0.041667
3 0.315833 0.685000 0.010000 0.016667
2 0.758333 0.393333 0.021667 0.090000
3 0.585000 0.188333 0.010833 0.023333
2 0.663333 0.366667 0.026667 0.035000
2 0.320833 0.326667 0.020833 0.080000
3 0.523333 0.711667 0.009167 0.023333
2 0.670833 0.618333 0.010000 0.031667
2 0.615833 0.413333 0.058333 0.076667
2 0.420000 0.750000 0.027500 0.016667
2 0.478333 0.303333 0.020833 0.028333
3 0.768333 0.373333 0.009167 0.016667
3 0.733333 0.595000 0.008333 0.016667
3 0.595833 0.323333 0.014167 0.025000
3 0.470000 0.830000 0.017500 0.031667
2 0.774167 0.388333 0.014167 0.015000
2 0.673333 0.283333 0.013333 0.070000
3 0.722500 0.443333 0.007500 0.018333
3 0.519167 0.665000 0.009167 0.016667
2 0.796667 0.391667 0.014167 0.015000
3 0.725833 0.601667 0.013333 0.031667
2 0.538333 0.691667 0.034167 0.100000
2 0.472500 0.250000 0.034167 0.038333
3 0.485833 0.445000 0.007500 0.016667
3 0.694167 0.636667 0.008333 0.016667
3 0.690833 0.711667 0.009167 0.016667
3 0.781667 0.385000 0.007500 0.018333
2 0.612500 0.316667 0.009167 0.040000
3 0.743333 0.671667 0.010000 0.016667
2 0.641667 0.430000 0.013333 0.070000
2 0.250000 0.381667 0.014167 0.015000
2 0.374167 0.386667 0.026667 0.035000
2 0.270000 0.258333 0.017500 0.116667
3 0.684167 0.421667 0.010000 0.016667
2 0.581667 0.680000 0.010833 0.091667
3 0.521667 0.668333 0.007500 0.015000
3 0.459167 0.405000 0.010833 0.023333
3 0.450833 0.786667 0.009167 0.016667
2 0.642500 0.396667 0.011667 0.025000
3 0.574167 0.173333 0.010000 0.016667
2 0.764167 0.375000 0.009167 0.040000
2 0.791667 0.326667 0.034167 0.038333
3 0.330833 0.866667 0.017500 0.031667
2 0.200833 0.640000 0.011667 0.066667
2 0.536667 0.690000 0.019167 0.046667
3 0.822500 0.436667 0.007500 0.018333
3 0.547500 0.653333 0.013333 0.015000
3 0.807500 0.433333 0.008333 0.016667
2 0.457500 0.383333 0.026667 0.035000
2 0.564167 0.668333 0.020000 0.021667
3 0.620000 0.650000 0.015833 0.051667
3 0.320833 0.345000 0.011667 0.020000
3 0.351667 0.435000 0.008333 0.021667
3 0.548333 0.720000 0.014167 0.025000
3 0.313333 0.640000 0.010833 0.013333
2 0.738333 0.700000 0.027500 0.016667
2 0.265000 0.371667 0.009167 0.040000
3 0.600833 0.751667 0.011667 0.030000
2 0.767500 0.731667 0.010833 0.091667
3 0.605833 0.381667 0.009167 0.016667
3 0.757500 0.336667 0.008333 0.021667
2 0.323333 0.685000 0.013333 0.070000
2 0.475000 0.146667 0.011667 0.066667
3 0.779167 0.603333 0.009167 0.018333
2 0.550833 0.646667 0.009167 0.040000
2 0.306667 0.350000 0.023333 0.041667
3 0.378333 0.381667 0.017500 0.031667
2 0.735833 0.653333 0.097500 0.053333
3 0.450000 0.731667 0.007500 0.018333
3 0.515833 0.811667 0.008333 0.016667
3 0.344167 0.671667 0.010000 0.020000
2 0.300833 0.713333 0.026667 0.035000
3 0.820833 0.390000 0.009167 0.016667
2 0.674167 0.646667 0.015833 0.068333
3 0.310000 0.368333 0.007500 0.015000
2 0.525833 0.378333 0.026667 0.035000
