4 0.830000 0.498333 0.181667 0.091667
4 0.804167 0.636667 0.161667 0.378333
4 0.869167 0.463333 0.059167 0.088333
4 0.855833 0.405000 0.099167 0.135000
4 0.850000 0.578333 0.094167 0.031667
4 0.794167 0.471667 0.099167 0.125000
4 0.881667 0.551667 0.065000 0.100000
4 0.875000 0.620000 0.051667 0.108333
4 0.816667 0.471667 0.093333 0.075000
4 0.866667 0.428333 0.061667 0.055000
4 0.132500 0.605000 0.073333 0.073333
4 0.055833 0.518333 0.111667 0.048333
4 0.295000 0.540000 0.074167 0.051667
4 0.097500 0.485000 0.195833 0.248333
4 0.150833 0.453333 0.045000 0.065000
4 0.128333 0.556667 0.089167 0.081667
4 0.366667 0.428333 0.233333 0.158333
4 0.215833 0.500000 0.150000 0.065000
4 0.208333 0.581667 0.280833 0.125000
4 0.797500 0.495000 0.065833 0.090000
2 0.458333 0.585000 0.034167 0.038333
2 0.155000 0.450000 0.020833 0.028333
2 0.293333 0.596667 0.022500 0.023333
3 0.325833 0.463333 0.008333 0.016667
2 0.642500 0.520000 0.030833 0.051667
2 0.377500 0.543333 0.034167 0.100000
2 0.130000 0.601667 0.009167 0.031667
2 0.349167 0.488333 0.035000 0.105000
2 0.309167 0.550000 0.045833 0.021667
3 0.557500 0.491667 0.009167 0.016667
2 0.777500 0.491667 0.045833 0.021667
2 0.362500 0.470000 0.034167 0.038333
2 0.764167 0.473333 0.010000 0.031667
2 0.762500 0.515000 0.021667 0.090000
2 0.650833 0.506667 0.048333 0.025000
3 0.435000 0.545000 0.008333 0.021667
3 0.555000 0.533333 0.014167 0.025000
2 0.179167 0.563333 0.030833 0.051667
2 0.101667 0.603333 0.022500 0.023333
2 0.469167 0.525000 0.026667 0.035000
2 0.345833 0.518333 0.034167 0.038333
2 0.771667 0.476667 0.011667 0.025000
2 0.669167 0.505000 0.022500 0.023333
2 0.558333 0.580000 0.034167 0.038333
2 0.659167 0.556667 0.010833 0.091667
3 0.386667 0.553333 0.015833 0.051667
3 0.416667 0.591667 0.017500 0.031667
2 0.793333 0.580000 0.030833 0.051667
3 0.716667 0.556667 0.009167 0.015000
3 0.228333 0.570000 0.009167 0.016667
2 0.549167 0.481667 0.009167 0.031667
3 0.532500 0.471667 0.007500 0.016667
2 0.067500 0.543333 0.023333 0.106667
3 0.290000 0.558333 0.009167 0.016667
3 0.459167 0.450000 0.009167 0.016667
3 0.194167 0.541667 0.008333 0.016667
3 0.176667 0.550000 0.007500 0.018333
2 0.605833 0.638333 0.023333 0.106667
2 0.624167 0.491667 0.013333 0.070000
2 0.719167 0.560000 0.020833 0.028333
3 0.808333 0.611667 0.008333 0.021667
2 0.030833 0.578333 0.026667 0.035000
3 0.824167 0.530000 0.009167 0.016667
2 0.740000 0.506667 0.029167 0.038333
3 0.824167 0.551667 0.017500 0.031667
2 0.221667 0.448333 0.010000 0.031667
2 0.683333 0.511667 0.020833 0.080000
3 0.496667 0.473333 0.011667 0.020000
2 0.274167 0.555000 0.009167 0.031667
2 0.667500 0.548333 0.011667 0.025000
3 0.570833 0.571667 0.010000 0.016667
3 0.656667 0.486667 0.007500 0.015000
3 0.193333 0.436667 0.010000 0.020000
3 0.550833 0.498333 0.007500 0.015000
2 0.474167 0.425000 0.009167 0.040000
3 0.790000 0.516667 0.007500 0.016667
2 0.150833 0.471667 0.020000 0.021667
3 0.635000 0.453333 0.010833 0.013333
3 0.284167 0.511667 0.008333 0.016667
2 0.750833 0.483333 0.013333 0.070000
3 0.662500 0.546667 0.006667 0.018333
2 0.289167 0.501667 0.009167 0.031667
2 0.702500 0.561667 0.021667 0.090000
3 0.541667 0.453333 0.009167 0.016667
2 0.012500 0.505000 0.025833 0.038333
2 0.450000 0.548333 0.097500 0.053333
3 0.120833 0.560000 0.008333 0.016667
2 0.258333 0.596667 0.022500 0.023333
2 0.108333 0.510000 0.014167 0.015000
3 0.030833 0.513333 0.010833 0.013333
2 0.422500 0.473333 0.020000 0.021667
2 0.326667 0.530000 0.030833 0.051667
3 0.811667 0.461667 0.011667 0.030000
2 0.734167 0.490000 0.097500 0.053333
3 0.657500 0.586667 0.008333 0.016667
3 0.748333 0.461667 0.009167 0.015000
2 0.138333 0.516667 0.058333 0.076667
3 0.400833 0.590000 0.014167 0.025000
2 0.440000 0.481667 0.058333 0.076667
3 0.019167 0.523333 0.008333 0.016667
3 0.325833 0.493333 0.008333 0.016667
3 0.645833 0.526667 0.008333 0.016667
2 0.041667 0.521667 0.020000 0.021667
3 0.450000 0.493333 0.014167 0.025000
3 0.128333 0.490000 0.007500 0.018333
3 0.022500 0.515000 0.008333 0.016667
3 0.068333 0.465000 0.008333 0.016667
2 0.591667 0.581667 0.058333 0.076667
3 0.820833 0.595000 0.013333 0.015000
3 0.135833 0.541667 0.011667 0.020000
2 0.500000 0.555000 0.015833 0.068333
2 0.612500 0.598333 0.019167 0.046667
2 0.245000 0.445000 0.027500 0.016667
3 0.190833 0.553333 0.006667 0.018333
3 0.241667 0.503333 0.006667 0.018333
3 0.062500 0.538333 0.015833 0.051667
3 0.591667 0.568333 0.011667 0.020000
3 0.275833 0.445000 0.007500 0.016667
3 0.678333 0.528333 0.007500 0.015000
3 0.146667 0.516667 0.014167 0.025000
2 0.364167 0.465000 0.014167 0.015000
2 0.095000 0.460000 0.020833 0.080000
3 0.173333 0.638333 0.008333 0.016667
2 0.652500 0.348333 0.058333 0.076667
2 0.671667 0.715000 0.048333 0.025000
3 0.821667 0.388333 0.007500 0.016667
2 0.721667 0.646667 0.097500 0.053333
2 0.775833 0.406667 0.020833 0.080000
2 0.526667 0.596667 0.009167 0.040000
3 0.312500 0.720000 0.009167 0.016667
2 0.420000 0.758333 0.021667 0.090000
3 0.624167 0.340000 0.007500 0.015000
3 0.790833 0.395000 0.007500 0.018333
2 0.704167 0.701667 0.014167 0.015000
2 0.250000 0.761667 0.014167 0.015000
3 0.704167 0.405000 0.007500 0.015000
2 0.724167 0.608333 0.009167 0.040000
2 0.381667 0.388333 0.020000 0.021667
2 0.432500 0.688333 0.020833 0.080000
2 0.420833 0.390000 0.013333 0.070000
2 0.790833 0.413333 0.020000 0.021667
3 0.749167 0.446667 0.007500 0.016667
2 0.545000 0.445000 0.021667 0.090000
2 0.686667 0.708333 0.027500 0.016667
2 0.385833 0.756667 0.011667 0.025000
2 0.832500 0.455000 0.010833 0.091667
2 0.584167 0.331667 0.048333 0.025000
2 0.668333 0.611667 0.097500 0.053333
2 0.820000 0.410000 0.027500 0.016667
2 0.420833 0.710000 0.013333 0.070000
3 0.783333 0.390000 0.014167 0.025000
3 0.300000 0.738333 0.006667 0.018333
3 0.456667 0.281667 0.009167 0.023333
2 0.386667 0.745000 0.009167 0.040000
2 0.640833 0.416667 0.048333 0.043333
2 0.640000 0.626667 0.009167 0.040000
3 0.580000 0.761667 0.009167 0.023333
2 0.543333 0.673333 0.021667 0.090000
2 0.750000 0.345000 0.030833 0.051667
3 0.710000 0.998333 0.009167 0.001667
2 0.648333 0.333333 0.045833 0.021667
2 0.619167 0.360000 0.020000 0.021667
2 0.673333 0.406667 0.020833 0.080000
2 0.255000 0.608333 0.035000 0.105000
3 0.554167 0.998333 0.010833 0.001667
3 0.789167 0.681667 0.011667 0.020000
2 0.826667 0.408333 0.020000 0.021667
3 0.491667 0.758333 0.010833 0.013333
2 0.568333 0.431667 0.020833 0.080000
3 0.753333 0.368333 0.007500 0.015000
2 0.657500 0.705000 0.048333 0.043333
3 0.456667 0.801667 0.008333 0.016667
2 0.579167 0.650000 0.010000 0.031667
3 0.421667 0.365000 0.010833 0.023333
2 0.806667 0.638333 0.022500 0.023333
3 0.444167 0.345000 0.007500 0.015000
2 0.431667 0.370000 0.020000 0.021667
3 0.406667 0.751667 0.013333 0.015000
2 0.788333 0.415000 0.010000 0.031667
3 0.776667 0.661667 0.013333 0.015000
2 0.359167 0.625000 0.023333 0.041667
3 0.704167 0.721667 0.009167 0.016667
3 0.565000 0.441667 0.007500 0.018333
2 0.495000 0.813333 0.034167 0.038333
2 0.448333 0.298333 0.097500 0.053333
2 0.511667 0.201667 0.020833 0.080000
2 0.304167 0.273333 0.009167 0.040000
2 0.227500 0.643333 0.023333 0.041667
3 0.307500 0.803333 0.015833 0.051667
3 0.170833 0.401667 0.007500 0.018333
2 0.752500 0.643333 0.020833 0.080000
3 0.534167 0.736667 0.010833 0.023333
3 0.597500 0.578333 0.009167 0.016667
2 0.510000 0.286667 0.048333 0.043333
2 0.645000 0.670000 0.010833 0.091667
3 0.380000 0.358333 0.008333 0.016667
2 0.749167 0.443333 0.020833 0.080000
3 0.753333 0.641667 0.010833 0.013333
2 0.258333 0.288333 0.026667 0.035000
3 0.702500 0.616667 0.009167 0.016667
3 0.701667 0.343333 0.009167 0.016667
3 0.251667 0.391667 0.007500 0.015000
2 0.769167 0.720000 0.022500 0.023333
2 0.285833 0.796667 0.023333 0.106667
3 0.575833 0.616667 0.007500 0.015000
3 0.498333 0.270000 0.009167 0.023333
2 0.393333 0.670000 0.022500 0.023333
3 0.311667 0.376667 0.014167 0.025000
2 0.545000 0.311667 0.034167 0.038333
2 0.330000 0.323333 0.009167 0.031667
2 0.770833 0.586667 0.015833 0.068333
2 0.169167 0.373333 0.020833 0.080000
2 0.299167 0.370000 0.045833 0.021667
3 0.753333 0.706667 0.009167 0.018333
2 0.764167 0.311667 0.019167 0.046667
3 0.535000 0.300000 0.007500 0.018333
3 0.725000 0.428333 0.011667 0.020000
3 0.485833 0.860000 0.009167 0.018333
2 0.275833 0.246667 0.027500 0.016667
2 0.527500 0.306667 0.022500 0.023333
3 0.230833 0.398333 0.008333 0.016667
3 0.701667 0.273333 0.008333 0.016667
2 0.654167 0.315000 0.009167 0.040000
3 0.692500 0.753333 0.008333 0.016667
2 0.775833 0.726667 0.034167 0.038333
2 0.309167 0.380000 0.022500 0.023333
3 0.739167 0.416667 0.008333 0.016667
2 0.560000 0.656667 0.030833 0.051667
2 0.293333 0.400000 0.023333 0.041667
2 0.559167 0.301667 0.013333 0.070000
2 0.650833 0.625000 0.020833 0.080000
3 0.361667 0.615000 0.009167 0.023333
3 0.335833 0.235000 0.015833 0.051667
2 0.641667 0.431667 0.048333 0.043333
2 0.610833 0.601667 0.035000 0.105000
2 0.551667 0.695000 0.020833 0.080000
2 0.269167 0.640000 0.097500 0.053333
2 0.477500 0.725000 0.009167 0.040000
2 0.550000 0.418333 0.010000 0.031667
2 0.151667 0.643333 0.022500 0.023333
2 0.732500 0.626667 0.034167 0.100000
2 0.483333 0.758333 0.027500 0.016667
3 0.697500 0.718333 0.008333 0.016667
3 0.774167 0.338333 0.017500 0.031667
2 0.157500 0.411667 0.030833 0.051667
2 0.279167 0.261667 0.017500 0.116667
3 0.640833 0.705000 0.014167 0.025000
3 0.358333 0.318333 0.009167 0.023333
3 0.650000 0.623333 0.007500 0.018333
3 0.318333 0.640000 0.006667 0.018333
3 0.716667 0.385000 0.010000 0.016667
2 0.686667 0.618333 0.026667 0.035000
2 0.360833 0.605000 0.011667 0.025000
3 0.444167 0.346667 0.008333 0.016667
3 0.390833 0.380000 0.009167 0.015000
2 0.270833 0.741667 0.026667 0.035000
2 0.326667 0.658333 0.022500 0.023333
2 0.670833 0.401667 0.011667 0.066667
2 0.744167 0.636667 0.021667 0.090000
3 0.791667 0.345000 0.006667 0.018333
3 0.453333 0.723333 0.009167 0.016667
2 0.355833 0.753333 0.010000 0.031667
2 0.490000 0.355000 0.021667 0.090000
2 0.670833 0.628333 0.029167 0.038333
2 0.684167 0.623333 0.019167 0.046667
3 0.624167 0.361667 0.009167 0.016667
3 0.339167 0.370000 0.008333 0.016667
2 0.436667 0.756667 0.009167 0.031667
3 0.442500 0.738333 0.006667 0.018333
2 0.716667 0.405000 0.020833 0.080000
2 0.745833 0.351667 0.097500 0.053333
3 0.317500 0.730000 0.009167 0.015000
3 0.758333 0.366667 0.009167 0.023333
2 0.620000 0.610000 0.058333 0.076667
2 0.745000 0.335000 0.013333 0.070000
3 0.421667 0.398333 0.010833 0.023333
3 0.318333 0.370000 0.009167 0.016667
2 0.651667 0.431667 0.026667 0.035000
2 0.230000 0.668333 0.011667 0.025000
2 0.695000 0.998333 0.058333 0.001667
2 0.485000 0.788333 0.030833 0.051667
3 0.695833 0.610000 0.008333 0.016667
3 0.305000 0.148333 0.007500 0.018333
2 0.398333 0.875000 0.097500 0.053333
3 0.458333 0.658333 0.014167 0.025000
2 0.749167 0.376667 0.045833 0.021667
3 0.275000 0.418333 0.008333 0.021667
3 0.757500 0.370000 0.007500 0.018333
3 0.657500 0.658333 0.007500 0.015000
3 0.694167 0.713333 0.013333 0.031667
2 0.461667 0.681667 0.011667 0.066667
3 0.761667 0.408333 0.013333 0.031667
2 0.331667 0.613333 0.020833 0.080000
2 0.642500 0.438333 0.020000 0.021667
2 0.405833 0.675000 0.017500 0.116667
2 0.281667 0.738333 0.034167 0.100000
3 0.515833 0.810000 0.007500 0.015000
2 0.750000 0.606667 0.010000 0.031667
3 0.451667 0.783333 0.007500 0.015000
3 0.525000 0.358333 0.009167 0.016667
2 0.316667 0.356667 0.014167 0.015000
3 0.630000 0.656667 0.010000 0.016667
2 0.326667 0.230000 0.011667 0.025000
3 0.440833 0.793333 0.009167 0.016667
2 0.316667 0.711667 0.011667 0.066667
3 0.253333 0.226667 0.013333 0.015000
3 0.485000 0.376667 0.011667 0.020000
2 0.734167 0.693333 0.014167 0.015000
3 0.663333 0.390000 0.006667 0.018333
3 0.798333 0.395000 0.008333 0.016667
3 0.676667 0.393333 0.008333 0.016667
3 0.550000 0.651667 0.017500 0.031667
3 0.295833 0.283333 0.007500 0.015000
3 0.350833 0.738333 0.009167 0.016667
3 0.466667 0.138333 0.008333 0.016667
2 0.528333 0.328333 0.010833 0.091667
2 0.533333 0.383333 0.014167 0.015000
3 0.216667 0.685000 0.013333 0.015000
3 0.747500 0.643333 0.013333 0.031667
3 0.775000 0.343333 0.009167 0.023333
