4 0.821667 0.568333 0.048333 0.086667
4 0.807500 0.475000 0.116667 0.130000
4 0.836667 0.568333 0.065833 0.025000
4 0.790000 0.396667 0.146667 0.208333
4 0.814167 0.586667 0.064167 0.041667
4 0.800833 0.466667 0.175833 0.161667
4 0.793333 0.430000 0.137500 0.106667
4 0.813333 0.481667 0.083333 0.068333
4 0.870000 0.506667 0.125000 0.083333
4 0.860833 0.536667 0.109167 0.030000
4 0.229167 0.646667 0.193333 0.231667
4 0.184167 0.450000 0.062500 0.065000
4 0.518333 0.468333 0.063333 0.095000
4 0.534167 0.576667 0.065833 0.071667
4 0.083333 0.531667 0.166667 0.098333
4 0.029167 0.458333 0.059167 0.200000
4 0.494167 0.668333 0.222500 0.281667
4 0.241667 0.548333 0.048333 0.045000
4 0.044167 0.481667 0.073333 0.073333
4 0.406667 0.533333 0.101667 0.055000
3 0.162500 0.518333 0.009167 0.018333
2 0.786667 0.481667 0.045833 0.021667
2 0.154167 0.490000 0.097500 0.053333
3 0.820833 0.680000 0.010000 0.016667
2 0.780833 0.493333 0.013333 0.070000
3 0.470833 0.500000 0.007500 0.018333
3 0.699167 0.460000 0.007500 0.016667
2 0.130833 0.451667 0.011667 0.066667
3 0.050000 0.486667 0.009167 0.015000
3 0.041667 0.570000 0.007500 0.015000
2 0.528333 0.581667 0.013333 0.070000
2 0.041667 0.576667 0.017500 0.116667
2 0.082500 0.518333 0.048333 0.043333
3 0.268333 0.531667 0.015833 0.051667
2 0.492500 0.433333 0.022500 0.023333
2 0.395000 0.518333 0.034167 0.038333
3 0.350833 0.580000 0.008333 0.016667
2 0.290000 0.566667 0.058333 0.076667
2 0.108333 0.570000 0.013333 0.070000
2 0.462500 0.590000 0.021667 0.090000
2 0.073333 0.470000 0.015833 0.068333
2 0.449167 0.506667 0.017500 0.116667
3 0.514167 0.516667 0.008333 0.016667
3 0.608333 0.543333 0.007500 0.015000
3 0.500833 0.533333 0.010000 0.016667
3 0.175000 0.556667 0.009167 0.016667
2 0.464167 0.553333 0.011667 0.025000
2 0.790833 0.565000 0.027500 0.016667
2 0.612500 0.608333 0.027500 0.016667
3 0.520833 0.513333 0.010000 0.016667
3 0.433333 0.620000 0.007500 0.015000
3 0.430000 0.521667 0.009167 0.016667
2 0.661667 0.541667 0.023333 0.106667
2 0.802500 0.541667 0.009167 0.040000
2 0.665833 0.505000 0.029167 0.038333
2 0.328333 0.623333 0.009167 0.031667
2 0.716667 0.456667 0.011667 0.025000
3 0.559167 0.543333 0.009167 0.016667
3 0.668333 0.561667 0.007500 0.015000
2 0.645833 0.566667 0.020833 0.080000
3 0.060833 0.568333 0.007500 0.018333
3 0.666667 0.548333 0.008333 0.016667
3 0.144167 0.576667 0.011667 0.020000
3 0.480000 0.586667 0.009167 0.018333
3 0.769167 0.488333 0.009167 0.016667
3 0.824167 0.603333 0.017500 0.031667
3 0.386667 0.506667 0.007500 0.018333
2 0.100000 0.540000 0.020833 0.028333
2 0.324167 0.581667 0.019167 0.046667
3 0.526667 0.510000 0.011667 0.020000
2 0.577500 0.508333 0.019167 0.046667
3 0.358333 0.480000 0.009167 0.016667
2 0.285833 0.608333 0.023333 0.106667
3 0.230000 0.455000 0.015833 0.051667
3 0.824167 0.646667 0.007500 0.015000
2 0.078333 0.590000 0.022500 0.023333
2 0.014167 0.536667 0.022500 0.023333
3 0.465833 0.460000 0.007500 0.015000
2 0.785833 0.511667 0.014167 0.015000
3 0.805000 0.570000 0.013333 0.031667
2 0.471667 0.441667 0.009167 0.040000
3 0.457500 0.431667 0.007500 0.015000
3 0.279167 0.536667 0.009167 0.015000
2 0.250833 0.473333 0.011667 0.066667
2 0.231667 0.436667 0.019167 0.046667
2 0.187500 0.471667 0.020833 0.080000
2 0.471667 0.533333 0.048333 0.025000
2 0.037500 0.576667 0.013333 0.070000
2 0.311667 0.513333 0.030833 0.051667
3 0.385000 0.581667 0.013333 0.015000
3 0.208333 0.511667 0.008333 0.016667
3 0.504167 0.566667 0.007500 0.018333
2 0.195000 0.556667 0.045833 0.021667
2 0.512500 0.548333 0.022500 0.023333
2 0.200000 0.563333 0.034167 0.038333
3 0.175000 0.518333 0.007500 0.018333
3 0.769167 0.493333 0.011667 0.020000
2 0.738333 0.475000 0.011667 0.025000
2 0.517500 0.550000 0.027500 0.016667
2 0.585000 0.585000 0.026667 0.035000
3 0.692500 0.556667 0.006667 0.018333
2 0.480833 0.418333 0.048333 0.043333
2 0.134167 0.553333 0.045833 0.021667
2 0.670000 0.470000 0.029167 0.038333
3 0.290833 0.531667 0.013333 0.031667
2 0.312500 0.531667 0.011667 0.066667
3 0.443333 0.515000 0.011667 0.020000
3 0.390000 0.466667 0.007500 0.018333
2 0.430000 0.596667 0.030833 0.051667
3 0.159167 0.481667 0.011667 0.030000
3 0.218333 0.586667 0.009167 0.023333
2 0.169167 0.533333 0.010833 0.091667
2 0.554167 0.531667 0.015833 0.068333
2 0.526667 0.545000 0.020833 0.080000
3 0.031667 0.490000 0.009167 0.015000
2 0.406667 0.536667 0.009167 0.040000
2 0.235000 0.526667 0.009167 0.031667
2 0.774167 0.611667 0.010833 0.091667
3 0.270000 0.470000 0.010833 0.013333
3 0.714167 0.521667 0.008333 0.016667
2 0.576667 0.600000 0.013333 0.070000
2 0.780833 0.553333 0.045833 0.021667
2 0.549167 0.596667 0.058333 0.076667
3 0.357500 0.741667 0.008333 0.016667
2 0.476667 0.320000 0.010833 0.091667
2 0.764167 0.390000 0.021667 0.090000
3 0.542500 0.695000 0.007500 0.016667
3 0.742500 0.348333 0.009167 0.023333
3 0.735833 0.693333 0.013333 0.031667
2 0.454167 0.378333 0.013333 0.070000
2 0.490833 0.323333 0.011667 0.025000
2 0.555000 0.168333 0.048333 0.043333
2 0.483333 0.858333 0.014167 0.015000
2 0.285833 0.771667 0.023333 0.106667
2 0.275000 0.428333 0.020833 0.028333
2 0.305000 0.696667 0.015833 0.068333
3 0.644167 0.675000 0.010833 0.013333
2 0.323333 0.670000 0.020833 0.028333
2 0.346667 0.835000 0.014167 0.015000
3 0.600000 0.706667 0.009167 0.016667
2 0.765833 0.705000 0.013333 0.070000
3 0.334167 0.655000 0.008333 0.021667
3 0.434167 0.758333 0.007500 0.018333
3 0.540833 0.998333 0.008333 0.001667
3 0.256667 0.396667 0.008333 0.021667
3 0.615833 0.396667 0.007500 0.018333
3 0.741667 0.285000 0.010833 0.023333
2 0.668333 0.660000 0.027500 0.016667
2 0.277500 0.651667 0.014167 0.015000
3 0.529167 0.391667 0.009167 0.016667
3 0.332500 0.418333 0.008333 0.016667
2 0.766667 0.598333 0.011667 0.066667
2 0.613333 0.763333 0.011667 0.025000
2 0.309167 0.796667 0.048333 0.043333
3 0.304167 0.291667 0.010000 0.020000
2 0.315833 0.725000 0.021667 0.090000
3 0.786667 0.336667 0.007500 0.015000
3 0.365833 0.703333 0.006667 0.018333
3 0.495000 0.341667 0.010000 0.020000
2 0.367500 0.756667 0.010833 0.091667
2 0.302500 0.428333 0.030833 0.051667
2 0.328333 0.330000 0.027500 0.016667
2 0.780833 0.580000 0.009167 0.040000
3 0.481667 0.778333 0.008333 0.016667
2 0.287500 0.301667 0.009167 0.040000
3 0.786667 0.375000 0.010000 0.016667
2 0.635000 0.613333 0.011667 0.025000
3 0.292500 0.870000 0.015833 0.051667
2 0.764167 0.396667 0.058333 0.076667
2 0.609167 0.388333 0.058333 0.076667
3 0.725833 0.793333 0.007500 0.015000
2 0.270833 0.263333 0.058333 0.076667
3 0.237500 0.335000 0.009167 0.016667
2 0.782500 0.380000 0.015833 0.068333
2 0.530833 0.303333 0.020000 0.021667
2 0.585000 0.735000 0.048333 0.025000
3 0.582500 0.740000 0.009167 0.023333
2 0.507500 0.405000 0.019167 0.046667
2 0.410000 0.176667 0.035000 0.105000
2 0.697500 0.638333 0.048333 0.043333
2 0.580833 0.413333 0.017500 0.116667
2 0.279167 0.701667 0.029167 0.038333
2 0.545000 0.353333 0.027500 0.016667
2 0.751667 0.713333 0.020000 0.021667
2 0.193333 0.670000 0.026667 0.035000
3 0.499167 0.268333 0.008333 0.016667
2 0.722500 0.456667 0.030833 0.051667
3 0.640833 0.435000 0.008333 0.016667
2 0.232500 0.825000 0.023333 0.041667
3 0.768333 0.695000 0.009167 0.018333
2 0.135833 0.661667 0.023333 0.106667
2 0.355000 0.636667 0.020833 0.080000
3 0.637500 0.390000 0.009167 0.016667
3 0.710000 0.628333 0.008333 0.016667
2 0.317500 0.666667 0.030833 0.051667
3 0.306667 0.725000 0.010000 0.020000
3 0.696667 0.365000 0.009167 0.016667
3 0.310000 0.776667 0.011667 0.030000
3 0.355000 0.370000 0.009167 0.023333
2 0.665833 0.621667 0.048333 0.043333
2 0.483333 0.716667 0.010000 0.031667
2 0.755000 0.623333 0.058333 0.076667
3 0.706667 0.266667 0.015833 0.051667
3 0.735000 0.645000 0.014167 0.025000
3 0.344167 0.231667 0.007500 0.018333
2 0.786667 0.416667 0.009167 0.031667
2 0.720833 0.353333 0.017500 0.116667
3 0.275833 0.665000 0.007500 0.016667
2 0.673333 0.660000 0.017500 0.116667
3 0.485000 0.371667 0.010833 0.013333
2 0.490000 0.638333 0.058333 0.076667
3 0.684167 0.428333 0.010000 0.016667
3 0.218333 0.670000 0.007500 0.015000
3 0.518333 0.263333 0.009167 0.018333
3 0.454167 0.788333 0.009167 0.016667
3 0.711667 0.673333 0.006667 0.018333
3 0.668333 0.403333 0.008333 0.021667
2 0.746667 0.631667 0.023333 0.041667
3 0.331667 0.728333 0.010833 0.013333
2 0.777500 0.643333 0.011667 0.066667
3 0.615000 0.365000 0.009167 0.018333
3 0.633333 0.391667 0.008333 0.016667
3 0.783333 0.596667 0.013333 0.015000
2 0.576667 0.650000 0.014167 0.015000
2 0.152500 0.666667 0.020833 0.080000
3 0.240833 0.370000 0.008333 0.016667
3 0.574167 0.616667 0.011667 0.020000
2 0.595833 0.653333 0.023333 0.106667
2 0.519167 0.641667 0.097500 0.053333
3 0.240000 0.370000 0.009167 0.018333
2 0.336667 0.278333 0.020833 0.080000
2 0.736667 0.253333 0.009167 0.040000
3 0.772500 0.656667 0.017500 0.031667
2 0.648333 0.480000 0.010833 0.091667
3 0.704167 0.325000 0.010000 0.016667
3 0.749167 0.446667 0.007500 0.015000
3 0.346667 0.348333 0.013333 0.015000
2 0.306667 0.416667 0.023333 0.106667
3 0.329167 0.801667 0.008333 0.016667
3 0.738333 0.691667 0.007500 0.018333
3 0.411667 0.693333 0.009167 0.023333
3 0.806667 0.631667 0.007500 0.015000
2 0.680000 0.693333 0.020833 0.080000
3 0.699167 0.688333 0.008333 0.016667
2 0.640833 0.425000 0.048333 0.025000
2 0.406667 0.676667 0.011667 0.025000
2 0.248333 0.651667 0.048333 0.025000
2 0.783333 0.390000 0.015833 0.068333
3 0.742500 0.383333 0.015833 0.051667
3 0.630833 0.641667 0.008333 0.016667
3 0.668333 0.398333 0.017500 0.031667
2 0.305000 0.453333 0.027500 0.016667
2 0.657500 0.380000 0.017500 0.116667
3 0.755000 0.608333 0.007500 0.016667
3 0.702500 0.375000 0.013333 0.031667
3 0.781667 0.448333 0.010000 0.020000
3 0.325833 0.708333 0.007500 0.016667
2 0.530000 0.336667 0.058333 0.076667
2 0.334167 0.641667 0.020833 0.028333
2 0.456667 0.855000 0.026667 0.035000
2 0.334167 0.841667 0.011667 0.066667
2 0.471667 0.740000 0.009167 0.031667
3 0.572500 0.401667 0.013333 0.031667
3 0.484167 0.718333 0.008333 0.016667
3 0.361667 0.396667 0.009167 0.016667
3 0.440833 0.653333 0.010000 0.016667
2 0.540000 0.410000 0.030833 0.051667
3 0.644167 0.403333 0.008333 0.016667
2 0.473333 0.220000 0.017500 0.116667
2 0.748333 0.621667 0.048333 0.025000
3 0.290833 0.278333 0.008333 0.021667
3 0.636667 0.636667 0.008333 0.016667
2 0.412500 0.743333 0.029167 0.038333
2 0.652500 0.668333 0.020833 0.080000
2 0.269167 0.396667 0.019167 0.046667
2 0.325000 0.853333 0.029167 0.038333
2 0.678333 0.365000 0.009167 0.031667
3 0.780833 0.675000 0.008333 0.016667
2 0.725000 0.605000 0.010000 0.031667
3 0.314167 0.760000 0.008333 0.016667
3 0.443333 0.805000 0.007500 0.018333
2 0.588333 0.611667 0.009167 0.040000
3 0.765000 0.381667 0.015833 0.051667
3 0.665000 0.663333 0.008333 0.021667
2 0.640000 0.361667 0.020833 0.028333
3 0.571667 0.393333 0.014167 0.025000
2 0.280000 0.725000 0.011667 0.066667
3 0.655000 0.333333 0.007500 0.015000
2 0.766667 0.640000 0.011667 0.025000
3 0.677500 0.663333 0.010000 0.020000
2 0.733333 0.401667 0.027500 0.016667
2 0.728333 0.360000 0.034167 0.100000
2 0.739167 0.771667 0.013333 0.070000
3 0.694167 0.665000 0.008333 0.016667
3 0.508333 0.823333 0.008333 0.016667
2 0.497500 0.783333 0.045833 0.021667
2 0.443333 0.343333 0.034167 0.038333
3 0.326667 0.391667 0.009167 0.016667
2 0.328333 0.870000 0.023333 0.106667
2 0.414167 0.761667 0.048333 0.025000
3 0.552500 0.645000 0.011667 0.030000
2 0.594167 0.313333 0.011667 0.066667
3 0.777500 0.606667 0.015833 0.051667
2 0.698333 0.305000 0.035000 0.105000
2 0.394167 0.393333 0.030833 0.051667
3 0.325833 0.303333 0.008333 0.016667
3 0.731667 0.723333 0.008333 0.016667
3 0.756667 0.371667 0.009167 0.016667
3 0.352500 0.310000 0.007500 0.015000
3 0.546667 0.685000 0.008333 0.016667
3 0.728333 0.621667 0.006667 0.018333
2 0.582500 0.746667 0.009167 0.031667
3 0.175833 0.403333 0.008333 0.016667
2 0.696667 0.313333 0.029167 0.038333
2 0.671667 0.323333 0.019167 0.046667
3 0.559167 0.343333 0.009167 0.016667
2 0.462500 0.325000 0.023333 0.041667
2 0.259167 0.803333 0.023333 0.106667
3 0.691667 0.661667 0.009167 0.023333
3 0.745000 0.608333 0.011667 0.020000
