4 0.780000 0.636667 0.231667 0.161667
4 0.847500 0.650000 0.118333 0.076667
4 0.894167 0.405000 0.044167 0.065000
4 0.901667 0.533333 0.034167 0.051667
4 0.846667 0.478333 0.100000 0.085000
4 0.839167 0.615000 0.092500 0.070000
4 0.806667 0.701667 0.071667 0.180000
4 0.783333 0.565000 0.196667 0.223333
4 0.913333 0.553333 0.038333 0.086667
4 0.798333 0.511667 0.143333 0.233333
4 0.567500 0.560000 0.092500 0.118333
4 0.403333 0.496667 0.157500 0.141667
4 0.034167 0.443333 0.068333 0.178333
4 0.436667 0.505000 0.063333 0.081667
4 0.613333 0.578333 0.112500 0.081667
4 0.600833 0.480000 0.040000 0.076667
4 0.031667 0.358333 0.063333 0.370000
4 0.722500 0.698333 0.167500 0.385000
4 0.165000 0.558333 0.050833 0.046667
4 0.074167 0.503333 0.081667 0.048333
2 0.486667 0.536667 0.020833 0.028333
2 0.414167 0.528333 0.020833 0.080000
2 0.125000 0.590000 0.010833 0.091667
2 0.671667 0.490000 0.034167 0.100000
2 0.585833 0.563333 0.048333 0.043333
2 0.670000 0.581667 0.020000 0.021667
3 0.341667 0.561667 0.010833 0.023333
3 0.334167 0.525000 0.009167 0.023333
2 0.312500 0.620000 0.048333 0.025000
3 0.540833 0.568333 0.006667 0.018333
3 0.429167 0.475000 0.007500 0.016667
3 0.368333 0.525000 0.009167 0.023333
2 0.161667 0.468333 0.020000 0.021667
3 0.268333 0.471667 0.008333 0.016667
2 0.395000 0.483333 0.009167 0.031667
3 0.112500 0.483333 0.013333 0.015000
2 0.387500 0.500000 0.045833 0.021667
3 0.161667 0.481667 0.015833 0.051667
3 0.748333 0.461667 0.010000 0.016667
3 0.336667 0.440000 0.010000 0.020000
3 0.335000 0.511667 0.007500 0.015000
2 0.091667 0.515000 0.014167 0.015000
3 0.601667 0.466667 0.009167 0.016667
3 0.265000 0.500000 0.010000 0.016667
2 0.280833 0.538333 0.034167 0.100000
3 0.111667 0.461667 0.008333 0.016667
2 0.633333 0.488333 0.009167 0.040000
2 0.785000 0.590000 0.010833 0.091667
2 0.607500 0.621667 0.013333 0.070000
2 0.783333 0.606667 0.097500 0.053333
3 0.138333 0.573333 0.009167 0.015000
3 0.420000 0.446667 0.008333 0.016667
2 0.619167 0.581667 0.034167 0.100000
2 0.626667 0.571667 0.034167 0.100000
3 0.771667 0.473333 0.007500 0.018333
2 0.087500 0.560000 0.009167 0.031667
2 0.700000 0.475000 0.045833 0.021667
2 0.119167 0.456667 0.034167 0.038333
3 0.152500 0.501667 0.008333 0.016667
2 0.817500 0.693333 0.010833 0.091667
3 0.241667 0.556667 0.008333 0.016667
2 0.421667 0.493333 0.023333 0.106667
3 0.785000 0.480000 0.014167 0.025000
2 0.154167 0.430000 0.045833 0.021667
3 0.431667 0.485000 0.008333 0.016667
3 0.267500 0.491667 0.013333 0.031667
2 0.783333 0.515000 0.058333 0.076667
2 0.153333 0.578333 0.034167 0.038333
2 0.706667 0.533333 0.013333 0.070000
2 0.019167 0.561667 0.010833 0.091667
2 0.400000 0.465000 0.019167 0.046667
3 0.291667 0.566667 0.009167 0.016667
2 0.766667 0.525000 0.027500 0.016667
2 0.078333 0.588333 0.026667 0.035000
3 0.378333 0.493333 0.007500 0.018333
2 0.520833 0.553333 0.023333 0.041667
3 0.457500 0.560000 0.007500 0.015000
3 0.140833 0.476667 0.013333 0.015000
2 0.795833 0.478333 0.011667 0.025000
3 0.654167 0.548333 0.007500 0.015000
3 0.337500 0.470000 0.017500 0.031667
2 0.245000 0.565000 0.019167 0.046667
3 0.649167 0.483333 0.007500 0.016667
3 0.819167 0.656667 0.011667 0.020000
3 0.255000 0.596667 0.010000 0.020000
2 0.526667 0.468333 0.015833 0.068333
2 0.415833 0.618333 0.034167 0.100000
2 0.285833 0.453333 0.014167 0.015000
3 0.040000 0.471667 0.017500 0.031667
3 0.812500 0.601667 0.011667 0.030000
2 0.016667 0.496667 0.023333 0.041667
3 0.410833 0.521667 0.009167 0.023333
3 0.495833 0.493333 0.006667 0.018333
3 0.400833 0.513333 0.009167 0.016667
2 0.365000 0.496667 0.019167 0.046667
3 0.618333 0.613333 0.008333 0.016667
3 0.734167 0.541667 0.008333 0.016667
3 0.029167 0.523333 0.009167 0.016667
2 0.699167 0.518333 0.048333 0.025000
2 0.312500 0.496667 0.030833 0.051667
3 0.125833 0.531667 0.008333 0.021667
3 0.035000 0.486667 0.014167 0.025000
2 0.379167 0.455000 0.048333 0.043333
2 0.134167 0.585000 0.014167 0.015000
2 0.124167 0.533333 0.034167 0.038333
3 0.310000 0.521667 0.008333 0.016667
2 0.153333 0.446667 0.015833 0.068333
3 0.202500 0.513333 0.008333 0.016667
2 0.377500 0.515000 0.023333 0.106667
2 0.441667 0.465000 0.058333 0.076667
2 0.640000 0.583333 0.022500 0.023333
3 0.240833 0.441667 0.007500 0.015000
3 0.602500 0.591667 0.007500 0.015000
3 0.829167 0.483333 0.008333 0.016667
2 0.375000 0.453333 0.058333 0.076667
2 0.754167 0.533333 0.026667 0.035000
2 0.240833 0.488333 0.020833 0.080000
2 0.492500 0.426667 0.015833 0.068333
2 0.786667 0.550000 0.020000 0.021667
2 0.227500 0.458333 0.015833 0.068333
3 0.663333 0.531667 0.007500 0.015000
2 0.088333 0.536667 0.021667 0.090000
3 0.438333 0.848333 0.008333 0.016667
2 0.648333 0.396667 0.035000 0.105000
3 0.460833 0.708333 0.009167 0.016667
3 0.524167 0.756667 0.010000 0.016667
3 0.683333 0.423333 0.010833 0.023333
3 0.639167 0.411667 0.008333 0.016667
2 0.334167 0.316667 0.015833 0.068333
2 0.790833 0.411667 0.011667 0.025000
3 0.323333 0.176667 0.007500 0.018333
2 0.609167 0.356667 0.020833 0.028333
2 0.645000 0.330000 0.035000 0.105000
3 0.427500 0.356667 0.009167 0.015000
3 0.830000 0.415000 0.008333 0.016667
2 0.664167 0.331667 0.020833 0.080000
2 0.271667 0.260000 0.014167 0.015000
3 0.247500 0.703333 0.008333 0.021667
2 0.600833 0.303333 0.020833 0.028333
3 0.584167 0.361667 0.011667 0.020000
3 0.440833 0.738333 0.009167 0.016667
3 0.386667 0.765000 0.009167 0.016667
3 0.800000 0.376667 0.008333 0.021667
3 0.662500 0.415000 0.007500 0.018333
3 0.717500 0.431667 0.007500 0.018333
3 0.724167 0.690000 0.015833 0.051667
2 0.280000 0.301667 0.030833 0.051667
3 0.708333 0.433333 0.011667 0.020000
2 0.316667 0.448333 0.010833 0.091667
2 0.543333 0.641667 0.014167 0.015000
2 0.618333 0.380000 0.009167 0.031667
2 0.704167 0.353333 0.023333 0.041667
2 0.496667 0.776667 0.029167 0.038333
3 0.678333 0.650000 0.010833 0.023333
2 0.470000 0.353333 0.009167 0.040000
3 0.640833 0.381667 0.011667 0.030000
3 0.425833 0.670000 0.008333 0.021667
3 0.707500 0.281667 0.006667 0.018333
3 0.618333 0.646667 0.008333 0.016667
3 0.638333 0.355000 0.010833 0.023333
2 0.325833 0.693333 0.019167 0.046667
3 0.661667 0.436667 0.007500 0.015000
3 0.500000 0.670000 0.006667 0.018333
3 0.704167 0.371667 0.009167 0.015000
2 0.405000 0.733333 0.058333 0.076667
3 0.686667 0.368333 0.007500 0.016667
2 0.649167 0.606667 0.020833 0.080000
3 0.695000 0.621667 0.013333 0.031667
3 0.432500 0.678333 0.008333 0.021667
2 0.754167 0.405000 0.017500 0.116667
3 0.707500 0.443333 0.008333 0.021667
3 0.427500 0.751667 0.013333 0.015000
3 0.645833 0.650000 0.010000 0.020000
3 0.779167 0.411667 0.007500 0.018333
2 0.418333 0.701667 0.020833 0.028333
3 0.340000 0.713333 0.007500 0.015000
3 0.307500 0.675000 0.007500 0.018333
3 0.721667 0.378333 0.009167 0.018333
2 0.455833 0.788333 0.045833 0.021667
2 0.350833 0.768333 0.021667 0.090000
3 0.805833 0.640000 0.007500 0.018333
3 0.623333 0.341667 0.010000 0.020000
3 0.688333 0.420000 0.007500 0.015000
2 0.322500 0.220000 0.034167 0.038333
3 0.322500 0.178333 0.009167 0.023333
3 0.720833 0.648333 0.007500 0.015000
3 0.630833 0.376667 0.007500 0.015000
3 0.495833 0.258333 0.013333 0.031667
2 0.740000 0.808333 0.021667 0.090000
2 0.311667 0.755000 0.010833 0.091667
2 0.241667 0.705000 0.020833 0.080000
2 0.555000 0.998333 0.009167 0.001667
2 0.682500 0.685000 0.030833 0.051667
3 0.760000 0.643333 0.007500 0.018333
2 0.640000 0.660000 0.011667 0.066667
2 0.622500 0.651667 0.045833 0.021667
2 0.351667 0.308333 0.010000 0.031667
3 0.304167 0.718333 0.014167 0.025000
3 0.797500 0.393333 0.009167 0.015000
2 0.516667 0.328333 0.010833 0.091667
2 0.722500 0.748333 0.020833 0.080000
2 0.576667 0.183333 0.027500 0.016667
2 0.470000 0.846667 0.020833 0.080000
3 0.323333 0.765000 0.010833 0.023333
2 0.688333 0.636667 0.097500 0.053333
3 0.620000 0.676667 0.009167 0.016667
3 0.513333 0.423333 0.008333 0.016667
3 0.630833 0.383333 0.009167 0.018333
2 0.523333 0.371667 0.023333 0.106667
3 0.680000 0.395000 0.010000 0.020000
2 0.620000 0.328333 0.010833 0.091667
2 0.676667 0.700000 0.010833 0.091667
2 0.380833 0.671667 0.011667 0.066667
2 0.720833 0.590000 0.020833 0.080000
3 0.550833 0.195000 0.006667 0.018333
2 0.292500 0.388333 0.020833 0.028333
3 0.272500 0.290000 0.010833 0.023333
2 0.212500 0.325000 0.030833 0.051667
3 0.799167 0.641667 0.010000 0.016667
3 0.524167 0.350000 0.007500 0.016667
3 0.225000 0.410000 0.007500 0.018333
2 0.569167 0.268333 0.011667 0.025000
2 0.686667 0.415000 0.011667 0.025000
2 0.641667 0.358333 0.009167 0.040000
2 0.533333 0.350000 0.026667 0.035000
2 0.814167 0.396667 0.022500 0.023333
2 0.726667 0.638333 0.010000 0.031667
3 0.700833 0.666667 0.007500 0.016667
3 0.637500 0.638333 0.014167 0.025000
2 0.672500 0.346667 0.020833 0.028333
3 0.656667 0.371667 0.011667 0.020000
3 0.796667 0.365000 0.014167 0.025000
2 0.692500 0.330000 0.010000 0.031667
2 0.362500 0.748333 0.021667 0.090000
2 0.661667 0.621667 0.097500 0.053333
3 0.633333 0.423333 0.017500 0.031667
2 0.640833 0.366667 0.020833 0.080000
3 0.273333 0.321667 0.008333 0.016667
3 0.316667 0.685000 0.008333 0.016667
3 0.320833 0.261667 0.007500 0.015000
2 0.313333 0.726667 0.048333 0.043333
3 0.441667 0.370000 0.017500 0.031667
2 0.645000 0.396667 0.034167 0.100000
2 0.627500 0.313333 0.058333 0.076667
2 0.620833 0.435000 0.034167 0.100000
2 0.463333 0.136667 0.014167 0.015000
2 0.732500 0.683333 0.097500 0.053333
2 0.734167 0.565000 0.035000 0.105000
3 0.689167 0.383333 0.010833 0.013333
2 0.313333 0.216667 0.009167 0.031667
3 0.349167 0.836667 0.009167 0.016667
2 0.300833 0.770000 0.019167 0.046667
2 0.780833 0.595000 0.017500 0.116667
2 0.235833 0.863333 0.022500 0.023333
2 0.155833 0.615000 0.010000 0.031667
2 0.785000 0.385000 0.010833 0.091667
3 0.825833 0.416667 0.009167 0.016667
2 0.478333 0.375000 0.014167 0.015000
3 0.439167 0.325000 0.017500 0.031667
2 0.211667 0.703333 0.020833 0.080000
2 0.354167 0.431667 0.013333 0.070000
2 0.743333 0.616667 0.023333 0.106667
2 0.838333 0.355000 0.020833 0.080000
3 0.684167 0.331667 0.011667 0.020000
2 0.734167 0.313333 0.097500 0.053333
2 0.755000 0.620000 0.034167 0.100000
2 0.376667 0.346667 0.020833 0.080000
2 0.285833 0.280000 0.027500 0.016667
3 0.523333 0.711667 0.009167 0.023333
3 0.586667 0.370000 0.007500 0.016667
3 0.570000 0.378333 0.014167 0.025000
2 0.504167 0.703333 0.048333 0.043333
2 0.800000 0.393333 0.034167 0.038333
2 0.773333 0.395000 0.019167 0.046667
3 0.706667 0.606667 0.011667 0.030000
2 0.685000 0.666667 0.023333 0.041667
3 0.315833 0.790000 0.010000 0.020000
2 0.709167 0.475000 0.013333 0.070000
2 0.294167 0.393333 0.017500 0.116667
2 0.630833 0.596667 0.020833 0.080000
2 0.255000 0.608333 0.035000 0.105000
2 0.701667 0.708333 0.030833 0.051667
3 0.595000 0.338333 0.015833 0.051667
3 0.459167 0.868333 0.011667 0.030000
3 0.689167 0.605000 0.007500 0.018333
3 0.330833 0.643333 0.014167 0.025000
3 0.355833 0.403333 0.009167 0.015000
2 0.687500 0.585000 0.011667 0.066667
2 0.266667 0.350000 0.021667 0.090000
2 0.518333 0.366667 0.023333 0.106667
3 0.307500 0.663333 0.009167 0.016667
3 0.696667 0.733333 0.007500 0.015000
2 0.691667 0.275000 0.034167 0.038333
3 0.768333 0.373333 0.010000 0.020000
2 0.283333 0.216667 0.097500 0.053333
2 0.699167 0.635000 0.048333 0.043333
2 0.665000 0.620000 0.058333 0.076667
2 0.702500 0.343333 0.020833 0.080000
3 0.640000 0.660000 0.011667 0.020000
3 0.719167 0.420000 0.010000 0.020000
2 0.663333 0.388333 0.097500 0.053333
2 0.215000 0.631667 0.014167 0.015000
2 0.775000 0.706667 0.030833 0.051667
3 0.318333 0.411667 0.007500 0.015000
3 0.510833 0.290000 0.007500 0.015000
3 0.385000 0.650000 0.015833 0.051667
3 0.646667 0.411667 0.008333 0.016667
2 0.381667 0.356667 0.011667 0.066667
2 0.723333 0.398333 0.010000 0.031667
3 0.315000 0.708333 0.017500 0.031667
3 0.398333 0.383333 0.015833 0.051667
2 0.530833 0.186667 0.045833 0.021667
3 0.691667 0.631667 0.009167 0.023333
2 0.662500 0.678333 0.035000 0.105000
3 0.671667 0.625000 0.008333 0.021667
2 0.315000 0.721667 0.010833 0.091667
3 0.245000 0.355000 0.008333 0.016667
2 0.305000 0.670000 0.026667 0.035000
3 0.742500 0.593333 0.014167 0.025000
2 0.347500 0.296667 0.011667 0.025000
