4 0.825000 0.668333 0.092500 0.173333
4 0.722500 0.491667 0.292500 0.155000
4 0.870000 0.505000 0.052500 0.111667
4 0.837500 0.446667 0.074167 0.065000
4 0.876667 0.508333 0.064167 0.063333
4 0.889167 0.470000 0.073333 0.016667
4 0.799167 0.516667 0.140000 0.275000
4 0.780833 0.398333 0.199167 0.285000
4 0.841667 0.408333 0.086667 0.050000
4 0.691667 0.443333 0.292500 0.215000
4 0.093333 0.600000 0.124167 0.143333
4 0.688333 0.476667 0.074167 0.045000
4 0.430833 0.578333 0.130833 0.076667
4 0.115000 0.725000 0.230833 0.371667
4 0.431667 0.388333 0.121667 0.228333
4 0.770833 0.461667 0.099167 0.126667
4 0.329167 0.505000 0.065833 0.065000
4 0.290833 0.423333 0.215833 0.306667
4 0.719167 0.543333 0.049167 0.093333
4 0.537500 0.500000 0.155833 0.178333
3 0.185833 0.495000 0.008333 0.016667
2 0.592500 0.563333 0.022500 0.023333
3 0.467500 0.583333 0.010000 0.016667
2 0.389167 0.601667 0.026667 0.035000
2 0.340833 0.490000 0.011667 0.066667
2 0.445833 0.506667 0.048333 0.043333
2 0.247500 0.561667 0.027500 0.016667
2 0.430833 0.451667 0.048333 0.025000
2 0.205000 0.493333 0.011667 0.025000
3 0.516667 0.563333 0.013333 0.031667
3 0.274167 0.501667 0.010000 0.020000
2 0.525000 0.503333 0.010833 0.091667
3 0.415000 0.515000 0.009167 0.016667
2 0.469167 0.573333 0.009167 0.040000
3 0.145000 0.533333 0.013333 0.015000
2 0.475000 0.565000 0.020833 0.080000
2 0.525833 0.468333 0.048333 0.025000
3 0.757500 0.503333 0.006667 0.018333
3 0.365833 0.555000 0.008333 0.016667
2 0.657500 0.563333 0.014167 0.015000
2 0.179167 0.445000 0.014167 0.015000
3 0.132500 0.466667 0.013333 0.015000
3 0.160833 0.463333 0.009167 0.016667
3 0.566667 0.483333 0.010000 0.020000
2 0.324167 0.501667 0.058333 0.076667
2 0.615000 0.571667 0.022500 0.023333
3 0.713333 0.538333 0.007500 0.018333
3 0.770000 0.561667 0.015833 0.051667
2 0.412500 0.498333 0.015833 0.068333
3 0.712500 0.505000 0.009167 0.023333
2 0.508333 0.506667 0.023333 0.106667
2 0.594167 0.530000 0.017500 0.116667
2 0.685000 0.508333 0.027500 0.016667
2 0.130833 0.431667 0.020833 0.028333
2 0.765000 0.543333 0.017500 0.116667
2 0.464167 0.588333 0.017500 0.116667
3 0.655833 0.490000 0.008333 0.016667
3 0.312500 0.478333 0.009167 0.023333
3 0.370000 0.553333 0.008333 0.021667
3 0.535833 0.591667 0.008333 0.016667
2 0.048333 0.500000 0.011667 0.066667
3 0.468333 0.503333 0.008333 0.016667
2 0.568333 0.610000 0.021667 0.090000
2 0.494167 0.591667 0.020000 0.021667
3 0.451667 0.556667 0.013333 0.015000
3 0.320833 0.480000 0.015833 0.051667
3 0.403333 0.461667 0.007500 0.015000
2 0.022500 0.586667 0.021667 0.090000
2 0.759167 0.551667 0.023333 0.041667
3 0.428333 0.526667 0.008333 0.021667
2 0.410833 0.471667 0.020833 0.028333
2 0.814167 0.498333 0.021667 0.090000
3 0.271667 0.515000 0.008333 0.016667
3 0.334167 0.446667 0.010833 0.013333
3 0.330000 0.463333 0.007500 0.015000
3 0.320833 0.561667 0.007500 0.016667
3 0.608333 0.573333 0.009167 0.016667
3 0.175000 0.510000 0.008333 0.016667
3 0.441667 0.563333 0.007500 0.015000
3 0.425833 0.506667 0.009167 0.016667
2 0.712500 0.513333 0.010000 0.031667
2 0.295000 0.545000 0.048333 0.025000
3 0.768333 0.570000 0.007500 0.015000
3 0.180833 0.560000 0.008333 0.016667
2 0.156667 0.545000 0.011667 0.025000
2 0.207500 0.446667 0.011667 0.066667
3 0.120833 0.561667 0.006667 0.018333
2 0.562500 0.588333 0.034167 0.100000
2 0.374167 0.543333 0.034167 0.100000
3 0.216667 0.471667 0.008333 0.016667
3 0.495833 0.546667 0.013333 0.031667
2 0.475000 0.396667 0.010000 0.031667
2 0.435000 0.533333 0.020833 0.028333
3 0.758333 0.555000 0.008333 0.016667
2 0.323333 0.510000 0.010833 0.091667
2 0.765000 0.465000 0.058333 0.076667
2 0.645833 0.520000 0.034167 0.100000
3 0.282500 0.533333 0.015833 0.051667
3 0.234167 0.518333 0.010833 0.013333
2 0.492500 0.510000 0.048333 0.025000
2 0.514167 0.488333 0.026667 0.035000
2 0.602500 0.520000 0.010000 0.031667
2 0.413333 0.586667 0.034167 0.100000
3 0.705000 0.483333 0.010833 0.023333
3 0.323333 0.551667 0.013333 0.031667
3 0.229167 0.585000 0.007500 0.018333
2 0.106667 0.498333 0.010833 0.091667
2 0.670000 0.531667 0.020833 0.080000
2 0.110000 0.551667 0.014167 0.015000
2 0.283333 0.538333 0.010000 0.031667
2 0.281667 0.460000 0.023333 0.041667
2 0.803333 0.585000 0.019167 0.046667
3 0.450833 0.528333 0.014167 0.025000
2 0.458333 0.538333 0.011667 0.025000
2 0.023333 0.466667 0.029167 0.038333
3 0.431667 0.528333 0.007500 0.016667
3 0.754167 0.510000 0.006667 0.018333
3 0.147500 0.493333 0.010833 0.013333
2 0.280833 0.485000 0.023333 0.041667
3 0.497500 0.551667 0.009167 0.015000
3 0.805000 0.491667 0.015833 0.051667
3 0.686667 0.503333 0.010000 0.020000
3 0.813333 0.721667 0.008333 0.016667
3 0.592500 0.745000 0.008333 0.016667
2 0.215000 0.765000 0.027500 0.016667
3 0.266667 0.795000 0.008333 0.016667
3 0.747500 0.615000 0.007500 0.018333
2 0.402500 0.355000 0.058333 0.076667
2 0.300000 0.675000 0.019167 0.046667
3 0.317500 0.360000 0.013333 0.031667
3 0.735833 0.655000 0.010000 0.020000
2 0.316667 0.261667 0.020833 0.028333
3 0.765000 0.415000 0.008333 0.016667
2 0.464167 0.388333 0.020833 0.080000
2 0.620000 0.271667 0.011667 0.066667
2 0.720833 0.221667 0.035000 0.105000
2 0.729167 0.360000 0.009167 0.040000
3 0.741667 0.413333 0.007500 0.018333
2 0.674167 0.361667 0.009167 0.031667
2 0.657500 0.363333 0.048333 0.043333
3 0.307500 0.350000 0.011667 0.020000
2 0.775833 0.335000 0.034167 0.038333
2 0.630833 0.603333 0.019167 0.046667
2 0.641667 0.375000 0.010000 0.031667
3 0.320000 0.653333 0.011667 0.030000
3 0.812500 0.621667 0.009167 0.016667
2 0.611667 0.295000 0.020833 0.080000
2 0.309167 0.723333 0.034167 0.100000
3 0.338333 0.861667 0.009167 0.016667
3 0.672500 0.423333 0.008333 0.016667
3 0.701667 0.285000 0.017500 0.031667
2 0.745000 0.596667 0.027500 0.016667
2 0.635000 0.466667 0.034167 0.100000
3 0.710000 0.256667 0.009167 0.015000
3 0.515833 0.811667 0.008333 0.016667
3 0.738333 0.600000 0.007500 0.015000
3 0.680833 0.623333 0.008333 0.016667
3 0.688333 0.385000 0.007500 0.018333
2 0.635833 0.618333 0.009167 0.040000
2 0.488333 0.410000 0.026667 0.035000
2 0.255833 0.371667 0.097500 0.053333
3 0.460833 0.675000 0.008333 0.021667
3 0.465833 0.813333 0.008333 0.016667
2 0.332500 0.365000 0.015833 0.068333
2 0.400833 0.675000 0.027500 0.016667
3 0.774167 0.395000 0.010000 0.016667
2 0.660833 0.406667 0.022500 0.023333
2 0.330833 0.341667 0.023333 0.041667
2 0.267500 0.333333 0.097500 0.053333
2 0.594167 0.351667 0.034167 0.100000
2 0.720833 0.435000 0.029167 0.038333
3 0.650833 0.390000 0.007500 0.015000
3 0.713333 0.680000 0.008333 0.021667
3 0.797500 0.621667 0.007500 0.015000
2 0.539167 0.640000 0.026667 0.035000
3 0.551667 0.758333 0.008333 0.016667
2 0.343333 0.683333 0.034167 0.100000
2 0.221667 0.653333 0.020833 0.028333
2 0.661667 0.646667 0.011667 0.066667
2 0.531667 0.705000 0.010000 0.031667
3 0.586667 0.631667 0.013333 0.031667
3 0.293333 0.728333 0.007500 0.015000
3 0.758333 0.363333 0.009167 0.016667
3 0.291667 0.268333 0.010000 0.016667
3 0.708333 0.648333 0.009167 0.015000
3 0.687500 0.618333 0.006667 0.018333
3 0.572500 0.385000 0.009167 0.016667
2 0.515833 0.646667 0.015833 0.068333
2 0.480000 0.308333 0.017500 0.116667
2 0.195833 0.635000 0.058333 0.076667
2 0.318333 0.338333 0.011667 0.066667
2 0.765833 0.293333 0.035000 0.105000
2 0.478333 0.180000 0.020833 0.080000
3 0.535000 0.306667 0.010833 0.023333
3 0.402500 0.656667 0.010833 0.013333
3 0.390000 0.648333 0.007500 0.018333
3 0.445833 0.371667 0.011667 0.020000
2 0.515833 0.386667 0.058333 0.076667
3 0.542500 0.690000 0.008333 0.016667
3 0.705000 0.728333 0.007500 0.015000
3 0.669167 0.631667 0.009167 0.016667
3 0.801667 0.655000 0.010833 0.023333
2 0.682500 0.620000 0.097500 0.053333
3 0.648333 0.681667 0.011667 0.020000
2 0.338333 0.666667 0.021667 0.090000
2 0.718333 0.326667 0.048333 0.043333
2 0.540000 0.436667 0.030833 0.051667
3 0.728333 0.410000 0.009167 0.015000
2 0.695000 0.655000 0.020000 0.021667
3 0.622500 0.383333 0.010000 0.020000
2 0.340000 0.313333 0.026667 0.035000
2 0.635833 0.601667 0.009167 0.040000
3 0.290000 0.408333 0.011667 0.030000
2 0.305000 0.816667 0.097500 0.053333
3 0.407500 0.740000 0.008333 0.021667
2 0.341667 0.271667 0.009167 0.031667
2 0.751667 0.373333 0.035000 0.105000
3 0.738333 0.601667 0.007500 0.016667
2 0.615000 0.353333 0.015833 0.068333
3 0.715833 0.341667 0.009167 0.015000
3 0.640833 0.433333 0.007500 0.018333
2 0.449167 0.360000 0.023333 0.041667
3 0.481667 0.305000 0.014167 0.025000
2 0.490000 0.770000 0.027500 0.016667
2 0.283333 0.671667 0.058333 0.076667
2 0.709167 0.351667 0.022500 0.023333
3 0.810833 0.428333 0.006667 0.018333
3 0.741667 0.743333 0.007500 0.015000
2 0.400000 0.713333 0.023333 0.041667
3 0.494167 0.160000 0.010833 0.013333
3 0.725833 0.353333 0.008333 0.021667
3 0.242500 0.223333 0.008333 0.016667
3 0.686667 0.423333 0.011667 0.020000
3 0.537500 0.313333 0.013333 0.015000
2 0.673333 0.631667 0.023333 0.041667
2 0.708333 0.336667 0.023333 0.041667
3 0.311667 0.301667 0.008333 0.016667
2 0.344167 0.400000 0.027500 0.016667
3 0.547500 0.418333 0.008333 0.016667
3 0.734167 0.658333 0.006667 0.018333
3 0.515000 0.700000 0.007500 0.015000
2 0.783333 0.611667 0.045833 0.021667
3 0.803333 0.655000 0.008333 0.016667
2 0.341667 0.273333 0.034167 0.038333
2 0.280000 0.776667 0.026667 0.035000
2 0.544167 0.673333 0.023333 0.106667
3 0.475000 0.163333 0.010833 0.013333
3 0.450833 0.785000 0.009167 0.016667
2 0.720000 0.621667 0.034167 0.100000
2 0.731667 0.318333 0.048333 0.025000
2 0.709167 0.361667 0.014167 0.015000
3 0.485000 0.376667 0.011667 0.020000
2 0.667500 0.645000 0.009167 0.031667
2 0.696667 0.423333 0.034167 0.038333
2 0.255000 0.756667 0.021667 0.090000
2 0.474167 0.283333 0.023333 0.106667
3 0.667500 0.676667 0.008333 0.021667
2 0.665833 0.678333 0.045833 0.021667
3 0.757500 0.715000 0.008333 0.016667
3 0.645000 0.351667 0.010833 0.013333
2 0.250000 0.720000 0.058333 0.076667
3 0.279167 0.650000 0.010833 0.013333
3 0.797500 0.401667 0.006667 0.018333
3 0.481667 0.191667 0.009167 0.016667
3 0.710000 0.705000 0.008333 0.016667
2 0.648333 0.316667 0.015833 0.068333
2 0.307500 0.641667 0.097500 0.053333
3 0.672500 0.420000 0.007500 0.015000
2 0.401667 0.688333 0.019167 0.046667
2 0.805000 0.393333 0.058333 0.076667
2 0.195833 0.350000 0.097500 0.053333
2 0.473333 0.353333 0.020833 0.080000
2 0.485833 0.270000 0.058333 0.076667
2 0.483333 0.380000 0.029167 0.038333
3 0.282500 0.435000 0.007500 0.015000
2 0.756667 0.610000 0.011667 0.066667
2 0.809167 0.606667 0.011667 0.025000
2 0.295000 0.396667 0.048333 0.025000
3 0.580000 0.760000 0.009167 0.016667
3 0.288333 0.320000 0.007500 0.018333
2 0.586667 0.416667 0.023333 0.041667
2 0.528333 0.285000 0.011667 0.025000
3 0.661667 0.391667 0.007500 0.015000
2 0.299167 0.706667 0.058333 0.076667
2 0.615833 0.290000 0.020000 0.021667
3 0.765000 0.711667 0.007500 0.015000
3 0.385833 0.375000 0.009167 0.016667
2 0.669167 0.336667 0.020833 0.028333
2 0.673333 0.451667 0.023333 0.041667
2 0.525000 0.646667 0.048333 0.043333
2 0.480000 0.238333 0.058333 0.076667
2 0.743333 0.711667 0.027500 0.016667
3 0.460833 0.405000 0.007500 0.018333
3 0.656667 0.595000 0.009167 0.016667
2 0.274167 0.806667 0.020833 0.080000
2 0.738333 0.360000 0.097500 0.053333
3 0.776667 0.425000 0.013333 0.015000
2 0.152500 0.600000 0.015833 0.068333
2 0.422500 0.395000 0.010000 0.031667
3 0.355000 0.751667 0.010833 0.013333
2 0.505000 0.288333 0.021667 0.090000
2 0.649167 0.441667 0.030833 0.051667
3 0.687500 0.643333 0.007500 0.016667
3 0.303333 0.715000 0.007500 0.018333
2 0.549167 0.290000 0.045833 0.021667
2 0.727500 0.426667 0.015833 0.068333
2 0.578333 0.671667 0.013333 0.070000
2 0.300833 0.700000 0.023333 0.041667
3 0.299167 0.395000 0.007500 0.015000
2 0.722500 0.443333 0.020833 0.080000
3 0.685833 0.356667 0.008333 0.016667
2 0.283333 0.313333 0.011667 0.066667
2 0.560000 0.268333 0.011667 0.025000
2 0.707500 0.583333 0.009167 0.040000
2 0.761667 0.395000 0.009167 0.031667
3 0.290833 0.403333 0.010000 0.016667
2 0.522500 0.398333 0.019167 0.046667
2 0.725000 0.678333 0.021667 0.090000
2 0.659167 0.386667 0.009167 0.040000
3 0.761667 0.600000 0.006667 0.018333
