4 0.848333 0.530000 0.041667 0.105000
4 0.874167 0.521667 0.052500 0.021667
4 0.831667 0.420000 0.175833 0.048333
4 0.884167 0.558333 0.045000 0.016667
4 0.815833 0.463333 0.099167 0.041667
4 0.883333 0.371667 0.058333 0.098333
4 0.808333 0.790000 0.172500 0.266667
4 0.884167 0.608333 0.078333 0.121667
4 0.779167 0.471667 0.170000 0.286667
4 0.875833 0.618333 0.073333 0.051667
4 0.130000 0.593333 0.060833 0.083333
4 0.395000 0.518333 0.156667 0.081667
4 0.614167 0.493333 0.153333 0.085000
4 0.222500 0.610000 0.146667 0.165000
4 0.448333 0.461667 0.036667 0.071667
4 0.570000 0.616667 0.083333 0.126667
4 0.134167 0.610000 0.087500 0.070000
4 0.659167 0.658333 0.186667 0.226667
4 0.472500 0.625000 0.246667 0.173333
4 0.490833 0.560000 0.045833 0.126667
2 0.217500 0.456667 0.023333 0.106667
2 0.079167 0.516667 0.011667 0.025000
2 0.395833 0.458333 0.048333 0.025000
2 0.189167 0.475000 0.048333 0.043333
3 0.542500 0.503333 0.008333 0.016667
3 0.408333 0.468333 0.014167 0.025000
2 0.285833 0.606667 0.022500 0.023333
3 0.724167 0.516667 0.006667 0.018333
3 0.096667 0.578333 0.011667 0.030000
2 0.440000 0.535000 0.020833 0.028333
2 0.670833 0.541667 0.017500 0.116667
3 0.350833 0.515000 0.006667 0.018333
3 0.420833 0.463333 0.009167 0.016667
3 0.646667 0.480000 0.010833 0.013333
2 0.685833 0.480000 0.013333 0.070000
3 0.300000 0.518333 0.008333 0.016667
3 0.526667 0.491667 0.009167 0.018333
3 0.175833 0.458333 0.009167 0.016667
2 0.501667 0.545000 0.029167 0.038333
2 0.343333 0.523333 0.034167 0.038333
2 0.822500 0.648333 0.014167 0.015000
3 0.172500 0.511667 0.015833 0.051667
3 0.473333 0.435000 0.009167 0.016667
3 0.230833 0.573333 0.007500 0.018333
3 0.737500 0.563333 0.008333 0.016667
3 0.815833 0.476667 0.013333 0.015000
2 0.180833 0.518333 0.058333 0.076667
3 0.544167 0.588333 0.009167 0.015000
3 0.309167 0.520000 0.008333 0.021667
2 0.116667 0.576667 0.023333 0.106667
2 0.563333 0.581667 0.030833 0.051667
3 0.654167 0.570000 0.011667 0.030000
2 0.470833 0.490000 0.020833 0.080000
3 0.646667 0.518333 0.007500 0.015000
2 0.115833 0.495000 0.020000 0.021667
3 0.315000 0.528333 0.007500 0.018333
3 0.775000 0.586667 0.008333 0.016667
3 0.236667 0.450000 0.007500 0.016667
3 0.020000 0.528333 0.008333 0.021667
2 0.679167 0.540000 0.011667 0.066667
2 0.807500 0.510000 0.020833 0.080000
3 0.588333 0.516667 0.009167 0.016667
2 0.505000 0.568333 0.010833 0.091667
3 0.287500 0.603333 0.009167 0.016667
2 0.089167 0.458333 0.029167 0.038333
2 0.195000 0.481667 0.011667 0.066667
2 0.590833 0.435000 0.058333 0.076667
2 0.742500 0.458333 0.019167 0.046667
2 0.752500 0.560000 0.034167 0.100000
2 0.187500 0.541667 0.097500 0.053333
3 0.027500 0.536667 0.009167 0.018333
3 0.389167 0.551667 0.017500 0.031667
3 0.164167 0.575000 0.009167 0.023333
2 0.388333 0.591667 0.017500 0.116667
2 0.698333 0.525000 0.045833 0.021667
2 0.640833 0.576667 0.048333 0.043333
2 0.205833 0.428333 0.035000 0.105000
2 0.494167 0.558333 0.027500 0.016667
2 0.825833 0.545000 0.010000 0.031667
3 0.820000 0.600000 0.010833 0.013333
3 0.364167 0.518333 0.015833 0.051667
3 0.411667 0.475000 0.010000 0.020000
2 0.383333 0.526667 0.029167 0.038333
3 0.301667 0.555000 0.009167 0.016667
2 0.514167 0.596667 0.013333 0.070000
2 0.159167 0.565000 0.097500 0.053333
3 0.453333 0.581667 0.008333 0.021667
3 0.645833 0.496667 0.009167 0.016667
3 0.087500 0.475000 0.010833 0.013333
2 0.584167 0.451667 0.034167 0.038333
3 0.775833 0.461667 0.009167 0.016667
3 0.655000 0.533333 0.009167 0.018333
2 0.552500 0.583333 0.034167 0.038333
3 0.333333 0.606667 0.010833 0.013333
3 0.319167 0.583333 0.010000 0.020000
2 0.107500 0.485000 0.045833 0.021667
2 0.379167 0.561667 0.034167 0.100000
2 0.423333 0.546667 0.026667 0.035000
2 0.589167 0.528333 0.034167 0.100000
3 0.553333 0.508333 0.007500 0.015000
2 0.257500 0.500000 0.035000 0.105000
2 0.060000 0.510000 0.013333 0.070000
3 0.498333 0.515000 0.010833 0.023333
3 0.484167 0.436667 0.009167 0.016667
3 0.628333 0.551667 0.009167 0.016667
3 0.762500 0.533333 0.007500 0.016667
3 0.468333 0.495000 0.010000 0.016667
2 0.108333 0.498333 0.045833 0.021667
2 0.446667 0.565000 0.034167 0.100000
3 0.055833 0.486667 0.015833 0.051667
3 0.785000 0.461667 0.014167 0.025000
3 0.560833 0.500000 0.010000 0.016667
3 0.122500 0.555000 0.017500 0.031667
3 0.807500 0.535000 0.011667 0.030000
2 0.044167 0.505000 0.020833 0.080000
2 0.179167 0.473333 0.023333 0.041667
2 0.137500 0.555000 0.022500 0.023333
2 0.660833 0.593333 0.010833 0.091667
2 0.197500 0.440000 0.020000 0.021667
2 0.790000 0.491667 0.020833 0.080000
2 0.632500 0.481667 0.014167 0.015000
2 0.617500 0.463333 0.011667 0.025000
3 0.414167 0.781667 0.008333 0.016667
3 0.508333 0.813333 0.010833 0.013333
3 0.560000 0.655000 0.008333 0.016667
2 0.313333 0.341667 0.035000 0.105000
2 0.785833 0.665000 0.030833 0.051667
3 0.775833 0.396667 0.006667 0.018333
3 0.308333 0.713333 0.009167 0.016667
2 0.288333 0.245000 0.020000 0.021667
3 0.321667 0.345000 0.009167 0.016667
3 0.313333 0.660000 0.009167 0.016667
3 0.646667 0.620000 0.008333 0.016667
3 0.476667 0.166667 0.008333 0.016667
2 0.688333 0.648333 0.020833 0.080000
3 0.516667 0.330000 0.007500 0.015000
2 0.745000 0.343333 0.022500 0.023333
2 0.308333 0.770000 0.014167 0.015000
3 0.626667 0.388333 0.009167 0.015000
2 0.316667 0.415000 0.023333 0.041667
2 0.723333 0.418333 0.030833 0.051667
2 0.730833 0.325000 0.029167 0.038333
2 0.682500 0.376667 0.048333 0.025000
2 0.635000 0.628333 0.019167 0.046667
3 0.817500 0.620000 0.007500 0.015000
2 0.755000 0.425000 0.023333 0.041667
3 0.315000 0.681667 0.010833 0.013333
2 0.610833 0.651667 0.048333 0.043333
3 0.225000 0.341667 0.011667 0.030000
3 0.372500 0.760000 0.007500 0.015000
2 0.745833 0.660000 0.097500 0.053333
3 0.316667 0.790000 0.007500 0.015000
3 0.415000 0.746667 0.010000 0.020000
2 0.660000 0.331667 0.029167 0.038333
3 0.481667 0.275000 0.007500 0.016667
3 0.489167 0.286667 0.007500 0.018333
2 0.686667 0.395000 0.022500 0.023333
3 0.540000 0.723333 0.010000 0.020000
2 0.167500 0.620000 0.019167 0.046667
3 0.620833 0.291667 0.010000 0.016667
3 0.741667 0.810000 0.011667 0.030000
3 0.653333 0.375000 0.017500 0.031667
2 0.681667 0.590000 0.035000 0.105000
2 0.688333 0.385000 0.013333 0.070000
3 0.725833 0.356667 0.007500 0.018333
2 0.696667 0.720000 0.027500 0.016667
2 0.726667 0.660000 0.048333 0.043333
2 0.292500 0.753333 0.010833 0.091667
2 0.809167 0.356667 0.035000 0.105000
3 0.696667 0.363333 0.009167 0.018333
2 0.391667 0.685000 0.011667 0.066667
3 0.340000 0.303333 0.009167 0.016667
3 0.645000 0.373333 0.014167 0.025000
3 0.669167 0.273333 0.009167 0.016667
2 0.663333 0.263333 0.020833 0.028333
3 0.225833 0.706667 0.009167 0.018333
3 0.677500 0.723333 0.007500 0.018333
3 0.687500 0.330000 0.009167 0.016667
2 0.748333 0.740000 0.045833 0.021667
3 0.253333 0.763333 0.008333 0.016667
2 0.504167 0.331667 0.010000 0.031667
2 0.302500 0.376667 0.021667 0.090000
3 0.435833 0.330000 0.008333 0.016667
2 0.470833 0.150000 0.019167 0.046667
3 0.762500 0.368333 0.008333 0.016667
2 0.597500 0.615000 0.097500 0.053333
2 0.710833 0.391667 0.034167 0.038333
2 0.430000 0.630000 0.019167 0.046667
3 0.515000 0.810000 0.009167 0.016667
3 0.570000 0.151667 0.009167 0.016667
3 0.662500 0.415000 0.008333 0.016667
3 0.435000 0.376667 0.009167 0.015000
2 0.631667 0.443333 0.026667 0.035000
3 0.754167 0.616667 0.017500 0.031667
2 0.305000 0.391667 0.030833 0.051667
2 0.340833 0.875000 0.013333 0.070000
2 0.534167 0.693333 0.020833 0.080000
2 0.653333 0.335000 0.027500 0.016667
3 0.670000 0.271667 0.008333 0.016667
2 0.725833 0.678333 0.034167 0.038333
2 0.292500 0.710000 0.011667 0.025000
2 0.358333 0.233333 0.009167 0.040000
2 0.729167 0.683333 0.027500 0.016667
2 0.746667 0.611667 0.030833 0.051667
3 0.676667 0.731667 0.011667 0.030000
2 0.773333 0.385000 0.026667 0.035000
2 0.225000 0.330000 0.011667 0.025000
2 0.567500 0.648333 0.020833 0.080000
3 0.309167 0.713333 0.007500 0.015000
2 0.453333 0.723333 0.022500 0.023333
3 0.326667 0.356667 0.009167 0.016667
2 0.376667 0.793333 0.010000 0.031667
2 0.646667 0.346667 0.030833 0.051667
2 0.518333 0.396667 0.021667 0.090000
2 0.453333 0.253333 0.023333 0.106667
2 0.745000 0.408333 0.048333 0.043333
2 0.756667 0.628333 0.010833 0.091667
3 0.490833 0.331667 0.010833 0.023333
3 0.533333 0.621667 0.007500 0.018333
3 0.317500 0.640000 0.008333 0.016667
3 0.317500 0.713333 0.007500 0.018333
3 0.554167 0.226667 0.007500 0.016667
2 0.535833 0.435000 0.020833 0.028333
2 0.430833 0.786667 0.011667 0.066667
2 0.210833 0.631667 0.034167 0.038333
3 0.450000 0.276667 0.015833 0.051667
3 0.803333 0.340000 0.011667 0.030000
3 0.327500 0.718333 0.015833 0.051667
3 0.327500 0.673333 0.008333 0.016667
2 0.722500 0.346667 0.014167 0.015000
3 0.450000 0.723333 0.014167 0.025000
3 0.797500 0.378333 0.013333 0.015000
2 0.232500 0.333333 0.020000 0.021667
3 0.729167 0.411667 0.007500 0.016667
2 0.640000 0.323333 0.020000 0.021667
3 0.325000 0.301667 0.009167 0.018333
2 0.518333 0.311667 0.030833 0.051667
3 0.705000 0.428333 0.008333 0.021667
3 0.747500 0.308333 0.007500 0.018333
2 0.287500 0.686667 0.020833 0.080000
3 0.307500 0.705000 0.013333 0.031667
2 0.320000 0.365000 0.023333 0.041667
3 0.352500 0.661667 0.007500 0.015000
2 0.608333 0.383333 0.011667 0.025000
3 0.524167 0.360000 0.007500 0.015000
3 0.446667 0.703333 0.013333 0.015000
2 0.292500 0.786667 0.010000 0.031667
3 0.629167 0.336667 0.009167 0.016667
3 0.655000 0.640000 0.009167 0.023333
3 0.776667 0.701667 0.013333 0.031667
2 0.279167 0.718333 0.010000 0.031667
2 0.664167 0.630000 0.097500 0.053333
2 0.646667 0.356667 0.045833 0.021667
3 0.250833 0.650000 0.007500 0.016667
2 0.390833 0.403333 0.013333 0.070000
2 0.790000 0.376667 0.027500 0.016667
3 0.337500 0.843333 0.017500 0.031667
2 0.305000 0.826667 0.020833 0.080000
2 0.722500 0.648333 0.029167 0.038333
2 0.512500 0.206667 0.009167 0.031667
2 0.741667 0.385000 0.011667 0.066667
2 0.691667 0.285000 0.035000 0.105000
3 0.324167 0.743333 0.008333 0.016667
3 0.228333 0.661667 0.008333 0.016667
3 0.523333 0.406667 0.006667 0.018333
3 0.450000 0.715000 0.009167 0.016667
3 0.716667 0.428333 0.009167 0.015000
2 0.310833 0.671667 0.045833 0.021667
3 0.723333 0.776667 0.010000 0.016667
3 0.695833 0.343333 0.007500 0.015000
3 0.800000 0.643333 0.008333 0.016667
2 0.727500 0.448333 0.010833 0.091667
3 0.746667 0.710000 0.007500 0.016667
2 0.476667 0.773333 0.017500 0.116667
2 0.221667 0.331667 0.013333 0.070000
2 0.741667 0.600000 0.034167 0.038333
3 0.570833 0.151667 0.007500 0.016667
3 0.371667 0.341667 0.010833 0.013333
3 0.691667 0.360000 0.006667 0.018333
3 0.436667 0.748333 0.009167 0.016667
2 0.740833 0.711667 0.023333 0.041667
3 0.470833 0.645000 0.010833 0.023333
2 0.765833 0.371667 0.035000 0.105000
3 0.476667 0.806667 0.007500 0.018333
2 0.328333 0.350000 0.009167 0.031667
2 0.288333 0.690000 0.011667 0.066667
3 0.406667 0.705000 0.010000 0.016667
3 0.750000 0.656667 0.015833 0.051667
2 0.281667 0.813333 0.022500 0.023333
3 0.426667 0.650000 0.011667 0.020000
3 0.819167 0.710000 0.015833 0.051667
3 0.326667 0.670000 0.009167 0.015000
3 0.377500 0.358333 0.013333 0.031667
2 0.637500 0.438333 0.020000 0.021667
2 0.684167 0.278333 0.017500 0.116667
3 0.377500 0.793333 0.007500 0.015000
2 0.193333 0.670000 0.026667 0.035000
2 0.465000 0.306667 0.048333 0.043333
2 0.706667 0.466667 0.021667 0.090000
2 0.665000 0.333333 0.058333 0.076667
2 0.230000 0.385000 0.014167 0.015000
2 0.486667 0.265000 0.009167 0.040000
3 0.779167 0.738333 0.007500 0.018333
3 0.680000 0.650000 0.007500 0.018333
2 0.249167 0.643333 0.011667 0.025000
3 0.785833 0.690000 0.009167 0.023333
2 0.249167 0.193333 0.045833 0.021667
2 0.713333 0.415000 0.027500 0.016667
2 0.390833 0.655000 0.009167 0.040000
2 0.682500 0.648333 0.023333 0.041667
2 0.550833 0.595000 0.058333 0.076667
3 0.477500 0.305000 0.006667 0.018333
2 0.673333 0.693333 0.048333 0.025000
3 0.654167 0.383333 0.009167 0.016667
3 0.390833 0.378333 0.013333 0.031667
2 0.540000 0.416667 0.009167 0.031667
2 0.515833 0.261667 0.014167 0.015000
2 0.746667 0.643333 0.048333 0.025000
3 0.697500 0.310000 0.010833 0.023333
2 0.275833 0.776667 0.021667 0.090000
