4 0.812500 0.613333 0.080833 0.071667
4 0.880833 0.618333 0.062500 0.065000
4 0.819167 0.541667 0.100000 0.036667
4 0.804167 0.408333 0.120000 0.145000
4 0.818333 0.690000 0.092500 0.220000
4 0.900000 0.531667 0.049167 0.063333
4 0.872500 0.463333 0.063333 0.061667
4 0.780000 0.628333 0.215000 0.075000
4 0.835000 0.576667 0.112500 0.236667
4 0.890833 0.580000 0.075000 0.023333
4 0.590000 0.571667 0.070833 0.178333
4 0.695833 0.483333 0.054167 0.083333
4 0.722500 0.493333 0.087500 0.078333
4 0.724167 0.488333 0.066667 0.121667
4 0.505000 0.548333 0.050833 0.033333
4 0.175833 0.516667 0.119167 0.103333
4 0.676667 0.605000 0.074167 0.096667
4 0.310000 0.466667 0.044167 0.095000
4 0.680000 0.456667 0.126667 0.136667
4 0.180833 0.583333 0.057500 0.026667
3 0.453333 0.581667 0.015833 0.051667
2 0.388333 0.600000 0.023333 0.041667
2 0.345000 0.536667 0.022500 0.023333
2 0.434167 0.591667 0.017500 0.116667
2 0.674167 0.538333 0.030833 0.051667
3 0.056667 0.530000 0.007500 0.018333
2 0.450833 0.628333 0.009167 0.031667
2 0.773333 0.533333 0.029167 0.038333
2 0.451667 0.473333 0.030833 0.051667
2 0.126667 0.581667 0.029167 0.038333
2 0.419167 0.471667 0.023333 0.106667
2 0.613333 0.481667 0.013333 0.070000
2 0.600833 0.483333 0.034167 0.100000
3 0.826667 0.611667 0.011667 0.020000
3 0.748333 0.485000 0.015833 0.051667
2 0.335833 0.530000 0.045833 0.021667
2 0.580833 0.471667 0.014167 0.015000
3 0.178333 0.545000 0.010000 0.016667
2 0.037500 0.530000 0.030833 0.051667
3 0.422500 0.500000 0.008333 0.016667
3 0.757500 0.546667 0.011667 0.030000
3 0.318333 0.591667 0.006667 0.018333
2 0.483333 0.443333 0.048333 0.025000
2 0.523333 0.603333 0.030833 0.051667
2 0.296667 0.443333 0.020833 0.028333
2 0.105000 0.518333 0.058333 0.076667
3 0.075833 0.553333 0.007500 0.015000
3 0.133333 0.591667 0.010000 0.020000
2 0.080833 0.565000 0.048333 0.043333
2 0.180000 0.533333 0.015833 0.068333
2 0.615833 0.426667 0.011667 0.066667
2 0.395000 0.571667 0.027500 0.016667
2 0.510833 0.515000 0.010833 0.091667
2 0.115000 0.491667 0.020833 0.080000
3 0.298333 0.516667 0.007500 0.018333
2 0.280833 0.608333 0.013333 0.070000
3 0.298333 0.511667 0.009167 0.016667
2 0.569167 0.445000 0.009167 0.040000
3 0.179167 0.590000 0.009167 0.018333
3 0.033333 0.565000 0.009167 0.015000
2 0.327500 0.555000 0.034167 0.038333
2 0.770833 0.565000 0.034167 0.038333
3 0.560833 0.581667 0.009167 0.016667
3 0.729167 0.501667 0.010000 0.016667
2 0.509167 0.510000 0.048333 0.043333
2 0.751667 0.576667 0.045833 0.021667
3 0.036667 0.545000 0.009167 0.016667
3 0.104167 0.506667 0.009167 0.016667
3 0.225833 0.541667 0.008333 0.021667
3 0.817500 0.556667 0.007500 0.015000
2 0.379167 0.493333 0.030833 0.051667
2 0.404167 0.441667 0.034167 0.038333
3 0.160833 0.561667 0.008333 0.016667
2 0.560000 0.461667 0.009167 0.040000
3 0.770000 0.481667 0.010833 0.023333
2 0.283333 0.503333 0.048333 0.025000
3 0.472500 0.458333 0.009167 0.015000
2 0.546667 0.581667 0.045833 0.021667
3 0.636667 0.533333 0.007500 0.015000
2 0.258333 0.451667 0.011667 0.025000
2 0.186667 0.521667 0.021667 0.090000
2 0.615000 0.616667 0.009167 0.031667
3 0.316667 0.508333 0.009167 0.016667
2 0.200833 0.536667 0.027500 0.016667
3 0.558333 0.528333 0.009167 0.018333
2 0.037500 0.463333 0.023333 0.041667
2 0.213333 0.560000 0.034167 0.038333
2 0.590000 0.540000 0.009167 0.040000
3 0.736667 0.546667 0.007500 0.015000
3 0.445833 0.461667 0.008333 0.016667
2 0.494167 0.408333 0.009167 0.040000
3 0.468333 0.461667 0.009167 0.023333
2 0.130000 0.575000 0.023333 0.106667
2 0.270833 0.533333 0.097500 0.053333
3 0.455833 0.491667 0.006667 0.018333
3 0.113333 0.495000 0.015833 0.051667
2 0.701667 0.620000 0.013333 0.070000
3 0.801667 0.501667 0.008333 0.016667
3 0.151667 0.561667 0.013333 0.031667
3 0.655833 0.535000 0.008333 0.016667
2 0.379167 0.580000 0.010000 0.031667
2 0.340000 0.580000 0.034167 0.100000
3 0.040833 0.565000 0.014167 0.025000
2 0.500833 0.450000 0.014167 0.015000
3 0.593333 0.483333 0.007500 0.018333
2 0.717500 0.521667 0.034167 0.100000
2 0.045000 0.483333 0.045833 0.021667
3 0.632500 0.535000 0.010000 0.020000
3 0.297500 0.475000 0.010833 0.023333
2 0.544167 0.535000 0.029167 0.038333
2 0.589167 0.500000 0.009167 0.031667
2 0.400833 0.565000 0.013333 0.070000
3 0.026667 0.550000 0.013333 0.031667
2 0.132500 0.633333 0.020833 0.080000
3 0.491667 0.606667 0.015833 0.051667
3 0.105000 0.450000 0.010000 0.016667
3 0.317500 0.555000 0.010833 0.013333
2 0.495000 0.531667 0.027500 0.016667
3 0.630000 0.535000 0.010833 0.013333
3 0.614167 0.441667 0.008333 0.016667
3 0.820833 0.626667 0.010833 0.013333
3 0.487500 0.523333 0.014167 0.025000
3 0.620833 0.675000 0.007500 0.015000
2 0.605833 0.380000 0.010000 0.031667
2 0.606667 0.305000 0.020833 0.080000
3 0.622500 0.360000 0.013333 0.015000
3 0.810000 0.615000 0.014167 0.025000
2 0.768333 0.376667 0.034167 0.038333
3 0.488333 0.645000 0.009167 0.023333
3 0.267500 0.733333 0.009167 0.018333
3 0.726667 0.413333 0.013333 0.031667
2 0.560833 0.643333 0.034167 0.100000
3 0.743333 0.405000 0.007500 0.016667
3 0.331667 0.276667 0.008333 0.021667
2 0.475833 0.601667 0.035000 0.105000
2 0.760833 0.338333 0.026667 0.035000
2 0.618333 0.621667 0.015833 0.068333
2 0.652500 0.690000 0.058333 0.076667
2 0.335833 0.681667 0.097500 0.053333
2 0.636667 0.720000 0.023333 0.041667
2 0.319167 0.798333 0.027500 0.016667
2 0.591667 0.998333 0.020833 0.001667
3 0.637500 0.420000 0.009167 0.016667
3 0.295000 0.713333 0.007500 0.018333
3 0.479167 0.273333 0.013333 0.015000
3 0.541667 0.710000 0.009167 0.023333
3 0.705000 0.666667 0.007500 0.015000
2 0.736667 0.368333 0.010833 0.091667
2 0.443333 0.336667 0.017500 0.116667
3 0.715000 0.356667 0.013333 0.031667
2 0.690000 0.626667 0.017500 0.116667
2 0.410000 0.705000 0.058333 0.076667
2 0.345000 0.325000 0.020833 0.028333
3 0.550833 0.728333 0.009167 0.016667
2 0.506667 0.758333 0.026667 0.035000
2 0.440833 0.355000 0.014167 0.015000
2 0.654167 0.391667 0.020833 0.080000
3 0.472500 0.123333 0.007500 0.018333
2 0.293333 0.395000 0.020000 0.021667
2 0.332500 0.193333 0.020833 0.080000
2 0.703333 0.303333 0.035000 0.105000
2 0.419167 0.741667 0.029167 0.038333
2 0.163333 0.350000 0.035000 0.105000
2 0.797500 0.723333 0.027500 0.016667
3 0.479167 0.325000 0.009167 0.023333
2 0.739167 0.713333 0.023333 0.041667
2 0.535000 0.220000 0.045833 0.021667
3 0.391667 0.378333 0.011667 0.020000
2 0.798333 0.400000 0.011667 0.025000
2 0.614167 0.308333 0.015833 0.068333
2 0.520833 0.998333 0.048333 0.001667
2 0.267500 0.748333 0.023333 0.041667
2 0.549167 0.733333 0.034167 0.038333
3 0.779167 0.605000 0.009167 0.016667
3 0.509167 0.273333 0.010833 0.013333
2 0.152500 0.381667 0.020833 0.080000
3 0.537500 0.700000 0.017500 0.031667
3 0.822500 0.441667 0.008333 0.021667
3 0.436667 0.741667 0.008333 0.016667
2 0.672500 0.368333 0.034167 0.038333
2 0.645000 0.661667 0.048333 0.025000
2 0.306667 0.310000 0.035000 0.105000
2 0.710833 0.416667 0.020833 0.080000
3 0.650000 0.335000 0.013333 0.031667
2 0.573333 0.330000 0.035000 0.105000
2 0.800000 0.418333 0.017500 0.116667
3 0.523333 0.360000 0.006667 0.018333
3 0.197500 0.665000 0.017500 0.031667
3 0.454167 0.810000 0.007500 0.018333
3 0.635833 0.416667 0.013333 0.015000
2 0.265833 0.735000 0.017500 0.116667
2 0.270833 0.225000 0.035000 0.105000
3 0.734167 0.693333 0.007500 0.016667
2 0.543333 0.631667 0.011667 0.066667
2 0.730000 0.703333 0.011667 0.066667
2 0.345833 0.341667 0.034167 0.100000
3 0.633333 0.393333 0.017500 0.031667
3 0.692500 0.756667 0.008333 0.021667
2 0.720833 0.221667 0.035000 0.105000
3 0.569167 0.776667 0.007500 0.015000
2 0.592500 0.736667 0.021667 0.090000
2 0.678333 0.338333 0.022500 0.023333
3 0.746667 0.320000 0.017500 0.031667
2 0.519167 0.650000 0.048333 0.025000
3 0.739167 0.690000 0.013333 0.031667
3 0.665833 0.715000 0.010833 0.023333
2 0.446667 0.325000 0.048333 0.043333
2 0.552500 0.675000 0.022500 0.023333
2 0.685833 0.998333 0.058333 0.001667
2 0.726667 0.601667 0.048333 0.043333
2 0.335000 0.270000 0.023333 0.041667
3 0.726667 0.436667 0.008333 0.016667
3 0.274167 0.666667 0.006667 0.018333
2 0.350833 0.298333 0.034167 0.038333
2 0.672500 0.406667 0.048333 0.043333
2 0.569167 0.716667 0.014167 0.015000
3 0.275833 0.280000 0.013333 0.015000
2 0.780000 0.475000 0.013333 0.070000
3 0.716667 0.643333 0.009167 0.018333
3 0.669167 0.401667 0.015833 0.051667
3 0.771667 0.358333 0.009167 0.018333
3 0.709167 0.446667 0.015833 0.051667
3 0.583333 0.433333 0.008333 0.016667
3 0.170833 0.385000 0.007500 0.015000
3 0.795000 0.425000 0.006667 0.018333
3 0.746667 0.700000 0.009167 0.016667
2 0.303333 0.715000 0.011667 0.066667
2 0.724167 0.625000 0.010000 0.031667
3 0.734167 0.701667 0.009167 0.015000
3 0.335833 0.230000 0.008333 0.016667
2 0.250833 0.796667 0.021667 0.090000
3 0.765833 0.615000 0.007500 0.018333
2 0.778333 0.408333 0.009167 0.040000
3 0.455000 0.665000 0.009167 0.016667
3 0.656667 0.678333 0.008333 0.016667
2 0.338333 0.390000 0.035000 0.105000
2 0.525833 0.606667 0.035000 0.105000
3 0.459167 0.246667 0.010833 0.023333
3 0.667500 0.663333 0.011667 0.030000
2 0.800000 0.411667 0.034167 0.038333
2 0.375833 0.668333 0.034167 0.100000
3 0.361667 0.611667 0.009167 0.016667
3 0.520000 0.663333 0.007500 0.016667
2 0.572500 0.700000 0.010833 0.091667
3 0.706667 0.340000 0.010833 0.023333
2 0.400833 0.691667 0.022500 0.023333
3 0.554167 0.226667 0.007500 0.015000
3 0.760833 0.598333 0.008333 0.016667
2 0.170000 0.395000 0.009167 0.031667
3 0.465833 0.375000 0.009167 0.016667
3 0.321667 0.716667 0.007500 0.018333
2 0.342500 0.623333 0.058333 0.076667
2 0.683333 0.626667 0.015833 0.068333
2 0.433333 0.718333 0.011667 0.025000
2 0.647500 0.343333 0.048333 0.025000
2 0.230000 0.685000 0.058333 0.076667
3 0.727500 0.721667 0.007500 0.016667
2 0.470833 0.158333 0.010833 0.091667
2 0.310833 0.640000 0.029167 0.038333
3 0.764167 0.413333 0.010000 0.016667
2 0.722500 0.346667 0.014167 0.015000
2 0.286667 0.725000 0.023333 0.041667
3 0.775000 0.380000 0.009167 0.016667
2 0.277500 0.291667 0.009167 0.031667
2 0.648333 0.385000 0.020833 0.080000
3 0.454167 0.271667 0.014167 0.025000
2 0.671667 0.441667 0.023333 0.041667
3 0.240000 0.350000 0.007500 0.015000
3 0.679167 0.445000 0.011667 0.020000
2 0.479167 0.610000 0.020833 0.080000
2 0.525833 0.365000 0.020833 0.028333
2 0.526667 0.650000 0.021667 0.090000
3 0.266667 0.723333 0.009167 0.018333
3 0.662500 0.668333 0.009167 0.016667
2 0.790833 0.763333 0.010833 0.091667
3 0.794167 0.636667 0.013333 0.015000
2 0.539167 0.363333 0.045833 0.021667
2 0.485000 0.370000 0.097500 0.053333
2 0.515833 0.291667 0.045833 0.021667
3 0.677500 0.340000 0.007500 0.016667
2 0.269167 0.673333 0.030833 0.051667
2 0.523333 0.405000 0.010833 0.091667
3 0.775000 0.428333 0.010000 0.016667
3 0.259167 0.363333 0.008333 0.016667
3 0.383333 0.693333 0.006667 0.018333
2 0.655833 0.383333 0.020833 0.080000
2 0.250833 0.656667 0.048333 0.025000
3 0.741667 0.746667 0.008333 0.016667
3 0.465833 0.373333 0.010000 0.016667
3 0.535833 0.426667 0.011667 0.030000
2 0.494167 0.745000 0.035000 0.105000
2 0.659167 0.391667 0.021667 0.090000
2 0.447500 0.305000 0.022500 0.023333
3 0.510833 0.423333 0.013333 0.031667
3 0.402500 0.695000 0.010000 0.016667
3 0.414167 0.780000 0.007500 0.015000
2 0.694167 0.358333 0.009167 0.031667
2 0.527500 0.656667 0.048333 0.025000
3 0.477500 0.226667 0.009167 0.023333
2 0.638333 0.376667 0.027500 0.016667
3 0.700833 0.666667 0.007500 0.016667
2 0.235000 0.361667 0.009167 0.040000
2 0.776667 0.401667 0.019167 0.046667
3 0.640000 0.400000 0.006667 0.018333
2 0.372500 0.666667 0.035000 0.105000
2 0.449167 0.785000 0.020833 0.080000
3 0.470833 0.355000 0.007500 0.015000
3 0.270000 0.751667 0.007500 0.016667
2 0.697500 0.641667 0.020833 0.080000
3 0.324167 0.408333 0.007500 0.018333
2 0.734167 0.361667 0.045833 0.021667
2 0.559167 0.740000 0.014167 0.015000
2 0.315000 0.263333 0.034167 0.100000
2 0.324167 0.638333 0.011667 0.066667
2 0.803333 0.641667 0.020000 0.021667
3 0.690833 0.380000 0.014167 0.025000
2 0.220833 0.335000 0.020000 0.021667
3 0.256667 0.365000 0.013333 0.031667
3 0.226667 0.338333 0.008333 0.016667
3 0.357500 0.611667 0.009167 0.018333
