4 0.845833 0.688333 0.073333 0.185000
4 0.882500 0.543333 0.095833 0.051667
4 0.797500 0.418333 0.137500 0.068333
4 0.821667 0.558333 0.120833 0.031667
4 0.854167 0.508333 0.111667 0.113333
4 0.803333 0.541667 0.127500 0.191667
4 0.861667 0.615000 0.085833 0.031667
4 0.852500 0.543333 0.080000 0.136667
4 0.815000 0.565000 0.047500 0.050000
4 0.802500 0.526667 0.136667 0.336667
4 0.774167 0.663333 0.110833 0.173333
4 0.315000 0.465000 0.032500 0.066667
4 0.139167 0.606667 0.160833 0.161667
4 0.182500 0.773333 0.188333 0.451667
4 0.585000 0.548333 0.065833 0.108333
4 0.778333 0.558333 0.099167 0.043333
4 0.312500 0.608333 0.157500 0.165000
4 0.443333 0.541667 0.070833 0.021667
4 0.059167 0.515000 0.118333 0.060000
4 0.188333 0.535000 0.072500 0.073333
2 0.496667 0.450000 0.034167 0.038333
3 0.430833 0.465000 0.009167 0.015000
2 0.254167 0.603333 0.022500 0.023333
3 0.492500 0.505000 0.013333 0.015000
3 0.742500 0.490000 0.009167 0.018333
3 0.029167 0.485000 0.007500 0.018333
3 0.361667 0.490000 0.007500 0.016667
2 0.657500 0.566667 0.034167 0.100000
2 0.782500 0.435000 0.019167 0.046667
2 0.460000 0.396667 0.045833 0.021667
3 0.637500 0.486667 0.009167 0.016667
2 0.493333 0.423333 0.020833 0.080000
2 0.486667 0.475000 0.013333 0.070000
3 0.434167 0.511667 0.015833 0.051667
3 0.748333 0.490000 0.008333 0.016667
2 0.655000 0.535000 0.048333 0.025000
2 0.044167 0.490000 0.020833 0.080000
2 0.793333 0.488333 0.009167 0.031667
3 0.580000 0.526667 0.010000 0.016667
3 0.217500 0.550000 0.011667 0.030000
2 0.279167 0.508333 0.027500 0.016667
2 0.542500 0.586667 0.014167 0.015000
2 0.652500 0.566667 0.045833 0.021667
2 0.459167 0.491667 0.058333 0.076667
3 0.720000 0.500000 0.009167 0.016667
3 0.160833 0.515000 0.011667 0.030000
2 0.673333 0.560000 0.026667 0.035000
3 0.625833 0.466667 0.009167 0.016667
2 0.644167 0.573333 0.021667 0.090000
3 0.254167 0.511667 0.010000 0.016667
3 0.294167 0.511667 0.014167 0.025000
2 0.732500 0.550000 0.014167 0.015000
3 0.299167 0.460000 0.017500 0.031667
2 0.395833 0.565000 0.023333 0.041667
2 0.496667 0.510000 0.035000 0.105000
2 0.735000 0.413333 0.035000 0.105000
3 0.284167 0.465000 0.007500 0.018333
3 0.726667 0.483333 0.009167 0.016667
3 0.158333 0.531667 0.008333 0.016667
2 0.105833 0.601667 0.030833 0.051667
2 0.568333 0.485000 0.097500 0.053333
3 0.179167 0.593333 0.007500 0.015000
3 0.540833 0.578333 0.009167 0.018333
2 0.305833 0.563333 0.015833 0.068333
3 0.339167 0.566667 0.009167 0.016667
2 0.301667 0.546667 0.029167 0.038333
3 0.738333 0.463333 0.015833 0.051667
3 0.286667 0.585000 0.009167 0.015000
3 0.470833 0.565000 0.010000 0.020000
3 0.471667 0.531667 0.009167 0.016667
2 0.615833 0.491667 0.020000 0.021667
2 0.635833 0.480000 0.019167 0.046667
2 0.044167 0.540000 0.013333 0.070000
2 0.016667 0.570000 0.033333 0.021667
3 0.032500 0.473333 0.013333 0.015000
3 0.745000 0.521667 0.011667 0.020000
3 0.056667 0.563333 0.008333 0.016667
3 0.298333 0.515000 0.006667 0.018333
2 0.440000 0.571667 0.022500 0.023333
2 0.130833 0.480000 0.021667 0.090000
3 0.375000 0.513333 0.009167 0.015000
3 0.109167 0.573333 0.009167 0.016667
3 0.422500 0.560000 0.007500 0.015000
2 0.425000 0.590000 0.026667 0.035000
3 0.491667 0.438333 0.017500 0.031667
2 0.470000 0.471667 0.035000 0.105000
3 0.138333 0.493333 0.009167 0.023333
2 0.105000 0.501667 0.009167 0.040000
3 0.346667 0.506667 0.017500 0.031667
2 0.258333 0.553333 0.023333 0.106667
3 0.522500 0.533333 0.007500 0.016667
2 0.358333 0.495000 0.019167 0.046667
2 0.534167 0.555000 0.097500 0.053333
3 0.231667 0.526667 0.011667 0.030000
2 0.306667 0.460000 0.045833 0.021667
2 0.565000 0.570000 0.020000 0.021667
2 0.501667 0.501667 0.014167 0.015000
3 0.069167 0.476667 0.011667 0.020000
3 0.338333 0.450000 0.010833 0.013333
2 0.136667 0.556667 0.014167 0.015000
3 0.761667 0.541667 0.013333 0.031667
3 0.101667 0.463333 0.011667 0.030000
2 0.355000 0.568333 0.013333 0.070000
3 0.640833 0.568333 0.007500 0.018333
3 0.164167 0.483333 0.009167 0.016667
2 0.594167 0.540000 0.013333 0.070000
3 0.248333 0.543333 0.013333 0.031667
3 0.694167 0.468333 0.010000 0.016667
3 0.320000 0.541667 0.008333 0.016667
3 0.443333 0.598333 0.017500 0.031667
2 0.705000 0.560000 0.010833 0.091667
2 0.455833 0.448333 0.048333 0.025000
2 0.159167 0.430000 0.019167 0.046667
2 0.702500 0.561667 0.026667 0.035000
2 0.660833 0.555000 0.015833 0.068333
3 0.045000 0.576667 0.007500 0.015000
3 0.116667 0.498333 0.006667 0.018333
3 0.589167 0.495000 0.015833 0.051667
2 0.041667 0.501667 0.009167 0.040000
2 0.228333 0.593333 0.022500 0.023333
2 0.704167 0.563333 0.009167 0.040000
3 0.407500 0.518333 0.007500 0.015000
3 0.725833 0.670000 0.013333 0.015000
3 0.714167 0.305000 0.010000 0.020000
3 0.520833 0.400000 0.017500 0.031667
2 0.779167 0.340000 0.020833 0.080000
2 0.016667 0.580000 0.034167 0.076667
3 0.679167 0.646667 0.009167 0.015000
3 0.708333 0.680000 0.017500 0.031667
2 0.627500 0.425000 0.034167 0.038333
3 0.335000 0.636667 0.014167 0.025000
3 0.530000 0.291667 0.007500 0.015000
3 0.349167 0.403333 0.008333 0.016667
3 0.310833 0.301667 0.009167 0.016667
3 0.352500 0.763333 0.015833 0.051667
2 0.756667 0.386667 0.014167 0.015000
3 0.339167 0.223333 0.007500 0.015000
2 0.641667 0.650000 0.027500 0.016667
2 0.419167 0.651667 0.048333 0.043333
2 0.503333 0.721667 0.030833 0.051667
2 0.698333 0.356667 0.015833 0.068333
2 0.678333 0.356667 0.030833 0.051667
3 0.613333 0.335000 0.007500 0.016667
3 0.731667 0.695000 0.013333 0.031667
2 0.327500 0.610000 0.035000 0.105000
3 0.806667 0.633333 0.007500 0.018333
3 0.440833 0.816667 0.011667 0.030000
2 0.665833 0.380000 0.010000 0.031667
2 0.453333 0.871667 0.023333 0.106667
2 0.744167 0.330000 0.035000 0.105000
2 0.481667 0.371667 0.017500 0.116667
2 0.295000 0.653333 0.034167 0.038333
3 0.682500 0.638333 0.013333 0.015000
2 0.796667 0.685000 0.020833 0.080000
3 0.441667 0.791667 0.007500 0.018333
2 0.234167 0.318333 0.015833 0.068333
3 0.480000 0.378333 0.010833 0.023333
2 0.474167 0.301667 0.034167 0.100000
2 0.411667 0.806667 0.013333 0.070000
3 0.289167 0.275000 0.011667 0.020000
3 0.790000 0.643333 0.007500 0.015000
2 0.654167 0.391667 0.009167 0.031667
3 0.305000 0.150000 0.007500 0.018333
3 0.483333 0.756667 0.007500 0.018333
3 0.356667 0.403333 0.007500 0.015000
3 0.515000 0.808333 0.009167 0.015000
2 0.219167 0.301667 0.017500 0.116667
3 0.743333 0.405000 0.008333 0.016667
2 0.686667 0.358333 0.048333 0.025000
2 0.610000 0.706667 0.013333 0.070000
3 0.340833 0.671667 0.008333 0.016667
3 0.680000 0.340000 0.007500 0.016667
3 0.752500 0.715000 0.010000 0.016667
3 0.506667 0.328333 0.008333 0.016667
3 0.314167 0.396667 0.009167 0.023333
3 0.710000 0.638333 0.008333 0.021667
2 0.497500 0.246667 0.011667 0.066667
2 0.632500 0.336667 0.048333 0.025000
3 0.623333 0.345000 0.009167 0.023333
2 0.396667 0.703333 0.030833 0.051667
2 0.593333 0.170000 0.009167 0.031667
2 0.647500 0.390000 0.023333 0.041667
3 0.665000 0.420000 0.009167 0.016667
2 0.678333 0.398333 0.097500 0.053333
3 0.569167 0.638333 0.013333 0.031667
3 0.443333 0.390000 0.017500 0.031667
3 0.778333 0.348333 0.013333 0.031667
3 0.520833 0.228333 0.009167 0.023333
3 0.312500 0.373333 0.010000 0.020000
3 0.338333 0.715000 0.011667 0.030000
3 0.452500 0.745000 0.009167 0.016667
2 0.350000 0.748333 0.022500 0.023333
2 0.721667 0.416667 0.048333 0.025000
2 0.731667 0.695000 0.023333 0.041667
2 0.640833 0.375000 0.045833 0.021667
2 0.679167 0.396667 0.034167 0.100000
3 0.682500 0.350000 0.014167 0.025000
3 0.504167 0.336667 0.009167 0.023333
2 0.685833 0.623333 0.015833 0.068333
3 0.510833 0.815000 0.017500 0.031667
3 0.722500 0.658333 0.007500 0.018333
3 0.330833 0.313333 0.007500 0.015000
3 0.505000 0.676667 0.010000 0.016667
3 0.621667 0.291667 0.007500 0.015000
3 0.686667 0.281667 0.006667 0.018333
3 0.515000 0.813333 0.009167 0.023333
2 0.243333 0.658333 0.023333 0.106667
2 0.600000 0.998333 0.010833 0.001667
2 0.756667 0.416667 0.048333 0.043333
3 0.392500 0.360000 0.013333 0.031667
3 0.365000 0.656667 0.010833 0.023333
2 0.340000 0.653333 0.009167 0.040000
2 0.601667 0.656667 0.017500 0.116667
2 0.558333 0.406667 0.011667 0.066667
3 0.665833 0.418333 0.007500 0.015000
3 0.724167 0.345000 0.010833 0.013333
3 0.610000 0.390000 0.007500 0.018333
2 0.530000 0.345000 0.009167 0.040000
2 0.653333 0.413333 0.020833 0.080000
2 0.533333 0.345000 0.020833 0.028333
3 0.225833 0.335000 0.009167 0.015000
3 0.530000 0.630000 0.007500 0.015000
3 0.663333 0.666667 0.007500 0.016667
2 0.305000 0.786667 0.020833 0.028333
3 0.794167 0.713333 0.009167 0.016667
3 0.413333 0.400000 0.007500 0.018333
2 0.442500 0.705000 0.021667 0.090000
3 0.374167 0.681667 0.011667 0.030000
3 0.540833 0.341667 0.010833 0.023333
2 0.732500 0.691667 0.030833 0.051667
3 0.321667 0.760000 0.009167 0.018333
2 0.410000 0.766667 0.097500 0.053333
2 0.361667 0.628333 0.097500 0.053333
3 0.169167 0.381667 0.010833 0.013333
3 0.289167 0.771667 0.008333 0.021667
3 0.245000 0.391667 0.014167 0.025000
3 0.665833 0.381667 0.010000 0.016667
2 0.555000 0.998333 0.010000 0.001667
3 0.314167 0.393333 0.009167 0.016667
3 0.776667 0.415000 0.007500 0.015000
3 0.224167 0.641667 0.007500 0.018333
3 0.355833 0.308333 0.014167 0.025000
3 0.706667 0.355000 0.007500 0.015000
2 0.481667 0.785000 0.022500 0.023333
3 0.515833 0.600000 0.009167 0.018333
2 0.725833 0.425000 0.010000 0.031667
3 0.344167 0.373333 0.009167 0.023333
2 0.705000 0.656667 0.011667 0.066667
3 0.695833 0.733333 0.009167 0.018333
3 0.690000 0.616667 0.013333 0.015000
3 0.762500 0.751667 0.017500 0.031667
3 0.704167 0.326667 0.009167 0.016667
2 0.386667 0.408333 0.020833 0.080000
2 0.686667 0.400000 0.010000 0.031667
3 0.230833 0.678333 0.009167 0.023333
3 0.306667 0.305000 0.017500 0.031667
2 0.620000 0.658333 0.009167 0.040000
2 0.325833 0.270000 0.020000 0.021667
3 0.691667 0.371667 0.009167 0.016667
3 0.529167 0.365000 0.015833 0.051667
2 0.582500 0.305000 0.058333 0.076667
2 0.465000 0.340000 0.019167 0.046667
3 0.757500 0.633333 0.009167 0.023333
2 0.260833 0.656667 0.023333 0.106667
2 0.645000 0.348333 0.011667 0.025000
3 0.421667 0.748333 0.010833 0.013333
3 0.621667 0.396667 0.008333 0.016667
2 0.764167 0.611667 0.035000 0.105000
3 0.455833 0.801667 0.009167 0.016667
3 0.421667 0.370000 0.007500 0.018333
2 0.511667 0.271667 0.023333 0.041667
3 0.724167 0.626667 0.009167 0.016667
2 0.312500 0.236667 0.027500 0.016667
3 0.435000 0.726667 0.007500 0.018333
3 0.389167 0.380000 0.013333 0.015000
2 0.693333 0.341667 0.011667 0.025000
3 0.460000 0.703333 0.010833 0.013333
2 0.276667 0.741667 0.017500 0.116667
3 0.726667 0.403333 0.007500 0.015000
2 0.763333 0.615000 0.017500 0.116667
3 0.553333 0.358333 0.011667 0.020000
2 0.685833 0.598333 0.020833 0.080000
2 0.293333 0.331667 0.020833 0.028333
3 0.344167 0.713333 0.017500 0.031667
2 0.791667 0.656667 0.030833 0.051667
2 0.555833 0.705000 0.010833 0.091667
2 0.284167 0.301667 0.021667 0.090000
3 0.778333 0.405000 0.007500 0.016667
3 0.444167 0.720000 0.008333 0.016667
3 0.769167 0.378333 0.008333 0.021667
3 0.495833 0.365000 0.009167 0.018333
3 0.343333 0.310000 0.007500 0.018333
2 0.440833 0.748333 0.034167 0.100000
3 0.750000 0.655000 0.008333 0.016667
2 0.635000 0.418333 0.048333 0.025000
3 0.735833 0.696667 0.011667 0.020000
3 0.278333 0.655000 0.013333 0.031667
3 0.340833 0.628333 0.014167 0.025000
2 0.317500 0.376667 0.013333 0.070000
3 0.510000 0.290000 0.010000 0.020000
3 0.665833 0.418333 0.008333 0.016667
3 0.458333 0.700000 0.014167 0.025000
2 0.525833 0.620000 0.014167 0.015000
3 0.802500 0.645000 0.014167 0.025000
3 0.519167 0.396667 0.009167 0.016667
3 0.722500 0.658333 0.007500 0.016667
2 0.648333 0.616667 0.009167 0.040000
2 0.764167 0.435000 0.020833 0.080000
3 0.778333 0.655000 0.008333 0.016667
2 0.304167 0.671667 0.014167 0.015000
2 0.549167 0.733333 0.021667 0.090000
3 0.792500 0.725000 0.007500 0.015000
3 0.281667 0.641667 0.009167 0.016667
3 0.500000 0.341667 0.009167 0.015000
2 0.700833 0.353333 0.011667 0.066667
3 0.468333 0.715000 0.011667 0.030000
2 0.350833 0.333333 0.034167 0.100000
2 0.434167 0.718333 0.013333 0.070000
2 0.729167 0.803333 0.020833 0.028333
2 0.375833 0.641667 0.058333 0.076667
