4 0.751667 0.448333 0.332500 0.226667
4 0.775000 0.561667 0.125000 0.091667
4 0.715833 0.368333 0.327500 0.208333
4 0.825000 0.450000 0.139167 0.228333
4 0.856667 0.503333 0.060000 0.036667
4 0.740000 0.503333 0.257500 0.106667
4 0.848333 0.508333 0.064167 0.086667
4 0.746667 0.460000 0.185833 0.115000
4 0.864167 0.496667 0.044167 0.038333
4 0.845833 0.520000 0.073333 0.066667
4 0.406667 0.483333 0.104167 0.161667
4 0.471667 0.490000 0.109167 0.128333
4 0.288333 0.490000 0.090000 0.083333
4 0.590833 0.503333 0.065000 0.053333
4 0.269167 0.535000 0.056667 0.031667
4 0.024167 0.633333 0.048333 0.180000
4 0.080833 0.660000 0.162500 0.220000
4 0.153333 0.563333 0.087500 0.101667
4 0.522500 0.573333 0.047500 0.070000
4 0.442500 0.541667 0.137500 0.065000
2 0.031667 0.505000 0.058333 0.076667
3 0.430000 0.571667 0.015833 0.051667
2 0.140833 0.448333 0.022500 0.023333
2 0.604167 0.526667 0.020000 0.021667
2 0.598333 0.558333 0.022500 0.023333
2 0.441667 0.593333 0.015833 0.068333
2 0.619167 0.511667 0.013333 0.070000
2 0.480000 0.506667 0.017500 0.116667
2 0.748333 0.606667 0.013333 0.070000
3 0.822500 0.546667 0.009167 0.018333
3 0.308333 0.521667 0.008333 0.016667
3 0.493333 0.415000 0.007500 0.018333
3 0.240000 0.530000 0.008333 0.016667
2 0.555833 0.541667 0.020000 0.021667
3 0.160000 0.531667 0.008333 0.021667
3 0.425833 0.466667 0.010000 0.020000
2 0.083333 0.488333 0.020833 0.028333
3 0.827500 0.471667 0.010000 0.016667
2 0.181667 0.520000 0.045833 0.021667
2 0.024167 0.503333 0.034167 0.100000
2 0.800000 0.473333 0.022500 0.023333
2 0.061667 0.520000 0.034167 0.100000
3 0.194167 0.473333 0.010000 0.016667
2 0.400000 0.575000 0.021667 0.090000
2 0.401667 0.581667 0.023333 0.106667
2 0.342500 0.521667 0.020833 0.080000
2 0.330000 0.456667 0.011667 0.025000
2 0.418333 0.580000 0.048333 0.025000
3 0.640000 0.450000 0.009167 0.018333
2 0.111667 0.576667 0.010833 0.091667
3 0.695000 0.505000 0.010833 0.013333
3 0.783333 0.553333 0.009167 0.016667
3 0.346667 0.578333 0.009167 0.016667
3 0.260000 0.583333 0.007500 0.015000
3 0.328333 0.545000 0.011667 0.020000
3 0.061667 0.490000 0.010833 0.013333
2 0.122500 0.486667 0.097500 0.053333
2 0.610833 0.568333 0.048333 0.025000
2 0.052500 0.536667 0.014167 0.015000
2 0.026667 0.455000 0.011667 0.066667
2 0.426667 0.543333 0.023333 0.041667
3 0.560000 0.566667 0.008333 0.016667
2 0.325000 0.558333 0.013333 0.070000
3 0.250833 0.466667 0.011667 0.020000
2 0.586667 0.508333 0.017500 0.116667
3 0.184167 0.485000 0.009167 0.023333
3 0.268333 0.550000 0.008333 0.021667
2 0.625000 0.578333 0.026667 0.035000
3 0.329167 0.438333 0.008333 0.016667
3 0.637500 0.550000 0.007500 0.015000
2 0.347500 0.520000 0.029167 0.038333
3 0.285000 0.515000 0.009167 0.015000
2 0.285833 0.485000 0.013333 0.070000
2 0.403333 0.505000 0.034167 0.038333
3 0.314167 0.498333 0.011667 0.030000
2 0.607500 0.493333 0.020833 0.080000
2 0.138333 0.460000 0.023333 0.041667
2 0.153333 0.513333 0.009167 0.031667
2 0.265000 0.516667 0.029167 0.038333
2 0.730833 0.460000 0.014167 0.015000
2 0.255000 0.565000 0.020833 0.080000
2 0.230000 0.446667 0.017500 0.116667
3 0.559167 0.530000 0.009167 0.016667
2 0.114167 0.515000 0.022500 0.023333
2 0.319167 0.555000 0.026667 0.035000
2 0.070000 0.508333 0.020833 0.028333
3 0.215000 0.556667 0.007500 0.016667
2 0.230833 0.580000 0.017500 0.116667
2 0.287500 0.486667 0.034167 0.100000
3 0.099167 0.506667 0.009167 0.016667
3 0.081667 0.540000 0.008333 0.016667
2 0.394167 0.560000 0.034167 0.100000
3 0.646667 0.540000 0.010833 0.013333
2 0.300833 0.591667 0.030833 0.051667
2 0.335000 0.583333 0.027500 0.016667
2 0.089167 0.555000 0.021667 0.090000
3 0.624167 0.536667 0.008333 0.016667
2 0.768333 0.563333 0.022500 0.023333
3 0.107500 0.520000 0.009167 0.016667
3 0.517500 0.493333 0.013333 0.015000
3 0.715833 0.541667 0.007500 0.016667
3 0.487500 0.538333 0.007500 0.018333
3 0.131667 0.560000 0.007500 0.016667
3 0.767500 0.558333 0.009167 0.016667
3 0.267500 0.495000 0.010833 0.023333
2 0.455000 0.551667 0.010000 0.031667
3 0.338333 0.585000 0.008333 0.016667
2 0.132500 0.475000 0.034167 0.038333
2 0.810000 0.503333 0.019167 0.046667
3 0.534167 0.561667 0.013333 0.015000
2 0.460833 0.538333 0.010833 0.091667
2 0.551667 0.566667 0.027500 0.016667
3 0.716667 0.591667 0.017500 0.031667
2 0.775000 0.503333 0.045833 0.021667
3 0.510000 0.525000 0.010833 0.013333
3 0.205833 0.576667 0.014167 0.025000
3 0.744167 0.486667 0.011667 0.020000
2 0.347500 0.503333 0.009167 0.031667
3 0.036667 0.478333 0.017500 0.031667
3 0.207500 0.443333 0.013333 0.015000
3 0.595833 0.470000 0.007500 0.016667
2 0.725833 0.543333 0.034167 0.100000
2 0.418333 0.875000 0.058333 0.076667
3 0.675000 0.430000 0.013333 0.015000
2 0.655833 0.636667 0.030833 0.051667
2 0.261667 0.610000 0.020833 0.080000
2 0.285833 0.731667 0.034167 0.100000
2 0.709167 0.711667 0.048333 0.043333
2 0.680000 0.708333 0.058333 0.076667
3 0.518333 0.231667 0.008333 0.016667
2 0.694167 0.395000 0.097500 0.053333
2 0.456667 0.276667 0.035000 0.105000
2 0.252500 0.321667 0.009167 0.040000
2 0.700000 0.648333 0.009167 0.040000
2 0.662500 0.371667 0.034167 0.100000
2 0.290000 0.435000 0.034167 0.100000
3 0.311667 0.353333 0.010000 0.016667
3 0.453333 0.290000 0.013333 0.031667
2 0.430000 0.755000 0.023333 0.106667
3 0.454167 0.786667 0.009167 0.016667
2 0.701667 0.355000 0.009167 0.040000
2 0.435833 0.668333 0.034167 0.038333
2 0.145000 0.378333 0.097500 0.053333
2 0.440000 0.680000 0.020833 0.080000
2 0.693333 0.663333 0.010000 0.031667
2 0.690000 0.778333 0.013333 0.070000
2 0.382500 0.685000 0.058333 0.076667
2 0.183333 0.426667 0.021667 0.090000
3 0.745833 0.310000 0.010833 0.023333
2 0.679167 0.375000 0.021667 0.090000
3 0.730833 0.443333 0.010000 0.020000
2 0.406667 0.656667 0.011667 0.066667
2 0.524167 0.338333 0.011667 0.066667
2 0.718333 0.655000 0.048333 0.025000
3 0.732500 0.651667 0.006667 0.018333
2 0.684167 0.420000 0.010000 0.031667
2 0.697500 0.700000 0.027500 0.016667
2 0.533333 0.731667 0.023333 0.041667
3 0.450833 0.711667 0.007500 0.015000
2 0.761667 0.330000 0.011667 0.025000
2 0.538333 0.643333 0.020833 0.028333
3 0.380833 0.366667 0.006667 0.018333
3 0.305000 0.321667 0.009167 0.016667
3 0.642500 0.426667 0.009167 0.016667
3 0.395833 0.343333 0.010833 0.013333
2 0.697500 0.635000 0.020000 0.021667
2 0.760833 0.323333 0.010000 0.031667
3 0.795833 0.415000 0.017500 0.031667
2 0.561667 0.698333 0.013333 0.070000
2 0.470000 0.670000 0.013333 0.070000
3 0.492500 0.336667 0.008333 0.016667
3 0.711667 0.450000 0.008333 0.016667
2 0.599167 0.640000 0.035000 0.105000
2 0.564167 0.660000 0.027500 0.016667
2 0.691667 0.450000 0.034167 0.100000
3 0.645000 0.336667 0.013333 0.031667
3 0.694167 0.386667 0.008333 0.016667
2 0.422500 0.803333 0.027500 0.016667
2 0.460833 0.841667 0.017500 0.116667
2 0.380000 0.398333 0.023333 0.106667
3 0.800833 0.415000 0.008333 0.021667
2 0.405833 0.703333 0.045833 0.021667
2 0.289167 0.760000 0.015833 0.068333
3 0.668333 0.398333 0.007500 0.015000
3 0.392500 0.383333 0.006667 0.018333
3 0.275833 0.280000 0.013333 0.015000
2 0.481667 0.778333 0.034167 0.100000
2 0.502500 0.398333 0.097500 0.053333
3 0.459167 0.691667 0.010000 0.020000
2 0.616667 0.375000 0.026667 0.035000
2 0.448333 0.663333 0.009167 0.031667
2 0.750833 0.433333 0.010833 0.091667
2 0.333333 0.741667 0.021667 0.090000
2 0.543333 0.631667 0.011667 0.066667
2 0.631667 0.655000 0.026667 0.035000
2 0.245000 0.358333 0.048333 0.025000
3 0.686667 0.660000 0.007500 0.015000
3 0.441667 0.811667 0.009167 0.018333
3 0.420833 0.658333 0.009167 0.023333
2 0.798333 0.716667 0.048333 0.025000
2 0.671667 0.633333 0.027500 0.016667
3 0.654167 0.415000 0.010000 0.016667
2 0.670833 0.696667 0.010833 0.091667
3 0.829167 0.425000 0.008333 0.016667
2 0.255833 0.401667 0.009167 0.031667
2 0.778333 0.606667 0.023333 0.041667
3 0.797500 0.660000 0.008333 0.016667
2 0.682500 0.361667 0.023333 0.106667
2 0.454167 0.246667 0.097500 0.053333
2 0.507500 0.820000 0.010000 0.031667
2 0.752500 0.335000 0.026667 0.035000
2 0.270833 0.256667 0.034167 0.038333
2 0.416667 0.686667 0.048333 0.043333
2 0.244167 0.350000 0.026667 0.035000
2 0.640833 0.310000 0.097500 0.053333
3 0.692500 0.371667 0.008333 0.016667
2 0.751667 0.691667 0.058333 0.076667
2 0.386667 0.405000 0.021667 0.090000
2 0.454167 0.716667 0.034167 0.038333
2 0.550833 0.801667 0.019167 0.046667
3 0.424167 0.815000 0.007500 0.018333
3 0.667500 0.636667 0.009167 0.016667
3 0.533333 0.365000 0.007500 0.018333
3 0.734167 0.398333 0.009167 0.016667
2 0.373333 0.703333 0.013333 0.070000
3 0.540000 0.708333 0.013333 0.031667
2 0.661667 0.655000 0.019167 0.046667
2 0.598333 0.358333 0.020833 0.028333
3 0.678333 0.370000 0.006667 0.018333
2 0.311667 0.755000 0.010833 0.091667
3 0.310833 0.200000 0.014167 0.025000
3 0.389167 0.650000 0.009167 0.016667
3 0.735833 0.813333 0.008333 0.016667
3 0.482500 0.648333 0.007500 0.018333
3 0.364167 0.701667 0.009167 0.016667
2 0.624167 0.611667 0.020833 0.080000
2 0.764167 0.323333 0.058333 0.076667
2 0.685000 0.715000 0.048333 0.043333
2 0.515833 0.581667 0.035000 0.105000
3 0.747500 0.416667 0.009167 0.023333
2 0.683333 0.633333 0.011667 0.025000
3 0.411667 0.730000 0.017500 0.031667
2 0.650833 0.368333 0.020833 0.080000
3 0.571667 0.633333 0.007500 0.015000
3 0.786667 0.338333 0.008333 0.016667
2 0.672500 0.248333 0.058333 0.076667
2 0.495000 0.375000 0.058333 0.076667
3 0.660000 0.421667 0.009167 0.016667
2 0.730000 0.365000 0.035000 0.105000
2 0.458333 0.248333 0.020833 0.080000
3 0.335000 0.231667 0.009167 0.023333
2 0.360000 0.423333 0.013333 0.070000
2 0.413333 0.808333 0.020833 0.080000
3 0.735833 0.640000 0.007500 0.015000
3 0.300000 0.648333 0.010000 0.020000
3 0.487500 0.288333 0.014167 0.025000
3 0.245000 0.375000 0.010000 0.020000
2 0.663333 0.263333 0.020833 0.028333
3 0.565000 0.383333 0.013333 0.031667
2 0.530833 0.415000 0.048333 0.043333
2 0.603333 0.400000 0.014167 0.015000
3 0.775000 0.381667 0.009167 0.023333
2 0.658333 0.588333 0.035000 0.105000
2 0.395833 0.755000 0.030833 0.051667
3 0.797500 0.718333 0.007500 0.015000
3 0.466667 0.725000 0.010000 0.020000
2 0.353333 0.753333 0.014167 0.015000
2 0.655000 0.355000 0.014167 0.015000
2 0.678333 0.623333 0.015833 0.068333
3 0.447500 0.386667 0.009167 0.016667
2 0.407500 0.853333 0.022500 0.023333
3 0.606667 0.660000 0.007500 0.016667
3 0.759167 0.611667 0.007500 0.015000
3 0.453333 0.665000 0.013333 0.031667
3 0.345000 0.671667 0.007500 0.015000
3 0.322500 0.696667 0.008333 0.016667
2 0.647500 0.708333 0.048333 0.043333
3 0.190000 0.400000 0.008333 0.016667
2 0.267500 0.681667 0.011667 0.066667
2 0.237500 0.838333 0.019167 0.046667
3 0.404167 0.370000 0.010833 0.013333
2 0.587500 0.151667 0.020833 0.028333
2 0.572500 0.656667 0.011667 0.025000
3 0.413333 0.846667 0.011667 0.020000
2 0.435000 0.340000 0.017500 0.116667
2 0.312500 0.710000 0.017500 0.116667
3 0.697500 0.360000 0.009167 0.023333
2 0.399167 0.655000 0.011667 0.025000
2 0.150000 0.645000 0.026667 0.035000
2 0.677500 0.620000 0.015833 0.068333
2 0.319167 0.650000 0.020833 0.028333
3 0.724167 0.398333 0.007500 0.015000
2 0.309167 0.370000 0.034167 0.100000
3 0.665000 0.676667 0.009167 0.018333
3 0.240000 0.763333 0.008333 0.016667
3 0.456667 0.205000 0.007500 0.018333
2 0.649167 0.263333 0.029167 0.038333
2 0.228333 0.388333 0.023333 0.041667
2 0.392500 0.685000 0.048333 0.043333
2 0.705833 0.360000 0.034167 0.038333
3 0.514167 0.356667 0.014167 0.025000
3 0.440000 0.658333 0.011667 0.030000
3 0.688333 0.358333 0.011667 0.030000
3 0.490833 0.346667 0.017500 0.031667
3 0.743333 0.605000 0.014167 0.025000
3 0.575000 0.656667 0.017500 0.031667
2 0.265000 0.736667 0.020000 0.021667
2 0.745000 0.368333 0.048333 0.025000
2 0.765833 0.693333 0.014167 0.015000
3 0.812500 0.401667 0.010000 0.016667
2 0.275000 0.346667 0.034167 0.100000
2 0.257500 0.275000 0.027500 0.016667
3 0.762500 0.415000 0.013333 0.031667
2 0.430000 0.380000 0.023333 0.106667
3 0.740833 0.690000 0.009167 0.016667
3 0.313333 0.238333 0.011667 0.030000
2 0.623333 0.633333 0.015833 0.068333
2 0.540000 0.273333 0.011667 0.025000
3 0.659167 0.426667 0.011667 0.030000
2 0.616667 0.415000 0.020833 0.080000
