4 0.869167 0.425000 0.084167 0.058333
4 0.827500 0.556667 0.078333 0.070000
4 0.835833 0.566667 0.054167 0.066667
4 0.850000 0.568333 0.078333 0.076667
4 0.879167 0.555000 0.100833 0.051667
4 0.790833 0.571667 0.095000 0.025000
4 0.809167 0.550000 0.102500 0.171667
4 0.888333 0.566667 0.065000 0.055000
4 0.840833 0.648333 0.086667 0.125000
4 0.830833 0.590000 0.110000 0.148333
4 0.659167 0.478333 0.091667 0.165000
4 0.069167 0.658333 0.139167 0.203333
4 0.706667 0.488333 0.057500 0.031667
4 0.399167 0.575000 0.105833 0.178333
4 0.544167 0.633333 0.202500 0.218333
4 0.290833 0.448333 0.204167 0.228333
4 0.176667 0.641667 0.131667 0.200000
4 0.308333 0.631667 0.133333 0.195000
4 0.748333 0.605000 0.142500 0.170000
4 0.543333 0.608333 0.165000 0.151667
3 0.429167 0.586667 0.011667 0.020000
3 0.251667 0.568333 0.007500 0.015000
2 0.684167 0.606667 0.009167 0.031667
3 0.736667 0.576667 0.009167 0.018333
2 0.525833 0.565000 0.010000 0.031667
3 0.772500 0.456667 0.007500 0.018333
3 0.614167 0.518333 0.011667 0.020000
3 0.252500 0.586667 0.008333 0.021667
3 0.575833 0.476667 0.014167 0.025000
3 0.109167 0.566667 0.007500 0.015000
2 0.438333 0.490000 0.011667 0.025000
3 0.372500 0.565000 0.010833 0.013333
2 0.190833 0.565000 0.034167 0.100000
2 0.416667 0.551667 0.034167 0.100000
3 0.073333 0.480000 0.015833 0.051667
3 0.306667 0.506667 0.009167 0.018333
3 0.112500 0.566667 0.006667 0.018333
3 0.480000 0.571667 0.007500 0.016667
2 0.655000 0.560000 0.058333 0.076667
3 0.139167 0.465000 0.009167 0.015000
3 0.643333 0.566667 0.013333 0.015000
2 0.746667 0.511667 0.014167 0.015000
2 0.155000 0.523333 0.010000 0.031667
3 0.088333 0.570000 0.007500 0.018333
3 0.097500 0.536667 0.011667 0.030000
2 0.400000 0.558333 0.034167 0.100000
2 0.338333 0.460000 0.048333 0.043333
2 0.373333 0.570000 0.034167 0.100000
3 0.145000 0.508333 0.010000 0.020000
2 0.115000 0.526667 0.020833 0.080000
3 0.575833 0.486667 0.013333 0.015000
3 0.610000 0.566667 0.011667 0.030000
2 0.773333 0.566667 0.015833 0.068333
3 0.764167 0.523333 0.006667 0.018333
3 0.311667 0.530000 0.013333 0.015000
2 0.444167 0.553333 0.020833 0.028333
2 0.424167 0.526667 0.048333 0.043333
2 0.110000 0.518333 0.026667 0.035000
2 0.545000 0.578333 0.019167 0.046667
3 0.186667 0.543333 0.008333 0.016667
3 0.696667 0.530000 0.010833 0.013333
2 0.798333 0.620000 0.030833 0.051667
2 0.652500 0.593333 0.026667 0.035000
3 0.326667 0.535000 0.013333 0.015000
3 0.739167 0.523333 0.007500 0.018333
3 0.551667 0.508333 0.008333 0.016667
2 0.394167 0.560000 0.009167 0.040000
3 0.067500 0.558333 0.008333 0.016667
3 0.265833 0.576667 0.009167 0.016667
2 0.793333 0.476667 0.048333 0.043333
2 0.791667 0.536667 0.029167 0.038333
2 0.330833 0.541667 0.035000 0.105000
3 0.340833 0.526667 0.007500 0.016667
2 0.234167 0.506667 0.020833 0.080000
3 0.346667 0.600000 0.007500 0.018333
3 0.302500 0.540000 0.009167 0.016667
2 0.364167 0.488333 0.048333 0.043333
2 0.435833 0.496667 0.058333 0.076667
2 0.438333 0.556667 0.023333 0.041667
3 0.276667 0.470000 0.010000 0.016667
3 0.310000 0.575000 0.009167 0.016667
2 0.477500 0.500000 0.023333 0.106667
2 0.223333 0.538333 0.022500 0.023333
3 0.354167 0.470000 0.009167 0.015000
3 0.680000 0.516667 0.011667 0.030000
2 0.626667 0.556667 0.023333 0.106667
2 0.629167 0.486667 0.034167 0.100000
3 0.251667 0.585000 0.006667 0.018333
2 0.427500 0.438333 0.035000 0.105000
2 0.091667 0.523333 0.097500 0.053333
3 0.650833 0.468333 0.007500 0.015000
2 0.670833 0.540000 0.048333 0.025000
3 0.036667 0.468333 0.011667 0.020000
3 0.369167 0.580000 0.013333 0.015000
3 0.405833 0.578333 0.015833 0.051667
3 0.240833 0.596667 0.007500 0.018333
3 0.092500 0.561667 0.007500 0.015000
3 0.316667 0.530000 0.010000 0.016667
2 0.550000 0.493333 0.011667 0.066667
2 0.122500 0.520000 0.023333 0.041667
2 0.595833 0.576667 0.058333 0.076667
3 0.243333 0.583333 0.010000 0.016667
3 0.110000 0.533333 0.014167 0.025000
3 0.719167 0.515000 0.009167 0.016667
3 0.806667 0.530000 0.007500 0.015000
2 0.272500 0.453333 0.023333 0.106667
3 0.190833 0.450000 0.007500 0.018333
2 0.395000 0.486667 0.029167 0.038333
3 0.478333 0.593333 0.009167 0.018333
3 0.335833 0.608333 0.008333 0.016667
2 0.192500 0.470000 0.023333 0.041667
3 0.279167 0.493333 0.013333 0.015000
3 0.187500 0.471667 0.010833 0.023333
3 0.687500 0.565000 0.015833 0.051667
3 0.155833 0.533333 0.008333 0.021667
2 0.215000 0.528333 0.019167 0.046667
2 0.071667 0.505000 0.020000 0.021667
3 0.295833 0.456667 0.007500 0.018333
3 0.605000 0.491667 0.010000 0.016667
3 0.571667 0.546667 0.008333 0.016667
2 0.658333 0.573333 0.021667 0.090000
2 0.262500 0.450000 0.048333 0.025000
2 0.250833 0.390000 0.010000 0.031667
2 0.679167 0.656667 0.015833 0.068333
3 0.495833 0.366667 0.009167 0.016667
3 0.435833 0.400000 0.008333 0.016667
3 0.696667 0.716667 0.008333 0.021667
2 0.620833 0.371667 0.026667 0.035000
2 0.763333 0.678333 0.019167 0.046667
2 0.343333 0.363333 0.011667 0.025000
3 0.517500 0.231667 0.009167 0.018333
2 0.491667 0.310000 0.058333 0.076667
3 0.313333 0.645000 0.011667 0.020000
3 0.440833 0.313333 0.014167 0.025000
2 0.715833 0.410000 0.011667 0.066667
3 0.516667 0.365000 0.009167 0.016667
3 0.315000 0.393333 0.008333 0.016667
3 0.291667 0.281667 0.007500 0.016667
2 0.757500 0.393333 0.030833 0.051667
2 0.670000 0.285000 0.097500 0.053333
3 0.693333 0.346667 0.008333 0.021667
2 0.415000 0.771667 0.035000 0.105000
2 0.810000 0.718333 0.014167 0.015000
3 0.419167 0.668333 0.010833 0.013333
2 0.685000 0.663333 0.048333 0.043333
2 0.702500 0.288333 0.097500 0.053333
2 0.276667 0.313333 0.035000 0.105000
2 0.260833 0.715000 0.020833 0.028333
3 0.540833 0.341667 0.010833 0.023333
3 0.667500 0.445000 0.007500 0.018333
2 0.214167 0.655000 0.015833 0.068333
2 0.695833 0.366667 0.020833 0.080000
2 0.511667 0.328333 0.035000 0.105000
3 0.627500 0.331667 0.008333 0.021667
3 0.541667 0.695000 0.010000 0.016667
3 0.562500 0.741667 0.008333 0.016667
2 0.639167 0.400000 0.023333 0.106667
3 0.506667 0.305000 0.009167 0.016667
2 0.224167 0.766667 0.010000 0.031667
3 0.310000 0.766667 0.015833 0.051667
2 0.400833 0.658333 0.014167 0.015000
2 0.304167 0.688333 0.097500 0.053333
3 0.350833 0.616667 0.011667 0.030000
2 0.785833 0.626667 0.015833 0.068333
3 0.680833 0.443333 0.007500 0.015000
3 0.684167 0.421667 0.010000 0.016667
2 0.375833 0.661667 0.020833 0.080000
3 0.686667 0.663333 0.007500 0.018333
2 0.625000 0.396667 0.015833 0.068333
3 0.555000 0.998333 0.009167 0.001667
3 0.330833 0.313333 0.008333 0.016667
2 0.670833 0.421667 0.017500 0.116667
2 0.193333 0.718333 0.029167 0.038333
2 0.783333 0.598333 0.058333 0.076667
2 0.273333 0.298333 0.009167 0.031667
2 0.787500 0.618333 0.027500 0.016667
2 0.424167 0.645000 0.011667 0.066667
3 0.434167 0.693333 0.013333 0.031667
3 0.446667 0.366667 0.007500 0.018333
2 0.618333 0.325000 0.019167 0.046667
2 0.293333 0.676667 0.015833 0.068333
3 0.455833 0.751667 0.007500 0.015000
2 0.553333 0.326667 0.010000 0.031667
2 0.221667 0.693333 0.020833 0.080000
3 0.359167 0.315000 0.008333 0.016667
3 0.631667 0.378333 0.006667 0.018333
3 0.292500 0.273333 0.008333 0.021667
3 0.366667 0.296667 0.011667 0.030000
2 0.758333 0.590000 0.058333 0.076667
3 0.275833 0.283333 0.013333 0.031667
2 0.226667 0.655000 0.011667 0.025000
2 0.621667 0.325000 0.020000 0.021667
2 0.444167 0.683333 0.020833 0.080000
3 0.338333 0.370000 0.009167 0.018333
2 0.798333 0.681667 0.058333 0.076667
3 0.800833 0.401667 0.007500 0.015000
3 0.687500 0.425000 0.009167 0.023333
2 0.500000 0.448333 0.034167 0.100000
2 0.221667 0.383333 0.017500 0.116667
3 0.676667 0.728333 0.010833 0.023333
2 0.558333 0.391667 0.026667 0.035000
2 0.022500 0.608333 0.023333 0.106667
3 0.690833 0.376667 0.010000 0.020000
3 0.827500 0.416667 0.006667 0.018333
3 0.754167 0.625000 0.008333 0.016667
3 0.773333 0.355000 0.011667 0.020000
3 0.606667 0.311667 0.009167 0.018333
2 0.680833 0.231667 0.035000 0.105000
2 0.304167 0.308333 0.023333 0.041667
2 0.152500 0.440000 0.021667 0.090000
2 0.779167 0.363333 0.030833 0.051667
3 0.724167 0.391667 0.008333 0.016667
2 0.260833 0.315000 0.034167 0.100000
2 0.486667 0.320000 0.019167 0.046667
3 0.783333 0.380000 0.007500 0.016667
3 0.305000 0.395000 0.009167 0.023333
2 0.789167 0.578333 0.035000 0.105000
3 0.697500 0.365000 0.008333 0.016667
3 0.422500 0.751667 0.009167 0.016667
3 0.806667 0.726667 0.009167 0.016667
3 0.356667 0.738333 0.009167 0.015000
2 0.692500 0.393333 0.027500 0.016667
3 0.517500 0.231667 0.009167 0.018333
3 0.698333 0.356667 0.007500 0.016667
2 0.708333 0.343333 0.014167 0.015000
3 0.563333 0.671667 0.009167 0.018333
3 0.317500 0.636667 0.007500 0.015000
2 0.685000 0.341667 0.019167 0.046667
3 0.485833 0.751667 0.010000 0.016667
2 0.661667 0.378333 0.017500 0.116667
2 0.712500 0.598333 0.034167 0.038333
3 0.698333 0.350000 0.008333 0.016667
3 0.305000 0.393333 0.009167 0.016667
3 0.726667 0.721667 0.009167 0.018333
3 0.523333 0.381667 0.008333 0.016667
3 0.649167 0.395000 0.011667 0.030000
3 0.615833 0.365000 0.007500 0.015000
2 0.399167 0.365000 0.026667 0.035000
2 0.250000 0.648333 0.010000 0.031667
3 0.751667 0.400000 0.009167 0.023333
2 0.749167 0.606667 0.097500 0.053333
2 0.571667 0.626667 0.011667 0.025000
3 0.293333 0.728333 0.007500 0.015000
3 0.323333 0.765000 0.010833 0.023333
3 0.338333 0.226667 0.009167 0.023333
2 0.570833 0.725000 0.019167 0.046667
3 0.387500 0.751667 0.010833 0.013333
3 0.768333 0.616667 0.013333 0.031667
2 0.767500 0.700000 0.027500 0.016667
3 0.725833 0.430000 0.009167 0.023333
2 0.765000 0.366667 0.023333 0.106667
3 0.754167 0.603333 0.009167 0.023333
3 0.282500 0.765000 0.008333 0.016667
2 0.767500 0.366667 0.011667 0.025000
2 0.807500 0.656667 0.013333 0.070000
3 0.821667 0.703333 0.011667 0.020000
2 0.534167 0.250000 0.019167 0.046667
3 0.618333 0.378333 0.007500 0.015000
2 0.474167 0.311667 0.026667 0.035000
2 0.418333 0.698333 0.013333 0.070000
3 0.271667 0.716667 0.008333 0.016667
2 0.702500 0.585000 0.019167 0.046667
2 0.452500 0.125000 0.048333 0.025000
2 0.295000 0.383333 0.029167 0.038333
2 0.516667 0.623333 0.034167 0.038333
2 0.637500 0.331667 0.048333 0.043333
3 0.330000 0.678333 0.007500 0.016667
2 0.598333 0.420000 0.097500 0.053333
2 0.222500 0.383333 0.048333 0.043333
3 0.575833 0.743333 0.009167 0.016667
3 0.662500 0.345000 0.008333 0.016667
2 0.639167 0.375000 0.013333 0.070000
3 0.484167 0.315000 0.009167 0.023333
3 0.233333 0.385000 0.007500 0.015000
2 0.730833 0.660000 0.023333 0.041667
3 0.750000 0.390000 0.017500 0.031667
3 0.782500 0.423333 0.008333 0.021667
2 0.464167 0.400000 0.021667 0.090000
3 0.754167 0.603333 0.009167 0.023333
3 0.546667 0.643333 0.007500 0.015000
2 0.293333 0.376667 0.048333 0.025000
3 0.222500 0.645000 0.011667 0.030000
3 0.327500 0.671667 0.007500 0.015000
3 0.774167 0.686667 0.010833 0.013333
3 0.660833 0.410000 0.010833 0.013333
3 0.710000 0.608333 0.010833 0.013333
2 0.281667 0.748333 0.030833 0.051667
3 0.406667 0.735000 0.010000 0.020000
2 0.750000 0.401667 0.015833 0.068333
2 0.766667 0.658333 0.011667 0.066667
2 0.784167 0.401667 0.020000 0.021667
3 0.678333 0.678333 0.010833 0.013333
3 0.387500 0.695000 0.007500 0.016667
2 0.665000 0.398333 0.020833 0.028333
3 0.495000 0.753333 0.008333 0.016667
3 0.415833 0.683333 0.011667 0.030000
3 0.559167 0.270000 0.009167 0.015000
3 0.451667 0.356667 0.017500 0.031667
2 0.283333 0.136667 0.019167 0.046667
2 0.760000 0.305000 0.011667 0.066667
3 0.467500 0.126667 0.017500 0.031667
3 0.726667 0.598333 0.007500 0.015000
2 0.777500 0.706667 0.034167 0.100000
2 0.273333 0.241667 0.011667 0.066667
2 0.675833 0.273333 0.034167 0.038333
2 0.682500 0.345000 0.023333 0.041667
3 0.435833 0.845000 0.013333 0.015000
3 0.424167 0.708333 0.009167 0.015000
3 0.701667 0.718333 0.010833 0.023333
3 0.800833 0.645000 0.013333 0.031667
3 0.694167 0.343333 0.006667 0.018333
2 0.282500 0.718333 0.022500 0.023333
3 0.811667 0.713333 0.010833 0.023333
3 0.780833 0.646667 0.009167 0.018333
2 0.509167 0.641667 0.019167 0.046667
2 0.740833 0.340000 0.020833 0.080000
3 0.673333 0.443333 0.008333 0.016667
2 0.306667 0.671667 0.010000 0.031667
2 0.653333 0.621667 0.011667 0.066667
3 0.295833 0.285000 0.007500 0.018333
