4 0.842500 0.490000 0.097500 0.115000
4 0.774167 0.693333 0.176667 0.150000
4 0.882500 0.440000 0.086667 0.105000
4 0.786667 0.590000 0.110833 0.055000
4 0.855833 0.536667 0.096667 0.151667
4 0.808333 0.618333 0.164167 0.111667
4 0.869167 0.465000 0.065833 0.053333
4 0.834167 0.478333 0.119167 0.075000
4 0.858333 0.586667 0.118333 0.058333
4 0.870000 0.656667 0.037500 0.028333
4 0.597500 0.695000 0.178333 0.295000
4 0.701667 0.565000 0.064167 0.073333
4 0.128333 0.768333 0.237500 0.450000
4 0.113333 0.553333 0.085833 0.168333
4 0.100833 0.595000 0.202500 0.160000
4 0.365833 0.480000 0.073333 0.070000
4 0.334167 0.543333 0.036667 0.016667
4 0.530000 0.518333 0.092500 0.063333
4 0.763333 0.511667 0.079167 0.096667
4 0.097500 0.603333 0.051667 0.110000
3 0.162500 0.516667 0.007500 0.015000
2 0.536667 0.620000 0.034167 0.100000
3 0.614167 0.496667 0.009167 0.016667
3 0.556667 0.518333 0.007500 0.018333
2 0.495000 0.543333 0.034167 0.100000
2 0.522500 0.518333 0.020000 0.021667
2 0.537500 0.495000 0.010000 0.031667
3 0.300000 0.595000 0.008333 0.016667
2 0.772500 0.478333 0.023333 0.106667
3 0.477500 0.591667 0.013333 0.015000
2 0.616667 0.473333 0.010000 0.031667
2 0.190833 0.580000 0.015833 0.068333
3 0.766667 0.465000 0.010000 0.020000
2 0.397500 0.603333 0.020833 0.080000
3 0.280000 0.581667 0.015833 0.051667
3 0.638333 0.473333 0.007500 0.015000
2 0.056667 0.571667 0.021667 0.090000
2 0.590000 0.511667 0.023333 0.106667
2 0.640833 0.581667 0.030833 0.051667
3 0.595833 0.468333 0.007500 0.015000
3 0.185833 0.586667 0.010833 0.023333
3 0.454167 0.515000 0.009167 0.016667
3 0.620833 0.536667 0.010000 0.016667
2 0.145833 0.525000 0.014167 0.015000
2 0.469167 0.573333 0.026667 0.035000
2 0.554167 0.503333 0.035000 0.105000
3 0.822500 0.548333 0.006667 0.018333
3 0.718333 0.515000 0.009167 0.016667
2 0.467500 0.471667 0.010000 0.031667
2 0.020000 0.535000 0.040833 0.053333
2 0.488333 0.433333 0.009167 0.031667
3 0.720833 0.585000 0.008333 0.016667
2 0.480000 0.568333 0.045833 0.021667
3 0.412500 0.446667 0.007500 0.018333
2 0.523333 0.511667 0.020833 0.080000
3 0.619167 0.475000 0.008333 0.016667
3 0.458333 0.501667 0.006667 0.018333
3 0.107500 0.470000 0.010833 0.013333
3 0.795833 0.463333 0.009167 0.015000
3 0.449167 0.536667 0.009167 0.015000
3 0.274167 0.500000 0.010833 0.013333
2 0.245000 0.558333 0.097500 0.053333
3 0.220000 0.466667 0.010000 0.016667
2 0.221667 0.545000 0.029167 0.038333
2 0.063333 0.510000 0.048333 0.043333
2 0.599167 0.523333 0.023333 0.041667
2 0.745833 0.480000 0.030833 0.051667
2 0.140833 0.571667 0.097500 0.053333
3 0.556667 0.470000 0.007500 0.018333
2 0.208333 0.560000 0.020833 0.028333
2 0.063333 0.493333 0.020833 0.028333
2 0.672500 0.460000 0.034167 0.038333
2 0.187500 0.551667 0.020000 0.021667
3 0.210833 0.496667 0.009167 0.016667
2 0.346667 0.546667 0.029167 0.038333
3 0.050000 0.526667 0.007500 0.015000
2 0.308333 0.576667 0.030833 0.051667
2 0.505000 0.538333 0.009167 0.040000
2 0.695833 0.553333 0.011667 0.066667
3 0.557500 0.555000 0.008333 0.021667
3 0.448333 0.540000 0.017500 0.031667
3 0.161667 0.548333 0.009167 0.015000
3 0.412500 0.488333 0.009167 0.016667
3 0.770000 0.460000 0.008333 0.021667
2 0.161667 0.491667 0.048333 0.025000
2 0.117500 0.513333 0.045833 0.021667
3 0.793333 0.485000 0.007500 0.015000
2 0.081667 0.478333 0.009167 0.040000
2 0.677500 0.513333 0.011667 0.066667
2 0.155833 0.568333 0.020833 0.028333
3 0.125833 0.588333 0.007500 0.015000
3 0.083333 0.545000 0.008333 0.016667
3 0.765833 0.485000 0.007500 0.018333
3 0.781667 0.560000 0.009167 0.016667
3 0.289167 0.448333 0.010000 0.020000
2 0.155833 0.586667 0.017500 0.116667
2 0.536667 0.540000 0.017500 0.116667
2 0.720833 0.495000 0.022500 0.023333
3 0.623333 0.480000 0.009167 0.018333
3 0.103333 0.445000 0.010833 0.013333
3 0.822500 0.596667 0.007500 0.015000
2 0.589167 0.470000 0.030833 0.051667
3 0.152500 0.591667 0.007500 0.015000
2 0.050000 0.490000 0.014167 0.015000
3 0.781667 0.550000 0.011667 0.020000
2 0.498333 0.515000 0.035000 0.105000
2 0.680833 0.461667 0.020833 0.028333
2 0.740000 0.528333 0.021667 0.090000
2 0.394167 0.500000 0.011667 0.066667
2 0.800000 0.535000 0.011667 0.025000
3 0.582500 0.580000 0.009167 0.016667
2 0.645000 0.548333 0.029167 0.038333
3 0.658333 0.476667 0.010833 0.023333
2 0.578333 0.471667 0.011667 0.066667
2 0.177500 0.475000 0.027500 0.016667
3 0.126667 0.518333 0.010000 0.020000
2 0.764167 0.478333 0.011667 0.025000
3 0.296667 0.501667 0.011667 0.030000
3 0.440000 0.591667 0.011667 0.020000
2 0.639167 0.506667 0.009167 0.031667
3 0.544167 0.475000 0.011667 0.030000
3 0.388333 0.488333 0.010000 0.016667
3 0.360000 0.693333 0.007500 0.015000
2 0.431667 0.386667 0.026667 0.035000
3 0.245833 0.375000 0.008333 0.016667
2 0.436667 0.353333 0.009167 0.040000
3 0.697500 0.268333 0.007500 0.015000
2 0.606667 0.605000 0.035000 0.105000
2 0.655833 0.400000 0.029167 0.038333
3 0.701667 0.333333 0.013333 0.031667
2 0.797500 0.358333 0.035000 0.105000
3 0.760000 0.643333 0.007500 0.018333
3 0.495000 0.751667 0.007500 0.016667
2 0.415000 0.705000 0.011667 0.066667
2 0.654167 0.663333 0.034167 0.038333
3 0.445833 0.670000 0.014167 0.025000
3 0.514167 0.753333 0.011667 0.030000
3 0.344167 0.371667 0.009167 0.016667
3 0.695833 0.736667 0.009167 0.023333
2 0.368333 0.356667 0.058333 0.076667
3 0.802500 0.643333 0.009167 0.018333
2 0.668333 0.636667 0.045833 0.021667
2 0.301667 0.305000 0.015833 0.068333
2 0.621667 0.388333 0.020000 0.021667
3 0.158333 0.636667 0.009167 0.016667
2 0.686667 0.616667 0.020833 0.080000
2 0.308333 0.731667 0.009167 0.031667
3 0.348333 0.326667 0.014167 0.025000
2 0.220833 0.373333 0.048333 0.025000
2 0.548333 0.660000 0.027500 0.016667
2 0.304167 0.345000 0.009167 0.040000
2 0.425833 0.261667 0.058333 0.076667
2 0.672500 0.383333 0.034167 0.100000
2 0.636667 0.335000 0.026667 0.035000
2 0.787500 0.728333 0.029167 0.038333
2 0.555833 0.738333 0.029167 0.038333
2 0.710000 0.338333 0.011667 0.025000
3 0.525833 0.356667 0.007500 0.015000
2 0.461667 0.631667 0.045833 0.021667
3 0.705000 0.728333 0.007500 0.018333
2 0.670833 0.601667 0.009167 0.040000
3 0.550833 0.683333 0.008333 0.016667
2 0.228333 0.393333 0.048333 0.043333
2 0.225833 0.633333 0.097500 0.053333
2 0.182500 0.411667 0.030833 0.051667
2 0.609167 0.388333 0.010000 0.031667
2 0.499167 0.646667 0.020833 0.080000
3 0.395833 0.381667 0.007500 0.015000
3 0.525000 0.710000 0.006667 0.018333
2 0.684167 0.273333 0.011667 0.025000
2 0.565000 0.763333 0.034167 0.100000
2 0.769167 0.341667 0.017500 0.116667
3 0.564167 0.663333 0.008333 0.016667
2 0.807500 0.400000 0.020000 0.021667
2 0.777500 0.653333 0.020833 0.080000
3 0.553333 0.328333 0.010000 0.016667
2 0.486667 0.351667 0.026667 0.035000
3 0.329167 0.651667 0.008333 0.021667
2 0.558333 0.716667 0.058333 0.076667
3 0.720833 0.636667 0.007500 0.016667
2 0.295000 0.360000 0.027500 0.016667
3 0.466667 0.373333 0.008333 0.016667
3 0.800000 0.408333 0.008333 0.016667
3 0.562500 0.740000 0.007500 0.015000
3 0.253333 0.226667 0.013333 0.015000
2 0.678333 0.288333 0.023333 0.041667
2 0.333333 0.866667 0.027500 0.016667
3 0.283333 0.830000 0.015833 0.051667
2 0.246667 0.710000 0.010833 0.091667
3 0.529167 0.291667 0.009167 0.016667
2 0.781667 0.425000 0.023333 0.106667
3 0.363333 0.310000 0.009167 0.023333
3 0.765000 0.713333 0.008333 0.016667
3 0.750000 0.656667 0.015833 0.051667
3 0.645833 0.348333 0.013333 0.031667
2 0.336667 0.828333 0.034167 0.038333
3 0.315000 0.645000 0.008333 0.016667
2 0.229167 0.435000 0.010833 0.091667
3 0.746667 0.606667 0.009167 0.016667
3 0.483333 0.810000 0.007500 0.016667
3 0.536667 0.260000 0.014167 0.025000
2 0.701667 0.436667 0.020000 0.021667
2 0.510000 0.348333 0.011667 0.025000
3 0.355833 0.660000 0.009167 0.023333
3 0.750000 0.655000 0.008333 0.016667
3 0.507500 0.363333 0.015833 0.051667
3 0.555833 0.423333 0.013333 0.031667
2 0.462500 0.660000 0.058333 0.076667
3 0.243333 0.703333 0.010000 0.020000
3 0.734167 0.260000 0.007500 0.015000
2 0.302500 0.705000 0.020833 0.028333
3 0.716667 0.385000 0.009167 0.016667
2 0.675000 0.618333 0.029167 0.038333
3 0.761667 0.686667 0.010833 0.013333
2 0.405833 0.381667 0.013333 0.070000
3 0.301667 0.395000 0.010833 0.013333
3 0.267500 0.278333 0.007500 0.015000
3 0.255000 0.706667 0.008333 0.016667
3 0.487500 0.680000 0.008333 0.016667
3 0.197500 0.665000 0.017500 0.031667
3 0.795000 0.643333 0.007500 0.016667
2 0.395833 0.345000 0.020833 0.080000
2 0.399167 0.690000 0.010833 0.091667
2 0.269167 0.800000 0.048333 0.043333
2 0.328333 0.648333 0.020000 0.021667
2 0.305000 0.823333 0.010833 0.091667
2 0.674167 0.300000 0.030833 0.051667
3 0.491667 0.320000 0.011667 0.020000
2 0.661667 0.346667 0.017500 0.116667
2 0.754167 0.611667 0.097500 0.053333
3 0.771667 0.326667 0.017500 0.031667
2 0.564167 0.180000 0.021667 0.090000
3 0.790833 0.343333 0.007500 0.016667
2 0.420000 0.646667 0.034167 0.038333
2 0.294167 0.710000 0.097500 0.053333
3 0.247500 0.678333 0.011667 0.020000
2 0.401667 0.710000 0.058333 0.076667
3 0.692500 0.411667 0.008333 0.016667
2 0.751667 0.620000 0.022500 0.023333
3 0.768333 0.651667 0.008333 0.021667
2 0.303333 0.336667 0.045833 0.021667
2 0.335833 0.696667 0.015833 0.068333
3 0.542500 0.448333 0.008333 0.021667
2 0.478333 0.690000 0.026667 0.035000
3 0.439167 0.903333 0.015833 0.051667
3 0.657500 0.336667 0.007500 0.015000
3 0.674167 0.403333 0.017500 0.031667
2 0.665833 0.621667 0.048333 0.043333
2 0.296667 0.680000 0.048333 0.043333
3 0.584167 0.421667 0.011667 0.030000
2 0.710833 0.658333 0.015833 0.068333
2 0.696667 0.366667 0.010000 0.031667
2 0.487500 0.336667 0.026667 0.035000
3 0.289167 0.810000 0.008333 0.021667
2 0.463333 0.263333 0.035000 0.105000
3 0.329167 0.646667 0.007500 0.016667
3 0.760833 0.338333 0.013333 0.031667
3 0.455000 0.220000 0.013333 0.015000
3 0.661667 0.346667 0.009167 0.016667
2 0.753333 0.671667 0.021667 0.090000
3 0.599167 0.741667 0.009167 0.016667
2 0.185000 0.661667 0.009167 0.031667
2 0.537500 0.200000 0.020833 0.028333
3 0.277500 0.405000 0.017500 0.031667
2 0.745833 0.593333 0.009167 0.040000
3 0.803333 0.636667 0.007500 0.015000
2 0.653333 0.601667 0.011667 0.066667
2 0.294167 0.423333 0.020833 0.080000
2 0.645833 0.358333 0.048333 0.043333
3 0.359167 0.315000 0.007500 0.016667
3 0.465000 0.283333 0.008333 0.021667
2 0.421667 0.353333 0.015833 0.068333
3 0.428333 0.380000 0.007500 0.016667
2 0.659167 0.413333 0.034167 0.038333
2 0.670000 0.643333 0.048333 0.025000
3 0.265833 0.725000 0.010833 0.023333
2 0.804167 0.393333 0.023333 0.041667
2 0.479167 0.303333 0.009167 0.040000
3 0.268333 0.640000 0.008333 0.016667
3 0.794167 0.716667 0.009167 0.023333
2 0.439167 0.696667 0.058333 0.076667
3 0.531667 0.358333 0.010833 0.023333
3 0.419167 0.715000 0.008333 0.016667
2 0.465833 0.251667 0.022500 0.023333
3 0.449167 0.375000 0.011667 0.030000
3 0.510833 0.353333 0.009167 0.015000
2 0.381667 0.705000 0.058333 0.076667
3 0.307500 0.691667 0.010000 0.016667
2 0.310000 0.668333 0.030833 0.051667
2 0.656667 0.343333 0.015833 0.068333
2 0.402500 0.660000 0.019167 0.046667
2 0.407500 0.786667 0.058333 0.076667
2 0.291667 0.283333 0.034167 0.038333
2 0.420000 0.338333 0.048333 0.043333
3 0.609167 0.391667 0.009167 0.016667
2 0.217500 0.676667 0.097500 0.053333
2 0.455833 0.213333 0.009167 0.031667
2 0.774167 0.386667 0.009167 0.040000
3 0.384167 0.373333 0.015833 0.051667
3 0.568333 0.298333 0.007500 0.018333
2 0.640000 0.660000 0.010833 0.091667
3 0.331667 0.273333 0.007500 0.018333
2 0.636667 0.720000 0.023333 0.041667
2 0.368333 0.701667 0.009167 0.040000
2 0.441667 0.186667 0.013333 0.070000
3 0.731667 0.346667 0.009167 0.016667
3 0.707500 0.320000 0.007500 0.015000
3 0.449167 0.676667 0.007500 0.015000
3 0.679167 0.423333 0.013333 0.015000
3 0.665000 0.416667 0.009167 0.015000
2 0.305833 0.301667 0.035000 0.105000
3 0.464167 0.691667 0.009167 0.023333
2 0.294167 0.338333 0.020000 0.021667
2 0.445000 0.396667 0.013333 0.070000
2 0.326667 0.340000 0.023333 0.041667
3 0.447500 0.656667 0.015833 0.051667
2 0.169167 0.421667 0.010833 0.091667
2 0.686667 0.308333 0.011667 0.066667
2 0.536667 0.216667 0.023333 0.106667
2 0.234167 0.800000 0.019167 0.046667
