4 0.855833 0.628333 0.049167 0.088333
4 0.862500 0.523333 0.060833 0.073333
4 0.810833 0.510000 0.082500 0.028333
4 0.850000 0.561667 0.091667 0.088333
4 0.854167 0.535000 0.088333 0.026667
4 0.846667 0.613333 0.086667 0.080000
4 0.820833 0.573333 0.067500 0.036667
4 0.794167 0.550000 0.082500 0.030000
4 0.825833 0.586667 0.061667 0.033333
4 0.824167 0.383333 0.075833 0.026667
4 0.038333 0.461667 0.076667 0.151667
4 0.119167 0.526667 0.051667 0.016667
4 0.599167 0.525000 0.098333 0.026667
4 0.303333 0.543333 0.118333 0.040000
4 0.668333 0.498333 0.064167 0.071667
4 0.524167 0.480000 0.055833 0.070000
4 0.412500 0.511667 0.049167 0.036667
4 0.589167 0.518333 0.096667 0.058333
4 0.315833 0.461667 0.111667 0.148333
4 0.142500 0.460000 0.115000 0.083333
2 0.660833 0.595000 0.021667 0.090000
2 0.613333 0.460000 0.014167 0.015000
3 0.514167 0.573333 0.010833 0.023333
3 0.812500 0.455000 0.009167 0.016667
2 0.462500 0.480000 0.020833 0.028333
2 0.176667 0.543333 0.023333 0.041667
3 0.127500 0.443333 0.010000 0.016667
3 0.514167 0.551667 0.009167 0.018333
2 0.231667 0.570000 0.009167 0.031667
3 0.315833 0.526667 0.013333 0.015000
3 0.225833 0.470000 0.008333 0.021667
3 0.643333 0.518333 0.009167 0.016667
3 0.505833 0.510000 0.010000 0.016667
2 0.415833 0.513333 0.022500 0.023333
3 0.175833 0.446667 0.010833 0.023333
2 0.491667 0.460000 0.011667 0.066667
2 0.056667 0.501667 0.023333 0.041667
3 0.592500 0.570000 0.014167 0.025000
2 0.292500 0.475000 0.048333 0.025000
2 0.460000 0.460000 0.048333 0.025000
2 0.795833 0.471667 0.009167 0.031667
3 0.081667 0.568333 0.008333 0.021667
3 0.095833 0.528333 0.008333 0.016667
3 0.681667 0.458333 0.009167 0.023333
2 0.359167 0.540000 0.010833 0.091667
3 0.191667 0.586667 0.006667 0.018333
3 0.365833 0.561667 0.008333 0.021667
2 0.585833 0.546667 0.013333 0.070000
3 0.145833 0.595000 0.007500 0.015000
3 0.573333 0.503333 0.007500 0.016667
2 0.750000 0.536667 0.020833 0.080000
2 0.193333 0.546667 0.009167 0.040000
3 0.608333 0.575000 0.010833 0.013333
2 0.715000 0.551667 0.021667 0.090000
2 0.530000 0.520000 0.011667 0.066667
2 0.540833 0.481667 0.022500 0.023333
3 0.725000 0.521667 0.014167 0.025000
2 0.208333 0.593333 0.023333 0.106667
2 0.595833 0.450000 0.048333 0.043333
3 0.404167 0.503333 0.009167 0.016667
3 0.501667 0.516667 0.011667 0.020000
3 0.386667 0.558333 0.011667 0.030000
2 0.670000 0.508333 0.020000 0.021667
3 0.251667 0.483333 0.010000 0.016667
2 0.660000 0.555000 0.014167 0.015000
2 0.756667 0.480000 0.009167 0.031667
3 0.742500 0.530000 0.015833 0.051667
2 0.770833 0.643333 0.097500 0.053333
3 0.047500 0.541667 0.009167 0.023333
2 0.738333 0.481667 0.058333 0.076667
2 0.255833 0.566667 0.048333 0.043333
3 0.699167 0.481667 0.007500 0.015000
2 0.483333 0.425000 0.010000 0.031667
3 0.757500 0.451667 0.010000 0.020000
3 0.257500 0.491667 0.008333 0.016667
3 0.442500 0.503333 0.009167 0.023333
2 0.327500 0.620000 0.011667 0.025000
2 0.150833 0.470000 0.023333 0.041667
2 0.755833 0.520000 0.048333 0.025000
2 0.074167 0.563333 0.029167 0.038333
3 0.603333 0.480000 0.007500 0.015000
2 0.819167 0.480000 0.017500 0.116667
3 0.707500 0.536667 0.009167 0.015000
3 0.441667 0.625000 0.007500 0.016667
3 0.430833 0.625000 0.010833 0.023333
3 0.810000 0.525000 0.008333 0.021667
2 0.369167 0.496667 0.011667 0.025000
2 0.228333 0.465000 0.015833 0.068333
2 0.575833 0.450000 0.015833 0.068333
2 0.810833 0.670000 0.009167 0.031667
3 0.091667 0.483333 0.010000 0.020000
2 0.728333 0.570000 0.020000 0.021667
2 0.185833 0.523333 0.020833 0.080000
3 0.556667 0.555000 0.008333 0.021667
2 0.238333 0.518333 0.020833 0.080000
3 0.195000 0.590000 0.007500 0.018333
3 0.339167 0.501667 0.009167 0.016667
3 0.585833 0.545000 0.008333 0.016667
2 0.547500 0.483333 0.026667 0.035000
2 0.730000 0.483333 0.014167 0.015000
3 0.022500 0.500000 0.010833 0.013333
3 0.482500 0.428333 0.008333 0.016667
3 0.036667 0.488333 0.010000 0.020000
3 0.733333 0.545000 0.009167 0.015000
2 0.775000 0.466667 0.015833 0.068333
2 0.285000 0.528333 0.034167 0.038333
2 0.425000 0.540000 0.023333 0.041667
2 0.375000 0.538333 0.019167 0.046667
2 0.720000 0.496667 0.020833 0.028333
3 0.682500 0.486667 0.008333 0.016667
3 0.350000 0.548333 0.007500 0.018333
3 0.279167 0.551667 0.009167 0.016667
3 0.255833 0.540000 0.008333 0.016667
3 0.105000 0.591667 0.007500 0.018333
3 0.035833 0.458333 0.009167 0.016667
3 0.129167 0.486667 0.011667 0.030000
2 0.128333 0.496667 0.035000 0.105000
2 0.730000 0.515000 0.011667 0.025000
3 0.439167 0.578333 0.007500 0.016667
3 0.314167 0.513333 0.008333 0.021667
3 0.432500 0.583333 0.017500 0.031667
2 0.743333 0.458333 0.048333 0.025000
2 0.619167 0.396667 0.030833 0.051667
2 0.729167 0.406667 0.045833 0.021667
2 0.576667 0.613333 0.020833 0.080000
3 0.245833 0.675000 0.013333 0.031667
3 0.665833 0.636667 0.013333 0.031667
2 0.487500 0.183333 0.011667 0.066667
2 0.365833 0.815000 0.030833 0.051667
3 0.411667 0.690000 0.009167 0.018333
2 0.385000 0.413333 0.020833 0.080000
3 0.757500 0.593333 0.009167 0.016667
3 0.634167 0.410000 0.008333 0.016667
2 0.558333 0.660000 0.011667 0.025000
3 0.790833 0.685000 0.008333 0.021667
2 0.740000 0.808333 0.021667 0.090000
2 0.292500 0.788333 0.045833 0.021667
2 0.218333 0.760000 0.020833 0.028333
3 0.431667 0.651667 0.010833 0.013333
2 0.745833 0.670000 0.026667 0.035000
2 0.671667 0.430000 0.010833 0.091667
2 0.763333 0.738333 0.034167 0.100000
2 0.582500 0.353333 0.015833 0.068333
2 0.486667 0.268333 0.009167 0.031667
3 0.677500 0.431667 0.007500 0.016667
2 0.201667 0.366667 0.058333 0.076667
2 0.660000 0.733333 0.020833 0.080000
2 0.615833 0.391667 0.023333 0.106667
3 0.766667 0.620000 0.011667 0.020000
3 0.669167 0.271667 0.009167 0.018333
3 0.240000 0.351667 0.008333 0.016667
2 0.763333 0.370000 0.022500 0.023333
2 0.570833 0.313333 0.058333 0.076667
2 0.672500 0.370000 0.045833 0.021667
3 0.221667 0.656667 0.006667 0.018333
2 0.788333 0.426667 0.030833 0.051667
2 0.265000 0.811667 0.029167 0.038333
3 0.193333 0.391667 0.009167 0.018333
2 0.683333 0.628333 0.026667 0.035000
2 0.305000 0.803333 0.011667 0.025000
2 0.416667 0.378333 0.030833 0.051667
2 0.804167 0.411667 0.026667 0.035000
3 0.646667 0.410000 0.007500 0.015000
3 0.314167 0.385000 0.015833 0.051667
3 0.790833 0.345000 0.008333 0.016667
2 0.300000 0.353333 0.048333 0.043333
2 0.686667 0.708333 0.027500 0.016667
3 0.784167 0.371667 0.011667 0.020000
2 0.696667 0.340000 0.020000 0.021667
3 0.723333 0.436667 0.007500 0.018333
2 0.151667 0.655000 0.009167 0.040000
3 0.338333 0.333333 0.007500 0.015000
2 0.531667 0.601667 0.011667 0.066667
2 0.310000 0.346667 0.027500 0.016667
3 0.370000 0.721667 0.006667 0.018333
2 0.803333 0.726667 0.010000 0.031667
2 0.222500 0.435000 0.013333 0.070000
2 0.585833 0.335000 0.097500 0.053333
3 0.350000 0.838333 0.008333 0.016667
3 0.750833 0.366667 0.013333 0.015000
3 0.755833 0.601667 0.006667 0.018333
3 0.776667 0.401667 0.010833 0.013333
3 0.362500 0.395000 0.007500 0.015000
2 0.772500 0.638333 0.019167 0.046667
3 0.430000 0.671667 0.013333 0.015000
3 0.340000 0.301667 0.009167 0.015000
2 0.277500 0.280000 0.010000 0.031667
2 0.670833 0.735000 0.023333 0.106667
3 0.648333 0.380000 0.008333 0.016667
2 0.681667 0.340000 0.034167 0.038333
2 0.425000 0.296667 0.097500 0.053333
2 0.795000 0.648333 0.013333 0.070000
3 0.492500 0.781667 0.008333 0.016667
3 0.266667 0.391667 0.006667 0.018333
3 0.711667 0.686667 0.007500 0.015000
3 0.788333 0.331667 0.011667 0.020000
3 0.380000 0.370000 0.008333 0.021667
3 0.274167 0.741667 0.009167 0.016667
2 0.375833 0.715000 0.030833 0.051667
3 0.678333 0.453333 0.006667 0.018333
3 0.322500 0.240000 0.007500 0.015000
3 0.310000 0.305000 0.011667 0.030000
3 0.733333 0.265000 0.009167 0.023333
3 0.709167 0.603333 0.006667 0.018333
2 0.785000 0.691667 0.020833 0.080000
3 0.592500 0.745000 0.007500 0.018333
2 0.447500 0.741667 0.010833 0.091667
2 0.356667 0.341667 0.013333 0.070000
2 0.599167 0.318333 0.045833 0.021667
3 0.285833 0.305000 0.009167 0.023333
3 0.253333 0.383333 0.007500 0.015000
2 0.674167 0.646667 0.020000 0.021667
3 0.675000 0.435000 0.007500 0.015000
3 0.762500 0.386667 0.008333 0.016667
3 0.801667 0.633333 0.010833 0.013333
3 0.620833 0.676667 0.007500 0.018333
2 0.660000 0.430000 0.011667 0.025000
3 0.422500 0.683333 0.010000 0.016667
3 0.666667 0.660000 0.013333 0.031667
2 0.625000 0.333333 0.017500 0.116667
2 0.425833 0.750000 0.058333 0.076667
2 0.636667 0.416667 0.058333 0.076667
2 0.783333 0.688333 0.022500 0.023333
3 0.512500 0.425000 0.009167 0.023333
3 0.655833 0.396667 0.013333 0.015000
3 0.275833 0.728333 0.015833 0.051667
3 0.536667 0.305000 0.007500 0.016667
3 0.787500 0.348333 0.011667 0.030000
3 0.692500 0.628333 0.008333 0.016667
3 0.671667 0.606667 0.009167 0.016667
2 0.454167 0.083333 0.020833 0.080000
2 0.568333 0.615000 0.020000 0.021667
3 0.811667 0.386667 0.014167 0.025000
3 0.793333 0.710000 0.010833 0.013333
3 0.354167 0.408333 0.008333 0.021667
2 0.320833 0.666667 0.048333 0.043333
2 0.470833 0.636667 0.011667 0.025000
2 0.652500 0.360000 0.048333 0.025000
3 0.703333 0.408333 0.009167 0.016667
2 0.794167 0.341667 0.027500 0.016667
3 0.456667 0.203333 0.008333 0.016667
3 0.258333 0.721667 0.014167 0.025000
3 0.345833 0.766667 0.011667 0.020000
3 0.531667 0.743333 0.015833 0.051667
3 0.408333 0.388333 0.010000 0.020000
2 0.669167 0.288333 0.020833 0.080000
3 0.682500 0.710000 0.008333 0.016667
3 0.315000 0.378333 0.015833 0.051667
2 0.605000 0.370000 0.034167 0.038333
2 0.757500 0.585000 0.015833 0.068333
3 0.765833 0.350000 0.017500 0.031667
2 0.556667 0.743333 0.027500 0.016667
2 0.625000 0.356667 0.011667 0.066667
2 0.676667 0.631667 0.034167 0.038333
2 0.690000 0.340000 0.009167 0.040000
2 0.485000 0.760000 0.015833 0.068333
2 0.685000 0.663333 0.048333 0.043333
3 0.190833 0.646667 0.009167 0.015000
3 0.650000 0.646667 0.017500 0.031667
3 0.834167 0.420000 0.008333 0.016667
2 0.745000 0.388333 0.048333 0.043333
2 0.345833 0.341667 0.020833 0.080000
3 0.231667 0.593333 0.008333 0.016667
2 0.787500 0.721667 0.023333 0.106667
2 0.709167 0.703333 0.034167 0.100000
3 0.666667 0.618333 0.009167 0.016667
3 0.750833 0.668333 0.007500 0.018333
2 0.674167 0.676667 0.029167 0.038333
2 0.523333 0.690000 0.009167 0.040000
3 0.331667 0.408333 0.008333 0.016667
2 0.300833 0.378333 0.026667 0.035000
2 0.605000 0.673333 0.034167 0.100000
2 0.672500 0.661667 0.048333 0.025000
3 0.685000 0.283333 0.009167 0.023333
2 0.406667 0.688333 0.020000 0.021667
2 0.309167 0.376667 0.019167 0.046667
3 0.245000 0.700000 0.013333 0.031667
2 0.348333 0.435000 0.048333 0.025000
3 0.778333 0.656667 0.008333 0.016667
3 0.465000 0.811667 0.010000 0.020000
2 0.721667 0.331667 0.015833 0.068333
3 0.558333 0.750000 0.015833 0.051667
2 0.703333 0.416667 0.011667 0.025000
2 0.235000 0.633333 0.035000 0.105000
3 0.406667 0.726667 0.008333 0.016667
2 0.447500 0.661667 0.034167 0.038333
3 0.758333 0.613333 0.009167 0.016667
2 0.675000 0.423333 0.010000 0.031667
2 0.490000 0.348333 0.097500 0.053333
2 0.707500 0.400000 0.011667 0.066667
2 0.470000 0.158333 0.020833 0.028333
3 0.279167 0.438333 0.013333 0.031667
2 0.623333 0.615000 0.097500 0.053333
2 0.216667 0.648333 0.023333 0.106667
3 0.382500 0.376667 0.009167 0.018333
2 0.509167 0.280000 0.020833 0.080000
2 0.373333 0.401667 0.034167 0.100000
2 0.763333 0.375000 0.035000 0.105000
2 0.776667 0.635000 0.011667 0.066667
2 0.675000 0.355000 0.009167 0.031667
3 0.734167 0.398333 0.009167 0.016667
2 0.785000 0.416667 0.048333 0.043333
3 0.705833 0.280000 0.009167 0.016667
3 0.028333 0.601667 0.010833 0.023333
3 0.770833 0.611667 0.015833 0.051667
2 0.175833 0.400000 0.009167 0.031667
2 0.660000 0.426667 0.045833 0.021667
2 0.800833 0.343333 0.014167 0.015000
3 0.673333 0.358333 0.006667 0.018333
2 0.700000 0.430000 0.034167 0.038333
3 0.408333 0.755000 0.009167 0.016667
2 0.535000 0.633333 0.045833 0.021667
3 0.317500 0.338333 0.010833 0.013333
2 0.164167 0.416667 0.020833 0.080000
2 0.662500 0.416667 0.026667 0.035000
2 0.733333 0.385000 0.097500 0.053333
3 0.713333 0.726667 0.008333 0.016667
3 0.685000 0.640000 0.008333 0.016667
2 0.459167 0.338333 0.022500 0.023333
2 0.338333 0.871667 0.009167 0.031667
