4 0.858333 0.501667 0.073333 0.033333
4 0.811667 0.665000 0.103333 0.178333
4 0.855833 0.360000 0.075000 0.051667
4 0.870833 0.496667 0.039167 0.051667
4 0.735000 0.501667 0.244167 0.188333
4 0.825833 0.503333 0.094167 0.038333
4 0.870833 0.530000 0.072500 0.103333
4 0.862500 0.600000 0.060000 0.113333
4 0.860000 0.595000 0.062500 0.043333
4 0.682500 0.358333 0.353333 0.233333
4 0.025833 0.573333 0.051667 0.063333
4 0.183333 0.645000 0.088333 0.230000
4 0.521667 0.556667 0.047500 0.123333
4 0.673333 0.583333 0.074167 0.053333
4 0.110833 0.571667 0.150833 0.195000
4 0.791667 0.473333 0.075000 0.095000
4 0.159167 0.545000 0.038333 0.090000
4 0.455833 0.486667 0.147500 0.113333
4 0.540833 0.496667 0.055833 0.045000
4 0.410000 0.566667 0.141667 0.080000
3 0.298333 0.540000 0.009167 0.015000
3 0.620000 0.535000 0.017500 0.031667
3 0.489167 0.550000 0.007500 0.015000
2 0.655833 0.506667 0.026667 0.035000
2 0.233333 0.511667 0.058333 0.076667
3 0.719167 0.543333 0.010000 0.016667
2 0.318333 0.570000 0.034167 0.100000
3 0.740000 0.455000 0.007500 0.016667
3 0.762500 0.576667 0.010833 0.013333
3 0.265000 0.525000 0.007500 0.015000
3 0.607500 0.451667 0.010000 0.020000
3 0.483333 0.511667 0.010833 0.023333
2 0.646667 0.543333 0.010833 0.091667
3 0.111667 0.518333 0.008333 0.016667
2 0.775000 0.540000 0.017500 0.116667
3 0.339167 0.558333 0.009167 0.018333
3 0.057500 0.475000 0.017500 0.031667
3 0.775833 0.470000 0.006667 0.018333
2 0.510000 0.501667 0.010833 0.091667
3 0.237500 0.553333 0.008333 0.016667
2 0.455000 0.573333 0.022500 0.023333
3 0.675833 0.540000 0.009167 0.016667
3 0.020000 0.555000 0.013333 0.031667
3 0.305000 0.541667 0.011667 0.020000
3 0.073333 0.568333 0.007500 0.018333
3 0.373333 0.538333 0.017500 0.031667
3 0.147500 0.475000 0.015833 0.051667
2 0.551667 0.495000 0.029167 0.038333
2 0.022500 0.553333 0.023333 0.106667
2 0.084167 0.518333 0.023333 0.041667
2 0.458333 0.538333 0.026667 0.035000
2 0.605000 0.571667 0.015833 0.068333
3 0.321667 0.560000 0.011667 0.030000
3 0.284167 0.551667 0.009167 0.023333
3 0.160000 0.580000 0.007500 0.015000
2 0.494167 0.430000 0.009167 0.040000
2 0.519167 0.590000 0.013333 0.070000
2 0.443333 0.543333 0.048333 0.025000
2 0.290000 0.531667 0.019167 0.046667
3 0.598333 0.480000 0.013333 0.031667
2 0.468333 0.578333 0.022500 0.023333
3 0.274167 0.578333 0.007500 0.016667
2 0.330000 0.523333 0.017500 0.116667
3 0.025000 0.558333 0.009167 0.018333
3 0.656667 0.545000 0.013333 0.015000
2 0.210000 0.583333 0.029167 0.038333
2 0.149167 0.513333 0.034167 0.100000
2 0.810000 0.625000 0.013333 0.070000
3 0.180000 0.458333 0.007500 0.018333
2 0.738333 0.553333 0.021667 0.090000
2 0.228333 0.443333 0.048333 0.043333
2 0.195000 0.423333 0.035000 0.105000
3 0.195833 0.506667 0.008333 0.016667
3 0.564167 0.533333 0.010833 0.023333
3 0.092500 0.516667 0.009167 0.016667
3 0.482500 0.490000 0.017500 0.031667
2 0.486667 0.628333 0.010833 0.091667
3 0.400833 0.485000 0.010000 0.020000
3 0.665000 0.530000 0.010833 0.013333
3 0.134167 0.456667 0.007500 0.018333
2 0.318333 0.478333 0.010000 0.031667
3 0.697500 0.546667 0.007500 0.016667
2 0.025833 0.520000 0.019167 0.046667
3 0.393333 0.525000 0.009167 0.016667
3 0.736667 0.456667 0.007500 0.015000
2 0.799167 0.486667 0.029167 0.038333
2 0.235000 0.585000 0.014167 0.015000
3 0.340000 0.620000 0.008333 0.016667
2 0.552500 0.590000 0.030833 0.051667
3 0.344167 0.505000 0.007500 0.018333
2 0.306667 0.470000 0.010000 0.031667
3 0.233333 0.476667 0.007500 0.018333
2 0.454167 0.570000 0.058333 0.076667
2 0.363333 0.516667 0.019167 0.046667
3 0.727500 0.535000 0.011667 0.030000
2 0.359167 0.583333 0.020833 0.028333
3 0.210000 0.438333 0.009167 0.016667
3 0.180833 0.566667 0.009167 0.016667
3 0.468333 0.490000 0.009167 0.023333
3 0.145000 0.603333 0.007500 0.016667
3 0.312500 0.533333 0.007500 0.015000
3 0.100000 0.503333 0.007500 0.015000
3 0.805833 0.576667 0.008333 0.016667
3 0.782500 0.468333 0.013333 0.015000
2 0.755833 0.500000 0.048333 0.043333
2 0.817500 0.533333 0.015833 0.068333
2 0.816667 0.483333 0.029167 0.038333
2 0.407500 0.461667 0.029167 0.038333
2 0.712500 0.571667 0.010000 0.031667
2 0.255833 0.471667 0.011667 0.066667
3 0.427500 0.580000 0.008333 0.016667
2 0.287500 0.561667 0.011667 0.025000
2 0.552500 0.496667 0.010000 0.031667
2 0.750833 0.478333 0.029167 0.038333
2 0.208333 0.550000 0.017500 0.116667
3 0.304167 0.483333 0.008333 0.016667
3 0.290833 0.530000 0.017500 0.031667
2 0.643333 0.486667 0.034167 0.100000
3 0.399167 0.556667 0.008333 0.016667
3 0.812500 0.535000 0.011667 0.030000
3 0.317500 0.515000 0.008333 0.016667
2 0.815833 0.565000 0.013333 0.070000
2 0.352500 0.738333 0.015833 0.068333
2 0.520000 0.275000 0.058333 0.076667
3 0.705000 0.658333 0.015833 0.051667
3 0.702500 0.640000 0.009167 0.023333
2 0.655000 0.320000 0.058333 0.076667
3 0.274167 0.288333 0.008333 0.016667
2 0.230833 0.656667 0.009167 0.040000
3 0.614167 0.333333 0.015833 0.051667
3 0.416667 0.730000 0.008333 0.021667
2 0.390000 0.746667 0.045833 0.021667
2 0.737500 0.663333 0.020833 0.028333
2 0.736667 0.680000 0.022500 0.023333
2 0.292500 0.348333 0.022500 0.023333
3 0.510000 0.345000 0.007500 0.018333
2 0.260000 0.723333 0.048333 0.025000
2 0.750833 0.746667 0.020833 0.080000
3 0.537500 0.695000 0.017500 0.031667
3 0.729167 0.376667 0.009167 0.015000
2 0.555833 0.346667 0.013333 0.070000
3 0.748333 0.448333 0.009167 0.016667
3 0.495000 0.713333 0.009167 0.015000
3 0.322500 0.175000 0.010000 0.020000
2 0.300833 0.655000 0.009167 0.040000
3 0.379167 0.358333 0.009167 0.016667
2 0.661667 0.413333 0.030833 0.051667
2 0.275000 0.728333 0.017500 0.116667
2 0.206667 0.340000 0.048333 0.025000
2 0.567500 0.363333 0.045833 0.021667
3 0.729167 0.603333 0.015833 0.051667
3 0.280833 0.838333 0.008333 0.016667
2 0.455000 0.713333 0.020000 0.021667
3 0.757500 0.296667 0.011667 0.020000
2 0.435833 0.690000 0.010000 0.031667
2 0.742500 0.416667 0.020833 0.080000
3 0.518333 0.291667 0.007500 0.015000
2 0.443333 0.713333 0.029167 0.038333
2 0.712500 0.635000 0.022500 0.023333
3 0.444167 0.381667 0.011667 0.030000
2 0.316667 0.381667 0.029167 0.038333
2 0.752500 0.613333 0.019167 0.046667
2 0.777500 0.408333 0.045833 0.021667
3 0.785000 0.598333 0.009167 0.016667
2 0.549167 0.658333 0.029167 0.038333
2 0.645833 0.425000 0.026667 0.035000
2 0.734167 0.606667 0.034167 0.038333
2 0.418333 0.841667 0.048333 0.043333
2 0.526667 0.633333 0.015833 0.068333
2 0.633333 0.653333 0.023333 0.041667
3 0.830000 0.410000 0.009167 0.023333
3 0.559167 0.341667 0.009167 0.018333
2 0.662500 0.396667 0.010000 0.031667
2 0.232500 0.385000 0.010000 0.031667
3 0.745833 0.610000 0.009167 0.023333
2 0.754167 0.348333 0.048333 0.025000
2 0.321667 0.296667 0.045833 0.021667
3 0.701667 0.318333 0.014167 0.025000
2 0.706667 0.346667 0.019167 0.046667
2 0.261667 0.618333 0.020833 0.080000
2 0.513333 0.818333 0.011667 0.025000
3 0.427500 0.815000 0.009167 0.023333
3 0.646667 0.421667 0.009167 0.018333
2 0.483333 0.186667 0.019167 0.046667
2 0.429167 0.760000 0.009167 0.031667
3 0.625000 0.361667 0.007500 0.018333
3 0.646667 0.676667 0.015833 0.051667
2 0.625833 0.363333 0.010833 0.091667
2 0.705833 0.281667 0.058333 0.076667
3 0.690000 0.358333 0.009167 0.016667
3 0.525833 0.260000 0.010833 0.013333
2 0.302500 0.346667 0.048333 0.025000
3 0.684167 0.396667 0.009167 0.016667
3 0.425000 0.723333 0.010833 0.023333
2 0.773333 0.356667 0.035000 0.105000
3 0.408333 0.676667 0.007500 0.016667
2 0.765000 0.645000 0.014167 0.015000
2 0.668333 0.416667 0.034167 0.038333
3 0.694167 0.271667 0.007500 0.018333
3 0.620833 0.676667 0.007500 0.015000
2 0.495833 0.380000 0.011667 0.066667
2 0.585833 0.668333 0.035000 0.105000
3 0.799167 0.380000 0.009167 0.016667
2 0.721667 0.398333 0.011667 0.066667
3 0.626667 0.326667 0.010000 0.020000
2 0.331667 0.425000 0.048333 0.043333
3 0.438333 0.820000 0.015833 0.051667
3 0.803333 0.420000 0.007500 0.018333
2 0.497500 0.648333 0.011667 0.066667
2 0.680000 0.453333 0.009167 0.031667
3 0.317500 0.636667 0.007500 0.015000
3 0.713333 0.416667 0.009167 0.016667
2 0.621667 0.681667 0.097500 0.053333
2 0.351667 0.621667 0.009167 0.031667
2 0.693333 0.351667 0.026667 0.035000
3 0.755000 0.310000 0.010833 0.013333
3 0.320833 0.696667 0.015833 0.051667
2 0.369167 0.386667 0.009167 0.040000
3 0.696667 0.285000 0.008333 0.016667
2 0.431667 0.643333 0.048333 0.043333
2 0.677500 0.671667 0.026667 0.035000
2 0.534167 0.308333 0.009167 0.031667
3 0.456667 0.801667 0.007500 0.018333
3 0.367500 0.431667 0.009167 0.016667
3 0.765833 0.638333 0.009167 0.015000
2 0.360833 0.685000 0.015833 0.068333
2 0.379167 0.738333 0.020833 0.080000
3 0.447500 0.340000 0.010000 0.020000
3 0.813333 0.721667 0.007500 0.018333
3 0.803333 0.336667 0.010833 0.023333
3 0.471667 0.338333 0.009167 0.016667
2 0.488333 0.816667 0.048333 0.043333
3 0.359167 0.251667 0.008333 0.016667
3 0.336667 0.381667 0.007500 0.015000
3 0.695833 0.306667 0.015833 0.051667
2 0.469167 0.658333 0.030833 0.051667
3 0.375833 0.676667 0.008333 0.016667
3 0.714167 0.416667 0.007500 0.015000
2 0.532500 0.323333 0.023333 0.041667
3 0.407500 0.355000 0.010000 0.016667
3 0.428333 0.360000 0.007500 0.018333
2 0.653333 0.328333 0.097500 0.053333
3 0.765000 0.668333 0.010833 0.023333
2 0.350833 0.620000 0.022500 0.023333
2 0.459167 0.328333 0.034167 0.038333
3 0.743333 0.345000 0.008333 0.016667
3 0.748333 0.656667 0.010833 0.023333
2 0.772500 0.418333 0.020833 0.028333
3 0.670000 0.416667 0.015833 0.051667
2 0.675833 0.403333 0.009167 0.031667
3 0.470833 0.371667 0.007500 0.018333
3 0.435833 0.648333 0.008333 0.016667
3 0.285000 0.333333 0.008333 0.016667
2 0.504167 0.353333 0.048333 0.025000
3 0.784167 0.685000 0.008333 0.016667
3 0.756667 0.716667 0.009167 0.016667
2 0.509167 0.801667 0.020833 0.028333
3 0.808333 0.406667 0.017500 0.031667
2 0.634167 0.700000 0.021667 0.090000
3 0.805833 0.638333 0.015833 0.051667
2 0.472500 0.801667 0.029167 0.038333
2 0.515833 0.738333 0.048333 0.025000
3 0.807500 0.436667 0.008333 0.021667
3 0.790000 0.393333 0.010000 0.020000
3 0.303333 0.696667 0.017500 0.031667
2 0.790833 0.720000 0.010000 0.031667
3 0.588333 0.750000 0.011667 0.030000
2 0.647500 0.423333 0.022500 0.023333
2 0.225000 0.731667 0.097500 0.053333
3 0.640000 0.431667 0.009167 0.015000
2 0.812500 0.420000 0.013333 0.070000
2 0.659167 0.448333 0.034167 0.100000
2 0.225000 0.330000 0.011667 0.025000
2 0.574167 0.183333 0.009167 0.031667
3 0.689167 0.605000 0.008333 0.016667
3 0.712500 0.726667 0.010000 0.020000
2 0.758333 0.390000 0.009167 0.040000
3 0.762500 0.675000 0.015833 0.051667
3 0.361667 0.613333 0.009167 0.016667
3 0.618333 0.646667 0.007500 0.015000
3 0.450000 0.713333 0.010000 0.016667
3 0.727500 0.641667 0.008333 0.016667
2 0.332500 0.718333 0.022500 0.023333
2 0.472500 0.330000 0.023333 0.106667
3 0.594167 0.161667 0.008333 0.016667
2 0.200833 0.696667 0.010833 0.091667
3 0.322500 0.403333 0.010833 0.013333
3 0.495000 0.343333 0.009167 0.016667
2 0.660000 0.665000 0.058333 0.076667
3 0.756667 0.333333 0.009167 0.016667
2 0.586667 0.335000 0.017500 0.116667
2 0.382500 0.355000 0.097500 0.053333
3 0.685833 0.383333 0.013333 0.015000
3 0.791667 0.625000 0.013333 0.015000
3 0.797500 0.718333 0.008333 0.016667
3 0.272500 0.321667 0.009167 0.018333
2 0.303333 0.251667 0.029167 0.038333
2 0.778333 0.425000 0.010000 0.031667
3 0.654167 0.335000 0.009167 0.016667
3 0.555000 0.708333 0.007500 0.015000
2 0.668333 0.378333 0.034167 0.038333
2 0.697500 0.218333 0.035000 0.105000
2 0.631667 0.406667 0.023333 0.106667
3 0.420000 0.838333 0.008333 0.016667
2 0.691667 0.346667 0.014167 0.015000
2 0.288333 0.333333 0.011667 0.066667
3 0.386667 0.375000 0.008333 0.016667
2 0.690833 0.368333 0.013333 0.070000
3 0.789167 0.735000 0.007500 0.015000
2 0.662500 0.711667 0.048333 0.025000
2 0.589167 0.738333 0.034167 0.038333
3 0.646667 0.400000 0.007500 0.015000
3 0.583333 0.433333 0.007500 0.016667
3 0.684167 0.395000 0.014167 0.025000
2 0.318333 0.395000 0.010833 0.091667
3 0.626667 0.650000 0.010000 0.016667
3 0.766667 0.696667 0.013333 0.031667
3 0.465833 0.373333 0.009167 0.016667
2 0.289167 0.706667 0.021667 0.090000
2 0.698333 0.475000 0.034167 0.100000
