4 0.870833 0.620000 0.067500 0.100000
4 0.759167 0.740000 0.195000 0.405000
4 0.886667 0.585000 0.060833 0.156667
4 0.849167 0.476667 0.129167 0.070000
4 0.807500 0.541667 0.085833 0.038333
4 0.887500 0.608333 0.062500 0.073333
4 0.872500 0.615000 0.110000 0.036667
4 0.867500 0.693333 0.065833 0.068333
4 0.782500 0.538333 0.120833 0.028333
4 0.815000 0.586667 0.078333 0.025000
4 0.488333 0.560000 0.102500 0.063333
4 0.342500 0.448333 0.090000 0.095000
4 0.572500 0.536667 0.062500 0.053333
4 0.531667 0.611667 0.072500 0.191667
4 0.119167 0.540000 0.052500 0.095000
4 0.155000 0.541667 0.071667 0.056667
4 0.166667 0.621667 0.110000 0.125000
4 0.647500 0.578333 0.131667 0.181667
4 0.521667 0.566667 0.046667 0.095000
4 0.613333 0.533333 0.086667 0.028333
2 0.708333 0.573333 0.029167 0.038333
3 0.772500 0.458333 0.007500 0.018333
3 0.799167 0.485000 0.017500 0.031667
2 0.585833 0.495000 0.015833 0.068333
3 0.270000 0.483333 0.008333 0.016667
2 0.210000 0.530000 0.034167 0.038333
2 0.485000 0.420000 0.010000 0.031667
3 0.349167 0.505000 0.007500 0.015000
2 0.288333 0.483333 0.058333 0.076667
2 0.370833 0.501667 0.022500 0.023333
3 0.166667 0.601667 0.013333 0.031667
3 0.685833 0.473333 0.006667 0.018333
2 0.522500 0.556667 0.015833 0.068333
2 0.258333 0.455000 0.019167 0.046667
3 0.680000 0.460000 0.007500 0.018333
2 0.745000 0.601667 0.034167 0.100000
3 0.365833 0.468333 0.009167 0.018333
2 0.635833 0.573333 0.009167 0.031667
3 0.179167 0.471667 0.010833 0.023333
2 0.744167 0.531667 0.013333 0.070000
2 0.586667 0.566667 0.021667 0.090000
2 0.367500 0.473333 0.023333 0.106667
2 0.108333 0.595000 0.020833 0.080000
2 0.480000 0.615000 0.030833 0.051667
2 0.609167 0.503333 0.023333 0.106667
2 0.645000 0.506667 0.035000 0.105000
2 0.315000 0.545000 0.027500 0.016667
3 0.719167 0.561667 0.008333 0.016667
2 0.121667 0.555000 0.023333 0.106667
2 0.736667 0.510000 0.011667 0.066667
3 0.258333 0.483333 0.007500 0.016667
3 0.568333 0.531667 0.008333 0.021667
2 0.460833 0.573333 0.010000 0.031667
3 0.556667 0.460000 0.007500 0.015000
3 0.041667 0.538333 0.009167 0.018333
2 0.619167 0.520000 0.058333 0.076667
3 0.289167 0.531667 0.007500 0.015000
3 0.213333 0.465000 0.009167 0.023333
2 0.479167 0.385000 0.020833 0.080000
3 0.224167 0.561667 0.007500 0.016667
3 0.377500 0.540000 0.007500 0.015000
2 0.118333 0.588333 0.020000 0.021667
2 0.159167 0.458333 0.014167 0.015000
2 0.747500 0.516667 0.048333 0.025000
2 0.405000 0.548333 0.011667 0.066667
3 0.450000 0.526667 0.007500 0.015000
3 0.175000 0.595000 0.007500 0.015000
2 0.418333 0.558333 0.023333 0.106667
3 0.557500 0.593333 0.015833 0.051667
2 0.300833 0.461667 0.048333 0.043333
2 0.815833 0.566667 0.023333 0.106667
3 0.404167 0.441667 0.010000 0.020000
3 0.821667 0.661667 0.014167 0.025000
3 0.326667 0.595000 0.006667 0.018333
3 0.137500 0.445000 0.009167 0.016667
3 0.089167 0.495000 0.008333 0.016667
3 0.722500 0.560000 0.009167 0.016667
3 0.810833 0.450000 0.010000 0.016667
2 0.716667 0.468333 0.011667 0.066667
2 0.137500 0.520000 0.021667 0.090000
3 0.129167 0.521667 0.010000 0.016667
2 0.479167 0.560000 0.034167 0.038333
2 0.687500 0.436667 0.058333 0.076667
2 0.437500 0.546667 0.019167 0.046667
3 0.601667 0.516667 0.008333 0.016667
2 0.781667 0.520000 0.045833 0.021667
2 0.195000 0.441667 0.020833 0.028333
3 0.572500 0.506667 0.006667 0.018333
3 0.020000 0.546667 0.017500 0.031667
2 0.530833 0.461667 0.027500 0.016667
3 0.194167 0.533333 0.009167 0.023333
2 0.235833 0.520000 0.048333 0.043333
3 0.595000 0.583333 0.011667 0.020000
3 0.265000 0.578333 0.009167 0.016667
2 0.453333 0.453333 0.048333 0.043333
2 0.089167 0.556667 0.023333 0.106667
2 0.132500 0.571667 0.013333 0.070000
2 0.100833 0.488333 0.058333 0.076667
3 0.508333 0.551667 0.010833 0.023333
3 0.349167 0.481667 0.008333 0.021667
2 0.670833 0.555000 0.013333 0.070000
2 0.191667 0.503333 0.020833 0.028333
2 0.747500 0.463333 0.045833 0.021667
3 0.535000 0.536667 0.006667 0.018333
3 0.083333 0.535000 0.015833 0.051667
3 0.507500 0.596667 0.013333 0.031667
2 0.458333 0.531667 0.011667 0.025000
3 0.108333 0.481667 0.014167 0.025000
3 0.045000 0.585000 0.009167 0.018333
3 0.175000 0.505000 0.007500 0.018333
2 0.280000 0.598333 0.021667 0.090000
3 0.325833 0.465000 0.009167 0.016667
2 0.242500 0.528333 0.011667 0.025000
2 0.802500 0.573333 0.009167 0.031667
3 0.038333 0.486667 0.008333 0.016667
3 0.126667 0.456667 0.010833 0.013333
2 0.747500 0.563333 0.020833 0.080000
2 0.652500 0.550000 0.010000 0.031667
3 0.082500 0.535000 0.008333 0.021667
3 0.347500 0.555000 0.009167 0.016667
2 0.751667 0.488333 0.020833 0.028333
2 0.150000 0.536667 0.020833 0.080000
3 0.637500 0.665000 0.014167 0.025000
2 0.313333 0.205000 0.010000 0.031667
2 0.480833 0.386667 0.022500 0.023333
2 0.480833 0.328333 0.013333 0.070000
3 0.620833 0.291667 0.010000 0.020000
3 0.725833 0.618333 0.015833 0.051667
3 0.757500 0.401667 0.007500 0.015000
3 0.188333 0.395000 0.010833 0.013333
2 0.625000 0.360000 0.009167 0.031667
2 0.499167 0.258333 0.048333 0.043333
2 0.357500 0.650000 0.015833 0.068333
2 0.485833 0.356667 0.009167 0.040000
2 0.663333 0.633333 0.045833 0.021667
3 0.770000 0.361667 0.010000 0.016667
3 0.765833 0.370000 0.010833 0.023333
2 0.294167 0.203333 0.097500 0.053333
3 0.700000 0.298333 0.008333 0.016667
2 0.772500 0.600000 0.097500 0.053333
2 0.750000 0.308333 0.011667 0.025000
2 0.645000 0.448333 0.013333 0.070000
2 0.755000 0.295000 0.020833 0.080000
2 0.438333 0.380000 0.020000 0.021667
2 0.780000 0.328333 0.020833 0.028333
2 0.251667 0.371667 0.027500 0.016667
2 0.611667 0.658333 0.097500 0.053333
3 0.717500 0.365000 0.010833 0.013333
2 0.801667 0.371667 0.013333 0.070000
3 0.276667 0.405000 0.007500 0.016667
2 0.435833 0.665000 0.035000 0.105000
2 0.654167 0.425000 0.009167 0.031667
2 0.796667 0.378333 0.023333 0.041667
2 0.459167 0.706667 0.010833 0.091667
3 0.313333 0.210000 0.009167 0.023333
3 0.566667 0.241667 0.007500 0.015000
3 0.708333 0.376667 0.009167 0.023333
3 0.286667 0.803333 0.013333 0.015000
2 0.355833 0.425000 0.021667 0.090000
3 0.333333 0.335000 0.009167 0.023333
2 0.478333 0.285000 0.026667 0.035000
3 0.721667 0.350000 0.010833 0.023333
2 0.751667 0.608333 0.045833 0.021667
2 0.310000 0.398333 0.014167 0.015000
2 0.650000 0.655000 0.058333 0.076667
2 0.790000 0.390000 0.027500 0.016667
2 0.710833 0.343333 0.010000 0.031667
3 0.277500 0.280000 0.009167 0.015000
2 0.621667 0.421667 0.022500 0.023333
2 0.660833 0.403333 0.009167 0.031667
2 0.725833 0.650000 0.034167 0.038333
3 0.692500 0.690000 0.009167 0.016667
2 0.805833 0.613333 0.009167 0.040000
2 0.589167 0.726667 0.009167 0.040000
3 0.499167 0.266667 0.007500 0.018333
2 0.466667 0.763333 0.011667 0.066667
3 0.276667 0.666667 0.006667 0.018333
3 0.739167 0.660000 0.008333 0.016667
3 0.597500 0.998333 0.009167 0.001667
3 0.694167 0.285000 0.013333 0.031667
2 0.510833 0.333333 0.020833 0.080000
2 0.725833 0.408333 0.009167 0.040000
2 0.695000 0.350000 0.023333 0.106667
2 0.555000 0.420000 0.014167 0.015000
2 0.683333 0.318333 0.058333 0.076667
3 0.645000 0.375000 0.011667 0.030000
2 0.447500 0.675000 0.035000 0.105000
3 0.644167 0.405000 0.008333 0.016667
2 0.784167 0.413333 0.017500 0.116667
2 0.510000 0.271667 0.009167 0.040000
3 0.653333 0.448333 0.009167 0.023333
2 0.545000 0.396667 0.034167 0.100000
2 0.449167 0.655000 0.020833 0.028333
3 0.688333 0.271667 0.008333 0.016667
3 0.571667 0.758333 0.010833 0.023333
2 0.727500 0.468333 0.020833 0.080000
3 0.224167 0.771667 0.009167 0.023333
3 0.345833 0.725000 0.008333 0.016667
2 0.476667 0.726667 0.023333 0.106667
3 0.797500 0.663333 0.008333 0.021667
2 0.677500 0.403333 0.023333 0.106667
2 0.443333 0.826667 0.034167 0.100000
3 0.697500 0.346667 0.017500 0.031667
2 0.149167 0.625000 0.022500 0.023333
2 0.633333 0.653333 0.022500 0.023333
2 0.794167 0.441667 0.020833 0.080000
2 0.696667 0.423333 0.034167 0.038333
3 0.749167 0.410000 0.007500 0.016667
2 0.710833 0.610000 0.010000 0.031667
2 0.698333 0.670000 0.009167 0.040000
3 0.657500 0.338333 0.008333 0.016667
2 0.483333 0.356667 0.034167 0.038333
3 0.407500 0.676667 0.010000 0.020000
2 0.368333 0.730000 0.009167 0.031667
3 0.549167 0.421667 0.011667 0.020000
2 0.639167 0.658333 0.023333 0.106667
2 0.330833 0.651667 0.023333 0.106667
3 0.465000 0.278333 0.007500 0.016667
3 0.728333 0.380000 0.010833 0.023333
2 0.438333 0.385000 0.022500 0.023333
3 0.665000 0.441667 0.013333 0.015000
2 0.471667 0.335000 0.010000 0.031667
2 0.417500 0.395000 0.020000 0.021667
2 0.255833 0.666667 0.020833 0.080000
2 0.419167 0.290000 0.097500 0.053333
3 0.641667 0.375000 0.009167 0.015000
2 0.447500 0.101667 0.058333 0.076667
2 0.563333 0.670000 0.010000 0.031667
2 0.648333 0.630000 0.048333 0.043333
3 0.441667 0.796667 0.008333 0.021667
3 0.755833 0.413333 0.013333 0.015000
3 0.275833 0.658333 0.017500 0.031667
2 0.511667 0.271667 0.022500 0.023333
3 0.559167 0.371667 0.006667 0.018333
3 0.317500 0.713333 0.007500 0.015000
3 0.799167 0.373333 0.009167 0.016667
2 0.495833 0.751667 0.048333 0.025000
2 0.561667 0.426667 0.048333 0.025000
2 0.515000 0.256667 0.020833 0.080000
3 0.194167 0.390000 0.007500 0.015000
2 0.645000 0.383333 0.034167 0.100000
2 0.548333 0.291667 0.030833 0.051667
3 0.804167 0.648333 0.010833 0.013333
3 0.779167 0.411667 0.007500 0.018333
2 0.401667 0.356667 0.015833 0.068333
2 0.325833 0.405000 0.020000 0.021667
2 0.779167 0.611667 0.023333 0.041667
2 0.675000 0.648333 0.023333 0.041667
2 0.751667 0.353333 0.035000 0.105000
3 0.699167 0.658333 0.011667 0.020000
3 0.591667 0.623333 0.007500 0.015000
2 0.310833 0.385000 0.048333 0.043333
3 0.298333 0.736667 0.009167 0.018333
2 0.712500 0.725000 0.010000 0.031667
3 0.676667 0.426667 0.006667 0.018333
3 0.672500 0.711667 0.014167 0.025000
2 0.224167 0.683333 0.023333 0.041667
2 0.428333 0.695000 0.020833 0.080000
2 0.440833 0.653333 0.015833 0.068333
2 0.432500 0.648333 0.020833 0.028333
2 0.696667 0.601667 0.009167 0.040000
3 0.737500 0.651667 0.009167 0.018333
2 0.520833 0.606667 0.020833 0.028333
2 0.754167 0.405000 0.011667 0.025000
3 0.472500 0.323333 0.013333 0.015000
3 0.685000 0.413333 0.008333 0.016667
3 0.664167 0.420000 0.010833 0.023333
2 0.565000 0.725000 0.010833 0.091667
3 0.295833 0.861667 0.010000 0.016667
3 0.341667 0.838333 0.010000 0.016667
2 0.633333 0.396667 0.034167 0.100000
3 0.535833 0.423333 0.011667 0.020000
3 0.477500 0.743333 0.010000 0.016667
2 0.681667 0.630000 0.034167 0.038333
3 0.688333 0.386667 0.007500 0.018333
2 0.713333 0.671667 0.058333 0.076667
2 0.643333 0.638333 0.035000 0.105000
2 0.460833 0.756667 0.020833 0.080000
2 0.529167 0.733333 0.034167 0.100000
2 0.754167 0.568333 0.020833 0.080000
2 0.684167 0.393333 0.009167 0.040000
3 0.415000 0.356667 0.017500 0.031667
3 0.495000 0.166667 0.009167 0.023333
2 0.400833 0.658333 0.014167 0.015000
3 0.767500 0.700000 0.011667 0.030000
3 0.695000 0.266667 0.015833 0.051667
2 0.386667 0.660000 0.020833 0.080000
2 0.812500 0.616667 0.017500 0.116667
2 0.320000 0.730000 0.030833 0.051667
3 0.768333 0.593333 0.007500 0.016667
2 0.714167 0.693333 0.034167 0.100000
2 0.785000 0.658333 0.022500 0.023333
3 0.330833 0.406667 0.009167 0.018333
3 0.845000 0.321667 0.007500 0.015000
3 0.686667 0.643333 0.017500 0.031667
3 0.724167 0.775000 0.007500 0.015000
3 0.829167 0.408333 0.010833 0.023333
3 0.612500 0.335000 0.010000 0.016667
3 0.586667 0.186667 0.007500 0.015000
3 0.719167 0.626667 0.009167 0.016667
2 0.782500 0.763333 0.021667 0.090000
2 0.472500 0.436667 0.034167 0.038333
2 0.305000 0.430000 0.013333 0.070000
2 0.451667 0.123333 0.026667 0.035000
3 0.385833 0.708333 0.008333 0.016667
2 0.440000 0.273333 0.029167 0.038333
3 0.702500 0.326667 0.013333 0.031667
3 0.515000 0.631667 0.013333 0.015000
3 0.636667 0.436667 0.007500 0.015000
2 0.798333 0.305000 0.020833 0.080000
3 0.316667 0.685000 0.007500 0.015000
2 0.429167 0.763333 0.009167 0.031667
2 0.714167 0.428333 0.026667 0.035000
3 0.776667 0.390000 0.010000 0.016667
3 0.751667 0.670000 0.006667 0.018333
3 0.723333 0.348333 0.007500 0.015000
2 0.649167 0.620000 0.020000 0.021667
3 0.261667 0.728333 0.008333 0.016667
3 0.552500 0.758333 0.006667 0.018333
3 0.455000 0.640000 0.009167 0.015000
