4 0.816667 0.508333 0.196667 0.128333
4 0.822500 0.610000 0.180833 0.126667
4 0.796667 0.385000 0.240833 0.173333
4 0.870000 0.598333 0.080833 0.025000
4 0.850833 0.460000 0.073333 0.021667
4 0.816667 0.641667 0.108333 0.246667
4 0.859167 0.388333 0.035833 0.056667
4 0.859167 0.445000 0.093333 0.103333
4 0.790000 0.515000 0.097500 0.056667
4 0.880000 0.530000 0.070833 0.031667
4 0.022500 0.540000 0.045000 0.088333
4 0.571667 0.548333 0.029167 0.081667
4 0.577500 0.743333 0.272500 0.493333
4 0.236667 0.575000 0.110000 0.070000
4 0.068333 0.581667 0.104167 0.128333
4 0.618333 0.661667 0.159167 0.206667
4 0.189167 0.475000 0.049167 0.026667
4 0.652500 0.648333 0.127500 0.223333
4 0.143333 0.571667 0.064167 0.038333
4 0.070000 0.475000 0.098333 0.061667
3 0.327500 0.466667 0.007500 0.018333
3 0.359167 0.486667 0.011667 0.030000
2 0.655000 0.455000 0.020000 0.021667
2 0.756667 0.466667 0.029167 0.038333
2 0.511667 0.565000 0.023333 0.041667
2 0.815000 0.640000 0.021667 0.090000
3 0.641667 0.580000 0.009167 0.016667
2 0.727500 0.470000 0.034167 0.038333
3 0.443333 0.498333 0.007500 0.015000
3 0.514167 0.470000 0.008333 0.021667
2 0.120833 0.535000 0.019167 0.046667
2 0.734167 0.491667 0.014167 0.015000
3 0.087500 0.496667 0.009167 0.016667
2 0.026667 0.473333 0.010000 0.031667
3 0.044167 0.488333 0.007500 0.015000
3 0.033333 0.531667 0.010000 0.016667
3 0.067500 0.531667 0.007500 0.018333
3 0.103333 0.548333 0.007500 0.015000
3 0.469167 0.416667 0.007500 0.016667
3 0.820000 0.493333 0.011667 0.020000
2 0.310833 0.466667 0.009167 0.040000
2 0.670833 0.491667 0.023333 0.106667
2 0.161667 0.531667 0.030833 0.051667
3 0.235000 0.441667 0.010833 0.013333
2 0.726667 0.533333 0.009167 0.040000
2 0.304167 0.495000 0.020833 0.028333
2 0.431667 0.633333 0.021667 0.090000
2 0.219167 0.590000 0.023333 0.041667
3 0.319167 0.593333 0.009167 0.015000
2 0.554167 0.475000 0.019167 0.046667
2 0.456667 0.505000 0.009167 0.040000
3 0.480000 0.531667 0.007500 0.015000
3 0.204167 0.458333 0.007500 0.016667
2 0.526667 0.486667 0.021667 0.090000
3 0.370000 0.556667 0.008333 0.016667
2 0.678333 0.548333 0.020833 0.080000
3 0.234167 0.530000 0.007500 0.015000
3 0.263333 0.560000 0.008333 0.021667
2 0.690000 0.478333 0.023333 0.041667
2 0.480833 0.441667 0.020833 0.028333
2 0.734167 0.506667 0.035000 0.105000
2 0.576667 0.493333 0.014167 0.015000
2 0.341667 0.503333 0.048333 0.025000
3 0.248333 0.540000 0.008333 0.016667
3 0.518333 0.580000 0.006667 0.018333
3 0.650000 0.481667 0.008333 0.016667
2 0.238333 0.461667 0.097500 0.053333
3 0.040000 0.468333 0.011667 0.020000
3 0.533333 0.543333 0.010833 0.013333
2 0.554167 0.538333 0.020833 0.080000
2 0.570000 0.481667 0.020833 0.080000
2 0.536667 0.501667 0.034167 0.038333
3 0.391667 0.458333 0.007500 0.015000
2 0.696667 0.520000 0.009167 0.040000
2 0.037500 0.550000 0.034167 0.038333
3 0.240833 0.491667 0.010833 0.023333
2 0.347500 0.496667 0.097500 0.053333
2 0.241667 0.521667 0.030833 0.051667
2 0.531667 0.533333 0.022500 0.023333
2 0.249167 0.433333 0.011667 0.025000
2 0.300833 0.461667 0.020833 0.028333
3 0.731667 0.578333 0.010000 0.016667
3 0.299167 0.481667 0.010000 0.016667
3 0.705833 0.506667 0.008333 0.016667
2 0.108333 0.511667 0.013333 0.070000
3 0.375833 0.476667 0.007500 0.018333
3 0.784167 0.456667 0.013333 0.015000
3 0.170000 0.495000 0.010833 0.013333
3 0.727500 0.480000 0.007500 0.015000
2 0.797500 0.495000 0.026667 0.035000
2 0.320833 0.503333 0.021667 0.090000
3 0.733333 0.498333 0.013333 0.031667
2 0.329167 0.518333 0.017500 0.116667
3 0.788333 0.553333 0.009167 0.016667
2 0.307500 0.601667 0.026667 0.035000
2 0.266667 0.556667 0.021667 0.090000
2 0.060000 0.495000 0.029167 0.038333
3 0.228333 0.485000 0.007500 0.015000
3 0.147500 0.553333 0.007500 0.015000
3 0.281667 0.518333 0.009167 0.018333
2 0.799167 0.546667 0.058333 0.076667
3 0.733333 0.476667 0.008333 0.016667
3 0.427500 0.478333 0.007500 0.015000
2 0.540000 0.523333 0.020833 0.080000
2 0.119167 0.616667 0.030833 0.051667
2 0.223333 0.515000 0.022500 0.023333
3 0.215833 0.463333 0.007500 0.015000
2 0.034167 0.468333 0.017500 0.116667
3 0.225000 0.508333 0.007500 0.018333
2 0.645833 0.490000 0.010000 0.031667
3 0.775000 0.550000 0.008333 0.021667
2 0.580000 0.553333 0.014167 0.015000
3 0.572500 0.495000 0.007500 0.015000
3 0.210833 0.583333 0.008333 0.016667
2 0.300833 0.510000 0.010000 0.031667
2 0.510833 0.530000 0.048333 0.043333
2 0.100000 0.453333 0.009167 0.040000
2 0.257500 0.523333 0.026667 0.035000
3 0.417500 0.546667 0.007500 0.018333
2 0.570833 0.553333 0.013333 0.070000
2 0.155000 0.571667 0.026667 0.035000
2 0.703333 0.603333 0.022500 0.023333
2 0.783333 0.441667 0.034167 0.100000
2 0.310000 0.325000 0.015833 0.068333
3 0.441667 0.900000 0.011667 0.030000
2 0.715000 0.623333 0.097500 0.053333
2 0.327500 0.253333 0.027500 0.016667
3 0.614167 0.771667 0.009167 0.016667
3 0.415000 0.846667 0.008333 0.016667
3 0.336667 0.338333 0.011667 0.030000
3 0.796667 0.623333 0.009167 0.016667
3 0.330000 0.803333 0.006667 0.018333
2 0.660833 0.471667 0.021667 0.090000
3 0.485000 0.790000 0.015833 0.051667
3 0.340000 0.651667 0.009167 0.016667
2 0.555833 0.805000 0.034167 0.100000
2 0.760000 0.373333 0.058333 0.076667
2 0.642500 0.323333 0.014167 0.015000
3 0.293333 0.778333 0.008333 0.016667
3 0.445000 0.828333 0.008333 0.016667
3 0.804167 0.423333 0.009167 0.016667
2 0.667500 0.440000 0.020000 0.021667
2 0.670833 0.338333 0.020833 0.080000
2 0.276667 0.748333 0.019167 0.046667
2 0.810000 0.601667 0.015833 0.068333
2 0.690833 0.595000 0.009167 0.040000
3 0.634167 0.440000 0.013333 0.031667
3 0.536667 0.346667 0.014167 0.025000
2 0.678333 0.665000 0.034167 0.100000
2 0.472500 0.801667 0.029167 0.038333
3 0.185000 0.403333 0.017500 0.031667
2 0.254167 0.238333 0.035000 0.105000
2 0.395833 0.745000 0.034167 0.038333
2 0.247500 0.788333 0.045833 0.021667
3 0.781667 0.598333 0.007500 0.018333
2 0.301667 0.420000 0.034167 0.100000
3 0.476667 0.305000 0.007500 0.018333
3 0.726667 0.435000 0.007500 0.015000
3 0.705000 0.660000 0.009167 0.018333
3 0.810833 0.615000 0.008333 0.016667
2 0.323333 0.426667 0.026667 0.035000
2 0.218333 0.796667 0.021667 0.090000
3 0.591667 0.625000 0.008333 0.016667
3 0.275000 0.395000 0.009167 0.016667
2 0.468333 0.280000 0.027500 0.016667
2 0.444167 0.761667 0.020833 0.028333
3 0.735000 0.595000 0.014167 0.025000
2 0.749167 0.623333 0.009167 0.040000
2 0.358333 0.673333 0.011667 0.066667
2 0.323333 0.725000 0.010000 0.031667
3 0.338333 0.710000 0.010833 0.013333
2 0.665000 0.416667 0.010000 0.031667
2 0.330833 0.281667 0.009167 0.031667
3 0.745833 0.600000 0.007500 0.016667
3 0.633333 0.431667 0.014167 0.025000
3 0.696667 0.768333 0.010000 0.016667
3 0.791667 0.423333 0.007500 0.015000
3 0.585000 0.618333 0.008333 0.021667
2 0.722500 0.328333 0.015833 0.068333
2 0.412500 0.846667 0.022500 0.023333
2 0.644167 0.661667 0.023333 0.041667
3 0.810000 0.611667 0.009167 0.015000
3 0.640833 0.348333 0.010000 0.016667
2 0.020833 0.610000 0.026667 0.035000
3 0.811667 0.623333 0.010833 0.023333
2 0.695833 0.613333 0.011667 0.025000
2 0.678333 0.288333 0.023333 0.041667
2 0.521667 0.295000 0.058333 0.076667
3 0.773333 0.396667 0.010833 0.023333
2 0.258333 0.386667 0.020833 0.080000
2 0.436667 0.328333 0.023333 0.106667
3 0.707500 0.321667 0.007500 0.015000
2 0.215000 0.653333 0.034167 0.038333
2 0.328333 0.406667 0.030833 0.051667
2 0.763333 0.393333 0.011667 0.066667
3 0.655833 0.338333 0.010833 0.023333
2 0.407500 0.378333 0.048333 0.025000
2 0.338333 0.456667 0.034167 0.100000
3 0.716667 0.606667 0.008333 0.016667
3 0.465000 0.276667 0.007500 0.015000
3 0.671667 0.406667 0.007500 0.016667
3 0.453333 0.751667 0.013333 0.015000
3 0.757500 0.630000 0.009167 0.016667
2 0.684167 0.685000 0.023333 0.106667
3 0.695000 0.350000 0.008333 0.016667
3 0.530000 0.303333 0.017500 0.031667
3 0.279167 0.650000 0.010833 0.013333
3 0.690833 0.660000 0.011667 0.020000
2 0.698333 0.315000 0.019167 0.046667
3 0.511667 0.335000 0.017500 0.031667
2 0.591667 0.998333 0.020833 0.001667
2 0.549167 0.733333 0.021667 0.090000
2 0.666667 0.633333 0.015833 0.068333
2 0.553333 0.773333 0.034167 0.100000
3 0.436667 0.691667 0.008333 0.016667
2 0.411667 0.720000 0.058333 0.076667
3 0.425000 0.731667 0.010833 0.023333
3 0.716667 0.645000 0.009167 0.016667
3 0.818333 0.416667 0.008333 0.016667
2 0.696667 0.801667 0.026667 0.035000
2 0.786667 0.398333 0.034167 0.100000
2 0.458333 0.728333 0.010833 0.091667
2 0.384167 0.390000 0.022500 0.023333
2 0.759167 0.406667 0.048333 0.043333
2 0.494167 0.353333 0.013333 0.070000
2 0.747500 0.668333 0.023333 0.041667
2 0.439167 0.718333 0.023333 0.041667
3 0.352500 0.335000 0.006667 0.018333
3 0.530000 0.998333 0.011667 0.001667
2 0.593333 0.731667 0.020833 0.028333
2 0.463333 0.726667 0.009167 0.031667
3 0.542500 0.623333 0.013333 0.031667
2 0.693333 0.731667 0.014167 0.015000
2 0.437500 0.191667 0.020833 0.080000
3 0.318333 0.283333 0.007500 0.018333
2 0.616667 0.650000 0.023333 0.041667
2 0.576667 0.403333 0.020833 0.080000
3 0.654167 0.645000 0.009167 0.023333
2 0.270000 0.663333 0.020000 0.021667
2 0.480000 0.286667 0.029167 0.038333
2 0.472500 0.726667 0.019167 0.046667
2 0.753333 0.580000 0.011667 0.066667
2 0.670833 0.671667 0.023333 0.106667
3 0.439167 0.381667 0.011667 0.030000
2 0.450833 0.638333 0.017500 0.116667
2 0.528333 0.700000 0.023333 0.041667
3 0.803333 0.373333 0.006667 0.018333
2 0.510833 0.735000 0.034167 0.100000
2 0.459167 0.736667 0.045833 0.021667
2 0.272500 0.241667 0.034167 0.038333
3 0.497500 0.400000 0.008333 0.016667
2 0.265833 0.673333 0.023333 0.041667
3 0.704167 0.610000 0.015833 0.051667
3 0.235000 0.633333 0.007500 0.015000
2 0.674167 0.711667 0.011667 0.025000
3 0.805000 0.651667 0.009167 0.018333
3 0.323333 0.765000 0.010833 0.023333
3 0.280833 0.836667 0.007500 0.015000
3 0.611667 0.681667 0.009167 0.016667
3 0.622500 0.638333 0.008333 0.016667
2 0.294167 0.203333 0.097500 0.053333
2 0.703333 0.680000 0.023333 0.106667
3 0.751667 0.335000 0.009167 0.016667
3 0.273333 0.290000 0.009167 0.016667
3 0.530000 0.363333 0.010000 0.020000
2 0.742500 0.648333 0.021667 0.090000
2 0.453333 0.350000 0.014167 0.015000
2 0.301667 0.146667 0.014167 0.015000
3 0.245000 0.378333 0.009167 0.023333
3 0.344167 0.370000 0.009167 0.018333
3 0.685833 0.430000 0.006667 0.018333
3 0.449167 0.650000 0.013333 0.031667
2 0.437500 0.281667 0.048333 0.025000
3 0.321667 0.650000 0.008333 0.016667
3 0.795833 0.715000 0.010833 0.013333
2 0.532500 0.338333 0.009167 0.040000
3 0.274167 0.265000 0.009167 0.023333
3 0.431667 0.671667 0.009167 0.015000
3 0.508333 0.355000 0.014167 0.025000
2 0.610833 0.350000 0.048333 0.043333
3 0.455000 0.220000 0.013333 0.015000
3 0.509167 0.740000 0.010833 0.023333
3 0.659167 0.371667 0.006667 0.018333
3 0.251667 0.760000 0.010833 0.013333
2 0.462500 0.313333 0.015833 0.068333
2 0.673333 0.416667 0.019167 0.046667
3 0.695833 0.608333 0.008333 0.016667
2 0.435833 0.365000 0.011667 0.025000
2 0.605833 0.356667 0.058333 0.076667
3 0.483333 0.826667 0.010000 0.016667
3 0.386667 0.391667 0.009167 0.016667
2 0.309167 0.701667 0.015833 0.068333
2 0.330000 0.373333 0.020833 0.028333
3 0.410833 0.683333 0.008333 0.021667
2 0.755000 0.338333 0.045833 0.021667
2 0.630833 0.698333 0.097500 0.053333
3 0.644167 0.361667 0.009167 0.015000
3 0.708333 0.686667 0.009167 0.023333
3 0.317500 0.636667 0.007500 0.015000
2 0.584167 0.323333 0.048333 0.043333
2 0.719167 0.435000 0.022500 0.023333
2 0.504167 0.355000 0.034167 0.038333
3 0.570000 0.275000 0.009167 0.018333
3 0.622500 0.370000 0.008333 0.016667
2 0.565000 0.258333 0.019167 0.046667
2 0.436667 0.728333 0.023333 0.106667
2 0.350833 0.605000 0.011667 0.025000
2 0.731667 0.650000 0.011667 0.025000
3 0.671667 0.390000 0.010833 0.013333
2 0.676667 0.763333 0.010833 0.091667
3 0.703333 0.616667 0.008333 0.016667
2 0.582500 0.180000 0.030833 0.051667
3 0.531667 0.403333 0.010000 0.016667
2 0.377500 0.385000 0.026667 0.035000
2 0.689167 0.738333 0.013333 0.070000
3 0.741667 0.693333 0.008333 0.021667
3 0.726667 0.598333 0.007500 0.015000
2 0.822500 0.438333 0.030833 0.051667
2 0.319167 0.366667 0.020000 0.021667
3 0.777500 0.705000 0.007500 0.018333
