4 0.810833 0.553333 0.050833 0.020000
4 0.799167 0.413333 0.192500 0.351667
4 0.821667 0.318333 0.074167 0.115000
4 0.780000 0.378333 0.238333 0.328333
4 0.787500 0.298333 0.146667 0.320000
4 0.793333 0.525000 0.185833 0.143333
4 0.839167 0.496667 0.070833 0.023333
4 0.803333 0.486667 0.127500 0.056667
4 0.856667 0.633333 0.071667 0.158333
4 0.877500 0.461667 0.088333 0.041667
4 0.447500 0.540000 0.070833 0.066667
4 0.794167 0.533333 0.064167 0.023333
4 0.390000 0.536667 0.050833 0.033333
4 0.761667 0.551667 0.085833 0.090000
4 0.807500 0.491667 0.051667 0.078333
4 0.090833 0.495000 0.117500 0.066667
4 0.744167 0.558333 0.082500 0.130000
4 0.449167 0.431667 0.155833 0.235000
4 0.360000 0.518333 0.040833 0.033333
4 0.193333 0.483333 0.155833 0.041667
2 0.237500 0.543333 0.014167 0.015000
2 0.472500 0.485000 0.023333 0.041667
3 0.415000 0.548333 0.010000 0.016667
2 0.478333 0.465000 0.027500 0.016667
2 0.540000 0.563333 0.019167 0.046667
3 0.352500 0.473333 0.008333 0.021667
3 0.462500 0.588333 0.008333 0.016667
3 0.287500 0.478333 0.010000 0.016667
3 0.790000 0.558333 0.008333 0.016667
3 0.647500 0.535000 0.010000 0.016667
2 0.405000 0.566667 0.029167 0.038333
3 0.330833 0.566667 0.008333 0.016667
3 0.249167 0.448333 0.010000 0.016667
3 0.290000 0.565000 0.009167 0.018333
2 0.684167 0.510000 0.045833 0.021667
3 0.175833 0.483333 0.009167 0.018333
2 0.230833 0.598333 0.020833 0.080000
2 0.600000 0.551667 0.048333 0.025000
3 0.170833 0.496667 0.009167 0.016667
2 0.117500 0.520000 0.010000 0.031667
2 0.435833 0.558333 0.014167 0.015000
3 0.162500 0.463333 0.006667 0.018333
2 0.625833 0.501667 0.097500 0.053333
2 0.085833 0.450000 0.019167 0.046667
2 0.800000 0.703333 0.034167 0.100000
2 0.274167 0.568333 0.045833 0.021667
3 0.493333 0.541667 0.007500 0.018333
3 0.195000 0.441667 0.009167 0.016667
3 0.718333 0.568333 0.010833 0.013333
2 0.761667 0.528333 0.020833 0.080000
2 0.069167 0.465000 0.048333 0.043333
2 0.542500 0.558333 0.026667 0.035000
2 0.123333 0.520000 0.019167 0.046667
3 0.628333 0.458333 0.009167 0.023333
2 0.759167 0.465000 0.017500 0.116667
2 0.670000 0.600000 0.021667 0.090000
2 0.205000 0.505000 0.027500 0.016667
2 0.075833 0.525000 0.010000 0.031667
3 0.550833 0.490000 0.009167 0.023333
2 0.195833 0.431667 0.011667 0.066667
3 0.110000 0.503333 0.009167 0.016667
3 0.541667 0.580000 0.010000 0.020000
2 0.077500 0.480000 0.014167 0.015000
2 0.684167 0.513333 0.034167 0.100000
3 0.099167 0.581667 0.008333 0.016667
3 0.344167 0.493333 0.010833 0.023333
3 0.487500 0.473333 0.009167 0.015000
3 0.159167 0.526667 0.008333 0.016667
3 0.758333 0.480000 0.013333 0.031667
3 0.621667 0.530000 0.009167 0.016667
3 0.410833 0.583333 0.011667 0.020000
3 0.790833 0.510000 0.013333 0.015000
2 0.043333 0.561667 0.011667 0.066667
2 0.416667 0.561667 0.019167 0.046667
2 0.482500 0.530000 0.029167 0.038333
2 0.010000 0.525000 0.020000 0.043333
2 0.027500 0.596667 0.009167 0.031667
3 0.489167 0.583333 0.009167 0.023333
3 0.730833 0.585000 0.011667 0.020000
2 0.782500 0.571667 0.027500 0.016667
2 0.572500 0.520000 0.048333 0.025000
2 0.023333 0.441667 0.047500 0.053333
2 0.038333 0.541667 0.010833 0.091667
3 0.401667 0.533333 0.010833 0.023333
2 0.458333 0.515000 0.014167 0.015000
3 0.799167 0.436667 0.007500 0.018333
3 0.350833 0.500000 0.007500 0.016667
3 0.414167 0.578333 0.008333 0.016667
3 0.811667 0.503333 0.007500 0.018333
3 0.281667 0.485000 0.008333 0.016667
2 0.443333 0.546667 0.045833 0.021667
3 0.775833 0.580000 0.011667 0.030000
3 0.815833 0.601667 0.013333 0.031667
2 0.096667 0.495000 0.035000 0.105000
2 0.213333 0.515000 0.048333 0.043333
3 0.639167 0.521667 0.009167 0.018333
2 0.014167 0.453333 0.029167 0.038333
2 0.130833 0.555000 0.045833 0.021667
3 0.430000 0.550000 0.011667 0.020000
3 0.065000 0.503333 0.007500 0.015000
2 0.334167 0.581667 0.048333 0.025000
3 0.555000 0.463333 0.010833 0.023333
3 0.128333 0.596667 0.007500 0.015000
2 0.495833 0.526667 0.030833 0.051667
3 0.601667 0.463333 0.009167 0.016667
3 0.187500 0.473333 0.010833 0.013333
3 0.177500 0.563333 0.009167 0.016667
2 0.817500 0.483333 0.026667 0.035000
3 0.718333 0.588333 0.011667 0.020000
3 0.782500 0.583333 0.008333 0.016667
3 0.519167 0.576667 0.013333 0.031667
3 0.440000 0.521667 0.010833 0.023333
3 0.448333 0.605000 0.015833 0.051667
2 0.203333 0.550000 0.009167 0.040000
2 0.229167 0.428333 0.097500 0.053333
3 0.669167 0.506667 0.008333 0.021667
2 0.676667 0.516667 0.048333 0.043333
3 0.422500 0.468333 0.009167 0.016667
3 0.110833 0.521667 0.007500 0.015000
2 0.208333 0.535000 0.034167 0.100000
3 0.417500 0.478333 0.007500 0.018333
2 0.388333 0.530000 0.009167 0.040000
2 0.215000 0.338333 0.029167 0.038333
2 0.645000 0.365000 0.009167 0.040000
3 0.687500 0.643333 0.007500 0.016667
3 0.325833 0.301667 0.007500 0.018333
2 0.764167 0.395000 0.009167 0.040000
2 0.645000 0.316667 0.035000 0.105000
2 0.535833 0.263333 0.019167 0.046667
2 0.442500 0.905000 0.009167 0.031667
2 0.685000 0.668333 0.020833 0.028333
2 0.802500 0.338333 0.011667 0.025000
3 0.288333 0.765000 0.009167 0.015000
2 0.435833 0.800000 0.021667 0.090000
2 0.712500 0.326667 0.015833 0.068333
2 0.808333 0.360000 0.034167 0.038333
3 0.401667 0.661667 0.013333 0.031667
3 0.773333 0.785000 0.013333 0.031667
3 0.625833 0.328333 0.011667 0.020000
2 0.332500 0.398333 0.021667 0.090000
2 0.435833 0.696667 0.034167 0.038333
3 0.517500 0.678333 0.015833 0.051667
3 0.641667 0.635000 0.010000 0.020000
2 0.784167 0.618333 0.035000 0.105000
3 0.261667 0.375000 0.007500 0.018333
2 0.713333 0.693333 0.020833 0.080000
3 0.673333 0.716667 0.013333 0.015000
3 0.692500 0.666667 0.010833 0.023333
2 0.430833 0.348333 0.034167 0.038333
2 0.688333 0.601667 0.015833 0.068333
2 0.346667 0.411667 0.022500 0.023333
2 0.418333 0.770000 0.030833 0.051667
3 0.264167 0.355000 0.009167 0.018333
3 0.580833 0.756667 0.007500 0.015000
3 0.320000 0.265000 0.009167 0.023333
3 0.395833 0.671667 0.009167 0.023333
3 0.261667 0.800000 0.009167 0.016667
3 0.156667 0.618333 0.007500 0.018333
2 0.442500 0.696667 0.020833 0.028333
2 0.432500 0.663333 0.015833 0.068333
2 0.645833 0.651667 0.020000 0.021667
3 0.550833 0.728333 0.009167 0.016667
3 0.557500 0.343333 0.013333 0.031667
2 0.639167 0.613333 0.019167 0.046667
2 0.318333 0.716667 0.021667 0.090000
2 0.320833 0.688333 0.026667 0.035000
2 0.780833 0.400000 0.045833 0.021667
3 0.531667 0.720000 0.008333 0.016667
2 0.722500 0.443333 0.020833 0.080000
2 0.675000 0.628333 0.020833 0.028333
2 0.730833 0.700000 0.023333 0.041667
3 0.447500 0.711667 0.006667 0.018333
2 0.545000 0.663333 0.011667 0.066667
3 0.322500 0.760000 0.007500 0.016667
3 0.775000 0.346667 0.006667 0.018333
2 0.769167 0.341667 0.017500 0.116667
3 0.722500 0.675000 0.007500 0.015000
2 0.295000 0.676667 0.010000 0.031667
2 0.241667 0.345000 0.015833 0.068333
2 0.362500 0.343333 0.010833 0.091667
2 0.440000 0.798333 0.013333 0.070000
3 0.353333 0.663333 0.006667 0.018333
3 0.520000 0.276667 0.007500 0.015000
2 0.340833 0.655000 0.015833 0.068333
2 0.516667 0.615000 0.009167 0.040000
3 0.441667 0.651667 0.007500 0.015000
2 0.553333 0.816667 0.014167 0.015000
2 0.672500 0.356667 0.020833 0.028333
3 0.515833 0.748333 0.007500 0.018333
3 0.510000 0.278333 0.009167 0.016667
3 0.333333 0.733333 0.007500 0.018333
3 0.775833 0.380000 0.008333 0.016667
3 0.640833 0.646667 0.007500 0.018333
2 0.655000 0.401667 0.017500 0.116667
2 0.298333 0.631667 0.020833 0.080000
2 0.526667 0.215000 0.058333 0.076667
3 0.783333 0.390000 0.010833 0.013333
2 0.723333 0.395000 0.019167 0.046667
2 0.724167 0.276667 0.045833 0.021667
3 0.334167 0.341667 0.015833 0.051667
3 0.670000 0.631667 0.008333 0.016667
3 0.763333 0.410000 0.009167 0.023333
2 0.518333 0.881667 0.010833 0.091667
2 0.320000 0.710000 0.011667 0.025000
3 0.390000 0.768333 0.013333 0.015000
2 0.638333 0.436667 0.017500 0.116667
3 0.611667 0.340000 0.011667 0.030000
3 0.710000 0.618333 0.008333 0.016667
3 0.705000 0.668333 0.007500 0.016667
3 0.684167 0.276667 0.010833 0.013333
2 0.769167 0.315000 0.029167 0.038333
3 0.624167 0.355000 0.011667 0.030000
3 0.760000 0.598333 0.010833 0.013333
3 0.535000 0.285000 0.006667 0.018333
3 0.724167 0.400000 0.008333 0.016667
3 0.500000 0.391667 0.010833 0.013333
3 0.223333 0.770000 0.011667 0.020000
2 0.302500 0.376667 0.021667 0.090000
2 0.544167 0.223333 0.027500 0.016667
2 0.250000 0.371667 0.011667 0.066667
3 0.320000 0.703333 0.007500 0.018333
2 0.785000 0.710000 0.027500 0.016667
2 0.747500 0.575000 0.058333 0.076667
2 0.740833 0.728333 0.021667 0.090000
2 0.612500 0.406667 0.026667 0.035000
2 0.772500 0.715000 0.045833 0.021667
2 0.338333 0.755000 0.015833 0.068333
2 0.750000 0.606667 0.010000 0.031667
3 0.600000 0.710000 0.006667 0.018333
2 0.332500 0.768333 0.027500 0.016667
2 0.690833 0.375000 0.010000 0.031667
3 0.271667 0.323333 0.011667 0.020000
3 0.332500 0.855000 0.014167 0.025000
3 0.603333 0.650000 0.008333 0.021667
2 0.665000 0.365000 0.023333 0.106667
2 0.300833 0.291667 0.029167 0.038333
3 0.575833 0.615000 0.007500 0.016667
2 0.627500 0.636667 0.034167 0.038333
2 0.490000 0.396667 0.020833 0.080000
3 0.726667 0.310000 0.015833 0.051667
3 0.776667 0.380000 0.006667 0.018333
2 0.670000 0.633333 0.035000 0.105000
2 0.710000 0.338333 0.011667 0.025000
2 0.475833 0.220000 0.026667 0.035000
3 0.775000 0.430000 0.009167 0.016667
3 0.708333 0.600000 0.007500 0.015000
2 0.315833 0.268333 0.021667 0.090000
3 0.785000 0.406667 0.011667 0.030000
3 0.680833 0.395000 0.007500 0.015000
2 0.360833 0.376667 0.011667 0.066667
2 0.475833 0.301667 0.020833 0.080000
3 0.692500 0.693333 0.009167 0.023333
2 0.293333 0.735000 0.020000 0.021667
3 0.255000 0.705000 0.007500 0.016667
2 0.219167 0.395000 0.023333 0.106667
3 0.283333 0.710000 0.007500 0.015000
2 0.793333 0.636667 0.011667 0.025000
3 0.771667 0.326667 0.008333 0.021667
2 0.247500 0.671667 0.021667 0.090000
3 0.705833 0.323333 0.011667 0.020000
3 0.762500 0.336667 0.009167 0.016667
2 0.532500 0.323333 0.022500 0.023333
2 0.735000 0.721667 0.013333 0.070000
3 0.442500 0.811667 0.007500 0.015000
2 0.517500 0.411667 0.097500 0.053333
2 0.669167 0.270000 0.010000 0.031667
2 0.679167 0.411667 0.019167 0.046667
2 0.438333 0.143333 0.019167 0.046667
2 0.682500 0.361667 0.023333 0.106667
3 0.598333 0.998333 0.007500 0.001667
3 0.738333 0.331667 0.007500 0.016667
3 0.645833 0.391667 0.010000 0.016667
3 0.797500 0.658333 0.007500 0.018333
2 0.301667 0.255000 0.045833 0.021667
3 0.427500 0.650000 0.009167 0.016667
3 0.687500 0.618333 0.006667 0.018333
3 0.521667 0.360000 0.009167 0.016667
2 0.518333 0.748333 0.020833 0.028333
2 0.538333 0.298333 0.097500 0.053333
3 0.669167 0.631667 0.010000 0.020000
3 0.735000 0.703333 0.008333 0.016667
3 0.695000 0.631667 0.008333 0.016667
3 0.400833 0.653333 0.007500 0.016667
2 0.378333 0.675000 0.015833 0.068333
3 0.306667 0.305000 0.017500 0.031667
3 0.676667 0.368333 0.009167 0.016667
3 0.646667 0.650000 0.007500 0.018333
3 0.570000 0.698333 0.009167 0.023333
3 0.236667 0.336667 0.010833 0.023333
2 0.541667 0.705000 0.009167 0.031667
3 0.448333 0.778333 0.014167 0.025000
2 0.758333 0.335000 0.020833 0.080000
2 0.662500 0.683333 0.097500 0.053333
2 0.310833 0.258333 0.014167 0.015000
2 0.447500 0.631667 0.015833 0.068333
2 0.530833 0.710000 0.030833 0.051667
2 0.261667 0.710000 0.023333 0.041667
3 0.713333 0.393333 0.015833 0.051667
2 0.685000 0.626667 0.022500 0.023333
2 0.307500 0.401667 0.022500 0.023333
2 0.786667 0.635000 0.020833 0.028333
3 0.789167 0.340000 0.010833 0.013333
2 0.500000 0.381667 0.035000 0.105000
2 0.551667 0.688333 0.045833 0.021667
2 0.439167 0.156667 0.017500 0.116667
2 0.530833 0.415000 0.048333 0.043333
3 0.745833 0.778333 0.009167 0.015000
2 0.681667 0.708333 0.027500 0.016667
2 0.720000 0.730000 0.023333 0.106667
3 0.460833 0.403333 0.007500 0.016667
3 0.660000 0.443333 0.010833 0.013333
2 0.340833 0.796667 0.020833 0.080000
2 0.530000 0.333333 0.021667 0.090000
2 0.672500 0.623333 0.097500 0.053333
2 0.695833 0.248333 0.011667 0.066667
2 0.759167 0.695000 0.048333 0.043333
2 0.731667 0.588333 0.011667 0.025000
3 0.817500 0.415000 0.010000 0.016667
3 0.710000 0.421667 0.006667 0.018333
2 0.735833 0.328333 0.030833 0.051667
