4 0.771667 0.543333 0.125833 0.098333
4 0.861667 0.488333 0.075833 0.056667
4 0.880833 0.536667 0.051667 0.020000
4 0.790000 0.718333 0.115000 0.210000
4 0.845833 0.370000 0.070833 0.031667
4 0.883333 0.576667 0.062500 0.085000
4 0.852500 0.435000 0.070833 0.088333
4 0.835000 0.420000 0.079167 0.131667
4 0.848333 0.631667 0.092500 0.070000
4 0.772500 0.615000 0.270000 0.065000
4 0.335833 0.596667 0.052500 0.136667
4 0.425000 0.500000 0.065000 0.050000
4 0.412500 0.618333 0.195000 0.185000
4 0.610833 0.561667 0.045000 0.070000
4 0.336667 0.645000 0.118333 0.198333
4 0.142500 0.480000 0.098333 0.156667
4 0.529167 0.601667 0.058333 0.098333
4 0.223333 0.513333 0.134167 0.191667
4 0.581667 0.456667 0.073333 0.086667
4 0.020833 0.438333 0.042500 0.186667
3 0.044167 0.495000 0.007500 0.018333
2 0.365833 0.563333 0.029167 0.038333
3 0.140000 0.445000 0.008333 0.016667
2 0.135833 0.585000 0.020833 0.080000
3 0.373333 0.566667 0.008333 0.016667
3 0.530833 0.465000 0.009167 0.023333
3 0.720833 0.543333 0.011667 0.020000
3 0.430833 0.545000 0.008333 0.016667
3 0.329167 0.576667 0.011667 0.020000
3 0.704167 0.558333 0.008333 0.016667
2 0.750833 0.546667 0.010000 0.031667
2 0.069167 0.581667 0.048333 0.025000
3 0.456667 0.493333 0.008333 0.016667
3 0.720000 0.478333 0.013333 0.015000
2 0.236667 0.521667 0.014167 0.015000
2 0.112500 0.611667 0.034167 0.100000
3 0.821667 0.621667 0.007500 0.015000
2 0.725000 0.530000 0.034167 0.038333
2 0.284167 0.586667 0.045833 0.021667
3 0.499167 0.453333 0.011667 0.020000
2 0.789167 0.495000 0.009167 0.031667
2 0.086667 0.528333 0.045833 0.021667
2 0.395833 0.451667 0.097500 0.053333
3 0.198333 0.491667 0.009167 0.016667
2 0.623333 0.513333 0.022500 0.023333
3 0.261667 0.581667 0.011667 0.030000
2 0.540833 0.575000 0.019167 0.046667
2 0.133333 0.551667 0.017500 0.116667
2 0.547500 0.518333 0.017500 0.116667
2 0.699167 0.546667 0.026667 0.035000
3 0.342500 0.573333 0.009167 0.016667
3 0.731667 0.563333 0.009167 0.018333
3 0.366667 0.481667 0.009167 0.016667
2 0.766667 0.480000 0.023333 0.041667
2 0.660000 0.563333 0.020000 0.021667
3 0.625000 0.445000 0.009167 0.018333
2 0.159167 0.486667 0.020833 0.080000
3 0.617500 0.460000 0.009167 0.016667
3 0.308333 0.458333 0.009167 0.018333
2 0.335833 0.481667 0.026667 0.035000
3 0.494167 0.566667 0.007500 0.015000
3 0.570000 0.591667 0.017500 0.031667
2 0.377500 0.598333 0.020833 0.080000
3 0.620000 0.458333 0.007500 0.015000
3 0.188333 0.518333 0.009167 0.016667
3 0.195000 0.521667 0.009167 0.018333
3 0.480000 0.523333 0.009167 0.015000
2 0.435833 0.546667 0.035000 0.105000
3 0.163333 0.448333 0.013333 0.031667
3 0.615833 0.568333 0.011667 0.020000
2 0.367500 0.486667 0.015833 0.068333
2 0.420000 0.566667 0.011667 0.025000
2 0.329167 0.525000 0.020833 0.028333
3 0.235000 0.465000 0.008333 0.016667
2 0.724167 0.566667 0.045833 0.021667
3 0.790000 0.518333 0.008333 0.016667
2 0.368333 0.568333 0.026667 0.035000
2 0.606667 0.615000 0.013333 0.070000
2 0.032500 0.496667 0.048333 0.043333
3 0.655000 0.545000 0.008333 0.016667
2 0.590833 0.461667 0.010000 0.031667
2 0.725833 0.480000 0.013333 0.070000
2 0.057500 0.590000 0.034167 0.100000
2 0.010000 0.481667 0.020833 0.105000
3 0.769167 0.566667 0.009167 0.016667
2 0.709167 0.493333 0.015833 0.068333
3 0.465000 0.548333 0.007500 0.015000
3 0.200000 0.578333 0.007500 0.015000
2 0.131667 0.480000 0.030833 0.051667
3 0.668333 0.558333 0.010833 0.013333
2 0.688333 0.578333 0.020833 0.080000
3 0.101667 0.571667 0.008333 0.021667
2 0.427500 0.490000 0.048333 0.043333
2 0.653333 0.510000 0.058333 0.076667
2 0.544167 0.470000 0.058333 0.076667
3 0.465833 0.461667 0.006667 0.018333
3 0.496667 0.491667 0.011667 0.030000
3 0.302500 0.473333 0.013333 0.031667
2 0.449167 0.588333 0.009167 0.040000
2 0.716667 0.566667 0.010000 0.031667
2 0.787500 0.496667 0.022500 0.023333
3 0.200833 0.475000 0.010000 0.016667
3 0.734167 0.538333 0.008333 0.016667
2 0.675833 0.438333 0.019167 0.046667
3 0.279167 0.575000 0.014167 0.025000
3 0.295833 0.491667 0.008333 0.016667
3 0.140000 0.510000 0.009167 0.016667
3 0.608333 0.495000 0.011667 0.020000
3 0.737500 0.486667 0.007500 0.018333
2 0.185833 0.468333 0.035000 0.105000
3 0.116667 0.506667 0.010833 0.013333
2 0.402500 0.563333 0.034167 0.038333
3 0.760833 0.460000 0.008333 0.016667
3 0.201667 0.563333 0.008333 0.016667
3 0.186667 0.558333 0.010000 0.020000
3 0.125833 0.450000 0.008333 0.016667
2 0.021667 0.483333 0.034167 0.038333
3 0.379167 0.476667 0.010000 0.020000
2 0.737500 0.588333 0.048333 0.025000
2 0.151667 0.465000 0.020833 0.028333
2 0.456667 0.455000 0.048333 0.025000
3 0.625833 0.496667 0.014167 0.025000
3 0.709167 0.636667 0.009167 0.023333
3 0.675833 0.656667 0.015833 0.051667
3 0.693333 0.638333 0.009167 0.016667
2 0.293333 0.346667 0.045833 0.021667
2 0.720000 0.630000 0.009167 0.040000
3 0.510833 0.753333 0.017500 0.031667
3 0.716667 0.606667 0.007500 0.015000
2 0.460000 0.313333 0.097500 0.053333
3 0.305833 0.393333 0.008333 0.016667
2 0.697500 0.700000 0.027500 0.016667
2 0.520833 0.243333 0.035000 0.105000
2 0.705833 0.290000 0.009167 0.031667
3 0.238333 0.351667 0.011667 0.020000
2 0.720833 0.298333 0.027500 0.016667
2 0.620833 0.620000 0.020833 0.080000
3 0.277500 0.440000 0.017500 0.031667
2 0.504167 0.593333 0.035000 0.105000
3 0.497500 0.366667 0.006667 0.018333
2 0.360833 0.780000 0.030833 0.051667
2 0.800833 0.610000 0.034167 0.038333
3 0.580833 0.365000 0.017500 0.031667
2 0.424167 0.323333 0.048333 0.025000
2 0.298333 0.718333 0.009167 0.040000
2 0.766667 0.675000 0.030833 0.051667
3 0.240833 0.368333 0.007500 0.015000
3 0.582500 0.751667 0.010000 0.016667
3 0.706667 0.440000 0.009167 0.016667
3 0.484167 0.210000 0.010000 0.020000
2 0.289167 0.240000 0.058333 0.076667
2 0.512500 0.671667 0.022500 0.023333
2 0.694167 0.738333 0.013333 0.070000
2 0.274167 0.653333 0.019167 0.046667
2 0.639167 0.353333 0.021667 0.090000
2 0.507500 0.800000 0.026667 0.035000
2 0.740833 0.763333 0.019167 0.046667
3 0.738333 0.331667 0.007500 0.018333
3 0.826667 0.406667 0.014167 0.025000
2 0.380000 0.398333 0.023333 0.106667
2 0.569167 0.338333 0.021667 0.090000
3 0.435000 0.646667 0.009167 0.016667
3 0.368333 0.350000 0.017500 0.031667
3 0.750000 0.316667 0.010833 0.023333
2 0.308333 0.793333 0.014167 0.015000
2 0.286667 0.180000 0.013333 0.070000
3 0.708333 0.630000 0.010833 0.023333
2 0.558333 0.660000 0.011667 0.025000
3 0.339167 0.713333 0.010000 0.020000
3 0.713333 0.416667 0.010000 0.016667
3 0.648333 0.681667 0.010833 0.023333
2 0.765000 0.895000 0.048333 0.025000
3 0.604167 0.733333 0.009167 0.016667
3 0.252500 0.773333 0.017500 0.031667
3 0.518333 0.281667 0.011667 0.030000
3 0.566667 0.381667 0.009167 0.018333
2 0.750000 0.606667 0.010000 0.031667
2 0.708333 0.360000 0.029167 0.038333
2 0.680000 0.355000 0.020000 0.021667
2 0.690833 0.716667 0.019167 0.046667
3 0.677500 0.443333 0.008333 0.016667
3 0.441667 0.773333 0.009167 0.016667
2 0.734167 0.343333 0.058333 0.076667
3 0.525000 0.370000 0.008333 0.016667
3 0.607500 0.340000 0.007500 0.018333
3 0.425833 0.650000 0.013333 0.031667
3 0.781667 0.646667 0.007500 0.018333
2 0.554167 0.310000 0.097500 0.053333
2 0.302500 0.418333 0.009167 0.031667
3 0.590000 0.745000 0.007500 0.018333
2 0.605833 0.335000 0.058333 0.076667
3 0.735000 0.398333 0.007500 0.018333
2 0.756667 0.325000 0.048333 0.025000
2 0.773333 0.658333 0.009167 0.040000
3 0.406667 0.648333 0.007500 0.015000
2 0.658333 0.308333 0.010833 0.091667
2 0.337500 0.323333 0.030833 0.051667
3 0.766667 0.641667 0.008333 0.016667
3 0.692500 0.336667 0.014167 0.025000
3 0.718333 0.353333 0.017500 0.031667
3 0.476667 0.303333 0.008333 0.016667
3 0.619167 0.371667 0.007500 0.018333
3 0.653333 0.443333 0.009167 0.015000
3 0.738333 0.685000 0.009167 0.015000
3 0.586667 0.371667 0.007500 0.018333
3 0.692500 0.630000 0.008333 0.016667
3 0.495000 0.310000 0.015833 0.051667
3 0.695833 0.711667 0.010000 0.016667
2 0.515833 0.581667 0.009167 0.040000
3 0.685833 0.661667 0.009167 0.018333
3 0.800833 0.416667 0.013333 0.015000
2 0.385833 0.800000 0.010833 0.091667
2 0.491667 0.246667 0.015833 0.068333
2 0.170000 0.383333 0.010000 0.031667
2 0.689167 0.371667 0.021667 0.090000
2 0.312500 0.411667 0.048333 0.043333
3 0.282500 0.310000 0.015833 0.051667
3 0.655000 0.621667 0.008333 0.016667
3 0.216667 0.685000 0.013333 0.015000
2 0.522500 0.390000 0.009167 0.031667
3 0.185833 0.651667 0.007500 0.016667
2 0.596667 0.660000 0.097500 0.053333
3 0.640000 0.436667 0.009167 0.023333
3 0.748333 0.620000 0.010000 0.020000
2 0.518333 0.651667 0.030833 0.051667
3 0.749167 0.328333 0.014167 0.025000
3 0.800000 0.406667 0.008333 0.016667
2 0.580833 0.778333 0.013333 0.070000
3 0.226667 0.706667 0.007500 0.016667
2 0.676667 0.643333 0.023333 0.106667
2 0.730000 0.646667 0.020833 0.028333
2 0.723333 0.573333 0.097500 0.053333
3 0.342500 0.870000 0.010000 0.020000
3 0.303333 0.396667 0.007500 0.015000
3 0.319167 0.370000 0.007500 0.015000
2 0.600833 0.343333 0.020833 0.080000
3 0.420000 0.783333 0.013333 0.015000
3 0.450833 0.713333 0.007500 0.015000
2 0.661667 0.398333 0.009167 0.031667
2 0.544167 0.191667 0.020000 0.021667
3 0.532500 0.405000 0.008333 0.016667
2 0.205833 0.713333 0.034167 0.100000
2 0.145833 0.608333 0.029167 0.038333
3 0.787500 0.375000 0.007500 0.015000
2 0.404167 0.366667 0.011667 0.025000
3 0.795000 0.715000 0.008333 0.016667
2 0.547500 0.220000 0.013333 0.070000
3 0.329167 0.315000 0.010833 0.023333
3 0.699167 0.688333 0.008333 0.016667
2 0.653333 0.353333 0.017500 0.116667
2 0.611667 0.321667 0.035000 0.105000
3 0.767500 0.691667 0.010833 0.013333
2 0.538333 0.230000 0.020833 0.028333
3 0.753333 0.420000 0.017500 0.031667
2 0.693333 0.601667 0.035000 0.105000
2 0.585000 0.595000 0.020833 0.080000
2 0.341667 0.603333 0.029167 0.038333
3 0.511667 0.291667 0.006667 0.018333
3 0.233333 0.631667 0.010833 0.013333
2 0.568333 0.650000 0.011667 0.066667
3 0.769167 0.350000 0.017500 0.031667
3 0.794167 0.628333 0.008333 0.016667
2 0.597500 0.323333 0.023333 0.041667
2 0.266667 0.756667 0.027500 0.016667
2 0.445000 0.696667 0.019167 0.046667
2 0.312500 0.381667 0.009167 0.040000
3 0.690833 0.638333 0.015833 0.051667
3 0.567500 0.733333 0.009167 0.018333
2 0.607500 0.385000 0.010833 0.091667
2 0.708333 0.376667 0.023333 0.041667
2 0.801667 0.415000 0.019167 0.046667
2 0.237500 0.775000 0.020833 0.080000
2 0.274167 0.658333 0.011667 0.025000
3 0.695000 0.656667 0.011667 0.020000
3 0.747500 0.700000 0.007500 0.015000
3 0.770833 0.325000 0.009167 0.023333
2 0.455833 0.710000 0.023333 0.041667
3 0.763333 0.690000 0.008333 0.016667
2 0.662500 0.631667 0.034167 0.038333
3 0.312500 0.718333 0.017500 0.031667
2 0.330000 0.703333 0.011667 0.025000
3 0.766667 0.385000 0.010833 0.023333
2 0.675000 0.620000 0.015833 0.068333
2 0.774167 0.593333 0.014167 0.015000
3 0.260833 0.728333 0.010000 0.016667
3 0.430000 0.750000 0.007500 0.018333
3 0.525000 0.431667 0.007500 0.015000
3 0.813333 0.401667 0.007500 0.018333
2 0.441667 0.668333 0.014167 0.015000
2 0.758333 0.380000 0.027500 0.016667
2 0.723333 0.431667 0.015833 0.068333
2 0.285833 0.686667 0.048333 0.043333
2 0.735833 0.653333 0.045833 0.021667
2 0.729167 0.596667 0.045833 0.021667
2 0.472500 0.330000 0.022500 0.023333
3 0.477500 0.618333 0.008333 0.016667
3 0.240000 0.368333 0.009167 0.015000
3 0.684167 0.421667 0.009167 0.016667
3 0.641667 0.428333 0.010833 0.023333
3 0.798333 0.398333 0.011667 0.030000
3 0.520000 0.403333 0.013333 0.015000
2 0.214167 0.683333 0.021667 0.090000
3 0.708333 0.338333 0.008333 0.016667
2 0.450000 0.778333 0.011667 0.025000
2 0.524167 0.718333 0.010833 0.091667
3 0.747500 0.603333 0.010000 0.016667
3 0.245000 0.696667 0.013333 0.015000
2 0.304167 0.643333 0.009167 0.040000
3 0.685833 0.626667 0.008333 0.016667
2 0.287500 0.271667 0.014167 0.015000
3 0.696667 0.711667 0.007500 0.015000
2 0.590833 0.376667 0.058333 0.076667
3 0.705833 0.355000 0.009167 0.016667
2 0.243333 0.335000 0.011667 0.066667
3 0.775833 0.366667 0.009167 0.023333
2 0.292500 0.761667 0.010000 0.031667
2 0.531667 0.733333 0.026667 0.035000
2 0.775833 0.420000 0.010000 0.031667
2 0.632500 0.646667 0.045833 0.021667
3 0.428333 0.750000 0.010833 0.013333
