4 0.839167 0.668333 0.115000 0.140000
4 0.890833 0.658333 0.058333 0.048333
4 0.863333 0.711667 0.067500 0.068333
4 0.825000 0.461667 0.198333 0.098333
4 0.807500 0.606667 0.164167 0.135000
4 0.843333 0.446667 0.058333 0.105000
4 0.840833 0.413333 0.033333 0.041667
4 0.869167 0.681667 0.050000 0.043333
4 0.752500 0.435000 0.168333 0.393333
4 0.840833 0.530000 0.151667 0.195000
4 0.550000 0.570000 0.070833 0.135000
4 0.295833 0.555000 0.076667 0.033333
4 0.155000 0.601667 0.062500 0.143333
4 0.606667 0.675000 0.191667 0.263333
4 0.065000 0.611667 0.070000 0.213333
4 0.567500 0.421667 0.140833 0.225000
4 0.144167 0.608333 0.056667 0.070000
4 0.375000 0.640000 0.055000 0.158333
4 0.066667 0.471667 0.100833 0.171667
4 0.101667 0.558333 0.043333 0.075000
2 0.557500 0.531667 0.097500 0.053333
2 0.373333 0.583333 0.034167 0.038333
2 0.265833 0.551667 0.048333 0.043333
3 0.324167 0.545000 0.008333 0.016667
2 0.191667 0.535000 0.023333 0.041667
2 0.340833 0.535000 0.020000 0.021667
2 0.690833 0.545000 0.029167 0.038333
3 0.414167 0.538333 0.009167 0.023333
2 0.112500 0.496667 0.048333 0.025000
3 0.664167 0.456667 0.013333 0.015000
2 0.210000 0.528333 0.019167 0.046667
2 0.274167 0.503333 0.011667 0.066667
3 0.581667 0.513333 0.007500 0.018333
3 0.411667 0.491667 0.015833 0.051667
3 0.690833 0.561667 0.007500 0.018333
2 0.184167 0.421667 0.011667 0.066667
2 0.397500 0.523333 0.026667 0.035000
3 0.543333 0.501667 0.006667 0.018333
2 0.454167 0.441667 0.048333 0.025000
2 0.773333 0.543333 0.020000 0.021667
2 0.437500 0.480000 0.020833 0.080000
2 0.411667 0.461667 0.029167 0.038333
3 0.206667 0.483333 0.014167 0.025000
3 0.156667 0.458333 0.011667 0.020000
2 0.193333 0.521667 0.014167 0.015000
3 0.050000 0.475000 0.013333 0.031667
3 0.265000 0.571667 0.011667 0.020000
2 0.462500 0.486667 0.029167 0.038333
3 0.547500 0.576667 0.013333 0.015000
3 0.538333 0.575000 0.009167 0.016667
2 0.660000 0.538333 0.015833 0.068333
2 0.722500 0.541667 0.027500 0.016667
3 0.333333 0.590000 0.009167 0.023333
3 0.700000 0.528333 0.007500 0.018333
2 0.490833 0.523333 0.045833 0.021667
2 0.280833 0.453333 0.027500 0.016667
2 0.318333 0.643333 0.030833 0.051667
2 0.326667 0.625000 0.030833 0.051667
3 0.606667 0.501667 0.007500 0.016667
2 0.025000 0.438333 0.011667 0.066667
3 0.266667 0.468333 0.010833 0.023333
2 0.069167 0.555000 0.011667 0.066667
3 0.690833 0.556667 0.009167 0.016667
3 0.652500 0.575000 0.011667 0.030000
3 0.466667 0.565000 0.006667 0.018333
2 0.766667 0.530000 0.023333 0.041667
3 0.606667 0.565000 0.015833 0.051667
3 0.420833 0.540000 0.017500 0.031667
2 0.692500 0.481667 0.020000 0.021667
3 0.259167 0.560000 0.007500 0.015000
2 0.644167 0.508333 0.021667 0.090000
2 0.251667 0.486667 0.021667 0.090000
2 0.445000 0.515000 0.020000 0.021667
3 0.670833 0.490000 0.008333 0.016667
2 0.621667 0.538333 0.011667 0.025000
2 0.077500 0.555000 0.010000 0.031667
3 0.675833 0.506667 0.008333 0.016667
3 0.031667 0.455000 0.009167 0.018333
2 0.814167 0.586667 0.010000 0.031667
2 0.325000 0.500000 0.019167 0.046667
3 0.451667 0.533333 0.010000 0.016667
2 0.738333 0.488333 0.015833 0.068333
2 0.530833 0.516667 0.029167 0.038333
2 0.077500 0.513333 0.021667 0.090000
3 0.244167 0.441667 0.009167 0.015000
2 0.387500 0.491667 0.010000 0.031667
2 0.390833 0.495000 0.011667 0.025000
2 0.460000 0.490000 0.023333 0.041667
2 0.305000 0.446667 0.010000 0.031667
3 0.284167 0.553333 0.007500 0.015000
2 0.229167 0.573333 0.097500 0.053333
2 0.808333 0.578333 0.019167 0.046667
3 0.507500 0.540000 0.009167 0.016667
3 0.650833 0.588333 0.008333 0.016667
2 0.765000 0.503333 0.048333 0.043333
2 0.049167 0.486667 0.015833 0.068333
2 0.080000 0.540000 0.035000 0.105000
2 0.725833 0.445000 0.009167 0.040000
2 0.715000 0.515000 0.048333 0.043333
2 0.504167 0.563333 0.048333 0.025000
3 0.755833 0.533333 0.007500 0.016667
2 0.771667 0.431667 0.058333 0.076667
3 0.310000 0.528333 0.009167 0.016667
3 0.586667 0.558333 0.009167 0.018333
2 0.613333 0.588333 0.026667 0.035000
2 0.459167 0.415000 0.020833 0.080000
3 0.191667 0.455000 0.009167 0.016667
2 0.230000 0.523333 0.022500 0.023333
2 0.708333 0.478333 0.009167 0.031667
2 0.295000 0.476667 0.015833 0.068333
3 0.574167 0.500000 0.011667 0.030000
2 0.220000 0.473333 0.020000 0.021667
3 0.143333 0.485000 0.008333 0.021667
2 0.595000 0.560000 0.023333 0.041667
3 0.377500 0.495000 0.007500 0.015000
3 0.201667 0.545000 0.009167 0.016667
3 0.117500 0.555000 0.009167 0.015000
3 0.023333 0.550000 0.009167 0.018333
3 0.504167 0.461667 0.009167 0.018333
3 0.615833 0.611667 0.009167 0.016667
3 0.067500 0.550000 0.015833 0.051667
2 0.354167 0.556667 0.014167 0.015000
3 0.590833 0.628333 0.009167 0.023333
3 0.554167 0.328333 0.007500 0.015000
3 0.342500 0.631667 0.010833 0.013333
2 0.828333 0.421667 0.010000 0.031667
2 0.781667 0.603333 0.035000 0.105000
3 0.758333 0.611667 0.009167 0.018333
3 0.239167 0.818333 0.009167 0.016667
2 0.699167 0.266667 0.019167 0.046667
2 0.655833 0.316667 0.011667 0.066667
2 0.446667 0.265000 0.015833 0.068333
3 0.445833 0.366667 0.009167 0.016667
2 0.659167 0.360000 0.048333 0.043333
2 0.653333 0.375000 0.011667 0.025000
3 0.460833 0.401667 0.007500 0.015000
3 0.791667 0.420000 0.009167 0.016667
2 0.660833 0.391667 0.019167 0.046667
3 0.660000 0.386667 0.008333 0.021667
3 0.755833 0.661667 0.006667 0.018333
3 0.678333 0.431667 0.009167 0.015000
3 0.645833 0.368333 0.009167 0.015000
2 0.743333 0.611667 0.027500 0.016667
2 0.405000 0.736667 0.015833 0.068333
3 0.707500 0.336667 0.009167 0.015000
2 0.612500 0.310000 0.035000 0.105000
3 0.705000 0.693333 0.011667 0.020000
2 0.747500 0.446667 0.021667 0.090000
3 0.711667 0.695000 0.008333 0.016667
2 0.531667 0.393333 0.010833 0.091667
2 0.773333 0.443333 0.034167 0.100000
2 0.701667 0.436667 0.021667 0.090000
3 0.803333 0.728333 0.010000 0.016667
3 0.478333 0.221667 0.007500 0.015000
2 0.512500 0.235000 0.026667 0.035000
3 0.688333 0.606667 0.009167 0.016667
3 0.558333 0.371667 0.008333 0.016667
2 0.437500 0.748333 0.021667 0.090000
2 0.773333 0.420000 0.014167 0.015000
3 0.464167 0.813333 0.011667 0.020000
2 0.517500 0.320000 0.058333 0.076667
2 0.347500 0.290000 0.023333 0.106667
3 0.769167 0.380000 0.011667 0.020000
2 0.550000 0.426667 0.010833 0.091667
2 0.153333 0.618333 0.019167 0.046667
3 0.448333 0.711667 0.013333 0.015000
2 0.707500 0.366667 0.011667 0.025000
3 0.170833 0.401667 0.007500 0.018333
2 0.445000 0.701667 0.021667 0.090000
3 0.705000 0.326667 0.008333 0.016667
3 0.336667 0.648333 0.011667 0.030000
2 0.283333 0.323333 0.020833 0.080000
2 0.645000 0.390000 0.034167 0.038333
2 0.432500 0.396667 0.014167 0.015000
3 0.627500 0.348333 0.014167 0.025000
3 0.525000 0.756667 0.007500 0.016667
2 0.671667 0.430000 0.010833 0.091667
3 0.410833 0.678333 0.008333 0.016667
3 0.695000 0.361667 0.013333 0.015000
2 0.464167 0.348333 0.020833 0.028333
3 0.753333 0.661667 0.011667 0.020000
2 0.614167 0.780000 0.009167 0.031667
3 0.544167 0.241667 0.009167 0.023333
3 0.692500 0.753333 0.007500 0.018333
2 0.779167 0.695000 0.023333 0.106667
2 0.330833 0.651667 0.023333 0.106667
3 0.410000 0.678333 0.009167 0.016667
3 0.447500 0.656667 0.015833 0.051667
2 0.310000 0.643333 0.015833 0.068333
3 0.684167 0.411667 0.009167 0.018333
3 0.240000 0.751667 0.015833 0.051667
2 0.625833 0.646667 0.030833 0.051667
3 0.703333 0.636667 0.007500 0.015000
2 0.780000 0.388333 0.013333 0.070000
3 0.299167 0.340000 0.010000 0.016667
3 0.547500 0.653333 0.013333 0.015000
3 0.797500 0.621667 0.008333 0.016667
3 0.691667 0.678333 0.007500 0.018333
2 0.776667 0.685000 0.009167 0.040000
3 0.758333 0.408333 0.010000 0.016667
3 0.728333 0.648333 0.011667 0.030000
2 0.427500 0.368333 0.027500 0.016667
3 0.765000 0.376667 0.014167 0.025000
3 0.550833 0.220000 0.014167 0.025000
2 0.317500 0.260000 0.048333 0.025000
3 0.523333 0.411667 0.017500 0.031667
3 0.344167 0.871667 0.006667 0.018333
3 0.707500 0.326667 0.008333 0.021667
3 0.650000 0.443333 0.007500 0.018333
2 0.675833 0.353333 0.014167 0.015000
3 0.497500 0.400000 0.007500 0.016667
2 0.233333 0.373333 0.015833 0.068333
2 0.730000 0.311667 0.009167 0.031667
3 0.347500 0.405000 0.011667 0.020000
2 0.735000 0.623333 0.009167 0.040000
3 0.656667 0.340000 0.009167 0.023333
3 0.474167 0.793333 0.009167 0.015000
3 0.687500 0.335000 0.013333 0.015000
3 0.190000 0.645000 0.010833 0.013333
3 0.388333 0.653333 0.011667 0.030000
2 0.239167 0.386667 0.014167 0.015000
2 0.310833 0.346667 0.097500 0.053333
3 0.236667 0.331667 0.010833 0.013333
3 0.270000 0.655000 0.009167 0.016667
2 0.230000 0.396667 0.010000 0.031667
3 0.646667 0.381667 0.010833 0.023333
3 0.495000 0.341667 0.009167 0.016667
3 0.480833 0.191667 0.010833 0.023333
2 0.477500 0.358333 0.045833 0.021667
3 0.445000 0.378333 0.017500 0.031667
3 0.799167 0.406667 0.009167 0.016667
3 0.709167 0.703333 0.010000 0.020000
2 0.753333 0.395000 0.026667 0.035000
3 0.674167 0.351667 0.009167 0.018333
3 0.260833 0.728333 0.010000 0.020000
3 0.795833 0.415000 0.010000 0.016667
2 0.475833 0.323333 0.020833 0.028333
3 0.292500 0.828333 0.007500 0.015000
3 0.659167 0.435000 0.013333 0.015000
3 0.523333 0.361667 0.009167 0.016667
2 0.745000 0.706667 0.048333 0.043333
3 0.546667 0.683333 0.007500 0.016667
3 0.545833 0.316667 0.009167 0.016667
2 0.785000 0.435000 0.030833 0.051667
2 0.697500 0.363333 0.020833 0.080000
3 0.507500 0.306667 0.007500 0.018333
2 0.560000 0.653333 0.030833 0.051667
3 0.820833 0.438333 0.011667 0.020000
3 0.333333 0.758333 0.009167 0.016667
3 0.789167 0.356667 0.011667 0.030000
2 0.484167 0.265000 0.048333 0.043333
3 0.775833 0.403333 0.013333 0.015000
2 0.726667 0.376667 0.045833 0.021667
2 0.582500 0.750000 0.010000 0.031667
3 0.454167 0.665000 0.010833 0.023333
2 0.299167 0.683333 0.020833 0.028333
2 0.552500 0.675000 0.022500 0.023333
3 0.545833 0.683333 0.010000 0.016667
3 0.325833 0.710000 0.007500 0.018333
2 0.767500 0.353333 0.011667 0.066667
2 0.792500 0.390000 0.030833 0.051667
2 0.700833 0.335000 0.011667 0.025000
2 0.715833 0.605000 0.029167 0.038333
3 0.245833 0.375000 0.008333 0.016667
3 0.648333 0.346667 0.007500 0.015000
2 0.255000 0.160000 0.035000 0.105000
3 0.368333 0.430000 0.007500 0.015000
3 0.306667 0.305000 0.017500 0.031667
2 0.189167 0.651667 0.034167 0.038333
2 0.773333 0.443333 0.034167 0.100000
2 0.280000 0.666667 0.013333 0.070000
3 0.609167 0.393333 0.009167 0.023333
2 0.651667 0.641667 0.019167 0.046667
2 0.641667 0.348333 0.097500 0.053333
3 0.761667 0.325000 0.007500 0.018333
3 0.701667 0.273333 0.008333 0.016667
2 0.455833 0.288333 0.026667 0.035000
2 0.561667 0.751667 0.009167 0.031667
3 0.783333 0.415000 0.015833 0.051667
2 0.769167 0.440000 0.010833 0.091667
3 0.306667 0.786667 0.007500 0.015000
3 0.703333 0.321667 0.010833 0.013333
3 0.737500 0.270000 0.007500 0.015000
2 0.765833 0.305000 0.019167 0.046667
3 0.465000 0.723333 0.013333 0.015000
3 0.578333 0.736667 0.007500 0.018333
3 0.670833 0.661667 0.010833 0.023333
2 0.670000 0.648333 0.010000 0.031667
2 0.243333 0.180000 0.058333 0.076667
2 0.613333 0.378333 0.097500 0.053333
3 0.622500 0.358333 0.014167 0.025000
3 0.481667 0.273333 0.007500 0.015000
2 0.567500 0.408333 0.023333 0.041667
3 0.759167 0.365000 0.009167 0.016667
3 0.673333 0.676667 0.010833 0.023333
3 0.558333 0.375000 0.008333 0.021667
2 0.285000 0.665000 0.048333 0.025000
2 0.558333 0.355000 0.015833 0.068333
3 0.443333 0.321667 0.009167 0.016667
3 0.715000 0.641667 0.013333 0.015000
3 0.705833 0.340000 0.013333 0.031667
3 0.685833 0.383333 0.013333 0.015000
2 0.535000 0.590000 0.035000 0.105000
2 0.446667 0.696667 0.015833 0.068333
3 0.758333 0.298333 0.009167 0.023333
2 0.431667 0.816667 0.010833 0.091667
3 0.722500 0.781667 0.011667 0.030000
3 0.584167 0.421667 0.011667 0.030000
2 0.674167 0.665000 0.017500 0.116667
2 0.317500 0.693333 0.017500 0.116667
3 0.696667 0.620000 0.010000 0.020000
2 0.795000 0.631667 0.029167 0.038333
3 0.711667 0.361667 0.009167 0.015000
3 0.452500 0.365000 0.009167 0.015000
2 0.720000 0.628333 0.023333 0.106667
2 0.440000 0.773333 0.010833 0.091667
2 0.729167 0.670000 0.023333 0.041667
3 0.680000 0.391667 0.011667 0.030000
3 0.510833 0.353333 0.009167 0.015000
3 0.355000 0.401667 0.010833 0.013333
