4 0.817500 0.561667 0.077500 0.050000
4 0.817500 0.656667 0.094167 0.081667
4 0.847500 0.450000 0.117500 0.070000
4 0.854167 0.361667 0.070833 0.036667
4 0.880000 0.550000 0.049167 0.038333
4 0.816667 0.436667 0.075000 0.106667
4 0.775000 0.563333 0.148333 0.141667
4 0.874167 0.523333 0.073333 0.116667
4 0.840833 0.481667 0.080000 0.091667
4 0.803333 0.598333 0.250833 0.093333
4 0.436667 0.576667 0.060833 0.071667
4 0.718333 0.531667 0.092500 0.056667
4 0.251667 0.511667 0.099167 0.143333
4 0.025000 0.600000 0.050833 0.200000
4 0.118333 0.623333 0.097500 0.100000
4 0.809167 0.561667 0.045833 0.073333
4 0.291667 0.555000 0.078333 0.138333
4 0.718333 0.496667 0.070833 0.030000
4 0.533333 0.606667 0.094167 0.150000
4 0.611667 0.576667 0.082500 0.190000
3 0.715000 0.558333 0.011667 0.030000
2 0.541667 0.511667 0.029167 0.038333
2 0.320833 0.565000 0.014167 0.015000
2 0.629167 0.483333 0.035000 0.105000
3 0.334167 0.535000 0.009167 0.018333
3 0.487500 0.460000 0.009167 0.023333
2 0.268333 0.446667 0.015833 0.068333
3 0.625000 0.491667 0.008333 0.016667
3 0.793333 0.565000 0.010833 0.023333
3 0.604167 0.520000 0.007500 0.015000
2 0.391667 0.521667 0.020833 0.080000
3 0.190000 0.533333 0.011667 0.020000
3 0.399167 0.510000 0.008333 0.021667
3 0.066667 0.508333 0.008333 0.021667
3 0.134167 0.503333 0.009167 0.023333
2 0.249167 0.600000 0.010833 0.091667
2 0.151667 0.485000 0.029167 0.038333
3 0.307500 0.551667 0.007500 0.018333
3 0.417500 0.446667 0.007500 0.015000
3 0.770833 0.540000 0.015833 0.051667
3 0.158333 0.438333 0.013333 0.015000
2 0.538333 0.473333 0.020833 0.080000
3 0.184167 0.535000 0.007500 0.015000
2 0.460833 0.525000 0.023333 0.041667
2 0.618333 0.561667 0.020833 0.080000
3 0.441667 0.603333 0.017500 0.031667
2 0.376667 0.531667 0.009167 0.040000
3 0.749167 0.533333 0.007500 0.015000
3 0.687500 0.581667 0.009167 0.015000
3 0.710833 0.501667 0.007500 0.015000
2 0.825000 0.565000 0.010833 0.091667
3 0.072500 0.498333 0.010000 0.016667
3 0.673333 0.511667 0.010000 0.020000
2 0.232500 0.533333 0.020833 0.080000
3 0.612500 0.548333 0.008333 0.016667
2 0.118333 0.586667 0.027500 0.016667
2 0.195000 0.558333 0.020833 0.080000
3 0.413333 0.588333 0.009167 0.023333
2 0.475000 0.420000 0.048333 0.025000
3 0.638333 0.506667 0.007500 0.015000
3 0.647500 0.478333 0.007500 0.018333
3 0.539167 0.568333 0.008333 0.016667
3 0.751667 0.533333 0.007500 0.018333
3 0.209167 0.541667 0.008333 0.016667
2 0.518333 0.573333 0.034167 0.100000
2 0.688333 0.543333 0.013333 0.070000
2 0.814167 0.600000 0.020000 0.021667
2 0.808333 0.578333 0.034167 0.100000
2 0.205000 0.445000 0.019167 0.046667
3 0.803333 0.478333 0.007500 0.015000
2 0.209167 0.536667 0.022500 0.023333
2 0.071667 0.515000 0.045833 0.021667
3 0.158333 0.486667 0.010000 0.016667
3 0.288333 0.576667 0.015833 0.051667
3 0.438333 0.595000 0.010833 0.013333
2 0.322500 0.498333 0.011667 0.025000
3 0.192500 0.566667 0.014167 0.025000
2 0.821667 0.605000 0.023333 0.041667
3 0.288333 0.556667 0.009167 0.018333
3 0.221667 0.575000 0.015833 0.051667
2 0.115000 0.435000 0.035000 0.105000
3 0.812500 0.513333 0.009167 0.016667
2 0.157500 0.418333 0.019167 0.046667
2 0.135000 0.585000 0.021667 0.090000
3 0.335833 0.461667 0.010833 0.013333
3 0.631667 0.495000 0.008333 0.016667
3 0.634167 0.516667 0.010000 0.020000
3 0.346667 0.556667 0.008333 0.016667
3 0.459167 0.496667 0.010833 0.023333
3 0.440833 0.493333 0.011667 0.030000
3 0.302500 0.551667 0.007500 0.018333
3 0.400000 0.578333 0.017500 0.031667
2 0.735000 0.568333 0.020000 0.021667
3 0.540000 0.556667 0.009167 0.018333
2 0.340833 0.521667 0.020000 0.021667
2 0.681667 0.435000 0.015833 0.068333
3 0.418333 0.563333 0.007500 0.015000
2 0.812500 0.656667 0.022500 0.023333
3 0.749167 0.525000 0.007500 0.016667
3 0.725000 0.486667 0.007500 0.015000
3 0.203333 0.460000 0.008333 0.016667
3 0.472500 0.506667 0.007500 0.018333
2 0.090833 0.535000 0.011667 0.025000
2 0.260000 0.485000 0.015833 0.068333
2 0.434167 0.573333 0.034167 0.100000
2 0.788333 0.580000 0.020833 0.080000
3 0.605833 0.601667 0.008333 0.016667
3 0.429167 0.585000 0.006667 0.018333
2 0.237500 0.525000 0.019167 0.046667
3 0.460833 0.550000 0.009167 0.015000
3 0.489167 0.518333 0.007500 0.015000
3 0.106667 0.480000 0.009167 0.016667
3 0.069167 0.551667 0.017500 0.031667
3 0.061667 0.463333 0.007500 0.015000
2 0.271667 0.573333 0.027500 0.016667
2 0.230000 0.605000 0.023333 0.041667
3 0.428333 0.548333 0.008333 0.021667
3 0.690000 0.563333 0.008333 0.016667
2 0.205000 0.473333 0.013333 0.070000
3 0.223333 0.528333 0.013333 0.031667
3 0.682500 0.481667 0.007500 0.018333
3 0.757500 0.520000 0.011667 0.030000
3 0.650833 0.391667 0.007500 0.018333
2 0.640833 0.448333 0.023333 0.106667
2 0.334167 0.696667 0.019167 0.046667
2 0.640000 0.655000 0.009167 0.031667
3 0.724167 0.390000 0.007500 0.018333
2 0.705000 0.713333 0.010833 0.091667
2 0.249167 0.643333 0.011667 0.025000
3 0.755000 0.411667 0.009167 0.016667
3 0.216667 0.666667 0.013333 0.031667
2 0.675833 0.440000 0.017500 0.116667
2 0.306667 0.751667 0.030833 0.051667
2 0.426667 0.765000 0.058333 0.076667
2 0.786667 0.663333 0.015833 0.068333
2 0.399167 0.693333 0.026667 0.035000
3 0.814167 0.616667 0.007500 0.015000
2 0.430000 0.376667 0.048333 0.025000
2 0.639167 0.408333 0.023333 0.041667
2 0.665000 0.643333 0.013333 0.070000
2 0.687500 0.696667 0.020833 0.080000
3 0.700000 0.330000 0.017500 0.031667
3 0.365833 0.680000 0.013333 0.031667
3 0.583333 0.318333 0.007500 0.018333
2 0.695833 0.725000 0.023333 0.041667
3 0.805833 0.641667 0.007500 0.018333
3 0.767500 0.363333 0.017500 0.031667
3 0.697500 0.368333 0.008333 0.016667
2 0.765833 0.593333 0.048333 0.043333
3 0.691667 0.676667 0.007500 0.018333
3 0.527500 0.405000 0.009167 0.015000
2 0.504167 0.783333 0.014167 0.015000
2 0.552500 0.405000 0.019167 0.046667
3 0.700833 0.661667 0.008333 0.021667
3 0.681667 0.635000 0.015833 0.051667
2 0.273333 0.420000 0.013333 0.070000
3 0.796667 0.638333 0.008333 0.016667
2 0.557500 0.368333 0.010000 0.031667
2 0.717500 0.345000 0.029167 0.038333
2 0.678333 0.456667 0.021667 0.090000
2 0.452500 0.328333 0.019167 0.046667
2 0.610833 0.651667 0.048333 0.043333
2 0.295000 0.660000 0.009167 0.040000
3 0.428333 0.755000 0.010833 0.023333
2 0.518333 0.838333 0.011667 0.025000
2 0.502500 0.263333 0.011667 0.025000
3 0.744167 0.711667 0.013333 0.031667
2 0.787500 0.730000 0.048333 0.025000
2 0.350833 0.736667 0.010000 0.031667
2 0.565833 0.633333 0.020833 0.080000
3 0.772500 0.358333 0.007500 0.015000
2 0.783333 0.688333 0.023333 0.106667
3 0.587500 0.631667 0.010833 0.023333
2 0.205833 0.350000 0.048333 0.025000
3 0.833333 0.420000 0.009167 0.016667
3 0.652500 0.633333 0.009167 0.018333
3 0.730000 0.403333 0.017500 0.031667
2 0.724167 0.830000 0.010833 0.091667
2 0.400833 0.355000 0.011667 0.066667
2 0.363333 0.685000 0.045833 0.021667
2 0.712500 0.428333 0.023333 0.106667
2 0.665000 0.598333 0.020833 0.080000
2 0.159167 0.388333 0.027500 0.016667
3 0.547500 0.630000 0.009167 0.018333
2 0.665833 0.610000 0.011667 0.025000
3 0.305833 0.323333 0.008333 0.016667
2 0.776667 0.321667 0.014167 0.015000
3 0.581667 0.446667 0.015833 0.051667
2 0.719167 0.773333 0.017500 0.116667
2 0.312500 0.375000 0.020000 0.021667
2 0.783333 0.400000 0.019167 0.046667
2 0.543333 0.275000 0.011667 0.066667
3 0.744167 0.301667 0.014167 0.025000
3 0.439167 0.343333 0.009167 0.016667
2 0.235833 0.358333 0.020833 0.080000
2 0.553333 0.738333 0.034167 0.038333
3 0.404167 0.661667 0.007500 0.018333
2 0.679167 0.358333 0.021667 0.090000
2 0.370833 0.755000 0.027500 0.016667
3 0.359167 0.645000 0.006667 0.018333
3 0.606667 0.325000 0.010000 0.016667
3 0.695833 0.671667 0.010833 0.023333
3 0.303333 0.645000 0.009167 0.016667
2 0.369167 0.758333 0.014167 0.015000
2 0.335833 0.690000 0.027500 0.016667
2 0.719167 0.713333 0.027500 0.016667
2 0.739167 0.631667 0.020833 0.080000
2 0.775833 0.403333 0.026667 0.035000
3 0.558333 0.423333 0.010833 0.013333
3 0.309167 0.310000 0.008333 0.016667
2 0.660000 0.415000 0.013333 0.070000
2 0.830833 0.403333 0.011667 0.025000
2 0.703333 0.423333 0.022500 0.023333
2 0.636667 0.366667 0.027500 0.016667
2 0.763333 0.345000 0.011667 0.066667
2 0.570000 0.161667 0.009167 0.031667
3 0.715833 0.326667 0.007500 0.015000
3 0.641667 0.348333 0.008333 0.016667
3 0.532500 0.405000 0.007500 0.018333
3 0.480000 0.295000 0.007500 0.015000
3 0.256667 0.396667 0.008333 0.021667
3 0.476667 0.166667 0.008333 0.016667
3 0.468333 0.313333 0.010833 0.013333
2 0.801667 0.370000 0.010000 0.031667
2 0.506667 0.721667 0.015833 0.068333
3 0.686667 0.368333 0.008333 0.016667
3 0.710833 0.671667 0.008333 0.016667
2 0.711667 0.428333 0.020000 0.021667
3 0.681667 0.388333 0.008333 0.016667
2 0.406667 0.690000 0.023333 0.106667
3 0.343333 0.795000 0.015833 0.051667
3 0.770833 0.345000 0.008333 0.016667
3 0.695833 0.610000 0.008333 0.016667
2 0.665000 0.623333 0.035000 0.105000
2 0.552500 0.713333 0.048333 0.043333
3 0.281667 0.435000 0.007500 0.015000
2 0.477500 0.321667 0.034167 0.100000
3 0.243333 0.678333 0.017500 0.031667
3 0.454167 0.391667 0.007500 0.018333
3 0.255833 0.391667 0.010000 0.016667
3 0.390000 0.650000 0.008333 0.016667
2 0.724167 0.333333 0.020833 0.080000
3 0.640833 0.371667 0.015833 0.051667
3 0.362500 0.611667 0.008333 0.016667
3 0.480000 0.321667 0.007500 0.015000
2 0.625833 0.358333 0.009167 0.040000
2 0.653333 0.635000 0.011667 0.025000
2 0.571667 0.716667 0.010000 0.031667
2 0.761667 0.588333 0.020833 0.080000
3 0.647500 0.335000 0.008333 0.016667
2 0.372500 0.765000 0.048333 0.043333
2 0.591667 0.338333 0.023333 0.041667
3 0.756667 0.631667 0.011667 0.020000
3 0.675833 0.676667 0.006667 0.018333
3 0.494167 0.388333 0.007500 0.015000
3 0.740833 0.413333 0.010000 0.020000
2 0.681667 0.660000 0.045833 0.021667
2 0.445833 0.275000 0.097500 0.053333
3 0.529167 0.621667 0.007500 0.018333
3 0.470000 0.320000 0.015833 0.051667
2 0.512500 0.728333 0.030833 0.051667
3 0.737500 0.651667 0.010000 0.016667
3 0.558333 0.663333 0.007500 0.015000
2 0.575000 0.308333 0.010000 0.031667
3 0.625833 0.350000 0.007500 0.016667
2 0.358333 0.653333 0.026667 0.035000
2 0.370833 0.751667 0.023333 0.041667
2 0.720833 0.670000 0.011667 0.025000
3 0.225000 0.345000 0.009167 0.015000
2 0.485833 0.326667 0.022500 0.023333
3 0.712500 0.686667 0.009167 0.015000
2 0.732500 0.241667 0.011667 0.066667
3 0.293333 0.716667 0.010000 0.020000
3 0.787500 0.375000 0.007500 0.016667
3 0.739167 0.658333 0.007500 0.018333
3 0.655833 0.636667 0.007500 0.015000
2 0.841667 0.351667 0.021667 0.090000
3 0.682500 0.686667 0.013333 0.031667
2 0.208333 0.656667 0.048333 0.043333
2 0.325000 0.416667 0.013333 0.070000
3 0.823333 0.701667 0.007500 0.016667
3 0.329167 0.340000 0.008333 0.016667
3 0.685000 0.281667 0.009167 0.016667
3 0.259167 0.316667 0.007500 0.018333
3 0.726667 0.615000 0.008333 0.016667
3 0.630833 0.643333 0.008333 0.016667
2 0.758333 0.671667 0.020833 0.080000
2 0.522500 0.343333 0.048333 0.025000
2 0.772500 0.380000 0.013333 0.070000
3 0.710833 0.671667 0.007500 0.016667
3 0.693333 0.648333 0.008333 0.016667
2 0.285833 0.693333 0.015833 0.068333
2 0.665833 0.360000 0.048333 0.025000
3 0.280833 0.750000 0.011667 0.020000
2 0.402500 0.390000 0.029167 0.038333
3 0.435000 0.398333 0.010000 0.016667
3 0.650833 0.423333 0.015833 0.051667
2 0.710000 0.730000 0.010833 0.091667
3 0.295000 0.283333 0.009167 0.016667
2 0.513333 0.401667 0.097500 0.053333
3 0.620000 0.645000 0.007500 0.018333
2 0.725000 0.475000 0.013333 0.070000
2 0.615000 0.323333 0.014167 0.015000
3 0.423333 0.348333 0.008333 0.016667
2 0.440833 0.640000 0.029167 0.038333
3 0.615833 0.363333 0.007500 0.015000
2 0.555000 0.686667 0.009167 0.040000
3 0.272500 0.321667 0.010000 0.020000
3 0.680000 0.340000 0.007500 0.018333
2 0.769167 0.423333 0.027500 0.016667
3 0.697500 0.363333 0.008333 0.016667
2 0.829167 0.386667 0.011667 0.066667
3 0.289167 0.153333 0.007500 0.015000
2 0.759167 0.695000 0.048333 0.043333
3 0.720000 0.998333 0.007500 0.001667
2 0.358333 0.716667 0.014167 0.015000
2 0.514167 0.358333 0.027500 0.016667
2 0.844167 0.333333 0.009167 0.031667
2 0.473333 0.313333 0.020833 0.028333
3 0.713333 0.728333 0.008333 0.016667
