4 0.808333 0.453333 0.117500 0.098333
4 0.813333 0.600000 0.145833 0.111667
4 0.824167 0.555000 0.081667 0.068333
4 0.789167 0.530000 0.129167 0.063333
4 0.840833 0.391667 0.051667 0.073333
4 0.780000 0.566667 0.155833 0.088333
4 0.842500 0.520000 0.090000 0.035000
4 0.900833 0.480000 0.052500 0.021667
4 0.788333 0.388333 0.146667 0.041667
4 0.835000 0.598333 0.076667 0.186667
4 0.227500 0.486667 0.045000 0.023333
4 0.400833 0.446667 0.218333 0.216667
4 0.683333 0.666667 0.180833 0.393333
4 0.708333 0.506667 0.067500 0.071667
4 0.216667 0.530000 0.089167 0.060000
4 0.438333 0.491667 0.078333 0.033333
4 0.273333 0.533333 0.041667 0.041667
4 0.642500 0.460000 0.160000 0.141667
4 0.760000 0.441667 0.097500 0.145000
4 0.558333 0.480000 0.095833 0.063333
2 0.307500 0.575000 0.010000 0.031667
3 0.405833 0.486667 0.015833 0.051667
3 0.495000 0.525000 0.007500 0.015000
3 0.402500 0.535000 0.013333 0.015000
2 0.820833 0.508333 0.010833 0.091667
3 0.687500 0.546667 0.008333 0.016667
3 0.600000 0.536667 0.009167 0.015000
2 0.824167 0.505000 0.009167 0.031667
2 0.520833 0.525000 0.023333 0.106667
2 0.641667 0.533333 0.010833 0.091667
2 0.703333 0.528333 0.020833 0.028333
2 0.157500 0.570000 0.029167 0.038333
2 0.535833 0.593333 0.020833 0.080000
2 0.444167 0.583333 0.010833 0.091667
2 0.239167 0.528333 0.013333 0.070000
2 0.473333 0.501667 0.011667 0.066667
2 0.738333 0.488333 0.034167 0.038333
3 0.777500 0.481667 0.009167 0.016667
2 0.615000 0.553333 0.011667 0.025000
2 0.535833 0.528333 0.045833 0.021667
3 0.040000 0.578333 0.009167 0.018333
3 0.425833 0.536667 0.009167 0.018333
3 0.335833 0.618333 0.009167 0.015000
3 0.605833 0.596667 0.013333 0.031667
2 0.295833 0.536667 0.035000 0.105000
3 0.628333 0.460000 0.011667 0.020000
3 0.802500 0.471667 0.007500 0.018333
2 0.461667 0.528333 0.020833 0.080000
3 0.620000 0.516667 0.008333 0.016667
3 0.549167 0.460000 0.013333 0.031667
2 0.772500 0.481667 0.010000 0.031667
3 0.050833 0.561667 0.011667 0.030000
3 0.164167 0.538333 0.010833 0.023333
2 0.488333 0.461667 0.027500 0.016667
3 0.739167 0.550000 0.008333 0.016667
2 0.464167 0.458333 0.009167 0.040000
3 0.778333 0.503333 0.013333 0.015000
2 0.515833 0.478333 0.009167 0.040000
3 0.185000 0.510000 0.007500 0.018333
3 0.100833 0.518333 0.009167 0.016667
2 0.246667 0.568333 0.013333 0.070000
3 0.406667 0.575000 0.009167 0.016667
2 0.167500 0.463333 0.020000 0.021667
2 0.685833 0.596667 0.014167 0.015000
3 0.046667 0.496667 0.011667 0.030000
3 0.485000 0.591667 0.010000 0.020000
3 0.609167 0.475000 0.014167 0.025000
3 0.825000 0.541667 0.006667 0.018333
2 0.630833 0.496667 0.034167 0.100000
2 0.341667 0.493333 0.010000 0.031667
2 0.085833 0.593333 0.034167 0.100000
2 0.280000 0.436667 0.035000 0.105000
3 0.124167 0.498333 0.017500 0.031667
3 0.617500 0.598333 0.007500 0.015000
2 0.595833 0.576667 0.010833 0.091667
3 0.385833 0.596667 0.008333 0.016667
2 0.377500 0.516667 0.020833 0.080000
2 0.770833 0.461667 0.011667 0.066667
3 0.215833 0.446667 0.009167 0.018333
2 0.369167 0.543333 0.010833 0.091667
3 0.476667 0.590000 0.009167 0.018333
2 0.400000 0.495000 0.045833 0.021667
2 0.341667 0.505000 0.034167 0.038333
2 0.110833 0.498333 0.017500 0.116667
3 0.464167 0.428333 0.007500 0.018333
3 0.195000 0.570000 0.013333 0.015000
3 0.440000 0.580000 0.009167 0.015000
2 0.500833 0.555000 0.030833 0.051667
3 0.496667 0.430000 0.008333 0.016667
3 0.158333 0.518333 0.010000 0.020000
3 0.307500 0.583333 0.015833 0.051667
2 0.659167 0.523333 0.097500 0.053333
3 0.685000 0.455000 0.009167 0.016667
3 0.262500 0.515000 0.010000 0.020000
2 0.478333 0.576667 0.009167 0.031667
2 0.821667 0.553333 0.020000 0.021667
2 0.578333 0.450000 0.009167 0.040000
2 0.173333 0.433333 0.009167 0.040000
3 0.545833 0.485000 0.008333 0.016667
3 0.415000 0.556667 0.007500 0.015000
3 0.172500 0.475000 0.009167 0.016667
3 0.134167 0.456667 0.007500 0.018333
2 0.162500 0.628333 0.013333 0.070000
2 0.025000 0.555000 0.029167 0.038333
3 0.230833 0.578333 0.011667 0.020000
2 0.711667 0.488333 0.019167 0.046667
2 0.254167 0.586667 0.045833 0.021667
2 0.680000 0.466667 0.034167 0.038333
2 0.678333 0.540000 0.048333 0.043333
2 0.639167 0.525000 0.034167 0.100000
3 0.473333 0.535000 0.013333 0.031667
2 0.537500 0.535000 0.058333 0.076667
2 0.487500 0.525000 0.019167 0.046667
3 0.286667 0.473333 0.013333 0.015000
2 0.801667 0.536667 0.020833 0.028333
2 0.440000 0.575000 0.020833 0.080000
3 0.210000 0.471667 0.013333 0.031667
2 0.347500 0.478333 0.017500 0.116667
2 0.436667 0.620000 0.010000 0.031667
2 0.110000 0.551667 0.021667 0.090000
3 0.071667 0.456667 0.009167 0.016667
2 0.115833 0.526667 0.034167 0.100000
2 0.185000 0.640000 0.020833 0.028333
2 0.440833 0.856667 0.034167 0.100000
2 0.643333 0.660000 0.034167 0.038333
2 0.303333 0.333333 0.029167 0.038333
2 0.692500 0.623333 0.058333 0.076667
3 0.291667 0.785000 0.006667 0.018333
2 0.502500 0.781667 0.017500 0.116667
3 0.538333 0.738333 0.011667 0.030000
2 0.756667 0.368333 0.020833 0.080000
3 0.391667 0.768333 0.009167 0.015000
3 0.222500 0.426667 0.009167 0.016667
2 0.666667 0.618333 0.019167 0.046667
3 0.481667 0.305000 0.014167 0.025000
2 0.770000 0.666667 0.030833 0.051667
2 0.773333 0.293333 0.020833 0.080000
3 0.708333 0.256667 0.013333 0.015000
2 0.275000 0.373333 0.014167 0.015000
3 0.730000 0.595000 0.015833 0.051667
2 0.664167 0.415000 0.023333 0.041667
2 0.812500 0.631667 0.009167 0.031667
2 0.234167 0.756667 0.045833 0.021667
2 0.725000 0.611667 0.035000 0.105000
3 0.689167 0.651667 0.014167 0.025000
3 0.690000 0.336667 0.007500 0.016667
2 0.692500 0.288333 0.023333 0.041667
2 0.747500 0.681667 0.013333 0.070000
3 0.578333 0.648333 0.017500 0.031667
3 0.550833 0.220000 0.014167 0.025000
3 0.691667 0.338333 0.010833 0.013333
3 0.474167 0.806667 0.013333 0.031667
3 0.321667 0.716667 0.007500 0.018333
2 0.305000 0.741667 0.020833 0.080000
3 0.435833 0.681667 0.009167 0.016667
3 0.348333 0.286667 0.008333 0.016667
3 0.337500 0.643333 0.009167 0.018333
3 0.646667 0.633333 0.007500 0.016667
3 0.493333 0.358333 0.014167 0.025000
2 0.652500 0.648333 0.013333 0.070000
3 0.285833 0.250000 0.007500 0.016667
3 0.582500 0.353333 0.014167 0.025000
2 0.482500 0.773333 0.020833 0.028333
3 0.680000 0.638333 0.006667 0.018333
2 0.583333 0.761667 0.030833 0.051667
2 0.443333 0.758333 0.021667 0.090000
3 0.425000 0.668333 0.009167 0.023333
2 0.581667 0.638333 0.022500 0.023333
3 0.685000 0.330000 0.010000 0.016667
2 0.676667 0.656667 0.011667 0.025000
2 0.478333 0.330000 0.026667 0.035000
3 0.461667 0.663333 0.009167 0.023333
3 0.532500 0.296667 0.013333 0.015000
3 0.779167 0.413333 0.007500 0.018333
3 0.244167 0.376667 0.011667 0.020000
3 0.636667 0.636667 0.007500 0.018333
3 0.640000 0.643333 0.009167 0.015000
2 0.677500 0.345000 0.011667 0.066667
2 0.488333 0.171667 0.023333 0.041667
2 0.271667 0.401667 0.017500 0.116667
3 0.777500 0.348333 0.010000 0.016667
2 0.797500 0.408333 0.014167 0.015000
2 0.720833 0.651667 0.020833 0.080000
3 0.443333 0.356667 0.009167 0.016667
3 0.517500 0.678333 0.015833 0.051667
2 0.777500 0.420000 0.034167 0.100000
2 0.131667 0.370000 0.097500 0.053333
2 0.765000 0.356667 0.015833 0.068333
3 0.535000 0.298333 0.008333 0.016667
2 0.558333 0.646667 0.011667 0.066667
3 0.469167 0.711667 0.009167 0.016667
2 0.235833 0.365000 0.026667 0.035000
2 0.633333 0.396667 0.034167 0.100000
3 0.673333 0.731667 0.015833 0.051667
3 0.281667 0.711667 0.011667 0.020000
3 0.528333 0.358333 0.011667 0.030000
2 0.505833 0.591667 0.029167 0.038333
2 0.723333 0.626667 0.097500 0.053333
2 0.661667 0.436667 0.045833 0.021667
3 0.313333 0.230000 0.010833 0.013333
3 0.495833 0.343333 0.008333 0.016667
2 0.662500 0.336667 0.034167 0.038333
2 0.440833 0.416667 0.034167 0.100000
3 0.705833 0.280000 0.010000 0.020000
2 0.532500 0.275000 0.023333 0.106667
3 0.566667 0.748333 0.007500 0.018333
2 0.780833 0.355000 0.011667 0.066667
3 0.725833 0.606667 0.008333 0.016667
2 0.574167 0.728333 0.020833 0.080000
2 0.539167 0.743333 0.009167 0.031667
2 0.605000 0.998333 0.010000 0.001667
2 0.294167 0.888333 0.013333 0.070000
3 0.710000 0.691667 0.011667 0.030000
2 0.540833 0.436667 0.011667 0.025000
2 0.445833 0.335000 0.015833 0.068333
3 0.653333 0.671667 0.014167 0.025000
2 0.747500 0.428333 0.030833 0.051667
2 0.279167 0.741667 0.009167 0.031667
2 0.806667 0.736667 0.009167 0.031667
2 0.742500 0.663333 0.023333 0.106667
2 0.415833 0.373333 0.048333 0.043333
2 0.479167 0.868333 0.022500 0.023333
2 0.796667 0.628333 0.027500 0.016667
3 0.743333 0.345000 0.007500 0.018333
3 0.779167 0.323333 0.010000 0.016667
3 0.506667 0.823333 0.011667 0.020000
2 0.462500 0.121667 0.015833 0.068333
3 0.321667 0.240000 0.010000 0.020000
3 0.653333 0.626667 0.011667 0.030000
3 0.458333 0.115000 0.013333 0.031667
2 0.218333 0.638333 0.020000 0.021667
2 0.760833 0.615000 0.030833 0.051667
3 0.610000 0.391667 0.008333 0.016667
3 0.560000 0.271667 0.007500 0.015000
3 0.661667 0.355000 0.017500 0.031667
2 0.519167 0.258333 0.009167 0.040000
2 0.808333 0.710000 0.027500 0.016667
2 0.235000 0.396667 0.023333 0.041667
2 0.749167 0.376667 0.034167 0.038333
3 0.761667 0.398333 0.010833 0.013333
2 0.443333 0.343333 0.034167 0.038333
3 0.306667 0.811667 0.008333 0.016667
3 0.792500 0.728333 0.008333 0.016667
3 0.442500 0.725000 0.011667 0.030000
2 0.650833 0.306667 0.020833 0.080000
3 0.430000 0.755000 0.008333 0.016667
2 0.455833 0.808333 0.027500 0.016667
2 0.547500 0.348333 0.022500 0.023333
3 0.572500 0.613333 0.010833 0.013333
3 0.594167 0.750000 0.009167 0.016667
3 0.450000 0.373333 0.007500 0.016667
3 0.525000 0.756667 0.007500 0.016667
2 0.757500 0.305000 0.035000 0.105000
2 0.289167 0.685000 0.045833 0.021667
3 0.735833 0.813333 0.008333 0.016667
3 0.280000 0.731667 0.007500 0.016667
3 0.660833 0.415000 0.010833 0.023333
2 0.265833 0.330000 0.022500 0.023333
2 0.684167 0.630000 0.035000 0.105000
3 0.314167 0.646667 0.009167 0.023333
3 0.332500 0.731667 0.010000 0.016667
3 0.350833 0.331667 0.009167 0.015000
3 0.725833 0.798333 0.008333 0.021667
2 0.244167 0.411667 0.010833 0.091667
3 0.593333 0.160000 0.009167 0.018333
2 0.646667 0.400000 0.027500 0.016667
2 0.453333 0.236667 0.097500 0.053333
3 0.218333 0.635000 0.008333 0.016667
2 0.453333 0.880000 0.020000 0.021667
3 0.650833 0.666667 0.007500 0.015000
2 0.745833 0.686667 0.009167 0.040000
2 0.463333 0.681667 0.011667 0.025000
2 0.280000 0.265000 0.029167 0.038333
2 0.442500 0.263333 0.097500 0.053333
2 0.592500 0.650000 0.097500 0.053333
3 0.563333 0.373333 0.006667 0.018333
3 0.230833 0.643333 0.015833 0.051667
2 0.480833 0.756667 0.030833 0.051667
3 0.508333 0.821667 0.008333 0.016667
2 0.485833 0.365000 0.021667 0.090000
2 0.780000 0.315000 0.058333 0.076667
3 0.253333 0.226667 0.013333 0.015000
3 0.775000 0.355000 0.008333 0.016667
2 0.400833 0.780000 0.015833 0.068333
3 0.313333 0.261667 0.009167 0.016667
3 0.725000 0.600000 0.011667 0.020000
3 0.698333 0.353333 0.008333 0.021667
2 0.776667 0.321667 0.014167 0.015000
2 0.219167 0.391667 0.019167 0.046667
3 0.252500 0.763333 0.009167 0.018333
2 0.666667 0.335000 0.035000 0.105000
2 0.430833 0.736667 0.011667 0.025000
2 0.655833 0.360000 0.027500 0.016667
3 0.775833 0.653333 0.010833 0.023333
2 0.756667 0.305000 0.034167 0.038333
3 0.330833 0.390000 0.007500 0.015000
3 0.786667 0.375000 0.009167 0.018333
3 0.802500 0.373333 0.007500 0.018333
2 0.690833 0.595000 0.009167 0.040000
2 0.308333 0.370000 0.017500 0.116667
3 0.710833 0.671667 0.008333 0.016667
2 0.451667 0.736667 0.015833 0.068333
3 0.688333 0.385000 0.008333 0.016667
3 0.300833 0.713333 0.013333 0.015000
3 0.499167 0.775000 0.009167 0.016667
3 0.440833 0.773333 0.011667 0.020000
3 0.449167 0.705000 0.007500 0.016667
2 0.469167 0.776667 0.048333 0.043333
2 0.263333 0.641667 0.097500 0.053333
2 0.355833 0.753333 0.010000 0.031667
2 0.530000 0.656667 0.026667 0.035000
3 0.437500 0.745000 0.007500 0.015000
3 0.678333 0.421667 0.010000 0.016667
3 0.775000 0.353333 0.007500 0.015000
2 0.814167 0.376667 0.022500 0.023333
3 0.341667 0.850000 0.011667 0.020000
3 0.339167 0.223333 0.007500 0.015000
3 0.575000 0.313333 0.009167 0.023333
2 0.515833 0.648333 0.034167 0.100000
3 0.424167 0.710000 0.010000 0.020000
