4 0.907500 0.553333 0.049167 0.051667
4 0.867500 0.505000 0.098333 0.175000
4 0.855833 0.583333 0.137500 0.081667
4 0.840000 0.581667 0.104167 0.185000
4 0.793333 0.500000 0.157500 0.165000
4 0.848333 0.578333 0.086667 0.178333
4 0.899167 0.598333 0.053333 0.075000
4 0.820833 0.386667 0.095000 0.036667
4 0.825833 0.526667 0.139167 0.051667
4 0.875000 0.660000 0.066667 0.066667
4 0.150000 0.510000 0.083333 0.083333
4 0.335000 0.573333 0.095833 0.078333
4 0.769167 0.625000 0.090000 0.228333
4 0.143333 0.466667 0.045000 0.085000
4 0.057500 0.505000 0.065833 0.100000
4 0.050833 0.635000 0.074167 0.193333
4 0.597500 0.466667 0.121667 0.080000
4 0.650000 0.576667 0.044167 0.068333
4 0.025833 0.533333 0.052500 0.018333
4 0.732500 0.423333 0.108333 0.206667
2 0.435000 0.465000 0.045833 0.021667
2 0.620000 0.560000 0.011667 0.066667
3 0.165833 0.493333 0.009167 0.016667
2 0.756667 0.496667 0.026667 0.035000
2 0.080000 0.525000 0.048333 0.043333
3 0.286667 0.598333 0.007500 0.018333
3 0.475000 0.588333 0.010833 0.013333
3 0.723333 0.461667 0.010000 0.016667
3 0.534167 0.535000 0.010000 0.016667
3 0.826667 0.588333 0.013333 0.031667
3 0.805833 0.505000 0.009167 0.018333
2 0.193333 0.448333 0.017500 0.116667
2 0.424167 0.493333 0.097500 0.053333
3 0.581667 0.560000 0.007500 0.018333
3 0.257500 0.463333 0.007500 0.015000
2 0.292500 0.471667 0.034167 0.100000
3 0.293333 0.495000 0.007500 0.015000
3 0.598333 0.493333 0.009167 0.016667
2 0.084167 0.500000 0.020833 0.080000
2 0.306667 0.453333 0.009167 0.040000
2 0.717500 0.535000 0.020833 0.080000
2 0.397500 0.518333 0.011667 0.066667
2 0.194167 0.531667 0.009167 0.031667
2 0.107500 0.565000 0.017500 0.116667
3 0.160833 0.455000 0.009167 0.016667
3 0.610833 0.618333 0.009167 0.023333
2 0.278333 0.541667 0.010000 0.031667
3 0.730000 0.485000 0.008333 0.016667
2 0.303333 0.496667 0.020833 0.080000
2 0.307500 0.553333 0.034167 0.100000
2 0.044167 0.505000 0.009167 0.031667
2 0.645833 0.458333 0.035000 0.105000
2 0.339167 0.508333 0.034167 0.038333
3 0.737500 0.508333 0.010000 0.020000
2 0.553333 0.553333 0.009167 0.031667
3 0.085833 0.470000 0.009167 0.023333
2 0.137500 0.430000 0.034167 0.038333
2 0.035000 0.521667 0.010000 0.031667
2 0.325000 0.581667 0.023333 0.041667
3 0.384167 0.545000 0.009167 0.015000
3 0.444167 0.483333 0.017500 0.031667
3 0.573333 0.540000 0.008333 0.016667
2 0.508333 0.498333 0.011667 0.025000
3 0.353333 0.500000 0.009167 0.018333
2 0.779167 0.608333 0.020833 0.080000
2 0.665833 0.556667 0.030833 0.051667
3 0.330833 0.626667 0.008333 0.021667
2 0.399167 0.438333 0.020833 0.028333
3 0.025833 0.481667 0.008333 0.016667
3 0.050000 0.476667 0.007500 0.015000
2 0.189167 0.478333 0.023333 0.041667
2 0.605833 0.581667 0.023333 0.041667
3 0.042500 0.591667 0.008333 0.021667
3 0.501667 0.516667 0.011667 0.020000
3 0.645000 0.573333 0.008333 0.016667
2 0.480833 0.526667 0.097500 0.053333
2 0.150000 0.563333 0.015833 0.068333
2 0.208333 0.483333 0.023333 0.041667
2 0.384167 0.555000 0.020833 0.080000
2 0.122500 0.611667 0.030833 0.051667
2 0.379167 0.566667 0.020833 0.080000
2 0.110000 0.485000 0.019167 0.046667
2 0.124167 0.468333 0.022500 0.023333
2 0.430833 0.526667 0.035000 0.105000
3 0.171667 0.443333 0.010000 0.020000
3 0.203333 0.565000 0.010000 0.020000
2 0.244167 0.541667 0.020833 0.080000
3 0.485000 0.486667 0.008333 0.016667
3 0.255000 0.548333 0.011667 0.030000
2 0.692500 0.456667 0.034167 0.038333
3 0.465833 0.596667 0.008333 0.016667
2 0.149167 0.596667 0.034167 0.100000
2 0.315833 0.456667 0.048333 0.043333
2 0.100000 0.496667 0.026667 0.035000
2 0.815000 0.570000 0.034167 0.100000
3 0.309167 0.543333 0.007500 0.018333
3 0.437500 0.510000 0.007500 0.016667
3 0.659167 0.581667 0.017500 0.031667
2 0.714167 0.503333 0.020000 0.021667
3 0.620833 0.483333 0.007500 0.018333
3 0.399167 0.475000 0.010000 0.020000
2 0.325000 0.493333 0.097500 0.053333
3 0.698333 0.518333 0.008333 0.016667
3 0.619167 0.548333 0.007500 0.018333
3 0.176667 0.508333 0.009167 0.023333
3 0.208333 0.438333 0.008333 0.016667
2 0.277500 0.536667 0.015833 0.068333
2 0.210833 0.553333 0.010833 0.091667
2 0.728333 0.616667 0.010833 0.091667
2 0.118333 0.530000 0.034167 0.038333
2 0.472500 0.573333 0.029167 0.038333
2 0.764167 0.461667 0.009167 0.031667
3 0.723333 0.498333 0.007500 0.015000
2 0.677500 0.443333 0.034167 0.038333
2 0.432500 0.581667 0.048333 0.025000
2 0.544167 0.558333 0.034167 0.038333
2 0.640833 0.460000 0.023333 0.041667
2 0.167500 0.493333 0.045833 0.021667
3 0.451667 0.485000 0.009167 0.018333
2 0.418333 0.563333 0.027500 0.016667
3 0.620000 0.445000 0.008333 0.016667
2 0.591667 0.508333 0.026667 0.035000
2 0.305000 0.270000 0.020833 0.080000
2 0.695833 0.665000 0.009167 0.031667
3 0.697500 0.681667 0.011667 0.030000
3 0.521667 0.760000 0.009167 0.016667
2 0.333333 0.388333 0.048333 0.025000
2 0.520833 0.206667 0.009167 0.040000
3 0.777500 0.416667 0.011667 0.030000
2 0.457500 0.775000 0.029167 0.038333
2 0.504167 0.206667 0.026667 0.035000
2 0.688333 0.651667 0.013333 0.070000
2 0.708333 0.998333 0.030833 0.001667
2 0.519167 0.698333 0.034167 0.038333
3 0.227500 0.708333 0.006667 0.018333
3 0.260000 0.725000 0.010833 0.013333
3 0.300000 0.391667 0.014167 0.025000
2 0.466667 0.626667 0.019167 0.046667
3 0.650833 0.390000 0.007500 0.016667
2 0.361667 0.728333 0.023333 0.106667
3 0.238333 0.766667 0.011667 0.030000
3 0.594167 0.585000 0.015833 0.051667
2 0.546667 0.648333 0.023333 0.041667
2 0.746667 0.746667 0.020833 0.080000
2 0.460000 0.290000 0.027500 0.016667
3 0.679167 0.665000 0.006667 0.018333
3 0.314167 0.346667 0.008333 0.021667
3 0.311667 0.771667 0.008333 0.016667
3 0.737500 0.331667 0.010000 0.020000
3 0.405000 0.716667 0.009167 0.023333
3 0.701667 0.333333 0.013333 0.031667
2 0.225833 0.808333 0.023333 0.106667
2 0.735000 0.698333 0.010833 0.091667
3 0.655000 0.335000 0.013333 0.015000
3 0.330000 0.390000 0.009167 0.018333
3 0.776667 0.363333 0.007500 0.015000
2 0.350000 0.713333 0.045833 0.021667
2 0.635833 0.361667 0.029167 0.038333
2 0.678333 0.365000 0.009167 0.031667
2 0.558333 0.646667 0.011667 0.025000
2 0.745000 0.618333 0.034167 0.100000
2 0.429167 0.680000 0.048333 0.025000
2 0.786667 0.401667 0.014167 0.015000
2 0.660833 0.428333 0.009167 0.040000
3 0.650833 0.635000 0.013333 0.031667
3 0.348333 0.685000 0.009167 0.016667
3 0.679167 0.385000 0.013333 0.015000
2 0.667500 0.391667 0.020000 0.021667
3 0.470000 0.355000 0.009167 0.015000
3 0.746667 0.705000 0.007500 0.016667
2 0.414167 0.826667 0.009167 0.040000
2 0.356667 0.675000 0.026667 0.035000
3 0.303333 0.708333 0.015833 0.051667
2 0.141667 0.633333 0.011667 0.066667
3 0.486667 0.753333 0.008333 0.016667
3 0.272500 0.346667 0.008333 0.016667
3 0.449167 0.675000 0.013333 0.031667
3 0.349167 0.836667 0.010000 0.016667
2 0.584167 0.346667 0.023333 0.106667
2 0.601667 0.636667 0.034167 0.038333
2 0.728333 0.698333 0.048333 0.043333
3 0.783333 0.380000 0.008333 0.016667
3 0.675000 0.351667 0.007500 0.015000
2 0.474167 0.283333 0.023333 0.041667
3 0.690000 0.373333 0.010833 0.013333
2 0.229167 0.408333 0.021667 0.090000
2 0.237500 0.620000 0.097500 0.053333
3 0.465833 0.331667 0.009167 0.016667
2 0.768333 0.698333 0.023333 0.041667
3 0.700000 0.666667 0.010000 0.016667
2 0.400000 0.695000 0.020833 0.080000
2 0.557500 0.700000 0.021667 0.090000
2 0.353333 0.663333 0.020833 0.080000
3 0.675000 0.348333 0.009167 0.023333
2 0.769167 0.696667 0.027500 0.016667
3 0.545000 0.651667 0.007500 0.018333
3 0.721667 0.658333 0.010000 0.016667
2 0.430000 0.313333 0.019167 0.046667
3 0.450000 0.675000 0.011667 0.020000
2 0.775833 0.345000 0.009167 0.040000
3 0.360833 0.720000 0.009167 0.016667
2 0.462500 0.118333 0.027500 0.016667
2 0.302500 0.390000 0.013333 0.070000
3 0.334167 0.230000 0.010833 0.023333
3 0.752500 0.606667 0.013333 0.015000
2 0.535833 0.686667 0.020833 0.028333
2 0.666667 0.588333 0.019167 0.046667
2 0.473333 0.318333 0.011667 0.025000
2 0.368333 0.688333 0.045833 0.021667
2 0.220000 0.356667 0.020833 0.080000
2 0.268333 0.698333 0.097500 0.053333
3 0.486667 0.643333 0.013333 0.031667
2 0.644167 0.713333 0.020000 0.021667
2 0.447500 0.300000 0.020833 0.080000
3 0.693333 0.340000 0.007500 0.015000
3 0.565000 0.690000 0.010833 0.023333
2 0.686667 0.718333 0.021667 0.090000
2 0.705000 0.656667 0.011667 0.066667
3 0.290000 0.711667 0.008333 0.016667
2 0.693333 0.686667 0.020000 0.021667
2 0.755000 0.421667 0.009167 0.031667
2 0.300000 0.348333 0.058333 0.076667
3 0.302500 0.408333 0.009167 0.018333
2 0.669167 0.315000 0.020833 0.080000
2 0.556667 0.458333 0.010833 0.091667
3 0.730833 0.725000 0.009167 0.016667
2 0.665833 0.356667 0.034167 0.038333
3 0.680833 0.386667 0.009167 0.016667
2 0.758333 0.425000 0.020833 0.080000
3 0.311667 0.773333 0.007500 0.018333
2 0.791667 0.663333 0.030833 0.051667
2 0.459167 0.793333 0.026667 0.035000
2 0.514167 0.415000 0.030833 0.051667
2 0.735833 0.353333 0.023333 0.041667
2 0.311667 0.353333 0.011667 0.066667
2 0.200833 0.653333 0.011667 0.025000
3 0.513333 0.420000 0.007500 0.015000
2 0.245000 0.361667 0.020833 0.080000
3 0.487500 0.680000 0.007500 0.018333
3 0.677500 0.638333 0.011667 0.020000
3 0.612500 0.681667 0.008333 0.016667
3 0.718333 0.658333 0.010833 0.013333
3 0.580833 0.423333 0.010000 0.020000
2 0.646667 0.263333 0.034167 0.038333
3 0.580000 0.651667 0.007500 0.015000
2 0.825000 0.326667 0.048333 0.025000
2 0.554167 0.658333 0.027500 0.016667
3 0.310000 0.396667 0.009167 0.018333
2 0.501667 0.286667 0.026667 0.035000
2 0.300000 0.360000 0.035000 0.105000
2 0.549167 0.423333 0.034167 0.038333
3 0.310000 0.310000 0.006667 0.018333
2 0.640833 0.601667 0.019167 0.046667
2 0.220833 0.365000 0.048333 0.043333
2 0.745833 0.605000 0.010000 0.031667
2 0.826667 0.426667 0.023333 0.041667
2 0.658333 0.366667 0.035000 0.105000
3 0.558333 0.370000 0.007500 0.016667
2 0.295000 0.383333 0.029167 0.038333
3 0.762500 0.690000 0.010000 0.020000
2 0.638333 0.391667 0.022500 0.023333
2 0.670833 0.416667 0.029167 0.038333
3 0.621667 0.373333 0.009167 0.023333
2 0.450833 0.248333 0.020833 0.080000
2 0.665000 0.608333 0.097500 0.053333
2 0.252500 0.710000 0.045833 0.021667
2 0.759167 0.658333 0.048333 0.043333
2 0.800000 0.653333 0.026667 0.035000
3 0.441667 0.736667 0.007500 0.015000
2 0.282500 0.705000 0.058333 0.076667
2 0.765000 0.381667 0.014167 0.015000
2 0.486667 0.303333 0.017500 0.116667
2 0.715000 0.313333 0.035000 0.105000
2 0.732500 0.268333 0.017500 0.116667
3 0.392500 0.770000 0.007500 0.016667
2 0.808333 0.363333 0.020833 0.080000
2 0.253333 0.300000 0.019167 0.046667
3 0.218333 0.690000 0.009167 0.023333
2 0.413333 0.661667 0.015833 0.068333
3 0.487500 0.288333 0.010833 0.023333
3 0.635833 0.621667 0.009167 0.016667
3 0.452500 0.730000 0.010000 0.016667
2 0.708333 0.430000 0.009167 0.031667
2 0.518333 0.998333 0.035000 0.001667
2 0.343333 0.781667 0.034167 0.100000
2 0.699167 0.611667 0.026667 0.035000
2 0.313333 0.250000 0.026667 0.035000
3 0.193333 0.403333 0.009167 0.016667
2 0.723333 0.623333 0.015833 0.068333
2 0.440833 0.801667 0.009167 0.031667
2 0.386667 0.773333 0.009167 0.031667
2 0.731667 0.655000 0.010833 0.091667
2 0.674167 0.300000 0.030833 0.051667
2 0.690833 0.673333 0.013333 0.070000
2 0.500000 0.411667 0.058333 0.076667
2 0.764167 0.311667 0.019167 0.046667
3 0.765000 0.365000 0.008333 0.016667
2 0.778333 0.410000 0.010000 0.031667
3 0.758333 0.416667 0.007500 0.018333
2 0.717500 0.635000 0.023333 0.041667
3 0.334167 0.650000 0.007500 0.015000
3 0.690000 0.325000 0.014167 0.025000
3 0.750833 0.315000 0.010000 0.016667
3 0.657500 0.341667 0.008333 0.021667
2 0.727500 0.616667 0.020000 0.021667
2 0.529167 0.343333 0.011667 0.066667
3 0.576667 0.743333 0.007500 0.018333
2 0.280833 0.750000 0.020833 0.080000
3 0.330833 0.421667 0.011667 0.030000
2 0.249167 0.366667 0.015833 0.068333
2 0.548333 0.385000 0.021667 0.090000
2 0.761667 0.395000 0.009167 0.031667
2 0.480000 0.328333 0.023333 0.041667
2 0.485000 0.443333 0.010000 0.031667
3 0.698333 0.348333 0.007500 0.018333
2 0.315833 0.788333 0.021667 0.090000
3 0.434167 0.693333 0.013333 0.031667
3 0.683333 0.278333 0.013333 0.015000
2 0.440000 0.838333 0.013333 0.070000
3 0.625833 0.391667 0.011667 0.020000
