4 0.863333 0.591667 0.135000 0.063333
4 0.876667 0.530000 0.057500 0.043333
4 0.889167 0.560000 0.062500 0.071667
4 0.891667 0.466667 0.082500 0.080000
4 0.847500 0.601667 0.128333 0.093333
4 0.839167 0.353333 0.140833 0.245000
4 0.795833 0.500000 0.197500 0.096667
4 0.837500 0.565000 0.091667 0.078333
4 0.855833 0.705000 0.087500 0.061667
4 0.800833 0.561667 0.070000 0.073333
4 0.180833 0.515000 0.064167 0.036667
4 0.396667 0.526667 0.100833 0.080000
4 0.497500 0.620000 0.244167 0.248333
4 0.020000 0.513333 0.040833 0.116667
4 0.625000 0.555000 0.142500 0.095000
4 0.550833 0.476667 0.068333 0.053333
4 0.194167 0.688333 0.293333 0.300000
4 0.410833 0.735000 0.377500 0.443333
4 0.155833 0.558333 0.169167 0.161667
4 0.442500 0.521667 0.088333 0.038333
3 0.514167 0.521667 0.008333 0.016667
2 0.762500 0.506667 0.017500 0.116667
2 0.522500 0.525000 0.058333 0.076667
3 0.146667 0.498333 0.010833 0.013333
3 0.765833 0.581667 0.010833 0.023333
3 0.318333 0.521667 0.014167 0.025000
2 0.332500 0.441667 0.019167 0.046667
3 0.734167 0.540000 0.007500 0.018333
3 0.317500 0.475000 0.008333 0.016667
2 0.134167 0.578333 0.011667 0.066667
2 0.560000 0.610000 0.010833 0.091667
3 0.608333 0.450000 0.010833 0.013333
2 0.669167 0.515000 0.014167 0.015000
2 0.296667 0.558333 0.019167 0.046667
2 0.288333 0.563333 0.020833 0.080000
3 0.231667 0.533333 0.010833 0.023333
2 0.503333 0.500000 0.017500 0.116667
2 0.642500 0.505000 0.035000 0.105000
2 0.180833 0.575000 0.034167 0.100000
3 0.301667 0.501667 0.009167 0.015000
3 0.750000 0.485000 0.010000 0.016667
2 0.079167 0.490000 0.010833 0.091667
3 0.813333 0.551667 0.007500 0.015000
3 0.126667 0.573333 0.007500 0.016667
2 0.188333 0.520000 0.058333 0.076667
3 0.104167 0.575000 0.009167 0.016667
3 0.410833 0.563333 0.011667 0.030000
2 0.355000 0.505000 0.034167 0.038333
2 0.645833 0.518333 0.022500 0.023333
2 0.286667 0.461667 0.048333 0.043333
2 0.191667 0.545000 0.020833 0.080000
2 0.449167 0.561667 0.011667 0.066667
2 0.150833 0.593333 0.048333 0.043333
2 0.620833 0.448333 0.058333 0.076667
3 0.460000 0.583333 0.009167 0.016667
3 0.259167 0.583333 0.007500 0.015000
2 0.329167 0.611667 0.023333 0.106667
2 0.125833 0.601667 0.022500 0.023333
3 0.656667 0.501667 0.015833 0.051667
3 0.495000 0.491667 0.011667 0.020000
2 0.545833 0.513333 0.020833 0.028333
2 0.123333 0.486667 0.029167 0.038333
3 0.287500 0.455000 0.008333 0.016667
2 0.139167 0.600000 0.020000 0.021667
2 0.470833 0.396667 0.017500 0.116667
2 0.608333 0.635000 0.010833 0.091667
3 0.044167 0.523333 0.011667 0.020000
3 0.819167 0.553333 0.007500 0.018333
3 0.338333 0.528333 0.008333 0.016667
2 0.376667 0.578333 0.020833 0.080000
2 0.641667 0.491667 0.009167 0.040000
2 0.368333 0.508333 0.035000 0.105000
2 0.640000 0.458333 0.045833 0.021667
2 0.590833 0.558333 0.015833 0.068333
3 0.138333 0.551667 0.011667 0.020000
2 0.121667 0.543333 0.013333 0.070000
3 0.125833 0.581667 0.015833 0.051667
3 0.432500 0.498333 0.009167 0.016667
2 0.474167 0.435000 0.019167 0.046667
3 0.172500 0.553333 0.011667 0.020000
2 0.141667 0.506667 0.034167 0.100000
2 0.099167 0.500000 0.013333 0.070000
2 0.599167 0.581667 0.010000 0.031667
3 0.810833 0.605000 0.008333 0.016667
3 0.602500 0.596667 0.007500 0.016667
2 0.063333 0.456667 0.019167 0.046667
2 0.562500 0.460000 0.045833 0.021667
2 0.158333 0.536667 0.009167 0.031667
3 0.180833 0.475000 0.008333 0.021667
2 0.698333 0.566667 0.034167 0.038333
2 0.540000 0.526667 0.030833 0.051667
2 0.676667 0.533333 0.009167 0.031667
2 0.233333 0.468333 0.011667 0.025000
3 0.063333 0.565000 0.008333 0.016667
3 0.827500 0.551667 0.007500 0.015000
3 0.261667 0.471667 0.008333 0.016667
3 0.628333 0.460000 0.008333 0.021667
3 0.395000 0.483333 0.017500 0.031667
3 0.565833 0.481667 0.008333 0.016667
2 0.435833 0.485000 0.010000 0.031667
3 0.062500 0.513333 0.010000 0.016667
2 0.430000 0.563333 0.014167 0.015000
3 0.050000 0.460000 0.011667 0.020000
3 0.015000 0.526667 0.017500 0.031667
2 0.349167 0.441667 0.097500 0.053333
2 0.180833 0.518333 0.034167 0.038333
3 0.695000 0.598333 0.009167 0.023333
3 0.275833 0.506667 0.009167 0.016667
3 0.403333 0.556667 0.006667 0.018333
3 0.059167 0.500000 0.013333 0.031667
3 0.394167 0.573333 0.009167 0.015000
2 0.195833 0.511667 0.048333 0.043333
2 0.150000 0.506667 0.048333 0.043333
3 0.305833 0.456667 0.010833 0.013333
2 0.202500 0.493333 0.023333 0.106667
2 0.727500 0.546667 0.030833 0.051667
3 0.382500 0.561667 0.008333 0.016667
3 0.517500 0.546667 0.006667 0.018333
3 0.218333 0.470000 0.010833 0.013333
2 0.225833 0.451667 0.009167 0.040000
2 0.282500 0.435000 0.011667 0.066667
3 0.020000 0.530000 0.009167 0.023333
3 0.609167 0.388333 0.009167 0.015000
2 0.646667 0.346667 0.030833 0.051667
2 0.678333 0.421667 0.013333 0.070000
2 0.455833 0.651667 0.020833 0.028333
2 0.638333 0.680000 0.034167 0.100000
2 0.617500 0.381667 0.020000 0.021667
2 0.518333 0.388333 0.011667 0.025000
3 0.751667 0.616667 0.011667 0.020000
2 0.361667 0.610000 0.010000 0.031667
2 0.794167 0.633333 0.048333 0.025000
2 0.488333 0.201667 0.010000 0.031667
2 0.626667 0.600000 0.097500 0.053333
2 0.498333 0.685000 0.023333 0.041667
2 0.751667 0.416667 0.023333 0.041667
2 0.340833 0.295000 0.022500 0.023333
3 0.759167 0.368333 0.009167 0.023333
2 0.513333 0.700000 0.029167 0.038333
2 0.427500 0.750000 0.020833 0.028333
3 0.291667 0.785000 0.006667 0.018333
2 0.759167 0.700000 0.020000 0.021667
3 0.560000 0.343333 0.008333 0.016667
3 0.604167 0.368333 0.009167 0.016667
2 0.355833 0.666667 0.009167 0.031667
2 0.419167 0.333333 0.009167 0.040000
2 0.572500 0.720000 0.019167 0.046667
2 0.703333 0.266667 0.023333 0.041667
3 0.396667 0.325000 0.011667 0.020000
2 0.363333 0.685000 0.045833 0.021667
3 0.423333 0.346667 0.007500 0.015000
3 0.731667 0.720000 0.007500 0.018333
3 0.694167 0.733333 0.011667 0.030000
3 0.550833 0.418333 0.009167 0.016667
3 0.685833 0.686667 0.006667 0.018333
3 0.775000 0.395000 0.008333 0.016667
2 0.431667 0.683333 0.009167 0.031667
2 0.563333 0.321667 0.048333 0.025000
2 0.530833 0.686667 0.011667 0.066667
3 0.766667 0.370000 0.015833 0.051667
3 0.366667 0.655000 0.008333 0.016667
3 0.510833 0.738333 0.007500 0.015000
3 0.548333 0.630000 0.007500 0.016667
2 0.310000 0.781667 0.020833 0.028333
3 0.706667 0.355000 0.008333 0.016667
2 0.547500 0.828333 0.026667 0.035000
2 0.465000 0.738333 0.023333 0.106667
3 0.545000 0.621667 0.008333 0.016667
2 0.465833 0.113333 0.020833 0.028333
2 0.536667 0.693333 0.020000 0.021667
2 0.675000 0.395000 0.013333 0.070000
3 0.376667 0.320000 0.008333 0.016667
2 0.359167 0.691667 0.010000 0.031667
3 0.663333 0.655000 0.010833 0.013333
2 0.227500 0.385000 0.020000 0.021667
2 0.305833 0.408333 0.023333 0.106667
3 0.670000 0.271667 0.007500 0.016667
2 0.678333 0.635000 0.022500 0.023333
3 0.765833 0.666667 0.009167 0.018333
2 0.404167 0.648333 0.020833 0.080000
3 0.541667 0.706667 0.009167 0.016667
2 0.806667 0.733333 0.030833 0.051667
3 0.505000 0.333333 0.007500 0.015000
2 0.662500 0.601667 0.027500 0.016667
2 0.389167 0.673333 0.030833 0.051667
3 0.315833 0.280000 0.013333 0.015000
3 0.273333 0.415000 0.011667 0.020000
3 0.298333 0.706667 0.009167 0.016667
3 0.823333 0.706667 0.008333 0.021667
3 0.307500 0.403333 0.008333 0.016667
3 0.805000 0.640000 0.009167 0.018333
3 0.693333 0.635000 0.010833 0.013333
3 0.257500 0.318333 0.011667 0.020000
2 0.603333 0.790000 0.030833 0.051667
3 0.169167 0.390000 0.007500 0.015000
3 0.690000 0.335000 0.007500 0.015000
2 0.235833 0.361667 0.013333 0.070000
3 0.753333 0.651667 0.009167 0.023333
3 0.340000 0.713333 0.007500 0.015000
2 0.702500 0.641667 0.022500 0.023333
3 0.407500 0.736667 0.007500 0.018333
2 0.260000 0.355000 0.011667 0.066667
2 0.561667 0.751667 0.045833 0.021667
3 0.702500 0.785000 0.014167 0.025000
2 0.508333 0.336667 0.058333 0.076667
2 0.526667 0.613333 0.010000 0.031667
3 0.534167 0.386667 0.013333 0.031667
2 0.324167 0.670000 0.009167 0.040000
2 0.648333 0.670000 0.021667 0.090000
3 0.470000 0.293333 0.007500 0.016667
2 0.495000 0.696667 0.009167 0.040000
3 0.755833 0.411667 0.007500 0.018333
2 0.217500 0.416667 0.023333 0.041667
2 0.503333 0.678333 0.035000 0.105000
3 0.453333 0.266667 0.009167 0.015000
2 0.758333 0.425000 0.010833 0.091667
3 0.308333 0.661667 0.007500 0.015000
2 0.642500 0.396667 0.011667 0.025000
2 0.571667 0.706667 0.020833 0.080000
3 0.797500 0.723333 0.008333 0.021667
3 0.604167 0.326667 0.007500 0.015000
2 0.445833 0.753333 0.023333 0.041667
2 0.477500 0.258333 0.015833 0.068333
2 0.293333 0.310000 0.020833 0.080000
2 0.615833 0.398333 0.021667 0.090000
2 0.420000 0.691667 0.020833 0.080000
2 0.279167 0.360000 0.045833 0.021667
3 0.304167 0.733333 0.009167 0.015000
3 0.362500 0.611667 0.008333 0.016667
2 0.654167 0.445000 0.022500 0.023333
3 0.540000 0.733333 0.007500 0.015000
2 0.712500 0.641667 0.009167 0.031667
3 0.735000 0.813333 0.009167 0.016667
2 0.335833 0.803333 0.020833 0.080000
3 0.715833 0.616667 0.010000 0.016667
3 0.432500 0.675000 0.008333 0.016667
3 0.637500 0.400000 0.010833 0.023333
2 0.317500 0.421667 0.009167 0.031667
3 0.695833 0.370000 0.011667 0.020000
3 0.550000 0.236667 0.010833 0.023333
2 0.655000 0.353333 0.023333 0.041667
2 0.433333 0.391667 0.034167 0.100000
2 0.765000 0.376667 0.020000 0.021667
3 0.301667 0.655000 0.014167 0.025000
2 0.484167 0.361667 0.015833 0.068333
3 0.450833 0.715000 0.014167 0.025000
3 0.479167 0.225000 0.006667 0.018333
2 0.262500 0.751667 0.048333 0.025000
3 0.508333 0.318333 0.010000 0.020000
3 0.752500 0.406667 0.017500 0.031667
3 0.734167 0.638333 0.010833 0.013333
3 0.734167 0.720000 0.010000 0.020000
3 0.658333 0.398333 0.008333 0.016667
3 0.755833 0.661667 0.006667 0.018333
2 0.357500 0.798333 0.048333 0.025000
2 0.700000 0.321667 0.017500 0.116667
3 0.425833 0.723333 0.009167 0.016667
2 0.455833 0.110000 0.017500 0.116667
2 0.498333 0.356667 0.045833 0.021667
2 0.684167 0.405000 0.015833 0.068333
2 0.340833 0.818333 0.011667 0.066667
3 0.526667 0.263333 0.009167 0.016667
2 0.490000 0.348333 0.097500 0.053333
2 0.690000 0.765000 0.020833 0.080000
2 0.566667 0.190000 0.048333 0.025000
3 0.778333 0.700000 0.009167 0.016667
3 0.697500 0.670000 0.008333 0.016667
2 0.540833 0.221667 0.015833 0.068333
2 0.724167 0.726667 0.023333 0.106667
3 0.287500 0.323333 0.009167 0.023333
3 0.723333 0.358333 0.017500 0.031667
3 0.541667 0.645000 0.014167 0.025000
3 0.566667 0.243333 0.007500 0.018333
2 0.639167 0.638333 0.011667 0.025000
3 0.220000 0.418333 0.014167 0.025000
3 0.665000 0.398333 0.008333 0.016667
3 0.355833 0.658333 0.009167 0.016667
3 0.768333 0.595000 0.008333 0.016667
2 0.280000 0.781667 0.010833 0.091667
3 0.632500 0.393333 0.009167 0.016667
2 0.654167 0.353333 0.009167 0.040000
3 0.367500 0.648333 0.008333 0.021667
3 0.310000 0.301667 0.011667 0.020000
3 0.256667 0.391667 0.007500 0.015000
2 0.660833 0.428333 0.009167 0.040000
3 0.495833 0.163333 0.008333 0.016667
3 0.690000 0.635000 0.017500 0.031667
3 0.319167 0.705000 0.009167 0.016667
2 0.540000 0.191667 0.015833 0.068333
2 0.690833 0.800000 0.020833 0.080000
3 0.565000 0.380000 0.013333 0.015000
3 0.514167 0.311667 0.010833 0.023333
3 0.506667 0.331667 0.008333 0.021667
3 0.510000 0.343333 0.008333 0.016667
2 0.630833 0.363333 0.035000 0.105000
2 0.241667 0.430000 0.020833 0.080000
2 0.695000 0.770000 0.010833 0.091667
2 0.255833 0.726667 0.020000 0.021667
2 0.428333 0.763333 0.034167 0.100000
2 0.278333 0.748333 0.015833 0.068333
3 0.481667 0.275000 0.008333 0.016667
2 0.754167 0.395000 0.034167 0.100000
3 0.729167 0.643333 0.010000 0.020000
3 0.344167 0.230000 0.007500 0.015000
3 0.702500 0.401667 0.008333 0.021667
3 0.768333 0.358333 0.009167 0.016667
2 0.238333 0.370000 0.022500 0.023333
3 0.290833 0.720000 0.015833 0.051667
2 0.585000 0.316667 0.097500 0.053333
2 0.378333 0.343333 0.097500 0.053333
2 0.443333 0.378333 0.023333 0.041667
2 0.781667 0.581667 0.015833 0.068333
3 0.531667 0.365000 0.010833 0.023333
2 0.610833 0.673333 0.027500 0.016667
3 0.679167 0.398333 0.007500 0.018333
3 0.715833 0.645000 0.011667 0.020000
3 0.313333 0.658333 0.009167 0.015000
3 0.455000 0.288333 0.009167 0.016667
3 0.626667 0.330000 0.014167 0.025000
3 0.755833 0.313333 0.009167 0.016667
