4 0.839167 0.463333 0.070000 0.186667
4 0.835833 0.575000 0.090000 0.135000
4 0.790833 0.235000 0.188333 0.351667
4 0.910833 0.445000 0.036667 0.026667
4 0.767500 0.445000 0.210833 0.188333
4 0.860833 0.575000 0.138333 0.118333
4 0.837500 0.453333 0.045833 0.081667
4 0.788333 0.275000 0.148333 0.248333
4 0.856667 0.745000 0.097500 0.158333
4 0.874167 0.465000 0.051667 0.025000
4 0.145833 0.626667 0.085833 0.125000
4 0.294167 0.573333 0.084167 0.045000
4 0.155000 0.550000 0.072500 0.030000
4 0.610833 0.648333 0.110000 0.263333
4 0.133333 0.600000 0.070833 0.163333
4 0.116667 0.573333 0.053333 0.131667
4 0.491667 0.513333 0.060000 0.030000
4 0.040833 0.623333 0.063333 0.151667
4 0.624167 0.530000 0.141667 0.050000
4 0.460000 0.621667 0.107500 0.256667
3 0.450833 0.598333 0.011667 0.030000
3 0.569167 0.543333 0.015833 0.051667
2 0.256667 0.485000 0.017500 0.116667
2 0.112500 0.580000 0.023333 0.106667
2 0.204167 0.591667 0.017500 0.116667
2 0.703333 0.481667 0.026667 0.035000
2 0.055833 0.473333 0.022500 0.023333
2 0.285000 0.588333 0.014167 0.015000
3 0.381667 0.583333 0.015833 0.051667
3 0.233333 0.583333 0.006667 0.018333
2 0.161667 0.503333 0.009167 0.040000
2 0.064167 0.483333 0.015833 0.068333
3 0.823333 0.630000 0.011667 0.020000
3 0.170833 0.440000 0.009167 0.015000
2 0.695000 0.585000 0.010000 0.031667
2 0.534167 0.460000 0.011667 0.066667
3 0.028333 0.540000 0.007500 0.018333
2 0.450000 0.503333 0.058333 0.076667
3 0.401667 0.493333 0.007500 0.015000
3 0.100000 0.575000 0.013333 0.015000
2 0.685000 0.596667 0.021667 0.090000
3 0.715833 0.580000 0.010833 0.013333
3 0.226667 0.450000 0.007500 0.016667
2 0.577500 0.461667 0.034167 0.038333
3 0.150833 0.560000 0.008333 0.016667
3 0.502500 0.541667 0.007500 0.015000
2 0.730833 0.521667 0.045833 0.021667
2 0.435833 0.460000 0.011667 0.066667
2 0.121667 0.471667 0.009167 0.040000
2 0.490833 0.500000 0.013333 0.070000
3 0.136667 0.448333 0.007500 0.018333
2 0.810000 0.581667 0.023333 0.106667
2 0.799167 0.526667 0.014167 0.015000
2 0.392500 0.598333 0.009167 0.031667
3 0.783333 0.461667 0.007500 0.018333
2 0.742500 0.470000 0.015833 0.068333
2 0.475000 0.501667 0.045833 0.021667
2 0.351667 0.420000 0.020833 0.080000
2 0.664167 0.536667 0.011667 0.025000
3 0.345000 0.583333 0.009167 0.018333
3 0.049167 0.565000 0.007500 0.015000
2 0.715833 0.501667 0.058333 0.076667
3 0.284167 0.518333 0.007500 0.015000
3 0.605833 0.481667 0.015833 0.051667
3 0.618333 0.543333 0.008333 0.016667
3 0.495833 0.450000 0.009167 0.023333
3 0.486667 0.453333 0.014167 0.025000
2 0.159167 0.505000 0.017500 0.116667
3 0.733333 0.513333 0.009167 0.018333
3 0.300833 0.553333 0.009167 0.023333
2 0.746667 0.543333 0.011667 0.025000
3 0.595833 0.461667 0.011667 0.030000
2 0.591667 0.460000 0.011667 0.025000
3 0.803333 0.571667 0.009167 0.016667
2 0.410000 0.455000 0.034167 0.038333
2 0.250000 0.476667 0.023333 0.041667
3 0.119167 0.478333 0.007500 0.015000
2 0.750833 0.460000 0.027500 0.016667
3 0.135000 0.470000 0.010833 0.023333
3 0.165000 0.570000 0.010833 0.013333
2 0.069167 0.595000 0.013333 0.070000
2 0.705000 0.555000 0.009167 0.031667
3 0.436667 0.516667 0.008333 0.016667
2 0.315000 0.516667 0.027500 0.016667
3 0.125000 0.508333 0.008333 0.016667
3 0.682500 0.456667 0.007500 0.018333
3 0.651667 0.485000 0.014167 0.025000
2 0.136667 0.506667 0.034167 0.038333
3 0.711667 0.508333 0.007500 0.015000
3 0.115000 0.515000 0.007500 0.018333
2 0.365000 0.436667 0.058333 0.076667
2 0.470833 0.595000 0.011667 0.025000
2 0.686667 0.603333 0.023333 0.041667
3 0.071667 0.530000 0.013333 0.015000
2 0.089167 0.596667 0.048333 0.025000
3 0.140833 0.541667 0.009167 0.015000
2 0.113333 0.423333 0.097500 0.053333
2 0.098333 0.518333 0.014167 0.015000
3 0.454167 0.490000 0.007500 0.015000
2 0.144167 0.536667 0.015833 0.068333
3 0.625833 0.566667 0.008333 0.016667
3 0.180000 0.585000 0.006667 0.018333
2 0.280000 0.446667 0.048333 0.025000
3 0.647500 0.565000 0.008333 0.016667
3 0.775000 0.465000 0.007500 0.015000
2 0.725833 0.488333 0.020000 0.021667
2 0.569167 0.535000 0.022500 0.023333
3 0.743333 0.583333 0.015833 0.051667
2 0.680833 0.545000 0.023333 0.106667
3 0.738333 0.531667 0.013333 0.015000
3 0.780833 0.541667 0.010000 0.020000
2 0.490833 0.586667 0.023333 0.041667
3 0.325833 0.446667 0.008333 0.016667
2 0.755000 0.558333 0.058333 0.076667
2 0.702500 0.535000 0.023333 0.106667
3 0.668333 0.583333 0.009167 0.015000
3 0.170833 0.495000 0.009167 0.015000
2 0.164167 0.446667 0.020000 0.021667
3 0.015833 0.516667 0.007500 0.018333
3 0.272500 0.465000 0.008333 0.016667
3 0.821667 0.506667 0.008333 0.016667
3 0.450833 0.496667 0.010833 0.013333
3 0.337500 0.843333 0.017500 0.031667
3 0.324167 0.688333 0.010000 0.020000
2 0.683333 0.306667 0.013333 0.070000
3 0.732500 0.346667 0.007500 0.015000
3 0.491667 0.308333 0.008333 0.016667
2 0.615833 0.440000 0.034167 0.100000
2 0.703333 0.371667 0.020000 0.021667
2 0.695000 0.998333 0.058333 0.001667
2 0.249167 0.270000 0.097500 0.053333
2 0.649167 0.633333 0.009167 0.031667
3 0.734167 0.261667 0.007500 0.018333
2 0.521667 0.360000 0.011667 0.066667
2 0.352500 0.728333 0.026667 0.035000
3 0.717500 0.385000 0.007500 0.018333
2 0.583333 0.745000 0.014167 0.015000
2 0.312500 0.738333 0.011667 0.066667
3 0.705000 0.428333 0.007500 0.015000
2 0.279167 0.730000 0.010000 0.031667
2 0.801667 0.371667 0.048333 0.025000
3 0.585000 0.641667 0.009167 0.016667
3 0.826667 0.415000 0.007500 0.016667
2 0.241667 0.696667 0.020000 0.021667
3 0.190000 0.398333 0.007500 0.015000
3 0.627500 0.390000 0.008333 0.016667
3 0.591667 0.741667 0.009167 0.015000
2 0.647500 0.391667 0.097500 0.053333
3 0.335833 0.718333 0.015833 0.051667
3 0.772500 0.358333 0.008333 0.016667
2 0.792500 0.366667 0.014167 0.015000
3 0.690000 0.358333 0.009167 0.018333
2 0.495833 0.380000 0.011667 0.066667
3 0.810000 0.611667 0.009167 0.015000
3 0.368333 0.406667 0.011667 0.020000
2 0.755000 0.578333 0.035000 0.105000
3 0.315000 0.378333 0.015833 0.051667
3 0.291667 0.268333 0.010000 0.016667
3 0.355833 0.643333 0.007500 0.018333
2 0.697500 0.610000 0.011667 0.066667
2 0.666667 0.473333 0.020833 0.080000
2 0.542500 0.663333 0.022500 0.023333
2 0.672500 0.646667 0.026667 0.035000
3 0.318333 0.640000 0.007500 0.015000
2 0.785000 0.435000 0.030833 0.051667
2 0.665000 0.613333 0.097500 0.053333
3 0.219167 0.666667 0.008333 0.016667
3 0.541667 0.340000 0.010000 0.020000
2 0.641667 0.388333 0.048333 0.043333
2 0.793333 0.670000 0.021667 0.090000
3 0.516667 0.790000 0.007500 0.015000
3 0.675833 0.343333 0.007500 0.015000
2 0.677500 0.335000 0.011667 0.066667
2 0.268333 0.441667 0.021667 0.090000
2 0.306667 0.413333 0.009167 0.031667
2 0.748333 0.615000 0.020833 0.080000
3 0.443333 0.356667 0.010000 0.020000
3 0.792500 0.728333 0.008333 0.016667
2 0.443333 0.806667 0.030833 0.051667
2 0.804167 0.426667 0.021667 0.090000
3 0.498333 0.770000 0.010833 0.013333
3 0.705000 0.696667 0.011667 0.030000
2 0.777500 0.415000 0.017500 0.116667
3 0.285833 0.125000 0.009167 0.016667
3 0.393333 0.355000 0.015833 0.051667
3 0.494167 0.711667 0.010833 0.013333
3 0.285833 0.128333 0.009167 0.023333
2 0.424167 0.363333 0.015833 0.068333
3 0.715000 0.310000 0.008333 0.021667
3 0.680000 0.443333 0.010000 0.020000
3 0.774167 0.341667 0.011667 0.020000
3 0.457500 0.365000 0.009167 0.023333
3 0.698333 0.665000 0.007500 0.018333
2 0.608333 0.636667 0.020833 0.028333
3 0.388333 0.365000 0.007500 0.016667
2 0.671667 0.600000 0.035000 0.105000
2 0.521667 0.735000 0.013333 0.070000
2 0.485833 0.771667 0.020833 0.028333
2 0.473333 0.321667 0.048333 0.025000
3 0.670833 0.363333 0.008333 0.016667
2 0.694167 0.465000 0.034167 0.100000
3 0.685000 0.631667 0.007500 0.015000
2 0.291667 0.390000 0.045833 0.021667
2 0.684167 0.630000 0.058333 0.076667
2 0.629167 0.356667 0.011667 0.066667
2 0.739167 0.415000 0.020833 0.080000
2 0.553333 0.393333 0.010833 0.091667
3 0.485833 0.378333 0.009167 0.023333
3 0.274167 0.740000 0.009167 0.018333
2 0.518333 0.726667 0.020833 0.080000
2 0.702500 0.585000 0.097500 0.053333
2 0.505833 0.781667 0.029167 0.038333
2 0.666667 0.323333 0.045833 0.021667
3 0.355000 0.698333 0.017500 0.031667
2 0.543333 0.636667 0.015833 0.068333
3 0.710000 0.635000 0.008333 0.016667
2 0.710000 0.371667 0.021667 0.090000
2 0.386667 0.675000 0.020833 0.080000
3 0.705000 0.693333 0.010833 0.023333
2 0.659167 0.611667 0.097500 0.053333
3 0.670833 0.683333 0.015833 0.051667
3 0.670000 0.660000 0.006667 0.018333
2 0.322500 0.853333 0.034167 0.038333
3 0.324167 0.746667 0.008333 0.021667
2 0.798333 0.615000 0.027500 0.016667
2 0.635833 0.415000 0.013333 0.070000
2 0.316667 0.448333 0.010833 0.091667
2 0.399167 0.745000 0.020833 0.080000
2 0.671667 0.373333 0.011667 0.066667
2 0.455833 0.213333 0.009167 0.031667
2 0.742500 0.411667 0.048333 0.043333
3 0.460833 0.703333 0.013333 0.031667
2 0.340833 0.751667 0.011667 0.066667
2 0.772500 0.405000 0.015833 0.068333
2 0.656667 0.393333 0.010833 0.091667
2 0.522500 0.343333 0.048333 0.025000
3 0.775833 0.421667 0.010000 0.020000
3 0.744167 0.451667 0.017500 0.031667
3 0.794167 0.631667 0.008333 0.021667
2 0.710833 0.696667 0.009167 0.031667
3 0.431667 0.805000 0.009167 0.015000
2 0.731667 0.640000 0.013333 0.070000
2 0.321667 0.250000 0.011667 0.066667
3 0.640000 0.720000 0.015833 0.051667
3 0.657500 0.658333 0.007500 0.015000
2 0.686667 0.651667 0.027500 0.016667
2 0.314167 0.395000 0.015833 0.068333
3 0.320833 0.268333 0.013333 0.015000
3 0.761667 0.371667 0.007500 0.015000
3 0.628333 0.375000 0.013333 0.015000
2 0.526667 0.706667 0.058333 0.076667
3 0.381667 0.693333 0.009167 0.016667
3 0.488333 0.781667 0.010000 0.020000
3 0.263333 0.800000 0.006667 0.018333
3 0.444167 0.141667 0.010833 0.023333
2 0.455000 0.640000 0.010000 0.031667
2 0.655000 0.410000 0.029167 0.038333
3 0.562500 0.371667 0.007500 0.015000
2 0.285000 0.300000 0.026667 0.035000
3 0.668333 0.666667 0.007500 0.018333
3 0.787500 0.375000 0.007500 0.015000
2 0.300833 0.431667 0.021667 0.090000
2 0.285833 0.296667 0.021667 0.090000
2 0.323333 0.843333 0.048333 0.043333
3 0.693333 0.660000 0.006667 0.018333
2 0.347500 0.635000 0.029167 0.038333
3 0.245000 0.355000 0.007500 0.015000
3 0.260833 0.701667 0.011667 0.030000
2 0.650833 0.378333 0.022500 0.023333
2 0.725000 0.710000 0.020833 0.028333
2 0.440833 0.398333 0.021667 0.090000
2 0.642500 0.631667 0.023333 0.106667
2 0.712500 0.820000 0.034167 0.100000
2 0.217500 0.393333 0.048333 0.025000
3 0.639167 0.411667 0.008333 0.016667
2 0.635000 0.638333 0.030833 0.051667
2 0.636667 0.388333 0.027500 0.016667
3 0.590833 0.756667 0.009167 0.018333
3 0.531667 0.690000 0.008333 0.016667
3 0.510833 0.288333 0.007500 0.015000
2 0.577500 0.406667 0.015833 0.068333
3 0.652500 0.421667 0.008333 0.021667
3 0.280000 0.836667 0.010000 0.016667
2 0.642500 0.425000 0.010000 0.031667
2 0.722500 0.618333 0.023333 0.041667
2 0.439167 0.650000 0.027500 0.016667
3 0.645833 0.635000 0.009167 0.016667
3 0.487500 0.320000 0.007500 0.016667
2 0.735833 0.638333 0.045833 0.021667
3 0.496667 0.366667 0.008333 0.016667
3 0.726667 0.600000 0.008333 0.016667
3 0.794167 0.370000 0.010833 0.023333
2 0.380000 0.645000 0.027500 0.016667
3 0.347500 0.355000 0.011667 0.030000
3 0.656667 0.398333 0.014167 0.025000
3 0.621667 0.355000 0.014167 0.025000
2 0.774167 0.585000 0.009167 0.040000
2 0.297500 0.270000 0.058333 0.076667
3 0.795000 0.376667 0.017500 0.031667
2 0.597500 0.323333 0.022500 0.023333
3 0.549167 0.656667 0.009167 0.016667
2 0.745000 0.618333 0.020833 0.028333
3 0.794167 0.711667 0.014167 0.025000
3 0.343333 0.308333 0.007500 0.015000
3 0.435000 0.726667 0.007500 0.018333
3 0.441667 0.771667 0.010000 0.020000
2 0.400833 0.691667 0.023333 0.041667
2 0.678333 0.355000 0.023333 0.106667
2 0.725833 0.646667 0.029167 0.038333
3 0.746667 0.395000 0.009167 0.016667
3 0.610000 0.681667 0.013333 0.031667
2 0.676667 0.720000 0.009167 0.031667
3 0.366667 0.398333 0.014167 0.025000
3 0.456667 0.801667 0.008333 0.016667
2 0.785000 0.596667 0.011667 0.025000
3 0.309167 0.346667 0.014167 0.025000
3 0.761667 0.403333 0.010833 0.023333
3 0.460833 0.716667 0.007500 0.018333
2 0.155833 0.598333 0.009167 0.040000
3 0.266667 0.641667 0.010833 0.023333
