4 0.770833 0.755000 0.140000 0.358333
4 0.850000 0.451667 0.124167 0.125000
4 0.835833 0.541667 0.049167 0.083333
4 0.828333 0.555000 0.114167 0.206667
4 0.819167 0.536667 0.036667 0.023333
4 0.874167 0.513333 0.100833 0.130000
4 0.839167 0.396667 0.140833 0.171667
4 0.869167 0.443333 0.070000 0.066667
4 0.834167 0.415000 0.088333 0.048333
4 0.810833 0.670000 0.061667 0.098333
4 0.762500 0.493333 0.097500 0.133333
4 0.629167 0.496667 0.050000 0.041667
4 0.400833 0.520000 0.110833 0.053333
4 0.197500 0.580000 0.087500 0.061667
4 0.471667 0.523333 0.051667 0.090000
4 0.273333 0.558333 0.135833 0.083333
4 0.752500 0.623333 0.080000 0.225000
4 0.744167 0.500000 0.085833 0.040000
4 0.276667 0.491667 0.076667 0.028333
4 0.745833 0.615000 0.131667 0.156667
2 0.215000 0.555000 0.013333 0.070000
2 0.063333 0.493333 0.058333 0.076667
2 0.352500 0.455000 0.010000 0.031667
2 0.796667 0.446667 0.011667 0.025000
3 0.578333 0.538333 0.008333 0.016667
2 0.660000 0.466667 0.014167 0.015000
2 0.542500 0.548333 0.010000 0.031667
2 0.485000 0.515000 0.013333 0.070000
2 0.022500 0.550000 0.010833 0.091667
2 0.529167 0.528333 0.021667 0.090000
2 0.765833 0.506667 0.015833 0.068333
3 0.225000 0.466667 0.014167 0.025000
3 0.115000 0.530000 0.011667 0.020000
3 0.630000 0.546667 0.007500 0.015000
2 0.062500 0.511667 0.010833 0.091667
3 0.479167 0.603333 0.011667 0.030000
2 0.580833 0.475000 0.010000 0.031667
3 0.309167 0.481667 0.009167 0.016667
2 0.322500 0.445000 0.020000 0.021667
2 0.152500 0.516667 0.009167 0.031667
3 0.785000 0.510000 0.007500 0.015000
2 0.043333 0.580000 0.048333 0.025000
2 0.136667 0.526667 0.009167 0.031667
2 0.722500 0.496667 0.097500 0.053333
2 0.575000 0.485000 0.011667 0.066667
3 0.416667 0.578333 0.007500 0.015000
3 0.591667 0.493333 0.009167 0.015000
3 0.560833 0.498333 0.013333 0.031667
2 0.247500 0.475000 0.015833 0.068333
2 0.668333 0.525000 0.035000 0.105000
2 0.411667 0.435000 0.009167 0.040000
2 0.315833 0.571667 0.023333 0.106667
3 0.689167 0.566667 0.011667 0.030000
3 0.370833 0.593333 0.007500 0.015000
2 0.410000 0.525000 0.021667 0.090000
3 0.591667 0.573333 0.007500 0.018333
3 0.770000 0.473333 0.007500 0.018333
2 0.245833 0.506667 0.011667 0.025000
3 0.462500 0.553333 0.017500 0.031667
3 0.272500 0.505000 0.008333 0.016667
3 0.269167 0.566667 0.009167 0.016667
2 0.809167 0.443333 0.015833 0.068333
2 0.821667 0.496667 0.009167 0.031667
3 0.111667 0.576667 0.013333 0.015000
3 0.445833 0.545000 0.010833 0.023333
2 0.046667 0.498333 0.021667 0.090000
2 0.817500 0.523333 0.020833 0.080000
3 0.730833 0.585000 0.007500 0.015000
3 0.208333 0.510000 0.009167 0.018333
2 0.623333 0.605000 0.010000 0.031667
2 0.087500 0.511667 0.030833 0.051667
3 0.582500 0.503333 0.009167 0.015000
3 0.466667 0.415000 0.009167 0.016667
2 0.326667 0.476667 0.009167 0.031667
2 0.664167 0.568333 0.019167 0.046667
3 0.340000 0.516667 0.007500 0.015000
3 0.682500 0.498333 0.007500 0.016667
3 0.509167 0.515000 0.007500 0.018333
2 0.500000 0.491667 0.097500 0.053333
2 0.146667 0.530000 0.029167 0.038333
2 0.795833 0.560000 0.020833 0.028333
3 0.743333 0.520000 0.011667 0.020000
2 0.459167 0.511667 0.045833 0.021667
2 0.134167 0.536667 0.027500 0.016667
3 0.149167 0.506667 0.007500 0.015000
3 0.270000 0.491667 0.010833 0.013333
3 0.262500 0.460000 0.010000 0.020000
2 0.292500 0.608333 0.023333 0.041667
3 0.252500 0.483333 0.007500 0.015000
3 0.674167 0.470000 0.009167 0.018333
2 0.236667 0.598333 0.023333 0.041667
3 0.408333 0.516667 0.008333 0.016667
2 0.213333 0.570000 0.097500 0.053333
2 0.297500 0.475000 0.097500 0.053333
2 0.119167 0.618333 0.030833 0.051667
3 0.440833 0.603333 0.007500 0.015000
3 0.820000 0.543333 0.009167 0.015000
3 0.159167 0.493333 0.008333 0.016667
3 0.545833 0.488333 0.008333 0.021667
2 0.425833 0.485000 0.048333 0.043333
2 0.785833 0.450000 0.022500 0.023333
3 0.684167 0.508333 0.007500 0.015000
2 0.312500 0.440000 0.034167 0.038333
3 0.113333 0.450000 0.008333 0.016667
2 0.046667 0.501667 0.045833 0.021667
2 0.182500 0.533333 0.020000 0.021667
3 0.236667 0.591667 0.007500 0.016667
2 0.651667 0.551667 0.013333 0.070000
3 0.463333 0.525000 0.015833 0.051667
3 0.209167 0.485000 0.009167 0.018333
3 0.085833 0.465000 0.007500 0.015000
2 0.510833 0.495000 0.048333 0.025000
3 0.800000 0.571667 0.010000 0.016667
2 0.775833 0.551667 0.058333 0.076667
2 0.574167 0.518333 0.034167 0.100000
3 0.490000 0.493333 0.017500 0.031667
2 0.160000 0.633333 0.021667 0.090000
3 0.819167 0.605000 0.008333 0.021667
2 0.817500 0.471667 0.029167 0.038333
3 0.703333 0.511667 0.009167 0.016667
2 0.091667 0.491667 0.058333 0.076667
3 0.157500 0.558333 0.006667 0.018333
2 0.747500 0.651667 0.021667 0.090000
3 0.780833 0.420000 0.010833 0.023333
2 0.415000 0.751667 0.045833 0.021667
3 0.205000 0.728333 0.006667 0.018333
2 0.700000 0.715000 0.014167 0.015000
3 0.591667 0.338333 0.007500 0.015000
2 0.512500 0.206667 0.009167 0.031667
2 0.360000 0.360000 0.048333 0.043333
3 0.540000 0.626667 0.017500 0.031667
2 0.280833 0.253333 0.020833 0.028333
2 0.623333 0.393333 0.020833 0.080000
2 0.445000 0.840000 0.026667 0.035000
3 0.677500 0.641667 0.011667 0.030000
2 0.640833 0.401667 0.014167 0.015000
2 0.695000 0.661667 0.014167 0.015000
3 0.290833 0.786667 0.013333 0.015000
3 0.735833 0.646667 0.008333 0.021667
2 0.565000 0.726667 0.023333 0.041667
3 0.720000 0.621667 0.010833 0.023333
2 0.586667 0.621667 0.017500 0.116667
2 0.758333 0.350000 0.015833 0.068333
2 0.683333 0.403333 0.013333 0.070000
3 0.747500 0.608333 0.006667 0.018333
2 0.573333 0.733333 0.017500 0.116667
3 0.672500 0.636667 0.008333 0.016667
3 0.460000 0.673333 0.009167 0.023333
3 0.789167 0.345000 0.007500 0.018333
3 0.812500 0.721667 0.009167 0.016667
2 0.639167 0.633333 0.014167 0.015000
3 0.720000 0.648333 0.010000 0.016667
3 0.529167 0.408333 0.006667 0.018333
3 0.365833 0.670000 0.008333 0.021667
3 0.491667 0.331667 0.017500 0.031667
2 0.793333 0.391667 0.017500 0.116667
3 0.606667 0.343333 0.009167 0.023333
3 0.222500 0.306667 0.011667 0.020000
2 0.764167 0.406667 0.021667 0.090000
3 0.660000 0.451667 0.011667 0.030000
3 0.316667 0.790000 0.008333 0.016667
3 0.312500 0.718333 0.010000 0.020000
2 0.686667 0.665000 0.017500 0.116667
2 0.781667 0.670000 0.034167 0.100000
3 0.735000 0.703333 0.007500 0.018333
3 0.785833 0.368333 0.007500 0.015000
2 0.785833 0.668333 0.009167 0.040000
3 0.707500 0.440000 0.008333 0.016667
3 0.686667 0.710000 0.007500 0.015000
2 0.788333 0.700000 0.058333 0.076667
2 0.300833 0.753333 0.021667 0.090000
3 0.319167 0.341667 0.008333 0.016667
3 0.830000 0.415000 0.008333 0.016667
2 0.666667 0.411667 0.020833 0.080000
3 0.808333 0.900000 0.007500 0.016667
2 0.476667 0.311667 0.029167 0.038333
3 0.652500 0.418333 0.007500 0.018333
3 0.309167 0.721667 0.008333 0.016667
3 0.755833 0.401667 0.014167 0.025000
3 0.280000 0.731667 0.007500 0.016667
2 0.503333 0.193333 0.027500 0.016667
2 0.447500 0.698333 0.011667 0.025000
2 0.270833 0.768333 0.030833 0.051667
3 0.637500 0.420000 0.009167 0.016667
2 0.436667 0.788333 0.017500 0.116667
2 0.287500 0.265000 0.017500 0.116667
3 0.530000 0.353333 0.007500 0.018333
3 0.301667 0.815000 0.017500 0.031667
2 0.767500 0.336667 0.011667 0.066667
3 0.715000 0.305000 0.007500 0.016667
2 0.684167 0.623333 0.048333 0.025000
3 0.281667 0.765000 0.009167 0.016667
2 0.422500 0.758333 0.023333 0.106667
2 0.700833 0.376667 0.035000 0.105000
2 0.611667 0.378333 0.048333 0.043333
2 0.630833 0.393333 0.048333 0.025000
2 0.267500 0.210000 0.009167 0.031667
2 0.367500 0.660000 0.009167 0.040000
3 0.643333 0.643333 0.014167 0.025000
3 0.723333 0.605000 0.017500 0.031667
2 0.498333 0.626667 0.045833 0.021667
3 0.747500 0.393333 0.008333 0.016667
3 0.423333 0.396667 0.008333 0.016667
3 0.749167 0.621667 0.007500 0.018333
2 0.692500 0.346667 0.020833 0.080000
2 0.662500 0.385000 0.035000 0.105000
2 0.650833 0.635000 0.009167 0.040000
2 0.241667 0.723333 0.048333 0.043333
2 0.292500 0.388333 0.020833 0.028333
2 0.748333 0.376667 0.020833 0.028333
3 0.700000 0.658333 0.009167 0.016667
2 0.448333 0.388333 0.010833 0.091667
3 0.683333 0.413333 0.010833 0.023333
3 0.704167 0.621667 0.008333 0.016667
2 0.634167 0.621667 0.029167 0.038333
2 0.430000 0.661667 0.020833 0.080000
3 0.423333 0.221667 0.008333 0.021667
3 0.581667 0.191667 0.017500 0.031667
3 0.585833 0.745000 0.009167 0.015000
3 0.750000 0.605000 0.017500 0.031667
2 0.755000 0.670000 0.045833 0.021667
3 0.756667 0.596667 0.011667 0.030000
2 0.470833 0.368333 0.029167 0.038333
2 0.360833 0.693333 0.097500 0.053333
3 0.682500 0.273333 0.014167 0.025000
2 0.255000 0.256667 0.048333 0.043333
2 0.769167 0.383333 0.011667 0.066667
2 0.721667 0.591667 0.058333 0.076667
3 0.301667 0.711667 0.010833 0.013333
2 0.465000 0.130000 0.022500 0.023333
3 0.476667 0.805000 0.007500 0.016667
3 0.530833 0.365000 0.008333 0.016667
2 0.686667 0.360000 0.021667 0.090000
2 0.728333 0.653333 0.017500 0.116667
2 0.630000 0.358333 0.009167 0.040000
3 0.510833 0.365000 0.009167 0.023333
3 0.449167 0.653333 0.007500 0.015000
2 0.687500 0.670000 0.010833 0.091667
2 0.316667 0.743333 0.011667 0.066667
3 0.655833 0.630000 0.008333 0.021667
3 0.729167 0.413333 0.007500 0.018333
3 0.483333 0.718333 0.009167 0.018333
3 0.646667 0.381667 0.010833 0.023333
3 0.595833 0.713333 0.010833 0.013333
2 0.304167 0.130000 0.009167 0.040000
3 0.606667 0.401667 0.007500 0.016667
3 0.707500 0.438333 0.007500 0.018333
3 0.668333 0.673333 0.006667 0.018333
3 0.640833 0.680000 0.009167 0.018333
3 0.438333 0.755000 0.010000 0.020000
3 0.725833 0.608333 0.008333 0.016667
2 0.348333 0.681667 0.048333 0.025000
2 0.265000 0.353333 0.023333 0.041667
3 0.750833 0.626667 0.009167 0.016667
3 0.386667 0.765000 0.009167 0.016667
3 0.548333 0.630000 0.008333 0.016667
3 0.740000 0.398333 0.014167 0.025000
2 0.725000 0.471667 0.010833 0.091667
3 0.244167 0.745000 0.008333 0.016667
2 0.670000 0.385000 0.020833 0.028333
2 0.382500 0.740000 0.023333 0.041667
2 0.339167 0.853333 0.015833 0.068333
2 0.662500 0.631667 0.034167 0.038333
2 0.681667 0.426667 0.014167 0.015000
3 0.481667 0.266667 0.015833 0.051667
2 0.812500 0.701667 0.009167 0.040000
2 0.292500 0.845000 0.015833 0.068333
2 0.753333 0.356667 0.020833 0.028333
2 0.722500 0.595000 0.009167 0.040000
2 0.785000 0.368333 0.010000 0.031667
2 0.571667 0.728333 0.020833 0.028333
3 0.735000 0.656667 0.010833 0.023333
3 0.467500 0.260000 0.008333 0.016667
2 0.169167 0.435000 0.020833 0.080000
3 0.724167 0.433333 0.013333 0.015000
2 0.480000 0.888333 0.021667 0.090000
2 0.683333 0.660000 0.014167 0.015000
2 0.522500 0.695000 0.035000 0.105000
3 0.516667 0.605000 0.008333 0.021667
3 0.653333 0.635000 0.008333 0.016667
2 0.678333 0.266667 0.027500 0.016667
2 0.508333 0.256667 0.045833 0.021667
3 0.790000 0.728333 0.013333 0.031667
2 0.516667 0.300000 0.048333 0.043333
2 0.748333 0.285000 0.035000 0.105000
2 0.527500 0.275000 0.020833 0.028333
3 0.389167 0.735000 0.009167 0.023333
3 0.327500 0.673333 0.008333 0.016667
3 0.585000 0.420000 0.009167 0.023333
2 0.303333 0.705000 0.019167 0.046667
3 0.562500 0.668333 0.010833 0.013333
3 0.654167 0.371667 0.009167 0.016667
3 0.723333 0.348333 0.007500 0.015000
2 0.276667 0.340000 0.030833 0.051667
2 0.690000 0.678333 0.022500 0.023333
3 0.544167 0.240000 0.009167 0.016667
2 0.746667 0.375000 0.009167 0.040000
2 0.295000 0.806667 0.030833 0.051667
2 0.638333 0.686667 0.023333 0.106667
2 0.335833 0.878333 0.023333 0.106667
3 0.752500 0.703333 0.010833 0.013333
3 0.640000 0.655000 0.010833 0.013333
3 0.273333 0.391667 0.013333 0.015000
3 0.175000 0.406667 0.009167 0.023333
3 0.694167 0.276667 0.008333 0.021667
2 0.761667 0.638333 0.020833 0.028333
3 0.660833 0.385000 0.010833 0.013333
3 0.489167 0.286667 0.007500 0.016667
2 0.696667 0.350000 0.009167 0.040000
2 0.268333 0.290000 0.021667 0.090000
2 0.289167 0.716667 0.048333 0.025000
2 0.730833 0.660000 0.023333 0.041667
2 0.247500 0.788333 0.045833 0.021667
3 0.185000 0.650000 0.009167 0.015000
2 0.520833 0.641667 0.026667 0.035000
3 0.368333 0.683333 0.008333 0.021667
3 0.552500 0.711667 0.013333 0.031667
2 0.473333 0.401667 0.034167 0.100000
3 0.442500 0.801667 0.009167 0.015000
3 0.475000 0.368333 0.009167 0.016667
