4 0.737500 0.595000 0.197500 0.113333
4 0.759167 0.801667 0.188333 0.395000
4 0.822500 0.466667 0.065000 0.040000
4 0.870833 0.590000 0.054167 0.043333
4 0.823333 0.545000 0.136667 0.171667
4 0.880833 0.601667 0.103333 0.193333
4 0.800000 0.593333 0.163333 0.415000
4 0.822500 0.411667 0.080833 0.031667
4 0.876667 0.516667 0.052500 0.088333
4 0.738333 0.675000 0.372500 0.200000
4 0.436667 0.608333 0.109167 0.083333
4 0.532500 0.430000 0.189167 0.246667
4 0.083333 0.581667 0.167500 0.148333
4 0.027500 0.596667 0.055833 0.093333
4 0.698333 0.613333 0.081667 0.205000
4 0.525833 0.498333 0.095000 0.091667
4 0.443333 0.528333 0.089167 0.040000
4 0.220833 0.531667 0.084167 0.046667
4 0.106667 0.541667 0.162500 0.115000
4 0.223333 0.768333 0.147500 0.463333
2 0.051667 0.530000 0.020833 0.080000
3 0.051667 0.555000 0.009167 0.016667
3 0.273333 0.451667 0.009167 0.016667
2 0.593333 0.535000 0.015833 0.068333
3 0.713333 0.505000 0.013333 0.015000
3 0.371667 0.471667 0.014167 0.025000
3 0.334167 0.616667 0.009167 0.018333
3 0.100833 0.485000 0.015833 0.051667
3 0.039167 0.493333 0.009167 0.018333
2 0.102500 0.500000 0.026667 0.035000
2 0.163333 0.523333 0.015833 0.068333
3 0.124167 0.596667 0.010833 0.023333
2 0.643333 0.538333 0.014167 0.015000
2 0.180000 0.431667 0.045833 0.021667
2 0.370833 0.508333 0.020000 0.021667
2 0.381667 0.583333 0.021667 0.090000
2 0.204167 0.483333 0.013333 0.070000
3 0.326667 0.478333 0.010833 0.013333
2 0.293333 0.496667 0.026667 0.035000
3 0.147500 0.498333 0.008333 0.016667
3 0.425833 0.485000 0.007500 0.018333
2 0.373333 0.565000 0.015833 0.068333
3 0.520000 0.555000 0.010000 0.016667
2 0.223333 0.453333 0.058333 0.076667
2 0.158333 0.495000 0.009167 0.040000
3 0.207500 0.466667 0.008333 0.016667
2 0.329167 0.568333 0.011667 0.066667
3 0.592500 0.471667 0.007500 0.018333
2 0.457500 0.485000 0.020833 0.080000
3 0.048333 0.523333 0.008333 0.016667
2 0.485000 0.585000 0.023333 0.106667
2 0.091667 0.528333 0.017500 0.116667
2 0.405000 0.540000 0.058333 0.076667
2 0.462500 0.476667 0.010000 0.031667
2 0.100833 0.430000 0.035000 0.105000
3 0.581667 0.503333 0.007500 0.015000
2 0.717500 0.585000 0.010000 0.031667
3 0.689167 0.480000 0.013333 0.031667
2 0.324167 0.588333 0.020833 0.028333
3 0.305833 0.581667 0.007500 0.015000
3 0.495000 0.590000 0.009167 0.018333
2 0.762500 0.520000 0.045833 0.021667
3 0.337500 0.558333 0.009167 0.018333
3 0.803333 0.476667 0.007500 0.015000
2 0.614167 0.526667 0.026667 0.035000
2 0.610833 0.493333 0.014167 0.015000
2 0.290000 0.548333 0.022500 0.023333
3 0.498333 0.475000 0.013333 0.031667
3 0.106667 0.500000 0.008333 0.016667
3 0.526667 0.551667 0.013333 0.015000
2 0.195833 0.608333 0.010833 0.091667
2 0.311667 0.558333 0.020000 0.021667
3 0.130000 0.595000 0.007500 0.015000
3 0.136667 0.588333 0.014167 0.025000
3 0.491667 0.438333 0.010000 0.016667
2 0.579167 0.521667 0.026667 0.035000
3 0.049167 0.506667 0.007500 0.015000
3 0.544167 0.483333 0.007500 0.015000
3 0.827500 0.363333 0.010000 0.020000
2 0.525833 0.515000 0.021667 0.090000
2 0.335000 0.576667 0.013333 0.070000
3 0.705000 0.586667 0.010000 0.016667
2 0.811667 0.553333 0.011667 0.025000
3 0.236667 0.481667 0.006667 0.018333
2 0.475833 0.490000 0.020000 0.021667
3 0.369167 0.478333 0.006667 0.018333
2 0.610833 0.591667 0.023333 0.041667
2 0.117500 0.608333 0.020833 0.080000
2 0.175000 0.511667 0.010833 0.091667
2 0.505833 0.570000 0.027500 0.016667
2 0.525000 0.578333 0.023333 0.041667
2 0.168333 0.543333 0.009167 0.031667
3 0.160000 0.461667 0.010833 0.013333
3 0.196667 0.590000 0.007500 0.015000
2 0.802500 0.583333 0.014167 0.015000
3 0.272500 0.558333 0.011667 0.020000
3 0.533333 0.485000 0.011667 0.020000
2 0.342500 0.511667 0.023333 0.106667
2 0.024167 0.545000 0.022500 0.023333
3 0.563333 0.501667 0.008333 0.016667
3 0.449167 0.565000 0.010833 0.023333
2 0.479167 0.475000 0.011667 0.066667
3 0.786667 0.513333 0.009167 0.016667
2 0.629167 0.521667 0.034167 0.038333
2 0.285000 0.568333 0.029167 0.038333
2 0.375000 0.501667 0.034167 0.038333
2 0.805833 0.548333 0.011667 0.066667
2 0.429167 0.536667 0.022500 0.023333
2 0.296667 0.485000 0.023333 0.106667
2 0.751667 0.546667 0.023333 0.106667
3 0.452500 0.600000 0.009167 0.016667
3 0.228333 0.448333 0.009167 0.023333
2 0.802500 0.646667 0.034167 0.038333
3 0.478333 0.436667 0.007500 0.015000
2 0.800833 0.616667 0.034167 0.100000
3 0.200000 0.561667 0.007500 0.018333
2 0.021667 0.500000 0.044167 0.025000
3 0.019167 0.525000 0.011667 0.030000
2 0.223333 0.563333 0.022500 0.023333
2 0.355000 0.548333 0.020833 0.080000
2 0.730000 0.595000 0.010833 0.091667
3 0.514167 0.518333 0.011667 0.030000
2 0.765833 0.343333 0.048333 0.025000
3 0.341667 0.866667 0.010833 0.013333
3 0.275833 0.393333 0.007500 0.018333
3 0.365833 0.665000 0.008333 0.016667
2 0.766667 0.721667 0.013333 0.070000
3 0.645833 0.368333 0.009167 0.015000
2 0.679167 0.655000 0.034167 0.100000
2 0.285833 0.771667 0.023333 0.041667
2 0.760833 0.306667 0.009167 0.040000
3 0.315000 0.383333 0.007500 0.015000
3 0.303333 0.748333 0.006667 0.018333
3 0.782500 0.591667 0.014167 0.025000
2 0.705833 0.690000 0.010000 0.031667
3 0.727500 0.683333 0.009167 0.016667
2 0.339167 0.715000 0.020833 0.028333
3 0.692500 0.675000 0.017500 0.031667
3 0.629167 0.418333 0.008333 0.021667
2 0.740000 0.781667 0.010833 0.091667
2 0.667500 0.408333 0.009167 0.031667
2 0.635833 0.368333 0.048333 0.025000
3 0.265833 0.725000 0.011667 0.020000
3 0.552500 0.231667 0.011667 0.030000
3 0.702500 0.676667 0.011667 0.030000
2 0.744167 0.638333 0.019167 0.046667
2 0.315833 0.321667 0.020833 0.080000
2 0.443333 0.808333 0.011667 0.066667
3 0.780000 0.446667 0.013333 0.015000
3 0.768333 0.680000 0.007500 0.018333
3 0.313333 0.206667 0.009167 0.018333
2 0.766667 0.368333 0.030833 0.051667
2 0.710833 0.343333 0.010000 0.031667
3 0.679167 0.353333 0.007500 0.015000
2 0.703333 0.648333 0.020000 0.021667
3 0.687500 0.386667 0.009167 0.016667
3 0.305000 0.393333 0.009167 0.016667
2 0.775000 0.400000 0.010833 0.091667
2 0.482500 0.368333 0.034167 0.100000
3 0.720000 0.426667 0.007500 0.015000
2 0.397500 0.333333 0.009167 0.031667
2 0.695833 0.265000 0.009167 0.040000
3 0.663333 0.666667 0.007500 0.016667
3 0.288333 0.350000 0.010833 0.013333
3 0.483333 0.815000 0.008333 0.021667
3 0.703333 0.331667 0.010000 0.016667
3 0.662500 0.383333 0.008333 0.016667
3 0.274167 0.263333 0.009167 0.016667
3 0.450833 0.281667 0.007500 0.015000
2 0.654167 0.740000 0.034167 0.100000
2 0.466667 0.286667 0.034167 0.038333
2 0.491667 0.283333 0.045833 0.021667
2 0.606667 0.636667 0.034167 0.038333
2 0.305000 0.361667 0.023333 0.041667
2 0.304167 0.615000 0.023333 0.041667
2 0.722500 0.618333 0.022500 0.023333
3 0.785000 0.371667 0.009167 0.016667
2 0.685833 0.381667 0.011667 0.066667
2 0.801667 0.395000 0.010000 0.031667
2 0.350833 0.655000 0.011667 0.025000
2 0.460833 0.716667 0.020833 0.028333
2 0.444167 0.661667 0.030833 0.051667
3 0.665000 0.365000 0.009167 0.016667
3 0.304167 0.693333 0.014167 0.025000
2 0.758333 0.650000 0.048333 0.043333
3 0.496667 0.331667 0.008333 0.021667
2 0.280000 0.726667 0.022500 0.023333
3 0.752500 0.368333 0.010000 0.020000
3 0.779167 0.700000 0.007500 0.015000
2 0.600833 0.353333 0.021667 0.090000
3 0.337500 0.641667 0.009167 0.015000
3 0.685833 0.348333 0.008333 0.016667
3 0.795000 0.425000 0.006667 0.018333
3 0.652500 0.450000 0.011667 0.030000
2 0.730833 0.425000 0.009167 0.040000
3 0.781667 0.598333 0.007500 0.015000
3 0.770833 0.788333 0.017500 0.031667
3 0.540833 0.735000 0.006667 0.018333
2 0.632500 0.373333 0.009167 0.040000
3 0.523333 0.433333 0.011667 0.020000
3 0.324167 0.663333 0.011667 0.030000
2 0.776667 0.401667 0.019167 0.046667
3 0.278333 0.721667 0.010833 0.023333
3 0.797500 0.376667 0.017500 0.031667
2 0.273333 0.640000 0.020833 0.080000
3 0.280000 0.733333 0.008333 0.016667
3 0.303333 0.715000 0.007500 0.015000
3 0.789167 0.343333 0.008333 0.016667
3 0.481667 0.775000 0.007500 0.015000
2 0.700000 0.998333 0.048333 0.001667
2 0.383333 0.680000 0.020833 0.080000
3 0.515000 0.331667 0.011667 0.020000
2 0.581667 0.700000 0.045833 0.021667
2 0.308333 0.711667 0.058333 0.076667
3 0.341667 0.260000 0.009167 0.015000
3 0.541667 0.695000 0.009167 0.016667
2 0.642500 0.386667 0.045833 0.021667
2 0.667500 0.651667 0.011667 0.025000
2 0.591667 0.700000 0.019167 0.046667
3 0.331667 0.416667 0.010000 0.020000
2 0.430833 0.728333 0.029167 0.038333
2 0.261667 0.731667 0.034167 0.038333
2 0.645000 0.381667 0.010000 0.031667
2 0.315000 0.325000 0.045833 0.021667
2 0.705000 0.655000 0.019167 0.046667
2 0.609167 0.628333 0.019167 0.046667
2 0.469167 0.198333 0.048333 0.043333
3 0.276667 0.760000 0.008333 0.016667
3 0.505000 0.676667 0.009167 0.016667
3 0.176667 0.390000 0.007500 0.018333
3 0.763333 0.338333 0.007500 0.018333
2 0.571667 0.768333 0.026667 0.035000
2 0.385000 0.373333 0.029167 0.038333
2 0.790833 0.383333 0.019167 0.046667
2 0.445833 0.350000 0.011667 0.066667
2 0.688333 0.736667 0.022500 0.023333
3 0.690833 0.638333 0.010000 0.020000
2 0.580833 0.405000 0.009167 0.040000
3 0.482500 0.190000 0.007500 0.015000
3 0.680000 0.350000 0.006667 0.018333
2 0.780833 0.450000 0.034167 0.100000
3 0.346667 0.706667 0.013333 0.015000
2 0.638333 0.658333 0.021667 0.090000
2 0.687500 0.433333 0.048333 0.043333
2 0.669167 0.376667 0.020833 0.080000
3 0.765833 0.725000 0.008333 0.021667
3 0.738333 0.685000 0.009167 0.015000
2 0.345000 0.365000 0.020833 0.080000
2 0.410833 0.743333 0.017500 0.116667
3 0.667500 0.270000 0.013333 0.015000
2 0.401667 0.365000 0.048333 0.043333
3 0.728333 0.375000 0.010833 0.013333
2 0.485000 0.638333 0.010000 0.031667
2 0.395000 0.321667 0.014167 0.015000
2 0.456667 0.308333 0.034167 0.038333
3 0.636667 0.618333 0.007500 0.015000
3 0.560000 0.340000 0.007500 0.015000
3 0.514167 0.306667 0.010833 0.013333
3 0.490000 0.295000 0.010000 0.016667
2 0.246667 0.653333 0.011667 0.066667
2 0.645833 0.665000 0.017500 0.116667
3 0.710000 0.415000 0.009167 0.016667
2 0.457500 0.686667 0.020833 0.080000
2 0.776667 0.363333 0.035000 0.105000
3 0.313333 0.408333 0.009167 0.016667
3 0.790000 0.681667 0.009167 0.016667
2 0.690833 0.666667 0.010000 0.031667
3 0.630833 0.356667 0.008333 0.016667
2 0.758333 0.645000 0.045833 0.021667
3 0.272500 0.260000 0.013333 0.015000
2 0.585000 0.751667 0.023333 0.041667
2 0.707500 0.436667 0.020000 0.021667
2 0.303333 0.170000 0.048333 0.043333
3 0.285833 0.411667 0.013333 0.031667
2 0.655000 0.571667 0.058333 0.076667
2 0.708333 0.645000 0.020833 0.080000
3 0.805833 0.731667 0.011667 0.030000
2 0.787500 0.771667 0.010833 0.091667
2 0.485000 0.268333 0.009167 0.031667
3 0.293333 0.716667 0.010000 0.020000
3 0.708333 0.443333 0.017500 0.031667
2 0.574167 0.410000 0.009167 0.031667
3 0.489167 0.205000 0.007500 0.018333
3 0.541667 0.443333 0.010000 0.016667
3 0.241667 0.383333 0.015833 0.051667
3 0.736667 0.750000 0.017500 0.031667
2 0.690000 0.660000 0.020000 0.021667
3 0.795833 0.638333 0.010000 0.016667
3 0.281667 0.765000 0.009167 0.018333
2 0.668333 0.385000 0.035000 0.105000
3 0.544167 0.625000 0.009167 0.023333
3 0.778333 0.663333 0.009167 0.018333
3 0.745000 0.696667 0.014167 0.025000
3 0.440833 0.813333 0.010833 0.023333
3 0.320000 0.705000 0.008333 0.016667
3 0.508333 0.821667 0.007500 0.015000
3 0.745833 0.383333 0.007500 0.016667
3 0.695000 0.350000 0.008333 0.016667
2 0.285000 0.256667 0.019167 0.046667
2 0.225833 0.705000 0.010000 0.031667
3 0.570833 0.151667 0.007500 0.015000
3 0.795833 0.646667 0.011667 0.020000
2 0.294167 0.655000 0.048333 0.043333
3 0.460000 0.406667 0.009167 0.023333
3 0.486667 0.261667 0.009167 0.023333
3 0.690000 0.606667 0.006667 0.018333
2 0.380833 0.665000 0.048333 0.025000
3 0.664167 0.675000 0.015833 0.051667
2 0.744167 0.396667 0.026667 0.035000
2 0.635833 0.361667 0.029167 0.038333
2 0.260833 0.713333 0.045833 0.021667
3 0.816667 0.620000 0.010000 0.020000
3 0.204167 0.728333 0.008333 0.016667
2 0.664167 0.641667 0.020833 0.028333
3 0.481667 0.298333 0.010833 0.013333
3 0.697500 0.665000 0.009167 0.016667
2 0.515833 0.386667 0.058333 0.076667
3 0.440000 0.770000 0.013333 0.015000
2 0.289167 0.691667 0.009167 0.040000
3 0.701667 0.668333 0.006667 0.018333
