4 0.901667 0.550000 0.043333 0.040000
4 0.821667 0.426667 0.068333 0.121667
4 0.842500 0.455000 0.069167 0.186667
4 0.861667 0.638333 0.090833 0.126667
4 0.806667 0.590000 0.135000 0.280000
4 0.814167 0.576667 0.134167 0.046667
4 0.843333 0.640000 0.064167 0.113333
4 0.826667 0.510000 0.103333 0.145000
4 0.875833 0.560000 0.069167 0.128333
4 0.784167 0.491667 0.172500 0.080000
4 0.711667 0.598333 0.099167 0.245000
4 0.771667 0.511667 0.064167 0.026667
4 0.548333 0.438333 0.077500 0.111667
4 0.149167 0.473333 0.081667 0.123333
4 0.406667 0.653333 0.132500 0.223333
4 0.623333 0.511667 0.080833 0.021667
4 0.677500 0.600000 0.053333 0.111667
4 0.599167 0.558333 0.022500 0.058333
4 0.045000 0.576667 0.070000 0.171667
4 0.510833 0.493333 0.052500 0.078333
3 0.436667 0.540000 0.007500 0.015000
2 0.395000 0.506667 0.045833 0.021667
3 0.533333 0.505000 0.008333 0.016667
3 0.515000 0.505000 0.007500 0.015000
3 0.796667 0.475000 0.008333 0.016667
3 0.310833 0.518333 0.015833 0.051667
2 0.143333 0.545000 0.015833 0.068333
2 0.414167 0.483333 0.034167 0.038333
2 0.616667 0.543333 0.014167 0.015000
3 0.104167 0.485000 0.008333 0.021667
3 0.212500 0.565000 0.011667 0.030000
3 0.495000 0.526667 0.009167 0.016667
3 0.217500 0.466667 0.008333 0.016667
2 0.225833 0.443333 0.011667 0.066667
2 0.094167 0.546667 0.021667 0.090000
2 0.053333 0.505000 0.048333 0.043333
3 0.613333 0.441667 0.007500 0.018333
3 0.588333 0.580000 0.008333 0.021667
3 0.218333 0.465000 0.008333 0.016667
2 0.334167 0.491667 0.020833 0.028333
3 0.540833 0.553333 0.007500 0.016667
3 0.585000 0.471667 0.008333 0.016667
3 0.675000 0.518333 0.011667 0.020000
2 0.708333 0.568333 0.020833 0.080000
3 0.340000 0.518333 0.013333 0.031667
2 0.048333 0.531667 0.023333 0.106667
2 0.579167 0.491667 0.017500 0.116667
3 0.645000 0.576667 0.011667 0.030000
3 0.105833 0.573333 0.007500 0.018333
2 0.215833 0.480000 0.020833 0.028333
2 0.383333 0.500000 0.010833 0.091667
2 0.726667 0.541667 0.010833 0.091667
2 0.775833 0.556667 0.019167 0.046667
2 0.755000 0.620000 0.010833 0.091667
3 0.440000 0.580000 0.008333 0.016667
3 0.173333 0.578333 0.007500 0.015000
2 0.230833 0.471667 0.014167 0.015000
2 0.684167 0.511667 0.014167 0.015000
3 0.500000 0.561667 0.013333 0.031667
2 0.240833 0.495000 0.020000 0.021667
2 0.203333 0.503333 0.045833 0.021667
2 0.198333 0.473333 0.020833 0.080000
2 0.075833 0.608333 0.034167 0.100000
2 0.381667 0.486667 0.026667 0.035000
2 0.682500 0.566667 0.048333 0.025000
3 0.569167 0.591667 0.008333 0.016667
2 0.319167 0.590000 0.022500 0.023333
3 0.126667 0.521667 0.014167 0.025000
2 0.717500 0.510000 0.030833 0.051667
3 0.435833 0.520000 0.008333 0.016667
2 0.365833 0.538333 0.022500 0.023333
2 0.824167 0.546667 0.013333 0.070000
2 0.411667 0.513333 0.058333 0.076667
3 0.230833 0.451667 0.011667 0.030000
2 0.605833 0.576667 0.011667 0.066667
2 0.020833 0.573333 0.020833 0.028333
3 0.269167 0.516667 0.007500 0.018333
3 0.415833 0.471667 0.009167 0.016667
3 0.610833 0.465000 0.010000 0.016667
3 0.749167 0.505000 0.008333 0.016667
3 0.062500 0.558333 0.007500 0.016667
3 0.603333 0.576667 0.014167 0.025000
3 0.468333 0.586667 0.008333 0.016667
3 0.561667 0.540000 0.007500 0.018333
2 0.604167 0.610000 0.017500 0.116667
3 0.065000 0.553333 0.009167 0.016667
2 0.580000 0.535000 0.017500 0.116667
2 0.019167 0.520000 0.034167 0.038333
2 0.145000 0.601667 0.022500 0.023333
3 0.685833 0.551667 0.009167 0.018333
3 0.576667 0.528333 0.007500 0.016667
2 0.465000 0.568333 0.020833 0.080000
3 0.565833 0.506667 0.009167 0.016667
2 0.269167 0.518333 0.013333 0.070000
2 0.580000 0.536667 0.020833 0.080000
2 0.270000 0.606667 0.021667 0.090000
2 0.209167 0.488333 0.030833 0.051667
2 0.065000 0.523333 0.015833 0.068333
2 0.762500 0.460000 0.014167 0.015000
3 0.175833 0.480000 0.013333 0.015000
2 0.605000 0.415000 0.020833 0.080000
2 0.669167 0.505000 0.048333 0.043333
2 0.230833 0.585000 0.048333 0.025000
3 0.079167 0.460000 0.010000 0.020000
2 0.630833 0.451667 0.020833 0.080000
2 0.655833 0.565000 0.058333 0.076667
3 0.036667 0.583333 0.007500 0.018333
3 0.139167 0.446667 0.006667 0.018333
3 0.268333 0.450000 0.010833 0.013333
2 0.552500 0.503333 0.029167 0.038333
2 0.554167 0.535000 0.020833 0.080000
2 0.024167 0.463333 0.019167 0.046667
3 0.508333 0.470000 0.006667 0.018333
2 0.365000 0.486667 0.009167 0.031667
2 0.375833 0.586667 0.020833 0.028333
3 0.231667 0.443333 0.008333 0.016667
2 0.368333 0.546667 0.027500 0.016667
3 0.673333 0.546667 0.007500 0.015000
3 0.179167 0.488333 0.008333 0.021667
2 0.379167 0.596667 0.022500 0.023333
2 0.268333 0.551667 0.034167 0.100000
2 0.292500 0.501667 0.097500 0.053333
2 0.702500 0.355000 0.034167 0.100000
2 0.229167 0.391667 0.011667 0.025000
2 0.682500 0.310000 0.021667 0.090000
3 0.316667 0.790000 0.007500 0.015000
2 0.480000 0.345000 0.020833 0.080000
3 0.713333 0.675000 0.007500 0.018333
3 0.245833 0.655000 0.017500 0.031667
3 0.300833 0.383333 0.007500 0.015000
3 0.596667 0.715000 0.009167 0.015000
2 0.745000 0.411667 0.010833 0.091667
2 0.625833 0.620000 0.020833 0.080000
2 0.242500 0.663333 0.030833 0.051667
3 0.465000 0.298333 0.017500 0.031667
3 0.293333 0.728333 0.008333 0.016667
3 0.689167 0.281667 0.007500 0.015000
2 0.265833 0.330000 0.023333 0.041667
2 0.265833 0.760000 0.010833 0.091667
2 0.315833 0.791667 0.020833 0.080000
2 0.729167 0.360000 0.009167 0.040000
2 0.533333 0.761667 0.013333 0.070000
3 0.657500 0.326667 0.010000 0.016667
2 0.548333 0.648333 0.011667 0.025000
3 0.678333 0.351667 0.009167 0.023333
2 0.671667 0.633333 0.020833 0.080000
3 0.677500 0.426667 0.011667 0.030000
3 0.461667 0.698333 0.010833 0.013333
2 0.590833 0.755000 0.010000 0.031667
2 0.612500 0.361667 0.030833 0.051667
3 0.407500 0.726667 0.006667 0.018333
2 0.235000 0.231667 0.022500 0.023333
3 0.637500 0.351667 0.013333 0.015000
3 0.327500 0.718333 0.015833 0.051667
2 0.745833 0.440000 0.013333 0.070000
3 0.316667 0.253333 0.008333 0.016667
3 0.368333 0.433333 0.008333 0.016667
2 0.652500 0.613333 0.045833 0.021667
2 0.688333 0.696667 0.045833 0.021667
3 0.314167 0.660000 0.007500 0.018333
3 0.298333 0.735000 0.009167 0.015000
3 0.554167 0.710000 0.010000 0.020000
2 0.417500 0.751667 0.058333 0.076667
2 0.769167 0.398333 0.020833 0.080000
2 0.623333 0.443333 0.048333 0.025000
2 0.790833 0.710000 0.020833 0.028333
3 0.318333 0.280000 0.007500 0.015000
3 0.450000 0.716667 0.009167 0.023333
3 0.626667 0.328333 0.009167 0.016667
2 0.431667 0.763333 0.045833 0.021667
3 0.726667 0.345000 0.007500 0.016667
3 0.340000 0.303333 0.009167 0.018333
2 0.660833 0.611667 0.029167 0.038333
3 0.679167 0.421667 0.007500 0.016667
2 0.416667 0.378333 0.030833 0.051667
2 0.565000 0.280000 0.010833 0.091667
3 0.240000 0.370000 0.010000 0.016667
3 0.715000 0.645000 0.013333 0.031667
3 0.278333 0.721667 0.010833 0.023333
3 0.696667 0.353333 0.010833 0.013333
3 0.690833 0.376667 0.009167 0.018333
2 0.636667 0.393333 0.026667 0.035000
2 0.700833 0.433333 0.010833 0.091667
2 0.545000 0.238333 0.034167 0.100000
2 0.477500 0.385000 0.026667 0.035000
3 0.569167 0.631667 0.013333 0.015000
2 0.320833 0.418333 0.021667 0.090000
2 0.786667 0.371667 0.034167 0.038333
3 0.636667 0.621667 0.008333 0.016667
3 0.314167 0.393333 0.010000 0.020000
3 0.766667 0.675000 0.010833 0.013333
3 0.695000 0.638333 0.008333 0.016667
2 0.506667 0.655000 0.034167 0.038333
3 0.805833 0.633333 0.009167 0.016667
3 0.703333 0.405000 0.009167 0.015000
3 0.750000 0.643333 0.007500 0.018333
2 0.548333 0.235000 0.035000 0.105000
2 0.643333 0.616667 0.014167 0.015000
2 0.453333 0.115000 0.045833 0.021667
2 0.309167 0.335000 0.034167 0.038333
2 0.411667 0.383333 0.030833 0.051667
3 0.271667 0.655000 0.006667 0.018333
3 0.822500 0.370000 0.006667 0.018333
2 0.545833 0.638333 0.015833 0.068333
2 0.748333 0.378333 0.048333 0.043333
2 0.345000 0.628333 0.097500 0.053333
3 0.820833 0.370000 0.009167 0.016667
3 0.692500 0.291667 0.015833 0.051667
3 0.700000 0.658333 0.009167 0.016667
3 0.677500 0.341667 0.013333 0.031667
2 0.794167 0.711667 0.010000 0.031667
3 0.674167 0.715000 0.010833 0.013333
2 0.681667 0.635000 0.027500 0.016667
3 0.309167 0.308333 0.007500 0.015000
3 0.690000 0.641667 0.008333 0.016667
2 0.242500 0.360000 0.014167 0.015000
2 0.520000 0.631667 0.058333 0.076667
2 0.311667 0.686667 0.013333 0.070000
2 0.743333 0.396667 0.048333 0.043333
3 0.474167 0.806667 0.013333 0.031667
2 0.717500 0.746667 0.020833 0.080000
3 0.690833 0.625000 0.007500 0.016667
2 0.447500 0.421667 0.020833 0.080000
3 0.235833 0.636667 0.006667 0.018333
3 0.785833 0.348333 0.009167 0.018333
3 0.660833 0.446667 0.010000 0.016667
3 0.720000 0.431667 0.008333 0.021667
2 0.551667 0.651667 0.019167 0.046667
2 0.631667 0.631667 0.009167 0.040000
3 0.558333 0.428333 0.011667 0.020000
3 0.425000 0.665000 0.009167 0.016667
3 0.270000 0.740000 0.009167 0.016667
2 0.748333 0.420000 0.023333 0.041667
2 0.641667 0.338333 0.020833 0.028333
2 0.166667 0.628333 0.020833 0.028333
3 0.284167 0.336667 0.009167 0.023333
3 0.695833 0.343333 0.007500 0.015000
2 0.687500 0.316667 0.048333 0.043333
3 0.516667 0.790000 0.007500 0.015000
2 0.443333 0.741667 0.027500 0.016667
2 0.245833 0.675000 0.014167 0.015000
2 0.760000 0.718333 0.020000 0.021667
3 0.730833 0.363333 0.009167 0.016667
2 0.690833 0.396667 0.021667 0.090000
3 0.290000 0.710000 0.007500 0.015000
3 0.713333 0.675000 0.007500 0.018333
3 0.452500 0.785000 0.013333 0.015000
3 0.515000 0.795000 0.011667 0.030000
3 0.355000 0.366667 0.010000 0.016667
3 0.580000 0.648333 0.009167 0.023333
2 0.540000 0.998333 0.009167 0.001667
3 0.509167 0.343333 0.009167 0.018333
2 0.517500 0.355000 0.034167 0.038333
2 0.485000 0.346667 0.013333 0.070000
3 0.276667 0.773333 0.009167 0.023333
2 0.228333 0.400000 0.026667 0.035000
2 0.622500 0.673333 0.045833 0.021667
3 0.342500 0.773333 0.007500 0.018333
2 0.335833 0.856667 0.023333 0.106667
3 0.485000 0.678333 0.013333 0.015000
2 0.677500 0.603333 0.009167 0.040000
2 0.348333 0.681667 0.048333 0.025000
3 0.490833 0.305000 0.009167 0.015000
3 0.774167 0.423333 0.013333 0.031667
3 0.483333 0.300000 0.007500 0.015000
2 0.701667 0.383333 0.009167 0.031667
3 0.456667 0.205000 0.007500 0.018333
3 0.327500 0.803333 0.011667 0.020000
3 0.710000 0.998333 0.009167 0.001667
2 0.387500 0.738333 0.048333 0.025000
3 0.656667 0.403333 0.007500 0.015000
3 0.356667 0.773333 0.013333 0.031667
3 0.321667 0.343333 0.010000 0.020000
3 0.314167 0.456667 0.010000 0.020000
3 0.442500 0.346667 0.010833 0.023333
3 0.699167 0.690000 0.007500 0.018333
2 0.742500 0.663333 0.023333 0.106667
3 0.775833 0.413333 0.009167 0.015000
2 0.785833 0.635000 0.048333 0.043333
3 0.343333 0.650000 0.013333 0.015000
3 0.486667 0.278333 0.009167 0.023333
3 0.693333 0.371667 0.015833 0.051667
2 0.305000 0.755000 0.034167 0.038333
3 0.649167 0.670000 0.011667 0.020000
3 0.746667 0.306667 0.009167 0.015000
3 0.540833 0.660000 0.015833 0.051667
2 0.636667 0.388333 0.045833 0.021667
2 0.698333 0.800000 0.023333 0.106667
3 0.368333 0.676667 0.007500 0.015000
3 0.429167 0.750000 0.009167 0.018333
3 0.533333 0.363333 0.007500 0.016667
2 0.493333 0.300000 0.020000 0.021667
3 0.315000 0.383333 0.007500 0.018333
2 0.465000 0.345000 0.022500 0.023333
2 0.709167 0.320000 0.020833 0.028333
2 0.367500 0.368333 0.045833 0.021667
3 0.697500 0.620000 0.007500 0.015000
2 0.338333 0.690000 0.011667 0.066667
2 0.766667 0.586667 0.011667 0.025000
3 0.706667 0.598333 0.010833 0.013333
2 0.507500 0.831667 0.009167 0.031667
2 0.443333 0.353333 0.015833 0.068333
2 0.545833 0.313333 0.010000 0.031667
2 0.681667 0.328333 0.019167 0.046667
3 0.690000 0.643333 0.017500 0.031667
3 0.545833 0.240000 0.006667 0.018333
3 0.776667 0.705000 0.009167 0.016667
3 0.758333 0.630000 0.007500 0.015000
2 0.570000 0.293333 0.019167 0.046667
2 0.290000 0.623333 0.058333 0.076667
3 0.467500 0.648333 0.017500 0.031667
3 0.475833 0.170000 0.009167 0.023333
3 0.731667 0.720000 0.007500 0.018333
3 0.722500 0.448333 0.008333 0.021667
2 0.325000 0.376667 0.020833 0.080000
3 0.222500 0.636667 0.010833 0.013333
2 0.628333 0.640000 0.035000 0.105000
3 0.358333 0.405000 0.015833 0.051667
3 0.644167 0.711667 0.008333 0.016667
2 0.284167 0.241667 0.022500 0.023333
