4 0.847500 0.381667 0.041667 0.085000
4 0.820000 0.691667 0.135833 0.123333
4 0.810833 0.426667 0.165000 0.293333
4 0.840833 0.463333 0.069167 0.031667
4 0.860833 0.471667 0.060833 0.115000
4 0.827500 0.481667 0.205833 0.101667
4 0.816667 0.401667 0.136667 0.156667
4 0.850833 0.465000 0.067500 0.170000
4 0.885000 0.613333 0.071667 0.085000
4 0.860000 0.713333 0.055833 0.123333
4 0.661667 0.615000 0.077500 0.215000
4 0.472500 0.626667 0.165833 0.185000
4 0.770000 0.466667 0.073333 0.071667
4 0.245000 0.545000 0.090833 0.061667
4 0.577500 0.520000 0.057500 0.068333
4 0.480000 0.536667 0.046667 0.056667
4 0.489167 0.475000 0.084167 0.153333
4 0.323333 0.491667 0.144167 0.156667
4 0.088333 0.501667 0.140000 0.065000
4 0.521667 0.586667 0.051667 0.115000
3 0.343333 0.456667 0.010833 0.013333
3 0.204167 0.605000 0.013333 0.031667
2 0.285833 0.518333 0.013333 0.070000
3 0.687500 0.561667 0.015833 0.051667
3 0.350833 0.455000 0.009167 0.016667
2 0.174167 0.540000 0.010000 0.031667
2 0.701667 0.575000 0.015833 0.068333
3 0.222500 0.490000 0.009167 0.016667
2 0.549167 0.548333 0.019167 0.046667
3 0.510833 0.538333 0.015833 0.051667
2 0.348333 0.546667 0.021667 0.090000
3 0.025833 0.456667 0.014167 0.025000
2 0.512500 0.533333 0.014167 0.015000
3 0.472500 0.483333 0.008333 0.016667
2 0.650000 0.586667 0.020000 0.021667
3 0.827500 0.633333 0.007500 0.015000
2 0.762500 0.480000 0.023333 0.106667
3 0.234167 0.493333 0.009167 0.015000
3 0.245000 0.516667 0.009167 0.016667
3 0.047500 0.463333 0.008333 0.016667
2 0.222500 0.548333 0.027500 0.016667
3 0.600833 0.626667 0.011667 0.020000
3 0.155833 0.440000 0.010000 0.020000
2 0.617500 0.430000 0.009167 0.040000
3 0.575833 0.516667 0.010000 0.020000
3 0.501667 0.480000 0.009167 0.016667
3 0.460000 0.495000 0.006667 0.018333
2 0.216667 0.531667 0.021667 0.090000
3 0.637500 0.468333 0.011667 0.020000
2 0.681667 0.518333 0.048333 0.025000
2 0.059167 0.521667 0.026667 0.035000
2 0.244167 0.478333 0.017500 0.116667
2 0.288333 0.538333 0.009167 0.040000
3 0.165833 0.518333 0.011667 0.020000
3 0.808333 0.493333 0.006667 0.018333
3 0.338333 0.516667 0.008333 0.016667
2 0.647500 0.548333 0.017500 0.116667
3 0.777500 0.560000 0.008333 0.016667
3 0.279167 0.466667 0.015833 0.051667
3 0.494167 0.468333 0.008333 0.016667
2 0.148333 0.505000 0.048333 0.043333
3 0.816667 0.518333 0.007500 0.015000
2 0.607500 0.453333 0.019167 0.046667
2 0.549167 0.528333 0.009167 0.031667
3 0.349167 0.528333 0.009167 0.016667
2 0.770833 0.570000 0.023333 0.106667
2 0.330833 0.555000 0.030833 0.051667
3 0.610833 0.500000 0.008333 0.016667
2 0.449167 0.548333 0.009167 0.031667
3 0.305000 0.508333 0.007500 0.015000
3 0.786667 0.466667 0.013333 0.031667
2 0.384167 0.513333 0.023333 0.106667
2 0.420000 0.501667 0.020833 0.028333
3 0.480000 0.426667 0.009167 0.016667
2 0.661667 0.516667 0.014167 0.015000
3 0.602500 0.503333 0.008333 0.016667
3 0.655833 0.486667 0.007500 0.018333
2 0.650833 0.453333 0.048333 0.043333
3 0.263333 0.565000 0.013333 0.031667
2 0.323333 0.585000 0.011667 0.025000
3 0.579167 0.480000 0.010833 0.013333
2 0.034167 0.505000 0.020833 0.080000
2 0.265000 0.536667 0.011667 0.025000
2 0.066667 0.460000 0.009167 0.040000
3 0.311667 0.530000 0.009167 0.015000
2 0.239167 0.513333 0.011667 0.066667
3 0.546667 0.528333 0.010833 0.023333
2 0.471667 0.423333 0.011667 0.066667
3 0.809167 0.598333 0.009167 0.023333
3 0.586667 0.468333 0.009167 0.015000
2 0.059167 0.613333 0.034167 0.100000
3 0.271667 0.535000 0.009167 0.015000
2 0.741667 0.510000 0.020833 0.080000
3 0.634167 0.541667 0.011667 0.020000
3 0.787500 0.576667 0.008333 0.016667
3 0.640000 0.543333 0.011667 0.020000
2 0.482500 0.556667 0.035000 0.105000
3 0.363333 0.543333 0.010833 0.013333
3 0.400000 0.543333 0.009167 0.023333
2 0.601667 0.630000 0.020833 0.080000
2 0.740833 0.528333 0.026667 0.035000
2 0.571667 0.533333 0.022500 0.023333
3 0.577500 0.513333 0.009167 0.018333
3 0.369167 0.513333 0.011667 0.030000
2 0.450833 0.465000 0.035000 0.105000
2 0.196667 0.558333 0.009167 0.031667
3 0.475000 0.546667 0.009167 0.016667
3 0.523333 0.538333 0.007500 0.015000
3 0.436667 0.508333 0.008333 0.016667
2 0.315000 0.528333 0.020000 0.021667
3 0.077500 0.573333 0.007500 0.018333
3 0.128333 0.561667 0.011667 0.020000
2 0.146667 0.615000 0.009167 0.031667
2 0.680833 0.530000 0.011667 0.025000
3 0.612500 0.531667 0.007500 0.018333
2 0.395833 0.563333 0.015833 0.068333
3 0.235833 0.516667 0.007500 0.018333
2 0.220833 0.535000 0.011667 0.025000
2 0.605000 0.470000 0.009167 0.031667
3 0.078333 0.540000 0.009167 0.018333
3 0.257500 0.575000 0.009167 0.016667
2 0.740000 0.506667 0.017500 0.116667
2 0.637500 0.368333 0.058333 0.076667
3 0.670833 0.410000 0.009167 0.023333
3 0.505000 0.821667 0.017500 0.031667
2 0.288333 0.715000 0.020000 0.021667
3 0.650833 0.335000 0.010833 0.023333
2 0.763333 0.283333 0.020833 0.080000
2 0.645833 0.605000 0.097500 0.053333
3 0.658333 0.361667 0.013333 0.031667
2 0.727500 0.253333 0.020833 0.028333
3 0.677500 0.418333 0.010833 0.013333
3 0.467500 0.265000 0.008333 0.021667
2 0.742500 0.371667 0.035000 0.105000
3 0.714167 0.608333 0.013333 0.031667
3 0.375000 0.680000 0.009167 0.023333
2 0.649167 0.405000 0.034167 0.038333
3 0.702500 0.718333 0.009167 0.016667
2 0.779167 0.356667 0.023333 0.041667
3 0.726667 0.450000 0.009167 0.016667
2 0.786667 0.331667 0.035000 0.105000
2 0.280000 0.666667 0.013333 0.070000
2 0.561667 0.776667 0.030833 0.051667
3 0.782500 0.450000 0.007500 0.018333
3 0.779167 0.645000 0.009167 0.016667
2 0.265833 0.673333 0.022500 0.023333
3 0.756667 0.333333 0.009167 0.016667
2 0.695000 0.716667 0.027500 0.016667
3 0.225833 0.706667 0.010000 0.016667
2 0.470833 0.330000 0.011667 0.025000
3 0.719167 0.645000 0.008333 0.021667
3 0.767500 0.368333 0.007500 0.015000
3 0.333333 0.375000 0.014167 0.025000
2 0.721667 0.618333 0.020000 0.021667
3 0.558333 0.663333 0.007500 0.015000
3 0.797500 0.735000 0.009167 0.015000
3 0.550833 0.708333 0.007500 0.015000
3 0.515833 0.630000 0.010833 0.013333
2 0.332500 0.368333 0.010833 0.091667
3 0.185000 0.651667 0.009167 0.016667
3 0.405000 0.348333 0.014167 0.025000
2 0.446667 0.286667 0.097500 0.053333
3 0.450000 0.281667 0.010000 0.016667
3 0.513333 0.198333 0.008333 0.016667
2 0.763333 0.375000 0.035000 0.105000
2 0.661667 0.378333 0.011667 0.066667
2 0.441667 0.376667 0.020833 0.028333
3 0.530000 0.290000 0.007500 0.015000
2 0.560000 0.235000 0.020833 0.028333
2 0.308333 0.485000 0.021667 0.090000
3 0.389167 0.671667 0.013333 0.015000
2 0.689167 0.618333 0.011667 0.025000
3 0.484167 0.786667 0.017500 0.031667
2 0.602500 0.391667 0.034167 0.100000
3 0.405833 0.798333 0.006667 0.018333
2 0.705833 0.418333 0.014167 0.015000
2 0.752500 0.596667 0.009167 0.040000
3 0.238333 0.763333 0.011667 0.020000
3 0.703333 0.725000 0.011667 0.030000
3 0.351667 0.740000 0.008333 0.016667
3 0.589167 0.745000 0.010000 0.020000
2 0.798333 0.360000 0.011667 0.066667
2 0.446667 0.368333 0.048333 0.043333
2 0.645000 0.400000 0.048333 0.025000
3 0.516667 0.330000 0.007500 0.018333
2 0.755000 0.583333 0.058333 0.076667
3 0.429167 0.751667 0.009167 0.016667
2 0.669167 0.355000 0.014167 0.015000
3 0.308333 0.405000 0.006667 0.018333
2 0.437500 0.878333 0.019167 0.046667
2 0.385000 0.355000 0.011667 0.066667
3 0.521667 0.403333 0.009167 0.015000
2 0.740833 0.358333 0.045833 0.021667
2 0.777500 0.376667 0.058333 0.076667
2 0.210833 0.641667 0.022500 0.023333
2 0.804167 0.385000 0.029167 0.038333
2 0.631667 0.460000 0.030833 0.051667
3 0.338333 0.371667 0.009167 0.016667
2 0.315833 0.666667 0.020833 0.080000
3 0.465000 0.278333 0.008333 0.016667
3 0.485833 0.751667 0.010000 0.020000
3 0.789167 0.345000 0.007500 0.018333
2 0.667500 0.396667 0.048333 0.043333
3 0.462500 0.311667 0.010833 0.023333
2 0.556667 0.458333 0.010833 0.091667
2 0.693333 0.385000 0.010833 0.091667
3 0.566667 0.730000 0.010833 0.013333
2 0.755000 0.583333 0.058333 0.076667
3 0.730833 0.650000 0.009167 0.018333
2 0.600000 0.361667 0.034167 0.100000
3 0.710000 0.258333 0.009167 0.016667
3 0.330000 0.711667 0.010833 0.023333
3 0.406667 0.705000 0.009167 0.018333
3 0.786667 0.375000 0.009167 0.018333
2 0.285000 0.118333 0.011667 0.025000
2 0.743333 0.373333 0.014167 0.015000
2 0.653333 0.653333 0.045833 0.021667
3 0.313333 0.378333 0.008333 0.021667
3 0.715833 0.640000 0.010833 0.013333
3 0.779167 0.663333 0.007500 0.018333
3 0.539167 0.356667 0.009167 0.023333
2 0.480833 0.368333 0.010833 0.091667
3 0.535000 0.415000 0.008333 0.021667
2 0.492500 0.668333 0.034167 0.038333
3 0.319167 0.358333 0.009167 0.016667
3 0.714167 0.416667 0.008333 0.016667
3 0.512500 0.303333 0.014167 0.025000
2 0.685000 0.641667 0.021667 0.090000
3 0.752500 0.335000 0.008333 0.016667
2 0.774167 0.421667 0.011667 0.025000
2 0.342500 0.225000 0.011667 0.025000
2 0.377500 0.385000 0.026667 0.035000
2 0.226667 0.831667 0.020833 0.080000
3 0.678333 0.626667 0.008333 0.021667
3 0.779167 0.348333 0.011667 0.020000
2 0.306667 0.268333 0.023333 0.041667
2 0.550000 0.680000 0.010000 0.031667
3 0.788333 0.645000 0.010833 0.023333
3 0.731667 0.666667 0.017500 0.031667
2 0.546667 0.658333 0.034167 0.038333
2 0.461667 0.780000 0.048333 0.025000
2 0.727500 0.645000 0.020833 0.080000
2 0.790000 0.375000 0.009167 0.040000
3 0.686667 0.645000 0.009167 0.016667
2 0.441667 0.810000 0.010000 0.031667
3 0.539167 0.646667 0.007500 0.016667
3 0.693333 0.635000 0.010833 0.013333
2 0.620000 0.391667 0.045833 0.021667
2 0.826667 0.408333 0.020000 0.021667
3 0.535833 0.736667 0.008333 0.016667
3 0.273333 0.665000 0.007500 0.016667
3 0.407500 0.355000 0.009167 0.018333
2 0.373333 0.710000 0.023333 0.106667
3 0.656667 0.666667 0.007500 0.015000
2 0.226667 0.378333 0.020833 0.028333
2 0.775000 0.383333 0.023333 0.106667
3 0.572500 0.633333 0.009167 0.016667
3 0.574167 0.740000 0.013333 0.015000
2 0.727500 0.658333 0.020833 0.080000
2 0.193333 0.670000 0.026667 0.035000
2 0.287500 0.720000 0.048333 0.043333
3 0.483333 0.720000 0.009167 0.016667
2 0.454167 0.656667 0.011667 0.025000
3 0.407500 0.356667 0.009167 0.016667
2 0.717500 0.690000 0.048333 0.043333
3 0.447500 0.678333 0.010833 0.023333
3 0.515000 0.823333 0.007500 0.015000
3 0.718333 0.370000 0.009167 0.016667
3 0.778333 0.653333 0.006667 0.018333
3 0.341667 0.665000 0.013333 0.015000
3 0.735833 0.656667 0.009167 0.016667
3 0.643333 0.405000 0.009167 0.016667
2 0.672500 0.356667 0.034167 0.100000
2 0.454167 0.306667 0.009167 0.031667
3 0.740833 0.413333 0.009167 0.016667
3 0.631667 0.641667 0.017500 0.031667
3 0.645833 0.336667 0.011667 0.020000
2 0.323333 0.873333 0.048333 0.025000
2 0.642500 0.323333 0.014167 0.015000
3 0.311667 0.606667 0.007500 0.016667
3 0.510000 0.736667 0.009167 0.015000
3 0.677500 0.710000 0.007500 0.015000
2 0.283333 0.725000 0.027500 0.016667
3 0.570000 0.670000 0.007500 0.015000
2 0.742500 0.390000 0.017500 0.116667
2 0.729167 0.703333 0.019167 0.046667
2 0.675000 0.681667 0.030833 0.051667
3 0.606667 0.311667 0.010000 0.020000
2 0.676667 0.665000 0.020833 0.028333
2 0.301667 0.690000 0.021667 0.090000
3 0.656667 0.405000 0.007500 0.018333
3 0.305000 0.325000 0.009167 0.023333
3 0.270000 0.865000 0.009167 0.016667
2 0.549167 0.363333 0.034167 0.038333
3 0.675833 0.373333 0.011667 0.030000
2 0.591667 0.665000 0.030833 0.051667
2 0.488333 0.660000 0.029167 0.038333
2 0.301667 0.708333 0.019167 0.046667
3 0.538333 0.316667 0.010833 0.023333
3 0.550000 0.648333 0.015833 0.051667
3 0.365833 0.676667 0.013333 0.015000
3 0.697500 0.378333 0.017500 0.031667
3 0.522500 0.351667 0.011667 0.020000
2 0.508333 0.410000 0.048333 0.043333
3 0.691667 0.713333 0.007500 0.018333
2 0.330000 0.400000 0.011667 0.025000
2 0.313333 0.226667 0.011667 0.025000
2 0.678333 0.330000 0.009167 0.040000
3 0.580000 0.761667 0.009167 0.023333
3 0.488333 0.296667 0.013333 0.031667
3 0.394167 0.358333 0.010000 0.016667
2 0.717500 0.635000 0.022500 0.023333
2 0.624167 0.626667 0.020833 0.080000
3 0.375833 0.318333 0.010000 0.020000
3 0.765000 0.365000 0.008333 0.016667
3 0.465833 0.845000 0.008333 0.016667
2 0.687500 0.348333 0.045833 0.021667
2 0.674167 0.266667 0.048333 0.043333
2 0.749167 0.611667 0.045833 0.021667
3 0.531667 0.373333 0.009167 0.018333
