4 0.731667 0.376667 0.207500 0.286667
4 0.861667 0.518333 0.075000 0.121667
4 0.828333 0.445000 0.186667 0.160000
4 0.865833 0.466667 0.093333 0.171667
4 0.808333 0.620000 0.196667 0.113333
4 0.780833 0.418333 0.141667 0.193333
4 0.784167 0.678333 0.160833 0.168333
4 0.840833 0.671667 0.101667 0.126667
4 0.748333 0.578333 0.241667 0.160000
4 0.820833 0.571667 0.091667 0.195000
4 0.534167 0.555000 0.036667 0.073333
4 0.335833 0.515000 0.082500 0.065000
4 0.128333 0.560000 0.100833 0.061667
4 0.229167 0.500000 0.058333 0.045000
4 0.391667 0.506667 0.107500 0.030000
4 0.113333 0.481667 0.100833 0.025000
4 0.020833 0.461667 0.041667 0.055000
4 0.676667 0.631667 0.104167 0.186667
4 0.178333 0.516667 0.236667 0.073333
4 0.751667 0.620000 0.083333 0.173333
3 0.502500 0.470000 0.008333 0.021667
3 0.320000 0.496667 0.008333 0.016667
3 0.105000 0.551667 0.013333 0.031667
3 0.481667 0.430000 0.007500 0.018333
2 0.265833 0.575000 0.027500 0.016667
3 0.810000 0.466667 0.008333 0.016667
2 0.408333 0.463333 0.011667 0.025000
2 0.105000 0.503333 0.021667 0.090000
2 0.775833 0.543333 0.013333 0.070000
3 0.244167 0.468333 0.011667 0.030000
3 0.575000 0.568333 0.017500 0.031667
3 0.620000 0.523333 0.008333 0.016667
2 0.315000 0.573333 0.027500 0.016667
3 0.667500 0.481667 0.009167 0.016667
2 0.692500 0.531667 0.048333 0.043333
3 0.455833 0.566667 0.007500 0.015000
2 0.459167 0.468333 0.011667 0.066667
3 0.170833 0.551667 0.013333 0.031667
2 0.428333 0.498333 0.020833 0.028333
2 0.451667 0.586667 0.021667 0.090000
3 0.359167 0.556667 0.009167 0.023333
2 0.233333 0.448333 0.010000 0.031667
3 0.339167 0.538333 0.009167 0.016667
3 0.660833 0.520000 0.015833 0.051667
3 0.340000 0.473333 0.007500 0.015000
2 0.821667 0.335000 0.015833 0.068333
3 0.328333 0.440000 0.007500 0.015000
3 0.360833 0.570000 0.008333 0.016667
3 0.250000 0.488333 0.007500 0.018333
2 0.740833 0.445000 0.029167 0.038333
2 0.737500 0.470000 0.026667 0.035000
3 0.235000 0.485000 0.006667 0.018333
2 0.226667 0.538333 0.010000 0.031667
2 0.127500 0.470000 0.023333 0.106667
3 0.525000 0.475000 0.013333 0.031667
3 0.732500 0.466667 0.017500 0.031667
3 0.347500 0.551667 0.008333 0.016667
3 0.069167 0.561667 0.009167 0.023333
2 0.427500 0.631667 0.022500 0.023333
2 0.085000 0.543333 0.026667 0.035000
2 0.818333 0.578333 0.020000 0.021667
2 0.734167 0.500000 0.030833 0.051667
2 0.470833 0.460000 0.020000 0.021667
3 0.664167 0.501667 0.007500 0.015000
3 0.124167 0.576667 0.010000 0.016667
2 0.817500 0.616667 0.013333 0.070000
2 0.233333 0.536667 0.015833 0.068333
2 0.447500 0.610000 0.017500 0.116667
3 0.498333 0.598333 0.010000 0.020000
3 0.827500 0.540000 0.010833 0.013333
2 0.514167 0.500000 0.035000 0.105000
2 0.044167 0.518333 0.010833 0.091667
3 0.462500 0.520000 0.011667 0.030000
3 0.641667 0.568333 0.007500 0.016667
2 0.166667 0.543333 0.034167 0.100000
3 0.275833 0.596667 0.009167 0.016667
2 0.192500 0.520000 0.097500 0.053333
3 0.044167 0.508333 0.009167 0.015000
3 0.562500 0.511667 0.009167 0.016667
3 0.797500 0.578333 0.015833 0.051667
2 0.140000 0.556667 0.011667 0.025000
2 0.320833 0.606667 0.030833 0.051667
3 0.407500 0.563333 0.007500 0.015000
3 0.559167 0.493333 0.011667 0.020000
3 0.148333 0.483333 0.008333 0.016667
2 0.465833 0.503333 0.020000 0.021667
2 0.568333 0.466667 0.035000 0.105000
3 0.679167 0.515000 0.010833 0.013333
2 0.747500 0.558333 0.045833 0.021667
3 0.194167 0.560000 0.013333 0.031667
3 0.821667 0.526667 0.011667 0.030000
3 0.706667 0.473333 0.010833 0.013333
3 0.800000 0.540000 0.010833 0.013333
3 0.614167 0.550000 0.007500 0.018333
3 0.730000 0.516667 0.017500 0.031667
2 0.098333 0.590000 0.014167 0.015000
2 0.327500 0.570000 0.020833 0.028333
2 0.786667 0.561667 0.020000 0.021667
2 0.755833 0.451667 0.011667 0.025000
3 0.077500 0.581667 0.010000 0.016667
2 0.674167 0.493333 0.048333 0.043333
2 0.451667 0.423333 0.058333 0.076667
3 0.800833 0.546667 0.009167 0.023333
3 0.169167 0.608333 0.007500 0.018333
2 0.450000 0.478333 0.034167 0.100000
3 0.356667 0.451667 0.010000 0.020000
2 0.434167 0.613333 0.009167 0.031667
2 0.071667 0.570000 0.020833 0.080000
3 0.341667 0.513333 0.008333 0.016667
2 0.422500 0.528333 0.011667 0.025000
3 0.211667 0.453333 0.009167 0.018333
3 0.805833 0.478333 0.015833 0.051667
2 0.241667 0.556667 0.015833 0.068333
2 0.820833 0.686667 0.013333 0.070000
2 0.225000 0.526667 0.020833 0.080000
2 0.275833 0.596667 0.048333 0.043333
3 0.322500 0.445000 0.009167 0.015000
3 0.193333 0.440000 0.009167 0.016667
2 0.696667 0.535000 0.010833 0.091667
2 0.385833 0.588333 0.029167 0.038333
2 0.187500 0.610000 0.026667 0.035000
2 0.446667 0.563333 0.017500 0.116667
3 0.486667 0.320000 0.009167 0.016667
2 0.827500 0.405000 0.014167 0.015000
2 0.668333 0.340000 0.029167 0.038333
2 0.335000 0.353333 0.015833 0.068333
3 0.311667 0.300000 0.008333 0.016667
3 0.350000 0.836667 0.008333 0.016667
3 0.277500 0.770000 0.008333 0.016667
2 0.455000 0.735000 0.009167 0.040000
3 0.481667 0.203333 0.014167 0.025000
2 0.318333 0.666667 0.022500 0.023333
3 0.560000 0.428333 0.008333 0.016667
3 0.235000 0.635000 0.007500 0.015000
2 0.611667 0.353333 0.034167 0.038333
2 0.806667 0.448333 0.021667 0.090000
2 0.516667 0.403333 0.010000 0.031667
3 0.771667 0.675000 0.013333 0.015000
3 0.412500 0.398333 0.009167 0.016667
2 0.344167 0.438333 0.023333 0.041667
3 0.323333 0.710000 0.013333 0.031667
3 0.535833 0.735000 0.007500 0.015000
3 0.334167 0.756667 0.007500 0.018333
3 0.449167 0.675000 0.007500 0.015000
2 0.762500 0.365000 0.017500 0.116667
2 0.298333 0.675000 0.013333 0.070000
3 0.300000 0.391667 0.010000 0.016667
3 0.423333 0.363333 0.007500 0.016667
2 0.272500 0.396667 0.027500 0.016667
2 0.227500 0.386667 0.027500 0.016667
2 0.680000 0.645000 0.021667 0.090000
2 0.317500 0.771667 0.022500 0.023333
2 0.747500 0.590000 0.034167 0.038333
3 0.727500 0.671667 0.008333 0.021667
2 0.485000 0.345000 0.023333 0.106667
2 0.524167 0.711667 0.030833 0.051667
3 0.724167 0.608333 0.011667 0.020000
2 0.277500 0.385000 0.009167 0.031667
2 0.275833 0.715000 0.015833 0.068333
3 0.428333 0.385000 0.008333 0.021667
3 0.820833 0.700000 0.013333 0.015000
2 0.425000 0.663333 0.010000 0.031667
3 0.445000 0.368333 0.013333 0.015000
3 0.555833 0.998333 0.007500 0.001667
3 0.247500 0.673333 0.010000 0.020000
3 0.726667 0.448333 0.009167 0.016667
2 0.319167 0.390000 0.023333 0.106667
3 0.406667 0.356667 0.010833 0.023333
3 0.758333 0.611667 0.009167 0.016667
3 0.262500 0.698333 0.007500 0.018333
2 0.440000 0.291667 0.097500 0.053333
3 0.455833 0.353333 0.009167 0.016667
3 0.385833 0.706667 0.008333 0.016667
3 0.235833 0.380000 0.008333 0.016667
2 0.300000 0.815000 0.030833 0.051667
3 0.487500 0.380000 0.009167 0.016667
3 0.329167 0.708333 0.013333 0.015000
3 0.453333 0.390000 0.010000 0.020000
3 0.601667 0.725000 0.014167 0.025000
3 0.675833 0.661667 0.014167 0.025000
3 0.677500 0.340000 0.007500 0.016667
2 0.236667 0.395000 0.048333 0.025000
3 0.276667 0.845000 0.015833 0.051667
2 0.149167 0.371667 0.097500 0.053333
2 0.161667 0.400000 0.022500 0.023333
2 0.385833 0.656667 0.019167 0.046667
3 0.361667 0.621667 0.017500 0.031667
2 0.315833 0.655000 0.027500 0.016667
3 0.385000 0.401667 0.010833 0.023333
3 0.313333 0.401667 0.008333 0.016667
3 0.670833 0.410000 0.009167 0.023333
2 0.649167 0.628333 0.045833 0.021667
3 0.637500 0.400000 0.010833 0.023333
2 0.775000 0.456667 0.023333 0.041667
2 0.313333 0.368333 0.020000 0.021667
2 0.349167 0.653333 0.026667 0.035000
3 0.615000 0.396667 0.009167 0.018333
3 0.717500 0.448333 0.017500 0.031667
2 0.730833 0.698333 0.034167 0.100000
2 0.280833 0.736667 0.013333 0.070000
3 0.811667 0.615000 0.006667 0.018333
2 0.249167 0.323333 0.015833 0.068333
3 0.755000 0.660000 0.007500 0.018333
3 0.686667 0.346667 0.014167 0.025000
2 0.534167 0.230000 0.048333 0.025000
3 0.344167 0.635000 0.007500 0.015000
2 0.311667 0.751667 0.029167 0.038333
3 0.530000 0.615000 0.014167 0.025000
3 0.740000 0.680000 0.015833 0.051667
3 0.412500 0.683333 0.017500 0.031667
2 0.441667 0.796667 0.011667 0.025000
3 0.424167 0.710000 0.010000 0.016667
3 0.525833 0.370000 0.006667 0.018333
3 0.768333 0.651667 0.008333 0.021667
2 0.330000 0.861667 0.034167 0.038333
3 0.340000 0.303333 0.010000 0.020000
3 0.547500 0.685000 0.006667 0.018333
2 0.407500 0.381667 0.011667 0.025000
2 0.777500 0.415000 0.017500 0.116667
2 0.508333 0.316667 0.010000 0.031667
2 0.437500 0.786667 0.019167 0.046667
2 0.801667 0.455000 0.010833 0.091667
3 0.529167 0.365000 0.010833 0.023333
3 0.696667 0.721667 0.009167 0.023333
3 0.465000 0.326667 0.010833 0.013333
3 0.456667 0.203333 0.007500 0.015000
2 0.444167 0.313333 0.048333 0.025000
3 0.545000 0.650000 0.017500 0.031667
3 0.490833 0.338333 0.011667 0.020000
3 0.575833 0.310000 0.007500 0.018333
2 0.695000 0.561667 0.035000 0.105000
3 0.684167 0.428333 0.009167 0.018333
2 0.755000 0.375000 0.034167 0.038333
2 0.720833 0.690000 0.023333 0.041667
3 0.734167 0.721667 0.009167 0.016667
2 0.401667 0.715000 0.020833 0.080000
2 0.345000 0.635000 0.029167 0.038333
3 0.458333 0.883333 0.009167 0.016667
3 0.747500 0.416667 0.009167 0.023333
3 0.720000 0.648333 0.009167 0.016667
3 0.645833 0.680000 0.008333 0.016667
3 0.485833 0.260000 0.008333 0.016667
2 0.420000 0.350000 0.011667 0.066667
3 0.447500 0.663333 0.009167 0.016667
3 0.430000 0.766667 0.015833 0.051667
2 0.339167 0.715000 0.020833 0.028333
3 0.523333 0.363333 0.009167 0.016667
3 0.407500 0.735000 0.007500 0.018333
2 0.793333 0.418333 0.022500 0.023333
2 0.655833 0.401667 0.010000 0.031667
2 0.298333 0.718333 0.009167 0.040000
3 0.705833 0.793333 0.008333 0.016667
2 0.766667 0.681667 0.048333 0.043333
3 0.513333 0.420000 0.007500 0.015000
2 0.651667 0.381667 0.020833 0.080000
3 0.631667 0.385000 0.008333 0.016667
3 0.505833 0.328333 0.009167 0.016667
3 0.352500 0.400000 0.010833 0.013333
3 0.741667 0.660000 0.009167 0.016667
2 0.765833 0.385000 0.048333 0.025000
3 0.278333 0.375000 0.007500 0.018333
3 0.732500 0.690000 0.010833 0.013333
3 0.304167 0.693333 0.014167 0.025000
2 0.520000 0.271667 0.023333 0.041667
2 0.615833 0.360000 0.020833 0.080000
3 0.526667 0.416667 0.011667 0.020000
2 0.303333 0.398333 0.034167 0.100000
2 0.528333 0.686667 0.014167 0.015000
2 0.511667 0.221667 0.027500 0.016667
3 0.495833 0.263333 0.007500 0.015000
2 0.339167 0.228333 0.017500 0.116667
3 0.780000 0.373333 0.013333 0.015000
3 0.345000 0.638333 0.008333 0.016667
2 0.379167 0.698333 0.020833 0.028333
3 0.441667 0.811667 0.010000 0.016667
2 0.308333 0.485000 0.021667 0.090000
2 0.268333 0.253333 0.020833 0.028333
3 0.354167 0.403333 0.008333 0.016667
2 0.795833 0.651667 0.023333 0.106667
2 0.404167 0.676667 0.045833 0.021667
2 0.769167 0.383333 0.011667 0.066667
3 0.795000 0.385000 0.017500 0.031667
3 0.718333 0.623333 0.010833 0.013333
2 0.760833 0.623333 0.019167 0.046667
2 0.743333 0.405000 0.048333 0.025000
2 0.645833 0.648333 0.010000 0.031667
2 0.391667 0.356667 0.014167 0.015000
2 0.475833 0.686667 0.015833 0.068333
3 0.509167 0.430000 0.015833 0.051667
3 0.385000 0.358333 0.014167 0.025000
3 0.822500 0.396667 0.007500 0.016667
2 0.746667 0.640000 0.014167 0.015000
3 0.285000 0.303333 0.011667 0.020000
3 0.525000 0.400000 0.014167 0.025000
3 0.480000 0.373333 0.010833 0.013333
3 0.329167 0.341667 0.008333 0.016667
2 0.632500 0.361667 0.022500 0.023333
2 0.540000 0.618333 0.017500 0.116667
3 0.709167 0.411667 0.010833 0.013333
3 0.777500 0.713333 0.006667 0.018333
2 0.758333 0.351667 0.048333 0.025000
3 0.318333 0.368333 0.009167 0.015000
2 0.325000 0.680000 0.020833 0.080000
3 0.829167 0.423333 0.007500 0.018333
2 0.763333 0.748333 0.010833 0.091667
2 0.334167 0.678333 0.021667 0.090000
2 0.722500 0.651667 0.023333 0.106667
2 0.295833 0.386667 0.045833 0.021667
2 0.671667 0.718333 0.020833 0.028333
3 0.428333 0.815000 0.015833 0.051667
3 0.442500 0.415000 0.007500 0.015000
2 0.336667 0.633333 0.015833 0.068333
2 0.644167 0.381667 0.020833 0.028333
2 0.210833 0.401667 0.048333 0.025000
3 0.620833 0.395000 0.009167 0.015000
2 0.658333 0.620000 0.034167 0.038333
3 0.695833 0.663333 0.008333 0.016667
2 0.721667 0.400000 0.017500 0.116667
3 0.809167 0.633333 0.009167 0.023333
2 0.340833 0.645000 0.058333 0.076667
