4 0.807500 0.533333 0.082500 0.073333
4 0.795000 0.700000 0.166667 0.320000
4 0.867500 0.640000 0.089167 0.111667
4 0.762500 0.510000 0.203333 0.206667
4 0.770000 0.716667 0.152500 0.293333
4 0.859167 0.515000 0.051667 0.021667
4 0.833333 0.561667 0.124167 0.133333
4 0.838333 0.568333 0.063333 0.046667
4 0.868333 0.666667 0.059167 0.035000
4 0.810833 0.506667 0.080833 0.096667
4 0.665000 0.510000 0.146667 0.043333
4 0.396667 0.600000 0.087500 0.091667
4 0.538333 0.490000 0.107500 0.125000
4 0.041667 0.496667 0.046667 0.078333
4 0.566667 0.431667 0.180833 0.343333
4 0.110833 0.713333 0.140833 0.345000
4 0.455833 0.505000 0.091667 0.130000
4 0.652500 0.436667 0.098333 0.106667
4 0.370000 0.563333 0.120833 0.155000
4 0.806667 0.555000 0.053333 0.070000
2 0.200000 0.516667 0.030833 0.051667
3 0.165000 0.598333 0.009167 0.016667
3 0.576667 0.501667 0.007500 0.018333
2 0.699167 0.570000 0.020833 0.080000
2 0.095833 0.505000 0.014167 0.015000
3 0.523333 0.516667 0.006667 0.018333
3 0.374167 0.580000 0.008333 0.016667
2 0.652500 0.530000 0.097500 0.053333
3 0.181667 0.513333 0.007500 0.018333
2 0.551667 0.473333 0.048333 0.043333
2 0.750000 0.516667 0.030833 0.051667
3 0.346667 0.560000 0.008333 0.016667
3 0.705833 0.471667 0.009167 0.016667
2 0.243333 0.531667 0.011667 0.025000
3 0.131667 0.570000 0.010833 0.023333
3 0.531667 0.530000 0.008333 0.016667
3 0.693333 0.521667 0.006667 0.018333
2 0.524167 0.531667 0.009167 0.031667
2 0.339167 0.520000 0.034167 0.038333
3 0.370833 0.471667 0.008333 0.021667
3 0.702500 0.520000 0.009167 0.018333
3 0.314167 0.506667 0.009167 0.018333
2 0.458333 0.445000 0.026667 0.035000
3 0.348333 0.600000 0.009167 0.015000
3 0.205833 0.480000 0.009167 0.016667
3 0.380000 0.481667 0.009167 0.016667
2 0.678333 0.533333 0.022500 0.023333
3 0.401667 0.560000 0.008333 0.016667
2 0.477500 0.493333 0.014167 0.015000
2 0.350000 0.528333 0.029167 0.038333
2 0.325000 0.526667 0.058333 0.076667
2 0.368333 0.520000 0.035000 0.105000
2 0.576667 0.548333 0.009167 0.031667
2 0.622500 0.481667 0.019167 0.046667
2 0.468333 0.553333 0.020833 0.080000
2 0.509167 0.561667 0.021667 0.090000
3 0.350833 0.518333 0.009167 0.016667
3 0.205833 0.573333 0.007500 0.015000
2 0.318333 0.535000 0.019167 0.046667
2 0.394167 0.445000 0.011667 0.066667
3 0.381667 0.478333 0.008333 0.016667
3 0.572500 0.588333 0.015833 0.051667
2 0.040833 0.475000 0.019167 0.046667
3 0.175833 0.463333 0.010000 0.020000
2 0.701667 0.450000 0.020000 0.021667
3 0.134167 0.555000 0.009167 0.016667
3 0.405000 0.470000 0.010000 0.016667
2 0.784167 0.515000 0.034167 0.038333
2 0.208333 0.543333 0.034167 0.038333
3 0.319167 0.571667 0.011667 0.020000
3 0.182500 0.498333 0.009167 0.023333
2 0.308333 0.548333 0.034167 0.100000
3 0.597500 0.516667 0.007500 0.015000
3 0.618333 0.448333 0.007500 0.015000
2 0.030000 0.555000 0.022500 0.023333
3 0.306667 0.530000 0.007500 0.015000
2 0.481667 0.566667 0.011667 0.066667
2 0.674167 0.440000 0.034167 0.038333
2 0.643333 0.470000 0.045833 0.021667
2 0.293333 0.528333 0.045833 0.021667
3 0.074167 0.545000 0.010833 0.023333
3 0.802500 0.493333 0.010000 0.016667
2 0.697500 0.475000 0.030833 0.051667
3 0.510833 0.466667 0.010000 0.016667
2 0.627500 0.550000 0.034167 0.100000
2 0.422500 0.530000 0.048333 0.043333
3 0.617500 0.468333 0.010000 0.020000
2 0.320000 0.606667 0.026667 0.035000
3 0.687500 0.495000 0.007500 0.016667
2 0.510000 0.531667 0.035000 0.105000
2 0.735000 0.500000 0.011667 0.066667
3 0.294167 0.531667 0.008333 0.016667
3 0.416667 0.471667 0.007500 0.015000
3 0.770833 0.496667 0.010000 0.016667
3 0.350000 0.578333 0.007500 0.018333
2 0.590000 0.440000 0.019167 0.046667
2 0.201667 0.575000 0.022500 0.023333
2 0.631667 0.473333 0.011667 0.066667
3 0.630833 0.480000 0.009167 0.018333
3 0.470833 0.460000 0.010833 0.023333
3 0.460000 0.425000 0.014167 0.025000
3 0.365000 0.513333 0.014167 0.025000
3 0.603333 0.563333 0.008333 0.016667
2 0.195000 0.543333 0.015833 0.068333
2 0.076667 0.508333 0.022500 0.023333
2 0.375833 0.486667 0.010000 0.031667
2 0.267500 0.610000 0.034167 0.100000
3 0.405833 0.565000 0.007500 0.018333
3 0.525833 0.560000 0.008333 0.016667
3 0.786667 0.583333 0.008333 0.016667
3 0.690000 0.598333 0.009167 0.016667
3 0.365000 0.471667 0.008333 0.016667
2 0.374167 0.536667 0.010833 0.091667
2 0.272500 0.556667 0.023333 0.041667
2 0.460000 0.545000 0.021667 0.090000
2 0.295833 0.566667 0.010833 0.091667
2 0.424167 0.518333 0.048333 0.025000
3 0.424167 0.496667 0.007500 0.016667
3 0.461667 0.515000 0.009167 0.016667
3 0.805000 0.458333 0.011667 0.020000
3 0.726667 0.475000 0.008333 0.021667
3 0.533333 0.478333 0.010833 0.013333
3 0.365000 0.703333 0.008333 0.016667
3 0.412500 0.401667 0.009167 0.023333
2 0.331667 0.738333 0.022500 0.023333
2 0.703333 0.680000 0.022500 0.023333
2 0.780833 0.406667 0.020833 0.080000
3 0.723333 0.780000 0.009167 0.023333
2 0.767500 0.366667 0.011667 0.025000
2 0.718333 0.420000 0.011667 0.025000
3 0.318333 0.710000 0.014167 0.025000
2 0.471667 0.713333 0.020833 0.080000
3 0.775000 0.705000 0.013333 0.031667
3 0.436667 0.741667 0.008333 0.016667
3 0.685000 0.346667 0.013333 0.031667
3 0.422500 0.785000 0.007500 0.016667
2 0.800000 0.663333 0.020833 0.080000
3 0.506667 0.746667 0.015833 0.051667
3 0.708333 0.630000 0.010833 0.023333
2 0.514167 0.223333 0.035000 0.105000
3 0.484167 0.720000 0.008333 0.016667
3 0.817500 0.618333 0.007500 0.015000
3 0.440000 0.713333 0.011667 0.020000
3 0.173333 0.401667 0.013333 0.015000
2 0.670833 0.378333 0.029167 0.038333
3 0.679167 0.638333 0.008333 0.016667
3 0.271667 0.715000 0.007500 0.015000
3 0.287500 0.411667 0.009167 0.016667
3 0.519167 0.398333 0.009167 0.023333
2 0.535833 0.250000 0.020000 0.021667
3 0.449167 0.373333 0.010000 0.020000
3 0.775000 0.596667 0.013333 0.031667
3 0.347500 0.300000 0.010833 0.013333
2 0.655000 0.428333 0.030833 0.051667
2 0.320833 0.385000 0.021667 0.090000
3 0.333333 0.731667 0.008333 0.016667
2 0.811667 0.748333 0.010833 0.091667
3 0.706667 0.691667 0.017500 0.031667
3 0.389167 0.641667 0.007500 0.016667
2 0.365833 0.636667 0.011667 0.025000
2 0.606667 0.380000 0.048333 0.025000
2 0.328333 0.266667 0.026667 0.035000
3 0.709167 0.421667 0.017500 0.031667
3 0.475000 0.825000 0.007500 0.016667
3 0.468333 0.711667 0.011667 0.020000
3 0.634167 0.393333 0.006667 0.018333
3 0.580833 0.753333 0.013333 0.031667
3 0.385000 0.765000 0.013333 0.031667
2 0.305000 0.666667 0.034167 0.100000
3 0.346667 0.765000 0.009167 0.018333
3 0.760833 0.610000 0.008333 0.016667
3 0.786667 0.686667 0.007500 0.018333
2 0.784167 0.428333 0.013333 0.070000
3 0.785000 0.893333 0.008333 0.016667
3 0.536667 0.308333 0.014167 0.025000
3 0.541667 0.251667 0.007500 0.015000
3 0.580833 0.431667 0.013333 0.015000
3 0.695000 0.343333 0.009167 0.018333
2 0.480833 0.253333 0.020833 0.080000
3 0.765833 0.718333 0.007500 0.015000
2 0.461667 0.755000 0.035000 0.105000
3 0.804167 0.421667 0.009167 0.016667
2 0.789167 0.638333 0.048333 0.043333
2 0.770000 0.710000 0.026667 0.035000
2 0.622500 0.635000 0.011667 0.066667
3 0.487500 0.285000 0.008333 0.016667
2 0.331667 0.631667 0.035000 0.105000
3 0.707500 0.438333 0.007500 0.015000
2 0.655833 0.420000 0.020833 0.080000
2 0.341667 0.271667 0.009167 0.031667
3 0.646667 0.390000 0.007500 0.015000
2 0.344167 0.270000 0.015833 0.068333
2 0.481667 0.371667 0.017500 0.116667
2 0.667500 0.638333 0.048333 0.043333
2 0.792500 0.623333 0.020833 0.028333
2 0.406667 0.673333 0.019167 0.046667
3 0.596667 0.331667 0.013333 0.031667
3 0.715833 0.431667 0.011667 0.020000
3 0.361667 0.611667 0.009167 0.016667
2 0.278333 0.406667 0.027500 0.016667
2 0.280000 0.128333 0.058333 0.076667
2 0.427500 0.786667 0.021667 0.090000
2 0.297500 0.156667 0.022500 0.023333
2 0.222500 0.620000 0.011667 0.066667
2 0.660833 0.620000 0.029167 0.038333
2 0.569167 0.660000 0.013333 0.070000
3 0.421667 0.360000 0.010833 0.013333
2 0.711667 0.431667 0.011667 0.025000
3 0.721667 0.621667 0.008333 0.016667
2 0.725833 0.665000 0.023333 0.106667
2 0.578333 0.748333 0.017500 0.116667
2 0.435833 0.443333 0.021667 0.090000
3 0.322500 0.290000 0.008333 0.016667
3 0.720000 0.370000 0.006667 0.018333
3 0.683333 0.375000 0.013333 0.015000
2 0.722500 0.581667 0.015833 0.068333
2 0.708333 0.655000 0.010833 0.091667
2 0.675000 0.468333 0.013333 0.070000
2 0.410000 0.276667 0.097500 0.053333
3 0.750000 0.411667 0.006667 0.018333
2 0.652500 0.661667 0.015833 0.068333
2 0.341667 0.258333 0.013333 0.070000
3 0.623333 0.351667 0.013333 0.031667
3 0.680000 0.340000 0.008333 0.016667
2 0.595000 0.343333 0.009167 0.031667
2 0.718333 0.353333 0.034167 0.038333
3 0.684167 0.635000 0.007500 0.015000
2 0.681667 0.718333 0.009167 0.031667
2 0.421667 0.210000 0.011667 0.025000
2 0.752500 0.400000 0.020833 0.028333
3 0.313333 0.373333 0.007500 0.015000
2 0.666667 0.300000 0.035000 0.105000
3 0.795833 0.413333 0.009167 0.015000
3 0.290000 0.270000 0.013333 0.031667
2 0.695833 0.405000 0.010833 0.091667
2 0.331667 0.365000 0.020833 0.080000
2 0.755000 0.348333 0.048333 0.043333
3 0.679167 0.398333 0.007500 0.015000
3 0.570833 0.636667 0.009167 0.023333
2 0.719167 0.375000 0.010833 0.091667
3 0.792500 0.643333 0.009167 0.016667
2 0.470833 0.813333 0.020000 0.021667
2 0.572500 0.426667 0.013333 0.070000
2 0.310833 0.740000 0.022500 0.023333
2 0.445000 0.296667 0.058333 0.076667
2 0.329167 0.653333 0.026667 0.035000
2 0.490000 0.396667 0.020833 0.080000
2 0.640000 0.375000 0.097500 0.053333
2 0.442500 0.375000 0.011667 0.025000
3 0.656667 0.328333 0.010833 0.023333
2 0.733333 0.328333 0.045833 0.021667
2 0.598333 0.395000 0.021667 0.090000
2 0.269167 0.343333 0.014167 0.015000
2 0.320833 0.233333 0.011667 0.025000
3 0.344167 0.748333 0.007500 0.016667
3 0.700000 0.428333 0.017500 0.031667
3 0.728333 0.670000 0.007500 0.015000
2 0.545000 0.655000 0.045833 0.021667
3 0.155833 0.616667 0.010000 0.016667
3 0.561667 0.275000 0.007500 0.016667
3 0.678333 0.650000 0.010833 0.023333
2 0.280833 0.285000 0.019167 0.046667
3 0.673333 0.398333 0.008333 0.021667
2 0.535000 0.715000 0.022500 0.023333
2 0.396667 0.726667 0.020833 0.080000
3 0.436667 0.680000 0.007500 0.016667
3 0.661667 0.438333 0.007500 0.018333
2 0.710833 0.400000 0.020833 0.080000
3 0.789167 0.395000 0.010833 0.023333
3 0.776667 0.321667 0.008333 0.016667
2 0.544167 0.398333 0.023333 0.041667
2 0.750000 0.678333 0.009167 0.031667
2 0.769167 0.420000 0.048333 0.025000
2 0.605000 0.381667 0.011667 0.066667
2 0.795000 0.331667 0.027500 0.016667
3 0.457500 0.690000 0.013333 0.015000
3 0.540000 0.358333 0.008333 0.021667
2 0.542500 0.188333 0.011667 0.066667
2 0.634167 0.356667 0.023333 0.041667
2 0.758333 0.421667 0.021667 0.090000
3 0.508333 0.821667 0.007500 0.015000
2 0.705000 0.428333 0.017500 0.116667
2 0.216667 0.395000 0.020833 0.080000
2 0.801667 0.633333 0.011667 0.066667
2 0.519167 0.758333 0.014167 0.015000
3 0.755000 0.330000 0.013333 0.015000
2 0.668333 0.413333 0.029167 0.038333
2 0.454167 0.270000 0.029167 0.038333
2 0.432500 0.723333 0.015833 0.068333
2 0.555833 0.396667 0.013333 0.070000
2 0.643333 0.381667 0.045833 0.021667
3 0.317500 0.280000 0.009167 0.015000
2 0.580833 0.435000 0.017500 0.116667
2 0.678333 0.420000 0.010000 0.031667
3 0.691667 0.670000 0.015833 0.051667
3 0.414167 0.845000 0.010000 0.016667
2 0.635000 0.655000 0.019167 0.046667
2 0.600833 0.380000 0.020000 0.021667
2 0.767500 0.591667 0.017500 0.116667
3 0.720833 0.770000 0.014167 0.025000
3 0.282500 0.400000 0.008333 0.016667
3 0.435000 0.725000 0.007500 0.016667
2 0.293333 0.860000 0.014167 0.015000
2 0.765000 0.366667 0.023333 0.106667
2 0.715000 0.310000 0.009167 0.040000
2 0.752500 0.395000 0.020833 0.080000
3 0.485833 0.258333 0.008333 0.016667
3 0.421667 0.756667 0.011667 0.030000
3 0.269167 0.655000 0.011667 0.020000
3 0.801667 0.616667 0.009167 0.015000
2 0.713333 0.226667 0.011667 0.025000
3 0.530000 0.353333 0.008333 0.016667
3 0.281667 0.765000 0.009167 0.016667
3 0.616667 0.380000 0.011667 0.020000
3 0.625833 0.323333 0.010833 0.013333
3 0.442500 0.386667 0.011667 0.030000
2 0.293333 0.623333 0.097500 0.053333
2 0.650000 0.666667 0.023333 0.106667
2 0.720833 0.636667 0.020833 0.080000
3 0.785833 0.410000 0.014167 0.025000
