4 0.824167 0.740000 0.121667 0.265000
4 0.771667 0.631667 0.138333 0.153333
4 0.863333 0.606667 0.082500 0.096667
4 0.758333 0.616667 0.191667 0.186667
4 0.833333 0.453333 0.080833 0.103333
4 0.837500 0.558333 0.132500 0.110000
4 0.800833 0.455000 0.176667 0.163333
4 0.840000 0.593333 0.160833 0.120000
4 0.865000 0.561667 0.115833 0.208333
4 0.833333 0.601667 0.065000 0.153333
4 0.403333 0.533333 0.127500 0.071667
4 0.242500 0.430000 0.079167 0.128333
4 0.145833 0.545000 0.160833 0.045000
4 0.216667 0.580000 0.035000 0.071667
4 0.445833 0.511667 0.081667 0.073333
4 0.335000 0.476667 0.078333 0.073333
4 0.275833 0.548333 0.087500 0.098333
4 0.269167 0.600000 0.109167 0.168333
4 0.570833 0.523333 0.036667 0.083333
4 0.037500 0.546667 0.075000 0.055000
2 0.470833 0.431667 0.020833 0.080000
3 0.575000 0.520000 0.009167 0.016667
3 0.087500 0.505000 0.013333 0.015000
3 0.205000 0.470000 0.011667 0.020000
2 0.550000 0.483333 0.010000 0.031667
3 0.213333 0.495000 0.011667 0.030000
2 0.658333 0.441667 0.035000 0.105000
2 0.806667 0.481667 0.010000 0.031667
2 0.515833 0.585000 0.023333 0.106667
3 0.471667 0.483333 0.009167 0.016667
2 0.445000 0.468333 0.023333 0.041667
3 0.396667 0.545000 0.008333 0.016667
3 0.737500 0.481667 0.007500 0.015000
2 0.016667 0.461667 0.033333 0.053333
2 0.415000 0.558333 0.023333 0.106667
3 0.145000 0.496667 0.009167 0.016667
2 0.464167 0.581667 0.034167 0.100000
3 0.700833 0.541667 0.017500 0.031667
2 0.631667 0.500000 0.011667 0.025000
2 0.565000 0.533333 0.019167 0.046667
3 0.743333 0.488333 0.007500 0.018333
3 0.690000 0.550000 0.010000 0.020000
3 0.310833 0.491667 0.011667 0.030000
3 0.499167 0.588333 0.007500 0.015000
2 0.539167 0.535000 0.020833 0.080000
3 0.535833 0.556667 0.009167 0.015000
3 0.458333 0.588333 0.009167 0.016667
2 0.440000 0.493333 0.017500 0.116667
3 0.393333 0.468333 0.009167 0.018333
3 0.785833 0.525000 0.008333 0.016667
3 0.673333 0.521667 0.008333 0.016667
3 0.329167 0.485000 0.010000 0.020000
2 0.616667 0.480000 0.023333 0.041667
2 0.293333 0.513333 0.020833 0.080000
2 0.097500 0.485000 0.045833 0.021667
3 0.748333 0.556667 0.007500 0.016667
2 0.417500 0.526667 0.021667 0.090000
3 0.750833 0.578333 0.008333 0.021667
2 0.480833 0.425000 0.021667 0.090000
2 0.040833 0.483333 0.017500 0.116667
2 0.230833 0.455000 0.027500 0.016667
3 0.118333 0.571667 0.009167 0.016667
2 0.084167 0.560000 0.045833 0.021667
3 0.074167 0.485000 0.008333 0.016667
3 0.484167 0.425000 0.014167 0.025000
3 0.325000 0.516667 0.008333 0.016667
3 0.301667 0.443333 0.008333 0.016667
2 0.681667 0.550000 0.011667 0.066667
2 0.675000 0.556667 0.013333 0.070000
2 0.657500 0.456667 0.020833 0.080000
3 0.380833 0.573333 0.008333 0.016667
2 0.055000 0.518333 0.030833 0.051667
2 0.300833 0.540000 0.020833 0.080000
2 0.460000 0.510000 0.058333 0.076667
2 0.651667 0.491667 0.048333 0.025000
3 0.214167 0.495000 0.007500 0.018333
3 0.088333 0.518333 0.008333 0.021667
2 0.195000 0.493333 0.030833 0.051667
2 0.457500 0.446667 0.045833 0.021667
2 0.440833 0.481667 0.023333 0.106667
3 0.297500 0.526667 0.007500 0.018333
3 0.341667 0.476667 0.008333 0.016667
3 0.745000 0.550000 0.009167 0.016667
3 0.408333 0.586667 0.007500 0.015000
2 0.610000 0.445000 0.009167 0.040000
3 0.803333 0.503333 0.013333 0.015000
3 0.595000 0.543333 0.006667 0.018333
2 0.027500 0.523333 0.010833 0.091667
2 0.632500 0.548333 0.048333 0.043333
3 0.663333 0.530000 0.009167 0.016667
2 0.377500 0.506667 0.011667 0.066667
2 0.414167 0.511667 0.097500 0.053333
2 0.119167 0.505000 0.030833 0.051667
2 0.400000 0.441667 0.029167 0.038333
2 0.045000 0.553333 0.010833 0.091667
3 0.225000 0.461667 0.009167 0.023333
3 0.316667 0.465000 0.015833 0.051667
2 0.094167 0.593333 0.020000 0.021667
2 0.611667 0.430000 0.058333 0.076667
2 0.804167 0.338333 0.058333 0.076667
2 0.151667 0.460000 0.022500 0.023333
3 0.030000 0.516667 0.008333 0.016667
3 0.743333 0.515000 0.009167 0.016667
3 0.324167 0.553333 0.013333 0.031667
3 0.446667 0.473333 0.009167 0.015000
3 0.723333 0.520000 0.014167 0.025000
2 0.607500 0.533333 0.034167 0.100000
3 0.735833 0.491667 0.006667 0.018333
2 0.600000 0.563333 0.015833 0.068333
3 0.542500 0.510000 0.007500 0.018333
2 0.315833 0.500000 0.020000 0.021667
2 0.649167 0.536667 0.020833 0.080000
3 0.455000 0.546667 0.006667 0.018333
3 0.198333 0.565000 0.008333 0.016667
2 0.091667 0.540000 0.048333 0.043333
2 0.700000 0.440000 0.058333 0.076667
2 0.445833 0.571667 0.023333 0.106667
3 0.249167 0.563333 0.008333 0.016667
3 0.321667 0.456667 0.007500 0.018333
2 0.129167 0.583333 0.009167 0.040000
2 0.461667 0.470000 0.019167 0.046667
2 0.083333 0.475000 0.011667 0.025000
3 0.299167 0.705000 0.008333 0.016667
2 0.258333 0.645000 0.027500 0.016667
3 0.237500 0.336667 0.009167 0.016667
2 0.510833 0.603333 0.020833 0.080000
3 0.315000 0.385000 0.007500 0.018333
3 0.469167 0.293333 0.010000 0.016667
2 0.380000 0.651667 0.026667 0.035000
3 0.455833 0.675000 0.017500 0.031667
3 0.660833 0.423333 0.008333 0.016667
2 0.725833 0.386667 0.048333 0.025000
2 0.648333 0.363333 0.020833 0.028333
2 0.794167 0.391667 0.035000 0.105000
3 0.581667 0.435000 0.010833 0.023333
3 0.260833 0.373333 0.009167 0.015000
2 0.720833 0.668333 0.021667 0.090000
3 0.645000 0.336667 0.013333 0.031667
2 0.735833 0.625000 0.030833 0.051667
2 0.585833 0.308333 0.045833 0.021667
2 0.545000 0.680000 0.010833 0.091667
3 0.731667 0.588333 0.013333 0.031667
2 0.441667 0.655000 0.020833 0.028333
3 0.728333 0.600000 0.008333 0.016667
3 0.780000 0.675000 0.009167 0.016667
3 0.241667 0.741667 0.013333 0.015000
3 0.310000 0.383333 0.008333 0.016667
3 0.685833 0.275000 0.014167 0.025000
2 0.681667 0.666667 0.030833 0.051667
3 0.645000 0.405000 0.011667 0.030000
2 0.264167 0.388333 0.022500 0.023333
3 0.439167 0.658333 0.008333 0.016667
2 0.546667 0.298333 0.034167 0.100000
3 0.515000 0.748333 0.009167 0.018333
2 0.411667 0.670000 0.035000 0.105000
3 0.711667 0.348333 0.017500 0.031667
3 0.810833 0.615000 0.008333 0.016667
3 0.604167 0.730000 0.009167 0.015000
3 0.470000 0.318333 0.008333 0.016667
3 0.571667 0.638333 0.008333 0.016667
3 0.700833 0.666667 0.007500 0.015000
3 0.481667 0.331667 0.010000 0.020000
2 0.246667 0.651667 0.023333 0.106667
2 0.670833 0.443333 0.020833 0.028333
3 0.679167 0.343333 0.009167 0.023333
2 0.331667 0.361667 0.021667 0.090000
3 0.322500 0.361667 0.017500 0.031667
3 0.395000 0.383333 0.009167 0.016667
3 0.498333 0.668333 0.009167 0.016667
2 0.685833 0.695000 0.019167 0.046667
3 0.169167 0.406667 0.011667 0.030000
2 0.311667 0.351667 0.010000 0.031667
2 0.293333 0.656667 0.023333 0.106667
3 0.734167 0.688333 0.007500 0.015000
2 0.548333 0.385000 0.021667 0.090000
3 0.166667 0.410000 0.015833 0.051667
2 0.428333 0.725000 0.058333 0.076667
2 0.715833 0.335000 0.017500 0.116667
2 0.606667 0.380000 0.048333 0.025000
2 0.279167 0.241667 0.020833 0.028333
3 0.571667 0.318333 0.015833 0.051667
2 0.528333 0.631667 0.009167 0.031667
3 0.717500 0.418333 0.013333 0.015000
3 0.761667 0.603333 0.007500 0.018333
2 0.675833 0.435000 0.011667 0.025000
2 0.216667 0.333333 0.027500 0.016667
3 0.340000 0.303333 0.010000 0.020000
2 0.748333 0.355000 0.020833 0.080000
2 0.791667 0.641667 0.019167 0.046667
2 0.773333 0.596667 0.011667 0.025000
2 0.380833 0.723333 0.021667 0.090000
2 0.751667 0.395000 0.058333 0.076667
3 0.823333 0.408333 0.014167 0.025000
2 0.440833 0.671667 0.022500 0.023333
3 0.786667 0.375000 0.009167 0.016667
2 0.724167 0.451667 0.022500 0.023333
2 0.522500 0.361667 0.023333 0.041667
3 0.827500 0.425000 0.011667 0.020000
2 0.685000 0.610000 0.011667 0.025000
3 0.541667 0.341667 0.009167 0.016667
2 0.727500 0.600000 0.048333 0.043333
2 0.280000 0.781667 0.010833 0.091667
3 0.622500 0.391667 0.008333 0.016667
3 0.780833 0.385000 0.010000 0.016667
2 0.345833 0.401667 0.014167 0.015000
3 0.256667 0.733333 0.017500 0.031667
3 0.230833 0.400000 0.007500 0.018333
3 0.790833 0.351667 0.008333 0.016667
2 0.304167 0.615000 0.022500 0.023333
3 0.750833 0.670000 0.007500 0.018333
2 0.498333 0.220000 0.035000 0.105000
3 0.685833 0.281667 0.007500 0.018333
3 0.465000 0.876667 0.009167 0.016667
2 0.771667 0.601667 0.014167 0.015000
3 0.546667 0.315000 0.007500 0.015000
3 0.596667 0.998333 0.017500 0.001667
2 0.762500 0.391667 0.013333 0.070000
3 0.624167 0.401667 0.008333 0.016667
3 0.279167 0.438333 0.013333 0.031667
3 0.630000 0.643333 0.009167 0.016667
2 0.751667 0.371667 0.023333 0.106667
3 0.225000 0.736667 0.009167 0.016667
3 0.230000 0.380000 0.014167 0.025000
2 0.304167 0.320000 0.058333 0.076667
2 0.669167 0.658333 0.014167 0.015000
2 0.785000 0.658333 0.023333 0.041667
3 0.466667 0.703333 0.014167 0.025000
3 0.700000 0.643333 0.013333 0.015000
3 0.660000 0.381667 0.008333 0.016667
3 0.724167 0.401667 0.008333 0.016667
2 0.710000 0.998333 0.009167 0.001667
3 0.727500 0.645000 0.013333 0.031667
3 0.482500 0.191667 0.008333 0.016667
3 0.672500 0.438333 0.013333 0.031667
3 0.365000 0.656667 0.011667 0.020000
2 0.608333 0.375000 0.027500 0.016667
2 0.698333 0.686667 0.010000 0.031667
3 0.757500 0.613333 0.010833 0.023333
2 0.506667 0.355000 0.029167 0.038333
2 0.676667 0.423333 0.009167 0.040000
3 0.317500 0.733333 0.009167 0.016667
2 0.777500 0.385000 0.034167 0.038333
3 0.521667 0.226667 0.007500 0.018333
2 0.590833 0.998333 0.029167 0.001667
2 0.807500 0.401667 0.022500 0.023333
2 0.315833 0.183333 0.023333 0.041667
3 0.565000 0.443333 0.007500 0.018333
3 0.742500 0.345000 0.009167 0.018333
2 0.292500 0.236667 0.097500 0.053333
3 0.361667 0.666667 0.007500 0.016667
3 0.722500 0.660000 0.008333 0.016667
3 0.671667 0.630000 0.007500 0.018333
3 0.708333 0.436667 0.011667 0.030000
3 0.678333 0.335000 0.008333 0.016667
2 0.265833 0.816667 0.027500 0.016667
3 0.672500 0.356667 0.008333 0.016667
3 0.277500 0.718333 0.013333 0.015000
2 0.252500 0.810000 0.013333 0.070000
2 0.570000 0.646667 0.015833 0.068333
3 0.490833 0.168333 0.017500 0.031667
2 0.686667 0.683333 0.030833 0.051667
2 0.554167 0.658333 0.048333 0.043333
2 0.589167 0.726667 0.009167 0.040000
2 0.601667 0.350000 0.097500 0.053333
2 0.331667 0.660000 0.026667 0.035000
2 0.653333 0.658333 0.010833 0.091667
2 0.255000 0.795000 0.013333 0.070000
2 0.528333 0.625000 0.011667 0.025000
3 0.475000 0.826667 0.008333 0.016667
3 0.601667 0.998333 0.008333 0.001667
3 0.533333 0.411667 0.010833 0.023333
2 0.678333 0.356667 0.030833 0.051667
3 0.660000 0.383333 0.008333 0.016667
2 0.707500 0.445000 0.021667 0.090000
3 0.781667 0.371667 0.009167 0.016667
3 0.250000 0.651667 0.009167 0.016667
3 0.775833 0.380000 0.008333 0.016667
2 0.502500 0.400000 0.048333 0.043333
2 0.596667 0.376667 0.058333 0.076667
3 0.675000 0.720000 0.009167 0.016667
3 0.500833 0.343333 0.007500 0.018333
2 0.485833 0.201667 0.014167 0.015000
3 0.540833 0.660000 0.015833 0.051667
2 0.675000 0.648333 0.023333 0.106667
2 0.640833 0.391667 0.020833 0.080000
3 0.778333 0.608333 0.007500 0.015000
2 0.635000 0.418333 0.011667 0.066667
3 0.738333 0.681667 0.014167 0.025000
3 0.805833 0.618333 0.017500 0.031667
2 0.753333 0.346667 0.019167 0.046667
2 0.527500 0.648333 0.014167 0.015000
2 0.315000 0.750000 0.045833 0.021667
3 0.602500 0.330000 0.010833 0.023333
2 0.688333 0.318333 0.020833 0.080000
2 0.455000 0.780000 0.011667 0.066667
2 0.578333 0.648333 0.023333 0.106667
2 0.686667 0.363333 0.020833 0.080000
2 0.538333 0.626667 0.027500 0.016667
3 0.445833 0.378333 0.007500 0.018333
3 0.498333 0.670000 0.009167 0.016667
3 0.531667 0.720000 0.008333 0.016667
2 0.630833 0.655000 0.030833 0.051667
3 0.428333 0.650000 0.008333 0.016667
3 0.583333 0.320000 0.008333 0.016667
3 0.551667 0.665000 0.007500 0.018333
2 0.455000 0.388333 0.010833 0.091667
2 0.475833 0.250000 0.013333 0.070000
3 0.515833 0.330000 0.009167 0.016667
2 0.274167 0.373333 0.011667 0.066667
2 0.644167 0.426667 0.013333 0.070000
2 0.426667 0.653333 0.058333 0.076667
3 0.217500 0.635000 0.009167 0.016667
2 0.772500 0.590000 0.034167 0.038333
3 0.297500 0.370000 0.009167 0.023333
2 0.645833 0.670000 0.029167 0.038333
2 0.734167 0.268333 0.035000 0.105000
2 0.638333 0.351667 0.048333 0.043333
2 0.749167 0.376667 0.048333 0.025000
3 0.754167 0.625000 0.008333 0.016667
2 0.581667 0.665000 0.009167 0.031667
