4 0.863333 0.700000 0.063333 0.086667
4 0.831667 0.470000 0.110000 0.190000
4 0.874167 0.443333 0.102500 0.101667
4 0.780833 0.575000 0.107500 0.041667
4 0.880000 0.530000 0.090000 0.090000
4 0.864167 0.423333 0.109167 0.046667
4 0.855000 0.598333 0.060833 0.138333
4 0.760833 0.428333 0.196667 0.081667
4 0.853333 0.378333 0.073333 0.016667
4 0.851667 0.535000 0.125000 0.113333
4 0.755833 0.615000 0.105833 0.178333
4 0.035833 0.671667 0.071667 0.243333
4 0.024167 0.618333 0.048333 0.130000
4 0.448333 0.481667 0.099167 0.098333
4 0.045833 0.446667 0.092500 0.248333
4 0.469167 0.526667 0.055000 0.036667
4 0.475833 0.538333 0.078333 0.026667
4 0.066667 0.605000 0.133333 0.126667
4 0.257500 0.513333 0.121667 0.058333
4 0.162500 0.508333 0.117500 0.035000
2 0.544167 0.496667 0.011667 0.025000
2 0.490000 0.575000 0.045833 0.021667
3 0.376667 0.463333 0.011667 0.020000
3 0.342500 0.518333 0.008333 0.016667
3 0.595833 0.608333 0.014167 0.025000
3 0.428333 0.533333 0.008333 0.016667
2 0.342500 0.503333 0.023333 0.041667
3 0.140833 0.558333 0.008333 0.016667
2 0.382500 0.558333 0.017500 0.116667
2 0.354167 0.510000 0.022500 0.023333
2 0.280833 0.480000 0.015833 0.068333
2 0.325000 0.468333 0.014167 0.015000
3 0.780833 0.473333 0.011667 0.030000
3 0.107500 0.586667 0.007500 0.015000
2 0.364167 0.541667 0.045833 0.021667
2 0.465833 0.455000 0.020833 0.080000
2 0.765833 0.515000 0.097500 0.053333
2 0.228333 0.566667 0.058333 0.076667
2 0.626667 0.568333 0.020833 0.028333
3 0.569167 0.503333 0.013333 0.015000
3 0.465833 0.506667 0.008333 0.016667
3 0.734167 0.471667 0.017500 0.031667
3 0.740833 0.545000 0.008333 0.021667
3 0.526667 0.575000 0.009167 0.016667
2 0.713333 0.465000 0.097500 0.053333
3 0.145000 0.526667 0.008333 0.016667
2 0.298333 0.505000 0.014167 0.015000
2 0.326667 0.613333 0.029167 0.038333
2 0.679167 0.555000 0.023333 0.106667
2 0.211667 0.471667 0.014167 0.015000
2 0.490000 0.531667 0.030833 0.051667
2 0.381667 0.548333 0.026667 0.035000
3 0.827500 0.608333 0.009167 0.018333
2 0.256667 0.443333 0.058333 0.076667
2 0.480000 0.465000 0.010833 0.091667
3 0.197500 0.605000 0.010000 0.020000
3 0.523333 0.511667 0.008333 0.016667
3 0.659167 0.536667 0.009167 0.016667
2 0.545833 0.483333 0.017500 0.116667
3 0.550000 0.571667 0.006667 0.018333
2 0.232500 0.506667 0.013333 0.070000
2 0.403333 0.540000 0.010833 0.091667
2 0.658333 0.570000 0.048333 0.025000
2 0.617500 0.541667 0.048333 0.043333
2 0.149167 0.451667 0.034167 0.038333
2 0.189167 0.503333 0.021667 0.090000
3 0.115000 0.525000 0.011667 0.020000
2 0.216667 0.541667 0.021667 0.090000
3 0.687500 0.465000 0.008333 0.021667
3 0.178333 0.485000 0.010000 0.016667
2 0.678333 0.573333 0.013333 0.070000
2 0.531667 0.550000 0.013333 0.070000
3 0.403333 0.485000 0.009167 0.016667
2 0.661667 0.483333 0.030833 0.051667
2 0.631667 0.588333 0.009167 0.031667
2 0.812500 0.635000 0.017500 0.116667
3 0.645000 0.565000 0.011667 0.030000
2 0.255000 0.528333 0.097500 0.053333
3 0.044167 0.496667 0.013333 0.015000
3 0.100000 0.493333 0.009167 0.016667
2 0.483333 0.588333 0.048333 0.043333
3 0.103333 0.596667 0.008333 0.021667
2 0.320833 0.591667 0.048333 0.043333
3 0.394167 0.526667 0.013333 0.015000
2 0.681667 0.598333 0.026667 0.035000
2 0.087500 0.563333 0.022500 0.023333
3 0.297500 0.583333 0.008333 0.021667
3 0.336667 0.593333 0.009167 0.015000
2 0.293333 0.545000 0.014167 0.015000
3 0.577500 0.568333 0.017500 0.031667
2 0.315833 0.398333 0.035000 0.105000
3 0.706667 0.575000 0.015833 0.051667
3 0.635000 0.525000 0.010833 0.023333
2 0.338333 0.425000 0.011667 0.066667
3 0.169167 0.483333 0.009167 0.015000
2 0.220833 0.518333 0.022500 0.023333
2 0.370833 0.565000 0.011667 0.025000
2 0.747500 0.545000 0.034167 0.038333
3 0.744167 0.461667 0.007500 0.018333
3 0.067500 0.556667 0.007500 0.016667
3 0.531667 0.586667 0.008333 0.021667
3 0.115833 0.556667 0.010000 0.020000
2 0.505000 0.545000 0.023333 0.106667
3 0.244167 0.600000 0.008333 0.021667
2 0.291667 0.560000 0.034167 0.038333
3 0.482500 0.480000 0.009167 0.016667
2 0.701667 0.546667 0.013333 0.070000
2 0.101667 0.473333 0.023333 0.041667
3 0.415000 0.525000 0.007500 0.015000
2 0.806667 0.611667 0.035000 0.105000
3 0.083333 0.538333 0.007500 0.015000
3 0.235000 0.536667 0.007500 0.016667
2 0.186667 0.551667 0.035000 0.105000
3 0.580000 0.566667 0.009167 0.023333
2 0.340833 0.420000 0.035000 0.105000
3 0.480000 0.506667 0.009167 0.015000
2 0.809167 0.518333 0.034167 0.100000
2 0.634167 0.565000 0.023333 0.106667
3 0.812500 0.473333 0.017500 0.031667
2 0.652500 0.586667 0.022500 0.023333
2 0.149167 0.488333 0.034167 0.038333
2 0.022500 0.590000 0.030833 0.051667
2 0.288333 0.746667 0.010833 0.091667
3 0.582500 0.353333 0.014167 0.025000
3 0.825833 0.411667 0.017500 0.031667
3 0.475833 0.366667 0.007500 0.015000
3 0.393333 0.705000 0.008333 0.016667
3 0.565833 0.690000 0.009167 0.016667
3 0.760000 0.418333 0.017500 0.031667
3 0.815000 0.393333 0.008333 0.016667
3 0.635000 0.406667 0.015833 0.051667
3 0.218333 0.633333 0.007500 0.015000
3 0.448333 0.383333 0.007500 0.015000
3 0.695000 0.348333 0.007500 0.015000
2 0.500833 0.353333 0.029167 0.038333
3 0.311667 0.385000 0.010000 0.020000
2 0.246667 0.651667 0.022500 0.023333
2 0.734167 0.421667 0.023333 0.106667
2 0.473333 0.818333 0.011667 0.025000
2 0.573333 0.556667 0.058333 0.076667
2 0.490000 0.305000 0.009167 0.031667
2 0.614167 0.643333 0.020000 0.021667
3 0.517500 0.291667 0.009167 0.018333
3 0.813333 0.628333 0.009167 0.015000
3 0.779167 0.705000 0.008333 0.021667
3 0.555000 0.345000 0.008333 0.021667
2 0.345833 0.660000 0.048333 0.043333
2 0.358333 0.733333 0.020833 0.080000
3 0.535833 0.411667 0.017500 0.031667
3 0.805833 0.635000 0.009167 0.023333
2 0.450000 0.296667 0.048333 0.025000
2 0.288333 0.300000 0.013333 0.070000
3 0.628333 0.338333 0.010833 0.023333
3 0.275833 0.373333 0.013333 0.015000
2 0.768333 0.558333 0.035000 0.105000
3 0.454167 0.785000 0.009167 0.015000
3 0.389167 0.755000 0.007500 0.018333
3 0.306667 0.786667 0.008333 0.016667
2 0.785833 0.398333 0.009167 0.040000
2 0.470833 0.751667 0.023333 0.106667
3 0.435000 0.748333 0.013333 0.031667
3 0.680000 0.395000 0.010000 0.020000
3 0.275833 0.665000 0.007500 0.015000
3 0.352500 0.613333 0.007500 0.018333
2 0.449167 0.611667 0.020833 0.080000
3 0.364167 0.701667 0.010000 0.020000
3 0.435833 0.383333 0.008333 0.021667
3 0.573333 0.396667 0.010833 0.013333
2 0.755000 0.425000 0.022500 0.023333
3 0.245000 0.355000 0.008333 0.016667
2 0.683333 0.275000 0.034167 0.038333
3 0.648333 0.381667 0.008333 0.016667
3 0.640000 0.646667 0.009167 0.016667
2 0.252500 0.731667 0.013333 0.070000
3 0.732500 0.588333 0.010833 0.023333
2 0.601667 0.356667 0.023333 0.041667
3 0.745833 0.598333 0.007500 0.015000
2 0.327500 0.726667 0.020833 0.080000
2 0.321667 0.378333 0.017500 0.116667
2 0.318333 0.681667 0.026667 0.035000
3 0.767500 0.696667 0.011667 0.020000
3 0.785833 0.348333 0.009167 0.016667
2 0.706667 0.331667 0.011667 0.025000
3 0.350000 0.740000 0.011667 0.020000
2 0.695833 0.333333 0.035000 0.105000
2 0.401667 0.653333 0.020833 0.080000
3 0.554167 0.226667 0.008333 0.016667
2 0.380833 0.665000 0.048333 0.025000
2 0.657500 0.410000 0.017500 0.116667
3 0.695833 0.613333 0.008333 0.021667
3 0.531667 0.361667 0.011667 0.030000
2 0.360000 0.651667 0.023333 0.106667
2 0.295833 0.388333 0.027500 0.016667
3 0.483333 0.756667 0.007500 0.018333
2 0.769167 0.330000 0.027500 0.016667
3 0.811667 0.403333 0.010833 0.023333
2 0.533333 0.346667 0.010000 0.031667
2 0.665000 0.665000 0.014167 0.015000
2 0.510833 0.360000 0.010000 0.031667
2 0.474167 0.391667 0.048333 0.025000
2 0.795833 0.396667 0.009167 0.040000
2 0.427500 0.356667 0.010000 0.031667
2 0.292500 0.326667 0.010833 0.091667
2 0.370000 0.346667 0.021667 0.090000
2 0.801667 0.740000 0.030833 0.051667
2 0.712500 0.426667 0.029167 0.038333
3 0.399167 0.655000 0.010833 0.023333
3 0.654167 0.643333 0.009167 0.016667
2 0.309167 0.390000 0.011667 0.025000
2 0.291667 0.798333 0.048333 0.025000
2 0.538333 0.658333 0.011667 0.066667
2 0.263333 0.706667 0.015833 0.068333
2 0.767500 0.340000 0.029167 0.038333
2 0.448333 0.783333 0.014167 0.015000
2 0.445000 0.640000 0.020833 0.028333
2 0.534167 0.731667 0.020000 0.021667
2 0.341667 0.243333 0.009167 0.040000
2 0.347500 0.296667 0.009167 0.031667
2 0.667500 0.645000 0.009167 0.031667
3 0.807500 0.425000 0.013333 0.015000
2 0.791667 0.411667 0.017500 0.116667
2 0.780000 0.388333 0.048333 0.043333
3 0.290000 0.355000 0.008333 0.016667
3 0.633333 0.391667 0.007500 0.015000
2 0.780833 0.320000 0.019167 0.046667
2 0.733333 0.670000 0.035000 0.105000
2 0.307500 0.391667 0.022500 0.023333
2 0.437500 0.345000 0.045833 0.021667
2 0.796667 0.446667 0.021667 0.090000
3 0.561667 0.371667 0.009167 0.018333
2 0.688333 0.675000 0.014167 0.015000
3 0.768333 0.603333 0.015833 0.051667
2 0.737500 0.385000 0.026667 0.035000
3 0.579167 0.650000 0.011667 0.030000
3 0.646667 0.370000 0.007500 0.018333
3 0.421667 0.371667 0.008333 0.016667
3 0.586667 0.440000 0.006667 0.018333
3 0.244167 0.356667 0.009167 0.016667
2 0.772500 0.371667 0.027500 0.016667
3 0.340000 0.653333 0.009167 0.023333
3 0.316667 0.253333 0.008333 0.016667
2 0.344167 0.438333 0.023333 0.041667
3 0.525000 0.358333 0.017500 0.031667
2 0.187500 0.420000 0.021667 0.090000
3 0.694167 0.346667 0.009167 0.015000
3 0.567500 0.723333 0.017500 0.031667
3 0.374167 0.751667 0.015833 0.051667
2 0.782500 0.763333 0.021667 0.090000
3 0.590833 0.625000 0.009167 0.016667
3 0.175833 0.405000 0.008333 0.016667
3 0.726667 0.310000 0.015833 0.051667
3 0.715833 0.235000 0.006667 0.018333
2 0.629167 0.628333 0.023333 0.041667
2 0.350833 0.658333 0.029167 0.038333
3 0.684167 0.348333 0.011667 0.020000
3 0.460000 0.116667 0.009167 0.023333
2 0.566667 0.665000 0.020833 0.080000
3 0.762500 0.336667 0.009167 0.018333
3 0.803333 0.641667 0.008333 0.021667
3 0.510000 0.278333 0.009167 0.016667
2 0.656667 0.253333 0.097500 0.053333
2 0.770833 0.366667 0.048333 0.043333
3 0.319167 0.351667 0.009167 0.016667
2 0.261667 0.373333 0.015833 0.068333
3 0.572500 0.665000 0.010833 0.023333
3 0.489167 0.286667 0.007500 0.015000
3 0.523333 0.381667 0.008333 0.016667
3 0.699167 0.661667 0.011667 0.030000
3 0.798333 0.736667 0.008333 0.016667
2 0.708333 0.683333 0.011667 0.066667
2 0.269167 0.245000 0.019167 0.046667
3 0.720000 0.998333 0.007500 0.001667
3 0.453333 0.721667 0.010000 0.020000
2 0.275000 0.408333 0.023333 0.041667
2 0.680000 0.263333 0.019167 0.046667
3 0.529167 0.353333 0.010000 0.016667
3 0.785833 0.411667 0.015833 0.051667
3 0.324167 0.741667 0.008333 0.016667
3 0.544167 0.621667 0.009167 0.016667
2 0.645833 0.401667 0.009167 0.031667
2 0.632500 0.411667 0.097500 0.053333
2 0.305833 0.381667 0.023333 0.106667
2 0.789167 0.311667 0.009167 0.040000
3 0.595000 0.741667 0.008333 0.016667
3 0.520833 0.846667 0.006667 0.018333
3 0.744167 0.285000 0.006667 0.018333
3 0.782500 0.386667 0.006667 0.018333
3 0.678333 0.640000 0.009167 0.023333
2 0.767500 0.366667 0.011667 0.025000
2 0.655833 0.636667 0.030833 0.051667
2 0.371667 0.668333 0.048333 0.043333
3 0.630000 0.378333 0.009167 0.016667
3 0.487500 0.781667 0.011667 0.030000
2 0.565000 0.135000 0.019167 0.046667
3 0.755000 0.650000 0.006667 0.018333
2 0.689167 0.373333 0.027500 0.016667
2 0.482500 0.765000 0.058333 0.076667
3 0.704167 0.373333 0.010000 0.020000
3 0.259167 0.363333 0.007500 0.018333
3 0.785833 0.598333 0.007500 0.015000
3 0.580833 0.646667 0.007500 0.018333
3 0.695833 0.728333 0.007500 0.015000
3 0.729167 0.378333 0.010000 0.020000
3 0.262500 0.798333 0.007500 0.018333
3 0.583333 0.435000 0.007500 0.018333
3 0.650833 0.390000 0.007500 0.016667
3 0.748333 0.703333 0.007500 0.015000
3 0.805000 0.421667 0.008333 0.016667
2 0.800000 0.648333 0.034167 0.100000
2 0.580833 0.701667 0.048333 0.043333
3 0.290000 0.710000 0.007500 0.016667
2 0.300833 0.688333 0.017500 0.116667
3 0.305833 0.726667 0.010833 0.023333
2 0.771667 0.436667 0.020833 0.080000
3 0.388333 0.641667 0.010000 0.020000
2 0.705000 0.625000 0.017500 0.116667
3 0.748333 0.705000 0.008333 0.016667
2 0.235833 0.816667 0.097500 0.053333
3 0.732500 0.346667 0.008333 0.016667
3 0.143333 0.655000 0.008333 0.016667
