4 0.811667 0.573333 0.072500 0.033333
4 0.838333 0.403333 0.044167 0.073333
4 0.826667 0.576667 0.048333 0.063333
4 0.790833 0.266667 0.136667 0.248333
4 0.813333 0.551667 0.083333 0.170000
4 0.826667 0.560000 0.043333 0.021667
4 0.792500 0.530000 0.085833 0.060000
4 0.812500 0.511667 0.115833 0.178333
4 0.798333 0.391667 0.137500 0.068333
4 0.855000 0.660000 0.088333 0.043333
4 0.215000 0.581667 0.043333 0.078333
4 0.161667 0.541667 0.171667 0.056667
4 0.520000 0.378333 0.170833 0.260000
4 0.653333 0.533333 0.099167 0.091667
4 0.680000 0.455000 0.082500 0.160000
4 0.021667 0.528333 0.044167 0.045000
4 0.391667 0.513333 0.094167 0.035000
4 0.660833 0.623333 0.115833 0.141667
4 0.567500 0.576667 0.194167 0.180000
4 0.230833 0.558333 0.165000 0.065000
3 0.196667 0.586667 0.013333 0.015000
3 0.613333 0.516667 0.011667 0.030000
3 0.262500 0.511667 0.009167 0.016667
3 0.220000 0.578333 0.008333 0.016667
3 0.806667 0.548333 0.009167 0.018333
3 0.131667 0.521667 0.006667 0.018333
3 0.394167 0.463333 0.017500 0.031667
2 0.296667 0.531667 0.048333 0.025000
2 0.605000 0.466667 0.035000 0.105000
3 0.066667 0.583333 0.008333 0.021667
2 0.025833 0.571667 0.017500 0.116667
3 0.596667 0.581667 0.010833 0.023333
2 0.230833 0.466667 0.048333 0.025000
3 0.500000 0.558333 0.008333 0.021667
2 0.053333 0.573333 0.034167 0.038333
2 0.694167 0.556667 0.045833 0.021667
3 0.823333 0.650000 0.007500 0.018333
2 0.644167 0.460000 0.010000 0.031667
2 0.540000 0.461667 0.011667 0.066667
2 0.600833 0.408333 0.020833 0.080000
2 0.220833 0.561667 0.010833 0.091667
3 0.391667 0.453333 0.014167 0.025000
2 0.119167 0.403333 0.035000 0.105000
3 0.286667 0.471667 0.017500 0.031667
3 0.191667 0.583333 0.007500 0.015000
2 0.540833 0.535000 0.029167 0.038333
3 0.257500 0.495000 0.007500 0.015000
2 0.803333 0.591667 0.034167 0.038333
2 0.465833 0.385000 0.034167 0.038333
3 0.270000 0.568333 0.010833 0.023333
2 0.218333 0.570000 0.048333 0.043333
2 0.106667 0.545000 0.035000 0.105000
2 0.639167 0.461667 0.009167 0.031667
2 0.515000 0.505000 0.010000 0.031667
2 0.553333 0.545000 0.017500 0.116667
2 0.155000 0.553333 0.009167 0.040000
3 0.533333 0.511667 0.010000 0.020000
2 0.810000 0.500000 0.026667 0.035000
2 0.654167 0.455000 0.048333 0.043333
3 0.800000 0.496667 0.006667 0.018333
2 0.748333 0.471667 0.045833 0.021667
2 0.487500 0.565000 0.048333 0.043333
2 0.791667 0.485000 0.029167 0.038333
2 0.685833 0.456667 0.048333 0.025000
3 0.035833 0.553333 0.011667 0.030000
2 0.173333 0.601667 0.023333 0.041667
3 0.822500 0.555000 0.009167 0.018333
2 0.387500 0.506667 0.014167 0.015000
2 0.344167 0.600000 0.030833 0.051667
3 0.192500 0.455000 0.007500 0.015000
3 0.425000 0.586667 0.008333 0.016667
2 0.322500 0.405000 0.035000 0.105000
2 0.575000 0.468333 0.026667 0.035000
3 0.329167 0.561667 0.007500 0.015000
3 0.310833 0.463333 0.008333 0.016667
2 0.657500 0.473333 0.023333 0.041667
2 0.801667 0.661667 0.048333 0.043333
3 0.699167 0.570000 0.017500 0.031667
3 0.524167 0.560000 0.010833 0.023333
3 0.479167 0.458333 0.008333 0.016667
2 0.135000 0.468333 0.048333 0.025000
3 0.641667 0.575000 0.009167 0.015000
2 0.035833 0.560000 0.020833 0.028333
3 0.717500 0.458333 0.013333 0.015000
3 0.488333 0.521667 0.007500 0.016667
2 0.417500 0.598333 0.026667 0.035000
2 0.231667 0.590000 0.023333 0.106667
3 0.483333 0.463333 0.011667 0.030000
3 0.087500 0.460000 0.008333 0.016667
3 0.679167 0.511667 0.007500 0.015000
3 0.316667 0.605000 0.011667 0.030000
2 0.456667 0.561667 0.027500 0.016667
3 0.132500 0.508333 0.008333 0.016667
3 0.089167 0.541667 0.008333 0.016667
2 0.347500 0.536667 0.026667 0.035000
2 0.513333 0.528333 0.097500 0.053333
2 0.159167 0.501667 0.048333 0.025000
2 0.795833 0.485000 0.034167 0.038333
2 0.068333 0.510000 0.058333 0.076667
3 0.797500 0.555000 0.006667 0.018333
3 0.480833 0.460000 0.011667 0.020000
2 0.280000 0.500000 0.020833 0.080000
2 0.353333 0.563333 0.045833 0.021667
3 0.785833 0.573333 0.006667 0.018333
3 0.200000 0.548333 0.008333 0.016667
3 0.238333 0.488333 0.010833 0.013333
2 0.395000 0.610000 0.020833 0.080000
3 0.540000 0.581667 0.011667 0.020000
2 0.042500 0.476667 0.022500 0.023333
2 0.099167 0.496667 0.023333 0.106667
2 0.200833 0.560000 0.011667 0.025000
2 0.267500 0.520000 0.023333 0.106667
3 0.200000 0.470000 0.009167 0.015000
2 0.245000 0.568333 0.097500 0.053333
2 0.260000 0.530000 0.013333 0.070000
3 0.413333 0.586667 0.010833 0.023333
3 0.180833 0.491667 0.007500 0.015000
3 0.390000 0.568333 0.007500 0.018333
3 0.477500 0.553333 0.008333 0.016667
2 0.232500 0.455000 0.035000 0.105000
2 0.480000 0.440000 0.009167 0.031667
2 0.499167 0.536667 0.010833 0.091667
3 0.701667 0.408333 0.013333 0.031667
2 0.790833 0.421667 0.010000 0.031667
3 0.335833 0.861667 0.007500 0.016667
3 0.660833 0.405000 0.015833 0.051667
3 0.300000 0.748333 0.013333 0.031667
3 0.762500 0.416667 0.007500 0.015000
2 0.206667 0.381667 0.048333 0.043333
3 0.707500 0.685000 0.010833 0.023333
3 0.409167 0.753333 0.008333 0.016667
3 0.776667 0.603333 0.017500 0.031667
3 0.731667 0.718333 0.007500 0.016667
3 0.272500 0.346667 0.008333 0.016667
3 0.527500 0.415000 0.010000 0.016667
2 0.683333 0.318333 0.058333 0.076667
3 0.713333 0.415000 0.009167 0.015000
3 0.777500 0.703333 0.007500 0.016667
3 0.654167 0.443333 0.007500 0.015000
3 0.638333 0.413333 0.009167 0.016667
3 0.442500 0.806667 0.009167 0.023333
2 0.290833 0.245000 0.014167 0.015000
2 0.466667 0.695000 0.034167 0.038333
3 0.646667 0.370000 0.008333 0.016667
3 0.747500 0.700000 0.007500 0.016667
2 0.565833 0.728333 0.009167 0.040000
3 0.781667 0.598333 0.007500 0.015000
3 0.800000 0.411667 0.009167 0.016667
3 0.253333 0.383333 0.008333 0.016667
3 0.574167 0.311667 0.010833 0.023333
2 0.337500 0.743333 0.048333 0.025000
2 0.320833 0.676667 0.034167 0.100000
2 0.642500 0.423333 0.019167 0.046667
3 0.310833 0.606667 0.010000 0.020000
2 0.217500 0.358333 0.035000 0.105000
2 0.548333 0.300000 0.048333 0.025000
2 0.552500 0.738333 0.027500 0.016667
2 0.685833 0.395000 0.058333 0.076667
2 0.698333 0.348333 0.045833 0.021667
3 0.677500 0.333333 0.009167 0.018333
3 0.719167 0.368333 0.008333 0.016667
3 0.300000 0.391667 0.010000 0.016667
3 0.783333 0.663333 0.010833 0.023333
2 0.282500 0.718333 0.022500 0.023333
3 0.445833 0.375000 0.007500 0.015000
2 0.444167 0.741667 0.021667 0.090000
2 0.766667 0.793333 0.026667 0.035000
3 0.452500 0.273333 0.011667 0.030000
3 0.545000 0.640000 0.010833 0.013333
3 0.353333 0.616667 0.017500 0.031667
2 0.515833 0.441667 0.026667 0.035000
3 0.545000 0.238333 0.008333 0.016667
2 0.682500 0.383333 0.020000 0.021667
3 0.390833 0.688333 0.013333 0.015000
2 0.424167 0.716667 0.029167 0.038333
2 0.548333 0.331667 0.020833 0.028333
3 0.717500 0.643333 0.008333 0.016667
2 0.775833 0.645000 0.020000 0.021667
2 0.359167 0.696667 0.020833 0.080000
2 0.669167 0.253333 0.009167 0.040000
2 0.767500 0.355000 0.017500 0.116667
2 0.305000 0.393333 0.023333 0.041667
3 0.410833 0.751667 0.017500 0.031667
3 0.439167 0.343333 0.010000 0.020000
3 0.658333 0.403333 0.008333 0.021667
3 0.698333 0.676667 0.009167 0.018333
2 0.372500 0.365000 0.023333 0.106667
3 0.512500 0.803333 0.014167 0.025000
2 0.358333 0.686667 0.011667 0.025000
2 0.650833 0.335000 0.048333 0.043333
2 0.720833 0.608333 0.023333 0.106667
2 0.589167 0.773333 0.034167 0.100000
2 0.302500 0.696667 0.009167 0.040000
2 0.689167 0.346667 0.009167 0.031667
2 0.294167 0.761667 0.048333 0.025000
2 0.640833 0.471667 0.034167 0.100000
2 0.697500 0.431667 0.022500 0.023333
2 0.428333 0.658333 0.048333 0.043333
2 0.734167 0.396667 0.010000 0.031667
2 0.694167 0.278333 0.020000 0.021667
2 0.421667 0.751667 0.034167 0.100000
3 0.699167 0.306667 0.007500 0.015000
3 0.640833 0.658333 0.010000 0.020000
3 0.710833 0.691667 0.009167 0.015000
2 0.613333 0.380000 0.027500 0.016667
2 0.324167 0.350000 0.009167 0.040000
2 0.530833 0.700000 0.011667 0.025000
3 0.307500 0.700000 0.008333 0.016667
3 0.679167 0.353333 0.007500 0.015000
2 0.475833 0.763333 0.022500 0.023333
2 0.749167 0.376667 0.035000 0.105000
2 0.708333 0.681667 0.030833 0.051667
2 0.717500 0.436667 0.026667 0.035000
3 0.471667 0.308333 0.017500 0.031667
2 0.429167 0.731667 0.035000 0.105000
2 0.755000 0.571667 0.020833 0.080000
2 0.779167 0.645000 0.019167 0.046667
3 0.267500 0.280000 0.007500 0.018333
3 0.726667 0.720000 0.009167 0.015000
3 0.427500 0.811667 0.009167 0.018333
2 0.677500 0.263333 0.048333 0.043333
2 0.723333 0.700000 0.019167 0.046667
3 0.462500 0.718333 0.011667 0.020000
2 0.760833 0.655000 0.023333 0.041667
2 0.688333 0.431667 0.045833 0.021667
2 0.695000 0.381667 0.023333 0.106667
3 0.240000 0.373333 0.009167 0.023333
3 0.683333 0.333333 0.017500 0.031667
3 0.729167 0.721667 0.008333 0.021667
2 0.787500 0.640000 0.015833 0.068333
2 0.505000 0.283333 0.034167 0.038333
3 0.692500 0.646667 0.009167 0.016667
2 0.617500 0.386667 0.026667 0.035000
3 0.522500 0.758333 0.013333 0.031667
2 0.652500 0.668333 0.020833 0.080000
2 0.788333 0.623333 0.011667 0.066667
2 0.513333 0.616667 0.048333 0.043333
2 0.687500 0.328333 0.030833 0.051667
3 0.779167 0.645000 0.009167 0.016667
3 0.314167 0.456667 0.010000 0.020000
2 0.790833 0.750000 0.020833 0.080000
3 0.247500 0.673333 0.009167 0.018333
2 0.728333 0.650000 0.023333 0.041667
3 0.581667 0.323333 0.011667 0.030000
2 0.634167 0.448333 0.048333 0.025000
2 0.712500 0.426667 0.029167 0.038333
3 0.377500 0.383333 0.011667 0.020000
3 0.654167 0.625000 0.009167 0.023333
3 0.355000 0.281667 0.008333 0.016667
2 0.341667 0.716667 0.023333 0.041667
3 0.644167 0.363333 0.009167 0.016667
3 0.671667 0.635000 0.010000 0.016667
2 0.721667 0.570000 0.020833 0.080000
2 0.412500 0.738333 0.048333 0.043333
2 0.625000 0.418333 0.026667 0.035000
3 0.585833 0.753333 0.015833 0.051667
3 0.320000 0.358333 0.008333 0.016667
3 0.531667 0.373333 0.010000 0.016667
3 0.513333 0.421667 0.007500 0.015000
3 0.484167 0.781667 0.017500 0.031667
3 0.653333 0.335000 0.010833 0.023333
3 0.648333 0.666667 0.013333 0.015000
2 0.599167 0.998333 0.020833 0.001667
2 0.705833 0.333333 0.020833 0.080000
3 0.669167 0.358333 0.010833 0.013333
3 0.739167 0.685000 0.007500 0.015000
2 0.517500 0.675000 0.058333 0.076667
3 0.711667 0.611667 0.008333 0.016667
3 0.458333 0.696667 0.011667 0.030000
3 0.322500 0.403333 0.010833 0.013333
2 0.520833 0.423333 0.023333 0.041667
2 0.250000 0.748333 0.030833 0.051667
3 0.311667 0.343333 0.013333 0.031667
2 0.314167 0.290000 0.021667 0.090000
2 0.440833 0.108333 0.048333 0.043333
2 0.436667 0.728333 0.009167 0.040000
3 0.484167 0.645000 0.011667 0.030000
3 0.728333 0.681667 0.007500 0.015000
3 0.723333 0.778333 0.009167 0.016667
3 0.813333 0.631667 0.009167 0.016667
2 0.290833 0.413333 0.009167 0.031667
2 0.216667 0.313333 0.022500 0.023333
2 0.485833 0.338333 0.027500 0.016667
2 0.494167 0.398333 0.014167 0.015000
3 0.293333 0.716667 0.011667 0.030000
2 0.694167 0.765000 0.010833 0.091667
3 0.286667 0.720000 0.009167 0.016667
3 0.455833 0.668333 0.008333 0.021667
2 0.267500 0.700000 0.015833 0.068333
2 0.669167 0.253333 0.009167 0.040000
2 0.343333 0.678333 0.013333 0.070000
3 0.422500 0.753333 0.009167 0.016667
3 0.455000 0.755000 0.009167 0.016667
2 0.805000 0.396667 0.020000 0.021667
3 0.492500 0.780000 0.007500 0.015000
2 0.621667 0.626667 0.048333 0.025000
3 0.255833 0.230000 0.007500 0.018333
2 0.436667 0.756667 0.009167 0.031667
2 0.730000 0.398333 0.010833 0.091667
2 0.713333 0.396667 0.020833 0.080000
2 0.430000 0.775000 0.097500 0.053333
3 0.600000 0.638333 0.014167 0.025000
2 0.795833 0.363333 0.015833 0.068333
3 0.706667 0.323333 0.009167 0.016667
3 0.704167 0.620000 0.007500 0.016667
2 0.755833 0.596667 0.045833 0.021667
2 0.544167 0.713333 0.020833 0.080000
3 0.601667 0.386667 0.017500 0.031667
3 0.466667 0.138333 0.007500 0.018333
2 0.545000 0.758333 0.020833 0.080000
2 0.695000 0.420000 0.027500 0.016667
2 0.695000 0.665000 0.020000 0.021667
3 0.722500 0.660000 0.007500 0.018333
2 0.259167 0.275000 0.045833 0.021667
3 0.641667 0.660000 0.008333 0.016667
2 0.697500 0.728333 0.022500 0.023333
2 0.790833 0.750000 0.020833 0.080000
2 0.286667 0.720000 0.020833 0.028333
3 0.456667 0.800000 0.008333 0.016667
2 0.490000 0.763333 0.013333 0.070000
