4 0.800000 0.520000 0.100833 0.098333
4 0.822500 0.528333 0.052500 0.123333
4 0.812500 0.425000 0.132500 0.088333
4 0.842500 0.415000 0.170833 0.128333
4 0.819167 0.578333 0.107500 0.048333
4 0.795000 0.466667 0.089167 0.125000
4 0.837500 0.573333 0.051667 0.071667
4 0.861667 0.571667 0.058333 0.046667
4 0.767500 0.405000 0.221667 0.175000
4 0.850833 0.640000 0.075000 0.033333
4 0.405000 0.573333 0.117500 0.138333
4 0.150833 0.666667 0.080833 0.231667
4 0.764167 0.561667 0.050000 0.128333
4 0.136667 0.490000 0.045833 0.048333
4 0.020833 0.688333 0.041667 0.345000
4 0.042500 0.655000 0.085833 0.255000
4 0.105000 0.510000 0.085833 0.026667
4 0.528333 0.486667 0.064167 0.068333
4 0.153333 0.561667 0.102500 0.036667
4 0.167500 0.530000 0.107500 0.116667
2 0.234167 0.450000 0.010000 0.031667
3 0.818333 0.586667 0.007500 0.018333
2 0.636667 0.511667 0.010000 0.031667
3 0.090000 0.536667 0.007500 0.018333
3 0.083333 0.490000 0.008333 0.016667
3 0.163333 0.446667 0.011667 0.020000
3 0.610000 0.590000 0.013333 0.015000
2 0.542500 0.558333 0.013333 0.070000
3 0.716667 0.461667 0.010000 0.020000
2 0.698333 0.523333 0.026667 0.035000
2 0.665000 0.553333 0.097500 0.053333
3 0.798333 0.573333 0.008333 0.016667
3 0.684167 0.518333 0.009167 0.018333
3 0.797500 0.453333 0.008333 0.016667
2 0.405833 0.500000 0.017500 0.116667
3 0.193333 0.475000 0.013333 0.015000
3 0.689167 0.576667 0.011667 0.030000
3 0.209167 0.478333 0.010000 0.016667
3 0.794167 0.501667 0.008333 0.016667
2 0.036667 0.500000 0.026667 0.035000
2 0.211667 0.556667 0.020833 0.028333
2 0.249167 0.598333 0.020000 0.021667
3 0.825833 0.536667 0.011667 0.020000
2 0.700000 0.528333 0.021667 0.090000
2 0.541667 0.485000 0.010000 0.031667
2 0.662500 0.453333 0.045833 0.021667
2 0.800833 0.453333 0.023333 0.041667
2 0.518333 0.483333 0.020833 0.028333
2 0.440000 0.583333 0.021667 0.090000
3 0.185833 0.490000 0.008333 0.016667
3 0.579167 0.526667 0.006667 0.018333
2 0.379167 0.546667 0.020833 0.080000
3 0.502500 0.443333 0.007500 0.018333
3 0.140000 0.543333 0.007500 0.015000
3 0.144167 0.526667 0.014167 0.025000
2 0.263333 0.525000 0.030833 0.051667
2 0.351667 0.451667 0.017500 0.116667
2 0.272500 0.591667 0.021667 0.090000
2 0.140000 0.595000 0.010000 0.031667
2 0.357500 0.563333 0.020000 0.021667
3 0.610000 0.581667 0.017500 0.031667
2 0.763333 0.508333 0.048333 0.043333
2 0.153333 0.456667 0.030833 0.051667
3 0.613333 0.538333 0.007500 0.015000
2 0.150000 0.518333 0.023333 0.106667
3 0.370000 0.486667 0.014167 0.025000
2 0.160000 0.591667 0.030833 0.051667
2 0.760833 0.493333 0.058333 0.076667
2 0.605833 0.505000 0.022500 0.023333
3 0.795000 0.575000 0.008333 0.016667
2 0.502500 0.531667 0.023333 0.106667
2 0.667500 0.516667 0.015833 0.068333
2 0.796667 0.541667 0.011667 0.025000
3 0.424167 0.585000 0.010000 0.020000
3 0.284167 0.536667 0.007500 0.018333
2 0.546667 0.576667 0.034167 0.038333
3 0.822500 0.471667 0.008333 0.021667
2 0.256667 0.468333 0.058333 0.076667
2 0.496667 0.418333 0.010000 0.031667
2 0.700833 0.545000 0.023333 0.106667
2 0.534167 0.546667 0.097500 0.053333
3 0.410000 0.500000 0.008333 0.016667
2 0.269167 0.550000 0.013333 0.070000
3 0.603333 0.573333 0.017500 0.031667
2 0.477500 0.510000 0.097500 0.053333
2 0.205833 0.463333 0.009167 0.031667
2 0.293333 0.513333 0.029167 0.038333
3 0.220833 0.453333 0.014167 0.025000
3 0.495833 0.496667 0.007500 0.016667
2 0.433333 0.500000 0.010000 0.031667
2 0.015000 0.505000 0.014167 0.015000
2 0.688333 0.563333 0.027500 0.016667
2 0.498333 0.520000 0.010000 0.031667
2 0.015000 0.545000 0.020000 0.021667
2 0.780833 0.571667 0.020833 0.028333
2 0.169167 0.483333 0.058333 0.076667
3 0.073333 0.545000 0.009167 0.016667
3 0.530000 0.586667 0.017500 0.031667
3 0.789167 0.516667 0.007500 0.016667
3 0.690833 0.501667 0.007500 0.015000
2 0.244167 0.478333 0.097500 0.053333
2 0.410000 0.513333 0.011667 0.066667
3 0.570000 0.565000 0.009167 0.015000
3 0.308333 0.481667 0.009167 0.023333
3 0.054167 0.590000 0.015833 0.051667
2 0.240000 0.483333 0.034167 0.038333
3 0.577500 0.571667 0.010833 0.013333
2 0.164167 0.490000 0.019167 0.046667
3 0.806667 0.456667 0.009167 0.015000
3 0.599167 0.595000 0.008333 0.016667
2 0.116667 0.486667 0.009167 0.040000
3 0.188333 0.535000 0.007500 0.015000
2 0.506667 0.536667 0.029167 0.038333
2 0.412500 0.535000 0.015833 0.068333
2 0.792500 0.525000 0.013333 0.070000
3 0.491667 0.566667 0.008333 0.016667
2 0.160000 0.480000 0.027500 0.016667
3 0.335833 0.505000 0.013333 0.031667
3 0.367500 0.520000 0.017500 0.031667
3 0.250833 0.530000 0.007500 0.018333
2 0.604167 0.585000 0.030833 0.051667
3 0.193333 0.491667 0.017500 0.031667
2 0.817500 0.351667 0.015833 0.068333
3 0.355833 0.365000 0.007500 0.015000
3 0.665833 0.681667 0.008333 0.021667
2 0.686667 0.645000 0.022500 0.023333
2 0.702500 0.320000 0.034167 0.038333
3 0.621667 0.293333 0.008333 0.016667
3 0.750833 0.401667 0.011667 0.030000
2 0.380000 0.690000 0.019167 0.046667
3 0.554167 0.998333 0.011667 0.001667
3 0.305000 0.661667 0.007500 0.015000
2 0.332500 0.718333 0.023333 0.041667
3 0.432500 0.748333 0.008333 0.021667
3 0.777500 0.413333 0.011667 0.020000
3 0.721667 0.420000 0.010833 0.023333
3 0.684167 0.426667 0.009167 0.015000
3 0.582500 0.615000 0.013333 0.031667
2 0.757500 0.638333 0.029167 0.038333
2 0.430000 0.630000 0.019167 0.046667
2 0.450000 0.723333 0.009167 0.031667
3 0.531667 0.690000 0.007500 0.018333
3 0.318333 0.286667 0.008333 0.021667
3 0.563333 0.673333 0.009167 0.016667
2 0.524167 0.395000 0.020833 0.080000
3 0.701667 0.643333 0.009167 0.015000
2 0.526667 0.625000 0.009167 0.031667
3 0.453333 0.345000 0.014167 0.025000
3 0.259167 0.363333 0.007500 0.016667
3 0.801667 0.396667 0.009167 0.016667
2 0.315833 0.438333 0.013333 0.070000
3 0.267500 0.278333 0.008333 0.016667
2 0.575000 0.628333 0.009167 0.031667
3 0.802500 0.401667 0.008333 0.021667
3 0.305000 0.150000 0.008333 0.016667
2 0.315000 0.783333 0.011667 0.025000
3 0.639167 0.676667 0.011667 0.030000
2 0.694167 0.658333 0.020833 0.028333
3 0.710000 0.418333 0.009167 0.023333
3 0.485000 0.445000 0.009167 0.018333
3 0.781667 0.381667 0.010833 0.023333
3 0.782500 0.418333 0.008333 0.016667
3 0.435833 0.680000 0.010000 0.020000
3 0.672500 0.356667 0.007500 0.016667
3 0.685833 0.330000 0.008333 0.016667
2 0.405833 0.706667 0.034167 0.038333
3 0.324167 0.405000 0.007500 0.015000
3 0.480000 0.703333 0.007500 0.015000
3 0.518333 0.396667 0.010833 0.023333
2 0.315833 0.410000 0.030833 0.051667
3 0.580833 0.735000 0.013333 0.015000
2 0.795000 0.380000 0.026667 0.035000
3 0.392500 0.676667 0.015833 0.051667
3 0.224167 0.305000 0.007500 0.016667
2 0.746667 0.393333 0.011667 0.066667
2 0.691667 0.266667 0.023333 0.106667
2 0.528333 0.383333 0.011667 0.025000
3 0.276667 0.758333 0.007500 0.015000
3 0.800000 0.406667 0.008333 0.016667
3 0.569167 0.780000 0.008333 0.016667
2 0.600000 0.348333 0.023333 0.106667
3 0.752500 0.321667 0.015833 0.051667
2 0.640000 0.343333 0.022500 0.023333
3 0.690833 0.711667 0.009167 0.016667
3 0.670000 0.651667 0.009167 0.016667
2 0.440000 0.798333 0.013333 0.070000
3 0.683333 0.396667 0.011667 0.020000
2 0.648333 0.291667 0.030833 0.051667
2 0.275833 0.738333 0.030833 0.051667
2 0.660833 0.428333 0.009167 0.040000
3 0.800833 0.410000 0.008333 0.016667
2 0.375833 0.715000 0.030833 0.051667
2 0.520833 0.646667 0.020833 0.080000
2 0.745833 0.610000 0.026667 0.035000
3 0.646667 0.401667 0.008333 0.016667
2 0.672500 0.606667 0.045833 0.021667
3 0.781667 0.378333 0.015833 0.051667
3 0.490833 0.346667 0.017500 0.031667
3 0.311667 0.795000 0.007500 0.018333
2 0.261667 0.706667 0.019167 0.046667
3 0.308333 0.661667 0.007500 0.015000
3 0.417500 0.665000 0.014167 0.025000
2 0.763333 0.368333 0.045833 0.021667
3 0.723333 0.591667 0.014167 0.025000
2 0.332500 0.251667 0.021667 0.090000
3 0.720000 0.398333 0.015833 0.051667
2 0.679167 0.278333 0.027500 0.016667
2 0.709167 0.711667 0.048333 0.043333
2 0.697500 0.435000 0.021667 0.090000
2 0.710833 0.416667 0.034167 0.100000
2 0.645833 0.636667 0.019167 0.046667
3 0.594167 0.741667 0.010000 0.020000
2 0.237500 0.735000 0.020833 0.080000
3 0.714167 0.421667 0.008333 0.021667
3 0.593333 0.738333 0.010833 0.013333
2 0.248333 0.675000 0.020833 0.080000
2 0.475000 0.741667 0.014167 0.015000
3 0.644167 0.403333 0.008333 0.016667
3 0.712500 0.418333 0.011667 0.020000
2 0.435000 0.728333 0.020833 0.028333
3 0.415833 0.748333 0.008333 0.016667
2 0.669167 0.405000 0.017500 0.116667
3 0.464167 0.331667 0.013333 0.031667
3 0.648333 0.681667 0.011667 0.020000
2 0.702500 0.695000 0.013333 0.070000
2 0.355000 0.636667 0.011667 0.066667
2 0.210000 0.685000 0.097500 0.053333
3 0.825833 0.416667 0.009167 0.016667
3 0.703333 0.670000 0.010833 0.023333
3 0.253333 0.646667 0.009167 0.023333
3 0.156667 0.413333 0.013333 0.031667
3 0.744167 0.415000 0.017500 0.031667
2 0.460833 0.288333 0.045833 0.021667
2 0.783333 0.688333 0.023333 0.106667
3 0.655833 0.416667 0.006667 0.018333
2 0.295000 0.250000 0.020833 0.080000
2 0.688333 0.353333 0.015833 0.068333
2 0.388333 0.378333 0.058333 0.076667
3 0.711667 0.448333 0.007500 0.018333
2 0.657500 0.676667 0.034167 0.100000
2 0.451667 0.416667 0.013333 0.070000
2 0.692500 0.641667 0.027500 0.016667
2 0.459167 0.363333 0.034167 0.100000
3 0.389167 0.641667 0.007500 0.016667
2 0.334167 0.415000 0.034167 0.100000
3 0.655833 0.333333 0.010833 0.013333
2 0.526667 0.346667 0.015833 0.068333
3 0.248333 0.675000 0.007500 0.018333
2 0.716667 0.398333 0.023333 0.106667
2 0.339167 0.310000 0.048333 0.043333
2 0.354167 0.738333 0.014167 0.015000
2 0.585833 0.700000 0.034167 0.038333
3 0.717500 0.663333 0.013333 0.031667
3 0.695833 0.661667 0.008333 0.016667
3 0.600000 0.998333 0.011667 0.001667
2 0.384167 0.761667 0.014167 0.015000
3 0.653333 0.633333 0.007500 0.015000
2 0.546667 0.645000 0.034167 0.038333
3 0.189167 0.398333 0.010000 0.016667
2 0.529167 0.715000 0.013333 0.070000
3 0.461667 0.658333 0.009167 0.015000
2 0.254167 0.750000 0.034167 0.100000
3 0.743333 0.283333 0.008333 0.016667
2 0.561667 0.200000 0.034167 0.100000
2 0.735000 0.641667 0.011667 0.066667
2 0.445833 0.720000 0.009167 0.031667
3 0.549167 0.705000 0.010833 0.013333
3 0.275833 0.663333 0.007500 0.015000
2 0.670833 0.751667 0.021667 0.090000
3 0.505000 0.256667 0.007500 0.015000
2 0.262500 0.811667 0.034167 0.038333
3 0.664167 0.398333 0.009167 0.016667
3 0.805000 0.633333 0.010833 0.023333
2 0.780000 0.323333 0.019167 0.046667
2 0.695000 0.653333 0.023333 0.106667
3 0.784167 0.603333 0.011667 0.030000
2 0.581667 0.653333 0.010000 0.031667
2 0.436667 0.398333 0.019167 0.046667
2 0.389167 0.383333 0.048333 0.043333
3 0.421667 0.783333 0.009167 0.015000
2 0.395000 0.668333 0.030833 0.051667
3 0.270000 0.865000 0.009167 0.016667
3 0.259167 0.316667 0.007500 0.015000
2 0.751667 0.401667 0.058333 0.076667
3 0.637500 0.671667 0.007500 0.018333
3 0.745833 0.606667 0.010833 0.023333
2 0.526667 0.371667 0.020000 0.021667
2 0.702500 0.310000 0.013333 0.070000
3 0.784167 0.415000 0.013333 0.015000
3 0.598333 0.710000 0.009167 0.016667
2 0.735000 0.423333 0.009167 0.031667
2 0.329167 0.753333 0.017500 0.116667
2 0.420833 0.366667 0.020833 0.028333
2 0.260833 0.778333 0.019167 0.046667
3 0.375833 0.800000 0.011667 0.030000
2 0.262500 0.623333 0.019167 0.046667
2 0.470833 0.798333 0.019167 0.046667
3 0.712500 0.625000 0.015833 0.051667
3 0.803333 0.331667 0.010833 0.013333
3 0.711667 0.345000 0.007500 0.016667
2 0.419167 0.708333 0.010833 0.091667
2 0.459167 0.328333 0.034167 0.038333
3 0.480833 0.753333 0.013333 0.015000
3 0.673333 0.443333 0.008333 0.016667
3 0.456667 0.341667 0.010833 0.013333
2 0.709167 0.638333 0.013333 0.070000
2 0.315833 0.828333 0.034167 0.100000
2 0.743333 0.703333 0.014167 0.015000
3 0.450833 0.648333 0.010000 0.016667
2 0.713333 0.213333 0.011667 0.066667
3 0.402500 0.376667 0.008333 0.016667
3 0.727500 0.295000 0.014167 0.025000
2 0.751667 0.405000 0.010833 0.091667
2 0.774167 0.333333 0.011667 0.025000
3 0.281667 0.766667 0.009167 0.016667
3 0.270833 0.346667 0.011667 0.020000
2 0.351667 0.603333 0.020833 0.028333
2 0.328333 0.321667 0.009167 0.040000
3 0.310000 0.396667 0.010000 0.020000
3 0.792500 0.418333 0.007500 0.015000
