4 0.875833 0.581667 0.074167 0.160000
4 0.780833 0.328333 0.163333 0.173333
4 0.821667 0.333333 0.123333 0.130000
4 0.807500 0.405000 0.122500 0.078333
4 0.810833 0.631667 0.081667 0.085000
4 0.886667 0.568333 0.069167 0.111667
4 0.829167 0.413333 0.077500 0.181667
4 0.865833 0.548333 0.042500 0.038333
4 0.850833 0.615000 0.084167 0.085000
4 0.849167 0.648333 0.086667 0.110000
4 0.175833 0.566667 0.090000 0.046667
4 0.756667 0.458333 0.077500 0.120000
4 0.360833 0.538333 0.136667 0.088333
4 0.074167 0.443333 0.055833 0.121667
4 0.536667 0.558333 0.057500 0.100000
4 0.764167 0.578333 0.065000 0.091667
4 0.238333 0.533333 0.088333 0.021667
4 0.465833 0.520000 0.205000 0.063333
4 0.442500 0.508333 0.075000 0.030000
4 0.271667 0.655000 0.133333 0.216667
3 0.335000 0.575000 0.009167 0.016667
2 0.428333 0.588333 0.020833 0.080000
3 0.332500 0.556667 0.013333 0.031667
2 0.620000 0.508333 0.020833 0.080000
2 0.145833 0.558333 0.009167 0.031667
2 0.096667 0.480000 0.011667 0.066667
2 0.350000 0.571667 0.011667 0.025000
2 0.387500 0.526667 0.011667 0.025000
2 0.594167 0.540000 0.015833 0.068333
3 0.403333 0.458333 0.011667 0.020000
3 0.555000 0.508333 0.009167 0.015000
2 0.654167 0.478333 0.015833 0.068333
3 0.584167 0.558333 0.007500 0.015000
3 0.275833 0.521667 0.008333 0.016667
3 0.714167 0.541667 0.007500 0.018333
3 0.590000 0.488333 0.008333 0.016667
2 0.170833 0.550000 0.015833 0.068333
2 0.667500 0.541667 0.058333 0.076667
2 0.530833 0.535000 0.045833 0.021667
2 0.143333 0.498333 0.022500 0.023333
3 0.190000 0.601667 0.007500 0.015000
3 0.070833 0.581667 0.009167 0.023333
3 0.625833 0.558333 0.009167 0.023333
3 0.073333 0.553333 0.014167 0.025000
3 0.027500 0.480000 0.013333 0.031667
2 0.039167 0.565000 0.020833 0.080000
3 0.540833 0.523333 0.007500 0.018333
3 0.343333 0.548333 0.015833 0.051667
2 0.758333 0.516667 0.034167 0.100000
3 0.344167 0.486667 0.014167 0.025000
3 0.823333 0.481667 0.008333 0.016667
3 0.570833 0.588333 0.013333 0.015000
3 0.138333 0.575000 0.009167 0.015000
2 0.725833 0.521667 0.010000 0.031667
2 0.570833 0.520000 0.023333 0.106667
3 0.669167 0.491667 0.007500 0.016667
3 0.462500 0.528333 0.010833 0.013333
2 0.215833 0.510000 0.035000 0.105000
2 0.072500 0.496667 0.010833 0.091667
2 0.165000 0.553333 0.097500 0.053333
2 0.691667 0.485000 0.011667 0.025000
3 0.610833 0.476667 0.011667 0.020000
2 0.075833 0.521667 0.014167 0.015000
2 0.187500 0.520000 0.045833 0.021667
2 0.648333 0.498333 0.058333 0.076667
3 0.788333 0.511667 0.006667 0.018333
2 0.803333 0.521667 0.020000 0.021667
3 0.713333 0.528333 0.015833 0.051667
2 0.474167 0.546667 0.009167 0.040000
2 0.818333 0.450000 0.015833 0.068333
2 0.458333 0.538333 0.045833 0.021667
2 0.591667 0.610000 0.034167 0.038333
3 0.765000 0.521667 0.013333 0.015000
3 0.076667 0.566667 0.008333 0.016667
2 0.199167 0.420000 0.035000 0.105000
2 0.765000 0.506667 0.097500 0.053333
2 0.540000 0.460000 0.029167 0.038333
2 0.023333 0.553333 0.046667 0.053333
3 0.225833 0.453333 0.015833 0.051667
2 0.514167 0.606667 0.034167 0.100000
3 0.468333 0.540000 0.007500 0.015000
3 0.109167 0.455000 0.010000 0.020000
3 0.040833 0.583333 0.008333 0.021667
3 0.525833 0.578333 0.015833 0.051667
2 0.492500 0.590000 0.013333 0.070000
2 0.328333 0.481667 0.022500 0.023333
2 0.128333 0.435000 0.015833 0.068333
2 0.147500 0.490000 0.027500 0.016667
2 0.473333 0.446667 0.027500 0.016667
3 0.638333 0.558333 0.009167 0.018333
2 0.366667 0.570000 0.021667 0.090000
2 0.553333 0.526667 0.048333 0.043333
3 0.245000 0.575000 0.007500 0.015000
2 0.376667 0.521667 0.011667 0.066667
2 0.200000 0.528333 0.097500 0.053333
2 0.425000 0.576667 0.026667 0.035000
2 0.470833 0.416667 0.020000 0.021667
2 0.365000 0.468333 0.022500 0.023333
2 0.312500 0.478333 0.011667 0.025000
3 0.225833 0.508333 0.015833 0.051667
2 0.171667 0.491667 0.021667 0.090000
2 0.605000 0.616667 0.021667 0.090000
3 0.304167 0.598333 0.008333 0.016667
2 0.131667 0.551667 0.021667 0.090000
2 0.768333 0.493333 0.023333 0.041667
2 0.420833 0.458333 0.034167 0.038333
3 0.186667 0.563333 0.007500 0.016667
3 0.775000 0.480000 0.008333 0.016667
2 0.578333 0.488333 0.013333 0.070000
3 0.750000 0.483333 0.010000 0.020000
3 0.435833 0.536667 0.008333 0.016667
3 0.827500 0.635000 0.009167 0.016667
3 0.265833 0.560000 0.013333 0.031667
3 0.031667 0.495000 0.015833 0.051667
2 0.261667 0.483333 0.021667 0.090000
3 0.469167 0.583333 0.007500 0.016667
2 0.050000 0.580000 0.048333 0.025000
2 0.627500 0.595000 0.013333 0.070000
3 0.821667 0.545000 0.014167 0.025000
2 0.405833 0.468333 0.023333 0.106667
2 0.237500 0.533333 0.023333 0.041667
2 0.107500 0.523333 0.035000 0.105000
2 0.743333 0.573333 0.058333 0.076667
2 0.480000 0.721667 0.035000 0.105000
2 0.440833 0.343333 0.014167 0.015000
2 0.333333 0.380000 0.009167 0.040000
3 0.734167 0.646667 0.011667 0.030000
3 0.774167 0.691667 0.011667 0.020000
3 0.555000 0.658333 0.017500 0.031667
2 0.815833 0.366667 0.020833 0.080000
2 0.454167 0.621667 0.011667 0.066667
3 0.650833 0.670000 0.008333 0.016667
3 0.697500 0.663333 0.009167 0.016667
2 0.630000 0.628333 0.045833 0.021667
3 0.848333 0.323333 0.007500 0.018333
2 0.267500 0.270000 0.022500 0.023333
3 0.585833 0.418333 0.008333 0.016667
2 0.755833 0.323333 0.020000 0.021667
3 0.406667 0.351667 0.010833 0.013333
3 0.408333 0.676667 0.007500 0.016667
3 0.461667 0.708333 0.008333 0.016667
3 0.781667 0.418333 0.009167 0.018333
3 0.734167 0.720000 0.010000 0.020000
3 0.615000 0.400000 0.009167 0.023333
2 0.566667 0.661667 0.021667 0.090000
3 0.425833 0.666667 0.008333 0.016667
2 0.764167 0.373333 0.021667 0.090000
3 0.489167 0.286667 0.007500 0.016667
3 0.802500 0.733333 0.011667 0.030000
3 0.366667 0.718333 0.013333 0.015000
3 0.505000 0.333333 0.007500 0.015000
2 0.390833 0.310000 0.097500 0.053333
3 0.233333 0.801667 0.008333 0.016667
2 0.505833 0.398333 0.048333 0.025000
3 0.540000 0.723333 0.009167 0.018333
2 0.313333 0.250000 0.026667 0.035000
3 0.550000 0.421667 0.011667 0.030000
3 0.715833 0.411667 0.010833 0.013333
2 0.682500 0.671667 0.010000 0.031667
2 0.350833 0.411667 0.013333 0.070000
2 0.380000 0.693333 0.030833 0.051667
2 0.543333 0.275000 0.011667 0.066667
2 0.535833 0.686667 0.020833 0.028333
2 0.540000 0.411667 0.029167 0.038333
3 0.333333 0.400000 0.009167 0.016667
3 0.282500 0.766667 0.008333 0.016667
2 0.650833 0.343333 0.048333 0.025000
3 0.486667 0.320000 0.010000 0.020000
2 0.748333 0.313333 0.014167 0.015000
3 0.625000 0.353333 0.009167 0.023333
2 0.365833 0.751667 0.020833 0.028333
2 0.424167 0.716667 0.029167 0.038333
3 0.642500 0.405000 0.011667 0.020000
3 0.745000 0.608333 0.010833 0.013333
2 0.494167 0.403333 0.023333 0.106667
3 0.582500 0.410000 0.014167 0.025000
3 0.488333 0.203333 0.010000 0.016667
3 0.291667 0.778333 0.010833 0.023333
3 0.296667 0.371667 0.011667 0.030000
3 0.333333 0.333333 0.009167 0.016667
2 0.662500 0.631667 0.027500 0.016667
2 0.670833 0.310000 0.020833 0.080000
2 0.613333 0.403333 0.034167 0.100000
3 0.751667 0.383333 0.010833 0.013333
3 0.794167 0.651667 0.014167 0.025000
2 0.680000 0.658333 0.030833 0.051667
3 0.514167 0.626667 0.014167 0.025000
3 0.775833 0.421667 0.010000 0.020000
2 0.510000 0.336667 0.097500 0.053333
3 0.522500 0.760000 0.007500 0.015000
2 0.370833 0.725000 0.045833 0.021667
2 0.312500 0.358333 0.022500 0.023333
2 0.542500 0.736667 0.048333 0.043333
3 0.368333 0.678333 0.007500 0.015000
2 0.745833 0.388333 0.020833 0.028333
2 0.792500 0.401667 0.023333 0.041667
2 0.494167 0.771667 0.020000 0.021667
2 0.411667 0.843333 0.014167 0.015000
3 0.711667 0.415000 0.013333 0.015000
2 0.482500 0.231667 0.021667 0.090000
3 0.675833 0.353333 0.006667 0.018333
3 0.627500 0.650000 0.007500 0.018333
3 0.194167 0.403333 0.007500 0.018333
3 0.622500 0.343333 0.011667 0.020000
3 0.691667 0.333333 0.011667 0.020000
3 0.777500 0.601667 0.013333 0.015000
3 0.627500 0.648333 0.007500 0.015000
2 0.670000 0.408333 0.019167 0.046667
3 0.784167 0.661667 0.009167 0.018333
2 0.333333 0.860000 0.020000 0.021667
2 0.540833 0.381667 0.029167 0.038333
2 0.325833 0.693333 0.019167 0.046667
2 0.450833 0.783333 0.019167 0.046667
2 0.534167 0.230000 0.029167 0.038333
3 0.675000 0.720000 0.014167 0.025000
2 0.723333 0.408333 0.048333 0.025000
3 0.695000 0.348333 0.007500 0.016667
2 0.682500 0.370000 0.034167 0.100000
2 0.304167 0.383333 0.026667 0.035000
3 0.630833 0.658333 0.008333 0.016667
2 0.168333 0.411667 0.013333 0.070000
3 0.282500 0.770000 0.008333 0.021667
3 0.710000 0.450000 0.010833 0.023333
2 0.471667 0.253333 0.020833 0.080000
3 0.714167 0.416667 0.007500 0.016667
3 0.678333 0.355000 0.010000 0.020000
2 0.618333 0.373333 0.023333 0.106667
2 0.544167 0.236667 0.010000 0.031667
3 0.733333 0.371667 0.010000 0.020000
2 0.457500 0.326667 0.009167 0.040000
3 0.349167 0.683333 0.007500 0.015000
2 0.568333 0.630000 0.017500 0.116667
3 0.676667 0.638333 0.013333 0.031667
3 0.298333 0.366667 0.008333 0.016667
3 0.460833 0.665000 0.009167 0.018333
3 0.503333 0.826667 0.017500 0.031667
3 0.292500 0.830000 0.008333 0.016667
3 0.291667 0.828333 0.010000 0.016667
2 0.200000 0.388333 0.058333 0.076667
2 0.399167 0.373333 0.014167 0.015000
3 0.621667 0.656667 0.013333 0.031667
3 0.523333 0.411667 0.017500 0.031667
2 0.611667 0.353333 0.034167 0.038333
2 0.374167 0.363333 0.020000 0.021667
2 0.713333 0.341667 0.014167 0.015000
2 0.452500 0.913333 0.020833 0.080000
2 0.328333 0.246667 0.030833 0.051667
2 0.731667 0.423333 0.023333 0.106667
3 0.734167 0.643333 0.010833 0.023333
2 0.505000 0.343333 0.045833 0.021667
2 0.660000 0.700000 0.097500 0.053333
3 0.698333 0.655000 0.013333 0.015000
3 0.445000 0.711667 0.010833 0.023333
2 0.579167 0.631667 0.020833 0.028333
3 0.435833 0.396667 0.007500 0.015000
2 0.320833 0.388333 0.020833 0.080000
3 0.671667 0.620000 0.007500 0.015000
3 0.710000 0.430000 0.007500 0.015000
3 0.822500 0.396667 0.008333 0.016667
2 0.760000 0.606667 0.048333 0.025000
2 0.804167 0.615000 0.027500 0.016667
3 0.555833 0.710000 0.008333 0.021667
3 0.361667 0.666667 0.008333 0.016667
3 0.491667 0.328333 0.009167 0.015000
2 0.738333 0.668333 0.009167 0.031667
3 0.790833 0.658333 0.009167 0.016667
3 0.349167 0.708333 0.007500 0.015000
3 0.526667 0.615000 0.009167 0.016667
3 0.442500 0.156667 0.010833 0.013333
2 0.402500 0.681667 0.020000 0.021667
2 0.600000 0.610000 0.097500 0.053333
3 0.702500 0.670000 0.013333 0.031667
3 0.341667 0.836667 0.009167 0.015000
3 0.490000 0.331667 0.013333 0.031667
2 0.760833 0.403333 0.010833 0.091667
2 0.495000 0.658333 0.097500 0.053333
3 0.725000 0.431667 0.010833 0.013333
3 0.336667 0.645000 0.010833 0.023333
2 0.439167 0.818333 0.013333 0.070000
3 0.456667 0.223333 0.009167 0.016667
3 0.484167 0.646667 0.017500 0.031667
2 0.756667 0.320000 0.034167 0.038333
2 0.476667 0.320000 0.010833 0.091667
2 0.305833 0.283333 0.019167 0.046667
3 0.536667 0.285000 0.017500 0.031667
3 0.735833 0.655000 0.009167 0.016667
2 0.705000 0.728333 0.010833 0.091667
2 0.446667 0.376667 0.048333 0.025000
3 0.711667 0.685000 0.010833 0.013333
3 0.499167 0.670000 0.008333 0.016667
2 0.660833 0.700000 0.021667 0.090000
3 0.281667 0.750000 0.009167 0.016667
3 0.630000 0.363333 0.007500 0.018333
3 0.760833 0.368333 0.011667 0.020000
3 0.339167 0.715000 0.009167 0.016667
3 0.447500 0.363333 0.014167 0.025000
2 0.261667 0.873333 0.026667 0.035000
3 0.714167 0.373333 0.011667 0.030000
2 0.338333 0.356667 0.097500 0.053333
3 0.367500 0.431667 0.010000 0.016667
3 0.486667 0.283333 0.010000 0.020000
2 0.700833 0.346667 0.023333 0.106667
2 0.240000 0.331667 0.034167 0.038333
2 0.480000 0.673333 0.013333 0.070000
3 0.770833 0.615000 0.007500 0.016667
3 0.321667 0.171667 0.010833 0.013333
2 0.645000 0.393333 0.011667 0.025000
3 0.754167 0.660000 0.009167 0.016667
2 0.311667 0.403333 0.020833 0.028333
2 0.385833 0.656667 0.019167 0.046667
2 0.506667 0.273333 0.015833 0.068333
3 0.450833 0.671667 0.009167 0.015000
3 0.313333 0.718333 0.008333 0.016667
3 0.415000 0.845000 0.008333 0.016667
3 0.730833 0.306667 0.008333 0.021667
2 0.606667 0.678333 0.020000 0.021667
3 0.489167 0.305000 0.013333 0.015000
3 0.720000 0.998333 0.008333 0.001667
2 0.268333 0.771667 0.034167 0.100000
2 0.380833 0.418333 0.021667 0.090000
