4 0.817500 0.651667 0.055000 0.065000
4 0.800833 0.441667 0.139167 0.136667
4 0.855000 0.481667 0.075833 0.023333
4 0.872500 0.516667 0.117500 0.080000
4 0.769167 0.695000 0.180833 0.401667
4 0.807500 0.543333 0.230833 0.236667
4 0.862500 0.591667 0.057500 0.056667
4 0.825833 0.651667 0.091667 0.238333
4 0.857500 0.638333 0.044167 0.118333
4 0.830000 0.570000 0.040000 0.070000
4 0.025000 0.641667 0.050833 0.181667
4 0.115833 0.455000 0.185000 0.185000
4 0.640833 0.623333 0.065833 0.146667
4 0.519167 0.456667 0.154167 0.160000
4 0.137500 0.603333 0.051667 0.070000
4 0.592500 0.598333 0.092500 0.100000
4 0.770833 0.498333 0.099167 0.203333
4 0.690833 0.510000 0.091667 0.088333
4 0.255833 0.455000 0.143333 0.158333
4 0.784167 0.610000 0.083333 0.120000
2 0.459167 0.478333 0.022500 0.023333
2 0.708333 0.478333 0.035000 0.105000
3 0.604167 0.483333 0.015833 0.051667
2 0.176667 0.581667 0.023333 0.106667
3 0.135833 0.583333 0.017500 0.031667
2 0.054167 0.461667 0.011667 0.066667
3 0.544167 0.511667 0.015833 0.051667
3 0.659167 0.533333 0.011667 0.030000
2 0.804167 0.685000 0.022500 0.023333
3 0.103333 0.475000 0.008333 0.016667
2 0.100833 0.450000 0.034167 0.038333
3 0.188333 0.456667 0.009167 0.018333
2 0.338333 0.516667 0.020833 0.080000
3 0.644167 0.506667 0.017500 0.031667
2 0.487500 0.583333 0.048333 0.025000
3 0.610833 0.543333 0.009167 0.018333
2 0.526667 0.531667 0.020833 0.080000
2 0.811667 0.601667 0.034167 0.100000
2 0.593333 0.580000 0.058333 0.076667
3 0.700833 0.546667 0.013333 0.015000
3 0.023333 0.528333 0.009167 0.016667
2 0.121667 0.585000 0.019167 0.046667
2 0.357500 0.468333 0.017500 0.116667
3 0.296667 0.545000 0.009167 0.018333
2 0.387500 0.571667 0.048333 0.043333
2 0.380833 0.588333 0.017500 0.116667
3 0.765000 0.476667 0.006667 0.018333
3 0.642500 0.576667 0.009167 0.016667
3 0.600833 0.618333 0.009167 0.023333
3 0.505000 0.456667 0.011667 0.020000
2 0.035000 0.498333 0.023333 0.106667
2 0.544167 0.501667 0.027500 0.016667
2 0.474167 0.495000 0.014167 0.015000
3 0.232500 0.583333 0.014167 0.025000
3 0.635000 0.456667 0.008333 0.021667
3 0.373333 0.488333 0.015833 0.051667
3 0.563333 0.511667 0.009167 0.015000
3 0.792500 0.465000 0.008333 0.016667
3 0.059167 0.530000 0.008333 0.016667
2 0.102500 0.491667 0.029167 0.038333
2 0.380833 0.566667 0.023333 0.106667
2 0.745833 0.525000 0.097500 0.053333
3 0.300833 0.453333 0.013333 0.015000
3 0.625833 0.580000 0.009167 0.015000
3 0.495000 0.491667 0.008333 0.016667
2 0.780000 0.591667 0.009167 0.031667
3 0.715000 0.565000 0.009167 0.016667
2 0.505833 0.578333 0.023333 0.106667
3 0.481667 0.398333 0.006667 0.018333
2 0.417500 0.543333 0.009167 0.031667
3 0.613333 0.510000 0.009167 0.016667
2 0.186667 0.530000 0.021667 0.090000
2 0.706667 0.483333 0.010000 0.031667
2 0.369167 0.538333 0.011667 0.066667
3 0.283333 0.560000 0.010000 0.020000
3 0.200833 0.480000 0.011667 0.030000
2 0.155000 0.451667 0.097500 0.053333
3 0.215833 0.451667 0.013333 0.031667
2 0.370833 0.553333 0.034167 0.038333
3 0.388333 0.505000 0.007500 0.018333
3 0.698333 0.530000 0.008333 0.021667
2 0.160833 0.581667 0.023333 0.106667
2 0.554167 0.510000 0.017500 0.116667
2 0.723333 0.450000 0.058333 0.076667
2 0.392500 0.456667 0.014167 0.015000
3 0.018333 0.558333 0.009167 0.015000
2 0.043333 0.508333 0.017500 0.116667
3 0.093333 0.533333 0.013333 0.015000
2 0.190000 0.571667 0.034167 0.038333
2 0.725833 0.506667 0.010000 0.031667
3 0.188333 0.508333 0.013333 0.015000
3 0.559167 0.531667 0.011667 0.020000
3 0.326667 0.521667 0.006667 0.018333
2 0.014167 0.541667 0.013333 0.070000
2 0.071667 0.588333 0.020833 0.080000
3 0.077500 0.566667 0.015833 0.051667
3 0.191667 0.510000 0.017500 0.031667
2 0.665833 0.588333 0.022500 0.023333
2 0.752500 0.478333 0.010000 0.031667
2 0.179167 0.410000 0.020833 0.080000
2 0.238333 0.491667 0.045833 0.021667
3 0.670833 0.526667 0.007500 0.015000
3 0.488333 0.555000 0.007500 0.015000
3 0.435833 0.460000 0.009167 0.015000
2 0.386667 0.581667 0.020000 0.021667
2 0.548333 0.538333 0.027500 0.016667
3 0.250000 0.560000 0.009167 0.015000
3 0.578333 0.495000 0.011667 0.030000
2 0.150000 0.495000 0.009167 0.031667
3 0.203333 0.508333 0.011667 0.020000
3 0.180833 0.571667 0.010833 0.013333
3 0.281667 0.598333 0.008333 0.016667
2 0.110833 0.518333 0.010833 0.091667
3 0.437500 0.501667 0.006667 0.018333
2 0.515000 0.526667 0.011667 0.066667
3 0.143333 0.540000 0.010000 0.020000
2 0.358333 0.555000 0.015833 0.068333
3 0.647500 0.573333 0.011667 0.030000
3 0.383333 0.523333 0.008333 0.016667
3 0.507500 0.586667 0.007500 0.018333
3 0.826667 0.503333 0.008333 0.021667
2 0.585833 0.560000 0.011667 0.066667
2 0.714167 0.645000 0.019167 0.046667
3 0.266667 0.281667 0.009167 0.023333
3 0.535000 0.306667 0.011667 0.020000
3 0.815000 0.391667 0.007500 0.015000
2 0.342500 0.845000 0.022500 0.023333
2 0.776667 0.350000 0.020833 0.080000
3 0.745000 0.603333 0.009167 0.023333
2 0.691667 0.746667 0.034167 0.100000
2 0.776667 0.416667 0.020000 0.021667
2 0.314167 0.760000 0.048333 0.025000
3 0.810000 0.426667 0.008333 0.016667
2 0.781667 0.683333 0.017500 0.116667
3 0.666667 0.618333 0.009167 0.016667
3 0.680833 0.443333 0.007500 0.015000
3 0.649167 0.636667 0.008333 0.016667
3 0.605833 0.326667 0.011667 0.020000
3 0.501667 0.395000 0.007500 0.015000
2 0.692500 0.283333 0.026667 0.035000
3 0.706667 0.598333 0.010833 0.013333
3 0.297500 0.693333 0.007500 0.015000
2 0.448333 0.703333 0.010000 0.031667
3 0.320000 0.350000 0.007500 0.016667
3 0.776667 0.421667 0.007500 0.015000
2 0.693333 0.646667 0.009167 0.040000
2 0.684167 0.385000 0.023333 0.106667
3 0.419167 0.820000 0.017500 0.031667
2 0.663333 0.370000 0.022500 0.023333
2 0.687500 0.251667 0.009167 0.040000
2 0.539167 0.323333 0.022500 0.023333
2 0.790000 0.406667 0.020833 0.028333
3 0.786667 0.406667 0.009167 0.018333
2 0.789167 0.331667 0.035000 0.105000
3 0.304167 0.735000 0.009167 0.018333
2 0.691667 0.736667 0.030833 0.051667
2 0.804167 0.626667 0.027500 0.016667
3 0.667500 0.670000 0.007500 0.015000
2 0.736667 0.833333 0.021667 0.090000
2 0.602500 0.401667 0.097500 0.053333
2 0.559167 0.755000 0.023333 0.106667
2 0.625000 0.380000 0.034167 0.038333
2 0.720833 0.636667 0.020833 0.080000
2 0.312500 0.716667 0.010000 0.031667
3 0.695833 0.608333 0.008333 0.016667
2 0.216667 0.333333 0.027500 0.016667
3 0.277500 0.770000 0.017500 0.031667
2 0.695833 0.265000 0.009167 0.040000
3 0.665000 0.346667 0.010833 0.013333
2 0.665833 0.480000 0.010833 0.091667
2 0.727500 0.663333 0.020833 0.080000
3 0.763333 0.615000 0.013333 0.031667
3 0.558333 0.668333 0.008333 0.021667
2 0.305833 0.393333 0.017500 0.116667
3 0.325000 0.743333 0.006667 0.018333
3 0.357500 0.256667 0.011667 0.030000
2 0.436667 0.706667 0.027500 0.016667
2 0.424167 0.701667 0.010833 0.091667
2 0.745833 0.610000 0.026667 0.035000
3 0.277500 0.375000 0.009167 0.018333
2 0.795000 0.405000 0.023333 0.041667
3 0.453333 0.730000 0.008333 0.016667
2 0.426667 0.766667 0.022500 0.023333
2 0.401667 0.396667 0.023333 0.106667
3 0.409167 0.390000 0.007500 0.018333
2 0.825833 0.380000 0.020833 0.080000
2 0.245000 0.360000 0.010000 0.031667
2 0.656667 0.263333 0.034167 0.038333
3 0.718333 0.661667 0.007500 0.018333
2 0.735000 0.685000 0.030833 0.051667
2 0.241667 0.701667 0.021667 0.090000
3 0.696667 0.671667 0.009167 0.016667
2 0.711667 0.368333 0.019167 0.046667
2 0.782500 0.380000 0.014167 0.015000
3 0.349167 0.683333 0.008333 0.016667
2 0.770833 0.573333 0.020833 0.080000
3 0.617500 0.325000 0.009167 0.018333
2 0.215833 0.378333 0.029167 0.038333
3 0.243333 0.403333 0.017500 0.031667
3 0.498333 0.256667 0.008333 0.016667
2 0.814167 0.711667 0.026667 0.035000
2 0.665000 0.648333 0.034167 0.100000
2 0.666667 0.673333 0.034167 0.038333
2 0.769167 0.423333 0.023333 0.041667
2 0.269167 0.808333 0.048333 0.025000
2 0.749167 0.643333 0.020000 0.021667
3 0.695833 0.655000 0.009167 0.018333
3 0.532500 0.360000 0.009167 0.023333
3 0.659167 0.361667 0.011667 0.020000
2 0.736667 0.626667 0.097500 0.053333
2 0.379167 0.695000 0.011667 0.025000
3 0.781667 0.375000 0.009167 0.018333
3 0.225000 0.391667 0.011667 0.030000
2 0.405000 0.841667 0.027500 0.016667
2 0.414167 0.711667 0.017500 0.116667
3 0.306667 0.723333 0.009167 0.015000
2 0.418333 0.645000 0.027500 0.016667
2 0.771667 0.918333 0.034167 0.100000
2 0.520833 0.680000 0.009167 0.031667
2 0.442500 0.280000 0.034167 0.038333
3 0.271667 0.716667 0.007500 0.018333
3 0.719167 0.650000 0.011667 0.020000
2 0.697500 0.610000 0.045833 0.021667
3 0.498333 0.301667 0.010000 0.020000
3 0.645833 0.451667 0.015833 0.051667
2 0.705833 0.278333 0.010000 0.031667
2 0.477500 0.205000 0.009167 0.040000
2 0.419167 0.658333 0.026667 0.035000
3 0.785000 0.393333 0.008333 0.016667
2 0.509167 0.731667 0.011667 0.025000
2 0.779167 0.590000 0.020833 0.028333
2 0.683333 0.738333 0.034167 0.100000
2 0.307500 0.396667 0.058333 0.076667
3 0.789167 0.403333 0.009167 0.018333
3 0.347500 0.315000 0.017500 0.031667
2 0.291667 0.688333 0.034167 0.100000
3 0.761667 0.371667 0.007500 0.016667
2 0.625000 0.358333 0.017500 0.116667
2 0.325833 0.338333 0.014167 0.015000
3 0.592500 0.340000 0.006667 0.018333
3 0.693333 0.640000 0.011667 0.020000
3 0.498333 0.345000 0.013333 0.031667
3 0.445000 0.675000 0.008333 0.021667
2 0.300000 0.841667 0.020833 0.080000
2 0.733333 0.625000 0.035000 0.105000
3 0.640833 0.661667 0.009167 0.023333
2 0.680000 0.350000 0.027500 0.016667
2 0.584167 0.396667 0.013333 0.070000
3 0.717500 0.660000 0.010000 0.020000
3 0.453333 0.366667 0.008333 0.016667
2 0.383333 0.378333 0.030833 0.051667
3 0.719167 0.395000 0.017500 0.031667
2 0.291667 0.770000 0.011667 0.025000
3 0.694167 0.730000 0.010833 0.023333
2 0.535000 0.451667 0.023333 0.106667
2 0.759167 0.363333 0.010000 0.031667
2 0.443333 0.721667 0.023333 0.106667
3 0.258333 0.363333 0.009167 0.018333
2 0.433333 0.640000 0.019167 0.046667
2 0.675833 0.716667 0.011667 0.025000
3 0.640000 0.635000 0.017500 0.031667
2 0.601667 0.356667 0.023333 0.041667
3 0.376667 0.795000 0.009167 0.018333
2 0.800000 0.703333 0.034167 0.038333
2 0.327500 0.693333 0.015833 0.068333
2 0.495000 0.256667 0.058333 0.076667
2 0.708333 0.611667 0.011667 0.025000
2 0.300833 0.753333 0.021667 0.090000
2 0.603333 0.386667 0.048333 0.025000
3 0.455000 0.298333 0.008333 0.016667
3 0.615000 0.396667 0.010000 0.020000
3 0.491667 0.315000 0.010833 0.013333
2 0.650833 0.708333 0.097500 0.053333
2 0.255833 0.666667 0.020833 0.080000
3 0.797500 0.718333 0.007500 0.015000
2 0.446667 0.276667 0.023333 0.106667
3 0.404167 0.728333 0.014167 0.025000
2 0.460000 0.713333 0.010000 0.031667
3 0.424167 0.813333 0.007500 0.015000
3 0.432500 0.673333 0.007500 0.016667
2 0.371667 0.775000 0.020833 0.080000
2 0.255833 0.425000 0.020833 0.080000
2 0.708333 0.261667 0.021667 0.090000
3 0.456667 0.685000 0.014167 0.025000
3 0.267500 0.750000 0.013333 0.015000
3 0.348333 0.766667 0.006667 0.018333
3 0.377500 0.745000 0.009167 0.016667
2 0.660833 0.406667 0.023333 0.106667
3 0.306667 0.711667 0.013333 0.015000
2 0.665000 0.428333 0.009167 0.031667
2 0.466667 0.695000 0.034167 0.038333
3 0.787500 0.375000 0.007500 0.018333
3 0.699167 0.636667 0.017500 0.031667
3 0.759167 0.366667 0.009167 0.016667
3 0.729167 0.416667 0.008333 0.021667
2 0.544167 0.656667 0.048333 0.043333
3 0.285000 0.251667 0.009167 0.016667
3 0.678333 0.335000 0.007500 0.018333
2 0.814167 0.421667 0.048333 0.025000
3 0.695833 0.681667 0.014167 0.025000
2 0.204167 0.308333 0.048333 0.025000
2 0.336667 0.708333 0.014167 0.015000
2 0.213333 0.631667 0.029167 0.038333
2 0.666667 0.681667 0.009167 0.031667
3 0.271667 0.343333 0.009167 0.015000
3 0.302500 0.385000 0.014167 0.025000
2 0.423333 0.741667 0.020833 0.028333
2 0.612500 0.630000 0.019167 0.046667
3 0.277500 0.375000 0.009167 0.018333
2 0.645000 0.356667 0.029167 0.038333
3 0.457500 0.345000 0.009167 0.018333
3 0.666667 0.671667 0.010000 0.020000
2 0.754167 0.626667 0.019167 0.046667
2 0.680000 0.708333 0.058333 0.076667
3 0.300833 0.400000 0.013333 0.031667
3 0.650833 0.418333 0.010833 0.023333
3 0.685000 0.358333 0.009167 0.016667
3 0.664167 0.420000 0.011667 0.020000
2 0.273333 0.661667 0.020833 0.028333
2 0.782500 0.375000 0.048333 0.025000
