4 0.827500 0.385000 0.110833 0.171667
4 0.829167 0.391667 0.080833 0.080000
4 0.805000 0.308333 0.115833 0.235000
4 0.870833 0.656667 0.086667 0.048333
4 0.864167 0.470000 0.075000 0.073333
4 0.845833 0.533333 0.068333 0.023333
4 0.839167 0.526667 0.048333 0.056667
4 0.795833 0.511667 0.206667 0.091667
4 0.860000 0.448333 0.068333 0.023333
4 0.825000 0.600000 0.087500 0.070000
4 0.488333 0.486667 0.081667 0.088333
4 0.210833 0.585000 0.081667 0.128333
4 0.172500 0.455000 0.110000 0.103333
4 0.387500 0.528333 0.035833 0.091667
4 0.611667 0.648333 0.100833 0.273333
4 0.613333 0.621667 0.140000 0.255000
4 0.435000 0.560000 0.065833 0.048333
4 0.137500 0.538333 0.104167 0.060000
4 0.333333 0.578333 0.074167 0.081667
4 0.569167 0.666667 0.135000 0.240000
2 0.297500 0.620000 0.020833 0.080000
2 0.495000 0.581667 0.030833 0.051667
2 0.677500 0.483333 0.020000 0.021667
3 0.245000 0.588333 0.009167 0.015000
3 0.825833 0.500000 0.008333 0.016667
3 0.280000 0.490000 0.007500 0.015000
3 0.301667 0.536667 0.009167 0.018333
2 0.177500 0.575000 0.029167 0.038333
3 0.272500 0.480000 0.008333 0.021667
3 0.395833 0.513333 0.011667 0.030000
2 0.228333 0.588333 0.026667 0.035000
3 0.465000 0.596667 0.017500 0.031667
2 0.539167 0.505000 0.034167 0.038333
3 0.468333 0.520000 0.008333 0.021667
3 0.495000 0.476667 0.007500 0.015000
3 0.140000 0.473333 0.017500 0.031667
2 0.550833 0.515000 0.014167 0.015000
2 0.488333 0.568333 0.020000 0.021667
3 0.076667 0.478333 0.011667 0.020000
3 0.157500 0.595000 0.008333 0.016667
2 0.810833 0.543333 0.023333 0.041667
3 0.251667 0.486667 0.007500 0.015000
3 0.305000 0.445000 0.008333 0.016667
3 0.034167 0.541667 0.007500 0.015000
2 0.143333 0.530000 0.023333 0.106667
2 0.526667 0.416667 0.035000 0.105000
3 0.080833 0.476667 0.006667 0.018333
2 0.401667 0.475000 0.034167 0.038333
2 0.176667 0.516667 0.010000 0.031667
3 0.611667 0.466667 0.007500 0.018333
2 0.799167 0.561667 0.011667 0.025000
3 0.130833 0.545000 0.009167 0.016667
3 0.414167 0.536667 0.013333 0.031667
3 0.165833 0.568333 0.007500 0.015000
3 0.318333 0.575000 0.010000 0.020000
2 0.606667 0.543333 0.058333 0.076667
2 0.265000 0.460000 0.020000 0.021667
3 0.804167 0.460000 0.009167 0.016667
3 0.335000 0.458333 0.013333 0.015000
3 0.197500 0.510000 0.009167 0.016667
2 0.422500 0.586667 0.020833 0.080000
2 0.420833 0.453333 0.020833 0.080000
2 0.226667 0.455000 0.058333 0.076667
3 0.465000 0.586667 0.010000 0.016667
3 0.384167 0.523333 0.008333 0.021667
2 0.141667 0.425000 0.035000 0.105000
2 0.186667 0.493333 0.035000 0.105000
2 0.638333 0.525000 0.020000 0.021667
2 0.113333 0.448333 0.019167 0.046667
2 0.105000 0.460000 0.027500 0.016667
3 0.279167 0.568333 0.007500 0.015000
2 0.535833 0.518333 0.034167 0.038333
2 0.449167 0.485000 0.020833 0.080000
2 0.460000 0.450000 0.009167 0.040000
3 0.221667 0.488333 0.006667 0.018333
2 0.153333 0.526667 0.020833 0.080000
3 0.323333 0.543333 0.011667 0.020000
2 0.110833 0.540000 0.020833 0.028333
3 0.393333 0.515000 0.007500 0.015000
2 0.389167 0.578333 0.034167 0.038333
2 0.122500 0.493333 0.017500 0.116667
3 0.655000 0.491667 0.015833 0.051667
3 0.169167 0.516667 0.007500 0.015000
3 0.389167 0.458333 0.007500 0.015000
2 0.286667 0.513333 0.058333 0.076667
3 0.698333 0.506667 0.009167 0.018333
2 0.579167 0.546667 0.022500 0.023333
2 0.170833 0.513333 0.058333 0.076667
2 0.023333 0.525000 0.013333 0.070000
2 0.192500 0.541667 0.034167 0.038333
2 0.392500 0.465000 0.011667 0.066667
2 0.094167 0.528333 0.020833 0.080000
3 0.752500 0.536667 0.009167 0.016667
2 0.289167 0.561667 0.026667 0.035000
2 0.614167 0.471667 0.030833 0.051667
3 0.787500 0.550000 0.007500 0.015000
2 0.514167 0.468333 0.017500 0.116667
2 0.676667 0.571667 0.019167 0.046667
3 0.565833 0.493333 0.010000 0.020000
3 0.550833 0.546667 0.011667 0.020000
3 0.690833 0.551667 0.013333 0.015000
2 0.554167 0.568333 0.034167 0.100000
2 0.135000 0.520000 0.010000 0.031667
3 0.151667 0.465000 0.007500 0.015000
2 0.453333 0.453333 0.034167 0.038333
2 0.610833 0.515000 0.030833 0.051667
3 0.465000 0.516667 0.007500 0.018333
2 0.584167 0.543333 0.010833 0.091667
2 0.532500 0.550000 0.034167 0.038333
2 0.799167 0.466667 0.015833 0.068333
3 0.279167 0.531667 0.009167 0.016667
2 0.135000 0.530000 0.058333 0.076667
3 0.672500 0.561667 0.008333 0.016667
3 0.554167 0.493333 0.014167 0.025000
3 0.556667 0.566667 0.013333 0.015000
3 0.330000 0.523333 0.007500 0.015000
3 0.152500 0.563333 0.008333 0.021667
2 0.176667 0.505000 0.097500 0.053333
2 0.724167 0.505000 0.035000 0.105000
3 0.827500 0.468333 0.010000 0.020000
3 0.219167 0.511667 0.010833 0.023333
2 0.296667 0.450000 0.014167 0.015000
3 0.710000 0.683333 0.010833 0.013333
2 0.675000 0.415000 0.021667 0.090000
2 0.679167 0.373333 0.010000 0.031667
2 0.690000 0.606667 0.020000 0.021667
3 0.314167 0.265000 0.008333 0.021667
2 0.679167 0.646667 0.010000 0.031667
3 0.678333 0.650000 0.011667 0.020000
2 0.485000 0.261667 0.048333 0.025000
2 0.303333 0.285000 0.011667 0.025000
2 0.676667 0.296667 0.035000 0.105000
2 0.289167 0.286667 0.045833 0.021667
2 0.185000 0.676667 0.021667 0.090000
2 0.303333 0.211667 0.035000 0.105000
2 0.676667 0.386667 0.026667 0.035000
2 0.671667 0.421667 0.011667 0.066667
2 0.765833 0.406667 0.029167 0.038333
3 0.622500 0.383333 0.010000 0.020000
3 0.785833 0.381667 0.007500 0.015000
3 0.450000 0.371667 0.007500 0.015000
2 0.367500 0.690000 0.048333 0.043333
3 0.289167 0.768333 0.008333 0.016667
3 0.660000 0.405000 0.007500 0.015000
3 0.356667 0.405000 0.007500 0.015000
3 0.322500 0.408333 0.010833 0.023333
2 0.725000 0.300000 0.020000 0.021667
3 0.688333 0.383333 0.007500 0.015000
3 0.554167 0.640000 0.007500 0.015000
3 0.645833 0.683333 0.008333 0.021667
3 0.536667 0.305000 0.007500 0.018333
3 0.658333 0.356667 0.007500 0.016667
2 0.341667 0.311667 0.023333 0.106667
3 0.765000 0.415000 0.008333 0.016667
2 0.604167 0.376667 0.045833 0.021667
2 0.494167 0.751667 0.010833 0.091667
3 0.776667 0.711667 0.007500 0.015000
3 0.695833 0.621667 0.010833 0.023333
2 0.670000 0.608333 0.034167 0.038333
3 0.733333 0.436667 0.010000 0.016667
2 0.400000 0.670000 0.029167 0.038333
2 0.310833 0.740000 0.022500 0.023333
2 0.676667 0.350000 0.009167 0.040000
3 0.539167 0.318333 0.009167 0.023333
3 0.489167 0.308333 0.013333 0.031667
2 0.750833 0.706667 0.020833 0.028333
3 0.646667 0.393333 0.008333 0.016667
3 0.531667 0.361667 0.014167 0.025000
3 0.361667 0.613333 0.009167 0.016667
3 0.715833 0.653333 0.017500 0.031667
3 0.375000 0.320000 0.011667 0.020000
3 0.400000 0.653333 0.009167 0.016667
3 0.440000 0.343333 0.007500 0.015000
3 0.674167 0.408333 0.008333 0.016667
2 0.428333 0.380000 0.048333 0.043333
3 0.546667 0.643333 0.008333 0.016667
2 0.752500 0.680000 0.035000 0.105000
2 0.669167 0.630000 0.010000 0.031667
3 0.754167 0.616667 0.006667 0.018333
2 0.508333 0.756667 0.023333 0.041667
3 0.445000 0.670000 0.007500 0.015000
2 0.683333 0.306667 0.013333 0.070000
3 0.640000 0.433333 0.014167 0.025000
2 0.670833 0.701667 0.020833 0.028333
2 0.697500 0.390000 0.034167 0.100000
3 0.679167 0.448333 0.011667 0.030000
3 0.675000 0.425000 0.009167 0.016667
3 0.733333 0.436667 0.010000 0.016667
3 0.692500 0.661667 0.010833 0.013333
2 0.305833 0.301667 0.035000 0.105000
2 0.692500 0.300000 0.020833 0.028333
3 0.414167 0.781667 0.008333 0.016667
3 0.550000 0.660000 0.008333 0.021667
2 0.467500 0.716667 0.058333 0.076667
2 0.569167 0.651667 0.009167 0.040000
2 0.589167 0.156667 0.017500 0.116667
3 0.763333 0.341667 0.008333 0.021667
3 0.285000 0.250000 0.009167 0.016667
3 0.670833 0.636667 0.011667 0.020000
3 0.693333 0.691667 0.008333 0.016667
3 0.324167 0.763333 0.010000 0.020000
2 0.646667 0.420000 0.010000 0.031667
2 0.674167 0.626667 0.026667 0.035000
2 0.684167 0.795000 0.034167 0.100000
2 0.710000 0.998333 0.009167 0.001667
3 0.393333 0.690000 0.007500 0.015000
2 0.498333 0.685000 0.022500 0.023333
2 0.574167 0.410000 0.009167 0.031667
2 0.734167 0.388333 0.058333 0.076667
3 0.572500 0.760000 0.009167 0.023333
3 0.455000 0.753333 0.009167 0.016667
3 0.691667 0.716667 0.008333 0.021667
2 0.301667 0.193333 0.035000 0.105000
3 0.654167 0.670000 0.013333 0.031667
3 0.638333 0.651667 0.014167 0.025000
3 0.535833 0.305000 0.010000 0.020000
3 0.303333 0.153333 0.011667 0.030000
2 0.642500 0.383333 0.048333 0.043333
3 0.657500 0.336667 0.007500 0.015000
3 0.796667 0.738333 0.010833 0.023333
3 0.690833 0.630000 0.014167 0.025000
2 0.716667 0.305000 0.097500 0.053333
3 0.471667 0.121667 0.009167 0.016667
3 0.631667 0.651667 0.009167 0.016667
2 0.151667 0.683333 0.009167 0.031667
3 0.750000 0.670000 0.009167 0.016667
3 0.769167 0.373333 0.008333 0.016667
2 0.661667 0.631667 0.048333 0.043333
2 0.649167 0.383333 0.011667 0.025000
2 0.275000 0.796667 0.010833 0.091667
3 0.590000 0.745000 0.013333 0.031667
3 0.330833 0.273333 0.009167 0.016667
3 0.687500 0.385000 0.015833 0.051667
2 0.682500 0.341667 0.017500 0.116667
3 0.279167 0.833333 0.010833 0.013333
2 0.550000 0.430000 0.009167 0.031667
3 0.590000 0.746667 0.007500 0.018333
3 0.290000 0.298333 0.015833 0.051667
2 0.421667 0.788333 0.010833 0.091667
3 0.654167 0.416667 0.009167 0.016667
3 0.332500 0.418333 0.008333 0.016667
2 0.657500 0.420000 0.015833 0.068333
2 0.361667 0.751667 0.029167 0.038333
2 0.549167 0.338333 0.020000 0.021667
3 0.752500 0.375000 0.017500 0.031667
2 0.425833 0.701667 0.021667 0.090000
2 0.558333 0.355000 0.015833 0.068333
2 0.700000 0.330000 0.023333 0.041667
3 0.423333 0.666667 0.013333 0.031667
2 0.295833 0.671667 0.020000 0.021667
2 0.294167 0.721667 0.009167 0.031667
3 0.336667 0.256667 0.009167 0.016667
2 0.347500 0.658333 0.017500 0.116667
3 0.371667 0.761667 0.009167 0.016667
3 0.692500 0.336667 0.014167 0.025000
3 0.339167 0.861667 0.008333 0.016667
2 0.422500 0.371667 0.017500 0.116667
3 0.449167 0.341667 0.006667 0.018333
2 0.536667 0.323333 0.019167 0.046667
3 0.805833 0.620000 0.013333 0.031667
2 0.514167 0.415000 0.030833 0.051667
3 0.721667 0.350000 0.010833 0.023333
3 0.549167 0.710000 0.011667 0.020000
2 0.644167 0.418333 0.013333 0.070000
3 0.698333 0.258333 0.010000 0.020000
3 0.534167 0.353333 0.008333 0.021667
3 0.727500 0.351667 0.009167 0.015000
2 0.188333 0.366667 0.097500 0.053333
2 0.395000 0.321667 0.014167 0.015000
3 0.375833 0.678333 0.008333 0.016667
2 0.266667 0.620000 0.011667 0.066667
3 0.472500 0.336667 0.008333 0.016667
2 0.710000 0.366667 0.020000 0.021667
2 0.190000 0.615000 0.097500 0.053333
2 0.745833 0.625000 0.020000 0.021667
2 0.777500 0.581667 0.015833 0.068333
2 0.168333 0.390000 0.010000 0.031667
2 0.272500 0.646667 0.009167 0.040000
2 0.515000 0.370000 0.034167 0.038333
2 0.665833 0.348333 0.020833 0.028333
3 0.351667 0.611667 0.010000 0.020000
3 0.684167 0.430000 0.015833 0.051667
3 0.425833 0.371667 0.007500 0.018333
3 0.311667 0.771667 0.007500 0.015000
2 0.759167 0.353333 0.027500 0.016667
2 0.133333 0.650000 0.027500 0.016667
3 0.655000 0.335000 0.008333 0.016667
3 0.771667 0.321667 0.007500 0.018333
2 0.761667 0.388333 0.026667 0.035000
3 0.569167 0.668333 0.017500 0.031667
3 0.670833 0.361667 0.007500 0.015000
2 0.673333 0.618333 0.017500 0.116667
3 0.777500 0.665000 0.010833 0.023333
3 0.228333 0.391667 0.017500 0.031667
3 0.657500 0.595000 0.008333 0.016667
2 0.692500 0.705000 0.021667 0.090000
3 0.528333 0.406667 0.007500 0.016667
2 0.320833 0.610000 0.035000 0.105000
3 0.733333 0.655000 0.014167 0.025000
3 0.561667 0.275000 0.007500 0.015000
3 0.701667 0.396667 0.009167 0.018333
3 0.309167 0.705000 0.009167 0.016667
3 0.321667 0.290000 0.009167 0.016667
3 0.675000 0.435000 0.007500 0.015000
3 0.598333 0.755000 0.015833 0.051667
3 0.761667 0.373333 0.008333 0.016667
2 0.564167 0.635000 0.030833 0.051667
3 0.735000 0.595000 0.014167 0.025000
3 0.338333 0.371667 0.009167 0.016667
3 0.347500 0.390000 0.007500 0.018333
3 0.325000 0.690000 0.007500 0.018333
3 0.485833 0.685000 0.011667 0.030000
2 0.585833 0.608333 0.019167 0.046667
3 0.538333 0.358333 0.011667 0.030000
3 0.707500 0.323333 0.007500 0.018333
3 0.406667 0.755000 0.013333 0.031667
3 0.711667 0.611667 0.007500 0.015000
2 0.440000 0.378333 0.023333 0.106667
2 0.425833 0.663333 0.022500 0.023333
3 0.560000 0.655000 0.008333 0.016667
