4 0.864167 0.601667 0.122500 0.061667
4 0.878333 0.573333 0.092500 0.273333
4 0.771667 0.485000 0.130000 0.086667
4 0.830000 0.435000 0.154167 0.256667
4 0.870000 0.718333 0.111667 0.208333
4 0.839167 0.430000 0.163333 0.118333
4 0.758333 0.623333 0.169167 0.060000
4 0.797500 0.830000 0.185000 0.338333
4 0.836667 0.355000 0.175000 0.238333
4 0.770000 0.608333 0.175833 0.166667
4 0.120833 0.546667 0.232500 0.063333
4 0.120833 0.461667 0.183333 0.178333
4 0.577500 0.493333 0.161667 0.140000
4 0.721667 0.555000 0.070833 0.160000
4 0.767500 0.536667 0.115833 0.050000
4 0.041667 0.475000 0.048333 0.043333
4 0.187500 0.485000 0.095833 0.130000
4 0.661667 0.550000 0.102500 0.121667
4 0.620833 0.516667 0.039167 0.051667
4 0.120833 0.535000 0.058333 0.020000
2 0.481667 0.628333 0.020833 0.080000
2 0.583333 0.543333 0.021667 0.090000
2 0.668333 0.526667 0.013333 0.070000
3 0.661667 0.485000 0.009167 0.023333
3 0.519167 0.503333 0.010000 0.016667
2 0.560833 0.480000 0.011667 0.066667
2 0.017500 0.588333 0.022500 0.023333
3 0.379167 0.570000 0.008333 0.016667
3 0.289167 0.546667 0.007500 0.016667
2 0.345833 0.453333 0.035000 0.105000
2 0.255833 0.540000 0.027500 0.016667
2 0.090000 0.476667 0.035000 0.105000
3 0.727500 0.468333 0.008333 0.016667
3 0.242500 0.468333 0.007500 0.015000
3 0.648333 0.466667 0.009167 0.015000
2 0.359167 0.543333 0.011667 0.025000
3 0.226667 0.501667 0.007500 0.015000
2 0.690833 0.565000 0.048333 0.043333
2 0.190000 0.556667 0.021667 0.090000
2 0.380833 0.588333 0.010833 0.091667
2 0.255833 0.538333 0.027500 0.016667
3 0.302500 0.510000 0.007500 0.015000
3 0.810833 0.656667 0.015833 0.051667
3 0.616667 0.526667 0.013333 0.031667
2 0.446667 0.645000 0.010833 0.091667
3 0.139167 0.483333 0.013333 0.015000
2 0.603333 0.438333 0.034167 0.038333
2 0.397500 0.508333 0.011667 0.066667
3 0.707500 0.483333 0.009167 0.016667
3 0.365000 0.580000 0.011667 0.020000
2 0.024167 0.573333 0.029167 0.038333
3 0.370833 0.505000 0.008333 0.016667
3 0.057500 0.523333 0.011667 0.030000
2 0.507500 0.508333 0.023333 0.106667
3 0.733333 0.538333 0.010000 0.020000
2 0.411667 0.576667 0.023333 0.041667
2 0.089167 0.570000 0.048333 0.043333
3 0.756667 0.468333 0.011667 0.030000
2 0.068333 0.463333 0.029167 0.038333
3 0.694167 0.553333 0.009167 0.016667
3 0.722500 0.586667 0.015833 0.051667
2 0.703333 0.523333 0.020833 0.028333
2 0.492500 0.501667 0.011667 0.025000
2 0.180833 0.565000 0.009167 0.040000
3 0.607500 0.458333 0.006667 0.018333
3 0.285000 0.490000 0.010000 0.016667
3 0.661667 0.466667 0.008333 0.016667
2 0.116667 0.548333 0.048333 0.025000
2 0.624167 0.540000 0.045833 0.021667
2 0.420833 0.536667 0.011667 0.066667
2 0.642500 0.506667 0.029167 0.038333
2 0.243333 0.496667 0.023333 0.106667
3 0.357500 0.525000 0.007500 0.018333
2 0.390833 0.540000 0.045833 0.021667
2 0.682500 0.506667 0.020833 0.080000
2 0.556667 0.440000 0.035000 0.105000
3 0.618333 0.560000 0.008333 0.016667
2 0.351667 0.498333 0.011667 0.025000
3 0.429167 0.581667 0.008333 0.016667
3 0.210000 0.575000 0.007500 0.018333
3 0.429167 0.488333 0.006667 0.018333
2 0.765000 0.551667 0.009167 0.031667
2 0.307500 0.535000 0.029167 0.038333
2 0.600833 0.640000 0.030833 0.051667
2 0.013333 0.566667 0.027500 0.021667
3 0.294167 0.511667 0.007500 0.016667
3 0.690833 0.536667 0.009167 0.015000
2 0.815833 0.676667 0.013333 0.070000
3 0.470833 0.538333 0.009167 0.016667
3 0.795000 0.565000 0.007500 0.015000
2 0.775000 0.463333 0.058333 0.076667
3 0.483333 0.465000 0.010833 0.023333
2 0.319167 0.486667 0.023333 0.106667
3 0.492500 0.501667 0.009167 0.023333
3 0.553333 0.538333 0.011667 0.020000
2 0.125833 0.561667 0.097500 0.053333
3 0.203333 0.453333 0.007500 0.016667
3 0.190833 0.600000 0.007500 0.015000
3 0.356667 0.551667 0.014167 0.025000
3 0.119167 0.480000 0.009167 0.023333
3 0.542500 0.593333 0.008333 0.016667
2 0.498333 0.615000 0.010833 0.091667
2 0.694167 0.518333 0.021667 0.090000
2 0.251667 0.486667 0.010833 0.091667
3 0.155833 0.553333 0.014167 0.025000
2 0.721667 0.476667 0.020000 0.021667
2 0.736667 0.583333 0.021667 0.090000
2 0.422500 0.513333 0.019167 0.046667
3 0.820000 0.670000 0.006667 0.018333
3 0.800000 0.570000 0.007500 0.018333
3 0.563333 0.491667 0.013333 0.031667
3 0.335000 0.468333 0.010000 0.016667
3 0.775833 0.488333 0.008333 0.016667
3 0.762500 0.551667 0.010833 0.023333
3 0.376667 0.511667 0.009167 0.016667
2 0.657500 0.446667 0.020833 0.080000
3 0.526667 0.528333 0.008333 0.016667
2 0.217500 0.498333 0.009167 0.040000
2 0.655000 0.586667 0.023333 0.041667
2 0.765833 0.540000 0.021667 0.090000
3 0.372500 0.481667 0.013333 0.031667
3 0.418333 0.526667 0.007500 0.015000
2 0.487500 0.416667 0.021667 0.090000
2 0.350833 0.398333 0.045833 0.021667
2 0.420000 0.748333 0.045833 0.021667
3 0.764167 0.416667 0.009167 0.023333
2 0.275833 0.466667 0.020833 0.080000
3 0.405833 0.373333 0.007500 0.016667
2 0.584167 0.773333 0.013333 0.070000
2 0.442500 0.646667 0.020833 0.080000
2 0.757500 0.688333 0.020000 0.021667
2 0.265000 0.298333 0.026667 0.035000
2 0.649167 0.415000 0.014167 0.015000
2 0.687500 0.325000 0.048333 0.025000
2 0.794167 0.401667 0.020833 0.028333
3 0.686667 0.366667 0.007500 0.015000
3 0.788333 0.416667 0.009167 0.016667
2 0.692500 0.628333 0.029167 0.038333
2 0.749167 0.333333 0.014167 0.015000
2 0.635833 0.610000 0.029167 0.038333
3 0.477500 0.651667 0.017500 0.031667
2 0.703333 0.276667 0.011667 0.025000
2 0.362500 0.275000 0.019167 0.046667
2 0.644167 0.330000 0.015833 0.068333
2 0.663333 0.318333 0.097500 0.053333
3 0.480833 0.333333 0.011667 0.020000
3 0.158333 0.413333 0.009167 0.016667
2 0.334167 0.725000 0.035000 0.105000
3 0.662500 0.345000 0.007500 0.015000
2 0.295833 0.395000 0.014167 0.015000
3 0.735000 0.695000 0.015833 0.051667
2 0.740833 0.670000 0.020833 0.080000
2 0.336667 0.756667 0.013333 0.070000
2 0.441667 0.826667 0.014167 0.015000
3 0.518333 0.263333 0.009167 0.018333
2 0.702500 0.390000 0.020833 0.080000
2 0.685000 0.316667 0.035000 0.105000
3 0.289167 0.231667 0.013333 0.015000
2 0.485833 0.695000 0.034167 0.100000
2 0.695000 0.593333 0.034167 0.038333
2 0.646667 0.383333 0.010833 0.091667
2 0.280000 0.416667 0.011667 0.066667
3 0.503333 0.678333 0.013333 0.031667
2 0.407500 0.723333 0.045833 0.021667
2 0.665000 0.608333 0.097500 0.053333
2 0.522500 0.458333 0.013333 0.070000
3 0.690833 0.623333 0.007500 0.015000
3 0.407500 0.735000 0.007500 0.015000
2 0.511667 0.328333 0.035000 0.105000
2 0.653333 0.336667 0.097500 0.053333
3 0.642500 0.378333 0.007500 0.018333
2 0.424167 0.708333 0.010000 0.031667
2 0.242500 0.401667 0.026667 0.035000
3 0.785833 0.338333 0.015833 0.051667
3 0.713333 0.688333 0.007500 0.015000
3 0.636667 0.673333 0.009167 0.023333
2 0.604167 0.403333 0.048333 0.025000
3 0.639167 0.411667 0.007500 0.016667
2 0.510833 0.598333 0.020000 0.021667
3 0.770833 0.615000 0.008333 0.016667
3 0.460833 0.720000 0.008333 0.021667
3 0.636667 0.628333 0.017500 0.031667
2 0.561667 0.381667 0.097500 0.053333
3 0.252500 0.640000 0.010833 0.013333
3 0.676667 0.451667 0.010000 0.016667
2 0.790833 0.416667 0.030833 0.051667
2 0.315833 0.366667 0.034167 0.100000
3 0.522500 0.378333 0.009167 0.015000
3 0.311667 0.396667 0.010833 0.013333
3 0.245833 0.375000 0.007500 0.015000
2 0.706667 0.386667 0.022500 0.023333
3 0.700000 0.298333 0.008333 0.016667
2 0.363333 0.738333 0.010833 0.091667
3 0.495000 0.398333 0.013333 0.015000
2 0.443333 0.706667 0.010833 0.091667
3 0.244167 0.358333 0.010833 0.013333
3 0.693333 0.645000 0.007500 0.015000
2 0.310833 0.805000 0.009167 0.031667
2 0.783333 0.361667 0.020833 0.080000
2 0.730833 0.645000 0.013333 0.070000
2 0.705000 0.625000 0.017500 0.116667
2 0.649167 0.336667 0.034167 0.038333
2 0.473333 0.298333 0.027500 0.016667
2 0.298333 0.705000 0.020833 0.080000
2 0.600000 0.998333 0.020000 0.001667
3 0.625833 0.360000 0.017500 0.031667
2 0.591667 0.600000 0.097500 0.053333
2 0.256667 0.750000 0.009167 0.040000
2 0.310000 0.713333 0.021667 0.090000
2 0.372500 0.365000 0.022500 0.023333
2 0.398333 0.721667 0.023333 0.106667
2 0.730833 0.391667 0.058333 0.076667
2 0.645833 0.398333 0.010000 0.031667
2 0.733333 0.588333 0.097500 0.053333
3 0.775833 0.413333 0.009167 0.015000
3 0.725833 0.425000 0.009167 0.015000
2 0.782500 0.608333 0.010000 0.031667
3 0.482500 0.331667 0.008333 0.016667
2 0.705000 0.718333 0.020833 0.080000
2 0.450833 0.346667 0.058333 0.076667
2 0.264167 0.725000 0.023333 0.106667
2 0.410833 0.746667 0.045833 0.021667
3 0.702500 0.638333 0.009167 0.016667
2 0.771667 0.410000 0.029167 0.038333
2 0.593333 0.341667 0.035000 0.105000
3 0.699167 0.638333 0.014167 0.025000
2 0.768333 0.676667 0.009167 0.040000
2 0.563333 0.660000 0.010000 0.031667
2 0.706667 0.425000 0.023333 0.106667
3 0.423333 0.385000 0.017500 0.031667
2 0.436667 0.721667 0.034167 0.038333
2 0.600000 0.998333 0.020000 0.001667
2 0.725000 0.688333 0.020833 0.080000
3 0.696667 0.378333 0.013333 0.031667
3 0.450000 0.375000 0.008333 0.016667
3 0.423333 0.751667 0.007500 0.018333
2 0.473333 0.401667 0.034167 0.100000
2 0.454167 0.685000 0.020833 0.080000
2 0.302500 0.376667 0.023333 0.041667
3 0.705000 0.661667 0.009167 0.016667
2 0.756667 0.371667 0.045833 0.021667
2 0.729167 0.701667 0.020000 0.021667
3 0.830833 0.415000 0.006667 0.018333
3 0.278333 0.408333 0.015833 0.051667
2 0.504167 0.323333 0.035000 0.105000
2 0.447500 0.381667 0.020833 0.028333
2 0.792500 0.660000 0.021667 0.090000
2 0.437500 0.693333 0.010833 0.091667
2 0.298333 0.723333 0.030833 0.051667
3 0.601667 0.406667 0.017500 0.031667
2 0.421667 0.766667 0.009167 0.040000
3 0.667500 0.671667 0.008333 0.016667
2 0.677500 0.620000 0.010000 0.031667
3 0.750833 0.610000 0.008333 0.016667
2 0.807500 0.680000 0.010833 0.091667
2 0.676667 0.655000 0.045833 0.021667
2 0.223333 0.713333 0.097500 0.053333
2 0.524167 0.395000 0.020833 0.080000
2 0.356667 0.750000 0.009167 0.031667
2 0.570833 0.643333 0.011667 0.066667
2 0.699167 0.370000 0.027500 0.016667
2 0.800000 0.635000 0.019167 0.046667
2 0.311667 0.713333 0.027500 0.016667
2 0.743333 0.628333 0.030833 0.051667
2 0.301667 0.448333 0.034167 0.038333
2 0.681667 0.650000 0.045833 0.021667
3 0.637500 0.626667 0.007500 0.018333
3 0.512500 0.656667 0.013333 0.015000
2 0.687500 0.695000 0.015833 0.068333
2 0.670833 0.335000 0.015833 0.068333
2 0.303333 0.720000 0.020000 0.021667
2 0.299167 0.706667 0.058333 0.076667
3 0.282500 0.438333 0.006667 0.018333
2 0.745000 0.335000 0.013333 0.070000
3 0.648333 0.636667 0.009167 0.016667
3 0.654167 0.401667 0.013333 0.015000
3 0.305000 0.691667 0.009167 0.016667
2 0.263333 0.661667 0.023333 0.106667
2 0.748333 0.301667 0.020833 0.028333
2 0.749167 0.395000 0.014167 0.015000
2 0.627500 0.410000 0.029167 0.038333
3 0.721667 0.401667 0.013333 0.031667
3 0.422500 0.363333 0.009167 0.018333
3 0.775833 0.363333 0.009167 0.018333
3 0.548333 0.646667 0.011667 0.020000
2 0.530000 0.355000 0.014167 0.015000
3 0.743333 0.418333 0.017500 0.031667
3 0.330000 0.683333 0.008333 0.021667
3 0.679167 0.350000 0.008333 0.016667
2 0.226667 0.696667 0.097500 0.053333
2 0.437500 0.170000 0.097500 0.053333
3 0.329167 0.803333 0.007500 0.018333
3 0.424167 0.710000 0.009167 0.016667
3 0.800000 0.395000 0.013333 0.015000
3 0.475833 0.303333 0.009167 0.016667
3 0.642500 0.713333 0.011667 0.020000
3 0.744167 0.601667 0.010833 0.023333
2 0.335000 0.846667 0.022500 0.023333
2 0.325000 0.438333 0.020833 0.080000
2 0.634167 0.461667 0.021667 0.090000
3 0.472500 0.121667 0.008333 0.016667
3 0.777500 0.733333 0.010833 0.013333
2 0.454167 0.315000 0.048333 0.025000
2 0.532500 0.733333 0.014167 0.015000
2 0.813333 0.406667 0.034167 0.038333
3 0.528333 0.648333 0.013333 0.015000
3 0.349167 0.683333 0.007500 0.016667
2 0.265000 0.775000 0.011667 0.066667
2 0.687500 0.273333 0.045833 0.021667
2 0.823333 0.445000 0.020833 0.080000
2 0.311667 0.688333 0.029167 0.038333
3 0.665833 0.668333 0.013333 0.031667
2 0.650833 0.365000 0.048333 0.025000
3 0.386667 0.641667 0.014167 0.025000
2 0.773333 0.635000 0.020833 0.028333
2 0.696667 0.585000 0.020833 0.080000
2 0.831667 0.315000 0.034167 0.038333
3 0.759167 0.368333 0.009167 0.023333
3 0.678333 0.341667 0.006667 0.018333
3 0.748333 0.446667 0.010000 0.016667
