4 0.866667 0.435000 0.117500 0.093333
4 0.752500 0.591667 0.215833 0.171667
4 0.834167 0.620000 0.079167 0.175000
4 0.804167 0.500000 0.173333 0.071667
4 0.838333 0.558333 0.028333 0.048333
4 0.800833 0.660000 0.189167 0.173333
4 0.809167 0.488333 0.055833 0.060000
4 0.830000 0.546667 0.111667 0.195000
4 0.786667 0.556667 0.137500 0.100000
4 0.877500 0.581667 0.089167 0.043333
4 0.195000 0.548333 0.203333 0.060000
4 0.081667 0.431667 0.119167 0.113333
4 0.642500 0.470000 0.039167 0.056667
4 0.038333 0.540000 0.077500 0.048333
4 0.596667 0.731667 0.205000 0.333333
4 0.172500 0.673333 0.106667 0.245000
4 0.083333 0.483333 0.090833 0.096667
4 0.541667 0.515000 0.109167 0.053333
4 0.230000 0.578333 0.100833 0.073333
4 0.622500 0.486667 0.210833 0.055000
2 0.255833 0.560000 0.017500 0.116667
2 0.338333 0.456667 0.015833 0.068333
3 0.110833 0.585000 0.009167 0.016667
2 0.174167 0.556667 0.029167 0.038333
3 0.571667 0.501667 0.008333 0.016667
2 0.792500 0.435000 0.027500 0.016667
3 0.202500 0.508333 0.007500 0.018333
2 0.730000 0.613333 0.010833 0.091667
3 0.316667 0.528333 0.017500 0.031667
3 0.325000 0.483333 0.009167 0.016667
2 0.780000 0.470000 0.009167 0.040000
2 0.784167 0.500000 0.013333 0.070000
3 0.091667 0.485000 0.009167 0.016667
3 0.356667 0.475000 0.015833 0.051667
3 0.284167 0.478333 0.014167 0.025000
3 0.691667 0.461667 0.013333 0.031667
3 0.279167 0.528333 0.011667 0.030000
2 0.389167 0.575000 0.011667 0.066667
3 0.733333 0.543333 0.007500 0.015000
2 0.071667 0.533333 0.020833 0.080000
2 0.710000 0.520000 0.097500 0.053333
3 0.472500 0.405000 0.008333 0.016667
2 0.667500 0.513333 0.035000 0.105000
2 0.800833 0.456667 0.020833 0.028333
3 0.805000 0.505000 0.009167 0.023333
2 0.554167 0.473333 0.026667 0.035000
2 0.806667 0.575000 0.034167 0.038333
3 0.341667 0.623333 0.008333 0.016667
3 0.451667 0.568333 0.007500 0.018333
2 0.431667 0.485000 0.045833 0.021667
3 0.180000 0.440000 0.009167 0.015000
3 0.710000 0.558333 0.008333 0.021667
2 0.733333 0.563333 0.023333 0.106667
2 0.500000 0.435000 0.015833 0.068333
3 0.340000 0.536667 0.008333 0.016667
3 0.410000 0.565000 0.014167 0.025000
2 0.657500 0.596667 0.013333 0.070000
2 0.190000 0.573333 0.030833 0.051667
3 0.340833 0.563333 0.009167 0.015000
2 0.420000 0.506667 0.019167 0.046667
2 0.331667 0.476667 0.014167 0.015000
2 0.144167 0.478333 0.009167 0.040000
2 0.760833 0.578333 0.048333 0.025000
2 0.517500 0.568333 0.030833 0.051667
2 0.696667 0.568333 0.009167 0.031667
3 0.142500 0.480000 0.011667 0.020000
3 0.547500 0.545000 0.007500 0.015000
3 0.333333 0.566667 0.013333 0.015000
2 0.414167 0.566667 0.023333 0.041667
2 0.373333 0.468333 0.045833 0.021667
2 0.445833 0.548333 0.020000 0.021667
3 0.801667 0.513333 0.013333 0.031667
3 0.471667 0.540000 0.008333 0.016667
2 0.800000 0.578333 0.029167 0.038333
2 0.316667 0.500000 0.009167 0.040000
3 0.511667 0.520000 0.007500 0.015000
2 0.187500 0.546667 0.013333 0.070000
3 0.172500 0.476667 0.008333 0.016667
3 0.829167 0.573333 0.008333 0.016667
3 0.707500 0.530000 0.013333 0.015000
3 0.144167 0.596667 0.009167 0.023333
3 0.318333 0.535000 0.007500 0.015000
2 0.306667 0.558333 0.048333 0.025000
2 0.255000 0.471667 0.048333 0.025000
3 0.459167 0.473333 0.009167 0.018333
2 0.300000 0.448333 0.097500 0.053333
2 0.349167 0.586667 0.022500 0.023333
3 0.531667 0.573333 0.008333 0.016667
3 0.455833 0.423333 0.010833 0.023333
2 0.360833 0.478333 0.009167 0.031667
2 0.322500 0.486667 0.010833 0.091667
3 0.059167 0.488333 0.009167 0.016667
2 0.080000 0.530000 0.010833 0.091667
3 0.469167 0.443333 0.011667 0.020000
3 0.319167 0.598333 0.013333 0.031667
3 0.123333 0.460000 0.009167 0.016667
2 0.549167 0.541667 0.048333 0.025000
2 0.088333 0.510000 0.027500 0.016667
2 0.065000 0.498333 0.014167 0.015000
3 0.443333 0.616667 0.011667 0.030000
3 0.595833 0.576667 0.015833 0.051667
2 0.549167 0.481667 0.030833 0.051667
3 0.190000 0.468333 0.008333 0.016667
3 0.333333 0.516667 0.009167 0.016667
2 0.408333 0.545000 0.015833 0.068333
3 0.415000 0.490000 0.017500 0.031667
3 0.185833 0.471667 0.007500 0.015000
2 0.667500 0.501667 0.014167 0.015000
2 0.068333 0.495000 0.020833 0.080000
3 0.562500 0.591667 0.009167 0.016667
3 0.775000 0.463333 0.009167 0.016667
2 0.187500 0.593333 0.021667 0.090000
3 0.235833 0.476667 0.010000 0.016667
3 0.179167 0.526667 0.009167 0.016667
3 0.719167 0.556667 0.014167 0.025000
3 0.060833 0.516667 0.009167 0.016667
2 0.147500 0.538333 0.020833 0.080000
2 0.768333 0.500000 0.020833 0.080000
2 0.646667 0.460000 0.010000 0.031667
2 0.797500 0.433333 0.017500 0.116667
3 0.298333 0.555000 0.013333 0.031667
2 0.471667 0.605000 0.023333 0.041667
3 0.574167 0.620000 0.011667 0.020000
2 0.310833 0.316667 0.048333 0.025000
3 0.188333 0.403333 0.011667 0.030000
2 0.724167 0.593333 0.019167 0.046667
2 0.316667 0.145000 0.020833 0.080000
3 0.480833 0.640000 0.008333 0.016667
2 0.317500 0.378333 0.010833 0.091667
2 0.382500 0.355000 0.097500 0.053333
2 0.213333 0.648333 0.019167 0.046667
3 0.365000 0.666667 0.009167 0.016667
3 0.235000 0.378333 0.009167 0.015000
3 0.758333 0.408333 0.010000 0.016667
2 0.692500 0.661667 0.020000 0.021667
2 0.767500 0.340000 0.029167 0.038333
3 0.527500 0.265000 0.007500 0.018333
3 0.515833 0.716667 0.009167 0.015000
2 0.617500 0.346667 0.034167 0.038333
3 0.776667 0.691667 0.006667 0.018333
2 0.434167 0.371667 0.011667 0.025000
2 0.281667 0.775000 0.023333 0.106667
3 0.365833 0.640000 0.010833 0.013333
3 0.816667 0.620000 0.009167 0.018333
3 0.665000 0.396667 0.008333 0.016667
2 0.422500 0.761667 0.009167 0.031667
3 0.535833 0.735000 0.007500 0.015000
2 0.685833 0.636667 0.011667 0.025000
3 0.665833 0.655000 0.017500 0.031667
2 0.436667 0.311667 0.035000 0.105000
2 0.255833 0.725000 0.021667 0.090000
3 0.227500 0.663333 0.009167 0.016667
2 0.445833 0.750000 0.027500 0.016667
2 0.291667 0.708333 0.011667 0.066667
2 0.275833 0.718333 0.023333 0.041667
3 0.646667 0.411667 0.008333 0.016667
3 0.710000 0.675000 0.009167 0.023333
2 0.375833 0.770000 0.013333 0.070000
3 0.464167 0.716667 0.007500 0.018333
3 0.720833 0.338333 0.008333 0.016667
2 0.274167 0.716667 0.058333 0.076667
2 0.316667 0.356667 0.011667 0.066667
3 0.738333 0.601667 0.007500 0.015000
2 0.773333 0.361667 0.035000 0.105000
3 0.480833 0.776667 0.010000 0.016667
2 0.311667 0.680000 0.034167 0.038333
3 0.552500 0.391667 0.006667 0.018333
2 0.738333 0.403333 0.026667 0.035000
2 0.244167 0.620000 0.020833 0.080000
2 0.711667 0.648333 0.023333 0.041667
3 0.713333 0.443333 0.008333 0.021667
2 0.765833 0.355000 0.029167 0.038333
3 0.780000 0.643333 0.007500 0.015000
3 0.324167 0.688333 0.009167 0.016667
2 0.430833 0.800000 0.011667 0.025000
3 0.690833 0.638333 0.010000 0.016667
2 0.299167 0.420000 0.010833 0.091667
2 0.339167 0.296667 0.011667 0.025000
3 0.337500 0.258333 0.008333 0.016667
2 0.287500 0.748333 0.020833 0.080000
3 0.450000 0.351667 0.008333 0.016667
3 0.152500 0.673333 0.007500 0.016667
3 0.760000 0.643333 0.008333 0.016667
2 0.275833 0.758333 0.034167 0.038333
3 0.717500 0.415000 0.007500 0.018333
2 0.415000 0.675000 0.034167 0.100000
2 0.437500 0.348333 0.020833 0.028333
3 0.272500 0.346667 0.007500 0.018333
3 0.456667 0.800000 0.008333 0.016667
2 0.672500 0.395000 0.097500 0.053333
2 0.517500 0.390000 0.034167 0.100000
2 0.441667 0.765000 0.030833 0.051667
3 0.304167 0.696667 0.011667 0.030000
3 0.678333 0.726667 0.008333 0.016667
3 0.543333 0.653333 0.010833 0.023333
3 0.719167 0.626667 0.009167 0.018333
3 0.692500 0.626667 0.007500 0.015000
2 0.296667 0.651667 0.023333 0.106667
3 0.445000 0.371667 0.013333 0.031667
3 0.486667 0.321667 0.009167 0.016667
2 0.784167 0.341667 0.020833 0.080000
2 0.670833 0.420000 0.015833 0.068333
3 0.255000 0.228333 0.010000 0.016667
2 0.787500 0.370000 0.014167 0.015000
3 0.393333 0.691667 0.007500 0.018333
2 0.606667 0.636667 0.034167 0.038333
3 0.700000 0.733333 0.017500 0.031667
2 0.465833 0.835000 0.026667 0.035000
3 0.759167 0.368333 0.009167 0.023333
3 0.691667 0.638333 0.007500 0.016667
2 0.271667 0.376667 0.015833 0.068333
3 0.598333 0.998333 0.007500 0.001667
2 0.709167 0.338333 0.035000 0.105000
2 0.526667 0.745000 0.026667 0.035000
3 0.524167 0.391667 0.010833 0.013333
2 0.390833 0.726667 0.058333 0.076667
2 0.470833 0.158333 0.010833 0.091667
2 0.563333 0.776667 0.020000 0.021667
3 0.756667 0.593333 0.010833 0.023333
2 0.704167 0.696667 0.010833 0.091667
2 0.719167 0.348333 0.020833 0.028333
3 0.685000 0.263333 0.014167 0.025000
2 0.593333 0.651667 0.034167 0.038333
2 0.732500 0.635000 0.019167 0.046667
2 0.695833 0.411667 0.034167 0.038333
2 0.438333 0.398333 0.015833 0.068333
2 0.144167 0.371667 0.058333 0.076667
2 0.280833 0.395000 0.048333 0.025000
3 0.308333 0.723333 0.009167 0.016667
2 0.279167 0.133333 0.023333 0.041667
2 0.370833 0.755000 0.027500 0.016667
3 0.225000 0.408333 0.007500 0.015000
2 0.290833 0.245000 0.014167 0.015000
2 0.303333 0.683333 0.015833 0.068333
2 0.308333 0.265000 0.020833 0.080000
2 0.422500 0.851667 0.010833 0.091667
3 0.786667 0.371667 0.006667 0.018333
3 0.415000 0.748333 0.009167 0.016667
2 0.430833 0.716667 0.048333 0.025000
2 0.769167 0.378333 0.019167 0.046667
2 0.642500 0.705000 0.011667 0.025000
3 0.463333 0.788333 0.017500 0.031667
2 0.702500 0.711667 0.021667 0.090000
3 0.371667 0.685000 0.015833 0.051667
2 0.774167 0.331667 0.015833 0.068333
2 0.589167 0.651667 0.013333 0.070000
3 0.235833 0.378333 0.007500 0.015000
3 0.788333 0.373333 0.013333 0.031667
2 0.331667 0.613333 0.020833 0.080000
2 0.482500 0.773333 0.020833 0.028333
2 0.745000 0.623333 0.097500 0.053333
2 0.324167 0.743333 0.048333 0.043333
3 0.750833 0.613333 0.013333 0.015000
3 0.240000 0.848333 0.014167 0.025000
3 0.604167 0.305000 0.014167 0.025000
3 0.539167 0.735000 0.009167 0.016667
2 0.322500 0.265000 0.048333 0.025000
2 0.686667 0.618333 0.026667 0.035000
2 0.325000 0.408333 0.026667 0.035000
2 0.645000 0.628333 0.029167 0.038333
2 0.572500 0.610000 0.011667 0.025000
2 0.718333 0.641667 0.034167 0.038333
3 0.604167 0.400000 0.013333 0.015000
2 0.680833 0.336667 0.023333 0.106667
2 0.529167 0.698333 0.034167 0.038333
3 0.573333 0.741667 0.017500 0.031667
3 0.572500 0.618333 0.011667 0.020000
2 0.323333 0.398333 0.022500 0.023333
2 0.685833 0.320000 0.015833 0.068333
2 0.688333 0.736667 0.023333 0.106667
2 0.790000 0.428333 0.021667 0.090000
3 0.383333 0.398333 0.015833 0.051667
3 0.665833 0.363333 0.008333 0.016667
3 0.589167 0.746667 0.009167 0.016667
2 0.195833 0.651667 0.020833 0.028333
3 0.286667 0.261667 0.010000 0.016667
3 0.630000 0.648333 0.013333 0.015000
2 0.229167 0.783333 0.015833 0.068333
2 0.682500 0.645000 0.015833 0.068333
2 0.796667 0.631667 0.009167 0.031667
3 0.379167 0.363333 0.009167 0.015000
2 0.288333 0.288333 0.020000 0.021667
2 0.600833 0.726667 0.011667 0.066667
3 0.775000 0.603333 0.007500 0.015000
2 0.727500 0.680000 0.020833 0.028333
2 0.449167 0.291667 0.058333 0.076667
3 0.280000 0.720000 0.007500 0.016667
3 0.677500 0.400000 0.011667 0.020000
2 0.781667 0.403333 0.045833 0.021667
3 0.404167 0.661667 0.007500 0.018333
3 0.692500 0.630000 0.008333 0.016667
3 0.644167 0.328333 0.014167 0.025000
2 0.561667 0.266667 0.020833 0.080000
2 0.357500 0.710000 0.022500 0.023333
3 0.241667 0.856667 0.010833 0.023333
2 0.696667 0.640000 0.015833 0.068333
2 0.692500 0.365000 0.058333 0.076667
3 0.513333 0.323333 0.014167 0.025000
3 0.572500 0.635000 0.009167 0.016667
3 0.376667 0.710000 0.015833 0.051667
3 0.311667 0.776667 0.008333 0.021667
3 0.260000 0.380000 0.011667 0.030000
3 0.317500 0.735000 0.009167 0.023333
3 0.311667 0.258333 0.013333 0.015000
2 0.727500 0.465000 0.021667 0.090000
3 0.560000 0.743333 0.013333 0.031667
3 0.648333 0.380000 0.007500 0.015000
3 0.766667 0.371667 0.013333 0.015000
2 0.664167 0.331667 0.020833 0.028333
3 0.504167 0.336667 0.009167 0.023333
3 0.683333 0.636667 0.009167 0.016667
2 0.710833 0.325000 0.017500 0.116667
2 0.313333 0.226667 0.011667 0.025000
3 0.476667 0.288333 0.014167 0.025000
2 0.511667 0.400000 0.030833 0.051667
2 0.733333 0.623333 0.009167 0.031667
2 0.326667 0.701667 0.034167 0.038333
2 0.673333 0.685000 0.048333 0.043333
3 0.603333 0.748333 0.006667 0.018333
3 0.724167 0.790000 0.010833 0.013333
