4 0.871667 0.423333 0.076667 0.050000
4 0.787500 0.560000 0.115833 0.100000
4 0.795833 0.738333 0.087500 0.233333
4 0.874167 0.618333 0.114167 0.233333
4 0.851667 0.556667 0.061667 0.125000
4 0.871667 0.493333 0.075833 0.085000
4 0.874167 0.481667 0.080833 0.186667
4 0.847500 0.623333 0.091667 0.240000
4 0.787500 0.383333 0.137500 0.043333
4 0.726667 0.475000 0.280000 0.153333
4 0.640000 0.468333 0.101667 0.061667
4 0.095000 0.748333 0.188333 0.378333
4 0.725833 0.495000 0.060833 0.080000
4 0.498333 0.476667 0.059167 0.085000
4 0.634167 0.490000 0.068333 0.025000
4 0.325000 0.488333 0.080833 0.026667
4 0.620000 0.528333 0.048333 0.028333
4 0.487500 0.716667 0.181667 0.405000
4 0.185000 0.485000 0.100833 0.098333
4 0.550833 0.461667 0.141667 0.100000
2 0.688333 0.486667 0.034167 0.100000
2 0.375833 0.538333 0.009167 0.040000
2 0.467500 0.493333 0.026667 0.035000
2 0.454167 0.486667 0.020833 0.080000
2 0.191667 0.543333 0.034167 0.100000
2 0.597500 0.550000 0.010000 0.031667
2 0.513333 0.486667 0.009167 0.040000
2 0.511667 0.468333 0.011667 0.066667
2 0.666667 0.538333 0.010000 0.031667
2 0.440000 0.455000 0.045833 0.021667
2 0.189167 0.608333 0.022500 0.023333
2 0.729167 0.456667 0.010000 0.031667
2 0.155833 0.530000 0.013333 0.070000
2 0.544167 0.446667 0.035000 0.105000
2 0.805833 0.513333 0.045833 0.021667
3 0.309167 0.490000 0.007500 0.018333
3 0.054167 0.543333 0.009167 0.016667
3 0.377500 0.480000 0.006667 0.018333
2 0.501667 0.526667 0.014167 0.015000
2 0.616667 0.491667 0.026667 0.035000
3 0.454167 0.540000 0.015833 0.051667
3 0.435000 0.498333 0.017500 0.031667
3 0.451667 0.618333 0.007500 0.016667
2 0.068333 0.516667 0.048333 0.043333
3 0.779167 0.555000 0.011667 0.020000
2 0.692500 0.568333 0.034167 0.038333
3 0.486667 0.581667 0.013333 0.015000
2 0.353333 0.535000 0.020833 0.028333
2 0.110833 0.470000 0.048333 0.025000
3 0.238333 0.485000 0.010833 0.013333
2 0.661667 0.453333 0.029167 0.038333
2 0.701667 0.476667 0.048333 0.043333
2 0.075833 0.545000 0.027500 0.016667
2 0.479167 0.626667 0.013333 0.070000
3 0.283333 0.593333 0.013333 0.015000
2 0.259167 0.446667 0.020833 0.028333
3 0.260833 0.590000 0.009167 0.016667
2 0.232500 0.501667 0.027500 0.016667
2 0.441667 0.433333 0.097500 0.053333
2 0.223333 0.581667 0.019167 0.046667
3 0.082500 0.508333 0.009167 0.016667
2 0.486667 0.543333 0.097500 0.053333
2 0.453333 0.556667 0.026667 0.035000
3 0.820833 0.475000 0.009167 0.023333
3 0.674167 0.563333 0.009167 0.015000
2 0.069167 0.483333 0.009167 0.031667
2 0.100833 0.568333 0.009167 0.031667
2 0.187500 0.488333 0.048333 0.043333
3 0.308333 0.485000 0.009167 0.016667
2 0.525833 0.458333 0.015833 0.068333
2 0.415833 0.523333 0.034167 0.100000
2 0.388333 0.435000 0.020833 0.080000
3 0.358333 0.525000 0.007500 0.018333
3 0.182500 0.478333 0.010000 0.016667
2 0.563333 0.560000 0.026667 0.035000
2 0.581667 0.490000 0.022500 0.023333
2 0.813333 0.643333 0.009167 0.040000
3 0.134167 0.491667 0.010000 0.016667
2 0.754167 0.498333 0.010000 0.031667
3 0.525833 0.520000 0.008333 0.016667
3 0.756667 0.495000 0.009167 0.015000
3 0.575833 0.535000 0.009167 0.016667
2 0.802500 0.461667 0.023333 0.041667
3 0.241667 0.585000 0.008333 0.016667
2 0.040000 0.508333 0.034167 0.038333
3 0.526667 0.521667 0.011667 0.020000
2 0.545833 0.491667 0.058333 0.076667
3 0.127500 0.471667 0.013333 0.031667
3 0.715833 0.566667 0.009167 0.016667
2 0.671667 0.543333 0.026667 0.035000
3 0.389167 0.578333 0.006667 0.018333
3 0.552500 0.551667 0.013333 0.015000
3 0.621667 0.573333 0.006667 0.018333
3 0.058333 0.571667 0.008333 0.016667
3 0.727500 0.595000 0.008333 0.021667
3 0.193333 0.530000 0.008333 0.021667
2 0.112500 0.560000 0.097500 0.053333
2 0.547500 0.595000 0.023333 0.041667
3 0.122500 0.583333 0.009167 0.023333
3 0.079167 0.515000 0.009167 0.016667
3 0.288333 0.525000 0.008333 0.016667
3 0.068333 0.533333 0.009167 0.016667
2 0.312500 0.585000 0.045833 0.021667
2 0.480833 0.551667 0.015833 0.068333
2 0.149167 0.481667 0.010000 0.031667
3 0.460833 0.500000 0.013333 0.015000
2 0.705000 0.485000 0.021667 0.090000
3 0.132500 0.458333 0.009167 0.016667
3 0.135833 0.576667 0.010000 0.020000
2 0.442500 0.525000 0.014167 0.015000
2 0.563333 0.536667 0.020833 0.080000
2 0.078333 0.563333 0.026667 0.035000
2 0.505833 0.625000 0.010833 0.091667
2 0.420000 0.495000 0.017500 0.116667
2 0.105000 0.450000 0.019167 0.046667
3 0.165000 0.441667 0.013333 0.015000
2 0.165833 0.396667 0.035000 0.105000
2 0.336667 0.621667 0.020833 0.080000
2 0.405833 0.590000 0.010000 0.031667
3 0.043333 0.508333 0.014167 0.025000
3 0.257500 0.598333 0.010000 0.020000
3 0.475000 0.408333 0.010833 0.013333
3 0.600000 0.706667 0.009167 0.016667
2 0.548333 0.736667 0.048333 0.025000
2 0.571667 0.750000 0.011667 0.025000
2 0.512500 0.431667 0.009167 0.031667
3 0.685000 0.281667 0.009167 0.016667
2 0.695000 0.770000 0.010833 0.091667
2 0.552500 0.321667 0.011667 0.025000
3 0.785833 0.341667 0.008333 0.016667
3 0.560000 0.273333 0.008333 0.016667
3 0.687500 0.283333 0.010833 0.023333
3 0.305833 0.693333 0.013333 0.031667
2 0.731667 0.658333 0.017500 0.116667
2 0.576667 0.706667 0.020833 0.080000
3 0.462500 0.703333 0.009167 0.016667
2 0.459167 0.113333 0.034167 0.038333
3 0.739167 0.335000 0.013333 0.031667
2 0.741667 0.706667 0.017500 0.116667
2 0.548333 0.326667 0.020833 0.080000
3 0.621667 0.296667 0.008333 0.021667
3 0.689167 0.281667 0.007500 0.015000
3 0.703333 0.425000 0.010833 0.023333
2 0.707500 0.366667 0.011667 0.025000
3 0.774167 0.341667 0.010833 0.023333
3 0.734167 0.693333 0.007500 0.016667
3 0.460833 0.720000 0.008333 0.021667
3 0.583333 0.318333 0.007500 0.016667
2 0.552500 0.318333 0.020000 0.021667
3 0.773333 0.345000 0.009167 0.018333
3 0.453333 0.730000 0.008333 0.016667
2 0.212500 0.585000 0.045833 0.021667
2 0.535833 0.403333 0.017500 0.116667
2 0.788333 0.700000 0.058333 0.076667
2 0.640833 0.375000 0.045833 0.021667
2 0.669167 0.608333 0.048333 0.025000
2 0.309167 0.216667 0.019167 0.046667
3 0.496667 0.401667 0.009167 0.016667
3 0.727500 0.416667 0.011667 0.030000
3 0.389167 0.713333 0.015833 0.051667
3 0.705000 0.325000 0.007500 0.015000
3 0.598333 0.998333 0.007500 0.001667
2 0.798333 0.386667 0.011667 0.066667
3 0.406667 0.653333 0.008333 0.021667
3 0.712500 0.631667 0.009167 0.016667
3 0.455833 0.288333 0.008333 0.016667
2 0.292500 0.706667 0.029167 0.038333
3 0.392500 0.376667 0.010000 0.020000
2 0.629167 0.370000 0.011667 0.025000
3 0.690000 0.625000 0.009167 0.016667
2 0.570833 0.646667 0.009167 0.031667
2 0.457500 0.343333 0.010000 0.031667
3 0.807500 0.728333 0.008333 0.016667
2 0.765000 0.730000 0.009167 0.031667
2 0.358333 0.730000 0.021667 0.090000
2 0.472500 0.225000 0.009167 0.040000
3 0.450833 0.371667 0.007500 0.018333
2 0.643333 0.615000 0.020833 0.028333
3 0.687500 0.643333 0.008333 0.016667
3 0.803333 0.371667 0.009167 0.016667
3 0.511667 0.418333 0.010833 0.013333
2 0.636667 0.393333 0.026667 0.035000
3 0.708333 0.340000 0.008333 0.016667
2 0.701667 0.355000 0.097500 0.053333
2 0.667500 0.718333 0.029167 0.038333
3 0.456667 0.665000 0.006667 0.018333
2 0.528333 0.330000 0.020833 0.080000
2 0.438333 0.645000 0.029167 0.038333
3 0.569167 0.776667 0.007500 0.015000
2 0.745000 0.605000 0.027500 0.016667
3 0.345000 0.638333 0.007500 0.015000
3 0.270000 0.861667 0.009167 0.015000
3 0.288333 0.805000 0.009167 0.018333
3 0.314167 0.661667 0.007500 0.018333
2 0.660833 0.365000 0.019167 0.046667
3 0.752500 0.396667 0.008333 0.016667
3 0.484167 0.811667 0.006667 0.018333
2 0.809167 0.428333 0.034167 0.038333
2 0.781667 0.425000 0.022500 0.023333
3 0.771667 0.358333 0.010000 0.016667
2 0.249167 0.420000 0.034167 0.100000
2 0.403333 0.358333 0.048333 0.043333
3 0.485000 0.210000 0.008333 0.016667
3 0.309167 0.348333 0.007500 0.018333
3 0.712500 0.361667 0.014167 0.025000
3 0.707500 0.678333 0.006667 0.018333
3 0.749167 0.653333 0.017500 0.031667
3 0.751667 0.315000 0.007500 0.015000
3 0.629167 0.418333 0.008333 0.021667
3 0.175833 0.405000 0.007500 0.018333
3 0.685833 0.368333 0.009167 0.018333
2 0.520833 0.441667 0.010833 0.091667
2 0.679167 0.611667 0.058333 0.076667
2 0.345833 0.341667 0.034167 0.100000
2 0.326667 0.248333 0.029167 0.038333
3 0.487500 0.638333 0.010833 0.013333
2 0.265000 0.371667 0.020833 0.028333
2 0.757500 0.585000 0.015833 0.068333
3 0.703333 0.716667 0.007500 0.015000
2 0.501667 0.618333 0.035000 0.105000
3 0.645833 0.336667 0.010833 0.023333
3 0.641667 0.375000 0.017500 0.031667
3 0.817500 0.711667 0.009167 0.015000
2 0.672500 0.631667 0.048333 0.025000
3 0.746667 0.710000 0.008333 0.016667
3 0.227500 0.663333 0.009167 0.016667
2 0.739167 0.406667 0.027500 0.016667
2 0.555833 0.770000 0.021667 0.090000
2 0.565000 0.258333 0.019167 0.046667
2 0.479167 0.303333 0.009167 0.040000
3 0.530833 0.378333 0.011667 0.030000
3 0.480000 0.640000 0.009167 0.016667
3 0.795833 0.368333 0.007500 0.016667
3 0.703333 0.620000 0.009167 0.018333
3 0.320833 0.286667 0.010833 0.013333
3 0.605833 0.660000 0.010000 0.016667
3 0.802500 0.618333 0.008333 0.016667
3 0.655833 0.355000 0.013333 0.015000
2 0.673333 0.355000 0.010833 0.091667
3 0.273333 0.321667 0.007500 0.015000
3 0.821667 0.698333 0.010833 0.013333
2 0.784167 0.400000 0.021667 0.090000
3 0.576667 0.740000 0.007500 0.015000
3 0.218333 0.673333 0.007500 0.018333
2 0.642500 0.383333 0.015833 0.068333
3 0.292500 0.266667 0.007500 0.015000
2 0.450833 0.186667 0.019167 0.046667
2 0.303333 0.290000 0.017500 0.116667
3 0.468333 0.355000 0.013333 0.015000
2 0.788333 0.370000 0.013333 0.070000
3 0.794167 0.370000 0.011667 0.020000
3 0.510000 0.276667 0.009167 0.018333
3 0.223333 0.691667 0.013333 0.015000
2 0.655000 0.355000 0.058333 0.076667
2 0.745833 0.390000 0.034167 0.100000
2 0.790833 0.403333 0.022500 0.023333
2 0.327500 0.748333 0.020833 0.028333
2 0.600833 0.303333 0.020833 0.028333
3 0.429167 0.788333 0.015833 0.051667
3 0.750833 0.608333 0.007500 0.015000
2 0.834167 0.315000 0.029167 0.038333
2 0.411667 0.236667 0.030833 0.051667
3 0.607500 0.325000 0.008333 0.016667
2 0.780833 0.390000 0.027500 0.016667
3 0.274167 0.413333 0.009167 0.016667
3 0.540833 0.250000 0.009167 0.015000
3 0.414167 0.683333 0.008333 0.016667
3 0.312500 0.773333 0.006667 0.018333
3 0.517500 0.293333 0.009167 0.016667
2 0.772500 0.408333 0.034167 0.100000
2 0.682500 0.636667 0.020833 0.080000
2 0.655833 0.413333 0.009167 0.031667
2 0.510833 0.286667 0.026667 0.035000
2 0.678333 0.381667 0.027500 0.016667
2 0.443333 0.758333 0.021667 0.090000
2 0.799167 0.643333 0.020833 0.028333
2 0.616667 0.296667 0.035000 0.105000
3 0.487500 0.376667 0.009167 0.015000
3 0.638333 0.410000 0.009167 0.015000
3 0.688333 0.328333 0.007500 0.018333
2 0.460833 0.756667 0.020833 0.080000
3 0.667500 0.345000 0.008333 0.021667
2 0.438333 0.271667 0.045833 0.021667
2 0.630000 0.395000 0.058333 0.076667
2 0.654167 0.363333 0.009167 0.040000
3 0.413333 0.396667 0.007500 0.015000
3 0.780833 0.450000 0.010833 0.023333
3 0.697500 0.356667 0.010000 0.020000
2 0.673333 0.623333 0.020833 0.080000
2 0.433333 0.356667 0.034167 0.038333
3 0.799167 0.396667 0.006667 0.018333
3 0.745833 0.375000 0.010000 0.016667
3 0.486667 0.375000 0.007500 0.015000
2 0.629167 0.410000 0.013333 0.070000
2 0.659167 0.411667 0.014167 0.015000
2 0.650000 0.610000 0.097500 0.053333
2 0.759167 0.398333 0.045833 0.021667
2 0.769167 0.323333 0.009167 0.031667
3 0.525833 0.395000 0.008333 0.016667
2 0.402500 0.363333 0.045833 0.021667
2 0.563333 0.661667 0.020833 0.028333
3 0.655000 0.333333 0.008333 0.016667
3 0.560000 0.346667 0.008333 0.021667
2 0.215000 0.685000 0.029167 0.038333
3 0.500000 0.268333 0.006667 0.018333
3 0.555000 0.710000 0.008333 0.016667
2 0.615000 0.425000 0.021667 0.090000
2 0.220833 0.690000 0.017500 0.116667
2 0.699167 0.635000 0.048333 0.043333
2 0.670833 0.636667 0.017500 0.116667
2 0.381667 0.673333 0.009167 0.040000
3 0.275000 0.395000 0.009167 0.016667
3 0.288333 0.720000 0.006667 0.018333
3 0.540833 0.680000 0.006667 0.018333
2 0.701667 0.358333 0.013333 0.070000
3 0.529167 0.293333 0.009167 0.016667
3 0.616667 0.685000 0.015833 0.051667
2 0.781667 0.890000 0.014167 0.015000
3 0.793333 0.666667 0.015833 0.051667
3 0.530833 0.365000 0.013333 0.031667
