4 0.805833 0.586667 0.070000 0.105000
4 0.823333 0.390000 0.134167 0.158333
4 0.789167 0.618333 0.155833 0.261667
4 0.838333 0.726667 0.139167 0.126667
4 0.811667 0.765000 0.183333 0.421667
4 0.855000 0.410000 0.038333 0.053333
4 0.829167 0.606667 0.090833 0.246667
4 0.830000 0.601667 0.062500 0.085000
4 0.785000 0.470000 0.141667 0.063333
4 0.859167 0.745000 0.111667 0.178333
4 0.123333 0.468333 0.140833 0.246667
4 0.205000 0.451667 0.131667 0.131667
4 0.468333 0.535000 0.078333 0.021667
4 0.107500 0.521667 0.215833 0.053333
4 0.035833 0.670000 0.071667 0.341667
4 0.237500 0.455000 0.084167 0.123333
4 0.543333 0.481667 0.080000 0.123333
4 0.395000 0.686667 0.154167 0.256667
4 0.035000 0.541667 0.056667 0.115000
4 0.438333 0.530000 0.080833 0.038333
2 0.597500 0.588333 0.035000 0.105000
3 0.025000 0.480000 0.007500 0.015000
2 0.790833 0.458333 0.010000 0.031667
2 0.741667 0.486667 0.034167 0.100000
3 0.142500 0.541667 0.007500 0.016667
2 0.088333 0.521667 0.022500 0.023333
3 0.695833 0.525000 0.007500 0.015000
3 0.640000 0.570000 0.007500 0.018333
2 0.600000 0.526667 0.026667 0.035000
3 0.141667 0.566667 0.006667 0.018333
3 0.723333 0.485000 0.008333 0.016667
2 0.384167 0.458333 0.015833 0.068333
3 0.501667 0.448333 0.008333 0.016667
3 0.230000 0.446667 0.013333 0.031667
3 0.206667 0.471667 0.009167 0.016667
2 0.670000 0.523333 0.048333 0.025000
2 0.677500 0.508333 0.034167 0.038333
2 0.441667 0.535000 0.009167 0.040000
3 0.384167 0.521667 0.008333 0.016667
2 0.186667 0.428333 0.035000 0.105000
3 0.399167 0.578333 0.007500 0.016667
3 0.387500 0.598333 0.009167 0.016667
2 0.169167 0.456667 0.023333 0.106667
2 0.081667 0.476667 0.029167 0.038333
2 0.320833 0.581667 0.013333 0.070000
2 0.275833 0.501667 0.045833 0.021667
3 0.260833 0.540000 0.007500 0.018333
3 0.643333 0.546667 0.007500 0.015000
2 0.380833 0.521667 0.017500 0.116667
2 0.218333 0.441667 0.010000 0.031667
3 0.612500 0.620000 0.011667 0.020000
3 0.423333 0.473333 0.007500 0.018333
3 0.783333 0.480000 0.008333 0.016667
3 0.442500 0.565000 0.010000 0.020000
3 0.465000 0.526667 0.007500 0.016667
2 0.757500 0.513333 0.020833 0.028333
3 0.213333 0.566667 0.008333 0.016667
3 0.779167 0.496667 0.008333 0.021667
3 0.420000 0.486667 0.011667 0.030000
2 0.392500 0.506667 0.021667 0.090000
3 0.190000 0.486667 0.008333 0.016667
3 0.279167 0.546667 0.013333 0.015000
3 0.026667 0.468333 0.009167 0.015000
3 0.287500 0.503333 0.007500 0.015000
3 0.045000 0.543333 0.009167 0.023333
3 0.230000 0.468333 0.011667 0.030000
3 0.521667 0.471667 0.007500 0.018333
2 0.503333 0.473333 0.011667 0.025000
3 0.355000 0.466667 0.010000 0.016667
3 0.528333 0.476667 0.010000 0.020000
3 0.324167 0.441667 0.010833 0.023333
2 0.399167 0.555000 0.023333 0.041667
2 0.454167 0.505000 0.010000 0.031667
3 0.215000 0.600000 0.008333 0.016667
2 0.424167 0.565000 0.011667 0.066667
3 0.359167 0.521667 0.013333 0.015000
2 0.626667 0.550000 0.035000 0.105000
3 0.715000 0.471667 0.013333 0.031667
3 0.354167 0.526667 0.007500 0.015000
3 0.056667 0.505000 0.017500 0.031667
3 0.322500 0.555000 0.010833 0.013333
2 0.325000 0.613333 0.020833 0.028333
2 0.695833 0.468333 0.023333 0.041667
3 0.505000 0.493333 0.009167 0.016667
3 0.825833 0.603333 0.013333 0.031667
2 0.232500 0.526667 0.035000 0.105000
2 0.692500 0.540000 0.021667 0.090000
2 0.222500 0.630000 0.010833 0.091667
2 0.203333 0.481667 0.010000 0.031667
3 0.146667 0.555000 0.008333 0.016667
3 0.500000 0.593333 0.007500 0.015000
3 0.055000 0.575000 0.007500 0.015000
3 0.105000 0.555000 0.013333 0.015000
3 0.600000 0.468333 0.009167 0.023333
2 0.519167 0.508333 0.014167 0.015000
3 0.504167 0.538333 0.013333 0.031667
2 0.165000 0.570000 0.020833 0.080000
2 0.642500 0.556667 0.020833 0.080000
3 0.312500 0.493333 0.013333 0.031667
2 0.020833 0.556667 0.034167 0.038333
2 0.783333 0.468333 0.009167 0.040000
2 0.462500 0.441667 0.045833 0.021667
2 0.535833 0.575000 0.010000 0.031667
3 0.480833 0.426667 0.009167 0.023333
3 0.577500 0.546667 0.010000 0.016667
3 0.710833 0.485000 0.008333 0.016667
2 0.680833 0.501667 0.034167 0.100000
2 0.757500 0.548333 0.020000 0.021667
2 0.164167 0.470000 0.020833 0.080000
2 0.559167 0.540000 0.011667 0.025000
2 0.792500 0.516667 0.021667 0.090000
2 0.547500 0.540000 0.013333 0.070000
3 0.788333 0.453333 0.008333 0.016667
3 0.211667 0.475000 0.008333 0.016667
3 0.055833 0.551667 0.008333 0.016667
2 0.761667 0.591667 0.010833 0.091667
3 0.393333 0.455000 0.014167 0.025000
3 0.485000 0.438333 0.009167 0.016667
3 0.135000 0.568333 0.007500 0.016667
2 0.371667 0.508333 0.009167 0.031667
3 0.391667 0.530000 0.010000 0.016667
3 0.480833 0.446667 0.007500 0.016667
3 0.336667 0.863333 0.013333 0.031667
3 0.758333 0.645000 0.010833 0.023333
2 0.550833 0.155000 0.048333 0.025000
3 0.327500 0.673333 0.008333 0.016667
3 0.663333 0.695000 0.014167 0.025000
2 0.695833 0.656667 0.027500 0.016667
2 0.685833 0.651667 0.019167 0.046667
3 0.660833 0.361667 0.008333 0.016667
2 0.704167 0.611667 0.019167 0.046667
2 0.380000 0.711667 0.009167 0.031667
3 0.755000 0.660000 0.008333 0.016667
3 0.435833 0.398333 0.007500 0.015000
3 0.275833 0.663333 0.007500 0.015000
3 0.515833 0.811667 0.008333 0.016667
2 0.511667 0.283333 0.020833 0.028333
2 0.716667 0.366667 0.009167 0.040000
3 0.665833 0.363333 0.007500 0.016667
2 0.503333 0.375000 0.048333 0.043333
3 0.573333 0.616667 0.013333 0.031667
2 0.300833 0.670000 0.023333 0.106667
2 0.667500 0.603333 0.015833 0.068333
3 0.360833 0.718333 0.009167 0.016667
3 0.422500 0.363333 0.010000 0.020000
2 0.385833 0.373333 0.010000 0.031667
3 0.735833 0.600000 0.013333 0.015000
3 0.475000 0.326667 0.007500 0.018333
2 0.509167 0.798333 0.009167 0.040000
3 0.350833 0.428333 0.009167 0.015000
2 0.410833 0.710000 0.020833 0.080000
2 0.225833 0.688333 0.009167 0.040000
2 0.796667 0.631667 0.009167 0.031667
3 0.646667 0.411667 0.008333 0.016667
3 0.582500 0.738333 0.009167 0.016667
2 0.705833 0.446667 0.023333 0.106667
2 0.308333 0.723333 0.030833 0.051667
2 0.540833 0.253333 0.034167 0.100000
3 0.600000 0.740000 0.007500 0.015000
2 0.797500 0.343333 0.023333 0.041667
2 0.703333 0.356667 0.019167 0.046667
3 0.360000 0.693333 0.008333 0.016667
2 0.679167 0.778333 0.034167 0.100000
2 0.794167 0.370000 0.020000 0.021667
3 0.450833 0.783333 0.009167 0.015000
2 0.475833 0.686667 0.015833 0.068333
2 0.442500 0.655000 0.048333 0.043333
3 0.720833 0.440000 0.010833 0.013333
2 0.315000 0.751667 0.026667 0.035000
2 0.552500 0.405000 0.019167 0.046667
2 0.719167 0.763333 0.020833 0.080000
2 0.783333 0.413333 0.048333 0.043333
3 0.645833 0.383333 0.007500 0.015000
3 0.767500 0.668333 0.006667 0.018333
2 0.517500 0.393333 0.020833 0.080000
3 0.553333 0.330000 0.009167 0.016667
3 0.778333 0.656667 0.007500 0.018333
3 0.678333 0.356667 0.009167 0.016667
2 0.320000 0.758333 0.034167 0.100000
3 0.676667 0.728333 0.011667 0.020000
2 0.705000 0.600000 0.027500 0.016667
2 0.680000 0.333333 0.034167 0.038333
2 0.562500 0.806667 0.021667 0.090000
3 0.480833 0.638333 0.007500 0.018333
2 0.535000 0.291667 0.027500 0.016667
2 0.300833 0.683333 0.009167 0.031667
2 0.614167 0.390000 0.011667 0.025000
3 0.344167 0.748333 0.008333 0.016667
2 0.293333 0.635000 0.029167 0.038333
3 0.469167 0.711667 0.009167 0.016667
3 0.543333 0.300000 0.011667 0.030000
2 0.708333 0.418333 0.010000 0.031667
2 0.601667 0.598333 0.097500 0.053333
2 0.657500 0.600000 0.035000 0.105000
2 0.329167 0.688333 0.009167 0.031667
2 0.307500 0.288333 0.021667 0.090000
2 0.320833 0.610000 0.035000 0.105000
3 0.446667 0.365000 0.007500 0.015000
2 0.479167 0.383333 0.023333 0.106667
3 0.670833 0.650000 0.007500 0.016667
3 0.321667 0.763333 0.009167 0.023333
3 0.583333 0.756667 0.008333 0.021667
3 0.284167 0.123333 0.013333 0.015000
2 0.774167 0.423333 0.017500 0.116667
3 0.487500 0.258333 0.008333 0.016667
3 0.742500 0.665000 0.008333 0.021667
2 0.475833 0.635000 0.017500 0.116667
2 0.325833 0.426667 0.010833 0.091667
3 0.553333 0.228333 0.009167 0.016667
2 0.565833 0.691667 0.017500 0.116667
3 0.785833 0.598333 0.008333 0.016667
3 0.640833 0.646667 0.008333 0.016667
2 0.770833 0.333333 0.026667 0.035000
2 0.769167 0.366667 0.034167 0.038333
3 0.754167 0.661667 0.009167 0.016667
3 0.655000 0.391667 0.014167 0.025000
3 0.620833 0.370000 0.015833 0.051667
3 0.549167 0.388333 0.013333 0.015000
3 0.410833 0.675000 0.014167 0.025000
2 0.621667 0.626667 0.048333 0.025000
3 0.687500 0.271667 0.009167 0.016667
2 0.595833 0.376667 0.026667 0.035000
3 0.588333 0.630000 0.009167 0.018333
2 0.730000 0.411667 0.020000 0.021667
2 0.535833 0.660000 0.020833 0.080000
3 0.765000 0.668333 0.011667 0.020000
3 0.518333 0.668333 0.011667 0.030000
3 0.272500 0.321667 0.009167 0.016667
2 0.752500 0.596667 0.009167 0.040000
2 0.691667 0.333333 0.035000 0.105000
2 0.507500 0.258333 0.048333 0.043333
3 0.776667 0.636667 0.014167 0.025000
3 0.800000 0.408333 0.007500 0.018333
2 0.710833 0.346667 0.020833 0.028333
3 0.638333 0.393333 0.008333 0.021667
3 0.765000 0.711667 0.008333 0.016667
3 0.538333 0.680000 0.011667 0.020000
2 0.671667 0.365000 0.020833 0.080000
2 0.479167 0.276667 0.009167 0.040000
2 0.563333 0.241667 0.014167 0.015000
2 0.794167 0.716667 0.014167 0.015000
3 0.665000 0.715000 0.013333 0.031667
2 0.293333 0.391667 0.022500 0.023333
2 0.680000 0.605000 0.009167 0.040000
2 0.526667 0.725000 0.034167 0.038333
2 0.426667 0.866667 0.030833 0.051667
2 0.661667 0.378333 0.011667 0.066667
3 0.455000 0.753333 0.009167 0.018333
2 0.695000 0.295000 0.013333 0.070000
2 0.627500 0.393333 0.011667 0.066667
3 0.596667 0.578333 0.010833 0.023333
2 0.710833 0.613333 0.020833 0.080000
2 0.378333 0.391667 0.009167 0.031667
3 0.475000 0.820000 0.011667 0.030000
3 0.572500 0.608333 0.014167 0.025000
2 0.685000 0.358333 0.009167 0.040000
3 0.761667 0.373333 0.007500 0.018333
2 0.692500 0.671667 0.009167 0.040000
3 0.736667 0.655000 0.007500 0.015000
3 0.218333 0.686667 0.010000 0.020000
3 0.281667 0.788333 0.015833 0.051667
3 0.566667 0.688333 0.008333 0.016667
3 0.281667 0.750000 0.009167 0.016667
3 0.718333 0.660000 0.007500 0.016667
3 0.738333 0.686667 0.010000 0.020000
3 0.436667 0.740000 0.007500 0.016667
3 0.460000 0.245000 0.010000 0.016667
3 0.365000 0.701667 0.008333 0.016667
3 0.281667 0.400000 0.010000 0.016667
2 0.243333 0.386667 0.045833 0.021667
3 0.440000 0.655000 0.011667 0.020000
2 0.847500 0.305000 0.009167 0.040000
2 0.688333 0.351667 0.023333 0.106667
3 0.669167 0.635000 0.009167 0.023333
3 0.630833 0.378333 0.008333 0.016667
2 0.283333 0.275000 0.009167 0.031667
3 0.817500 0.621667 0.008333 0.016667
2 0.325000 0.670000 0.034167 0.100000
3 0.295833 0.861667 0.009167 0.016667
3 0.310833 0.385000 0.006667 0.018333
3 0.555833 0.705000 0.007500 0.016667
3 0.724167 0.611667 0.013333 0.015000
3 0.768333 0.380000 0.013333 0.031667
2 0.822500 0.393333 0.020833 0.080000
3 0.334167 0.650000 0.008333 0.016667
2 0.420833 0.820000 0.023333 0.041667
3 0.679167 0.423333 0.008333 0.016667
2 0.489167 0.735000 0.014167 0.015000
3 0.523333 0.396667 0.013333 0.031667
2 0.707500 0.676667 0.011667 0.025000
3 0.814167 0.713333 0.006667 0.018333
2 0.478333 0.180000 0.020833 0.080000
2 0.696667 0.373333 0.009167 0.031667
3 0.533333 0.375000 0.006667 0.018333
2 0.306667 0.705000 0.029167 0.038333
3 0.758333 0.591667 0.008333 0.016667
3 0.705000 0.288333 0.008333 0.021667
2 0.585000 0.998333 0.034167 0.001667
2 0.689167 0.741667 0.023333 0.041667
2 0.785000 0.696667 0.035000 0.105000
3 0.422500 0.711667 0.013333 0.031667
3 0.240000 0.348333 0.007500 0.015000
3 0.555833 0.998333 0.008333 0.001667
3 0.773333 0.348333 0.009167 0.023333
2 0.663333 0.611667 0.048333 0.043333
2 0.575833 0.421667 0.020000 0.021667
2 0.521667 0.398333 0.020833 0.028333
2 0.824167 0.441667 0.013333 0.070000
2 0.727500 0.583333 0.020833 0.080000
3 0.799167 0.633333 0.008333 0.016667
3 0.645000 0.401667 0.011667 0.020000
2 0.672500 0.636667 0.027500 0.016667
3 0.610833 0.653333 0.015833 0.051667
3 0.485833 0.751667 0.010000 0.020000
3 0.225833 0.346667 0.007500 0.018333
2 0.695000 0.670000 0.048333 0.043333
2 0.295000 0.460000 0.048333 0.025000
3 0.737500 0.653333 0.009167 0.016667
2 0.725833 0.416667 0.009167 0.040000
2 0.515000 0.253333 0.021667 0.090000
