4 0.811667 0.393333 0.105000 0.070000
4 0.835000 0.450000 0.069167 0.066667
4 0.805833 0.410000 0.128333 0.035000
4 0.816667 0.456667 0.227500 0.155000
4 0.856667 0.541667 0.100833 0.090000
4 0.845833 0.560000 0.036667 0.086667
4 0.770000 0.330000 0.198333 0.243333
4 0.882500 0.620000 0.039167 0.076667
4 0.841667 0.413333 0.082500 0.121667
4 0.803333 0.686667 0.138333 0.293333
4 0.293333 0.531667 0.067500 0.031667
4 0.649167 0.621667 0.113333 0.148333
4 0.311667 0.525000 0.071667 0.046667
4 0.035000 0.625000 0.070000 0.225000
4 0.220833 0.533333 0.105000 0.051667
4 0.574167 0.428333 0.111667 0.138333
4 0.670833 0.531667 0.042500 0.051667
4 0.293333 0.465000 0.083333 0.081667
4 0.524167 0.450000 0.053333 0.108333
4 0.630833 0.576667 0.080000 0.096667
3 0.828333 0.493333 0.007500 0.018333
2 0.529167 0.478333 0.011667 0.025000
2 0.401667 0.531667 0.026667 0.035000
3 0.820000 0.463333 0.010000 0.016667
3 0.504167 0.490000 0.006667 0.018333
2 0.611667 0.488333 0.020833 0.080000
2 0.405000 0.566667 0.097500 0.053333
3 0.320000 0.520000 0.006667 0.018333
2 0.139167 0.521667 0.020833 0.028333
3 0.206667 0.575000 0.014167 0.025000
2 0.510833 0.531667 0.048333 0.043333
3 0.757500 0.515000 0.011667 0.020000
3 0.019167 0.498333 0.009167 0.015000
2 0.805833 0.538333 0.023333 0.106667
2 0.798333 0.605000 0.030833 0.051667
3 0.435833 0.606667 0.007500 0.015000
2 0.122500 0.588333 0.010833 0.091667
3 0.177500 0.441667 0.007500 0.018333
2 0.741667 0.558333 0.011667 0.066667
3 0.629167 0.516667 0.011667 0.020000
2 0.233333 0.426667 0.097500 0.053333
2 0.800833 0.511667 0.048333 0.025000
2 0.600000 0.595000 0.020833 0.028333
2 0.806667 0.525000 0.017500 0.116667
2 0.660833 0.558333 0.029167 0.038333
3 0.465833 0.575000 0.010000 0.020000
2 0.658333 0.573333 0.034167 0.100000
2 0.425000 0.576667 0.048333 0.043333
2 0.781667 0.490000 0.010000 0.031667
2 0.263333 0.548333 0.026667 0.035000
3 0.475833 0.583333 0.009167 0.023333
3 0.420833 0.563333 0.017500 0.031667
2 0.565833 0.555000 0.048333 0.043333
3 0.159167 0.448333 0.009167 0.016667
3 0.227500 0.460000 0.009167 0.016667
2 0.190000 0.438333 0.020000 0.021667
2 0.625833 0.466667 0.048333 0.043333
2 0.456667 0.485000 0.014167 0.015000
2 0.324167 0.615000 0.010833 0.091667
3 0.580833 0.468333 0.007500 0.015000
3 0.555000 0.576667 0.014167 0.025000
2 0.196667 0.533333 0.034167 0.100000
2 0.249167 0.565000 0.027500 0.016667
3 0.745833 0.458333 0.010833 0.013333
3 0.295833 0.600000 0.009167 0.016667
2 0.415833 0.535000 0.048333 0.025000
3 0.372500 0.573333 0.009167 0.015000
2 0.445000 0.538333 0.030833 0.051667
3 0.133333 0.590000 0.013333 0.015000
2 0.793333 0.420000 0.035000 0.105000
3 0.537500 0.568333 0.007500 0.016667
2 0.073333 0.516667 0.097500 0.053333
3 0.260833 0.490000 0.006667 0.018333
3 0.639167 0.586667 0.008333 0.016667
2 0.090833 0.578333 0.034167 0.100000
2 0.390833 0.575000 0.027500 0.016667
2 0.470833 0.486667 0.097500 0.053333
3 0.825833 0.471667 0.009167 0.015000
2 0.145000 0.418333 0.058333 0.076667
2 0.635833 0.441667 0.015833 0.068333
3 0.092500 0.551667 0.009167 0.016667
2 0.485000 0.475000 0.034167 0.100000
3 0.181667 0.458333 0.007500 0.018333
2 0.199167 0.503333 0.026667 0.035000
3 0.075833 0.558333 0.006667 0.018333
2 0.128333 0.545000 0.058333 0.076667
2 0.284167 0.581667 0.034167 0.038333
2 0.239167 0.518333 0.009167 0.031667
3 0.793333 0.551667 0.013333 0.031667
2 0.563333 0.518333 0.023333 0.106667
2 0.357500 0.465000 0.023333 0.106667
3 0.210833 0.488333 0.014167 0.025000
3 0.508333 0.505000 0.008333 0.016667
3 0.720000 0.540000 0.010000 0.020000
2 0.093333 0.555000 0.015833 0.068333
2 0.781667 0.536667 0.014167 0.015000
2 0.255833 0.581667 0.030833 0.051667
3 0.252500 0.451667 0.009167 0.018333
3 0.390833 0.548333 0.009167 0.018333
3 0.225833 0.493333 0.007500 0.015000
3 0.544167 0.483333 0.009167 0.016667
2 0.010000 0.506667 0.020000 0.043333
3 0.449167 0.456667 0.011667 0.020000
2 0.540000 0.551667 0.020833 0.028333
3 0.046667 0.478333 0.011667 0.030000
3 0.404167 0.576667 0.010833 0.013333
2 0.176667 0.485000 0.014167 0.015000
3 0.543333 0.533333 0.011667 0.030000
3 0.690833 0.526667 0.006667 0.018333
2 0.578333 0.560000 0.015833 0.068333
2 0.081667 0.431667 0.097500 0.053333
3 0.189167 0.473333 0.008333 0.021667
2 0.207500 0.503333 0.009167 0.031667
2 0.392500 0.530000 0.023333 0.106667
2 0.192500 0.438333 0.020833 0.028333
2 0.566667 0.570000 0.023333 0.041667
2 0.241667 0.571667 0.022500 0.023333
3 0.020000 0.520000 0.009167 0.018333
2 0.659167 0.570000 0.097500 0.053333
2 0.392500 0.460000 0.097500 0.053333
2 0.321667 0.573333 0.020000 0.021667
3 0.399167 0.571667 0.007500 0.015000
2 0.692500 0.708333 0.029167 0.038333
3 0.615000 0.398333 0.009167 0.016667
2 0.274167 0.715000 0.019167 0.046667
2 0.673333 0.620000 0.021667 0.090000
3 0.570833 0.386667 0.013333 0.031667
2 0.275833 0.776667 0.027500 0.016667
3 0.713333 0.438333 0.007500 0.018333
3 0.440833 0.738333 0.009167 0.016667
2 0.325000 0.293333 0.035000 0.105000
2 0.475000 0.746667 0.048333 0.043333
3 0.760000 0.643333 0.007500 0.015000
2 0.385000 0.410000 0.021667 0.090000
3 0.641667 0.350000 0.008333 0.016667
2 0.295000 0.401667 0.045833 0.021667
2 0.707500 0.241667 0.023333 0.106667
2 0.630000 0.626667 0.048333 0.025000
3 0.737500 0.696667 0.015833 0.051667
3 0.631667 0.383333 0.007500 0.015000
3 0.515000 0.811667 0.009167 0.016667
3 0.713333 0.633333 0.007500 0.018333
2 0.260000 0.343333 0.097500 0.053333
2 0.752500 0.713333 0.010000 0.031667
3 0.361667 0.611667 0.009167 0.016667
3 0.715833 0.428333 0.015833 0.051667
3 0.663333 0.338333 0.008333 0.016667
2 0.258333 0.373333 0.014167 0.015000
3 0.330000 0.658333 0.015833 0.051667
2 0.294167 0.691667 0.034167 0.038333
3 0.673333 0.446667 0.008333 0.021667
2 0.386667 0.693333 0.010000 0.031667
2 0.837500 0.331667 0.022500 0.023333
3 0.703333 0.413333 0.017500 0.031667
3 0.595000 0.410000 0.006667 0.018333
2 0.680833 0.586667 0.097500 0.053333
3 0.705000 0.425000 0.008333 0.016667
2 0.528333 0.290000 0.020833 0.028333
3 0.507500 0.370000 0.015833 0.051667
3 0.491667 0.370000 0.017500 0.031667
3 0.675833 0.346667 0.008333 0.016667
2 0.634167 0.631667 0.023333 0.041667
2 0.680000 0.410000 0.023333 0.041667
3 0.170000 0.630000 0.014167 0.025000
3 0.591667 0.756667 0.007500 0.018333
3 0.780833 0.363333 0.011667 0.020000
3 0.752500 0.658333 0.013333 0.015000
2 0.298333 0.140000 0.020833 0.028333
3 0.790000 0.395000 0.009167 0.016667
3 0.499167 0.258333 0.006667 0.018333
2 0.615000 0.341667 0.029167 0.038333
2 0.614167 0.626667 0.009167 0.040000
3 0.662500 0.411667 0.007500 0.015000
2 0.565000 0.726667 0.011667 0.066667
2 0.483333 0.858333 0.014167 0.015000
2 0.440833 0.340000 0.020833 0.080000
3 0.739167 0.653333 0.014167 0.025000
2 0.688333 0.373333 0.026667 0.035000
2 0.410000 0.745000 0.048333 0.043333
3 0.785833 0.408333 0.010833 0.023333
2 0.690833 0.800000 0.020833 0.080000
2 0.325833 0.370000 0.011667 0.066667
2 0.401667 0.383333 0.021667 0.090000
2 0.600833 0.380000 0.020000 0.021667
2 0.780833 0.400000 0.045833 0.021667
3 0.746667 0.375000 0.007500 0.015000
2 0.754167 0.600000 0.020833 0.028333
2 0.485833 0.870000 0.009167 0.031667
2 0.787500 0.455000 0.020833 0.080000
3 0.390833 0.675000 0.009167 0.016667
3 0.661667 0.393333 0.007500 0.015000
2 0.440000 0.358333 0.009167 0.040000
2 0.401667 0.356667 0.015833 0.068333
3 0.303333 0.398333 0.008333 0.016667
2 0.628333 0.668333 0.013333 0.070000
2 0.270833 0.816667 0.017500 0.116667
2 0.302500 0.680000 0.010833 0.091667
3 0.337500 0.863333 0.011667 0.020000
3 0.693333 0.753333 0.006667 0.018333
3 0.309167 0.663333 0.006667 0.018333
2 0.470833 0.723333 0.011667 0.025000
3 0.778333 0.608333 0.007500 0.015000
3 0.509167 0.740000 0.010833 0.023333
2 0.688333 0.330000 0.011667 0.025000
3 0.679167 0.435000 0.008333 0.016667
2 0.475000 0.146667 0.011667 0.066667
3 0.718333 0.340000 0.013333 0.031667
3 0.681667 0.388333 0.008333 0.016667
2 0.280000 0.775000 0.013333 0.070000
3 0.626667 0.393333 0.009167 0.023333
2 0.168333 0.411667 0.013333 0.070000
2 0.643333 0.343333 0.026667 0.035000
3 0.304167 0.645000 0.008333 0.016667
2 0.698333 0.311667 0.021667 0.090000
2 0.485833 0.226667 0.035000 0.105000
2 0.678333 0.360000 0.048333 0.025000
2 0.293333 0.395000 0.020000 0.021667
2 0.679167 0.380000 0.097500 0.053333
2 0.770833 0.683333 0.020833 0.080000
3 0.694167 0.713333 0.013333 0.031667
2 0.315833 0.410000 0.030833 0.051667
3 0.775000 0.691667 0.009167 0.016667
3 0.758333 0.596667 0.013333 0.015000
2 0.538333 0.428333 0.026667 0.035000
2 0.638333 0.380000 0.009167 0.040000
2 0.733333 0.635000 0.097500 0.053333
2 0.491667 0.310000 0.022500 0.023333
3 0.385000 0.696667 0.013333 0.031667
2 0.348333 0.251667 0.020833 0.080000
3 0.714167 0.421667 0.008333 0.021667
3 0.746667 0.605000 0.010000 0.016667
3 0.694167 0.666667 0.008333 0.016667
2 0.280833 0.676667 0.010833 0.091667
2 0.380000 0.771667 0.023333 0.041667
2 0.375000 0.331667 0.097500 0.053333
3 0.317500 0.791667 0.006667 0.018333
2 0.618333 0.380000 0.017500 0.116667
3 0.733333 0.588333 0.009167 0.016667
2 0.530833 0.423333 0.048333 0.025000
2 0.698333 0.343333 0.020833 0.080000
3 0.480000 0.638333 0.010000 0.020000
3 0.796667 0.415000 0.007500 0.016667
3 0.458333 0.346667 0.008333 0.016667
3 0.675000 0.320000 0.008333 0.016667
3 0.779167 0.321667 0.009167 0.015000
2 0.786667 0.601667 0.035000 0.105000
2 0.570833 0.376667 0.097500 0.053333
2 0.726667 0.423333 0.026667 0.035000
2 0.493333 0.271667 0.058333 0.076667
2 0.467500 0.278333 0.048333 0.025000
3 0.777500 0.391667 0.007500 0.018333
3 0.723333 0.615000 0.008333 0.016667
2 0.689167 0.695000 0.013333 0.070000
3 0.250000 0.648333 0.009167 0.015000
2 0.795000 0.745000 0.013333 0.070000
3 0.822500 0.435000 0.007500 0.015000
3 0.671667 0.433333 0.015833 0.051667
2 0.497500 0.303333 0.010833 0.091667
2 0.685833 0.688333 0.026667 0.035000
2 0.673333 0.371667 0.020833 0.080000
3 0.427500 0.648333 0.010000 0.016667
2 0.710833 0.393333 0.058333 0.076667
3 0.818333 0.416667 0.007500 0.018333
2 0.562500 0.641667 0.034167 0.100000
3 0.510833 0.295000 0.008333 0.021667
2 0.580833 0.185000 0.020000 0.021667
3 0.337500 0.256667 0.007500 0.015000
2 0.781667 0.646667 0.010833 0.091667
2 0.743333 0.711667 0.027500 0.016667
3 0.711667 0.346667 0.008333 0.016667
3 0.775000 0.355000 0.008333 0.016667
3 0.279167 0.283333 0.006667 0.018333
2 0.613333 0.380000 0.027500 0.016667
2 0.740833 0.605000 0.020000 0.021667
2 0.780000 0.645000 0.048333 0.025000
3 0.485833 0.445000 0.008333 0.016667
2 0.607500 0.668333 0.034167 0.038333
2 0.534167 0.411667 0.013333 0.070000
3 0.423333 0.815000 0.010000 0.020000
2 0.456667 0.703333 0.017500 0.116667
3 0.439167 0.755000 0.008333 0.016667
3 0.809167 0.610000 0.010833 0.013333
2 0.698333 0.335000 0.027500 0.016667
2 0.766667 0.365000 0.097500 0.053333
3 0.597500 0.326667 0.010833 0.013333
2 0.442500 0.745000 0.034167 0.038333
3 0.540000 0.735000 0.008333 0.016667
3 0.635833 0.631667 0.011667 0.030000
3 0.797500 0.650000 0.008333 0.021667
3 0.426667 0.723333 0.008333 0.016667
2 0.746667 0.651667 0.015833 0.068333
3 0.807500 0.726667 0.007500 0.016667
3 0.720833 0.648333 0.007500 0.016667
2 0.648333 0.385000 0.020833 0.080000
2 0.723333 0.425000 0.014167 0.015000
3 0.552500 0.236667 0.006667 0.018333
2 0.804167 0.613333 0.019167 0.046667
3 0.280000 0.668333 0.007500 0.015000
2 0.504167 0.343333 0.009167 0.031667
2 0.740833 0.361667 0.097500 0.053333
3 0.766667 0.750000 0.009167 0.023333
3 0.624167 0.656667 0.008333 0.016667
2 0.758333 0.380000 0.027500 0.016667
3 0.422500 0.786667 0.007500 0.018333
3 0.524167 0.708333 0.008333 0.016667
2 0.293333 0.691667 0.011667 0.066667
3 0.373333 0.345000 0.007500 0.015000
2 0.678333 0.351667 0.048333 0.025000
3 0.690833 0.630000 0.011667 0.020000
3 0.697500 0.268333 0.007500 0.015000
2 0.622500 0.388333 0.013333 0.070000
2 0.587500 0.630000 0.097500 0.053333
3 0.675833 0.718333 0.007500 0.015000
3 0.584167 0.613333 0.010000 0.016667
2 0.215000 0.630000 0.048333 0.043333
2 0.673333 0.405000 0.019167 0.046667
3 0.410000 0.680000 0.009167 0.016667
3 0.356667 0.656667 0.007500 0.015000
3 0.792500 0.651667 0.007500 0.018333
3 0.728333 0.680000 0.007500 0.015000
