4 0.875000 0.603333 0.060833 0.028333
4 0.784167 0.640000 0.137500 0.043333
4 0.782500 0.450000 0.183333 0.368333
4 0.769167 0.595000 0.220000 0.370000
4 0.817500 0.383333 0.088333 0.038333
4 0.883333 0.415000 0.046667 0.061667
4 0.814167 0.506667 0.065000 0.068333
4 0.790000 0.528333 0.103333 0.090000
4 0.804167 0.445000 0.078333 0.135000
4 0.840000 0.630000 0.113333 0.100000
4 0.416667 0.540000 0.040833 0.051667
4 0.102500 0.480000 0.048333 0.093333
4 0.378333 0.616667 0.120000 0.120000
4 0.565833 0.626667 0.196667 0.168333
4 0.238333 0.513333 0.089167 0.070000
4 0.147500 0.591667 0.062500 0.123333
4 0.232500 0.483333 0.047500 0.056667
4 0.663333 0.546667 0.042500 0.043333
4 0.615000 0.560000 0.049167 0.098333
4 0.339167 0.456667 0.069167 0.131667
3 0.178333 0.536667 0.013333 0.031667
3 0.462500 0.595000 0.006667 0.018333
2 0.649167 0.578333 0.014167 0.015000
2 0.648333 0.505000 0.021667 0.090000
2 0.057500 0.548333 0.027500 0.016667
3 0.743333 0.470000 0.009167 0.016667
3 0.279167 0.473333 0.009167 0.016667
2 0.251667 0.545000 0.021667 0.090000
3 0.800000 0.535000 0.017500 0.031667
2 0.156667 0.483333 0.020833 0.080000
2 0.630000 0.470000 0.026667 0.035000
2 0.663333 0.560000 0.009167 0.040000
2 0.107500 0.496667 0.022500 0.023333
2 0.593333 0.510000 0.097500 0.053333
3 0.470000 0.493333 0.007500 0.018333
3 0.270000 0.520000 0.017500 0.031667
3 0.295000 0.525000 0.015833 0.051667
3 0.115833 0.498333 0.008333 0.016667
2 0.343333 0.450000 0.048333 0.043333
2 0.441667 0.526667 0.011667 0.066667
2 0.486667 0.541667 0.010833 0.091667
2 0.772500 0.448333 0.058333 0.076667
3 0.020000 0.550000 0.008333 0.021667
2 0.792500 0.443333 0.019167 0.046667
3 0.450833 0.611667 0.007500 0.016667
2 0.156667 0.581667 0.023333 0.041667
3 0.190833 0.590000 0.007500 0.018333
2 0.481667 0.518333 0.014167 0.015000
3 0.102500 0.560000 0.010000 0.016667
3 0.148333 0.561667 0.007500 0.018333
2 0.657500 0.505000 0.034167 0.038333
3 0.805833 0.511667 0.017500 0.031667
3 0.147500 0.578333 0.009167 0.016667
2 0.671667 0.443333 0.015833 0.068333
3 0.493333 0.415000 0.008333 0.016667
3 0.430000 0.493333 0.009167 0.015000
3 0.501667 0.450000 0.008333 0.016667
3 0.183333 0.468333 0.007500 0.015000
2 0.645833 0.565000 0.027500 0.016667
2 0.811667 0.476667 0.029167 0.038333
3 0.565833 0.561667 0.014167 0.025000
3 0.183333 0.443333 0.010000 0.016667
2 0.733333 0.500000 0.020833 0.028333
3 0.548333 0.536667 0.010833 0.013333
3 0.614167 0.575000 0.009167 0.016667
3 0.565000 0.475000 0.009167 0.018333
2 0.160833 0.600000 0.020833 0.080000
3 0.657500 0.471667 0.008333 0.016667
2 0.151667 0.623333 0.030833 0.051667
3 0.780000 0.520000 0.009167 0.016667
3 0.550000 0.491667 0.008333 0.016667
2 0.626667 0.605000 0.010833 0.091667
2 0.550000 0.500000 0.009167 0.040000
2 0.150000 0.505000 0.035000 0.105000
2 0.394167 0.541667 0.023333 0.041667
2 0.105000 0.430000 0.011667 0.066667
3 0.155000 0.466667 0.009167 0.016667
3 0.776667 0.528333 0.009167 0.016667
3 0.769167 0.531667 0.011667 0.020000
3 0.180833 0.578333 0.010833 0.013333
3 0.615833 0.561667 0.010833 0.013333
3 0.190000 0.466667 0.007500 0.018333
3 0.524167 0.580000 0.010000 0.016667
3 0.348333 0.510000 0.011667 0.020000
3 0.206667 0.540000 0.013333 0.031667
3 0.179167 0.496667 0.013333 0.031667
3 0.085000 0.581667 0.008333 0.016667
3 0.601667 0.520000 0.010833 0.013333
3 0.365000 0.550000 0.010000 0.016667
2 0.148333 0.515000 0.009167 0.031667
3 0.758333 0.470000 0.009167 0.016667
3 0.191667 0.495000 0.011667 0.030000
2 0.718333 0.483333 0.034167 0.038333
2 0.771667 0.465000 0.048333 0.043333
3 0.530000 0.480000 0.013333 0.015000
3 0.165833 0.526667 0.011667 0.030000
2 0.226667 0.528333 0.027500 0.016667
3 0.286667 0.498333 0.009167 0.015000
3 0.121667 0.600000 0.017500 0.031667
3 0.190000 0.553333 0.009167 0.016667
2 0.081667 0.500000 0.048333 0.043333
3 0.468333 0.536667 0.009167 0.016667
3 0.344167 0.465000 0.013333 0.031667
2 0.234167 0.480000 0.020000 0.021667
2 0.508333 0.556667 0.017500 0.116667
3 0.048333 0.553333 0.009167 0.018333
2 0.425000 0.480000 0.035000 0.105000
2 0.748333 0.528333 0.021667 0.090000
3 0.289167 0.498333 0.008333 0.016667
2 0.236667 0.580000 0.013333 0.070000
2 0.406667 0.526667 0.020833 0.080000
3 0.488333 0.465000 0.009167 0.015000
3 0.689167 0.581667 0.017500 0.031667
2 0.500833 0.550000 0.011667 0.025000
3 0.495833 0.553333 0.007500 0.018333
3 0.340000 0.585000 0.015833 0.051667
2 0.230000 0.550000 0.014167 0.015000
2 0.165833 0.433333 0.027500 0.016667
3 0.166667 0.608333 0.017500 0.031667
2 0.246667 0.525000 0.015833 0.068333
3 0.487500 0.593333 0.009167 0.023333
3 0.095833 0.556667 0.009167 0.023333
3 0.805833 0.638333 0.007500 0.015000
3 0.670833 0.361667 0.007500 0.016667
2 0.693333 0.341667 0.011667 0.025000
3 0.667500 0.333333 0.014167 0.025000
3 0.726667 0.620000 0.009167 0.016667
2 0.281667 0.401667 0.020833 0.028333
3 0.575000 0.743333 0.010833 0.023333
2 0.694167 0.668333 0.045833 0.021667
2 0.595833 0.723333 0.015833 0.068333
3 0.710833 0.705000 0.006667 0.018333
2 0.671667 0.448333 0.034167 0.100000
2 0.422500 0.775000 0.048333 0.025000
2 0.472500 0.365000 0.014167 0.015000
2 0.511667 0.271667 0.023333 0.106667
3 0.326667 0.338333 0.013333 0.015000
3 0.290833 0.720000 0.015833 0.051667
2 0.752500 0.686667 0.013333 0.070000
2 0.768333 0.638333 0.034167 0.038333
2 0.239167 0.700000 0.017500 0.116667
3 0.776667 0.716667 0.008333 0.021667
3 0.710000 0.366667 0.009167 0.023333
3 0.636667 0.670000 0.009167 0.016667
2 0.233333 0.335000 0.048333 0.043333
3 0.339167 0.655000 0.011667 0.030000
3 0.678333 0.398333 0.010000 0.020000
3 0.377500 0.743333 0.010000 0.020000
2 0.829167 0.386667 0.011667 0.066667
2 0.746667 0.653333 0.014167 0.015000
3 0.785833 0.381667 0.007500 0.015000
2 0.695833 0.256667 0.014167 0.015000
2 0.792500 0.388333 0.023333 0.041667
2 0.702500 0.726667 0.009167 0.031667
2 0.451667 0.890000 0.023333 0.106667
2 0.540000 0.388333 0.009167 0.040000
2 0.686667 0.283333 0.048333 0.025000
3 0.776667 0.698333 0.013333 0.015000
2 0.329167 0.218333 0.029167 0.038333
3 0.325000 0.688333 0.008333 0.016667
3 0.386667 0.766667 0.009167 0.023333
2 0.430833 0.268333 0.058333 0.076667
3 0.305000 0.365000 0.008333 0.016667
3 0.673333 0.376667 0.015833 0.051667
2 0.376667 0.793333 0.010000 0.031667
2 0.769167 0.475000 0.034167 0.100000
2 0.547500 0.718333 0.023333 0.041667
3 0.436667 0.680000 0.008333 0.016667
3 0.670000 0.360000 0.009167 0.015000
3 0.707500 0.601667 0.009167 0.018333
3 0.733333 0.658333 0.008333 0.016667
2 0.697500 0.998333 0.035000 0.001667
2 0.675833 0.616667 0.097500 0.053333
2 0.489167 0.266667 0.026667 0.035000
2 0.757500 0.606667 0.014167 0.015000
2 0.555000 0.661667 0.009167 0.040000
3 0.708333 0.686667 0.009167 0.023333
3 0.740000 0.661667 0.013333 0.031667
3 0.457500 0.801667 0.006667 0.018333
2 0.349167 0.763333 0.023333 0.106667
2 0.772500 0.611667 0.023333 0.106667
2 0.643333 0.705000 0.034167 0.100000
3 0.476667 0.618333 0.010000 0.020000
3 0.715000 0.233333 0.007500 0.018333
3 0.713333 0.380000 0.009167 0.016667
3 0.486667 0.375000 0.007500 0.015000
2 0.745833 0.386667 0.011667 0.025000
3 0.732500 0.591667 0.011667 0.030000
3 0.686667 0.661667 0.008333 0.016667
2 0.717500 0.401667 0.019167 0.046667
2 0.685833 0.636667 0.035000 0.105000
3 0.574167 0.665000 0.007500 0.018333
2 0.624167 0.638333 0.097500 0.053333
3 0.222500 0.686667 0.014167 0.025000
2 0.297500 0.741667 0.010833 0.091667
3 0.490833 0.760000 0.015833 0.051667
3 0.654167 0.621667 0.010000 0.016667
3 0.447500 0.366667 0.006667 0.018333
2 0.298333 0.671667 0.014167 0.015000
3 0.265833 0.390000 0.008333 0.016667
2 0.226667 0.371667 0.058333 0.076667
2 0.394167 0.685000 0.048333 0.025000
3 0.347500 0.390000 0.008333 0.016667
3 0.766667 0.640000 0.007500 0.016667
3 0.435833 0.380000 0.008333 0.016667
3 0.268333 0.733333 0.007500 0.018333
2 0.293333 0.356667 0.058333 0.076667
2 0.344167 0.700000 0.058333 0.076667
3 0.758333 0.333333 0.006667 0.018333
2 0.274167 0.753333 0.023333 0.106667
3 0.579167 0.421667 0.013333 0.015000
2 0.752500 0.628333 0.011667 0.066667
3 0.499167 0.301667 0.008333 0.016667
3 0.691667 0.628333 0.010000 0.020000
2 0.535000 0.631667 0.097500 0.053333
2 0.261667 0.261667 0.019167 0.046667
3 0.343333 0.396667 0.015833 0.051667
3 0.359167 0.668333 0.013333 0.031667
3 0.280833 0.766667 0.010833 0.023333
3 0.540000 0.410000 0.009167 0.023333
3 0.365833 0.430000 0.013333 0.015000
3 0.695833 0.666667 0.010833 0.013333
3 0.772500 0.395000 0.017500 0.031667
2 0.312500 0.265000 0.045833 0.021667
2 0.510833 0.310000 0.035000 0.105000
2 0.760833 0.716667 0.017500 0.116667
3 0.480833 0.376667 0.010000 0.016667
3 0.408333 0.355000 0.007500 0.015000
3 0.398333 0.325000 0.008333 0.016667
2 0.524167 0.755000 0.030833 0.051667
3 0.435833 0.645000 0.007500 0.015000
3 0.730833 0.718333 0.010000 0.016667
2 0.280000 0.803333 0.034167 0.100000
3 0.535833 0.736667 0.008333 0.016667
3 0.488333 0.776667 0.010000 0.020000
2 0.687500 0.275000 0.011667 0.025000
2 0.715833 0.653333 0.014167 0.015000
2 0.408333 0.673333 0.015833 0.068333
3 0.655833 0.680000 0.009167 0.016667
3 0.700000 0.428333 0.017500 0.031667
2 0.777500 0.616667 0.048333 0.043333
2 0.581667 0.680000 0.010833 0.091667
3 0.515000 0.703333 0.008333 0.016667
2 0.540000 0.191667 0.015833 0.068333
3 0.550833 0.421667 0.008333 0.016667
3 0.488333 0.766667 0.017500 0.031667
3 0.689167 0.611667 0.013333 0.015000
2 0.740000 0.708333 0.022500 0.023333
3 0.651667 0.673333 0.017500 0.031667
3 0.704167 0.431667 0.014167 0.025000
2 0.635833 0.668333 0.017500 0.116667
3 0.750000 0.608333 0.009167 0.016667
3 0.235000 0.383333 0.009167 0.023333
2 0.708333 0.261667 0.021667 0.090000
3 0.511667 0.605000 0.017500 0.031667
3 0.306667 0.808333 0.007500 0.015000
3 0.607500 0.323333 0.007500 0.015000
2 0.492500 0.668333 0.034167 0.038333
2 0.755000 0.375000 0.023333 0.106667
2 0.501667 0.295000 0.097500 0.053333
3 0.795000 0.713333 0.007500 0.015000
3 0.450833 0.673333 0.009167 0.016667
2 0.683333 0.366667 0.023333 0.041667
2 0.217500 0.296667 0.020833 0.028333
3 0.495833 0.366667 0.009167 0.016667
2 0.485000 0.333333 0.029167 0.038333
3 0.659167 0.400000 0.006667 0.018333
3 0.644167 0.630000 0.010000 0.020000
3 0.698333 0.376667 0.010000 0.020000
2 0.324167 0.670000 0.009167 0.040000
2 0.252500 0.348333 0.048333 0.025000
2 0.812500 0.623333 0.011667 0.025000
2 0.665000 0.325000 0.034167 0.038333
2 0.520000 0.378333 0.019167 0.046667
2 0.700833 0.640000 0.020000 0.021667
3 0.783333 0.610000 0.007500 0.015000
2 0.688333 0.620000 0.011667 0.066667
3 0.714167 0.636667 0.010000 0.020000
3 0.437500 0.846667 0.009167 0.018333
2 0.719167 0.685000 0.045833 0.021667
3 0.420000 0.351667 0.007500 0.016667
3 0.470000 0.728333 0.013333 0.015000
3 0.631667 0.435000 0.010000 0.016667
3 0.627500 0.650000 0.007500 0.015000
2 0.526667 0.275000 0.035000 0.105000
3 0.660833 0.368333 0.017500 0.031667
3 0.450000 0.373333 0.007500 0.015000
3 0.422500 0.365000 0.009167 0.016667
3 0.710833 0.690000 0.013333 0.031667
3 0.811667 0.421667 0.010833 0.023333
2 0.640833 0.606667 0.097500 0.053333
2 0.437500 0.793333 0.045833 0.021667
3 0.266667 0.201667 0.010833 0.023333
3 0.555833 0.648333 0.006667 0.018333
3 0.646667 0.370000 0.007500 0.018333
3 0.444167 0.356667 0.008333 0.016667
2 0.414167 0.648333 0.045833 0.021667
3 0.550000 0.683333 0.009167 0.016667
3 0.346667 0.788333 0.009167 0.016667
3 0.641667 0.431667 0.011667 0.030000
2 0.654167 0.663333 0.034167 0.038333
3 0.262500 0.698333 0.007500 0.018333
3 0.516667 0.635000 0.009167 0.016667
2 0.640000 0.343333 0.022500 0.023333
2 0.660000 0.451667 0.023333 0.106667
2 0.702500 0.391667 0.019167 0.046667
2 0.320000 0.365000 0.023333 0.106667
2 0.255000 0.666667 0.034167 0.100000
2 0.313333 0.350000 0.020833 0.028333
3 0.765833 0.615000 0.008333 0.016667
2 0.430833 0.395000 0.017500 0.116667
2 0.516667 0.231667 0.058333 0.076667
2 0.475000 0.338333 0.035000 0.105000
3 0.734167 0.695000 0.008333 0.016667
2 0.527500 0.405000 0.010000 0.031667
3 0.763333 0.403333 0.008333 0.016667
3 0.558333 0.320000 0.008333 0.016667
2 0.430833 0.765000 0.048333 0.043333
3 0.540833 0.998333 0.007500 0.001667
2 0.655000 0.370000 0.030833 0.051667
