4 0.851667 0.620000 0.083333 0.206667
4 0.858333 0.673333 0.125000 0.130000
4 0.878333 0.590000 0.091667 0.226667
4 0.875833 0.518333 0.056667 0.055000
4 0.899167 0.468333 0.061667 0.053333
4 0.837500 0.560000 0.130833 0.036667
4 0.830833 0.438333 0.080833 0.098333
4 0.874167 0.506667 0.100000 0.071667
4 0.873333 0.523333 0.073333 0.021667
4 0.814167 0.621667 0.131667 0.038333
4 0.406667 0.563333 0.080833 0.080000
4 0.415000 0.585000 0.051667 0.073333
4 0.754167 0.500000 0.105000 0.060000
4 0.220833 0.563333 0.099167 0.133333
4 0.363333 0.460000 0.086667 0.106667
4 0.366667 0.566667 0.083333 0.060000
4 0.651667 0.580000 0.130833 0.045000
4 0.527500 0.565000 0.057500 0.030000
4 0.620833 0.473333 0.067500 0.056667
4 0.130833 0.543333 0.156667 0.155000
2 0.400000 0.620000 0.013333 0.070000
3 0.279167 0.545000 0.017500 0.031667
2 0.058333 0.523333 0.020833 0.080000
3 0.674167 0.498333 0.010833 0.023333
3 0.808333 0.520000 0.015833 0.051667
2 0.624167 0.438333 0.010000 0.031667
2 0.343333 0.480000 0.023333 0.106667
2 0.338333 0.418333 0.011667 0.066667
3 0.069167 0.500000 0.008333 0.016667
2 0.417500 0.565000 0.030833 0.051667
3 0.063333 0.523333 0.011667 0.030000
2 0.435000 0.571667 0.020000 0.021667
2 0.300000 0.555000 0.022500 0.023333
2 0.714167 0.513333 0.034167 0.038333
3 0.255833 0.541667 0.013333 0.031667
3 0.550833 0.566667 0.013333 0.031667
2 0.716667 0.523333 0.020833 0.080000
2 0.789167 0.480000 0.035000 0.105000
2 0.318333 0.470000 0.021667 0.090000
3 0.130000 0.535000 0.015833 0.051667
2 0.440833 0.556667 0.048333 0.025000
3 0.400000 0.588333 0.009167 0.018333
2 0.316667 0.506667 0.026667 0.035000
2 0.332500 0.581667 0.011667 0.066667
3 0.505000 0.521667 0.009167 0.016667
3 0.266667 0.503333 0.009167 0.016667
2 0.585833 0.591667 0.022500 0.023333
3 0.391667 0.516667 0.009167 0.016667
2 0.729167 0.555000 0.015833 0.068333
2 0.588333 0.441667 0.058333 0.076667
2 0.270833 0.491667 0.020833 0.080000
2 0.140000 0.511667 0.034167 0.100000
2 0.168333 0.590000 0.027500 0.016667
2 0.117500 0.468333 0.020833 0.028333
2 0.811667 0.631667 0.034167 0.100000
2 0.272500 0.478333 0.011667 0.025000
2 0.713333 0.580000 0.020000 0.021667
2 0.619167 0.515000 0.045833 0.021667
3 0.280833 0.540000 0.015833 0.051667
3 0.795833 0.561667 0.015833 0.051667
2 0.555000 0.520000 0.020833 0.080000
2 0.166667 0.468333 0.021667 0.090000
2 0.720000 0.550000 0.034167 0.038333
3 0.221667 0.460000 0.010833 0.023333
3 0.103333 0.570000 0.009167 0.015000
2 0.772500 0.545000 0.022500 0.023333
3 0.417500 0.463333 0.011667 0.020000
3 0.504167 0.523333 0.007500 0.018333
3 0.605833 0.535000 0.008333 0.016667
3 0.048333 0.560000 0.013333 0.031667
2 0.330833 0.465000 0.009167 0.031667
3 0.358333 0.461667 0.007500 0.018333
2 0.012500 0.513333 0.025000 0.051667
3 0.601667 0.613333 0.009167 0.018333
2 0.143333 0.513333 0.011667 0.025000
2 0.800833 0.483333 0.011667 0.066667
3 0.332500 0.443333 0.007500 0.018333
3 0.759167 0.486667 0.009167 0.016667
2 0.525000 0.503333 0.045833 0.021667
3 0.666667 0.468333 0.007500 0.015000
3 0.225000 0.443333 0.007500 0.016667
3 0.805833 0.568333 0.008333 0.016667
2 0.329167 0.478333 0.048333 0.043333
2 0.322500 0.568333 0.027500 0.016667
2 0.482500 0.478333 0.010000 0.031667
2 0.615000 0.583333 0.009167 0.040000
2 0.370833 0.443333 0.020833 0.080000
2 0.772500 0.533333 0.027500 0.016667
2 0.503333 0.498333 0.021667 0.090000
2 0.746667 0.528333 0.029167 0.038333
3 0.267500 0.570000 0.007500 0.015000
2 0.034167 0.471667 0.014167 0.015000
3 0.210833 0.588333 0.009167 0.016667
2 0.166667 0.578333 0.020833 0.080000
2 0.490833 0.513333 0.009167 0.031667
3 0.055000 0.501667 0.008333 0.016667
3 0.066667 0.566667 0.007500 0.015000
3 0.222500 0.530000 0.017500 0.031667
3 0.149167 0.506667 0.007500 0.015000
3 0.138333 0.455000 0.011667 0.030000
3 0.496667 0.506667 0.009167 0.015000
3 0.330833 0.558333 0.008333 0.016667
2 0.815000 0.666667 0.011667 0.025000
3 0.476667 0.593333 0.007500 0.015000
3 0.440833 0.600000 0.007500 0.015000
3 0.610000 0.590000 0.009167 0.016667
3 0.803333 0.568333 0.015833 0.051667
2 0.414167 0.516667 0.045833 0.021667
2 0.503333 0.486667 0.029167 0.038333
3 0.495833 0.435000 0.013333 0.031667
2 0.159167 0.556667 0.014167 0.015000
3 0.130833 0.503333 0.013333 0.015000
2 0.511667 0.540000 0.015833 0.068333
3 0.071667 0.548333 0.007500 0.015000
3 0.796667 0.546667 0.008333 0.016667
3 0.788333 0.465000 0.013333 0.031667
2 0.727500 0.510000 0.045833 0.021667
2 0.438333 0.481667 0.009167 0.040000
3 0.309167 0.463333 0.006667 0.018333
2 0.528333 0.446667 0.020833 0.028333
3 0.285000 0.550000 0.008333 0.021667
3 0.285833 0.463333 0.008333 0.016667
3 0.536667 0.306667 0.008333 0.016667
2 0.721667 0.656667 0.010000 0.031667
3 0.790000 0.343333 0.009167 0.016667
3 0.684167 0.373333 0.010833 0.013333
2 0.787500 0.771667 0.010833 0.091667
2 0.293333 0.310000 0.013333 0.070000
2 0.285833 0.675000 0.027500 0.016667
2 0.568333 0.663333 0.011667 0.025000
2 0.774167 0.586667 0.019167 0.046667
2 0.425833 0.740000 0.009167 0.031667
2 0.780833 0.746667 0.030833 0.051667
2 0.320000 0.855000 0.045833 0.021667
2 0.787500 0.323333 0.011667 0.066667
2 0.629167 0.371667 0.009167 0.031667
3 0.432500 0.783333 0.009167 0.023333
2 0.505000 0.230000 0.020833 0.080000
2 0.297500 0.300000 0.022500 0.023333
2 0.386667 0.696667 0.020833 0.028333
2 0.445000 0.388333 0.034167 0.100000
2 0.305000 0.691667 0.035000 0.105000
3 0.812500 0.421667 0.009167 0.016667
3 0.702500 0.645000 0.008333 0.016667
2 0.652500 0.425000 0.011667 0.066667
2 0.726667 0.285000 0.015833 0.068333
3 0.295000 0.678333 0.009167 0.018333
3 0.549167 0.646667 0.009167 0.016667
2 0.418333 0.376667 0.027500 0.016667
2 0.410000 0.756667 0.020833 0.080000
3 0.758333 0.415000 0.007500 0.018333
3 0.272500 0.285000 0.010833 0.013333
3 0.691667 0.336667 0.011667 0.030000
2 0.733333 0.328333 0.017500 0.116667
3 0.771667 0.358333 0.009167 0.016667
2 0.700833 0.610000 0.023333 0.106667
3 0.707500 0.701667 0.015833 0.051667
3 0.531667 0.403333 0.014167 0.025000
3 0.302500 0.678333 0.017500 0.031667
3 0.289167 0.806667 0.007500 0.018333
2 0.786667 0.433333 0.034167 0.100000
2 0.585000 0.536667 0.035000 0.105000
3 0.359167 0.250000 0.007500 0.015000
3 0.517500 0.405000 0.007500 0.016667
2 0.213333 0.630000 0.017500 0.116667
3 0.459167 0.880000 0.007500 0.015000
3 0.423333 0.818333 0.009167 0.023333
3 0.275000 0.413333 0.008333 0.016667
3 0.453333 0.290000 0.013333 0.031667
3 0.632500 0.645000 0.015833 0.051667
2 0.777500 0.618333 0.009167 0.031667
3 0.687500 0.638333 0.011667 0.030000
2 0.573333 0.178333 0.034167 0.038333
3 0.322500 0.290000 0.007500 0.015000
2 0.674167 0.405000 0.011667 0.066667
3 0.670000 0.633333 0.011667 0.030000
2 0.520833 0.415000 0.023333 0.106667
3 0.340000 0.651667 0.009167 0.016667
3 0.505833 0.306667 0.011667 0.020000
3 0.516667 0.366667 0.009167 0.023333
2 0.356667 0.395000 0.020000 0.021667
2 0.234167 0.616667 0.009167 0.040000
2 0.571667 0.751667 0.048333 0.043333
2 0.678333 0.391667 0.020833 0.080000
2 0.690833 0.621667 0.011667 0.025000
2 0.690833 0.648333 0.021667 0.090000
3 0.313333 0.678333 0.014167 0.025000
2 0.534167 0.420000 0.009167 0.031667
2 0.187500 0.383333 0.020833 0.028333
2 0.798333 0.416667 0.010833 0.091667
3 0.348333 0.305000 0.009167 0.016667
2 0.338333 0.700000 0.021667 0.090000
2 0.680000 0.358333 0.034167 0.100000
2 0.565000 0.625000 0.020833 0.028333
2 0.608333 0.373333 0.023333 0.041667
3 0.697500 0.373333 0.008333 0.021667
2 0.716667 0.583333 0.020833 0.080000
2 0.798333 0.355000 0.015833 0.068333
2 0.611667 0.678333 0.010000 0.031667
2 0.757500 0.413333 0.017500 0.116667
3 0.495833 0.405000 0.011667 0.030000
3 0.226667 0.338333 0.008333 0.016667
3 0.396667 0.673333 0.008333 0.021667
3 0.711667 0.685000 0.007500 0.015000
3 0.312500 0.373333 0.009167 0.016667
3 0.530000 0.415000 0.017500 0.031667
2 0.723333 0.613333 0.020833 0.080000
2 0.339167 0.283333 0.011667 0.066667
2 0.453333 0.130000 0.034167 0.038333
2 0.605000 0.423333 0.097500 0.053333
3 0.481667 0.331667 0.009167 0.018333
2 0.581667 0.998333 0.048333 0.001667
2 0.646667 0.316667 0.019167 0.046667
3 0.709167 0.421667 0.008333 0.016667
3 0.757500 0.300000 0.011667 0.030000
2 0.698333 0.785000 0.097500 0.053333
3 0.762500 0.385000 0.007500 0.018333
3 0.340000 0.713333 0.007500 0.015000
2 0.722500 0.733333 0.026667 0.035000
2 0.742500 0.686667 0.019167 0.046667
3 0.697500 0.358333 0.009167 0.016667
2 0.275833 0.343333 0.026667 0.035000
2 0.783333 0.631667 0.048333 0.043333
2 0.340000 0.731667 0.015833 0.068333
3 0.711667 0.691667 0.008333 0.021667
2 0.532500 0.395000 0.013333 0.070000
2 0.671667 0.383333 0.027500 0.016667
2 0.676667 0.451667 0.009167 0.031667
2 0.447500 0.656667 0.015833 0.068333
3 0.732500 0.656667 0.010000 0.020000
2 0.803333 0.716667 0.027500 0.016667
3 0.291667 0.233333 0.008333 0.016667
2 0.648333 0.323333 0.027500 0.016667
3 0.817500 0.620000 0.007500 0.016667
2 0.295833 0.335000 0.034167 0.100000
2 0.443333 0.778333 0.023333 0.106667
3 0.709167 0.610000 0.013333 0.015000
3 0.644167 0.680000 0.010833 0.023333
3 0.810000 0.426667 0.008333 0.016667
2 0.826667 0.411667 0.014167 0.015000
2 0.720833 0.480000 0.020833 0.080000
2 0.521667 0.698333 0.029167 0.038333
3 0.499167 0.773333 0.009167 0.018333
2 0.685833 0.998333 0.058333 0.001667
3 0.672500 0.410000 0.010833 0.023333
3 0.344167 0.656667 0.011667 0.030000
3 0.672500 0.661667 0.007500 0.018333
2 0.721667 0.455000 0.010833 0.091667
2 0.305833 0.820000 0.009167 0.031667
3 0.331667 0.406667 0.007500 0.016667
3 0.778333 0.736667 0.010000 0.020000
3 0.547500 0.655000 0.008333 0.016667
2 0.570833 0.745000 0.023333 0.106667
3 0.346667 0.405000 0.013333 0.031667
2 0.403333 0.680000 0.017500 0.116667
2 0.460833 0.791667 0.023333 0.041667
3 0.520833 0.671667 0.009167 0.016667
3 0.658333 0.361667 0.008333 0.021667
2 0.320000 0.656667 0.020000 0.021667
3 0.293333 0.716667 0.010000 0.020000
2 0.525000 0.406667 0.027500 0.016667
3 0.615000 0.650000 0.017500 0.031667
2 0.528333 0.380000 0.020833 0.080000
3 0.784167 0.393333 0.010000 0.016667
2 0.709167 0.618333 0.029167 0.038333
2 0.662500 0.623333 0.058333 0.076667
2 0.271667 0.231667 0.097500 0.053333
3 0.390000 0.650000 0.008333 0.016667
3 0.386667 0.376667 0.007500 0.018333
2 0.690000 0.636667 0.048333 0.025000
3 0.665833 0.703333 0.009167 0.016667
2 0.554167 0.688333 0.097500 0.053333
2 0.781667 0.458333 0.009167 0.031667
3 0.780833 0.363333 0.010833 0.023333
3 0.284167 0.781667 0.010833 0.023333
2 0.643333 0.400000 0.010833 0.091667
2 0.556667 0.415000 0.019167 0.046667
3 0.476667 0.168333 0.007500 0.018333
3 0.274167 0.395000 0.010833 0.023333
2 0.613333 0.336667 0.097500 0.053333
3 0.597500 0.335000 0.011667 0.030000
3 0.780833 0.366667 0.011667 0.030000
2 0.527500 0.421667 0.048333 0.025000
2 0.585000 0.308333 0.020833 0.080000
2 0.310833 0.745000 0.020833 0.080000
2 0.652500 0.310000 0.019167 0.046667
3 0.712500 0.681667 0.009167 0.015000
2 0.685833 0.411667 0.013333 0.070000
2 0.525833 0.441667 0.013333 0.070000
3 0.686667 0.628333 0.006667 0.018333
3 0.720000 0.621667 0.010833 0.023333
3 0.710833 0.998333 0.008333 0.001667
3 0.280833 0.835000 0.007500 0.015000
2 0.220000 0.738333 0.020833 0.080000
3 0.460000 0.691667 0.007500 0.015000
2 0.779167 0.425000 0.023333 0.041667
3 0.508333 0.823333 0.007500 0.018333
2 0.561667 0.240000 0.017500 0.116667
3 0.602500 0.748333 0.008333 0.016667
2 0.455000 0.248333 0.013333 0.070000
2 0.567500 0.731667 0.010000 0.031667
3 0.659167 0.376667 0.014167 0.025000
2 0.794167 0.646667 0.026667 0.035000
3 0.449167 0.283333 0.011667 0.020000
2 0.658333 0.696667 0.097500 0.053333
2 0.391667 0.683333 0.011667 0.025000
3 0.645833 0.678333 0.007500 0.015000
3 0.272500 0.718333 0.006667 0.018333
3 0.677500 0.663333 0.009167 0.018333
3 0.753333 0.615000 0.007500 0.016667
3 0.801667 0.373333 0.009167 0.016667
3 0.713333 0.675000 0.007500 0.015000
3 0.462500 0.721667 0.011667 0.030000
3 0.727500 0.721667 0.007500 0.015000
2 0.345000 0.318333 0.023333 0.106667
3 0.444167 0.346667 0.007500 0.018333
3 0.254167 0.230000 0.011667 0.020000
3 0.388333 0.365000 0.008333 0.016667
3 0.253333 0.765000 0.008333 0.016667
3 0.693333 0.350000 0.010833 0.023333
