4 0.847500 0.516667 0.065833 0.025000
4 0.855833 0.628333 0.086667 0.115000
4 0.872500 0.483333 0.106667 0.075000
4 0.835000 0.481667 0.122500 0.143333
4 0.842500 0.488333 0.082500 0.096667
4 0.880000 0.471667 0.065833 0.046667
4 0.838333 0.388333 0.125833 0.150000
4 0.712500 0.376667 0.247500 0.463333
4 0.845833 0.395000 0.035000 0.078333
4 0.728333 0.476667 0.245000 0.131667
4 0.604167 0.491667 0.036667 0.036667
4 0.728333 0.431667 0.104167 0.213333
4 0.440833 0.496667 0.206667 0.125000
4 0.370833 0.595000 0.093333 0.153333
4 0.660000 0.641667 0.080000 0.211667
4 0.355000 0.548333 0.085833 0.050000
4 0.701667 0.478333 0.058333 0.116667
4 0.364167 0.501667 0.105833 0.125000
4 0.169167 0.535000 0.061667 0.125000
4 0.517500 0.578333 0.069167 0.128333
2 0.151667 0.488333 0.035000 0.105000
2 0.487500 0.495000 0.011667 0.025000
3 0.160000 0.466667 0.007500 0.018333
3 0.180833 0.453333 0.008333 0.016667
3 0.280000 0.495000 0.009167 0.016667
3 0.145000 0.500000 0.008333 0.016667
3 0.800000 0.446667 0.008333 0.016667
2 0.269167 0.581667 0.058333 0.076667
2 0.350000 0.573333 0.030833 0.051667
2 0.480833 0.545000 0.048333 0.043333
3 0.276667 0.591667 0.010833 0.023333
3 0.628333 0.460000 0.014167 0.025000
3 0.688333 0.525000 0.009167 0.015000
3 0.207500 0.545000 0.008333 0.016667
3 0.240833 0.498333 0.006667 0.018333
3 0.550833 0.515000 0.007500 0.018333
2 0.783333 0.511667 0.035000 0.105000
2 0.319167 0.450000 0.009167 0.040000
3 0.807500 0.448333 0.006667 0.018333
2 0.139167 0.523333 0.009167 0.040000
3 0.026667 0.468333 0.009167 0.016667
3 0.610833 0.598333 0.010833 0.013333
3 0.370833 0.541667 0.008333 0.016667
2 0.445833 0.583333 0.019167 0.046667
3 0.146667 0.533333 0.010833 0.023333
2 0.444167 0.598333 0.009167 0.031667
2 0.109167 0.563333 0.014167 0.015000
3 0.175000 0.461667 0.007500 0.018333
2 0.527500 0.525000 0.020833 0.080000
3 0.135000 0.568333 0.009167 0.015000
3 0.453333 0.606667 0.010833 0.023333
2 0.340000 0.545000 0.048333 0.043333
2 0.328333 0.600000 0.020833 0.028333
2 0.345833 0.506667 0.058333 0.076667
3 0.300833 0.481667 0.010833 0.013333
2 0.153333 0.448333 0.010000 0.031667
2 0.729167 0.468333 0.022500 0.023333
3 0.395833 0.595000 0.009167 0.023333
2 0.634167 0.581667 0.034167 0.100000
2 0.314167 0.625000 0.010833 0.091667
3 0.725000 0.456667 0.010833 0.023333
3 0.383333 0.463333 0.007500 0.015000
2 0.069167 0.526667 0.021667 0.090000
2 0.284167 0.590000 0.010000 0.031667
2 0.504167 0.506667 0.027500 0.016667
3 0.488333 0.558333 0.013333 0.015000
2 0.424167 0.513333 0.034167 0.038333
2 0.794167 0.661667 0.048333 0.025000
2 0.090833 0.581667 0.045833 0.021667
3 0.731667 0.525000 0.009167 0.015000
2 0.464167 0.448333 0.014167 0.015000
3 0.688333 0.590000 0.014167 0.025000
3 0.422500 0.486667 0.009167 0.016667
2 0.802500 0.511667 0.020000 0.021667
2 0.804167 0.486667 0.058333 0.076667
2 0.801667 0.560000 0.009167 0.031667
3 0.113333 0.460000 0.007500 0.015000
2 0.595000 0.610000 0.020833 0.028333
3 0.087500 0.530000 0.013333 0.031667
2 0.802500 0.498333 0.014167 0.015000
2 0.787500 0.456667 0.014167 0.015000
2 0.691667 0.525000 0.026667 0.035000
2 0.318333 0.478333 0.023333 0.041667
2 0.543333 0.578333 0.011667 0.066667
3 0.196667 0.543333 0.010000 0.016667
3 0.250833 0.498333 0.008333 0.016667
2 0.504167 0.470000 0.020000 0.021667
2 0.800833 0.473333 0.020833 0.080000
3 0.784167 0.491667 0.007500 0.016667
2 0.469167 0.475000 0.030833 0.051667
2 0.712500 0.513333 0.009167 0.040000
2 0.185833 0.563333 0.015833 0.068333
3 0.791667 0.461667 0.010833 0.013333
3 0.226667 0.530000 0.011667 0.020000
2 0.813333 0.638333 0.027500 0.016667
3 0.722500 0.576667 0.007500 0.015000
2 0.745833 0.526667 0.020833 0.080000
2 0.459167 0.466667 0.034167 0.038333
3 0.793333 0.570000 0.010833 0.023333
3 0.677500 0.458333 0.007500 0.016667
2 0.109167 0.481667 0.009167 0.031667
3 0.150833 0.453333 0.010000 0.020000
3 0.224167 0.505000 0.007500 0.015000
3 0.653333 0.511667 0.013333 0.015000
2 0.575833 0.450000 0.058333 0.076667
2 0.299167 0.453333 0.034167 0.038333
2 0.682500 0.571667 0.023333 0.106667
2 0.667500 0.533333 0.010833 0.091667
2 0.197500 0.545000 0.020000 0.021667
2 0.676667 0.545000 0.023333 0.041667
2 0.153333 0.536667 0.014167 0.015000
3 0.430000 0.598333 0.010000 0.020000
2 0.370833 0.510000 0.035000 0.105000
2 0.485833 0.461667 0.009167 0.031667
3 0.481667 0.446667 0.007500 0.015000
2 0.226667 0.618333 0.034167 0.100000
3 0.826667 0.471667 0.007500 0.015000
3 0.029167 0.565000 0.008333 0.016667
3 0.195833 0.601667 0.007500 0.016667
3 0.108333 0.540000 0.009167 0.016667
3 0.530833 0.483333 0.007500 0.016667
2 0.745833 0.573333 0.020833 0.080000
3 0.624167 0.655000 0.007500 0.016667
2 0.717500 0.266667 0.048333 0.043333
3 0.633333 0.390000 0.007500 0.015000
3 0.474167 0.816667 0.013333 0.031667
3 0.803333 0.643333 0.008333 0.016667
2 0.652500 0.310000 0.019167 0.046667
2 0.460000 0.680000 0.009167 0.031667
2 0.478333 0.266667 0.022500 0.023333
3 0.221667 0.421667 0.010833 0.013333
2 0.745833 0.618333 0.026667 0.035000
2 0.789167 0.725000 0.014167 0.015000
3 0.675000 0.320000 0.007500 0.018333
2 0.685000 0.608333 0.009167 0.040000
2 0.481667 0.790000 0.011667 0.066667
2 0.790000 0.376667 0.027500 0.016667
3 0.690000 0.713333 0.010833 0.023333
2 0.237500 0.368333 0.014167 0.015000
3 0.440833 0.376667 0.007500 0.015000
2 0.756667 0.610000 0.011667 0.066667
3 0.658333 0.383333 0.010833 0.023333
2 0.471667 0.251667 0.021667 0.090000
2 0.686667 0.673333 0.017500 0.116667
2 0.760000 0.638333 0.048333 0.043333
2 0.743333 0.708333 0.014167 0.015000
2 0.760833 0.335000 0.009167 0.031667
3 0.271667 0.380000 0.007500 0.015000
2 0.699167 0.731667 0.023333 0.106667
3 0.310833 0.300000 0.010000 0.016667
2 0.450000 0.105000 0.029167 0.038333
2 0.301667 0.401667 0.020000 0.021667
2 0.515000 0.366667 0.022500 0.023333
2 0.738333 0.306667 0.034167 0.038333
2 0.582500 0.300000 0.009167 0.040000
2 0.640000 0.386667 0.015833 0.068333
2 0.235000 0.713333 0.026667 0.035000
3 0.521667 0.225000 0.007500 0.016667
3 0.541667 0.706667 0.009167 0.018333
3 0.656667 0.678333 0.008333 0.016667
3 0.630833 0.656667 0.007500 0.016667
2 0.600000 0.998333 0.011667 0.001667
3 0.223333 0.303333 0.009167 0.015000
3 0.720833 0.393333 0.014167 0.025000
3 0.564167 0.676667 0.008333 0.021667
2 0.687500 0.683333 0.034167 0.100000
2 0.272500 0.280000 0.020000 0.021667
2 0.332500 0.758333 0.021667 0.090000
3 0.377500 0.363333 0.013333 0.015000
3 0.770833 0.596667 0.010833 0.023333
2 0.803333 0.705000 0.048333 0.025000
2 0.395833 0.383333 0.010833 0.091667
3 0.310000 0.310000 0.006667 0.018333
2 0.724167 0.341667 0.011667 0.025000
2 0.662500 0.638333 0.026667 0.035000
2 0.642500 0.391667 0.048333 0.025000
2 0.495000 0.273333 0.009167 0.031667
2 0.645000 0.448333 0.013333 0.070000
2 0.603333 0.331667 0.027500 0.016667
3 0.680833 0.636667 0.010833 0.013333
3 0.614167 0.366667 0.010833 0.023333
3 0.697500 0.350000 0.009167 0.016667
3 0.795833 0.623333 0.011667 0.020000
3 0.421667 0.406667 0.007500 0.015000
3 0.435000 0.646667 0.010000 0.020000
3 0.704167 0.405000 0.007500 0.015000
3 0.791667 0.376667 0.015833 0.051667
2 0.310833 0.705000 0.020833 0.028333
2 0.336667 0.756667 0.023333 0.106667
3 0.771667 0.675000 0.013333 0.015000
3 0.737500 0.331667 0.009167 0.018333
3 0.689167 0.635000 0.007500 0.018333
3 0.765833 0.613333 0.007500 0.015000
3 0.435000 0.328333 0.009167 0.015000
3 0.598333 0.708333 0.009167 0.018333
3 0.516667 0.633333 0.010000 0.020000
2 0.465000 0.243333 0.035000 0.105000
2 0.666667 0.335000 0.035000 0.105000
3 0.710833 0.685000 0.013333 0.031667
3 0.677500 0.435000 0.011667 0.020000
2 0.820833 0.445000 0.034167 0.100000
2 0.469167 0.336667 0.020833 0.080000
2 0.320833 0.675000 0.048333 0.025000
2 0.280833 0.418333 0.009167 0.040000
3 0.680000 0.681667 0.007500 0.015000
3 0.338333 0.221667 0.009167 0.015000
2 0.322500 0.286667 0.034167 0.038333
3 0.453333 0.755000 0.013333 0.031667
3 0.774167 0.676667 0.008333 0.016667
3 0.695000 0.665000 0.009167 0.023333
2 0.677500 0.391667 0.010833 0.091667
3 0.574167 0.175000 0.009167 0.016667
2 0.475000 0.755000 0.048333 0.025000
2 0.594167 0.338333 0.034167 0.100000
2 0.740833 0.636667 0.045833 0.021667
2 0.503333 0.383333 0.048333 0.025000
3 0.520000 0.758333 0.013333 0.015000
3 0.665000 0.658333 0.007500 0.016667
3 0.605833 0.998333 0.007500 0.001667
3 0.435833 0.695000 0.009167 0.023333
2 0.789167 0.746667 0.026667 0.035000
2 0.647500 0.630000 0.022500 0.023333
2 0.522500 0.343333 0.011667 0.025000
2 0.685833 0.610000 0.020833 0.028333
2 0.713333 0.395000 0.035000 0.105000
3 0.498333 0.265000 0.009167 0.015000
3 0.274167 0.261667 0.009167 0.018333
2 0.619167 0.393333 0.021667 0.090000
3 0.705000 0.423333 0.007500 0.018333
2 0.535833 0.726667 0.020833 0.080000
2 0.310000 0.378333 0.009167 0.040000
3 0.666667 0.395000 0.010833 0.013333
3 0.608333 0.326667 0.006667 0.018333
3 0.747500 0.391667 0.007500 0.015000
2 0.321667 0.655000 0.023333 0.106667
3 0.650833 0.413333 0.010833 0.013333
2 0.245833 0.355000 0.034167 0.038333
3 0.441667 0.653333 0.007500 0.015000
2 0.534167 0.420000 0.009167 0.031667
2 0.270833 0.390000 0.009167 0.031667
3 0.805000 0.651667 0.010000 0.016667
2 0.740833 0.651667 0.026667 0.035000
3 0.290000 0.235000 0.011667 0.020000
3 0.227500 0.661667 0.009167 0.018333
3 0.540833 0.405000 0.007500 0.015000
3 0.169167 0.398333 0.010833 0.013333
3 0.267500 0.723333 0.007500 0.015000
2 0.751667 0.561667 0.020833 0.080000
3 0.592500 0.758333 0.006667 0.018333
2 0.720833 0.463333 0.034167 0.100000
2 0.247500 0.683333 0.009167 0.031667
2 0.333333 0.713333 0.019167 0.046667
3 0.393333 0.705000 0.008333 0.016667
2 0.436667 0.706667 0.027500 0.016667
2 0.300000 0.335000 0.045833 0.021667
3 0.344167 0.725000 0.010833 0.023333
3 0.247500 0.398333 0.009167 0.016667
3 0.345000 0.723333 0.010000 0.020000
2 0.560000 0.390000 0.023333 0.106667
2 0.772500 0.346667 0.015833 0.068333
3 0.452500 0.723333 0.010833 0.023333
3 0.437500 0.658333 0.011667 0.020000
2 0.315833 0.370000 0.010000 0.031667
2 0.510000 0.746667 0.021667 0.090000
3 0.720000 0.675000 0.013333 0.015000
3 0.339167 0.668333 0.010833 0.013333
3 0.736667 0.688333 0.010833 0.013333
2 0.329167 0.220000 0.027500 0.016667
2 0.349167 0.613333 0.020833 0.080000
2 0.640833 0.436667 0.030833 0.051667
2 0.645000 0.361667 0.013333 0.070000
2 0.300000 0.426667 0.034167 0.100000
2 0.552500 0.696667 0.097500 0.053333
3 0.820000 0.370000 0.010833 0.023333
2 0.668333 0.338333 0.045833 0.021667
3 0.535000 0.736667 0.009167 0.016667
2 0.725000 0.591667 0.011667 0.025000
2 0.435000 0.765000 0.021667 0.090000
2 0.684167 0.393333 0.010833 0.091667
2 0.553333 0.623333 0.020833 0.080000
3 0.173333 0.638333 0.008333 0.016667
3 0.673333 0.718333 0.015833 0.051667
3 0.784167 0.400000 0.014167 0.025000
2 0.241667 0.378333 0.048333 0.025000
3 0.722500 0.660000 0.008333 0.016667
3 0.530833 0.650000 0.007500 0.016667
3 0.720000 0.421667 0.008333 0.016667
2 0.284167 0.781667 0.097500 0.053333
3 0.802500 0.638333 0.009167 0.016667
3 0.799167 0.396667 0.009167 0.023333
3 0.790000 0.680000 0.009167 0.018333
2 0.165833 0.390000 0.014167 0.015000
3 0.262500 0.393333 0.008333 0.016667
2 0.698333 0.638333 0.034167 0.100000
3 0.240833 0.370000 0.007500 0.015000
3 0.817500 0.620000 0.008333 0.016667
3 0.523333 0.380000 0.008333 0.016667
2 0.631667 0.380000 0.020833 0.028333
2 0.261667 0.706667 0.009167 0.031667
2 0.302500 0.318333 0.013333 0.070000
3 0.810000 0.426667 0.007500 0.018333
2 0.705000 0.630000 0.048333 0.025000
2 0.727500 0.618333 0.048333 0.025000
3 0.449167 0.731667 0.009167 0.016667
2 0.795833 0.363333 0.020833 0.028333
3 0.695000 0.366667 0.013333 0.015000
2 0.707500 0.338333 0.045833 0.021667
3 0.290833 0.236667 0.009167 0.023333
2 0.490000 0.415000 0.030833 0.051667
3 0.716667 0.345000 0.007500 0.018333
2 0.529167 0.401667 0.014167 0.015000
2 0.686667 0.683333 0.030833 0.051667
3 0.725000 0.628333 0.008333 0.016667
3 0.516667 0.635000 0.009167 0.016667
2 0.618333 0.625000 0.019167 0.046667
3 0.650000 0.623333 0.008333 0.016667
3 0.406667 0.673333 0.010833 0.013333
3 0.694167 0.725000 0.010833 0.013333
3 0.746667 0.703333 0.009167 0.023333
2 0.554167 0.673333 0.011667 0.025000
