4 0.784167 0.670000 0.125000 0.268333
4 0.770000 0.521667 0.163333 0.073333
4 0.838333 0.771667 0.144167 0.223333
4 0.840000 0.446667 0.043333 0.028333
4 0.833333 0.516667 0.091667 0.143333
4 0.849167 0.695000 0.119167 0.136667
4 0.847500 0.508333 0.072500 0.045000
4 0.820000 0.546667 0.135833 0.116667
4 0.800000 0.370000 0.109167 0.046667
4 0.856667 0.455000 0.035000 0.030000
4 0.111667 0.551667 0.051667 0.023333
4 0.290000 0.478333 0.071667 0.115000
4 0.276667 0.671667 0.256667 0.351667
4 0.106667 0.611667 0.214167 0.290000
4 0.131667 0.510000 0.100000 0.071667
4 0.634167 0.581667 0.081667 0.155000
4 0.364167 0.570000 0.112500 0.160000
4 0.753333 0.515000 0.125000 0.100000
4 0.716667 0.473333 0.038333 0.051667
4 0.104167 0.583333 0.042500 0.095000
3 0.500000 0.450000 0.010833 0.023333
3 0.632500 0.563333 0.007500 0.018333
2 0.601667 0.600000 0.011667 0.066667
2 0.255833 0.555000 0.009167 0.040000
3 0.081667 0.580000 0.009167 0.016667
3 0.823333 0.680000 0.015833 0.051667
3 0.455833 0.601667 0.008333 0.016667
2 0.639167 0.548333 0.020833 0.028333
3 0.022500 0.561667 0.007500 0.015000
2 0.375000 0.488333 0.019167 0.046667
2 0.588333 0.595000 0.034167 0.038333
3 0.451667 0.575000 0.007500 0.015000
3 0.804167 0.455000 0.015833 0.051667
2 0.692500 0.531667 0.020833 0.080000
2 0.488333 0.546667 0.020000 0.021667
2 0.771667 0.566667 0.023333 0.106667
2 0.606667 0.648333 0.010833 0.091667
2 0.427500 0.576667 0.014167 0.015000
3 0.493333 0.591667 0.015833 0.051667
2 0.077500 0.506667 0.021667 0.090000
3 0.635000 0.538333 0.007500 0.018333
2 0.632500 0.550000 0.048333 0.043333
3 0.343333 0.618333 0.007500 0.018333
3 0.822500 0.495000 0.007500 0.015000
3 0.296667 0.578333 0.007500 0.018333
2 0.581667 0.501667 0.034167 0.100000
2 0.154167 0.570000 0.026667 0.035000
2 0.342500 0.565000 0.045833 0.021667
3 0.105000 0.530000 0.010000 0.020000
3 0.546667 0.551667 0.008333 0.016667
2 0.118333 0.533333 0.015833 0.068333
2 0.286667 0.485000 0.023333 0.041667
2 0.475833 0.516667 0.020833 0.028333
3 0.275833 0.555000 0.007500 0.015000
3 0.287500 0.506667 0.007500 0.015000
3 0.699167 0.580000 0.011667 0.020000
3 0.530000 0.488333 0.017500 0.031667
3 0.238333 0.498333 0.011667 0.020000
2 0.753333 0.445000 0.011667 0.066667
2 0.180833 0.506667 0.045833 0.021667
2 0.110000 0.551667 0.027500 0.016667
2 0.582500 0.583333 0.010833 0.091667
3 0.260000 0.580000 0.007500 0.015000
2 0.097500 0.518333 0.027500 0.016667
2 0.530000 0.430000 0.035000 0.105000
2 0.430000 0.475000 0.014167 0.015000
2 0.790833 0.606667 0.021667 0.090000
3 0.354167 0.548333 0.014167 0.025000
2 0.785833 0.580000 0.022500 0.023333
3 0.472500 0.390000 0.014167 0.025000
3 0.250000 0.486667 0.007500 0.018333
3 0.019167 0.561667 0.009167 0.023333
2 0.595000 0.593333 0.023333 0.106667
2 0.156667 0.521667 0.015833 0.068333
2 0.813333 0.565000 0.019167 0.046667
2 0.673333 0.593333 0.048333 0.043333
3 0.348333 0.491667 0.007500 0.015000
3 0.218333 0.566667 0.017500 0.031667
3 0.280833 0.453333 0.008333 0.016667
2 0.792500 0.501667 0.027500 0.016667
2 0.622500 0.520000 0.035000 0.105000
3 0.356667 0.553333 0.017500 0.031667
3 0.724167 0.591667 0.013333 0.031667
3 0.804167 0.598333 0.009167 0.015000
2 0.476667 0.541667 0.009167 0.031667
3 0.074167 0.575000 0.013333 0.031667
2 0.569167 0.573333 0.048333 0.025000
2 0.186667 0.456667 0.027500 0.016667
2 0.620000 0.460000 0.015833 0.068333
2 0.259167 0.463333 0.011667 0.066667
2 0.699167 0.581667 0.048333 0.043333
2 0.045000 0.483333 0.011667 0.066667
2 0.227500 0.528333 0.048333 0.025000
2 0.395000 0.488333 0.027500 0.016667
2 0.139167 0.540000 0.009167 0.031667
3 0.734167 0.488333 0.017500 0.031667
2 0.425000 0.588333 0.022500 0.023333
2 0.103333 0.470000 0.048333 0.043333
2 0.800000 0.508333 0.010833 0.091667
3 0.242500 0.480000 0.010833 0.023333
2 0.753333 0.590000 0.048333 0.025000
3 0.559167 0.571667 0.010833 0.013333
3 0.795000 0.446667 0.007500 0.016667
2 0.216667 0.466667 0.030833 0.051667
2 0.211667 0.586667 0.009167 0.031667
2 0.535000 0.500000 0.011667 0.066667
3 0.683333 0.511667 0.009167 0.016667
3 0.550833 0.538333 0.006667 0.018333
3 0.047500 0.528333 0.007500 0.015000
3 0.640000 0.580000 0.008333 0.016667
3 0.642500 0.521667 0.013333 0.015000
2 0.035833 0.501667 0.011667 0.066667
2 0.216667 0.506667 0.021667 0.090000
2 0.100833 0.503333 0.027500 0.016667
2 0.176667 0.546667 0.019167 0.046667
3 0.771667 0.576667 0.014167 0.025000
2 0.092500 0.528333 0.022500 0.023333
2 0.749167 0.476667 0.015833 0.068333
3 0.296667 0.536667 0.008333 0.016667
2 0.491667 0.431667 0.023333 0.106667
3 0.262500 0.543333 0.007500 0.015000
3 0.544167 0.496667 0.009167 0.016667
2 0.594167 0.350000 0.058333 0.076667
3 0.505833 0.820000 0.013333 0.015000
2 0.616667 0.296667 0.035000 0.105000
2 0.265000 0.410000 0.027500 0.016667
2 0.290833 0.208333 0.097500 0.053333
3 0.492500 0.336667 0.008333 0.016667
2 0.735000 0.641667 0.015833 0.068333
2 0.770000 0.343333 0.009167 0.040000
2 0.515000 0.770000 0.011667 0.066667
2 0.650833 0.358333 0.023333 0.106667
2 0.523333 0.623333 0.020833 0.028333
3 0.383333 0.376667 0.008333 0.016667
2 0.723333 0.688333 0.034167 0.100000
3 0.782500 0.420000 0.008333 0.016667
3 0.315833 0.711667 0.015833 0.051667
2 0.671667 0.645000 0.035000 0.105000
3 0.445000 0.366667 0.011667 0.020000
3 0.830000 0.413333 0.007500 0.015000
2 0.545833 0.398333 0.011667 0.066667
3 0.693333 0.665000 0.009167 0.018333
3 0.299167 0.368333 0.006667 0.018333
3 0.642500 0.405000 0.011667 0.020000
3 0.300000 0.381667 0.009167 0.015000
2 0.801667 0.415000 0.019167 0.046667
2 0.320833 0.631667 0.058333 0.076667
2 0.550000 0.453333 0.010833 0.091667
3 0.351667 0.740000 0.008333 0.016667
2 0.596667 0.416667 0.034167 0.100000
3 0.810000 0.613333 0.009167 0.018333
2 0.710000 0.650000 0.026667 0.035000
2 0.648333 0.616667 0.009167 0.040000
3 0.540833 0.336667 0.010833 0.013333
2 0.315000 0.245000 0.011667 0.025000
2 0.732500 0.638333 0.009167 0.040000
3 0.756667 0.401667 0.010000 0.016667
3 0.245833 0.695000 0.010833 0.013333
2 0.633333 0.381667 0.021667 0.090000
2 0.792500 0.383333 0.015833 0.068333
3 0.435833 0.748333 0.010833 0.023333
3 0.786667 0.603333 0.007500 0.015000
2 0.746667 0.635000 0.048333 0.043333
2 0.640000 0.375000 0.097500 0.053333
2 0.275833 0.776667 0.027500 0.016667
2 0.496667 0.236667 0.011667 0.066667
3 0.753333 0.646667 0.009167 0.015000
2 0.275000 0.716667 0.017500 0.116667
3 0.723333 0.605000 0.013333 0.015000
3 0.629167 0.338333 0.009167 0.016667
3 0.436667 0.796667 0.017500 0.031667
2 0.711667 0.376667 0.023333 0.106667
2 0.670833 0.696667 0.010833 0.091667
2 0.675000 0.435000 0.009167 0.031667
3 0.808333 0.900000 0.007500 0.016667
2 0.641667 0.351667 0.017500 0.116667
2 0.290000 0.706667 0.045833 0.021667
3 0.348333 0.286667 0.007500 0.015000
2 0.189167 0.408333 0.009167 0.031667
3 0.586667 0.418333 0.006667 0.018333
3 0.750833 0.315000 0.010000 0.016667
3 0.712500 0.363333 0.008333 0.016667
2 0.539167 0.701667 0.030833 0.051667
2 0.296667 0.400000 0.020833 0.028333
3 0.550000 0.666667 0.010833 0.023333
2 0.685000 0.700000 0.020833 0.080000
2 0.741667 0.391667 0.020000 0.021667
3 0.358333 0.645000 0.008333 0.016667
2 0.311667 0.723333 0.035000 0.105000
2 0.412500 0.408333 0.009167 0.031667
2 0.479167 0.618333 0.011667 0.066667
3 0.786667 0.398333 0.008333 0.016667
2 0.537500 0.630000 0.023333 0.106667
3 0.390000 0.648333 0.007500 0.015000
3 0.342500 0.636667 0.010833 0.023333
2 0.720833 0.440000 0.020833 0.028333
3 0.762500 0.648333 0.015833 0.051667
3 0.356667 0.656667 0.007500 0.015000
3 0.355833 0.655000 0.009167 0.015000
2 0.347500 0.316667 0.015833 0.068333
2 0.795833 0.711667 0.011667 0.025000
2 0.350000 0.781667 0.026667 0.035000
3 0.291667 0.268333 0.010000 0.016667
3 0.807500 0.430000 0.007500 0.015000
3 0.599167 0.998333 0.013333 0.001667
2 0.340000 0.731667 0.015833 0.068333
2 0.187500 0.423333 0.020833 0.080000
2 0.537500 0.686667 0.017500 0.116667
3 0.364167 0.701667 0.010000 0.016667
3 0.408333 0.756667 0.009167 0.023333
3 0.439167 0.346667 0.009167 0.023333
2 0.664167 0.300000 0.035000 0.105000
3 0.563333 0.671667 0.010000 0.016667
2 0.475833 0.301667 0.010000 0.031667
2 0.488333 0.176667 0.058333 0.076667
3 0.745000 0.666667 0.011667 0.020000
2 0.317500 0.758333 0.020833 0.080000
2 0.510833 0.258333 0.010000 0.031667
2 0.449167 0.776667 0.045833 0.021667
2 0.661667 0.626667 0.029167 0.038333
3 0.718333 0.336667 0.013333 0.015000
3 0.275833 0.665000 0.007500 0.016667
3 0.643333 0.445000 0.017500 0.031667
3 0.703333 0.330000 0.015833 0.051667
2 0.660833 0.675000 0.023333 0.041667
2 0.577500 0.370000 0.097500 0.053333
3 0.657500 0.401667 0.015833 0.051667
2 0.571667 0.728333 0.020833 0.028333
2 0.780000 0.408333 0.020833 0.028333
3 0.726667 0.366667 0.017500 0.031667
3 0.375000 0.370000 0.017500 0.031667
2 0.582500 0.358333 0.014167 0.015000
2 0.701667 0.690000 0.027500 0.016667
2 0.748333 0.588333 0.027500 0.016667
2 0.730000 0.700000 0.017500 0.116667
3 0.805833 0.723333 0.010833 0.013333
2 0.310000 0.135000 0.035000 0.105000
3 0.325000 0.708333 0.010000 0.016667
2 0.727500 0.695000 0.048333 0.043333
2 0.428333 0.386667 0.023333 0.041667
2 0.287500 0.725000 0.030833 0.051667
3 0.570000 0.275000 0.010000 0.016667
2 0.504167 0.345000 0.048333 0.043333
3 0.666667 0.348333 0.015833 0.051667
2 0.461667 0.681667 0.011667 0.066667
2 0.695000 0.783333 0.029167 0.038333
3 0.357500 0.248333 0.010833 0.013333
3 0.489167 0.781667 0.007500 0.016667
2 0.515000 0.370000 0.034167 0.038333
2 0.682500 0.646667 0.097500 0.053333
2 0.599167 0.383333 0.097500 0.053333
3 0.769167 0.695000 0.007500 0.015000
3 0.513333 0.198333 0.008333 0.016667
2 0.497500 0.323333 0.045833 0.021667
3 0.440833 0.736667 0.009167 0.016667
2 0.535833 0.661667 0.026667 0.035000
2 0.433333 0.690000 0.030833 0.051667
3 0.690000 0.360000 0.009167 0.016667
2 0.417500 0.785000 0.020833 0.080000
2 0.530833 0.360000 0.030833 0.051667
3 0.698333 0.350000 0.008333 0.016667
2 0.307500 0.410000 0.013333 0.070000
3 0.265000 0.355000 0.008333 0.016667
3 0.699167 0.378333 0.008333 0.016667
2 0.443333 0.675000 0.020000 0.021667
2 0.517500 0.290000 0.010000 0.031667
3 0.640833 0.705000 0.014167 0.025000
3 0.265833 0.391667 0.007500 0.018333
3 0.286667 0.301667 0.008333 0.016667
2 0.218333 0.743333 0.022500 0.023333
3 0.757500 0.610000 0.015833 0.051667
2 0.325833 0.336667 0.011667 0.066667
2 0.565833 0.633333 0.020833 0.080000
2 0.435000 0.355000 0.026667 0.035000
3 0.703333 0.721667 0.010833 0.023333
3 0.564167 0.673333 0.008333 0.016667
3 0.453333 0.810000 0.010000 0.016667
3 0.569167 0.668333 0.009167 0.015000
3 0.678333 0.338333 0.008333 0.021667
3 0.309167 0.715000 0.008333 0.016667
2 0.674167 0.316667 0.015833 0.068333
3 0.747500 0.705000 0.008333 0.021667
3 0.690833 0.713333 0.009167 0.016667
3 0.622500 0.386667 0.009167 0.023333
3 0.661667 0.403333 0.011667 0.030000
3 0.528333 0.381667 0.015833 0.051667
2 0.779167 0.410000 0.022500 0.023333
2 0.665000 0.675000 0.010000 0.031667
3 0.684167 0.411667 0.010000 0.020000
2 0.701667 0.638333 0.017500 0.116667
2 0.495000 0.145000 0.009167 0.040000
3 0.740000 0.680000 0.015833 0.051667
2 0.627500 0.378333 0.020833 0.080000
3 0.225000 0.388333 0.010833 0.023333
2 0.345000 0.413333 0.026667 0.035000
2 0.492500 0.255000 0.020000 0.021667
3 0.759167 0.363333 0.008333 0.016667
2 0.582500 0.325000 0.034167 0.038333
3 0.792500 0.725000 0.007500 0.015000
3 0.775833 0.428333 0.008333 0.016667
2 0.273333 0.256667 0.029167 0.038333
2 0.346667 0.376667 0.013333 0.070000
3 0.780000 0.413333 0.006667 0.018333
3 0.742500 0.345000 0.010000 0.020000
3 0.790833 0.416667 0.014167 0.025000
2 0.691667 0.586667 0.058333 0.076667
2 0.362500 0.370000 0.058333 0.076667
3 0.431667 0.745000 0.009167 0.016667
3 0.425833 0.666667 0.008333 0.016667
3 0.677500 0.638333 0.011667 0.020000
3 0.690833 0.376667 0.010000 0.016667
3 0.517500 0.291667 0.010000 0.016667
3 0.503333 0.330000 0.010833 0.013333
3 0.696667 0.366667 0.009167 0.015000
3 0.299167 0.398333 0.008333 0.016667
2 0.269167 0.725000 0.010833 0.091667
2 0.645833 0.415000 0.011667 0.025000
2 0.320833 0.671667 0.015833 0.068333
3 0.782500 0.366667 0.008333 0.021667
3 0.480000 0.300000 0.008333 0.021667
