4 0.887500 0.668333 0.085833 0.220000
4 0.872500 0.640000 0.054167 0.058333
4 0.877500 0.458333 0.109167 0.176667
4 0.899167 0.645000 0.054167 0.093333
4 0.895000 0.541667 0.059167 0.033333
4 0.850833 0.535000 0.088333 0.066667
4 0.774167 0.761667 0.162500 0.303333
4 0.819167 0.635000 0.053333 0.106667
4 0.810833 0.548333 0.049167 0.056667
4 0.820000 0.603333 0.084167 0.070000
4 0.560833 0.443333 0.172500 0.186667
4 0.530000 0.606667 0.141667 0.135000
4 0.080833 0.555000 0.055000 0.126667
4 0.423333 0.453333 0.058333 0.098333
4 0.310833 0.506667 0.048333 0.021667
4 0.598333 0.541667 0.083333 0.035000
4 0.170833 0.488333 0.160000 0.171667
4 0.571667 0.443333 0.075833 0.098333
4 0.199167 0.563333 0.125833 0.085000
4 0.730833 0.491667 0.116667 0.086667
2 0.055000 0.500000 0.048333 0.025000
2 0.181667 0.511667 0.019167 0.046667
2 0.200833 0.545000 0.020000 0.021667
3 0.828333 0.500000 0.008333 0.016667
3 0.190833 0.578333 0.007500 0.015000
3 0.204167 0.548333 0.009167 0.016667
2 0.620833 0.471667 0.021667 0.090000
2 0.764167 0.590000 0.022500 0.023333
3 0.308333 0.546667 0.009167 0.023333
3 0.494167 0.580000 0.009167 0.016667
3 0.241667 0.521667 0.009167 0.016667
3 0.710833 0.521667 0.007500 0.015000
2 0.395000 0.601667 0.013333 0.070000
3 0.444167 0.471667 0.013333 0.015000
2 0.135000 0.560000 0.020000 0.021667
3 0.809167 0.496667 0.010000 0.016667
2 0.359167 0.500000 0.058333 0.076667
3 0.599167 0.618333 0.008333 0.021667
2 0.620833 0.418333 0.011667 0.066667
3 0.433333 0.586667 0.007500 0.018333
2 0.298333 0.555000 0.048333 0.025000
3 0.152500 0.460000 0.010000 0.016667
2 0.400833 0.511667 0.026667 0.035000
3 0.329167 0.478333 0.015833 0.051667
3 0.562500 0.491667 0.010000 0.016667
2 0.345000 0.545000 0.020833 0.028333
3 0.670833 0.476667 0.010000 0.020000
3 0.429167 0.568333 0.009167 0.023333
2 0.470000 0.413333 0.020833 0.080000
2 0.505000 0.538333 0.019167 0.046667
3 0.151667 0.443333 0.009167 0.016667
2 0.306667 0.488333 0.020833 0.028333
2 0.637500 0.566667 0.011667 0.025000
3 0.097500 0.473333 0.010000 0.020000
2 0.424167 0.551667 0.013333 0.070000
3 0.617500 0.520000 0.007500 0.018333
2 0.590833 0.555000 0.017500 0.116667
2 0.620000 0.433333 0.011667 0.066667
3 0.485000 0.573333 0.010833 0.013333
2 0.662500 0.436667 0.011667 0.066667
3 0.115833 0.491667 0.007500 0.018333
3 0.238333 0.468333 0.010000 0.020000
3 0.595833 0.503333 0.009167 0.016667
3 0.776667 0.453333 0.008333 0.016667
3 0.398333 0.563333 0.008333 0.021667
3 0.161667 0.605000 0.009167 0.016667
3 0.470000 0.505000 0.009167 0.016667
2 0.674167 0.476667 0.027500 0.016667
3 0.255833 0.526667 0.007500 0.015000
2 0.494167 0.431667 0.020833 0.080000
2 0.385833 0.448333 0.097500 0.053333
2 0.238333 0.521667 0.034167 0.038333
2 0.583333 0.543333 0.023333 0.106667
3 0.807500 0.456667 0.006667 0.018333
3 0.811667 0.486667 0.008333 0.021667
3 0.069167 0.460000 0.009167 0.018333
3 0.826667 0.353333 0.010833 0.023333
2 0.255833 0.566667 0.034167 0.100000
2 0.808333 0.626667 0.021667 0.090000
2 0.606667 0.536667 0.011667 0.025000
2 0.521667 0.543333 0.019167 0.046667
2 0.202500 0.488333 0.029167 0.038333
2 0.426667 0.508333 0.020833 0.080000
3 0.479167 0.595000 0.009167 0.016667
2 0.478333 0.431667 0.029167 0.038333
2 0.120000 0.438333 0.020000 0.021667
3 0.603333 0.555000 0.010833 0.013333
3 0.728333 0.485000 0.009167 0.016667
2 0.685833 0.508333 0.011667 0.066667
3 0.176667 0.608333 0.009167 0.018333
3 0.035000 0.546667 0.010833 0.023333
3 0.500833 0.558333 0.009167 0.015000
3 0.755000 0.468333 0.008333 0.016667
3 0.430000 0.475000 0.010833 0.013333
2 0.170000 0.581667 0.011667 0.025000
2 0.340833 0.496667 0.035000 0.105000
2 0.553333 0.471667 0.009167 0.031667
2 0.033333 0.458333 0.066667 0.053333
3 0.704167 0.583333 0.017500 0.031667
2 0.792500 0.581667 0.023333 0.041667
2 0.266667 0.483333 0.011667 0.025000
3 0.611667 0.470000 0.008333 0.016667
2 0.270000 0.511667 0.020833 0.080000
2 0.782500 0.533333 0.029167 0.038333
2 0.462500 0.485000 0.023333 0.041667
2 0.420000 0.465000 0.097500 0.053333
2 0.720000 0.600000 0.020833 0.080000
2 0.725833 0.501667 0.020000 0.021667
3 0.384167 0.480000 0.011667 0.020000
2 0.263333 0.553333 0.027500 0.016667
3 0.286667 0.468333 0.009167 0.016667
3 0.115833 0.575000 0.009167 0.023333
2 0.750833 0.566667 0.058333 0.076667
2 0.451667 0.558333 0.048333 0.043333
3 0.685833 0.566667 0.009167 0.015000
2 0.411667 0.488333 0.026667 0.035000
3 0.602500 0.460000 0.009167 0.016667
3 0.713333 0.505000 0.008333 0.016667
2 0.469167 0.420000 0.020833 0.028333
3 0.276667 0.531667 0.009167 0.018333
3 0.619167 0.598333 0.007500 0.016667
3 0.195000 0.468333 0.011667 0.030000
2 0.333333 0.655000 0.045833 0.021667
2 0.480833 0.266667 0.020833 0.028333
2 0.390833 0.626667 0.097500 0.053333
2 0.567500 0.771667 0.011667 0.025000
2 0.288333 0.725000 0.017500 0.116667
2 0.640000 0.620000 0.020833 0.080000
2 0.586667 0.416667 0.022500 0.023333
2 0.770000 0.320000 0.027500 0.016667
3 0.754167 0.300000 0.017500 0.031667
3 0.697500 0.773333 0.008333 0.021667
3 0.493333 0.763333 0.008333 0.016667
3 0.469167 0.708333 0.009167 0.015000
2 0.761667 0.396667 0.034167 0.038333
2 0.837500 0.331667 0.023333 0.041667
2 0.784167 0.361667 0.011667 0.066667
3 0.313333 0.380000 0.010833 0.013333
3 0.706667 0.691667 0.017500 0.031667
3 0.674167 0.630000 0.015833 0.051667
3 0.375833 0.373333 0.015833 0.051667
3 0.605000 0.366667 0.007500 0.018333
2 0.688333 0.385000 0.020000 0.021667
2 0.812500 0.696667 0.019167 0.046667
2 0.688333 0.368333 0.029167 0.038333
3 0.700833 0.666667 0.007500 0.015000
3 0.227500 0.388333 0.006667 0.018333
2 0.307500 0.396667 0.058333 0.076667
2 0.705000 0.428333 0.017500 0.116667
2 0.823333 0.415000 0.023333 0.041667
3 0.820833 0.366667 0.009167 0.015000
3 0.195000 0.403333 0.006667 0.018333
3 0.408333 0.353333 0.007500 0.015000
3 0.622500 0.390000 0.007500 0.018333
2 0.315833 0.313333 0.020833 0.080000
3 0.408333 0.751667 0.009167 0.015000
2 0.327500 0.295000 0.034167 0.038333
3 0.785000 0.383333 0.009167 0.016667
2 0.305833 0.680000 0.011667 0.066667
3 0.290833 0.775000 0.013333 0.015000
2 0.257500 0.726667 0.097500 0.053333
3 0.440833 0.678333 0.015833 0.051667
2 0.463333 0.653333 0.026667 0.035000
2 0.775833 0.368333 0.019167 0.046667
2 0.620000 0.658333 0.023333 0.106667
3 0.658333 0.276667 0.011667 0.030000
3 0.710000 0.618333 0.007500 0.015000
2 0.715833 0.335000 0.017500 0.116667
2 0.722500 0.595000 0.009167 0.040000
3 0.749167 0.446667 0.007500 0.015000
2 0.577500 0.651667 0.017500 0.116667
3 0.544167 0.316667 0.013333 0.031667
3 0.306667 0.663333 0.011667 0.020000
3 0.702500 0.375000 0.008333 0.016667
3 0.725833 0.601667 0.009167 0.023333
3 0.307500 0.390000 0.014167 0.025000
2 0.550000 0.701667 0.010833 0.091667
2 0.814167 0.376667 0.023333 0.106667
3 0.521667 0.348333 0.013333 0.015000
3 0.520000 0.396667 0.008333 0.016667
2 0.741667 0.623333 0.027500 0.016667
3 0.294167 0.718333 0.007500 0.018333
2 0.770833 0.438333 0.030833 0.051667
3 0.785833 0.598333 0.008333 0.016667
2 0.391667 0.660000 0.097500 0.053333
3 0.513333 0.421667 0.007500 0.015000
3 0.305000 0.811667 0.011667 0.020000
3 0.719167 0.641667 0.011667 0.030000
2 0.675000 0.588333 0.017500 0.116667
3 0.686667 0.660000 0.007500 0.015000
3 0.722500 0.378333 0.007500 0.016667
2 0.269167 0.808333 0.048333 0.025000
2 0.617500 0.673333 0.020833 0.080000
2 0.262500 0.420000 0.034167 0.100000
2 0.487500 0.776667 0.017500 0.116667
3 0.458333 0.280000 0.006667 0.018333
3 0.360833 0.718333 0.009167 0.018333
3 0.645000 0.326667 0.009167 0.016667
3 0.635000 0.406667 0.015833 0.051667
2 0.675000 0.628333 0.020833 0.028333
2 0.505000 0.288333 0.021667 0.090000
2 0.151667 0.420000 0.022500 0.023333
3 0.600000 0.748333 0.013333 0.031667
2 0.496667 0.603333 0.048333 0.025000
2 0.288333 0.151667 0.010000 0.031667
3 0.615000 0.645000 0.007500 0.015000
3 0.601667 0.998333 0.008333 0.001667
2 0.333333 0.240000 0.015833 0.068333
2 0.494167 0.321667 0.011667 0.066667
3 0.454167 0.810000 0.008333 0.016667
2 0.769167 0.720000 0.022500 0.023333
2 0.226667 0.808333 0.034167 0.038333
2 0.306667 0.668333 0.023333 0.041667
3 0.714167 0.418333 0.008333 0.016667
3 0.387500 0.368333 0.009167 0.023333
3 0.546667 0.656667 0.009167 0.023333
2 0.517500 0.378333 0.045833 0.021667
2 0.308333 0.488333 0.020833 0.080000
3 0.443333 0.801667 0.007500 0.015000
2 0.587500 0.436667 0.021667 0.090000
2 0.720000 0.590000 0.019167 0.046667
3 0.737500 0.660000 0.011667 0.020000
2 0.633333 0.593333 0.035000 0.105000
2 0.537500 0.341667 0.013333 0.070000
2 0.704167 0.701667 0.014167 0.015000
2 0.698333 0.305000 0.035000 0.105000
3 0.493333 0.388333 0.009167 0.018333
3 0.487500 0.258333 0.008333 0.016667
2 0.570000 0.755000 0.014167 0.015000
2 0.795833 0.746667 0.030833 0.051667
3 0.756667 0.593333 0.011667 0.020000
2 0.710000 0.290000 0.097500 0.053333
3 0.585833 0.753333 0.015833 0.051667
3 0.728333 0.415000 0.009167 0.023333
3 0.307500 0.726667 0.007500 0.018333
3 0.545000 0.295000 0.007500 0.018333
3 0.735833 0.643333 0.007500 0.018333
3 0.407500 0.736667 0.008333 0.016667
2 0.465000 0.826667 0.009167 0.040000
2 0.540833 0.631667 0.034167 0.038333
2 0.285833 0.728333 0.045833 0.021667
2 0.580000 0.343333 0.019167 0.046667
3 0.240000 0.350000 0.007500 0.015000
2 0.744167 0.353333 0.058333 0.076667
3 0.540833 0.280000 0.010000 0.020000
3 0.383333 0.705000 0.013333 0.015000
3 0.281667 0.745000 0.007500 0.015000
3 0.347500 0.346667 0.010833 0.013333
2 0.616667 0.663333 0.023333 0.041667
3 0.367500 0.431667 0.009167 0.016667
2 0.235833 0.745000 0.015833 0.068333
3 0.675833 0.720000 0.007500 0.018333
3 0.607500 0.311667 0.007500 0.016667
3 0.749167 0.410000 0.008333 0.016667
2 0.775833 0.361667 0.010000 0.031667
2 0.599167 0.730000 0.020000 0.021667
3 0.235000 0.635000 0.008333 0.016667
3 0.549167 0.418333 0.013333 0.031667
2 0.426667 0.765000 0.058333 0.076667
3 0.812500 0.718333 0.009167 0.015000
2 0.478333 0.340000 0.021667 0.090000
3 0.612500 0.678333 0.007500 0.015000
2 0.520000 0.205000 0.011667 0.066667
3 0.332500 0.733333 0.009167 0.016667
2 0.315833 0.698333 0.026667 0.035000
2 0.213333 0.630000 0.017500 0.116667
3 0.780833 0.345000 0.007500 0.015000
2 0.635000 0.643333 0.023333 0.041667
3 0.795000 0.643333 0.007500 0.016667
3 0.757500 0.601667 0.014167 0.025000
3 0.447500 0.706667 0.014167 0.025000
3 0.513333 0.423333 0.008333 0.016667
2 0.783333 0.625000 0.013333 0.070000
3 0.768333 0.680000 0.008333 0.016667
2 0.339167 0.353333 0.019167 0.046667
2 0.321667 0.810000 0.022500 0.023333
3 0.737500 0.688333 0.011667 0.020000
3 0.592500 0.743333 0.013333 0.031667
3 0.341667 0.775000 0.009167 0.023333
2 0.767500 0.413333 0.023333 0.106667
2 0.688333 0.318333 0.020833 0.080000
3 0.318333 0.371667 0.009167 0.016667
2 0.457500 0.798333 0.045833 0.021667
2 0.666667 0.701667 0.029167 0.038333
3 0.274167 0.383333 0.015833 0.051667
3 0.726667 0.448333 0.010000 0.016667
2 0.742500 0.325000 0.026667 0.035000
2 0.518333 0.396667 0.021667 0.090000
2 0.700833 0.271667 0.010000 0.031667
3 0.470833 0.645000 0.010833 0.023333
2 0.757500 0.376667 0.030833 0.051667
2 0.494167 0.313333 0.020833 0.080000
2 0.346667 0.411667 0.023333 0.106667
3 0.593333 0.161667 0.009167 0.016667
2 0.655000 0.635000 0.009167 0.031667
2 0.693333 0.353333 0.017500 0.116667
2 0.757500 0.355000 0.058333 0.076667
2 0.660000 0.431667 0.009167 0.031667
2 0.553333 0.458333 0.020833 0.080000
2 0.575833 0.755000 0.017500 0.116667
2 0.288333 0.700000 0.034167 0.100000
2 0.775000 0.646667 0.048333 0.025000
3 0.300833 0.751667 0.011667 0.030000
3 0.533333 0.363333 0.008333 0.016667
3 0.595000 0.743333 0.007500 0.018333
3 0.622500 0.370000 0.007500 0.016667
3 0.338333 0.715000 0.010833 0.023333
2 0.255833 0.661667 0.035000 0.105000
3 0.573333 0.633333 0.007500 0.015000
3 0.705833 0.675000 0.009167 0.015000
2 0.625833 0.370000 0.058333 0.076667
2 0.685833 0.448333 0.013333 0.070000
2 0.568333 0.383333 0.035000 0.105000
2 0.701667 0.320000 0.020000 0.021667
2 0.416667 0.768333 0.019167 0.046667
2 0.796667 0.385000 0.015833 0.068333
3 0.705833 0.323333 0.010833 0.023333
2 0.303333 0.753333 0.045833 0.021667
3 0.698333 0.676667 0.009167 0.018333
2 0.470833 0.368333 0.029167 0.038333
