4 0.839167 0.488333 0.127500 0.088333
4 0.851667 0.373333 0.153333 0.203333
4 0.805000 0.458333 0.125833 0.118333
4 0.842500 0.528333 0.075833 0.083333
4 0.840000 0.451667 0.070000 0.088333
4 0.712500 0.605000 0.270000 0.076667
4 0.847500 0.458333 0.070833 0.041667
4 0.847500 0.573333 0.094167 0.125000
4 0.834167 0.490000 0.106667 0.066667
4 0.850000 0.495000 0.049167 0.115000
4 0.483333 0.598333 0.164167 0.140000
4 0.160000 0.476667 0.101667 0.210000
4 0.215000 0.496667 0.085833 0.021667
4 0.295833 0.528333 0.135000 0.028333
4 0.545000 0.495000 0.092500 0.098333
4 0.360000 0.630000 0.140833 0.190000
4 0.085000 0.601667 0.050833 0.131667
4 0.218333 0.531667 0.059167 0.065000
4 0.040833 0.563333 0.047500 0.055000
4 0.051667 0.563333 0.104167 0.143333
3 0.731667 0.475000 0.009167 0.023333
3 0.661667 0.536667 0.009167 0.016667
2 0.237500 0.576667 0.019167 0.046667
2 0.476667 0.478333 0.017500 0.116667
2 0.399167 0.498333 0.034167 0.038333
2 0.478333 0.573333 0.023333 0.106667
2 0.334167 0.541667 0.015833 0.068333
3 0.115000 0.566667 0.008333 0.016667
2 0.135000 0.523333 0.097500 0.053333
3 0.507500 0.543333 0.006667 0.018333
2 0.710833 0.483333 0.026667 0.035000
3 0.202500 0.485000 0.009167 0.023333
3 0.371667 0.510000 0.007500 0.015000
3 0.654167 0.531667 0.009167 0.023333
2 0.570000 0.508333 0.013333 0.070000
3 0.457500 0.575000 0.010833 0.023333
3 0.798333 0.501667 0.007500 0.015000
3 0.530833 0.565000 0.009167 0.016667
2 0.522500 0.555000 0.010000 0.031667
2 0.226667 0.600000 0.048333 0.025000
2 0.439167 0.528333 0.020833 0.080000
2 0.713333 0.576667 0.020833 0.080000
3 0.339167 0.500000 0.009167 0.015000
3 0.625000 0.556667 0.006667 0.018333
2 0.350833 0.460000 0.020833 0.080000
3 0.595000 0.533333 0.009167 0.016667
2 0.770833 0.516667 0.022500 0.023333
3 0.523333 0.568333 0.011667 0.030000
2 0.033333 0.456667 0.011667 0.066667
2 0.279167 0.488333 0.020000 0.021667
3 0.075000 0.510000 0.009167 0.023333
3 0.703333 0.583333 0.008333 0.021667
3 0.270833 0.561667 0.008333 0.016667
2 0.415833 0.520000 0.058333 0.076667
2 0.346667 0.525000 0.015833 0.068333
3 0.392500 0.506667 0.014167 0.025000
3 0.470000 0.546667 0.008333 0.016667
2 0.216667 0.443333 0.029167 0.038333
2 0.805000 0.526667 0.021667 0.090000
3 0.188333 0.590000 0.006667 0.018333
2 0.645000 0.548333 0.023333 0.106667
3 0.788333 0.485000 0.009167 0.023333
3 0.201667 0.543333 0.009167 0.018333
3 0.418333 0.476667 0.015833 0.051667
3 0.814167 0.460000 0.008333 0.016667
3 0.815000 0.485000 0.013333 0.031667
2 0.554167 0.481667 0.011667 0.025000
2 0.316667 0.598333 0.026667 0.035000
3 0.288333 0.443333 0.009167 0.015000
2 0.176667 0.531667 0.009167 0.040000
2 0.400833 0.475000 0.020833 0.028333
3 0.472500 0.445000 0.007500 0.016667
3 0.613333 0.525000 0.008333 0.016667
2 0.445000 0.461667 0.019167 0.046667
3 0.706667 0.546667 0.008333 0.016667
3 0.397500 0.531667 0.009167 0.018333
2 0.797500 0.576667 0.020833 0.080000
2 0.463333 0.488333 0.023333 0.041667
3 0.355000 0.498333 0.009167 0.016667
3 0.382500 0.576667 0.014167 0.025000
2 0.031667 0.531667 0.022500 0.023333
2 0.684167 0.513333 0.030833 0.051667
2 0.547500 0.555000 0.034167 0.038333
2 0.742500 0.540000 0.019167 0.046667
2 0.456667 0.570000 0.019167 0.046667
2 0.233333 0.493333 0.022500 0.023333
2 0.132500 0.586667 0.015833 0.068333
3 0.160000 0.461667 0.009167 0.018333
2 0.590000 0.501667 0.009167 0.040000
3 0.399167 0.535000 0.013333 0.015000
2 0.654167 0.500000 0.020833 0.028333
2 0.741667 0.493333 0.045833 0.021667
3 0.060000 0.506667 0.009167 0.016667
3 0.499167 0.561667 0.008333 0.016667
2 0.079167 0.525000 0.021667 0.090000
2 0.392500 0.586667 0.023333 0.106667
2 0.441667 0.485000 0.020833 0.028333
3 0.569167 0.483333 0.007500 0.018333
2 0.624167 0.563333 0.011667 0.066667
2 0.438333 0.586667 0.014167 0.015000
2 0.027500 0.471667 0.026667 0.035000
2 0.013333 0.481667 0.027500 0.051667
3 0.812500 0.510000 0.010833 0.023333
3 0.161667 0.460000 0.007500 0.015000
3 0.579167 0.493333 0.010833 0.023333
2 0.399167 0.523333 0.023333 0.106667
2 0.681667 0.558333 0.027500 0.016667
2 0.403333 0.603333 0.021667 0.090000
2 0.640000 0.501667 0.017500 0.116667
3 0.194167 0.458333 0.009167 0.016667
2 0.619167 0.568333 0.010000 0.031667
2 0.095833 0.483333 0.020833 0.028333
3 0.232500 0.488333 0.009167 0.015000
2 0.435833 0.543333 0.020833 0.080000
2 0.479167 0.503333 0.020833 0.080000
2 0.303333 0.488333 0.020833 0.080000
2 0.372500 0.531667 0.034167 0.100000
2 0.399167 0.521667 0.034167 0.038333
2 0.134167 0.571667 0.034167 0.038333
2 0.411667 0.566667 0.097500 0.053333
2 0.110000 0.546667 0.017500 0.116667
2 0.325833 0.460000 0.019167 0.046667
2 0.394167 0.356667 0.010000 0.031667
2 0.289167 0.733333 0.027500 0.016667
2 0.512500 0.285000 0.022500 0.023333
3 0.785833 0.370000 0.007500 0.016667
2 0.815833 0.465000 0.021667 0.090000
2 0.544167 0.276667 0.009167 0.040000
3 0.470833 0.241667 0.013333 0.015000
2 0.334167 0.681667 0.020833 0.080000
3 0.708333 0.371667 0.009167 0.015000
3 0.674167 0.403333 0.017500 0.031667
3 0.395833 0.671667 0.009167 0.023333
3 0.668333 0.360000 0.013333 0.015000
3 0.290000 0.283333 0.011667 0.020000
3 0.685833 0.626667 0.007500 0.016667
2 0.306667 0.215000 0.022500 0.023333
2 0.293333 0.376667 0.048333 0.025000
3 0.330000 0.711667 0.011667 0.020000
2 0.713333 0.346667 0.023333 0.041667
2 0.694167 0.281667 0.023333 0.106667
3 0.645000 0.373333 0.014167 0.025000
3 0.778333 0.411667 0.010000 0.016667
3 0.790833 0.721667 0.010000 0.020000
3 0.641667 0.656667 0.007500 0.015000
2 0.232500 0.378333 0.014167 0.015000
3 0.279167 0.670000 0.010000 0.020000
2 0.317500 0.375000 0.010000 0.031667
2 0.602500 0.641667 0.048333 0.025000
2 0.248333 0.743333 0.097500 0.053333
2 0.738333 0.708333 0.045833 0.021667
2 0.475000 0.266667 0.020833 0.028333
2 0.293333 0.656667 0.023333 0.106667
2 0.797500 0.635000 0.020000 0.021667
2 0.666667 0.356667 0.058333 0.076667
2 0.460000 0.686667 0.013333 0.070000
3 0.615000 0.650000 0.008333 0.021667
2 0.679167 0.423333 0.011667 0.066667
2 0.547500 0.828333 0.026667 0.035000
3 0.294167 0.716667 0.007500 0.016667
2 0.561667 0.786667 0.023333 0.041667
3 0.175833 0.391667 0.009167 0.016667
3 0.676667 0.420000 0.013333 0.015000
2 0.312500 0.735000 0.034167 0.100000
2 0.580000 0.735000 0.048333 0.043333
3 0.663333 0.343333 0.014167 0.025000
2 0.610833 0.393333 0.017500 0.116667
3 0.465833 0.726667 0.011667 0.020000
2 0.240000 0.380000 0.009167 0.031667
2 0.544167 0.348333 0.029167 0.038333
3 0.343333 0.691667 0.013333 0.015000
3 0.811667 0.713333 0.011667 0.020000
2 0.576667 0.326667 0.045833 0.021667
2 0.315833 0.313333 0.020833 0.080000
3 0.540833 0.703333 0.010833 0.013333
2 0.719167 0.396667 0.017500 0.116667
3 0.732500 0.595000 0.010000 0.020000
2 0.775833 0.413333 0.010000 0.031667
2 0.775833 0.303333 0.009167 0.040000
3 0.654167 0.415000 0.009167 0.018333
2 0.764167 0.366667 0.015833 0.068333
2 0.590833 0.585000 0.023333 0.106667
2 0.558333 0.420000 0.011667 0.025000
2 0.640000 0.343333 0.023333 0.106667
2 0.660833 0.441667 0.030833 0.051667
3 0.593333 0.738333 0.010833 0.013333
3 0.430833 0.675000 0.011667 0.020000
3 0.703333 0.326667 0.011667 0.020000
3 0.684167 0.413333 0.009167 0.016667
3 0.474167 0.326667 0.009167 0.016667
3 0.719167 0.656667 0.008333 0.016667
3 0.305000 0.296667 0.008333 0.021667
2 0.815833 0.386667 0.020000 0.021667
3 0.728333 0.600000 0.008333 0.016667
2 0.615000 0.675000 0.020000 0.021667
2 0.740000 0.316667 0.023333 0.041667
3 0.408333 0.753333 0.010000 0.016667
2 0.285000 0.730000 0.048333 0.043333
2 0.472500 0.303333 0.022500 0.023333
3 0.325833 0.686667 0.015833 0.051667
2 0.735000 0.700000 0.045833 0.021667
2 0.721667 0.638333 0.030833 0.051667
3 0.708333 0.630000 0.010833 0.023333
2 0.680833 0.646667 0.009167 0.031667
2 0.700000 0.365000 0.030833 0.051667
2 0.536667 0.813333 0.048333 0.043333
3 0.770833 0.321667 0.009167 0.016667
2 0.610833 0.716667 0.010833 0.091667
2 0.632500 0.388333 0.011667 0.066667
2 0.617500 0.323333 0.010000 0.031667
2 0.295000 0.451667 0.048333 0.043333
3 0.450833 0.646667 0.009167 0.015000
3 0.624167 0.641667 0.008333 0.016667
2 0.708333 0.668333 0.020833 0.080000
3 0.449167 0.730000 0.010000 0.016667
3 0.795833 0.368333 0.007500 0.018333
3 0.747500 0.616667 0.007500 0.018333
2 0.266667 0.180000 0.011667 0.066667
3 0.275000 0.406667 0.010833 0.023333
2 0.438333 0.776667 0.034167 0.038333
2 0.667500 0.441667 0.030833 0.051667
3 0.295833 0.676667 0.007500 0.015000
2 0.320833 0.263333 0.029167 0.038333
2 0.295000 0.658333 0.027500 0.016667
2 0.441667 0.750000 0.030833 0.051667
2 0.772500 0.645000 0.048333 0.043333
2 0.664167 0.390000 0.021667 0.090000
3 0.665000 0.405000 0.010833 0.013333
3 0.232500 0.801667 0.009167 0.016667
3 0.683333 0.345000 0.013333 0.015000
3 0.621667 0.385000 0.011667 0.020000
3 0.734167 0.638333 0.010833 0.013333
3 0.777500 0.703333 0.007500 0.015000
2 0.581667 0.636667 0.011667 0.025000
3 0.775000 0.781667 0.009167 0.015000
3 0.325000 0.386667 0.011667 0.030000
3 0.689167 0.633333 0.008333 0.016667
3 0.780000 0.398333 0.017500 0.031667
3 0.300000 0.383333 0.010000 0.020000
3 0.448333 0.651667 0.009167 0.015000
3 0.270000 0.863333 0.010000 0.016667
2 0.675833 0.641667 0.026667 0.035000
3 0.526667 0.625000 0.014167 0.025000
2 0.514167 0.275000 0.020000 0.021667
3 0.723333 0.615000 0.008333 0.016667
2 0.395000 0.668333 0.030833 0.051667
2 0.783333 0.880000 0.058333 0.076667
3 0.449167 0.395000 0.017500 0.031667
3 0.715000 0.638333 0.007500 0.018333
2 0.325833 0.651667 0.011667 0.066667
3 0.803333 0.370000 0.010000 0.020000
2 0.380000 0.718333 0.013333 0.070000
3 0.799167 0.645000 0.009167 0.023333
3 0.488333 0.288333 0.009167 0.016667
2 0.733333 0.675000 0.009167 0.040000
3 0.791667 0.721667 0.007500 0.015000
2 0.284167 0.328333 0.013333 0.070000
2 0.667500 0.325000 0.029167 0.038333
3 0.646667 0.620000 0.008333 0.016667
3 0.636667 0.625000 0.009167 0.015000
2 0.682500 0.596667 0.020833 0.028333
3 0.173333 0.636667 0.007500 0.015000
2 0.397500 0.408333 0.030833 0.051667
3 0.280000 0.718333 0.007500 0.015000
3 0.655833 0.373333 0.006667 0.018333
2 0.440000 0.756667 0.034167 0.100000
2 0.429167 0.763333 0.009167 0.031667
3 0.745000 0.385000 0.009167 0.016667
2 0.525000 0.658333 0.020833 0.080000
3 0.279167 0.733333 0.009167 0.016667
3 0.330000 0.680000 0.008333 0.016667
2 0.579167 0.711667 0.048333 0.025000
2 0.531667 0.435000 0.029167 0.038333
3 0.653333 0.618333 0.010833 0.013333
2 0.306667 0.728333 0.010833 0.091667
2 0.745833 0.638333 0.015833 0.068333
2 0.334167 0.681667 0.020833 0.080000
2 0.306667 0.383333 0.020000 0.021667
2 0.580000 0.431667 0.014167 0.015000
2 0.541667 0.366667 0.034167 0.100000
3 0.516667 0.331667 0.007500 0.018333
3 0.427500 0.731667 0.006667 0.018333
3 0.343333 0.868333 0.007500 0.015000
3 0.693333 0.690000 0.007500 0.015000
3 0.687500 0.350000 0.008333 0.021667
2 0.564167 0.635000 0.030833 0.051667
2 0.685000 0.690000 0.011667 0.066667
3 0.725833 0.405000 0.009167 0.016667
2 0.461667 0.306667 0.097500 0.053333
2 0.567500 0.278333 0.009167 0.040000
3 0.564167 0.676667 0.008333 0.021667
3 0.728333 0.711667 0.014167 0.025000
2 0.695833 0.641667 0.034167 0.038333
3 0.635833 0.623333 0.009167 0.023333
2 0.445833 0.766667 0.017500 0.116667
2 0.446667 0.761667 0.020833 0.080000
3 0.516667 0.720000 0.007500 0.018333
2 0.659167 0.253333 0.009167 0.040000
2 0.688333 0.658333 0.021667 0.090000
3 0.745000 0.383333 0.010000 0.020000
3 0.539167 0.648333 0.008333 0.016667
3 0.444167 0.831667 0.009167 0.023333
2 0.682500 0.666667 0.013333 0.070000
3 0.433333 0.655000 0.007500 0.016667
2 0.585000 0.370000 0.020833 0.080000
3 0.327500 0.356667 0.007500 0.015000
2 0.535000 0.335000 0.048333 0.043333
2 0.494167 0.353333 0.013333 0.070000
2 0.637500 0.631667 0.017500 0.116667
3 0.536667 0.736667 0.006667 0.018333
2 0.680000 0.301667 0.045833 0.021667
2 0.796667 0.620000 0.010000 0.031667
2 0.440833 0.710000 0.027500 0.016667
2 0.741667 0.411667 0.034167 0.100000
2 0.812500 0.611667 0.011667 0.025000
3 0.696667 0.283333 0.008333 0.016667
2 0.750000 0.418333 0.026667 0.035000
3 0.777500 0.651667 0.008333 0.016667
2 0.547500 0.365000 0.023333 0.041667
2 0.502500 0.310000 0.015833 0.068333
