4 0.829167 0.570000 0.159167 0.148333
4 0.738333 0.523333 0.204167 0.283333
4 0.901667 0.516667 0.045000 0.018333
4 0.869167 0.740000 0.052500 0.146667
4 0.823333 0.590000 0.134167 0.261667
4 0.852500 0.588333 0.130000 0.166667
4 0.803333 0.550000 0.242500 0.068333
4 0.890833 0.566667 0.073333 0.133333
4 0.826667 0.476667 0.072500 0.088333
4 0.844167 0.471667 0.060833 0.023333
4 0.209167 0.461667 0.114167 0.180000
4 0.732500 0.531667 0.050833 0.033333
4 0.220833 0.465000 0.064167 0.086667
4 0.139167 0.546667 0.036667 0.036667
4 0.209167 0.578333 0.063333 0.096667
4 0.355833 0.458333 0.195000 0.166667
4 0.638333 0.528333 0.050000 0.090000
4 0.604167 0.513333 0.066667 0.053333
4 0.638333 0.498333 0.037500 0.025000
4 0.048333 0.576667 0.070000 0.183333
2 0.820833 0.503333 0.014167 0.015000
2 0.646667 0.505000 0.009167 0.040000
3 0.643333 0.485000 0.010833 0.013333
2 0.072500 0.478333 0.023333 0.106667
3 0.665000 0.560000 0.009167 0.016667
3 0.390000 0.495000 0.015833 0.051667
2 0.245833 0.488333 0.014167 0.015000
2 0.497500 0.510000 0.014167 0.015000
2 0.559167 0.468333 0.022500 0.023333
3 0.605000 0.495000 0.017500 0.031667
3 0.187500 0.500000 0.007500 0.018333
3 0.518333 0.483333 0.009167 0.015000
3 0.375833 0.491667 0.007500 0.016667
3 0.157500 0.448333 0.008333 0.016667
3 0.256667 0.593333 0.007500 0.018333
2 0.330833 0.466667 0.009167 0.031667
2 0.750000 0.595000 0.023333 0.041667
2 0.615833 0.455000 0.010000 0.031667
3 0.156667 0.596667 0.009167 0.016667
3 0.805833 0.593333 0.007500 0.015000
3 0.630000 0.471667 0.009167 0.015000
3 0.674167 0.520000 0.009167 0.018333
2 0.285000 0.538333 0.048333 0.025000
3 0.430000 0.490000 0.008333 0.016667
2 0.128333 0.563333 0.020000 0.021667
3 0.711667 0.460000 0.007500 0.015000
3 0.804167 0.565000 0.009167 0.015000
2 0.329167 0.550000 0.010833 0.091667
3 0.452500 0.593333 0.008333 0.021667
3 0.605833 0.446667 0.007500 0.018333
2 0.560833 0.568333 0.015833 0.068333
3 0.162500 0.506667 0.008333 0.016667
2 0.480000 0.616667 0.034167 0.100000
3 0.116667 0.516667 0.007500 0.018333
3 0.788333 0.458333 0.007500 0.016667
3 0.675833 0.560000 0.009167 0.015000
2 0.372500 0.553333 0.019167 0.046667
3 0.246667 0.493333 0.009167 0.018333
3 0.375833 0.555000 0.013333 0.031667
3 0.544167 0.530000 0.008333 0.016667
2 0.747500 0.515000 0.010000 0.031667
3 0.705000 0.503333 0.011667 0.020000
2 0.076667 0.586667 0.017500 0.116667
3 0.025000 0.531667 0.013333 0.015000
3 0.348333 0.566667 0.011667 0.030000
3 0.619167 0.491667 0.009167 0.016667
3 0.630833 0.498333 0.009167 0.016667
2 0.603333 0.588333 0.020000 0.021667
3 0.273333 0.458333 0.013333 0.031667
2 0.584167 0.490000 0.020833 0.080000
2 0.019167 0.490000 0.039167 0.053333
2 0.237500 0.571667 0.058333 0.076667
3 0.605000 0.515000 0.008333 0.016667
3 0.213333 0.470000 0.014167 0.025000
3 0.782500 0.546667 0.011667 0.030000
3 0.400000 0.488333 0.011667 0.030000
2 0.022500 0.465000 0.045833 0.025000
3 0.572500 0.460000 0.007500 0.015000
3 0.611667 0.591667 0.009167 0.016667
3 0.717500 0.471667 0.009167 0.018333
3 0.294167 0.500000 0.007500 0.015000
3 0.659167 0.473333 0.009167 0.018333
2 0.400833 0.495000 0.023333 0.106667
2 0.042500 0.551667 0.020000 0.021667
2 0.327500 0.500000 0.009167 0.040000
3 0.653333 0.518333 0.009167 0.023333
2 0.232500 0.608333 0.026667 0.035000
2 0.041667 0.536667 0.058333 0.076667
2 0.436667 0.496667 0.010000 0.031667
2 0.632500 0.538333 0.097500 0.053333
3 0.515833 0.490000 0.007500 0.015000
3 0.406667 0.541667 0.010000 0.016667
2 0.781667 0.506667 0.017500 0.116667
2 0.418333 0.516667 0.058333 0.076667
3 0.395833 0.473333 0.007500 0.015000
2 0.228333 0.595000 0.030833 0.051667
3 0.809167 0.545000 0.009167 0.018333
3 0.521667 0.518333 0.009167 0.016667
3 0.289167 0.511667 0.011667 0.020000
3 0.160833 0.518333 0.010833 0.023333
3 0.148333 0.565000 0.008333 0.016667
3 0.757500 0.546667 0.007500 0.018333
3 0.318333 0.585000 0.011667 0.020000
3 0.143333 0.505000 0.010000 0.016667
3 0.300833 0.523333 0.013333 0.015000
3 0.492500 0.441667 0.010833 0.023333
3 0.446667 0.570000 0.013333 0.015000
3 0.672500 0.470000 0.008333 0.016667
3 0.478333 0.456667 0.009167 0.015000
3 0.686667 0.536667 0.007500 0.018333
3 0.810833 0.598333 0.008333 0.016667
2 0.140833 0.575000 0.014167 0.015000
3 0.720833 0.576667 0.014167 0.025000
2 0.209167 0.430000 0.035000 0.105000
2 0.550000 0.583333 0.048333 0.043333
2 0.590000 0.508333 0.020833 0.080000
3 0.216667 0.596667 0.008333 0.021667
2 0.301667 0.635000 0.010833 0.091667
3 0.153333 0.555000 0.013333 0.015000
2 0.811667 0.643333 0.026667 0.035000
2 0.287500 0.480000 0.030833 0.051667
2 0.283333 0.440000 0.027500 0.016667
2 0.576667 0.671667 0.021667 0.090000
3 0.688333 0.385000 0.013333 0.015000
3 0.283333 0.270000 0.015833 0.051667
2 0.706667 0.363333 0.058333 0.076667
3 0.676667 0.435000 0.013333 0.031667
2 0.616667 0.626667 0.011667 0.066667
2 0.735833 0.686667 0.020000 0.021667
2 0.255833 0.363333 0.097500 0.053333
3 0.714167 0.660000 0.017500 0.031667
3 0.776667 0.415000 0.007500 0.018333
3 0.713333 0.676667 0.008333 0.016667
3 0.270833 0.380000 0.009167 0.018333
2 0.279167 0.330000 0.026667 0.035000
2 0.490833 0.305000 0.010000 0.031667
2 0.521667 0.261667 0.020000 0.021667
3 0.306667 0.811667 0.008333 0.016667
2 0.623333 0.310000 0.015833 0.068333
2 0.670000 0.660000 0.009167 0.031667
3 0.262500 0.798333 0.008333 0.016667
3 0.698333 0.308333 0.009167 0.018333
2 0.660833 0.398333 0.029167 0.038333
2 0.723333 0.606667 0.011667 0.066667
2 0.225000 0.316667 0.011667 0.066667
2 0.567500 0.655000 0.020833 0.028333
2 0.533333 0.731667 0.023333 0.106667
2 0.776667 0.321667 0.014167 0.015000
2 0.755833 0.656667 0.013333 0.070000
3 0.695000 0.656667 0.011667 0.020000
2 0.565000 0.783333 0.010833 0.091667
2 0.551667 0.145000 0.045833 0.021667
3 0.638333 0.423333 0.008333 0.021667
2 0.654167 0.705000 0.013333 0.070000
2 0.627500 0.393333 0.011667 0.066667
3 0.644167 0.713333 0.008333 0.016667
3 0.290833 0.236667 0.009167 0.023333
3 0.336667 0.380000 0.007500 0.015000
3 0.768333 0.678333 0.008333 0.016667
2 0.527500 0.656667 0.048333 0.025000
3 0.499167 0.775000 0.009167 0.016667
2 0.732500 0.666667 0.009167 0.031667
2 0.784167 0.385000 0.020833 0.028333
3 0.240833 0.385000 0.010833 0.013333
3 0.731667 0.385000 0.008333 0.016667
2 0.535000 0.730000 0.017500 0.116667
3 0.583333 0.751667 0.008333 0.016667
3 0.290833 0.281667 0.010000 0.020000
3 0.500833 0.393333 0.009167 0.015000
3 0.553333 0.341667 0.011667 0.020000
2 0.763333 0.348333 0.034167 0.100000
2 0.406667 0.715000 0.009167 0.031667
2 0.772500 0.670000 0.020833 0.080000
3 0.800000 0.408333 0.008333 0.016667
2 0.720833 0.425000 0.020000 0.021667
2 0.676667 0.328333 0.034167 0.038333
3 0.390833 0.381667 0.009167 0.018333
3 0.359167 0.773333 0.007500 0.018333
2 0.730833 0.300000 0.021667 0.090000
2 0.205833 0.630000 0.097500 0.053333
2 0.667500 0.718333 0.029167 0.038333
3 0.315000 0.395000 0.008333 0.016667
3 0.597500 0.715000 0.007500 0.015000
3 0.550833 0.708333 0.008333 0.016667
2 0.395833 0.356667 0.097500 0.053333
3 0.660833 0.390000 0.011667 0.020000
2 0.451667 0.146667 0.058333 0.076667
3 0.458333 0.713333 0.013333 0.015000
2 0.634167 0.361667 0.034167 0.100000
2 0.315833 0.308333 0.013333 0.070000
3 0.791667 0.721667 0.008333 0.016667
3 0.710000 0.703333 0.008333 0.016667
2 0.663333 0.250000 0.058333 0.076667
2 0.190833 0.680000 0.030833 0.051667
2 0.389167 0.681667 0.030833 0.051667
2 0.357500 0.393333 0.017500 0.116667
2 0.676667 0.336667 0.045833 0.021667
3 0.690833 0.378333 0.009167 0.016667
2 0.715833 0.633333 0.017500 0.116667
2 0.438333 0.371667 0.030833 0.051667
2 0.605000 0.418333 0.010833 0.091667
2 0.390000 0.365000 0.019167 0.046667
2 0.486667 0.670000 0.045833 0.021667
3 0.743333 0.283333 0.007500 0.018333
2 0.449167 0.878333 0.027500 0.016667
2 0.608333 0.798333 0.021667 0.090000
2 0.825833 0.421667 0.014167 0.015000
3 0.461667 0.706667 0.007500 0.016667
3 0.774167 0.596667 0.014167 0.025000
2 0.785833 0.386667 0.015833 0.068333
3 0.757500 0.616667 0.011667 0.030000
2 0.301667 0.448333 0.034167 0.038333
2 0.325833 0.350000 0.011667 0.025000
3 0.386667 0.361667 0.010833 0.013333
2 0.304167 0.673333 0.035000 0.105000
2 0.620833 0.631667 0.011667 0.025000
2 0.696667 0.350000 0.011667 0.025000
2 0.290833 0.755000 0.013333 0.070000
2 0.734167 0.380000 0.009167 0.040000
2 0.488333 0.816667 0.048333 0.043333
2 0.185000 0.650000 0.010000 0.031667
3 0.691667 0.678333 0.008333 0.016667
3 0.312500 0.455000 0.013333 0.015000
3 0.322500 0.650000 0.006667 0.018333
3 0.689167 0.610000 0.008333 0.021667
2 0.660000 0.401667 0.019167 0.046667
3 0.810000 0.613333 0.009167 0.018333
3 0.679167 0.646667 0.009167 0.015000
3 0.184167 0.653333 0.011667 0.020000
3 0.175833 0.403333 0.007500 0.016667
2 0.306667 0.375000 0.013333 0.070000
3 0.444167 0.160000 0.007500 0.015000
2 0.778333 0.398333 0.048333 0.025000
2 0.340000 0.288333 0.013333 0.070000
3 0.687500 0.355000 0.013333 0.031667
2 0.787500 0.435000 0.048333 0.025000
3 0.760000 0.610000 0.009167 0.016667
2 0.665833 0.628333 0.035000 0.105000
2 0.345833 0.393333 0.022500 0.023333
3 0.574167 0.400000 0.010000 0.016667
2 0.711667 0.413333 0.020000 0.021667
3 0.645833 0.391667 0.010000 0.016667
2 0.248333 0.696667 0.020833 0.028333
3 0.356667 0.741667 0.009167 0.016667
3 0.718333 0.641667 0.009167 0.016667
2 0.773333 0.573333 0.020833 0.080000
3 0.574167 0.665000 0.007500 0.018333
3 0.686667 0.325000 0.010833 0.013333
3 0.441667 0.653333 0.008333 0.016667
3 0.737500 0.695000 0.007500 0.016667
2 0.331667 0.396667 0.034167 0.100000
2 0.630000 0.635000 0.022500 0.023333
3 0.660000 0.405000 0.007500 0.018333
2 0.766667 0.681667 0.048333 0.043333
3 0.704167 0.636667 0.008333 0.021667
3 0.285000 0.781667 0.009167 0.016667
2 0.287500 0.335000 0.048333 0.043333
2 0.220000 0.791667 0.034167 0.038333
3 0.441667 0.711667 0.008333 0.016667
2 0.760000 0.335000 0.014167 0.015000
2 0.469167 0.311667 0.023333 0.041667
2 0.700833 0.408333 0.034167 0.038333
2 0.702500 0.343333 0.020833 0.080000
3 0.397500 0.348333 0.007500 0.018333
2 0.629167 0.405000 0.017500 0.116667
3 0.812500 0.386667 0.006667 0.018333
3 0.334167 0.380000 0.013333 0.015000
2 0.212500 0.325000 0.030833 0.051667
2 0.508333 0.410000 0.048333 0.043333
2 0.229167 0.390000 0.030833 0.051667
2 0.691667 0.656667 0.010000 0.031667
2 0.765000 0.381667 0.014167 0.015000
3 0.241667 0.388333 0.009167 0.016667
3 0.475000 0.816667 0.011667 0.020000
2 0.790833 0.403333 0.026667 0.035000
3 0.549167 0.656667 0.009167 0.016667
3 0.408333 0.683333 0.007500 0.016667
2 0.752500 0.361667 0.048333 0.025000
2 0.245833 0.843333 0.058333 0.076667
3 0.763333 0.690000 0.007500 0.018333
2 0.305000 0.696667 0.015833 0.068333
2 0.765000 0.360000 0.020000 0.021667
2 0.779167 0.373333 0.020833 0.028333
2 0.534167 0.260000 0.023333 0.106667
3 0.695000 0.608333 0.009167 0.016667
2 0.636667 0.406667 0.048333 0.025000
3 0.627500 0.648333 0.007500 0.015000
3 0.811667 0.416667 0.010833 0.013333
2 0.489167 0.335000 0.023333 0.106667
2 0.307500 0.728333 0.020833 0.080000
3 0.534167 0.283333 0.008333 0.016667
3 0.309167 0.706667 0.009167 0.023333
2 0.383333 0.660000 0.034167 0.038333
3 0.431667 0.781667 0.010833 0.023333
2 0.167500 0.620000 0.019167 0.046667
3 0.583333 0.435000 0.008333 0.016667
3 0.337500 0.266667 0.017500 0.031667
2 0.415833 0.325000 0.048333 0.043333
2 0.283333 0.403333 0.048333 0.043333
2 0.318333 0.326667 0.015833 0.068333
2 0.752500 0.328333 0.029167 0.038333
3 0.676667 0.675000 0.014167 0.025000
3 0.453333 0.366667 0.007500 0.016667
2 0.727500 0.706667 0.015833 0.068333
3 0.541667 0.340000 0.010000 0.016667
2 0.847500 0.333333 0.009167 0.031667
2 0.741667 0.686667 0.034167 0.100000
3 0.691667 0.376667 0.008333 0.016667
3 0.293333 0.855000 0.014167 0.025000
2 0.779167 0.401667 0.020833 0.080000
2 0.825833 0.425000 0.009167 0.031667
2 0.779167 0.410000 0.034167 0.038333
3 0.223333 0.666667 0.017500 0.031667
2 0.519167 0.388333 0.026667 0.035000
2 0.460000 0.108333 0.020833 0.080000
3 0.504167 0.673333 0.010833 0.013333
2 0.730000 0.593333 0.014167 0.015000
3 0.447500 0.371667 0.007500 0.018333
3 0.474167 0.813333 0.013333 0.015000
3 0.774167 0.785000 0.010833 0.023333
