4 0.798333 0.401667 0.175000 0.231667
4 0.793333 0.468333 0.134167 0.160000
4 0.843333 0.471667 0.110833 0.043333
4 0.846667 0.458333 0.060000 0.065000
4 0.850833 0.398333 0.050000 0.065000
4 0.861667 0.561667 0.090000 0.078333
4 0.835000 0.506667 0.082500 0.045000
4 0.835833 0.621667 0.055000 0.045000
4 0.771667 0.626667 0.125833 0.120000
4 0.842500 0.566667 0.073333 0.055000
4 0.405000 0.480000 0.118333 0.156667
4 0.576667 0.446667 0.097500 0.145000
4 0.147500 0.580000 0.062500 0.098333
4 0.585833 0.596667 0.285833 0.215000
4 0.576667 0.523333 0.068333 0.028333
4 0.718333 0.575000 0.181667 0.110000
4 0.583333 0.575000 0.084167 0.066667
4 0.519167 0.518333 0.088333 0.048333
4 0.329167 0.485000 0.051667 0.076667
4 0.075833 0.476667 0.115833 0.145000
3 0.556667 0.470000 0.007500 0.016667
2 0.144167 0.493333 0.035000 0.105000
2 0.321667 0.466667 0.009167 0.040000
2 0.476667 0.425000 0.020000 0.021667
2 0.568333 0.578333 0.013333 0.070000
2 0.535833 0.475000 0.014167 0.015000
2 0.117500 0.520000 0.021667 0.090000
3 0.330833 0.483333 0.010833 0.013333
3 0.733333 0.491667 0.009167 0.016667
3 0.340000 0.500000 0.009167 0.016667
3 0.480833 0.590000 0.015833 0.051667
2 0.285833 0.588333 0.026667 0.035000
3 0.187500 0.545000 0.011667 0.020000
3 0.622500 0.550000 0.010833 0.013333
2 0.060000 0.501667 0.023333 0.106667
3 0.390833 0.471667 0.010833 0.023333
3 0.730000 0.566667 0.010833 0.023333
2 0.578333 0.441667 0.020833 0.080000
2 0.719167 0.533333 0.013333 0.070000
3 0.066667 0.560000 0.009167 0.016667
2 0.504167 0.478333 0.048333 0.043333
3 0.416667 0.555000 0.008333 0.021667
3 0.123333 0.525000 0.009167 0.016667
2 0.210833 0.511667 0.014167 0.015000
3 0.548333 0.498333 0.010000 0.020000
2 0.476667 0.516667 0.022500 0.023333
2 0.490000 0.593333 0.013333 0.070000
2 0.595833 0.470000 0.017500 0.116667
3 0.206667 0.436667 0.010833 0.023333
2 0.117500 0.525000 0.020000 0.021667
3 0.088333 0.506667 0.009167 0.016667
2 0.448333 0.490000 0.045833 0.021667
3 0.460000 0.533333 0.009167 0.016667
3 0.332500 0.505000 0.017500 0.031667
2 0.249167 0.576667 0.013333 0.070000
2 0.695000 0.583333 0.011667 0.025000
3 0.107500 0.533333 0.006667 0.018333
2 0.727500 0.473333 0.015833 0.068333
2 0.589167 0.495000 0.030833 0.051667
2 0.613333 0.516667 0.045833 0.021667
2 0.445833 0.605000 0.020000 0.021667
2 0.504167 0.491667 0.048333 0.043333
3 0.326667 0.586667 0.010833 0.013333
2 0.293333 0.566667 0.022500 0.023333
2 0.786667 0.461667 0.023333 0.041667
2 0.535000 0.468333 0.009167 0.040000
3 0.265000 0.560000 0.007500 0.015000
2 0.077500 0.561667 0.026667 0.035000
3 0.331667 0.620000 0.009167 0.016667
3 0.501667 0.461667 0.008333 0.016667
2 0.269167 0.583333 0.009167 0.031667
3 0.815000 0.516667 0.014167 0.025000
2 0.454167 0.415000 0.097500 0.053333
3 0.588333 0.491667 0.008333 0.016667
2 0.232500 0.503333 0.029167 0.038333
3 0.097500 0.470000 0.013333 0.031667
2 0.229167 0.456667 0.097500 0.053333
3 0.364167 0.473333 0.009167 0.016667
3 0.227500 0.526667 0.007500 0.015000
3 0.084167 0.558333 0.009167 0.015000
3 0.507500 0.543333 0.014167 0.025000
3 0.313333 0.593333 0.008333 0.016667
2 0.626667 0.475000 0.009167 0.040000
3 0.155833 0.530000 0.015833 0.051667
3 0.360833 0.508333 0.009167 0.016667
2 0.700000 0.541667 0.010000 0.031667
2 0.562500 0.605000 0.010833 0.091667
3 0.418333 0.480000 0.009167 0.023333
3 0.490000 0.420000 0.013333 0.015000
2 0.056667 0.563333 0.017500 0.116667
2 0.395000 0.510000 0.023333 0.106667
3 0.160000 0.440000 0.009167 0.018333
2 0.285833 0.546667 0.034167 0.100000
3 0.330000 0.626667 0.008333 0.016667
2 0.295833 0.506667 0.019167 0.046667
2 0.076667 0.500000 0.023333 0.041667
2 0.390000 0.493333 0.027500 0.016667
2 0.041667 0.490000 0.015833 0.068333
3 0.564167 0.573333 0.010833 0.013333
2 0.489167 0.520000 0.034167 0.038333
2 0.269167 0.513333 0.022500 0.023333
3 0.032500 0.508333 0.008333 0.016667
3 0.699167 0.588333 0.017500 0.031667
2 0.029167 0.446667 0.011667 0.066667
3 0.621667 0.465000 0.013333 0.015000
3 0.755833 0.530000 0.008333 0.016667
3 0.685833 0.531667 0.009167 0.016667
2 0.122500 0.555000 0.017500 0.116667
2 0.013333 0.520000 0.027500 0.038333
3 0.484167 0.425000 0.010000 0.020000
2 0.531667 0.556667 0.022500 0.023333
3 0.162500 0.556667 0.007500 0.018333
2 0.446667 0.601667 0.011667 0.025000
3 0.810000 0.530000 0.006667 0.018333
3 0.670000 0.553333 0.008333 0.016667
3 0.685833 0.573333 0.008333 0.016667
3 0.721667 0.575000 0.013333 0.031667
3 0.466667 0.593333 0.007500 0.015000
3 0.375833 0.588333 0.008333 0.021667
2 0.267500 0.523333 0.048333 0.043333
2 0.187500 0.501667 0.020833 0.028333
2 0.475833 0.445000 0.014167 0.015000
3 0.656667 0.405000 0.007500 0.018333
2 0.792500 0.641667 0.017500 0.116667
2 0.730000 0.625000 0.058333 0.076667
2 0.306667 0.655000 0.011667 0.025000
3 0.348333 0.670000 0.015833 0.051667
3 0.679167 0.433333 0.007500 0.015000
3 0.580833 0.423333 0.009167 0.018333
2 0.657500 0.431667 0.013333 0.070000
2 0.482500 0.753333 0.029167 0.038333
3 0.239167 0.761667 0.010000 0.016667
3 0.772500 0.406667 0.013333 0.031667
2 0.214167 0.793333 0.045833 0.021667
3 0.795000 0.396667 0.010833 0.013333
3 0.800000 0.406667 0.007500 0.015000
3 0.305000 0.146667 0.007500 0.015000
2 0.314167 0.656667 0.023333 0.041667
3 0.655000 0.416667 0.008333 0.016667
2 0.615000 0.428333 0.020833 0.080000
2 0.332500 0.665000 0.048333 0.025000
3 0.441667 0.658333 0.008333 0.021667
3 0.344167 0.381667 0.014167 0.025000
3 0.720833 0.648333 0.007500 0.015000
2 0.587500 0.350000 0.030833 0.051667
2 0.413333 0.830000 0.020833 0.028333
3 0.580000 0.428333 0.011667 0.030000
3 0.620833 0.676667 0.008333 0.016667
3 0.486667 0.751667 0.007500 0.016667
2 0.285000 0.310000 0.021667 0.090000
2 0.278333 0.361667 0.048333 0.043333
3 0.293333 0.285000 0.013333 0.031667
2 0.670000 0.621667 0.009167 0.040000
2 0.804167 0.403333 0.009167 0.040000
3 0.287500 0.410000 0.009167 0.018333
2 0.620000 0.405000 0.021667 0.090000
2 0.567500 0.295000 0.010000 0.031667
3 0.358333 0.251667 0.009167 0.018333
3 0.677500 0.723333 0.007500 0.015000
2 0.465000 0.370000 0.020000 0.021667
2 0.627500 0.410000 0.029167 0.038333
3 0.461667 0.660000 0.009167 0.018333
2 0.570833 0.711667 0.011667 0.025000
2 0.539167 0.651667 0.023333 0.106667
2 0.290000 0.230000 0.015833 0.068333
2 0.714167 0.581667 0.048333 0.043333
3 0.709167 0.681667 0.007500 0.015000
3 0.159167 0.411667 0.007500 0.018333
2 0.259167 0.650000 0.026667 0.035000
3 0.688333 0.336667 0.017500 0.031667
3 0.475000 0.330000 0.008333 0.021667
3 0.455000 0.348333 0.010833 0.013333
3 0.591667 0.625000 0.007500 0.015000
2 0.479167 0.310000 0.020000 0.021667
2 0.442500 0.646667 0.019167 0.046667
3 0.677500 0.723333 0.007500 0.016667
3 0.572500 0.633333 0.010000 0.016667
3 0.647500 0.345000 0.009167 0.015000
3 0.475833 0.306667 0.009167 0.023333
3 0.547500 0.655000 0.008333 0.016667
3 0.679167 0.376667 0.009167 0.016667
2 0.549167 0.675000 0.011667 0.025000
3 0.285833 0.258333 0.010833 0.013333
3 0.771667 0.593333 0.009167 0.015000
3 0.752500 0.398333 0.008333 0.016667
2 0.302500 0.675000 0.019167 0.046667
2 0.709167 0.430000 0.010000 0.031667
2 0.742500 0.708333 0.010833 0.091667
2 0.363333 0.396667 0.020833 0.028333
2 0.257500 0.648333 0.035000 0.105000
2 0.300000 0.618333 0.097500 0.053333
3 0.441667 0.711667 0.007500 0.015000
3 0.773333 0.380000 0.013333 0.031667
2 0.518333 0.825000 0.011667 0.066667
3 0.478333 0.743333 0.007500 0.018333
2 0.435000 0.368333 0.029167 0.038333
2 0.265833 0.703333 0.011667 0.066667
2 0.763333 0.348333 0.034167 0.100000
3 0.530833 0.293333 0.006667 0.018333
3 0.785833 0.370000 0.008333 0.016667
3 0.476667 0.381667 0.017500 0.031667
2 0.677500 0.648333 0.011667 0.066667
3 0.595000 0.750000 0.008333 0.016667
2 0.740833 0.416667 0.030833 0.051667
2 0.484167 0.283333 0.030833 0.051667
3 0.335833 0.235000 0.015833 0.051667
2 0.757500 0.710000 0.023333 0.041667
2 0.189167 0.396667 0.010000 0.031667
3 0.639167 0.355000 0.009167 0.016667
2 0.547500 0.320000 0.020833 0.028333
2 0.408333 0.706667 0.029167 0.038333
2 0.283333 0.821667 0.035000 0.105000
3 0.535000 0.736667 0.009167 0.016667
3 0.535833 0.418333 0.010833 0.013333
2 0.415833 0.355000 0.023333 0.041667
3 0.247500 0.698333 0.007500 0.018333
2 0.510000 0.308333 0.020000 0.021667
2 0.589167 0.325000 0.020833 0.028333
2 0.302500 0.428333 0.030833 0.051667
2 0.520000 0.383333 0.034167 0.100000
3 0.646667 0.651667 0.008333 0.016667
3 0.526667 0.618333 0.009167 0.023333
2 0.735833 0.378333 0.045833 0.021667
2 0.150833 0.405000 0.048333 0.025000
2 0.276667 0.790000 0.026667 0.035000
3 0.270000 0.296667 0.015833 0.051667
2 0.375000 0.700000 0.023333 0.106667
2 0.319167 0.293333 0.020833 0.028333
2 0.756667 0.368333 0.019167 0.046667
2 0.348333 0.651667 0.022500 0.023333
3 0.526667 0.683333 0.006667 0.018333
3 0.682500 0.426667 0.006667 0.018333
2 0.714167 0.440000 0.034167 0.038333
2 0.671667 0.721667 0.020000 0.021667
3 0.274167 0.398333 0.011667 0.030000
3 0.524167 0.350000 0.007500 0.015000
2 0.798333 0.640000 0.017500 0.116667
2 0.615833 0.418333 0.021667 0.090000
2 0.499167 0.256667 0.020000 0.021667
3 0.722500 0.350000 0.009167 0.016667
2 0.727500 0.293333 0.020833 0.080000
2 0.336667 0.651667 0.048333 0.043333
2 0.676667 0.721667 0.045833 0.021667
2 0.616667 0.371667 0.011667 0.025000
2 0.352500 0.803333 0.020833 0.080000
3 0.615000 0.398333 0.009167 0.016667
3 0.817500 0.621667 0.008333 0.016667
2 0.288333 0.273333 0.019167 0.046667
2 0.419167 0.336667 0.058333 0.076667
3 0.675833 0.706667 0.010833 0.013333
3 0.309167 0.706667 0.009167 0.023333
3 0.709167 0.620000 0.009167 0.016667
2 0.780000 0.386667 0.020833 0.080000
3 0.675000 0.348333 0.009167 0.023333
3 0.385833 0.375000 0.010000 0.016667
3 0.204167 0.731667 0.008333 0.021667
2 0.736667 0.606667 0.029167 0.038333
2 0.625833 0.426667 0.010833 0.091667
3 0.621667 0.653333 0.013333 0.015000
2 0.725000 0.620000 0.020833 0.080000
2 0.778333 0.358333 0.015833 0.068333
2 0.337500 0.728333 0.030833 0.051667
2 0.128333 0.616667 0.097500 0.053333
2 0.701667 0.331667 0.045833 0.021667
2 0.267500 0.738333 0.010833 0.091667
3 0.355833 0.645000 0.007500 0.018333
2 0.748333 0.351667 0.034167 0.100000
2 0.836667 0.343333 0.030833 0.051667
2 0.739167 0.386667 0.058333 0.076667
2 0.694167 0.811667 0.030833 0.051667
2 0.403333 0.688333 0.015833 0.068333
3 0.294167 0.713333 0.009167 0.016667
2 0.435833 0.373333 0.027500 0.016667
3 0.318333 0.411667 0.007500 0.016667
2 0.445000 0.816667 0.020833 0.080000
2 0.502500 0.740000 0.034167 0.038333
3 0.292500 0.286667 0.010833 0.013333
3 0.730833 0.593333 0.013333 0.015000
2 0.759167 0.393333 0.026667 0.035000
3 0.763333 0.336667 0.007500 0.018333
2 0.667500 0.638333 0.014167 0.015000
3 0.754167 0.660000 0.009167 0.018333
3 0.806667 0.725000 0.009167 0.015000
2 0.508333 0.296667 0.030833 0.051667
3 0.701667 0.713333 0.014167 0.025000
3 0.640000 0.353333 0.007500 0.015000
2 0.665000 0.698333 0.013333 0.070000
3 0.761667 0.338333 0.011667 0.020000
3 0.485833 0.375000 0.010000 0.016667
2 0.720833 0.331667 0.035000 0.105000
3 0.657500 0.338333 0.008333 0.016667
3 0.303333 0.293333 0.011667 0.020000
2 0.780833 0.441667 0.011667 0.025000
2 0.553333 0.225000 0.010000 0.031667
3 0.435833 0.378333 0.008333 0.016667
2 0.710833 0.416667 0.034167 0.100000
3 0.660000 0.386667 0.008333 0.021667
2 0.798333 0.428333 0.013333 0.070000
2 0.495000 0.340000 0.010000 0.031667
3 0.670833 0.650000 0.007500 0.016667
3 0.782500 0.371667 0.007500 0.018333
2 0.670833 0.390000 0.048333 0.025000
3 0.686667 0.330000 0.014167 0.025000
2 0.648333 0.403333 0.022500 0.023333
2 0.528333 0.326667 0.021667 0.090000
2 0.241667 0.426667 0.021667 0.090000
3 0.536667 0.731667 0.015833 0.051667
3 0.408333 0.753333 0.009167 0.018333
2 0.420000 0.635000 0.011667 0.066667
2 0.296667 0.440000 0.020833 0.080000
3 0.030000 0.601667 0.008333 0.016667
2 0.541667 0.621667 0.020833 0.028333
3 0.695833 0.350000 0.006667 0.018333
3 0.360000 0.715000 0.010833 0.013333
3 0.278333 0.773333 0.015833 0.051667
2 0.700000 0.310000 0.010833 0.091667
3 0.330000 0.311667 0.009167 0.015000
3 0.449167 0.715000 0.011667 0.020000
2 0.770000 0.693333 0.058333 0.076667
2 0.468333 0.296667 0.011667 0.066667
