4 0.763333 0.705000 0.145833 0.330000
4 0.874167 0.398333 0.081667 0.141667
4 0.797500 0.545000 0.095833 0.021667
4 0.844167 0.468333 0.065833 0.028333
4 0.875833 0.588333 0.091667 0.268333
4 0.848333 0.456667 0.137500 0.050000
4 0.836667 0.373333 0.041667 0.080000
4 0.868333 0.443333 0.095833 0.073333
4 0.819167 0.431667 0.080833 0.103333
4 0.819167 0.638333 0.043333 0.036667
4 0.773333 0.496667 0.087500 0.115000
4 0.427500 0.590000 0.060833 0.080000
4 0.071667 0.428333 0.139167 0.170000
4 0.650833 0.468333 0.066667 0.125000
4 0.351667 0.613333 0.070833 0.171667
4 0.452500 0.508333 0.100833 0.093333
4 0.202500 0.513333 0.067500 0.093333
4 0.275833 0.575000 0.031667 0.076667
4 0.605000 0.571667 0.077500 0.116667
4 0.707500 0.533333 0.035833 0.068333
3 0.755833 0.561667 0.010833 0.013333
2 0.192500 0.515000 0.030833 0.051667
2 0.623333 0.535000 0.034167 0.100000
2 0.446667 0.610000 0.011667 0.025000
2 0.197500 0.508333 0.010000 0.031667
3 0.253333 0.463333 0.013333 0.015000
3 0.730000 0.453333 0.010000 0.016667
3 0.451667 0.500000 0.008333 0.016667
2 0.034167 0.473333 0.009167 0.040000
3 0.780000 0.458333 0.010833 0.013333
2 0.606667 0.546667 0.030833 0.051667
2 0.212500 0.530000 0.009167 0.040000
3 0.336667 0.501667 0.010000 0.020000
3 0.435000 0.530000 0.009167 0.018333
2 0.655000 0.478333 0.011667 0.025000
3 0.573333 0.471667 0.007500 0.018333
3 0.647500 0.486667 0.009167 0.023333
3 0.340833 0.610000 0.009167 0.016667
3 0.133333 0.523333 0.017500 0.031667
3 0.028333 0.581667 0.011667 0.020000
3 0.733333 0.561667 0.010833 0.013333
3 0.647500 0.523333 0.011667 0.020000
2 0.080000 0.585000 0.023333 0.041667
2 0.447500 0.441667 0.014167 0.015000
2 0.323333 0.535000 0.010833 0.091667
2 0.253333 0.585000 0.011667 0.025000
2 0.324167 0.531667 0.034167 0.100000
3 0.774167 0.475000 0.010833 0.013333
3 0.323333 0.498333 0.010000 0.020000
3 0.460833 0.446667 0.011667 0.030000
3 0.064167 0.575000 0.010000 0.020000
3 0.469167 0.571667 0.008333 0.016667
3 0.690833 0.475000 0.009167 0.016667
2 0.600000 0.450000 0.097500 0.053333
2 0.710000 0.491667 0.048333 0.043333
2 0.809167 0.500000 0.027500 0.016667
3 0.552500 0.596667 0.008333 0.016667
2 0.375833 0.481667 0.058333 0.076667
3 0.497500 0.578333 0.013333 0.031667
2 0.734167 0.523333 0.030833 0.051667
2 0.359167 0.510000 0.023333 0.106667
2 0.265833 0.483333 0.097500 0.053333
3 0.401667 0.595000 0.008333 0.016667
2 0.102500 0.576667 0.048333 0.043333
2 0.430833 0.555000 0.097500 0.053333
2 0.040833 0.533333 0.020833 0.028333
2 0.039167 0.463333 0.009167 0.040000
3 0.280000 0.486667 0.009167 0.015000
2 0.443333 0.561667 0.048333 0.025000
2 0.821667 0.556667 0.020833 0.028333
2 0.200000 0.490000 0.058333 0.076667
2 0.708333 0.500000 0.048333 0.043333
2 0.392500 0.595000 0.022500 0.023333
3 0.548333 0.483333 0.007500 0.015000
3 0.093333 0.546667 0.007500 0.015000
2 0.800833 0.523333 0.009167 0.040000
3 0.479167 0.508333 0.010833 0.023333
2 0.174167 0.593333 0.048333 0.043333
2 0.210000 0.566667 0.009167 0.031667
2 0.102500 0.550000 0.048333 0.025000
3 0.368333 0.526667 0.007500 0.015000
3 0.393333 0.513333 0.007500 0.015000
3 0.412500 0.586667 0.010833 0.013333
2 0.466667 0.423333 0.019167 0.046667
3 0.053333 0.583333 0.006667 0.018333
3 0.242500 0.446667 0.009167 0.016667
3 0.502500 0.446667 0.008333 0.016667
3 0.078333 0.460000 0.007500 0.015000
2 0.099167 0.503333 0.011667 0.025000
2 0.824167 0.563333 0.011667 0.025000
2 0.634167 0.430000 0.011667 0.066667
2 0.358333 0.576667 0.015833 0.068333
2 0.326667 0.486667 0.020000 0.021667
2 0.194167 0.461667 0.048333 0.043333
3 0.725833 0.508333 0.009167 0.018333
2 0.265000 0.516667 0.010000 0.031667
3 0.624167 0.581667 0.008333 0.021667
3 0.141667 0.456667 0.007500 0.015000
2 0.479167 0.456667 0.011667 0.025000
3 0.590833 0.526667 0.007500 0.016667
2 0.613333 0.441667 0.020833 0.080000
3 0.811667 0.451667 0.009167 0.018333
2 0.602500 0.546667 0.035000 0.105000
3 0.445833 0.493333 0.008333 0.021667
2 0.214167 0.515000 0.020833 0.080000
2 0.520833 0.471667 0.048333 0.043333
2 0.063333 0.456667 0.045833 0.021667
3 0.636667 0.516667 0.011667 0.030000
2 0.520000 0.528333 0.014167 0.015000
3 0.236667 0.500000 0.015833 0.051667
2 0.190833 0.495000 0.048333 0.025000
2 0.423333 0.485000 0.010000 0.031667
2 0.029167 0.506667 0.029167 0.038333
2 0.470833 0.465000 0.048333 0.043333
3 0.215000 0.581667 0.009167 0.016667
3 0.820833 0.643333 0.006667 0.018333
3 0.705000 0.518333 0.006667 0.018333
3 0.145833 0.536667 0.010000 0.016667
3 0.440000 0.570000 0.008333 0.016667
3 0.244167 0.571667 0.009167 0.023333
2 0.519167 0.430000 0.035000 0.105000
3 0.135833 0.548333 0.013333 0.015000
3 0.732500 0.346667 0.007500 0.015000
3 0.435833 0.648333 0.008333 0.016667
3 0.292500 0.270000 0.008333 0.016667
2 0.285000 0.636667 0.045833 0.021667
3 0.780000 0.675000 0.009167 0.016667
2 0.658333 0.708333 0.009167 0.031667
2 0.311667 0.436667 0.010833 0.091667
3 0.514167 0.328333 0.013333 0.015000
3 0.455000 0.288333 0.009167 0.016667
2 0.740833 0.331667 0.010000 0.031667
3 0.652500 0.333333 0.007500 0.018333
3 0.796667 0.638333 0.007500 0.015000
2 0.765000 0.645000 0.014167 0.015000
2 0.567500 0.718333 0.035000 0.105000
2 0.560000 0.655000 0.048333 0.025000
3 0.491667 0.306667 0.008333 0.016667
3 0.692500 0.346667 0.013333 0.015000
3 0.794167 0.423333 0.008333 0.016667
3 0.494167 0.393333 0.008333 0.021667
3 0.640000 0.353333 0.008333 0.016667
3 0.322500 0.240000 0.007500 0.018333
3 0.275833 0.395000 0.007500 0.018333
3 0.515000 0.830000 0.008333 0.021667
2 0.680000 0.616667 0.011667 0.066667
2 0.342500 0.743333 0.097500 0.053333
3 0.709167 0.705000 0.009167 0.016667
3 0.256667 0.768333 0.009167 0.016667
3 0.633333 0.678333 0.015833 0.051667
2 0.461667 0.380000 0.048333 0.025000
3 0.719167 0.626667 0.009167 0.016667
2 0.557500 0.693333 0.020833 0.080000
2 0.588333 0.755000 0.014167 0.015000
2 0.426667 0.351667 0.011667 0.025000
3 0.239167 0.351667 0.009167 0.016667
3 0.692500 0.690000 0.009167 0.018333
2 0.688333 0.686667 0.017500 0.116667
3 0.343333 0.721667 0.013333 0.015000
3 0.752500 0.396667 0.007500 0.018333
3 0.191667 0.648333 0.007500 0.015000
2 0.510000 0.641667 0.022500 0.023333
2 0.703333 0.588333 0.020833 0.080000
2 0.777500 0.640000 0.035000 0.105000
2 0.769167 0.440000 0.010833 0.091667
3 0.396667 0.670000 0.007500 0.018333
3 0.344167 0.231667 0.007500 0.015000
3 0.804167 0.645000 0.011667 0.030000
2 0.298333 0.705000 0.029167 0.038333
2 0.729167 0.620000 0.009167 0.031667
3 0.530000 0.296667 0.008333 0.021667
2 0.681667 0.360000 0.015833 0.068333
3 0.768333 0.698333 0.009167 0.023333
2 0.619167 0.356667 0.020833 0.028333
2 0.740000 0.600000 0.029167 0.038333
2 0.225833 0.590000 0.020000 0.021667
2 0.528333 0.243333 0.034167 0.038333
2 0.241667 0.743333 0.035000 0.105000
2 0.249167 0.705000 0.048333 0.025000
2 0.426667 0.360000 0.011667 0.066667
2 0.474167 0.640000 0.035000 0.105000
3 0.510000 0.291667 0.009167 0.016667
2 0.218333 0.658333 0.027500 0.016667
3 0.699167 0.661667 0.011667 0.030000
2 0.726667 0.720000 0.010000 0.031667
2 0.662500 0.601667 0.027500 0.016667
2 0.530833 0.383333 0.011667 0.066667
2 0.568333 0.753333 0.017500 0.116667
3 0.415833 0.751667 0.008333 0.021667
3 0.769167 0.356667 0.008333 0.016667
2 0.506667 0.391667 0.020833 0.080000
2 0.222500 0.298333 0.011667 0.025000
3 0.646667 0.411667 0.008333 0.016667
3 0.506667 0.336667 0.014167 0.025000
3 0.442500 0.415000 0.008333 0.016667
2 0.506667 0.236667 0.035000 0.105000
3 0.299167 0.741667 0.008333 0.021667
2 0.204167 0.418333 0.045833 0.021667
3 0.412500 0.785000 0.011667 0.030000
3 0.833333 0.420000 0.009167 0.016667
3 0.785833 0.398333 0.009167 0.016667
2 0.265833 0.423333 0.026667 0.035000
3 0.477500 0.618333 0.008333 0.016667
2 0.742500 0.386667 0.009167 0.040000
3 0.675833 0.425000 0.008333 0.016667
3 0.236667 0.336667 0.010833 0.023333
2 0.623333 0.445000 0.026667 0.035000
3 0.273333 0.663333 0.007500 0.015000
2 0.450833 0.695000 0.097500 0.053333
3 0.285000 0.333333 0.007500 0.018333
3 0.491667 0.320000 0.011667 0.020000
3 0.826667 0.415000 0.007500 0.018333
3 0.504167 0.258333 0.010000 0.016667
3 0.292500 0.826667 0.007500 0.015000
2 0.619167 0.396667 0.017500 0.116667
2 0.699167 0.731667 0.022500 0.023333
2 0.291667 0.858333 0.017500 0.116667
3 0.738333 0.600000 0.007500 0.015000
3 0.490833 0.333333 0.010833 0.013333
2 0.217500 0.776667 0.023333 0.041667
2 0.273333 0.298333 0.010833 0.091667
3 0.311667 0.795000 0.008333 0.016667
3 0.407500 0.676667 0.010000 0.016667
2 0.445000 0.691667 0.048333 0.025000
2 0.653333 0.401667 0.014167 0.015000
2 0.698333 0.411667 0.029167 0.038333
2 0.501667 0.693333 0.034167 0.038333
2 0.692500 0.423333 0.010833 0.091667
3 0.343333 0.673333 0.011667 0.020000
2 0.533333 0.648333 0.020833 0.080000
2 0.157500 0.383333 0.045833 0.021667
2 0.700833 0.413333 0.015833 0.068333
3 0.377500 0.743333 0.009167 0.018333
2 0.422500 0.405000 0.034167 0.100000
3 0.317500 0.411667 0.009167 0.016667
2 0.710833 0.360000 0.035000 0.105000
3 0.380000 0.761667 0.009167 0.023333
2 0.535000 0.641667 0.048333 0.043333
2 0.351667 0.581667 0.020833 0.080000
2 0.703333 0.335000 0.017500 0.116667
3 0.765000 0.720000 0.010000 0.020000
2 0.380000 0.370000 0.020833 0.080000
3 0.434167 0.693333 0.013333 0.031667
3 0.697500 0.348333 0.010000 0.020000
2 0.719167 0.318333 0.011667 0.066667
3 0.541667 0.340000 0.009167 0.018333
3 0.306667 0.726667 0.009167 0.016667
2 0.755833 0.375000 0.026667 0.035000
2 0.522500 0.400000 0.027500 0.016667
3 0.736667 0.413333 0.013333 0.015000
2 0.708333 0.653333 0.026667 0.035000
3 0.485000 0.371667 0.010833 0.013333
3 0.587500 0.765000 0.015833 0.051667
3 0.729167 0.721667 0.013333 0.015000
2 0.275833 0.673333 0.048333 0.043333
2 0.559167 0.755000 0.022500 0.023333
3 0.358333 0.773333 0.009167 0.016667
2 0.301667 0.730000 0.022500 0.023333
3 0.312500 0.351667 0.007500 0.015000
3 0.555833 0.705000 0.007500 0.015000
3 0.720833 0.346667 0.013333 0.015000
2 0.774167 0.415000 0.010833 0.091667
2 0.436667 0.795000 0.048333 0.043333
3 0.595000 0.745000 0.017500 0.031667
3 0.667500 0.616667 0.007500 0.015000
2 0.537500 0.263333 0.015833 0.068333
3 0.666667 0.381667 0.007500 0.015000
2 0.465000 0.186667 0.030833 0.051667
3 0.781667 0.420000 0.009167 0.016667
3 0.706667 0.678333 0.008333 0.016667
3 0.422500 0.730000 0.015833 0.051667
2 0.683333 0.698333 0.030833 0.051667
2 0.293333 0.368333 0.021667 0.090000
3 0.339167 0.225000 0.008333 0.016667
2 0.297500 0.323333 0.058333 0.076667
3 0.314167 0.341667 0.007500 0.018333
2 0.629167 0.635000 0.011667 0.025000
3 0.678333 0.726667 0.008333 0.016667
2 0.770000 0.338333 0.029167 0.038333
2 0.618333 0.340000 0.020000 0.021667
2 0.751667 0.303333 0.023333 0.106667
3 0.558333 0.343333 0.010833 0.023333
3 0.638333 0.341667 0.014167 0.025000
3 0.292500 0.791667 0.009167 0.023333
3 0.404167 0.660000 0.007500 0.015000
2 0.479167 0.476667 0.020833 0.080000
3 0.644167 0.363333 0.010000 0.020000
2 0.714167 0.376667 0.030833 0.051667
3 0.728333 0.353333 0.007500 0.016667
3 0.655833 0.365000 0.007500 0.015000
2 0.549167 0.398333 0.034167 0.100000
2 0.305000 0.351667 0.026667 0.035000
3 0.217500 0.688333 0.010833 0.023333
3 0.542500 0.658333 0.017500 0.031667
3 0.310000 0.708333 0.008333 0.021667
3 0.544167 0.238333 0.009167 0.016667
2 0.435000 0.645000 0.010000 0.031667
3 0.705000 0.643333 0.011667 0.020000
2 0.320000 0.221667 0.048333 0.043333
2 0.438333 0.655000 0.010000 0.031667
2 0.356667 0.750000 0.009167 0.031667
2 0.778333 0.331667 0.010000 0.031667
2 0.494167 0.403333 0.022500 0.023333
3 0.797500 0.723333 0.008333 0.021667
2 0.519167 0.710000 0.021667 0.090000
2 0.298333 0.643333 0.048333 0.025000
3 0.465000 0.276667 0.007500 0.015000
2 0.478333 0.751667 0.017500 0.116667
3 0.410833 0.678333 0.008333 0.016667
2 0.757500 0.385000 0.048333 0.043333
2 0.244167 0.681667 0.020833 0.080000
3 0.730833 0.446667 0.009167 0.023333
2 0.529167 0.393333 0.023333 0.106667
2 0.660833 0.456667 0.009167 0.031667
2 0.377500 0.383333 0.013333 0.070000
2 0.522500 0.348333 0.029167 0.038333
3 0.320000 0.735000 0.015833 0.051667
2 0.711667 0.641667 0.020000 0.021667
3 0.474167 0.825000 0.010000 0.020000
2 0.695833 0.668333 0.029167 0.038333
