4 0.741667 0.596667 0.245833 0.056667
4 0.810833 0.486667 0.237500 0.140000
4 0.834167 0.625000 0.108333 0.121667
4 0.850000 0.610000 0.125000 0.245000
4 0.831667 0.511667 0.105833 0.103333
4 0.866667 0.656667 0.070833 0.041667
4 0.813333 0.480000 0.168333 0.145000
4 0.875833 0.425000 0.090833 0.170000
4 0.815833 0.395000 0.093333 0.156667
4 0.885833 0.576667 0.088333 0.130000
4 0.036667 0.575000 0.073333 0.093333
4 0.164167 0.490000 0.067500 0.025000
4 0.390833 0.506667 0.105833 0.053333
4 0.548333 0.570000 0.075833 0.100000
4 0.461667 0.393333 0.188333 0.333333
4 0.242500 0.538333 0.207500 0.118333
4 0.382500 0.406667 0.215833 0.311667
4 0.708333 0.565000 0.110833 0.055000
4 0.473333 0.660000 0.230000 0.223333
4 0.618333 0.540000 0.030833 0.080000
2 0.800000 0.591667 0.013333 0.070000
3 0.603333 0.520000 0.007500 0.015000
2 0.040833 0.531667 0.034167 0.100000
3 0.190000 0.538333 0.017500 0.031667
2 0.734167 0.456667 0.017500 0.116667
2 0.245000 0.548333 0.023333 0.106667
2 0.756667 0.561667 0.020000 0.021667
3 0.038333 0.563333 0.010833 0.023333
2 0.775000 0.466667 0.023333 0.106667
3 0.135833 0.566667 0.006667 0.018333
3 0.317500 0.486667 0.008333 0.016667
2 0.165833 0.603333 0.020000 0.021667
2 0.543333 0.565000 0.027500 0.016667
3 0.078333 0.498333 0.009167 0.016667
3 0.191667 0.581667 0.009167 0.016667
3 0.125000 0.601667 0.017500 0.031667
2 0.391667 0.478333 0.058333 0.076667
3 0.673333 0.576667 0.010833 0.023333
3 0.754167 0.470000 0.010000 0.020000
2 0.030000 0.463333 0.045833 0.021667
3 0.198333 0.595000 0.008333 0.021667
2 0.481667 0.510000 0.017500 0.116667
2 0.293333 0.461667 0.022500 0.023333
2 0.472500 0.448333 0.009167 0.031667
3 0.775833 0.481667 0.008333 0.016667
3 0.212500 0.583333 0.009167 0.023333
3 0.829167 0.676667 0.007500 0.015000
2 0.523333 0.575000 0.010833 0.091667
3 0.255833 0.460000 0.007500 0.015000
3 0.581667 0.585000 0.007500 0.016667
2 0.113333 0.500000 0.011667 0.066667
3 0.818333 0.525000 0.013333 0.031667
3 0.482500 0.491667 0.007500 0.018333
2 0.110000 0.530000 0.009167 0.031667
2 0.616667 0.646667 0.020833 0.080000
2 0.490000 0.446667 0.020833 0.080000
3 0.295833 0.608333 0.015833 0.051667
2 0.216667 0.543333 0.023333 0.041667
2 0.363333 0.515000 0.048333 0.025000
2 0.602500 0.576667 0.023333 0.041667
3 0.434167 0.513333 0.007500 0.015000
3 0.584167 0.581667 0.009167 0.018333
2 0.204167 0.575000 0.026667 0.035000
3 0.314167 0.538333 0.009167 0.016667
2 0.185833 0.551667 0.020000 0.021667
3 0.413333 0.505000 0.007500 0.015000
2 0.105833 0.523333 0.010833 0.091667
3 0.824167 0.608333 0.015833 0.051667
3 0.380000 0.581667 0.009167 0.015000
2 0.429167 0.530000 0.011667 0.066667
3 0.207500 0.463333 0.009167 0.018333
2 0.205833 0.491667 0.020833 0.028333
3 0.485833 0.603333 0.008333 0.016667
3 0.512500 0.568333 0.007500 0.016667
3 0.039167 0.508333 0.010000 0.020000
2 0.821667 0.568333 0.020833 0.080000
2 0.118333 0.491667 0.009167 0.040000
3 0.542500 0.490000 0.008333 0.021667
3 0.204167 0.516667 0.010833 0.023333
3 0.740833 0.520000 0.009167 0.016667
3 0.499167 0.545000 0.007500 0.015000
2 0.290833 0.593333 0.010000 0.031667
3 0.300000 0.523333 0.007500 0.018333
3 0.124167 0.551667 0.007500 0.018333
3 0.288333 0.540000 0.009167 0.018333
3 0.229167 0.533333 0.008333 0.016667
3 0.732500 0.490000 0.014167 0.025000
2 0.535000 0.558333 0.034167 0.100000
3 0.455833 0.565000 0.007500 0.018333
3 0.024167 0.523333 0.014167 0.025000
2 0.389167 0.576667 0.023333 0.106667
2 0.808333 0.515000 0.022500 0.023333
3 0.454167 0.526667 0.008333 0.016667
2 0.423333 0.580000 0.010000 0.031667
3 0.122500 0.500000 0.009167 0.016667
2 0.628333 0.518333 0.017500 0.116667
3 0.049167 0.590000 0.009167 0.023333
3 0.357500 0.458333 0.010833 0.013333
3 0.818333 0.671667 0.017500 0.031667
2 0.145833 0.473333 0.009167 0.040000
2 0.684167 0.443333 0.029167 0.038333
2 0.775833 0.466667 0.035000 0.105000
3 0.643333 0.590000 0.009167 0.018333
2 0.479167 0.471667 0.010833 0.091667
2 0.475833 0.595000 0.023333 0.041667
2 0.636667 0.475000 0.009167 0.040000
2 0.442500 0.496667 0.009167 0.031667
2 0.529167 0.530000 0.027500 0.016667
2 0.787500 0.546667 0.034167 0.100000
2 0.714167 0.595000 0.023333 0.041667
3 0.703333 0.475000 0.013333 0.031667
2 0.255833 0.598333 0.010833 0.091667
3 0.801667 0.523333 0.013333 0.015000
3 0.435000 0.580000 0.007500 0.015000
2 0.806667 0.461667 0.020833 0.080000
2 0.770833 0.508333 0.011667 0.025000
3 0.425000 0.561667 0.008333 0.016667
2 0.389167 0.563333 0.027500 0.016667
2 0.074167 0.548333 0.020833 0.028333
2 0.186667 0.631667 0.020833 0.080000
2 0.625000 0.571667 0.034167 0.100000
3 0.547500 0.566667 0.011667 0.020000
3 0.349167 0.350000 0.007500 0.015000
2 0.754167 0.671667 0.048333 0.043333
2 0.539167 0.386667 0.011667 0.066667
3 0.665000 0.410000 0.010833 0.023333
3 0.775000 0.378333 0.009167 0.018333
2 0.220000 0.390000 0.029167 0.038333
2 0.679167 0.385000 0.021667 0.090000
3 0.650000 0.680000 0.008333 0.016667
2 0.335833 0.856667 0.023333 0.041667
3 0.735000 0.813333 0.009167 0.016667
2 0.685000 0.690000 0.034167 0.100000
2 0.234167 0.756667 0.045833 0.021667
2 0.221667 0.333333 0.017500 0.116667
2 0.705000 0.615000 0.017500 0.116667
2 0.698333 0.380000 0.015833 0.068333
2 0.615000 0.251667 0.097500 0.053333
3 0.321667 0.271667 0.010833 0.023333
2 0.795833 0.363333 0.020833 0.028333
2 0.445833 0.806667 0.048333 0.043333
2 0.825000 0.408333 0.011667 0.025000
3 0.480833 0.651667 0.011667 0.030000
2 0.249167 0.781667 0.020000 0.021667
2 0.288333 0.296667 0.048333 0.025000
2 0.426667 0.656667 0.026667 0.035000
3 0.693333 0.690000 0.007500 0.015000
2 0.753333 0.361667 0.020000 0.021667
2 0.298333 0.700000 0.023333 0.106667
2 0.790000 0.376667 0.027500 0.016667
3 0.271667 0.715000 0.007500 0.015000
2 0.440833 0.665000 0.029167 0.038333
2 0.285000 0.286667 0.048333 0.043333
3 0.677500 0.721667 0.007500 0.015000
3 0.755000 0.318333 0.011667 0.030000
2 0.641667 0.601667 0.035000 0.105000
2 0.827500 0.403333 0.011667 0.066667
3 0.250833 0.393333 0.009167 0.016667
3 0.693333 0.276667 0.015833 0.051667
2 0.678333 0.396667 0.010000 0.031667
2 0.287500 0.803333 0.010833 0.091667
2 0.577500 0.678333 0.013333 0.070000
2 0.274167 0.865000 0.021667 0.090000
3 0.649167 0.623333 0.009167 0.018333
2 0.267500 0.320000 0.020000 0.021667
3 0.747500 0.603333 0.010000 0.020000
3 0.789167 0.723333 0.013333 0.031667
3 0.505833 0.678333 0.007500 0.018333
3 0.537500 0.423333 0.008333 0.016667
3 0.569167 0.783333 0.008333 0.021667
2 0.470833 0.158333 0.010833 0.091667
3 0.767500 0.396667 0.014167 0.025000
3 0.785833 0.598333 0.007500 0.018333
2 0.790833 0.381667 0.026667 0.035000
3 0.717500 0.643333 0.008333 0.016667
3 0.729167 0.378333 0.009167 0.018333
3 0.765000 0.398333 0.008333 0.021667
2 0.266667 0.680000 0.035000 0.105000
2 0.765000 0.361667 0.019167 0.046667
2 0.686667 0.616667 0.020833 0.080000
2 0.253333 0.375000 0.030833 0.051667
2 0.693333 0.666667 0.010833 0.091667
3 0.566667 0.381667 0.010000 0.020000
2 0.691667 0.615000 0.048333 0.025000
3 0.698333 0.350000 0.015833 0.051667
2 0.379167 0.730000 0.035000 0.105000
2 0.652500 0.390000 0.023333 0.041667
2 0.280833 0.813333 0.020833 0.028333
2 0.548333 0.388333 0.014167 0.015000
2 0.265000 0.736667 0.020000 0.021667
3 0.679167 0.348333 0.008333 0.016667
3 0.645000 0.646667 0.010833 0.013333
2 0.759167 0.398333 0.013333 0.070000
2 0.295833 0.693333 0.030833 0.051667
2 0.333333 0.196667 0.020833 0.080000
3 0.415833 0.360000 0.015833 0.051667
3 0.450833 0.648333 0.010000 0.016667
2 0.635000 0.645000 0.048333 0.025000
3 0.803333 0.638333 0.013333 0.015000
3 0.443333 0.318333 0.009167 0.015000
3 0.503333 0.793333 0.015833 0.051667
2 0.262500 0.198333 0.020000 0.021667
3 0.428333 0.648333 0.007500 0.015000
2 0.669167 0.420000 0.014167 0.015000
2 0.757500 0.363333 0.035000 0.105000
3 0.472500 0.735000 0.008333 0.021667
2 0.437500 0.273333 0.034167 0.038333
3 0.686667 0.405000 0.009167 0.023333
3 0.807500 0.728333 0.008333 0.016667
3 0.417500 0.353333 0.013333 0.031667
3 0.461667 0.666667 0.007500 0.018333
3 0.732500 0.618333 0.011667 0.030000
3 0.313333 0.208333 0.009167 0.016667
3 0.740833 0.331667 0.009167 0.015000
2 0.366667 0.758333 0.020000 0.021667
2 0.405833 0.771667 0.010833 0.091667
2 0.708333 0.361667 0.019167 0.046667
2 0.631667 0.648333 0.058333 0.076667
2 0.529167 0.435000 0.034167 0.038333
2 0.725000 0.355000 0.023333 0.106667
2 0.758333 0.623333 0.011667 0.066667
2 0.525000 0.628333 0.017500 0.116667
2 0.347500 0.638333 0.048333 0.043333
2 0.660000 0.700000 0.097500 0.053333
2 0.445000 0.368333 0.020000 0.021667
3 0.390000 0.648333 0.008333 0.016667
2 0.731667 0.625000 0.015833 0.068333
3 0.399167 0.665000 0.017500 0.031667
2 0.310833 0.290000 0.022500 0.023333
3 0.455000 0.348333 0.010833 0.013333
3 0.710833 0.611667 0.010000 0.020000
3 0.623333 0.343333 0.009167 0.016667
2 0.513333 0.616667 0.015833 0.068333
2 0.620833 0.290000 0.010000 0.031667
3 0.331667 0.416667 0.010000 0.020000
2 0.443333 0.358333 0.097500 0.053333
2 0.538333 0.690000 0.015833 0.068333
2 0.755000 0.606667 0.020000 0.021667
2 0.707500 0.600000 0.010000 0.031667
2 0.498333 0.353333 0.034167 0.038333
2 0.508333 0.353333 0.014167 0.015000
2 0.277500 0.256667 0.020833 0.028333
3 0.532500 0.375000 0.008333 0.016667
2 0.203333 0.725000 0.010000 0.031667
3 0.231667 0.591667 0.007500 0.016667
2 0.332500 0.853333 0.020833 0.028333
2 0.322500 0.833333 0.048333 0.043333
3 0.484167 0.313333 0.009167 0.016667
2 0.736667 0.685000 0.011667 0.025000
3 0.485833 0.255000 0.010833 0.013333
3 0.549167 0.231667 0.017500 0.031667
3 0.713333 0.685000 0.008333 0.016667
3 0.809167 0.628333 0.009167 0.015000
2 0.734167 0.293333 0.026667 0.035000
3 0.645000 0.401667 0.011667 0.020000
3 0.785000 0.393333 0.007500 0.018333
3 0.640000 0.660000 0.011667 0.020000
2 0.467500 0.261667 0.048333 0.025000
3 0.570000 0.151667 0.009167 0.018333
2 0.452500 0.873333 0.020833 0.028333
2 0.537500 0.721667 0.058333 0.076667
3 0.728333 0.411667 0.010000 0.016667
2 0.737500 0.640000 0.030833 0.051667
2 0.340000 0.691667 0.020000 0.021667
2 0.415000 0.741667 0.030833 0.051667
2 0.236667 0.751667 0.023333 0.106667
2 0.314167 0.335000 0.048333 0.025000
2 0.793333 0.706667 0.011667 0.025000
3 0.777500 0.608333 0.010000 0.020000
3 0.354167 0.756667 0.013333 0.031667
3 0.709167 0.703333 0.010000 0.020000
3 0.526667 0.411667 0.010833 0.013333
3 0.711667 0.686667 0.007500 0.015000
2 0.751667 0.316667 0.048333 0.043333
3 0.530000 0.631667 0.007500 0.015000
2 0.745833 0.373333 0.011667 0.066667
2 0.438333 0.393333 0.030833 0.051667
2 0.507500 0.833333 0.023333 0.041667
2 0.349167 0.715000 0.048333 0.043333
2 0.745000 0.715000 0.048333 0.025000
2 0.502500 0.801667 0.034167 0.038333
2 0.574167 0.350000 0.097500 0.053333
3 0.778333 0.655000 0.007500 0.016667
3 0.546667 0.655000 0.009167 0.016667
2 0.419167 0.651667 0.011667 0.066667
2 0.499167 0.758333 0.030833 0.051667
3 0.327500 0.383333 0.006667 0.018333
3 0.525833 0.681667 0.008333 0.016667
2 0.585833 0.736667 0.030833 0.051667
3 0.285000 0.813333 0.015833 0.051667
2 0.702500 0.448333 0.021667 0.090000
2 0.676667 0.365000 0.027500 0.016667
2 0.648333 0.436667 0.045833 0.021667
2 0.723333 0.400000 0.009167 0.031667
2 0.654167 0.630000 0.011667 0.025000
2 0.531667 0.400000 0.010833 0.091667
2 0.648333 0.401667 0.048333 0.025000
3 0.730833 0.620000 0.013333 0.031667
2 0.587500 0.758333 0.023333 0.041667
2 0.367500 0.750000 0.034167 0.038333
2 0.477500 0.746667 0.021667 0.090000
3 0.519167 0.280000 0.009167 0.023333
3 0.580833 0.758333 0.007500 0.016667
2 0.681667 0.610000 0.029167 0.038333
3 0.755833 0.601667 0.006667 0.018333
3 0.580833 0.738333 0.013333 0.031667
3 0.630833 0.640000 0.007500 0.015000
3 0.804167 0.350000 0.008333 0.021667
2 0.692500 0.395000 0.058333 0.076667
2 0.697500 0.440000 0.030833 0.051667
2 0.246667 0.755000 0.020833 0.028333
2 0.756667 0.591667 0.015833 0.068333
3 0.617500 0.375000 0.011667 0.030000
3 0.238333 0.336667 0.007500 0.018333
3 0.345000 0.691667 0.009167 0.015000
2 0.579167 0.650000 0.010000 0.031667
3 0.804167 0.335000 0.010000 0.016667
3 0.445000 0.830000 0.008333 0.016667
3 0.665000 0.656667 0.007500 0.015000
3 0.322500 0.343333 0.007500 0.015000
