4 0.799167 0.728333 0.219167 0.331667
4 0.825000 0.575000 0.091667 0.103333
4 0.835833 0.435000 0.054167 0.076667
4 0.885000 0.406667 0.080000 0.053333
4 0.846667 0.521667 0.059167 0.106667
4 0.807500 0.506667 0.079167 0.098333
4 0.847500 0.426667 0.074167 0.035000
4 0.887500 0.475000 0.052500 0.070000
4 0.830833 0.486667 0.085833 0.165000
4 0.770833 0.528333 0.254167 0.096667
4 0.187500 0.465000 0.073333 0.076667
4 0.600000 0.600000 0.060833 0.155000
4 0.775833 0.518333 0.073333 0.051667
4 0.103333 0.748333 0.207500 0.430000
4 0.629167 0.470000 0.047500 0.033333
4 0.488333 0.520000 0.046667 0.055000
4 0.519167 0.493333 0.239167 0.171667
4 0.089167 0.506667 0.090000 0.115000
4 0.106667 0.583333 0.053333 0.101667
4 0.329167 0.596667 0.095000 0.088333
3 0.220833 0.536667 0.008333 0.016667
2 0.703333 0.475000 0.034167 0.038333
2 0.794167 0.591667 0.045833 0.021667
2 0.104167 0.583333 0.027500 0.016667
2 0.575833 0.493333 0.020833 0.080000
2 0.238333 0.575000 0.010833 0.091667
3 0.070833 0.588333 0.007500 0.015000
2 0.605833 0.551667 0.009167 0.040000
2 0.487500 0.465000 0.048333 0.043333
2 0.106667 0.556667 0.021667 0.090000
2 0.625000 0.556667 0.015833 0.068333
3 0.643333 0.551667 0.013333 0.031667
3 0.318333 0.496667 0.006667 0.018333
2 0.113333 0.581667 0.021667 0.090000
2 0.013333 0.480000 0.020833 0.080000
2 0.566667 0.480000 0.035000 0.105000
3 0.632500 0.496667 0.009167 0.016667
3 0.288333 0.458333 0.010000 0.020000
3 0.425000 0.543333 0.010833 0.023333
2 0.135000 0.535000 0.010833 0.091667
2 0.105833 0.476667 0.023333 0.041667
2 0.221667 0.460000 0.029167 0.038333
3 0.632500 0.558333 0.007500 0.018333
3 0.655833 0.576667 0.009167 0.016667
2 0.798333 0.425000 0.015833 0.068333
2 0.568333 0.540000 0.010000 0.031667
2 0.759167 0.535000 0.026667 0.035000
2 0.640000 0.445000 0.011667 0.066667
3 0.612500 0.473333 0.007500 0.018333
2 0.644167 0.515000 0.035000 0.105000
2 0.608333 0.515000 0.014167 0.015000
2 0.557500 0.443333 0.035000 0.105000
3 0.186667 0.568333 0.007500 0.015000
2 0.480833 0.455000 0.017500 0.116667
3 0.206667 0.546667 0.015833 0.051667
3 0.612500 0.583333 0.007500 0.015000
3 0.811667 0.658333 0.007500 0.016667
3 0.127500 0.586667 0.009167 0.016667
3 0.512500 0.491667 0.008333 0.016667
3 0.151667 0.453333 0.015833 0.051667
2 0.376667 0.546667 0.029167 0.038333
2 0.356667 0.473333 0.009167 0.040000
2 0.240000 0.441667 0.020833 0.080000
2 0.719167 0.475000 0.009167 0.040000
2 0.785833 0.571667 0.020833 0.080000
3 0.194167 0.438333 0.013333 0.031667
3 0.728333 0.460000 0.013333 0.031667
2 0.180000 0.506667 0.013333 0.070000
3 0.251667 0.486667 0.007500 0.015000
2 0.433333 0.595000 0.034167 0.038333
3 0.353333 0.565000 0.007500 0.018333
2 0.575000 0.561667 0.023333 0.041667
3 0.783333 0.500000 0.007500 0.016667
2 0.674167 0.575000 0.026667 0.035000
2 0.015833 0.536667 0.029167 0.038333
2 0.189167 0.498333 0.097500 0.053333
2 0.490833 0.583333 0.027500 0.016667
2 0.728333 0.561667 0.030833 0.051667
3 0.194167 0.528333 0.011667 0.030000
3 0.486667 0.493333 0.017500 0.031667
2 0.381667 0.550000 0.029167 0.038333
3 0.222500 0.483333 0.013333 0.015000
2 0.792500 0.496667 0.013333 0.070000
3 0.695000 0.520000 0.013333 0.031667
3 0.795833 0.543333 0.007500 0.016667
3 0.803333 0.466667 0.010833 0.013333
2 0.320833 0.535000 0.010833 0.091667
3 0.483333 0.505000 0.014167 0.025000
3 0.185833 0.445000 0.007500 0.018333
3 0.225833 0.561667 0.007500 0.016667
3 0.785000 0.460000 0.014167 0.025000
3 0.270000 0.511667 0.007500 0.016667
2 0.724167 0.451667 0.011667 0.066667
2 0.202500 0.631667 0.021667 0.090000
3 0.446667 0.488333 0.011667 0.030000
2 0.274167 0.505000 0.014167 0.015000
2 0.686667 0.573333 0.011667 0.066667
3 0.351667 0.510000 0.010833 0.023333
3 0.245833 0.545000 0.010000 0.016667
2 0.750000 0.468333 0.011667 0.025000
2 0.241667 0.520000 0.058333 0.076667
2 0.657500 0.500000 0.048333 0.043333
2 0.549167 0.588333 0.034167 0.100000
3 0.060833 0.503333 0.008333 0.016667
2 0.354167 0.553333 0.048333 0.025000
2 0.274167 0.530000 0.035000 0.105000
2 0.627500 0.506667 0.030833 0.051667
3 0.532500 0.486667 0.009167 0.018333
3 0.175000 0.540000 0.008333 0.016667
2 0.272500 0.458333 0.011667 0.066667
2 0.610833 0.533333 0.011667 0.066667
2 0.439167 0.615000 0.009167 0.031667
3 0.606667 0.526667 0.009167 0.016667
2 0.445000 0.591667 0.013333 0.070000
2 0.460000 0.526667 0.023333 0.106667
2 0.025000 0.548333 0.014167 0.015000
2 0.441667 0.508333 0.017500 0.116667
3 0.106667 0.546667 0.007500 0.018333
2 0.826667 0.650000 0.013333 0.070000
2 0.610000 0.503333 0.048333 0.043333
2 0.710833 0.621667 0.010833 0.091667
2 0.783333 0.576667 0.013333 0.070000
2 0.561667 0.786667 0.022500 0.023333
2 0.266667 0.721667 0.015833 0.068333
3 0.775833 0.331667 0.015833 0.051667
3 0.686667 0.661667 0.007500 0.015000
3 0.408333 0.676667 0.007500 0.018333
2 0.753333 0.646667 0.010000 0.031667
3 0.436667 0.740000 0.007500 0.015000
2 0.348333 0.348333 0.010000 0.031667
3 0.536667 0.260000 0.014167 0.025000
2 0.546667 0.648333 0.023333 0.041667
3 0.530833 0.998333 0.009167 0.001667
3 0.778333 0.391667 0.006667 0.018333
2 0.640833 0.453333 0.026667 0.035000
2 0.578333 0.425000 0.023333 0.041667
2 0.653333 0.368333 0.023333 0.106667
3 0.581667 0.655000 0.009167 0.018333
2 0.640000 0.438333 0.014167 0.015000
2 0.454167 0.306667 0.009167 0.031667
2 0.720000 0.651667 0.045833 0.021667
2 0.694167 0.738333 0.013333 0.070000
3 0.621667 0.640000 0.009167 0.016667
2 0.370833 0.751667 0.022500 0.023333
2 0.693333 0.715000 0.010833 0.091667
3 0.803333 0.345000 0.009167 0.016667
3 0.573333 0.633333 0.008333 0.016667
3 0.465000 0.686667 0.007500 0.015000
2 0.355833 0.603333 0.020833 0.028333
3 0.379167 0.365000 0.009167 0.016667
2 0.594167 0.370000 0.010833 0.091667
2 0.311667 0.645000 0.027500 0.016667
3 0.702500 0.341667 0.007500 0.018333
2 0.390000 0.653333 0.011667 0.066667
2 0.213333 0.685000 0.020000 0.021667
2 0.461667 0.258333 0.020000 0.021667
3 0.534167 0.296667 0.009167 0.015000
2 0.685000 0.608333 0.019167 0.046667
3 0.267500 0.283333 0.008333 0.021667
3 0.226667 0.386667 0.007500 0.016667
3 0.695833 0.735000 0.009167 0.016667
2 0.722500 0.355000 0.014167 0.015000
3 0.625000 0.363333 0.009167 0.015000
3 0.440833 0.793333 0.009167 0.016667
2 0.277500 0.693333 0.019167 0.046667
3 0.833333 0.418333 0.010000 0.016667
2 0.658333 0.616667 0.097500 0.053333
3 0.481667 0.333333 0.009167 0.016667
3 0.337500 0.255000 0.007500 0.015000
3 0.670000 0.273333 0.008333 0.016667
2 0.724167 0.426667 0.058333 0.076667
3 0.365000 0.656667 0.010833 0.023333
3 0.622500 0.385000 0.009167 0.016667
3 0.324167 0.345000 0.017500 0.031667
3 0.324167 0.655000 0.010833 0.013333
2 0.323333 0.655000 0.015833 0.068333
2 0.497500 0.338333 0.058333 0.076667
2 0.670000 0.383333 0.013333 0.070000
2 0.291667 0.756667 0.011667 0.025000
3 0.704167 0.725000 0.013333 0.031667
2 0.760833 0.400000 0.027500 0.016667
3 0.307500 0.296667 0.009167 0.023333
2 0.484167 0.328333 0.026667 0.035000
3 0.560000 0.666667 0.007500 0.015000
3 0.713333 0.688333 0.008333 0.016667
2 0.773333 0.720000 0.019167 0.046667
3 0.445000 0.375000 0.009167 0.015000
2 0.720833 0.680000 0.022500 0.023333
3 0.594167 0.408333 0.007500 0.015000
2 0.365000 0.768333 0.023333 0.041667
2 0.535833 0.738333 0.097500 0.053333
2 0.704167 0.456667 0.023333 0.106667
2 0.488333 0.285000 0.010000 0.031667
2 0.674167 0.403333 0.029167 0.038333
2 0.130000 0.613333 0.035000 0.105000
2 0.584167 0.346667 0.023333 0.041667
3 0.338333 0.383333 0.010833 0.013333
2 0.540833 0.278333 0.015833 0.068333
2 0.612500 0.345000 0.009167 0.031667
2 0.623333 0.351667 0.009167 0.031667
2 0.425833 0.771667 0.021667 0.090000
2 0.774167 0.448333 0.013333 0.070000
3 0.295000 0.345000 0.017500 0.031667
3 0.790000 0.428333 0.011667 0.030000
2 0.731667 0.640000 0.013333 0.070000
2 0.350833 0.398333 0.045833 0.021667
2 0.656667 0.668333 0.009167 0.031667
2 0.638333 0.460000 0.013333 0.070000
2 0.591667 0.725000 0.009167 0.040000
2 0.660833 0.683333 0.020833 0.080000
3 0.310833 0.301667 0.009167 0.016667
2 0.690833 0.363333 0.011667 0.025000
2 0.401667 0.701667 0.058333 0.076667
3 0.419167 0.225000 0.015833 0.051667
2 0.684167 0.616667 0.020833 0.028333
3 0.790833 0.721667 0.010000 0.020000
3 0.768333 0.678333 0.008333 0.016667
2 0.703333 0.423333 0.023333 0.041667
2 0.355000 0.710000 0.020833 0.028333
3 0.524167 0.758333 0.009167 0.016667
2 0.725833 0.408333 0.009167 0.040000
2 0.477500 0.760000 0.015833 0.068333
3 0.438333 0.846667 0.007500 0.018333
2 0.710833 0.391667 0.034167 0.038333
3 0.559167 0.653333 0.009167 0.016667
2 0.656667 0.405000 0.015833 0.068333
2 0.670000 0.431667 0.026667 0.035000
2 0.821667 0.378333 0.009167 0.040000
3 0.761667 0.601667 0.008333 0.016667
2 0.702500 0.641667 0.023333 0.106667
3 0.665833 0.410000 0.009167 0.016667
2 0.702500 0.288333 0.097500 0.053333
2 0.307500 0.800000 0.026667 0.035000
3 0.190000 0.410000 0.015833 0.051667
2 0.349167 0.425000 0.045833 0.021667
2 0.285833 0.665000 0.035000 0.105000
2 0.556667 0.700000 0.010833 0.091667
2 0.275000 0.648333 0.023333 0.106667
3 0.695833 0.608333 0.007500 0.015000
3 0.800000 0.380000 0.008333 0.016667
3 0.749167 0.655000 0.009167 0.018333
3 0.622500 0.346667 0.011667 0.030000
3 0.249167 0.771667 0.015833 0.051667
3 0.728333 0.673333 0.008333 0.016667
2 0.400833 0.696667 0.020833 0.028333
3 0.376667 0.678333 0.006667 0.018333
3 0.305833 0.696667 0.010833 0.013333
2 0.755833 0.656667 0.013333 0.070000
2 0.212500 0.325000 0.030833 0.051667
3 0.685000 0.685000 0.008333 0.016667
3 0.267500 0.681667 0.014167 0.025000
2 0.140000 0.628333 0.045833 0.021667
2 0.656667 0.328333 0.019167 0.046667
2 0.457500 0.311667 0.058333 0.076667
2 0.221667 0.406667 0.014167 0.015000
2 0.691667 0.385000 0.023333 0.106667
2 0.230000 0.628333 0.010833 0.091667
2 0.508333 0.630000 0.035000 0.105000
2 0.380833 0.791667 0.021667 0.090000
3 0.676667 0.368333 0.010000 0.020000
2 0.306667 0.376667 0.048333 0.043333
2 0.778333 0.740000 0.048333 0.025000
2 0.645000 0.363333 0.011667 0.025000
2 0.508333 0.418333 0.048333 0.025000
3 0.496667 0.401667 0.009167 0.016667
3 0.790000 0.403333 0.008333 0.016667
3 0.380000 0.365000 0.008333 0.016667
2 0.391667 0.671667 0.097500 0.053333
2 0.312500 0.335000 0.011667 0.025000
3 0.676667 0.731667 0.011667 0.030000
2 0.770000 0.421667 0.026667 0.035000
3 0.483333 0.638333 0.013333 0.015000
2 0.540833 0.290000 0.009167 0.031667
3 0.688333 0.605000 0.010000 0.016667
3 0.190833 0.648333 0.010000 0.020000
2 0.641667 0.308333 0.015833 0.068333
3 0.464167 0.715000 0.007500 0.015000
3 0.711667 0.673333 0.006667 0.018333
2 0.599167 0.998333 0.020833 0.001667
2 0.733333 0.675000 0.009167 0.040000
3 0.665833 0.365000 0.008333 0.016667
3 0.707500 0.603333 0.009167 0.016667
2 0.537500 0.246667 0.023333 0.106667
2 0.515000 0.295000 0.058333 0.076667
3 0.679167 0.648333 0.010000 0.020000
2 0.749167 0.308333 0.020000 0.021667
3 0.445833 0.376667 0.008333 0.016667
3 0.799167 0.645000 0.009167 0.023333
2 0.423333 0.683333 0.026667 0.035000
3 0.802500 0.398333 0.008333 0.016667
2 0.559167 0.251667 0.022500 0.023333
2 0.686667 0.718333 0.021667 0.090000
3 0.465833 0.280000 0.006667 0.018333
2 0.625000 0.353333 0.020833 0.080000
3 0.237500 0.390000 0.007500 0.015000
2 0.720833 0.775000 0.014167 0.015000
3 0.428333 0.356667 0.007500 0.015000
2 0.675833 0.678333 0.020833 0.080000
3 0.829167 0.411667 0.011667 0.030000
2 0.417500 0.200000 0.019167 0.046667
3 0.675000 0.318333 0.007500 0.016667
3 0.658333 0.696667 0.009167 0.015000
2 0.395000 0.331667 0.058333 0.076667
2 0.657500 0.353333 0.097500 0.053333
3 0.668333 0.360000 0.013333 0.015000
3 0.515833 0.601667 0.009167 0.016667
3 0.709167 0.373333 0.007500 0.015000
2 0.330000 0.278333 0.019167 0.046667
2 0.425000 0.815000 0.022500 0.023333
3 0.222500 0.345000 0.015833 0.051667
3 0.785833 0.418333 0.009167 0.016667
3 0.676667 0.451667 0.009167 0.018333
3 0.509167 0.360000 0.013333 0.015000
2 0.516667 0.685000 0.045833 0.021667
3 0.265000 0.641667 0.014167 0.025000
3 0.317500 0.413333 0.009167 0.016667
2 0.280000 0.755000 0.034167 0.038333
2 0.408333 0.836667 0.020833 0.028333
2 0.342500 0.785000 0.010833 0.091667
2 0.610000 0.621667 0.097500 0.053333
