4 0.850000 0.413333 0.084167 0.098333
4 0.802500 0.573333 0.242500 0.110000
4 0.764167 0.433333 0.205000 0.058333
4 0.730000 0.368333 0.258333 0.400000
4 0.856667 0.526667 0.094167 0.026667
4 0.859167 0.620000 0.120833 0.033333
4 0.835833 0.558333 0.117500 0.045000
4 0.818333 0.635000 0.135000 0.266667
4 0.783333 0.518333 0.251667 0.206667
4 0.848333 0.596667 0.125000 0.055000
4 0.457500 0.455000 0.122500 0.198333
4 0.423333 0.435000 0.105000 0.205000
4 0.070000 0.655000 0.140833 0.185000
4 0.337500 0.500000 0.104167 0.075000
4 0.497500 0.586667 0.064167 0.186667
4 0.572500 0.515000 0.043333 0.031667
4 0.594167 0.430000 0.061667 0.126667
4 0.322500 0.553333 0.128333 0.030000
4 0.266667 0.620000 0.095833 0.133333
4 0.638333 0.491667 0.054167 0.065000
2 0.382500 0.505000 0.020000 0.021667
2 0.475833 0.590000 0.045833 0.021667
2 0.140833 0.516667 0.011667 0.025000
2 0.155000 0.613333 0.048333 0.025000
2 0.232500 0.530000 0.015833 0.068333
2 0.685000 0.463333 0.011667 0.025000
2 0.315833 0.580000 0.015833 0.068333
2 0.155000 0.436667 0.011667 0.066667
2 0.389167 0.470000 0.017500 0.116667
3 0.067500 0.591667 0.013333 0.031667
3 0.320833 0.568333 0.010833 0.013333
2 0.646667 0.558333 0.014167 0.015000
2 0.297500 0.500000 0.017500 0.116667
3 0.341667 0.506667 0.009167 0.016667
2 0.283333 0.490000 0.019167 0.046667
3 0.470833 0.451667 0.007500 0.015000
2 0.417500 0.570000 0.023333 0.106667
2 0.448333 0.566667 0.026667 0.035000
2 0.736667 0.533333 0.009167 0.040000
3 0.562500 0.476667 0.008333 0.016667
3 0.507500 0.511667 0.010833 0.023333
3 0.495833 0.591667 0.008333 0.016667
3 0.532500 0.523333 0.010833 0.023333
3 0.820833 0.493333 0.008333 0.016667
3 0.058333 0.483333 0.007500 0.018333
2 0.800000 0.600000 0.013333 0.070000
3 0.225000 0.485000 0.010000 0.020000
2 0.595833 0.496667 0.014167 0.015000
2 0.195833 0.541667 0.048333 0.043333
2 0.318333 0.566667 0.020833 0.028333
2 0.409167 0.511667 0.020833 0.080000
3 0.524167 0.490000 0.010000 0.016667
3 0.744167 0.540000 0.008333 0.016667
3 0.360833 0.590000 0.008333 0.016667
3 0.362500 0.493333 0.009167 0.015000
2 0.678333 0.481667 0.017500 0.116667
2 0.379167 0.485000 0.015833 0.068333
3 0.620833 0.440000 0.007500 0.018333
2 0.076667 0.480000 0.013333 0.070000
3 0.342500 0.625000 0.007500 0.016667
3 0.249167 0.498333 0.008333 0.016667
3 0.757500 0.456667 0.010000 0.020000
3 0.195833 0.535000 0.008333 0.016667
3 0.443333 0.568333 0.010000 0.020000
2 0.489167 0.568333 0.048333 0.043333
2 0.718333 0.590000 0.020000 0.021667
2 0.815000 0.678333 0.023333 0.041667
3 0.631667 0.496667 0.007500 0.015000
3 0.802500 0.538333 0.007500 0.018333
3 0.232500 0.508333 0.010000 0.020000
3 0.506667 0.505000 0.006667 0.018333
2 0.162500 0.513333 0.097500 0.053333
3 0.520833 0.505000 0.011667 0.020000
2 0.071667 0.541667 0.097500 0.053333
3 0.174167 0.601667 0.015833 0.051667
3 0.827500 0.533333 0.009167 0.016667
3 0.380833 0.570000 0.009167 0.015000
3 0.109167 0.513333 0.009167 0.016667
2 0.280000 0.531667 0.034167 0.100000
2 0.804167 0.480000 0.045833 0.021667
2 0.623333 0.426667 0.020833 0.080000
3 0.138333 0.441667 0.007500 0.015000
3 0.769167 0.503333 0.011667 0.020000
3 0.390833 0.461667 0.007500 0.016667
2 0.050833 0.543333 0.021667 0.090000
3 0.535000 0.480000 0.010000 0.016667
3 0.074167 0.570000 0.008333 0.016667
2 0.115000 0.503333 0.013333 0.070000
3 0.165000 0.443333 0.013333 0.031667
3 0.611667 0.615000 0.007500 0.018333
3 0.385833 0.508333 0.010833 0.023333
3 0.358333 0.448333 0.010833 0.013333
2 0.796667 0.510000 0.048333 0.025000
3 0.555833 0.548333 0.009167 0.018333
2 0.420833 0.573333 0.015833 0.068333
3 0.549167 0.563333 0.008333 0.016667
3 0.158333 0.510000 0.007500 0.018333
3 0.144167 0.448333 0.009167 0.016667
2 0.799167 0.468333 0.010000 0.031667
3 0.372500 0.580000 0.010000 0.016667
2 0.247500 0.541667 0.021667 0.090000
2 0.808333 0.583333 0.045833 0.021667
2 0.680833 0.475000 0.022500 0.023333
2 0.121667 0.530000 0.020000 0.021667
3 0.331667 0.551667 0.007500 0.015000
2 0.157500 0.515000 0.034167 0.100000
2 0.206667 0.536667 0.009167 0.031667
2 0.099167 0.551667 0.009167 0.031667
2 0.638333 0.520000 0.009167 0.031667
3 0.536667 0.556667 0.010833 0.023333
2 0.402500 0.556667 0.027500 0.016667
2 0.480833 0.520000 0.009167 0.040000
2 0.740833 0.503333 0.010833 0.091667
3 0.157500 0.463333 0.017500 0.031667
3 0.505000 0.493333 0.015833 0.051667
2 0.332500 0.460000 0.023333 0.106667
3 0.034167 0.510000 0.013333 0.015000
2 0.401667 0.521667 0.013333 0.070000
2 0.300000 0.556667 0.011667 0.066667
2 0.335833 0.563333 0.048333 0.025000
2 0.257500 0.565000 0.023333 0.041667
3 0.391667 0.575000 0.007500 0.018333
3 0.695000 0.661667 0.009167 0.016667
2 0.719167 0.606667 0.022500 0.023333
2 0.336667 0.711667 0.014167 0.015000
3 0.813333 0.718333 0.017500 0.031667
3 0.786667 0.408333 0.009167 0.016667
2 0.711667 0.663333 0.023333 0.041667
3 0.674167 0.436667 0.009167 0.016667
2 0.629167 0.370000 0.011667 0.025000
2 0.627500 0.698333 0.034167 0.100000
3 0.727500 0.450000 0.008333 0.016667
3 0.760000 0.610000 0.009167 0.016667
3 0.648333 0.346667 0.007500 0.015000
3 0.605000 0.998333 0.010000 0.001667
2 0.717500 0.655000 0.017500 0.116667
2 0.280000 0.156667 0.020833 0.080000
3 0.342500 0.261667 0.007500 0.018333
2 0.716667 0.370000 0.034167 0.038333
2 0.601667 0.313333 0.014167 0.015000
2 0.635000 0.373333 0.034167 0.100000
3 0.485000 0.310000 0.007500 0.015000
2 0.633333 0.578333 0.035000 0.105000
3 0.491667 0.328333 0.009167 0.015000
2 0.592500 0.743333 0.027500 0.016667
2 0.756667 0.425000 0.048333 0.025000
3 0.742500 0.406667 0.009167 0.016667
2 0.677500 0.301667 0.030833 0.051667
2 0.461667 0.336667 0.013333 0.070000
3 0.380833 0.701667 0.007500 0.015000
3 0.665833 0.636667 0.013333 0.031667
3 0.767500 0.595000 0.009167 0.016667
2 0.457500 0.690000 0.015833 0.068333
2 0.725833 0.345000 0.019167 0.046667
2 0.478333 0.630000 0.015833 0.068333
2 0.505833 0.821667 0.010833 0.091667
2 0.779167 0.410000 0.023333 0.106667
3 0.710000 0.628333 0.007500 0.015000
2 0.411667 0.660000 0.058333 0.076667
2 0.720000 0.670000 0.030833 0.051667
3 0.309167 0.693333 0.006667 0.018333
2 0.696667 0.643333 0.020000 0.021667
3 0.692500 0.371667 0.008333 0.016667
2 0.514167 0.828333 0.019167 0.046667
3 0.778333 0.406667 0.008333 0.016667
3 0.676667 0.711667 0.009167 0.016667
3 0.319167 0.341667 0.007500 0.015000
2 0.509167 0.308333 0.097500 0.053333
2 0.712500 0.400000 0.020833 0.080000
2 0.820000 0.381667 0.011667 0.025000
3 0.225000 0.691667 0.009167 0.015000
3 0.719167 0.371667 0.014167 0.025000
2 0.479167 0.296667 0.048333 0.043333
3 0.629167 0.415000 0.007500 0.018333
2 0.346667 0.398333 0.009167 0.031667
2 0.786667 0.335000 0.015833 0.068333
3 0.650000 0.681667 0.008333 0.016667
3 0.687500 0.375000 0.017500 0.031667
3 0.458333 0.345000 0.007500 0.015000
3 0.520833 0.225000 0.010000 0.016667
2 0.327500 0.740000 0.097500 0.053333
3 0.515833 0.718333 0.009167 0.018333
3 0.455833 0.661667 0.007500 0.015000
3 0.671667 0.443333 0.011667 0.020000
2 0.800833 0.670000 0.013333 0.070000
2 0.259167 0.353333 0.020000 0.021667
2 0.762500 0.640000 0.045833 0.021667
2 0.331667 0.378333 0.017500 0.116667
3 0.272500 0.285000 0.010833 0.013333
2 0.449167 0.750000 0.010833 0.091667
2 0.517500 0.376667 0.023333 0.041667
3 0.170833 0.638333 0.013333 0.031667
2 0.733333 0.381667 0.048333 0.043333
3 0.695833 0.616667 0.010833 0.013333
3 0.663333 0.666667 0.007500 0.018333
2 0.460000 0.243333 0.010000 0.031667
2 0.685000 0.261667 0.009167 0.040000
2 0.491667 0.361667 0.017500 0.116667
2 0.584167 0.396667 0.010833 0.091667
3 0.225833 0.735000 0.007500 0.015000
2 0.589167 0.405000 0.017500 0.116667
3 0.323333 0.726667 0.009167 0.018333
2 0.370000 0.651667 0.048333 0.025000
2 0.609167 0.425000 0.021667 0.090000
2 0.777500 0.366667 0.017500 0.116667
3 0.690833 0.376667 0.010000 0.016667
2 0.661667 0.660000 0.011667 0.025000
3 0.579167 0.760000 0.011667 0.020000
2 0.760000 0.636667 0.020833 0.080000
2 0.786667 0.376667 0.015833 0.068333
2 0.683333 0.678333 0.011667 0.025000
2 0.727500 0.376667 0.058333 0.076667
2 0.696667 0.335000 0.013333 0.070000
2 0.705833 0.686667 0.009167 0.031667
3 0.767500 0.691667 0.010833 0.013333
3 0.786667 0.323333 0.014167 0.025000
2 0.665833 0.358333 0.035000 0.105000
3 0.663333 0.398333 0.008333 0.016667
3 0.710000 0.433333 0.008333 0.016667
2 0.550833 0.676667 0.026667 0.035000
3 0.453333 0.230000 0.015833 0.051667
2 0.675833 0.628333 0.097500 0.053333
2 0.642500 0.723333 0.023333 0.041667
2 0.385000 0.733333 0.097500 0.053333
2 0.527500 0.318333 0.020833 0.080000
2 0.737500 0.611667 0.027500 0.016667
2 0.720833 0.713333 0.010833 0.091667
2 0.788333 0.421667 0.014167 0.015000
3 0.442500 0.321667 0.010833 0.023333
3 0.693333 0.663333 0.013333 0.031667
2 0.580000 0.401667 0.020833 0.080000
3 0.473333 0.288333 0.017500 0.031667
2 0.830833 0.446667 0.010833 0.091667
2 0.789167 0.400000 0.020833 0.080000
3 0.745833 0.713333 0.009167 0.023333
3 0.692500 0.753333 0.008333 0.016667
2 0.657500 0.445000 0.048333 0.025000
2 0.280000 0.730000 0.045833 0.021667
2 0.806667 0.638333 0.022500 0.023333
2 0.693333 0.665000 0.022500 0.023333
2 0.391667 0.663333 0.026667 0.035000
3 0.748333 0.643333 0.011667 0.020000
2 0.244167 0.795000 0.034167 0.100000
3 0.745833 0.708333 0.009167 0.015000
2 0.473333 0.361667 0.010833 0.091667
3 0.535000 0.410000 0.007500 0.015000
2 0.733333 0.838333 0.013333 0.070000
2 0.790000 0.690000 0.009167 0.031667
3 0.680000 0.356667 0.006667 0.018333
3 0.373333 0.346667 0.008333 0.016667
3 0.308333 0.295000 0.008333 0.016667
3 0.323333 0.241667 0.006667 0.018333
3 0.794167 0.398333 0.013333 0.015000
2 0.318333 0.710000 0.019167 0.046667
2 0.302500 0.226667 0.030833 0.051667
3 0.811667 0.403333 0.010833 0.023333
2 0.730833 0.686667 0.014167 0.015000
2 0.384167 0.426667 0.013333 0.070000
3 0.690000 0.645000 0.008333 0.021667
2 0.726667 0.668333 0.048333 0.025000
2 0.502500 0.351667 0.023333 0.106667
3 0.398333 0.700000 0.017500 0.031667
2 0.695000 0.665000 0.027500 0.016667
3 0.754167 0.420000 0.008333 0.016667
3 0.285000 0.820000 0.013333 0.015000
3 0.770000 0.328333 0.007500 0.018333
3 0.261667 0.696667 0.010000 0.016667
2 0.770833 0.425000 0.017500 0.116667
2 0.527500 0.366667 0.035000 0.105000
2 0.694167 0.648333 0.020833 0.028333
2 0.744167 0.625000 0.019167 0.046667
3 0.465000 0.690000 0.008333 0.016667
2 0.561667 0.353333 0.009167 0.040000
2 0.539167 0.265000 0.010000 0.031667
2 0.528333 0.633333 0.048333 0.025000
3 0.718333 0.660000 0.007500 0.018333
3 0.402500 0.710000 0.017500 0.031667
3 0.261667 0.398333 0.015833 0.051667
2 0.785000 0.400000 0.017500 0.116667
3 0.405833 0.713333 0.007500 0.015000
2 0.707500 0.326667 0.058333 0.076667
2 0.310833 0.776667 0.009167 0.040000
3 0.425833 0.371667 0.010833 0.013333
3 0.347500 0.346667 0.010833 0.013333
2 0.730000 0.403333 0.045833 0.021667
2 0.175833 0.400000 0.009167 0.031667
3 0.690000 0.640000 0.011667 0.020000
2 0.480000 0.776667 0.048333 0.025000
2 0.349167 0.653333 0.026667 0.035000
2 0.680000 0.350000 0.029167 0.038333
2 0.298333 0.730000 0.015833 0.068333
3 0.727500 0.600000 0.006667 0.018333
3 0.514167 0.788333 0.013333 0.015000
2 0.782500 0.380000 0.014167 0.015000
2 0.242500 0.705000 0.021667 0.090000
2 0.420000 0.653333 0.009167 0.040000
2 0.291667 0.813333 0.010833 0.091667
3 0.514167 0.658333 0.009167 0.018333
3 0.314167 0.381667 0.009167 0.015000
2 0.662500 0.676667 0.009167 0.031667
3 0.694167 0.665000 0.007500 0.018333
2 0.420833 0.710000 0.013333 0.070000
3 0.515833 0.328333 0.009167 0.015000
2 0.480833 0.843333 0.019167 0.046667
3 0.691667 0.618333 0.009167 0.018333
2 0.485000 0.788333 0.022500 0.023333
2 0.317500 0.745000 0.009167 0.040000
2 0.419167 0.700000 0.034167 0.100000
3 0.770000 0.696667 0.006667 0.018333
2 0.519167 0.713333 0.020833 0.080000
2 0.664167 0.683333 0.035000 0.105000
3 0.250000 0.393333 0.010833 0.023333
3 0.486667 0.318333 0.009167 0.015000
3 0.488333 0.776667 0.010000 0.016667
3 0.256667 0.391667 0.007500 0.015000
2 0.816667 0.693333 0.020833 0.028333
3 0.688333 0.330000 0.007500 0.018333
2 0.426667 0.765000 0.058333 0.076667
2 0.280000 0.265000 0.029167 0.038333
3 0.697500 0.620000 0.007500 0.015000
