4 0.880000 0.511667 0.076667 0.118333
4 0.841667 0.435000 0.085833 0.165000
4 0.885833 0.518333 0.090000 0.030000
4 0.869167 0.475000 0.060000 0.045000
4 0.815000 0.365000 0.088333 0.178333
4 0.842500 0.580000 0.101667 0.045000
4 0.889167 0.565000 0.064167 0.121667
4 0.862500 0.676667 0.104167 0.166667
4 0.815833 0.576667 0.050833 0.111667
4 0.790833 0.478333 0.256667 0.141667
4 0.744167 0.513333 0.068333 0.068333
4 0.718333 0.483333 0.068333 0.116667
4 0.021667 0.573333 0.043333 0.093333
4 0.237500 0.571667 0.149167 0.178333
4 0.573333 0.521667 0.050833 0.036667
4 0.251667 0.588333 0.044167 0.071667
4 0.641667 0.603333 0.073333 0.176667
4 0.108333 0.535000 0.193333 0.171667
4 0.339167 0.526667 0.128333 0.030000
4 0.097500 0.481667 0.154167 0.086667
3 0.304167 0.546667 0.010833 0.013333
2 0.412500 0.485000 0.011667 0.025000
3 0.391667 0.530000 0.011667 0.030000
3 0.329167 0.500000 0.008333 0.016667
3 0.607500 0.591667 0.013333 0.031667
2 0.038333 0.533333 0.026667 0.035000
2 0.646667 0.540000 0.011667 0.025000
3 0.185000 0.493333 0.011667 0.020000
2 0.710000 0.521667 0.013333 0.070000
2 0.377500 0.470000 0.011667 0.025000
2 0.647500 0.546667 0.009167 0.031667
3 0.743333 0.568333 0.009167 0.023333
2 0.104167 0.528333 0.029167 0.038333
3 0.451667 0.516667 0.009167 0.016667
2 0.370000 0.550000 0.058333 0.076667
3 0.102500 0.593333 0.007500 0.016667
2 0.493333 0.505000 0.034167 0.038333
3 0.100000 0.536667 0.009167 0.023333
3 0.645833 0.540000 0.010000 0.020000
3 0.592500 0.486667 0.010000 0.020000
2 0.701667 0.581667 0.020833 0.028333
2 0.484167 0.573333 0.019167 0.046667
3 0.716667 0.538333 0.010833 0.013333
2 0.157500 0.606667 0.010833 0.091667
2 0.251667 0.560000 0.048333 0.025000
3 0.582500 0.516667 0.017500 0.031667
2 0.522500 0.543333 0.035000 0.105000
2 0.194167 0.483333 0.027500 0.016667
3 0.093333 0.476667 0.011667 0.020000
3 0.176667 0.523333 0.008333 0.016667
2 0.236667 0.461667 0.020833 0.080000
2 0.360000 0.580000 0.027500 0.016667
3 0.314167 0.476667 0.008333 0.016667
2 0.630000 0.570000 0.026667 0.035000
2 0.721667 0.473333 0.015833 0.068333
3 0.474167 0.455000 0.010000 0.020000
3 0.039167 0.503333 0.006667 0.018333
2 0.593333 0.520000 0.020833 0.080000
3 0.323333 0.558333 0.011667 0.020000
2 0.591667 0.535000 0.048333 0.025000
2 0.085000 0.538333 0.027500 0.016667
3 0.560833 0.571667 0.008333 0.016667
3 0.405000 0.441667 0.009167 0.015000
3 0.020833 0.583333 0.015833 0.051667
3 0.135833 0.575000 0.007500 0.016667
3 0.245000 0.473333 0.008333 0.016667
2 0.623333 0.483333 0.026667 0.035000
3 0.679167 0.480000 0.007500 0.016667
3 0.251667 0.540000 0.008333 0.021667
2 0.502500 0.530000 0.010000 0.031667
2 0.560833 0.578333 0.020000 0.021667
3 0.237500 0.588333 0.010000 0.016667
2 0.064167 0.588333 0.020833 0.080000
2 0.200000 0.511667 0.011667 0.066667
3 0.163333 0.550000 0.015833 0.051667
2 0.125000 0.561667 0.029167 0.038333
2 0.158333 0.485000 0.009167 0.031667
3 0.245833 0.455000 0.007500 0.015000
2 0.373333 0.540000 0.029167 0.038333
3 0.814167 0.605000 0.006667 0.018333
2 0.730833 0.570000 0.020000 0.021667
2 0.545000 0.565000 0.019167 0.046667
2 0.172500 0.578333 0.015833 0.068333
3 0.320000 0.571667 0.007500 0.018333
2 0.485000 0.516667 0.034167 0.100000
3 0.553333 0.546667 0.008333 0.016667
3 0.303333 0.480000 0.010833 0.023333
3 0.118333 0.518333 0.017500 0.031667
3 0.797500 0.581667 0.009167 0.016667
3 0.349167 0.483333 0.007500 0.015000
3 0.155000 0.575000 0.008333 0.016667
3 0.638333 0.490000 0.008333 0.021667
3 0.360000 0.560000 0.010000 0.020000
3 0.774167 0.490000 0.008333 0.021667
2 0.193333 0.498333 0.035000 0.105000
2 0.803333 0.465000 0.011667 0.066667
2 0.456667 0.596667 0.048333 0.043333
2 0.695833 0.533333 0.020833 0.080000
3 0.342500 0.451667 0.008333 0.016667
3 0.235000 0.518333 0.008333 0.016667
3 0.445000 0.520000 0.010000 0.016667
3 0.107500 0.501667 0.009167 0.018333
2 0.104167 0.591667 0.021667 0.090000
2 0.440833 0.581667 0.015833 0.068333
2 0.230833 0.483333 0.011667 0.025000
2 0.445000 0.501667 0.014167 0.015000
2 0.601667 0.498333 0.048333 0.025000
3 0.638333 0.518333 0.014167 0.025000
3 0.605000 0.613333 0.017500 0.031667
3 0.683333 0.506667 0.007500 0.015000
2 0.702500 0.516667 0.027500 0.016667
3 0.530000 0.493333 0.011667 0.030000
3 0.609167 0.456667 0.013333 0.031667
2 0.178333 0.525000 0.027500 0.016667
3 0.460000 0.543333 0.010833 0.023333
2 0.257500 0.500000 0.035000 0.105000
2 0.451667 0.446667 0.017500 0.116667
2 0.461667 0.431667 0.017500 0.116667
2 0.479167 0.418333 0.013333 0.070000
3 0.085833 0.580000 0.010833 0.023333
3 0.533333 0.471667 0.011667 0.020000
2 0.523333 0.571667 0.021667 0.090000
3 0.295000 0.283333 0.009167 0.018333
3 0.469167 0.293333 0.009167 0.018333
3 0.560000 0.276667 0.011667 0.020000
2 0.570833 0.156667 0.015833 0.068333
3 0.552500 0.330000 0.010833 0.023333
3 0.525000 0.685000 0.009167 0.023333
3 0.682500 0.638333 0.006667 0.018333
3 0.568333 0.383333 0.006667 0.018333
3 0.779167 0.325000 0.009167 0.016667
3 0.771667 0.386667 0.015833 0.051667
2 0.755000 0.741667 0.013333 0.070000
3 0.500000 0.343333 0.009167 0.016667
2 0.162500 0.395000 0.034167 0.038333
3 0.714167 0.423333 0.014167 0.025000
2 0.588333 0.371667 0.097500 0.053333
2 0.415000 0.361667 0.020833 0.028333
3 0.685833 0.686667 0.006667 0.018333
2 0.763333 0.681667 0.011667 0.066667
3 0.718333 0.428333 0.011667 0.020000
3 0.738333 0.406667 0.014167 0.025000
2 0.781667 0.600000 0.017500 0.116667
2 0.450833 0.351667 0.048333 0.043333
2 0.275000 0.773333 0.023333 0.041667
3 0.697500 0.368333 0.007500 0.016667
3 0.240000 0.818333 0.008333 0.016667
2 0.302500 0.406667 0.010000 0.031667
3 0.220000 0.688333 0.006667 0.018333
3 0.448333 0.340000 0.007500 0.015000
2 0.775833 0.368333 0.019167 0.046667
2 0.443333 0.336667 0.017500 0.116667
3 0.820833 0.438333 0.011667 0.020000
2 0.480833 0.226667 0.010833 0.091667
2 0.527500 0.620000 0.020000 0.021667
3 0.726667 0.425000 0.007500 0.015000
2 0.742500 0.598333 0.014167 0.015000
3 0.661667 0.446667 0.008333 0.016667
3 0.524167 0.626667 0.017500 0.031667
3 0.665833 0.715000 0.010833 0.023333
2 0.455833 0.788333 0.045833 0.021667
3 0.751667 0.315000 0.008333 0.016667
2 0.525833 0.688333 0.027500 0.016667
2 0.727500 0.633333 0.015833 0.068333
2 0.659167 0.388333 0.020833 0.080000
2 0.750833 0.430000 0.021667 0.090000
3 0.350000 0.835000 0.007500 0.015000
2 0.292500 0.350000 0.019167 0.046667
2 0.182500 0.655000 0.048333 0.043333
2 0.267500 0.713333 0.048333 0.043333
3 0.781667 0.450000 0.009167 0.016667
2 0.718333 0.638333 0.010000 0.031667
3 0.700000 0.428333 0.017500 0.031667
3 0.422500 0.786667 0.008333 0.016667
3 0.275000 0.675000 0.017500 0.031667
3 0.689167 0.621667 0.014167 0.025000
2 0.766667 0.350000 0.026667 0.035000
2 0.667500 0.615000 0.034167 0.038333
2 0.338333 0.703333 0.011667 0.025000
2 0.529167 0.340000 0.015833 0.068333
3 0.730000 0.725000 0.010833 0.023333
2 0.698333 0.638333 0.030833 0.051667
2 0.775833 0.366667 0.027500 0.016667
3 0.367500 0.681667 0.009167 0.023333
3 0.521667 0.358333 0.009167 0.016667
3 0.424167 0.813333 0.007500 0.015000
2 0.575000 0.408333 0.029167 0.038333
2 0.620833 0.375000 0.029167 0.038333
2 0.685000 0.668333 0.020833 0.028333
3 0.609167 0.390000 0.009167 0.018333
3 0.725000 0.431667 0.010833 0.013333
3 0.445000 0.685000 0.015833 0.051667
3 0.247500 0.401667 0.009167 0.023333
2 0.778333 0.450000 0.034167 0.100000
2 0.766667 0.595000 0.034167 0.038333
3 0.808333 0.900000 0.008333 0.016667
2 0.287500 0.265000 0.015833 0.068333
3 0.645833 0.633333 0.009167 0.016667
3 0.635000 0.621667 0.010833 0.023333
2 0.257500 0.765000 0.048333 0.043333
3 0.648333 0.380000 0.007500 0.015000
3 0.605000 0.998333 0.009167 0.001667
3 0.785000 0.383333 0.009167 0.016667
2 0.562500 0.708333 0.010833 0.091667
3 0.714167 0.416667 0.007500 0.015000
3 0.812500 0.713333 0.009167 0.016667
3 0.572500 0.613333 0.010833 0.013333
3 0.638333 0.390000 0.008333 0.016667
2 0.341667 0.355000 0.097500 0.053333
2 0.775833 0.393333 0.029167 0.038333
3 0.566667 0.703333 0.015833 0.051667
2 0.635833 0.706667 0.010833 0.091667
3 0.505833 0.743333 0.017500 0.031667
3 0.655833 0.395000 0.007500 0.015000
3 0.780000 0.398333 0.017500 0.031667
3 0.519167 0.388333 0.015833 0.051667
3 0.669167 0.598333 0.014167 0.025000
2 0.629167 0.595000 0.035000 0.105000
2 0.699167 0.700000 0.023333 0.106667
3 0.380833 0.760000 0.007500 0.018333
2 0.510000 0.641667 0.023333 0.106667
2 0.468333 0.341667 0.030833 0.051667
3 0.738333 0.656667 0.008333 0.021667
3 0.773333 0.376667 0.013333 0.015000
2 0.425833 0.326667 0.027500 0.016667
3 0.309167 0.705000 0.009167 0.016667
2 0.151667 0.671667 0.010000 0.031667
3 0.596667 0.998333 0.017500 0.001667
3 0.487500 0.320000 0.007500 0.015000
2 0.453333 0.201667 0.014167 0.015000
2 0.498333 0.228333 0.020833 0.080000
3 0.404167 0.691667 0.015833 0.051667
2 0.414167 0.416667 0.023333 0.106667
3 0.668333 0.633333 0.010833 0.023333
2 0.200833 0.640000 0.011667 0.066667
3 0.556667 0.820000 0.007500 0.018333
2 0.543333 0.276667 0.058333 0.076667
2 0.774167 0.650000 0.014167 0.015000
2 0.802500 0.435000 0.023333 0.041667
3 0.693333 0.646667 0.008333 0.016667
3 0.533333 0.346667 0.009167 0.015000
3 0.534167 0.285000 0.008333 0.016667
2 0.760000 0.390000 0.017500 0.116667
2 0.310833 0.776667 0.009167 0.040000
3 0.393333 0.705000 0.007500 0.015000
3 0.499167 0.301667 0.007500 0.016667
2 0.375833 0.703333 0.027500 0.016667
2 0.300000 0.348333 0.058333 0.076667
2 0.748333 0.603333 0.029167 0.038333
3 0.252500 0.761667 0.009167 0.015000
3 0.706667 0.701667 0.009167 0.015000
2 0.495833 0.310000 0.034167 0.038333
2 0.267500 0.825000 0.048333 0.025000
3 0.495833 0.258333 0.013333 0.031667
2 0.514167 0.360000 0.029167 0.038333
3 0.774167 0.355000 0.009167 0.016667
3 0.708333 0.410000 0.008333 0.016667
3 0.343333 0.848333 0.007500 0.015000
2 0.490000 0.355000 0.021667 0.090000
2 0.505833 0.223333 0.035000 0.105000
2 0.627500 0.671667 0.034167 0.100000
3 0.705833 0.643333 0.014167 0.025000
3 0.737500 0.656667 0.006667 0.018333
2 0.455833 0.361667 0.009167 0.031667
3 0.474167 0.371667 0.011667 0.030000
2 0.625833 0.690000 0.030833 0.051667
2 0.731667 0.425000 0.030833 0.051667
3 0.643333 0.440000 0.008333 0.016667
2 0.352500 0.285000 0.020833 0.080000
2 0.478333 0.453333 0.023333 0.041667
3 0.796667 0.398333 0.007500 0.015000
3 0.308333 0.295000 0.008333 0.016667
3 0.517500 0.633333 0.008333 0.016667
3 0.595833 0.333333 0.007500 0.015000
2 0.438333 0.380000 0.010833 0.091667
3 0.768333 0.385000 0.008333 0.016667
2 0.554167 0.373333 0.034167 0.038333
3 0.422500 0.365000 0.009167 0.016667
3 0.725833 0.793333 0.008333 0.016667
2 0.520000 0.205000 0.011667 0.066667
2 0.307500 0.356667 0.019167 0.046667
2 0.748333 0.318333 0.015833 0.068333
2 0.704167 0.335000 0.009167 0.031667
3 0.415000 0.845000 0.008333 0.016667
2 0.470833 0.710000 0.034167 0.038333
3 0.333333 0.648333 0.017500 0.031667
2 0.390000 0.638333 0.020833 0.080000
2 0.738333 0.325000 0.045833 0.021667
3 0.340833 0.310000 0.013333 0.031667
2 0.563333 0.728333 0.026667 0.035000
2 0.292500 0.356667 0.048333 0.025000
2 0.637500 0.425000 0.020000 0.021667
3 0.340833 0.303333 0.008333 0.016667
3 0.490000 0.735000 0.013333 0.015000
3 0.592500 0.161667 0.011667 0.020000
2 0.758333 0.625000 0.013333 0.070000
3 0.467500 0.261667 0.008333 0.016667
3 0.790833 0.415000 0.010833 0.013333
2 0.226667 0.791667 0.020833 0.028333
3 0.259167 0.363333 0.008333 0.016667
2 0.216667 0.703333 0.026667 0.035000
2 0.410000 0.835000 0.027500 0.016667
2 0.610833 0.368333 0.034167 0.100000
3 0.791667 0.721667 0.007500 0.018333
2 0.507500 0.618333 0.048333 0.025000
2 0.660833 0.663333 0.020833 0.028333
3 0.592500 0.743333 0.008333 0.016667
3 0.795833 0.638333 0.009167 0.018333
3 0.656667 0.660000 0.009167 0.016667
3 0.770000 0.345000 0.009167 0.016667
2 0.720833 0.630000 0.009167 0.031667
2 0.670000 0.376667 0.023333 0.106667
2 0.738333 0.438333 0.029167 0.038333
3 0.549167 0.655000 0.010000 0.020000
2 0.620000 0.665000 0.013333 0.070000
2 0.703333 0.421667 0.048333 0.025000
3 0.328333 0.801667 0.009167 0.016667
2 0.713333 0.653333 0.020833 0.028333
3 0.388333 0.375000 0.014167 0.025000
2 0.708333 0.626667 0.011667 0.025000
