4 0.850000 0.528333 0.060000 0.020000
4 0.817500 0.558333 0.082500 0.041667
4 0.772500 0.793333 0.250000 0.413333
4 0.788333 0.558333 0.128333 0.140000
4 0.802500 0.546667 0.207500 0.178333
4 0.885000 0.673333 0.043333 0.028333
4 0.750000 0.595000 0.182500 0.095000
4 0.803333 0.338333 0.137500 0.135000
4 0.800833 0.418333 0.210833 0.153333
4 0.866667 0.445000 0.100000 0.056667
4 0.096667 0.501667 0.090000 0.138333
4 0.632500 0.640000 0.158333 0.200000
4 0.682500 0.545000 0.175000 0.083333
4 0.559167 0.520000 0.061667 0.070000
4 0.742500 0.630000 0.083333 0.225000
4 0.636667 0.538333 0.066667 0.040000
4 0.217500 0.528333 0.067500 0.048333
4 0.261667 0.553333 0.131667 0.075000
4 0.090833 0.615000 0.093333 0.220000
4 0.118333 0.515000 0.190833 0.073333
2 0.345833 0.493333 0.048333 0.043333
3 0.608333 0.581667 0.007500 0.018333
3 0.190000 0.461667 0.007500 0.016667
2 0.167500 0.610000 0.021667 0.090000
3 0.590833 0.521667 0.013333 0.031667
3 0.743333 0.485000 0.010833 0.013333
3 0.374167 0.561667 0.010000 0.020000
3 0.290000 0.473333 0.009167 0.016667
3 0.541667 0.456667 0.013333 0.031667
2 0.816667 0.641667 0.027500 0.016667
3 0.265833 0.556667 0.011667 0.030000
2 0.608333 0.601667 0.021667 0.090000
2 0.026667 0.553333 0.027500 0.016667
2 0.247500 0.561667 0.009167 0.031667
2 0.390000 0.575000 0.029167 0.038333
3 0.390000 0.525000 0.009167 0.018333
2 0.169167 0.498333 0.030833 0.051667
3 0.817500 0.478333 0.007500 0.015000
2 0.745000 0.508333 0.011667 0.066667
2 0.272500 0.488333 0.014167 0.015000
2 0.364167 0.553333 0.097500 0.053333
2 0.443333 0.555000 0.019167 0.046667
2 0.763333 0.490000 0.027500 0.016667
3 0.142500 0.450000 0.007500 0.016667
3 0.478333 0.505000 0.008333 0.021667
3 0.753333 0.518333 0.007500 0.018333
3 0.481667 0.536667 0.011667 0.030000
3 0.333333 0.608333 0.008333 0.021667
2 0.191667 0.580000 0.023333 0.106667
3 0.562500 0.513333 0.009167 0.018333
3 0.204167 0.535000 0.014167 0.025000
3 0.774167 0.488333 0.009167 0.015000
2 0.353333 0.543333 0.011667 0.025000
3 0.438333 0.583333 0.010000 0.016667
2 0.247500 0.498333 0.009167 0.040000
2 0.313333 0.513333 0.023333 0.041667
2 0.106667 0.546667 0.020833 0.028333
2 0.603333 0.538333 0.019167 0.046667
2 0.237500 0.546667 0.015833 0.068333
2 0.229167 0.460000 0.009167 0.031667
2 0.730000 0.556667 0.022500 0.023333
2 0.614167 0.541667 0.020833 0.028333
2 0.815000 0.613333 0.026667 0.035000
2 0.715000 0.475000 0.009167 0.040000
3 0.076667 0.460000 0.008333 0.016667
3 0.175000 0.448333 0.009167 0.016667
3 0.200000 0.476667 0.011667 0.030000
2 0.047500 0.551667 0.023333 0.106667
3 0.633333 0.550000 0.007500 0.015000
3 0.090000 0.555000 0.009167 0.023333
2 0.753333 0.481667 0.058333 0.076667
2 0.057500 0.600000 0.010833 0.091667
2 0.226667 0.475000 0.009167 0.040000
2 0.300833 0.555000 0.014167 0.015000
3 0.037500 0.496667 0.007500 0.015000
2 0.458333 0.585000 0.017500 0.116667
3 0.269167 0.455000 0.009167 0.015000
3 0.817500 0.505000 0.009167 0.016667
3 0.775000 0.565000 0.008333 0.016667
2 0.521667 0.495000 0.017500 0.116667
2 0.763333 0.475000 0.097500 0.053333
2 0.708333 0.543333 0.027500 0.016667
3 0.595833 0.453333 0.007500 0.018333
2 0.426667 0.636667 0.020833 0.080000
3 0.668333 0.526667 0.009167 0.018333
3 0.811667 0.456667 0.008333 0.016667
2 0.190833 0.570000 0.045833 0.021667
3 0.812500 0.471667 0.013333 0.015000
2 0.447500 0.458333 0.014167 0.015000
2 0.798333 0.553333 0.011667 0.066667
2 0.718333 0.586667 0.013333 0.070000
3 0.755833 0.476667 0.008333 0.016667
3 0.074167 0.460000 0.008333 0.016667
2 0.758333 0.536667 0.048333 0.025000
3 0.367500 0.553333 0.007500 0.015000
3 0.789167 0.528333 0.008333 0.016667
3 0.620000 0.448333 0.011667 0.020000
2 0.020833 0.488333 0.021667 0.090000
3 0.350833 0.556667 0.017500 0.031667
2 0.664167 0.551667 0.011667 0.025000
3 0.050000 0.510000 0.011667 0.030000
3 0.102500 0.531667 0.008333 0.016667
3 0.482500 0.561667 0.011667 0.020000
3 0.419167 0.466667 0.011667 0.020000
3 0.180833 0.541667 0.007500 0.015000
2 0.564167 0.481667 0.027500 0.016667
3 0.531667 0.561667 0.008333 0.016667
2 0.658333 0.548333 0.034167 0.038333
2 0.759167 0.525000 0.017500 0.116667
2 0.055833 0.578333 0.022500 0.023333
3 0.395833 0.583333 0.013333 0.015000
2 0.661667 0.493333 0.027500 0.016667
2 0.764167 0.523333 0.023333 0.106667
3 0.225000 0.533333 0.007500 0.016667
3 0.424167 0.565000 0.011667 0.020000
3 0.280000 0.518333 0.009167 0.018333
2 0.572500 0.478333 0.023333 0.041667
3 0.182500 0.580000 0.009167 0.016667
3 0.717500 0.510000 0.010000 0.020000
2 0.398333 0.451667 0.026667 0.035000
3 0.342500 0.516667 0.007500 0.018333
3 0.112500 0.591667 0.010000 0.020000
3 0.627500 0.390000 0.008333 0.016667
2 0.575833 0.740000 0.010000 0.031667
2 0.703333 0.423333 0.022500 0.023333
3 0.675000 0.351667 0.007500 0.015000
3 0.670833 0.650000 0.007500 0.016667
3 0.729167 0.718333 0.008333 0.016667
3 0.290000 0.710000 0.007500 0.015000
3 0.441667 0.158333 0.013333 0.015000
3 0.542500 0.240000 0.013333 0.031667
3 0.724167 0.346667 0.013333 0.031667
3 0.355833 0.613333 0.013333 0.031667
2 0.271667 0.401667 0.017500 0.116667
2 0.707500 0.645000 0.023333 0.041667
3 0.238333 0.396667 0.015833 0.051667
3 0.524167 0.391667 0.010833 0.013333
2 0.162500 0.628333 0.029167 0.038333
3 0.284167 0.265000 0.007500 0.015000
2 0.442500 0.360000 0.022500 0.023333
2 0.490833 0.386667 0.014167 0.015000
2 0.784167 0.335000 0.020833 0.028333
3 0.690000 0.353333 0.007500 0.016667
3 0.673333 0.393333 0.007500 0.015000
3 0.581667 0.425000 0.008333 0.016667
2 0.681667 0.670000 0.034167 0.038333
3 0.530833 0.690000 0.009167 0.016667
3 0.734167 0.398333 0.009167 0.018333
2 0.630000 0.446667 0.048333 0.025000
3 0.781667 0.371667 0.009167 0.016667
2 0.214167 0.646667 0.020833 0.028333
2 0.460000 0.290000 0.027500 0.016667
2 0.739167 0.591667 0.020833 0.028333
3 0.274167 0.406667 0.013333 0.031667
3 0.574167 0.401667 0.009167 0.016667
2 0.313333 0.708333 0.030833 0.051667
2 0.540833 0.410000 0.020833 0.028333
2 0.574167 0.611667 0.011667 0.025000
3 0.661667 0.383333 0.010000 0.020000
2 0.540833 0.631667 0.034167 0.038333
2 0.260000 0.826667 0.020833 0.080000
2 0.555000 0.750000 0.023333 0.041667
2 0.651667 0.706667 0.023333 0.106667
3 0.300000 0.675000 0.011667 0.020000
2 0.287500 0.271667 0.014167 0.015000
2 0.378333 0.785000 0.013333 0.070000
3 0.770000 0.330000 0.008333 0.016667
2 0.323333 0.266667 0.058333 0.076667
3 0.669167 0.271667 0.009167 0.018333
3 0.679167 0.353333 0.008333 0.021667
3 0.460833 0.716667 0.008333 0.016667
3 0.255000 0.230000 0.009167 0.016667
2 0.690833 0.591667 0.035000 0.105000
3 0.445000 0.826667 0.007500 0.015000
2 0.441667 0.408333 0.013333 0.070000
3 0.774167 0.395000 0.009167 0.018333
2 0.232500 0.770000 0.023333 0.106667
2 0.305833 0.396667 0.034167 0.100000
2 0.413333 0.736667 0.045833 0.021667
3 0.575000 0.173333 0.008333 0.016667
2 0.565000 0.616667 0.048333 0.025000
3 0.450000 0.373333 0.009167 0.023333
3 0.679167 0.340000 0.010000 0.016667
3 0.789167 0.403333 0.010000 0.020000
3 0.728333 0.671667 0.007500 0.018333
2 0.306667 0.338333 0.010000 0.031667
3 0.745833 0.666667 0.009167 0.016667
2 0.767500 0.628333 0.009167 0.031667
3 0.342500 0.261667 0.007500 0.015000
2 0.331667 0.830000 0.029167 0.038333
2 0.591667 0.418333 0.097500 0.053333
3 0.705000 0.330000 0.008333 0.021667
3 0.390833 0.366667 0.015833 0.051667
3 0.377500 0.320000 0.006667 0.018333
2 0.687500 0.365000 0.027500 0.016667
3 0.550833 0.725000 0.009167 0.015000
2 0.668333 0.425000 0.029167 0.038333
3 0.448333 0.340000 0.007500 0.018333
3 0.625833 0.378333 0.009167 0.016667
2 0.229167 0.378333 0.011667 0.066667
3 0.340000 0.650000 0.010000 0.020000
2 0.727500 0.351667 0.010000 0.031667
3 0.702500 0.411667 0.011667 0.030000
3 0.651667 0.635000 0.014167 0.025000
3 0.306667 0.611667 0.017500 0.031667
2 0.635000 0.400000 0.035000 0.105000
3 0.732500 0.445000 0.006667 0.018333
2 0.730000 0.311667 0.009167 0.031667
2 0.420833 0.388333 0.022500 0.023333
2 0.649167 0.616667 0.097500 0.053333
3 0.597500 0.580000 0.009167 0.023333
3 0.349167 0.351667 0.008333 0.016667
3 0.474167 0.313333 0.008333 0.016667
3 0.794167 0.713333 0.010000 0.020000
2 0.624167 0.335000 0.020000 0.021667
2 0.386667 0.643333 0.048333 0.043333
3 0.654167 0.626667 0.010833 0.023333
3 0.516667 0.265000 0.013333 0.031667
2 0.320833 0.740000 0.011667 0.066667
3 0.314167 0.408333 0.007500 0.015000
2 0.310000 0.380000 0.026667 0.035000
2 0.349167 0.400000 0.017500 0.116667
2 0.670833 0.350000 0.026667 0.035000
2 0.662500 0.371667 0.034167 0.100000
2 0.239167 0.345000 0.020833 0.080000
3 0.456667 0.678333 0.015833 0.051667
3 0.412500 0.683333 0.017500 0.031667
3 0.664167 0.420000 0.010833 0.023333
3 0.684167 0.411667 0.010000 0.020000
2 0.773333 0.686667 0.015833 0.068333
3 0.555000 0.356667 0.007500 0.015000
2 0.255000 0.226667 0.010000 0.031667
3 0.709167 0.373333 0.007500 0.015000
2 0.667500 0.403333 0.035000 0.105000
3 0.807500 0.620000 0.009167 0.016667
3 0.498333 0.303333 0.009167 0.016667
3 0.302500 0.751667 0.008333 0.021667
3 0.681667 0.388333 0.014167 0.025000
2 0.678333 0.288333 0.022500 0.023333
3 0.538333 0.683333 0.011667 0.030000
2 0.396667 0.696667 0.029167 0.038333
2 0.745000 0.698333 0.011667 0.025000
3 0.412500 0.690000 0.007500 0.018333
3 0.340000 0.671667 0.010000 0.020000
2 0.600000 0.348333 0.023333 0.106667
3 0.565833 0.771667 0.014167 0.025000
2 0.450833 0.280000 0.015833 0.068333
3 0.282500 0.640000 0.007500 0.015000
2 0.660833 0.406667 0.020000 0.021667
2 0.506667 0.453333 0.020833 0.080000
3 0.632500 0.410000 0.010833 0.023333
2 0.454167 0.325000 0.010833 0.091667
3 0.665000 0.660000 0.008333 0.016667
2 0.730833 0.360000 0.010000 0.031667
2 0.740833 0.611667 0.048333 0.025000
2 0.234167 0.638333 0.048333 0.043333
2 0.694167 0.760000 0.013333 0.070000
3 0.755833 0.366667 0.010833 0.013333
3 0.623333 0.641667 0.010000 0.016667
2 0.688333 0.255000 0.019167 0.046667
2 0.510000 0.355000 0.011667 0.025000
2 0.746667 0.418333 0.020833 0.080000
2 0.717500 0.433333 0.020000 0.021667
2 0.788333 0.310000 0.011667 0.066667
2 0.672500 0.331667 0.020000 0.021667
2 0.567500 0.771667 0.011667 0.025000
3 0.246667 0.678333 0.013333 0.031667
3 0.505000 0.338333 0.008333 0.021667
3 0.657500 0.401667 0.009167 0.023333
2 0.793333 0.616667 0.048333 0.043333
2 0.530833 0.281667 0.015833 0.068333
3 0.513333 0.323333 0.014167 0.025000
3 0.240000 0.350000 0.008333 0.016667
2 0.596667 0.998333 0.026667 0.001667
2 0.274167 0.395000 0.009167 0.040000
3 0.627500 0.328333 0.008333 0.016667
3 0.743333 0.405000 0.007500 0.015000
2 0.360833 0.728333 0.009167 0.031667
2 0.775000 0.748333 0.010833 0.091667
3 0.695833 0.733333 0.009167 0.016667
2 0.436667 0.365000 0.023333 0.106667
3 0.550000 0.193333 0.008333 0.016667
2 0.280000 0.748333 0.035000 0.105000
3 0.294167 0.716667 0.007500 0.016667
2 0.665833 0.618333 0.020000 0.021667
3 0.660000 0.363333 0.009167 0.023333
3 0.695000 0.343333 0.010000 0.020000
3 0.662500 0.383333 0.008333 0.016667
3 0.698333 0.348333 0.008333 0.016667
2 0.298333 0.566667 0.035000 0.105000
3 0.315000 0.378333 0.015833 0.051667
2 0.670833 0.620000 0.048333 0.043333
2 0.691667 0.421667 0.009167 0.031667
2 0.180833 0.361667 0.035000 0.105000
3 0.540000 0.998333 0.009167 0.001667
2 0.700000 0.751667 0.021667 0.090000
3 0.648333 0.438333 0.007500 0.015000
3 0.781667 0.615000 0.011667 0.030000
2 0.730833 0.300000 0.021667 0.090000
2 0.310833 0.588333 0.009167 0.040000
2 0.412500 0.718333 0.010833 0.091667
3 0.738333 0.415000 0.009167 0.016667
3 0.688333 0.636667 0.015833 0.051667
2 0.558333 0.335000 0.011667 0.025000
2 0.407500 0.370000 0.048333 0.043333
2 0.766667 0.351667 0.048333 0.025000
2 0.616667 0.408333 0.022500 0.023333
3 0.359167 0.776667 0.008333 0.021667
2 0.185000 0.640000 0.020833 0.028333
2 0.699167 0.650000 0.048333 0.043333
2 0.543333 0.218333 0.011667 0.066667
3 0.400833 0.805000 0.015833 0.051667
3 0.513333 0.641667 0.015833 0.051667
2 0.289167 0.701667 0.027500 0.016667
3 0.703333 0.348333 0.014167 0.025000
2 0.260000 0.736667 0.030833 0.051667
3 0.441667 0.771667 0.010000 0.016667
3 0.786667 0.323333 0.014167 0.025000
3 0.576667 0.746667 0.008333 0.021667
2 0.713333 0.415000 0.027500 0.016667
