4 0.826667 0.435000 0.054167 0.056667
4 0.783333 0.408333 0.161667 0.095000
4 0.829167 0.470000 0.083333 0.188333
4 0.796667 0.620000 0.132500 0.251667
4 0.802500 0.486667 0.230000 0.113333
4 0.896667 0.526667 0.055833 0.108333
4 0.870833 0.521667 0.082500 0.020000
4 0.822500 0.595000 0.104167 0.208333
4 0.866667 0.453333 0.059167 0.028333
4 0.840833 0.395000 0.065833 0.023333
4 0.075833 0.460000 0.083333 0.083333
4 0.205000 0.611667 0.109167 0.168333
4 0.077500 0.493333 0.054167 0.108333
4 0.185000 0.511667 0.154167 0.066667
4 0.253333 0.525000 0.067500 0.096667
4 0.760833 0.440000 0.079167 0.103333
4 0.120833 0.638333 0.146667 0.145000
4 0.631667 0.520000 0.067500 0.071667
4 0.533333 0.611667 0.117500 0.196667
4 0.116667 0.496667 0.047500 0.031667
3 0.052500 0.501667 0.007500 0.015000
3 0.210833 0.498333 0.015833 0.051667
3 0.503333 0.455000 0.007500 0.018333
3 0.182500 0.448333 0.008333 0.021667
2 0.307500 0.473333 0.023333 0.106667
3 0.575000 0.466667 0.008333 0.016667
3 0.612500 0.506667 0.009167 0.015000
2 0.144167 0.445000 0.029167 0.038333
3 0.236667 0.593333 0.010833 0.013333
3 0.637500 0.558333 0.009167 0.016667
2 0.063333 0.476667 0.022500 0.023333
2 0.314167 0.565000 0.058333 0.076667
2 0.796667 0.538333 0.048333 0.025000
3 0.184167 0.496667 0.014167 0.025000
3 0.445000 0.616667 0.013333 0.031667
3 0.670833 0.576667 0.015833 0.051667
2 0.622500 0.580000 0.009167 0.040000
3 0.128333 0.500000 0.007500 0.018333
3 0.368333 0.551667 0.009167 0.015000
2 0.795000 0.576667 0.009167 0.031667
2 0.596667 0.475000 0.020000 0.021667
2 0.265000 0.566667 0.017500 0.116667
2 0.485833 0.443333 0.023333 0.106667
3 0.768333 0.511667 0.015833 0.051667
3 0.150000 0.541667 0.007500 0.018333
2 0.174167 0.528333 0.020833 0.080000
2 0.468333 0.390000 0.020000 0.021667
2 0.127500 0.485000 0.026667 0.035000
3 0.351667 0.505000 0.015833 0.051667
3 0.337500 0.476667 0.011667 0.030000
3 0.195000 0.555000 0.007500 0.015000
2 0.719167 0.561667 0.017500 0.116667
2 0.044167 0.508333 0.017500 0.116667
3 0.212500 0.443333 0.007500 0.018333
2 0.489167 0.581667 0.027500 0.016667
3 0.340833 0.445000 0.009167 0.015000
3 0.318333 0.441667 0.014167 0.025000
3 0.349167 0.478333 0.007500 0.015000
3 0.200833 0.595000 0.007500 0.016667
2 0.309167 0.486667 0.058333 0.076667
3 0.326667 0.570000 0.014167 0.025000
3 0.239167 0.586667 0.007500 0.015000
2 0.031667 0.523333 0.034167 0.038333
2 0.080000 0.478333 0.027500 0.016667
2 0.710000 0.581667 0.020833 0.080000
3 0.337500 0.620000 0.009167 0.016667
3 0.755000 0.533333 0.010833 0.023333
2 0.808333 0.508333 0.026667 0.035000
2 0.395000 0.551667 0.015833 0.068333
2 0.112500 0.535000 0.017500 0.116667
3 0.119167 0.555000 0.013333 0.015000
2 0.660000 0.486667 0.030833 0.051667
3 0.295833 0.525000 0.007500 0.016667
3 0.593333 0.510000 0.013333 0.015000
3 0.165000 0.448333 0.007500 0.015000
2 0.532500 0.548333 0.048333 0.043333
2 0.398333 0.593333 0.023333 0.106667
2 0.584167 0.456667 0.029167 0.038333
3 0.677500 0.585000 0.011667 0.030000
3 0.216667 0.598333 0.008333 0.016667
3 0.169167 0.556667 0.009167 0.023333
2 0.794167 0.591667 0.034167 0.038333
2 0.152500 0.480000 0.011667 0.066667
3 0.415833 0.531667 0.014167 0.025000
3 0.081667 0.531667 0.009167 0.018333
3 0.530833 0.540000 0.008333 0.021667
3 0.702500 0.558333 0.007500 0.016667
2 0.147500 0.496667 0.020833 0.028333
3 0.748333 0.511667 0.009167 0.016667
2 0.123333 0.518333 0.048333 0.025000
3 0.323333 0.503333 0.009167 0.018333
3 0.345000 0.601667 0.007500 0.018333
3 0.335833 0.623333 0.008333 0.016667
3 0.705833 0.568333 0.017500 0.031667
2 0.655000 0.473333 0.097500 0.053333
2 0.640000 0.563333 0.020833 0.028333
3 0.442500 0.506667 0.007500 0.015000
2 0.810000 0.503333 0.034167 0.100000
2 0.155000 0.508333 0.020833 0.080000
2 0.121667 0.440000 0.015833 0.068333
3 0.495833 0.426667 0.010833 0.023333
2 0.206667 0.513333 0.034167 0.038333
2 0.455833 0.438333 0.034167 0.038333
2 0.229167 0.441667 0.019167 0.046667
2 0.418333 0.473333 0.010000 0.031667
3 0.504167 0.546667 0.010000 0.016667
3 0.165833 0.540000 0.010833 0.013333
2 0.520000 0.553333 0.048333 0.025000
3 0.463333 0.583333 0.010000 0.016667
3 0.136667 0.520000 0.013333 0.031667
2 0.705000 0.473333 0.019167 0.046667
3 0.727500 0.490000 0.015833 0.051667
3 0.423333 0.601667 0.015833 0.051667
3 0.682500 0.498333 0.009167 0.016667
2 0.165000 0.481667 0.011667 0.025000
2 0.600000 0.541667 0.034167 0.100000
3 0.599167 0.531667 0.009167 0.015000
2 0.394167 0.605000 0.010833 0.091667
3 0.801667 0.526667 0.009167 0.023333
3 0.410833 0.586667 0.007500 0.016667
2 0.210833 0.568333 0.011667 0.025000
3 0.247500 0.453333 0.006667 0.018333
3 0.751667 0.626667 0.007500 0.015000
3 0.818333 0.381667 0.014167 0.025000
2 0.456667 0.855000 0.026667 0.035000
3 0.495000 0.166667 0.009167 0.023333
2 0.338333 0.456667 0.034167 0.100000
2 0.550833 0.660000 0.020833 0.028333
2 0.336667 0.643333 0.023333 0.106667
3 0.701667 0.620000 0.011667 0.030000
3 0.725000 0.723333 0.013333 0.031667
3 0.567500 0.735000 0.009167 0.016667
3 0.725833 0.403333 0.009167 0.016667
2 0.337500 0.680000 0.022500 0.023333
3 0.436667 0.380000 0.006667 0.018333
3 0.318333 0.733333 0.008333 0.016667
2 0.479167 0.331667 0.009167 0.031667
2 0.770833 0.346667 0.048333 0.043333
2 0.639167 0.363333 0.023333 0.041667
2 0.317500 0.291667 0.009167 0.031667
2 0.545833 0.676667 0.027500 0.016667
2 0.649167 0.606667 0.020833 0.080000
3 0.723333 0.623333 0.010833 0.013333
3 0.295000 0.405000 0.015833 0.051667
3 0.753333 0.665000 0.011667 0.030000
3 0.418333 0.401667 0.017500 0.031667
2 0.304167 0.716667 0.009167 0.040000
3 0.345833 0.723333 0.007500 0.015000
3 0.655833 0.626667 0.008333 0.016667
3 0.756667 0.370000 0.009167 0.016667
2 0.267500 0.248333 0.058333 0.076667
3 0.520000 0.395000 0.007500 0.015000
3 0.466667 0.260000 0.010000 0.016667
2 0.438333 0.750000 0.030833 0.051667
2 0.652500 0.630000 0.048333 0.043333
3 0.795000 0.411667 0.017500 0.031667
3 0.697500 0.356667 0.009167 0.016667
3 0.525833 0.268333 0.011667 0.030000
2 0.325833 0.338333 0.014167 0.015000
2 0.683333 0.676667 0.010833 0.091667
3 0.800833 0.403333 0.008333 0.016667
3 0.790000 0.643333 0.007500 0.015000
3 0.226667 0.386667 0.008333 0.016667
2 0.719167 0.660000 0.010000 0.031667
2 0.439167 0.885000 0.048333 0.025000
2 0.721667 0.426667 0.013333 0.070000
2 0.285000 0.271667 0.020000 0.021667
3 0.275000 0.393333 0.010000 0.016667
2 0.433333 0.723333 0.097500 0.053333
3 0.334167 0.230000 0.010833 0.023333
2 0.300000 0.710000 0.034167 0.038333
3 0.510000 0.276667 0.009167 0.018333
3 0.291667 0.283333 0.008333 0.016667
3 0.302500 0.746667 0.008333 0.016667
3 0.770833 0.378333 0.008333 0.016667
2 0.432500 0.830000 0.019167 0.046667
2 0.703333 0.623333 0.030833 0.051667
2 0.666667 0.273333 0.045833 0.021667
2 0.321667 0.288333 0.010000 0.031667
3 0.372500 0.765000 0.008333 0.021667
2 0.446667 0.348333 0.027500 0.016667
3 0.656667 0.340000 0.009167 0.023333
2 0.364167 0.733333 0.097500 0.053333
2 0.180833 0.428333 0.034167 0.100000
2 0.725000 0.746667 0.021667 0.090000
3 0.481667 0.191667 0.009167 0.016667
3 0.745000 0.611667 0.011667 0.030000
2 0.268333 0.271667 0.019167 0.046667
3 0.440000 0.650000 0.010833 0.013333
3 0.521667 0.385000 0.011667 0.030000
2 0.661667 0.660000 0.015833 0.068333
2 0.460000 0.651667 0.009167 0.040000
3 0.480000 0.636667 0.009167 0.015000
2 0.535000 0.715000 0.023333 0.106667
3 0.670000 0.661667 0.013333 0.031667
3 0.263333 0.645000 0.017500 0.031667
3 0.718333 0.641667 0.009167 0.016667
2 0.805000 0.705000 0.034167 0.038333
2 0.496667 0.333333 0.048333 0.025000
2 0.560000 0.748333 0.034167 0.038333
3 0.815000 0.395000 0.008333 0.016667
2 0.260000 0.731667 0.023333 0.106667
3 0.661667 0.385000 0.009167 0.016667
3 0.514167 0.658333 0.009167 0.016667
2 0.285833 0.280000 0.027500 0.016667
2 0.293333 0.726667 0.009167 0.031667
3 0.699167 0.280000 0.010000 0.016667
2 0.530833 0.363333 0.026667 0.035000
2 0.592500 0.998333 0.019167 0.001667
2 0.202500 0.706667 0.011667 0.066667
2 0.782500 0.433333 0.026667 0.035000
3 0.694167 0.356667 0.015833 0.051667
3 0.701667 0.276667 0.014167 0.025000
3 0.668333 0.673333 0.006667 0.018333
3 0.813333 0.721667 0.008333 0.016667
2 0.550833 0.278333 0.048333 0.025000
3 0.537500 0.426667 0.008333 0.021667
3 0.481667 0.276667 0.007500 0.018333
3 0.444167 0.358333 0.008333 0.016667
3 0.329167 0.678333 0.010000 0.020000
2 0.517500 0.423333 0.058333 0.076667
2 0.635833 0.601667 0.009167 0.040000
3 0.581667 0.446667 0.015833 0.051667
3 0.626667 0.381667 0.008333 0.021667
2 0.445833 0.336667 0.058333 0.076667
2 0.310833 0.741667 0.021667 0.090000
3 0.406667 0.375000 0.006667 0.018333
2 0.490833 0.766667 0.020000 0.021667
3 0.534167 0.346667 0.007500 0.015000
2 0.617500 0.386667 0.017500 0.116667
2 0.739167 0.718333 0.023333 0.041667
2 0.679167 0.303333 0.048333 0.043333
3 0.602500 0.748333 0.008333 0.016667
3 0.690833 0.715000 0.009167 0.023333
2 0.508333 0.328333 0.009167 0.031667
2 0.316667 0.855000 0.045833 0.021667
2 0.642500 0.663333 0.026667 0.035000
3 0.794167 0.645000 0.009167 0.016667
3 0.485000 0.861667 0.010833 0.023333
2 0.327500 0.881667 0.030833 0.051667
2 0.810833 0.395000 0.009167 0.031667
2 0.352500 0.656667 0.034167 0.038333
3 0.359167 0.250000 0.007500 0.015000
3 0.523333 0.380000 0.008333 0.016667
3 0.329167 0.318333 0.011667 0.030000
3 0.704167 0.665000 0.011667 0.030000
3 0.738333 0.738333 0.014167 0.025000
2 0.481667 0.303333 0.027500 0.016667
2 0.648333 0.303333 0.020833 0.080000
2 0.640833 0.330000 0.009167 0.040000
2 0.534167 0.378333 0.035000 0.105000
3 0.487500 0.778333 0.010833 0.013333
3 0.619167 0.660000 0.017500 0.031667
2 0.210000 0.685000 0.097500 0.053333
3 0.528333 0.293333 0.010833 0.023333
3 0.504167 0.336667 0.009167 0.023333
3 0.485000 0.258333 0.009167 0.018333
3 0.662500 0.665000 0.009167 0.015000
3 0.382500 0.691667 0.007500 0.015000
2 0.333333 0.713333 0.019167 0.046667
2 0.572500 0.750000 0.045833 0.021667
3 0.732500 0.400000 0.013333 0.031667
3 0.779167 0.675000 0.011667 0.020000
3 0.746667 0.615000 0.009167 0.018333
3 0.342500 0.870000 0.010000 0.020000
3 0.302500 0.398333 0.010000 0.020000
2 0.187500 0.631667 0.015833 0.068333
2 0.736667 0.253333 0.009167 0.040000
2 0.723333 0.633333 0.013333 0.070000
2 0.690000 0.663333 0.034167 0.100000
3 0.710833 0.415000 0.007500 0.015000
2 0.740000 0.360000 0.034167 0.038333
2 0.347500 0.413333 0.015833 0.068333
3 0.740000 0.338333 0.014167 0.025000
2 0.295833 0.651667 0.097500 0.053333
2 0.541667 0.231667 0.027500 0.016667
2 0.692500 0.641667 0.027500 0.016667
3 0.305000 0.393333 0.009167 0.016667
2 0.425833 0.788333 0.023333 0.041667
3 0.349167 0.836667 0.009167 0.016667
2 0.638333 0.391667 0.023333 0.041667
3 0.645000 0.325000 0.009167 0.018333
3 0.772500 0.333333 0.014167 0.025000
2 0.642500 0.451667 0.023333 0.041667
3 0.798333 0.631667 0.010000 0.020000
2 0.367500 0.713333 0.011667 0.025000
2 0.763333 0.441667 0.034167 0.100000
3 0.396667 0.668333 0.007500 0.015000
2 0.681667 0.361667 0.029167 0.038333
3 0.753333 0.716667 0.007500 0.018333
2 0.770000 0.401667 0.010000 0.031667
2 0.641667 0.360000 0.034167 0.100000
3 0.445833 0.140000 0.008333 0.016667
2 0.693333 0.351667 0.015833 0.068333
3 0.671667 0.411667 0.008333 0.021667
2 0.695833 0.721667 0.009167 0.031667
2 0.264167 0.698333 0.017500 0.116667
2 0.517500 0.401667 0.017500 0.116667
2 0.602500 0.340000 0.020833 0.028333
3 0.701667 0.366667 0.014167 0.025000
3 0.749167 0.410000 0.007500 0.016667
3 0.671667 0.423333 0.009167 0.016667
2 0.698333 0.275000 0.020833 0.028333
3 0.780000 0.346667 0.010000 0.016667
3 0.312500 0.721667 0.009167 0.023333
3 0.393333 0.376667 0.007500 0.015000
3 0.727500 0.726667 0.015833 0.051667
2 0.230000 0.846667 0.034167 0.038333
3 0.785000 0.398333 0.011667 0.020000
3 0.300833 0.713333 0.013333 0.015000
2 0.457500 0.343333 0.009167 0.040000
3 0.756667 0.596667 0.011667 0.030000
2 0.441667 0.713333 0.022500 0.023333
3 0.266667 0.196667 0.010833 0.013333
2 0.153333 0.631667 0.048333 0.043333
2 0.779167 0.626667 0.048333 0.043333
2 0.423333 0.890000 0.048333 0.043333
3 0.540000 0.243333 0.017500 0.031667
2 0.552500 0.353333 0.019167 0.046667
3 0.455833 0.203333 0.010000 0.016667
