4 0.805833 0.490000 0.070833 0.103333
4 0.802500 0.583333 0.163333 0.136667
4 0.848333 0.390000 0.143333 0.090000
4 0.854167 0.611667 0.083333 0.138333
4 0.824167 0.588333 0.169167 0.235000
4 0.860000 0.453333 0.086667 0.153333
4 0.799167 0.648333 0.100833 0.208333
4 0.871667 0.515000 0.091667 0.120000
4 0.864167 0.601667 0.067500 0.021667
4 0.669167 0.575000 0.343333 0.110000
4 0.132500 0.506667 0.110833 0.150000
4 0.236667 0.613333 0.048333 0.118333
4 0.121667 0.561667 0.054167 0.138333
4 0.099167 0.533333 0.074167 0.068333
4 0.676667 0.576667 0.083333 0.066667
4 0.686667 0.536667 0.058333 0.098333
4 0.539167 0.483333 0.075833 0.041667
4 0.473333 0.566667 0.099167 0.080000
4 0.334167 0.496667 0.114167 0.171667
4 0.350833 0.661667 0.255000 0.353333
2 0.200833 0.503333 0.026667 0.035000
3 0.716667 0.513333 0.010833 0.013333
2 0.481667 0.545000 0.021667 0.090000
3 0.689167 0.538333 0.009167 0.023333
2 0.728333 0.568333 0.048333 0.025000
3 0.540000 0.553333 0.010000 0.016667
3 0.622500 0.610000 0.008333 0.016667
2 0.788333 0.543333 0.048333 0.043333
3 0.480833 0.578333 0.007500 0.018333
2 0.615000 0.478333 0.030833 0.051667
3 0.510833 0.505000 0.009167 0.016667
2 0.462500 0.571667 0.048333 0.025000
3 0.652500 0.528333 0.014167 0.025000
3 0.375000 0.528333 0.010000 0.020000
2 0.252500 0.470000 0.048333 0.043333
2 0.595833 0.595000 0.009167 0.031667
2 0.321667 0.446667 0.048333 0.025000
2 0.486667 0.451667 0.013333 0.070000
2 0.640000 0.545000 0.029167 0.038333
2 0.259167 0.498333 0.034167 0.038333
2 0.255000 0.596667 0.023333 0.041667
3 0.353333 0.548333 0.006667 0.018333
2 0.345000 0.545000 0.011667 0.066667
3 0.168333 0.601667 0.007500 0.016667
3 0.095000 0.575000 0.015833 0.051667
3 0.205833 0.446667 0.009167 0.015000
3 0.363333 0.545000 0.013333 0.015000
3 0.189167 0.538333 0.009167 0.015000
2 0.246667 0.511667 0.010000 0.031667
2 0.321667 0.646667 0.030833 0.051667
2 0.282500 0.541667 0.035000 0.105000
2 0.318333 0.546667 0.015833 0.068333
2 0.189167 0.523333 0.021667 0.090000
2 0.626667 0.486667 0.048333 0.043333
3 0.035833 0.550000 0.013333 0.015000
2 0.705833 0.560000 0.058333 0.076667
2 0.192500 0.493333 0.009167 0.031667
2 0.438333 0.496667 0.020833 0.080000
2 0.245833 0.550000 0.029167 0.038333
2 0.287500 0.431667 0.035000 0.105000
3 0.534167 0.541667 0.015833 0.051667
2 0.317500 0.563333 0.011667 0.066667
2 0.802500 0.555000 0.030833 0.051667
2 0.670833 0.585000 0.029167 0.038333
3 0.289167 0.576667 0.007500 0.015000
2 0.476667 0.570000 0.058333 0.076667
2 0.295833 0.563333 0.022500 0.023333
2 0.420833 0.555000 0.048333 0.025000
3 0.691667 0.545000 0.007500 0.015000
2 0.521667 0.570000 0.023333 0.041667
2 0.430833 0.473333 0.023333 0.106667
3 0.542500 0.596667 0.008333 0.016667
2 0.376667 0.543333 0.034167 0.100000
3 0.709167 0.566667 0.008333 0.016667
3 0.511667 0.508333 0.013333 0.015000
2 0.166667 0.463333 0.015833 0.068333
2 0.200833 0.540000 0.013333 0.070000
2 0.320833 0.525000 0.021667 0.090000
3 0.183333 0.510000 0.010000 0.016667
2 0.519167 0.541667 0.029167 0.038333
3 0.321667 0.466667 0.017500 0.031667
2 0.530000 0.523333 0.029167 0.038333
2 0.675833 0.503333 0.010833 0.091667
2 0.486667 0.508333 0.019167 0.046667
2 0.345000 0.573333 0.034167 0.100000
3 0.409167 0.508333 0.007500 0.015000
2 0.677500 0.520000 0.020833 0.080000
2 0.639167 0.513333 0.034167 0.100000
2 0.220833 0.596667 0.009167 0.031667
2 0.100000 0.461667 0.034167 0.038333
3 0.535000 0.520000 0.010000 0.020000
2 0.036667 0.543333 0.048333 0.025000
2 0.020000 0.575000 0.040000 0.021667
3 0.250833 0.548333 0.011667 0.020000
2 0.276667 0.523333 0.045833 0.021667
2 0.820000 0.668333 0.023333 0.106667
3 0.333333 0.605000 0.009167 0.018333
2 0.154167 0.543333 0.009167 0.040000
3 0.735833 0.481667 0.010833 0.013333
2 0.821667 0.621667 0.020833 0.028333
3 0.129167 0.543333 0.010000 0.016667
2 0.140000 0.471667 0.097500 0.053333
2 0.320833 0.531667 0.058333 0.076667
2 0.654167 0.525000 0.020833 0.080000
2 0.357500 0.490000 0.048333 0.043333
3 0.450000 0.483333 0.011667 0.020000
2 0.178333 0.563333 0.014167 0.015000
3 0.473333 0.493333 0.008333 0.016667
3 0.113333 0.496667 0.007500 0.015000
2 0.600833 0.488333 0.058333 0.076667
3 0.825833 0.468333 0.006667 0.018333
3 0.655833 0.576667 0.009167 0.015000
3 0.685833 0.501667 0.008333 0.016667
3 0.124167 0.510000 0.010833 0.013333
2 0.613333 0.536667 0.011667 0.025000
3 0.103333 0.496667 0.010833 0.023333
2 0.125000 0.501667 0.017500 0.116667
2 0.805000 0.563333 0.034167 0.100000
3 0.127500 0.440000 0.007500 0.016667
2 0.423333 0.471667 0.011667 0.025000
3 0.665833 0.506667 0.009167 0.016667
3 0.497500 0.540000 0.006667 0.018333
3 0.285833 0.780000 0.007500 0.016667
3 0.668333 0.445000 0.006667 0.018333
3 0.485000 0.640000 0.009167 0.018333
3 0.364167 0.701667 0.009167 0.018333
2 0.445000 0.711667 0.020000 0.021667
3 0.583333 0.440000 0.013333 0.031667
2 0.811667 0.443333 0.021667 0.090000
3 0.690000 0.683333 0.014167 0.025000
2 0.699167 0.691667 0.030833 0.051667
3 0.361667 0.673333 0.015833 0.051667
3 0.422500 0.215000 0.009167 0.015000
3 0.690000 0.643333 0.011667 0.030000
3 0.290000 0.756667 0.014167 0.025000
2 0.737500 0.451667 0.010833 0.091667
2 0.443333 0.701667 0.009167 0.040000
3 0.685000 0.715000 0.011667 0.030000
2 0.740000 0.725000 0.010833 0.091667
2 0.667500 0.648333 0.014167 0.015000
3 0.737500 0.655000 0.010833 0.013333
3 0.622500 0.396667 0.010833 0.013333
2 0.675000 0.391667 0.027500 0.016667
2 0.675833 0.701667 0.029167 0.038333
2 0.580000 0.340000 0.020833 0.080000
3 0.756667 0.715000 0.010000 0.020000
2 0.739167 0.570000 0.020833 0.080000
2 0.250833 0.688333 0.015833 0.068333
2 0.293333 0.721667 0.048333 0.025000
3 0.240000 0.815000 0.007500 0.015000
3 0.467500 0.341667 0.017500 0.031667
3 0.660000 0.441667 0.011667 0.030000
2 0.438333 0.660000 0.027500 0.016667
3 0.569167 0.670000 0.009167 0.016667
2 0.379167 0.795000 0.010833 0.091667
3 0.316667 0.371667 0.013333 0.031667
2 0.786667 0.420000 0.017500 0.116667
3 0.685000 0.631667 0.008333 0.016667
3 0.485000 0.311667 0.007500 0.016667
2 0.263333 0.390000 0.058333 0.076667
2 0.679167 0.375000 0.021667 0.090000
2 0.286667 0.805000 0.021667 0.090000
2 0.566667 0.625000 0.023333 0.041667
2 0.178333 0.640000 0.034167 0.038333
2 0.474167 0.206667 0.015833 0.068333
2 0.730000 0.686667 0.020833 0.080000
2 0.714167 0.431667 0.048333 0.043333
2 0.682500 0.655000 0.009167 0.040000
3 0.266667 0.723333 0.009167 0.018333
2 0.807500 0.910000 0.009167 0.031667
2 0.679167 0.348333 0.020833 0.028333
3 0.784167 0.891667 0.009167 0.018333
2 0.380833 0.728333 0.010833 0.091667
2 0.807500 0.661667 0.020833 0.080000
2 0.790000 0.653333 0.023333 0.106667
3 0.642500 0.365000 0.013333 0.031667
3 0.555000 0.646667 0.008333 0.016667
3 0.477500 0.281667 0.009167 0.015000
3 0.782500 0.375000 0.008333 0.016667
3 0.437500 0.756667 0.011667 0.020000
3 0.337500 0.255000 0.007500 0.015000
3 0.420833 0.348333 0.013333 0.031667
2 0.635000 0.350000 0.017500 0.116667
2 0.805833 0.368333 0.019167 0.046667
2 0.226667 0.641667 0.011667 0.066667
2 0.214167 0.296667 0.097500 0.053333
3 0.770000 0.346667 0.009167 0.016667
3 0.758333 0.611667 0.009167 0.016667
2 0.748333 0.636667 0.021667 0.090000
2 0.332500 0.665000 0.048333 0.025000
3 0.495833 0.163333 0.008333 0.016667
2 0.532500 0.368333 0.015833 0.068333
3 0.403333 0.696667 0.008333 0.016667
2 0.433333 0.738333 0.014167 0.015000
3 0.651667 0.333333 0.009167 0.016667
3 0.529167 0.390000 0.010000 0.020000
3 0.803333 0.731667 0.009167 0.023333
3 0.281667 0.763333 0.009167 0.015000
2 0.717500 0.331667 0.019167 0.046667
2 0.323333 0.658333 0.097500 0.053333
3 0.568333 0.778333 0.010000 0.016667
3 0.775000 0.701667 0.013333 0.015000
2 0.345000 0.691667 0.015833 0.068333
2 0.400833 0.831667 0.045833 0.021667
2 0.322500 0.623333 0.097500 0.053333
2 0.457500 0.668333 0.014167 0.015000
3 0.280833 0.405000 0.011667 0.030000
3 0.676667 0.341667 0.009167 0.016667
3 0.618333 0.371667 0.009167 0.016667
3 0.452500 0.831667 0.010833 0.023333
3 0.286667 0.415000 0.011667 0.030000
2 0.538333 0.613333 0.020833 0.028333
3 0.705000 0.323333 0.007500 0.015000
2 0.437500 0.711667 0.020833 0.028333
3 0.385000 0.358333 0.014167 0.025000
3 0.709167 0.430000 0.009167 0.015000
3 0.695833 0.350000 0.006667 0.018333
3 0.286667 0.261667 0.010000 0.020000
2 0.709167 0.720000 0.048333 0.025000
3 0.357500 0.613333 0.009167 0.016667
2 0.220000 0.665000 0.009167 0.031667
3 0.294167 0.675000 0.010833 0.013333
3 0.694167 0.635000 0.017500 0.031667
2 0.662500 0.650000 0.019167 0.046667
3 0.685000 0.378333 0.014167 0.025000
2 0.585000 0.748333 0.020833 0.028333
3 0.404167 0.378333 0.011667 0.030000
3 0.712500 0.613333 0.006667 0.018333
2 0.487500 0.756667 0.011667 0.066667
2 0.671667 0.373333 0.023333 0.106667
2 0.722500 0.326667 0.045833 0.021667
2 0.594167 0.738333 0.020000 0.021667
3 0.627500 0.651667 0.008333 0.016667
2 0.528333 0.700000 0.022500 0.023333
3 0.746667 0.665000 0.007500 0.018333
2 0.732500 0.715000 0.021667 0.090000
3 0.357500 0.740000 0.007500 0.016667
2 0.463333 0.158333 0.034167 0.038333
2 0.526667 0.613333 0.097500 0.053333
2 0.267500 0.681667 0.011667 0.066667
3 0.582500 0.751667 0.009167 0.018333
2 0.442500 0.795000 0.026667 0.035000
2 0.440000 0.726667 0.027500 0.016667
3 0.775000 0.395000 0.007500 0.015000
2 0.665833 0.998333 0.097500 0.001667
2 0.555833 0.686667 0.097500 0.053333
3 0.374167 0.346667 0.006667 0.018333
3 0.713333 0.631667 0.007500 0.016667
3 0.347500 0.710000 0.011667 0.020000
3 0.224167 0.410000 0.009167 0.016667
2 0.688333 0.710000 0.014167 0.015000
2 0.768333 0.601667 0.097500 0.053333
3 0.368333 0.291667 0.007500 0.015000
2 0.417500 0.378333 0.013333 0.070000
3 0.540000 0.733333 0.008333 0.016667
3 0.359167 0.771667 0.007500 0.016667
2 0.545833 0.455000 0.010833 0.091667
2 0.685833 0.651667 0.058333 0.076667
3 0.304167 0.661667 0.009167 0.018333
2 0.804167 0.601667 0.015833 0.068333
2 0.435000 0.706667 0.020833 0.080000
3 0.770833 0.325000 0.009167 0.023333
3 0.553333 0.226667 0.010000 0.016667
3 0.217500 0.633333 0.009167 0.016667
3 0.305833 0.786667 0.009167 0.018333
3 0.813333 0.720000 0.007500 0.018333
3 0.748333 0.343333 0.015833 0.051667
2 0.643333 0.318333 0.015833 0.068333
2 0.675833 0.631667 0.020833 0.028333
3 0.349167 0.708333 0.007500 0.015000
3 0.285000 0.780000 0.009167 0.016667
3 0.325833 0.640000 0.014167 0.025000
3 0.624167 0.398333 0.007500 0.015000
3 0.413333 0.691667 0.006667 0.018333
3 0.538333 0.735000 0.011667 0.020000
3 0.530000 0.631667 0.007500 0.015000
2 0.827500 0.440000 0.013333 0.070000
3 0.240833 0.371667 0.008333 0.016667
3 0.245000 0.355000 0.007500 0.015000
3 0.626667 0.330000 0.009167 0.023333
3 0.454167 0.390000 0.008333 0.016667
2 0.275833 0.293333 0.029167 0.038333
2 0.760833 0.623333 0.019167 0.046667
2 0.264167 0.693333 0.097500 0.053333
3 0.727500 0.680000 0.009167 0.015000
2 0.579167 0.195000 0.023333 0.106667
3 0.556667 0.420000 0.014167 0.025000
2 0.596667 0.730000 0.019167 0.046667
3 0.725833 0.356667 0.007500 0.018333
2 0.227500 0.396667 0.014167 0.015000
2 0.305000 0.673333 0.009167 0.040000
3 0.481667 0.778333 0.007500 0.018333
3 0.530833 0.365000 0.008333 0.016667
2 0.715000 0.785000 0.029167 0.038333
2 0.397500 0.805000 0.022500 0.023333
2 0.289167 0.343333 0.048333 0.043333
2 0.379167 0.738333 0.010833 0.091667
2 0.654167 0.403333 0.035000 0.105000
2 0.355000 0.641667 0.010000 0.031667
2 0.752500 0.381667 0.027500 0.016667
3 0.404167 0.800000 0.009167 0.023333
3 0.430000 0.675000 0.013333 0.031667
2 0.740000 0.373333 0.097500 0.053333
2 0.725000 0.338333 0.009167 0.040000
2 0.157500 0.345000 0.035000 0.105000
2 0.559167 0.436667 0.009167 0.031667
3 0.762500 0.336667 0.009167 0.016667
3 0.388333 0.758333 0.009167 0.023333
3 0.796667 0.621667 0.010000 0.016667
3 0.708333 0.705000 0.011667 0.020000
2 0.399167 0.300000 0.097500 0.053333
3 0.600000 0.705000 0.009167 0.015000
3 0.482500 0.378333 0.006667 0.018333
2 0.780833 0.331667 0.019167 0.046667
3 0.776667 0.326667 0.008333 0.021667
2 0.376667 0.663333 0.048333 0.043333
2 0.512500 0.290000 0.020000 0.021667
2 0.453333 0.820000 0.009167 0.031667
3 0.261667 0.373333 0.007500 0.015000
3 0.332500 0.733333 0.009167 0.016667
