4 0.734167 0.470000 0.245000 0.226667
4 0.811667 0.596667 0.106667 0.248333
4 0.852500 0.766667 0.150000 0.420000
4 0.804167 0.593333 0.083333 0.035000
4 0.785833 0.816667 0.263333 0.366667
4 0.752500 0.588333 0.240000 0.150000
4 0.809167 0.613333 0.090000 0.221667
4 0.892500 0.411667 0.078333 0.080000
4 0.861667 0.561667 0.117500 0.111667
4 0.799167 0.390000 0.128333 0.085000
4 0.785000 0.528333 0.068333 0.026667
4 0.102500 0.538333 0.080833 0.071667
4 0.637500 0.650000 0.111667 0.206667
4 0.798333 0.540000 0.059167 0.041667
4 0.404167 0.533333 0.072500 0.023333
4 0.555833 0.468333 0.064167 0.091667
4 0.179167 0.516667 0.113333 0.143333
4 0.606667 0.603333 0.076667 0.111667
4 0.651667 0.493333 0.120000 0.131667
4 0.449167 0.478333 0.095833 0.151667
3 0.575833 0.573333 0.008333 0.016667
2 0.496667 0.498333 0.045833 0.021667
2 0.029167 0.550000 0.023333 0.041667
2 0.404167 0.471667 0.029167 0.038333
3 0.082500 0.558333 0.010000 0.020000
2 0.396667 0.508333 0.097500 0.053333
2 0.496667 0.503333 0.023333 0.041667
2 0.045000 0.535000 0.022500 0.023333
3 0.502500 0.468333 0.011667 0.030000
3 0.090833 0.525000 0.009167 0.016667
3 0.543333 0.508333 0.007500 0.015000
3 0.380000 0.578333 0.007500 0.016667
3 0.481667 0.511667 0.008333 0.016667
3 0.317500 0.575000 0.017500 0.031667
2 0.785833 0.476667 0.009167 0.040000
2 0.071667 0.530000 0.013333 0.070000
2 0.479167 0.525000 0.034167 0.100000
2 0.787500 0.588333 0.045833 0.021667
3 0.382500 0.463333 0.009167 0.016667
2 0.195000 0.573333 0.027500 0.016667
3 0.819167 0.568333 0.009167 0.015000
3 0.589167 0.471667 0.009167 0.016667
2 0.605000 0.466667 0.035000 0.105000
2 0.046667 0.543333 0.009167 0.031667
3 0.114167 0.513333 0.007500 0.018333
3 0.563333 0.540000 0.007500 0.018333
2 0.572500 0.480000 0.009167 0.040000
2 0.245833 0.448333 0.014167 0.015000
3 0.735833 0.566667 0.010833 0.023333
2 0.398333 0.496667 0.020833 0.080000
3 0.360000 0.573333 0.009167 0.016667
2 0.310000 0.490000 0.030833 0.051667
2 0.405000 0.578333 0.021667 0.090000
2 0.439167 0.576667 0.023333 0.041667
3 0.735833 0.473333 0.008333 0.016667
2 0.460833 0.466667 0.048333 0.025000
2 0.339167 0.555000 0.026667 0.035000
2 0.100000 0.540000 0.034167 0.038333
2 0.527500 0.530000 0.034167 0.038333
3 0.270000 0.535000 0.015833 0.051667
3 0.473333 0.513333 0.006667 0.018333
2 0.586667 0.608333 0.013333 0.070000
2 0.473333 0.508333 0.010000 0.031667
2 0.444167 0.488333 0.021667 0.090000
3 0.733333 0.458333 0.017500 0.031667
3 0.633333 0.508333 0.009167 0.018333
3 0.499167 0.505000 0.008333 0.016667
2 0.667500 0.578333 0.048333 0.025000
2 0.012500 0.533333 0.025000 0.076667
2 0.495000 0.475000 0.027500 0.016667
3 0.304167 0.575000 0.017500 0.031667
2 0.276667 0.453333 0.020833 0.028333
3 0.755000 0.561667 0.014167 0.025000
3 0.794167 0.465000 0.010000 0.020000
3 0.518333 0.558333 0.007500 0.016667
2 0.090000 0.446667 0.048333 0.043333
2 0.651667 0.521667 0.023333 0.041667
3 0.548333 0.470000 0.013333 0.015000
3 0.750000 0.481667 0.010833 0.013333
2 0.574167 0.541667 0.023333 0.041667
3 0.395000 0.578333 0.007500 0.018333
3 0.101667 0.495000 0.013333 0.015000
2 0.138333 0.493333 0.013333 0.070000
3 0.036667 0.558333 0.009167 0.015000
2 0.383333 0.488333 0.022500 0.023333
3 0.229167 0.501667 0.013333 0.015000
2 0.326667 0.605000 0.023333 0.106667
2 0.458333 0.520000 0.026667 0.035000
3 0.285000 0.580000 0.013333 0.031667
2 0.820833 0.673333 0.010833 0.091667
3 0.123333 0.485000 0.008333 0.016667
2 0.100000 0.498333 0.035000 0.105000
3 0.558333 0.563333 0.015833 0.051667
3 0.465000 0.453333 0.009167 0.018333
2 0.625833 0.493333 0.009167 0.040000
3 0.606667 0.510000 0.009167 0.016667
3 0.359167 0.551667 0.008333 0.016667
3 0.254167 0.525000 0.010833 0.023333
2 0.139167 0.481667 0.011667 0.025000
2 0.476667 0.595000 0.020000 0.021667
3 0.545000 0.550000 0.011667 0.020000
3 0.700000 0.588333 0.009167 0.018333
3 0.602500 0.453333 0.010000 0.020000
2 0.478333 0.605000 0.009167 0.031667
3 0.825833 0.556667 0.013333 0.015000
3 0.816667 0.595000 0.007500 0.016667
3 0.759167 0.515000 0.009167 0.016667
2 0.503333 0.505000 0.021667 0.090000
3 0.322500 0.596667 0.013333 0.015000
2 0.436667 0.528333 0.048333 0.025000
2 0.374167 0.528333 0.027500 0.016667
3 0.692500 0.471667 0.010000 0.020000
3 0.760000 0.533333 0.007500 0.015000
3 0.727500 0.530000 0.010000 0.020000
3 0.295833 0.535000 0.010000 0.016667
2 0.247500 0.575000 0.048333 0.043333
2 0.526667 0.523333 0.011667 0.025000
2 0.058333 0.501667 0.045833 0.021667
3 0.426667 0.486667 0.009167 0.016667
3 0.332500 0.458333 0.009167 0.016667
3 0.321667 0.516667 0.009167 0.016667
2 0.424167 0.558333 0.022500 0.023333
2 0.610000 0.416667 0.030833 0.051667
3 0.529167 0.396667 0.014167 0.025000
3 0.727500 0.721667 0.011667 0.030000
3 0.290833 0.401667 0.009167 0.015000
2 0.236667 0.693333 0.030833 0.051667
2 0.305000 0.371667 0.035000 0.105000
3 0.680000 0.421667 0.010833 0.013333
3 0.339167 0.228333 0.009167 0.016667
3 0.812500 0.718333 0.009167 0.015000
2 0.235833 0.371667 0.027500 0.016667
3 0.290000 0.785000 0.009167 0.016667
2 0.368333 0.376667 0.030833 0.051667
2 0.350833 0.710000 0.020833 0.080000
3 0.203333 0.725000 0.009167 0.015000
2 0.783333 0.655000 0.011667 0.025000
2 0.460833 0.353333 0.027500 0.016667
2 0.757500 0.640000 0.009167 0.031667
2 0.349167 0.635000 0.020833 0.028333
2 0.786667 0.431667 0.023333 0.106667
2 0.480833 0.650000 0.020833 0.080000
2 0.279167 0.830000 0.011667 0.025000
3 0.460833 0.715000 0.008333 0.016667
3 0.645833 0.631667 0.006667 0.018333
3 0.291667 0.268333 0.009167 0.018333
2 0.680000 0.301667 0.035000 0.105000
3 0.570000 0.668333 0.007500 0.015000
2 0.380833 0.373333 0.029167 0.038333
2 0.532500 0.686667 0.023333 0.041667
3 0.723333 0.418333 0.007500 0.015000
2 0.363333 0.375000 0.020833 0.080000
3 0.235833 0.380000 0.007500 0.016667
2 0.290000 0.640000 0.029167 0.038333
2 0.714167 0.646667 0.009167 0.031667
3 0.671667 0.621667 0.007500 0.018333
3 0.620833 0.393333 0.014167 0.025000
2 0.569167 0.740000 0.015833 0.068333
3 0.697500 0.366667 0.007500 0.015000
3 0.443333 0.381667 0.010000 0.020000
2 0.682500 0.621667 0.035000 0.105000
2 0.677500 0.631667 0.009167 0.031667
3 0.800000 0.646667 0.014167 0.025000
2 0.688333 0.706667 0.021667 0.090000
2 0.545833 0.648333 0.019167 0.046667
3 0.729167 0.718333 0.008333 0.016667
3 0.305000 0.661667 0.007500 0.016667
2 0.747500 0.318333 0.023333 0.041667
2 0.542500 0.648333 0.013333 0.070000
2 0.310833 0.433333 0.034167 0.100000
3 0.289167 0.158333 0.008333 0.021667
2 0.516667 0.275000 0.014167 0.015000
2 0.280833 0.328333 0.023333 0.106667
2 0.755000 0.606667 0.035000 0.105000
3 0.699167 0.688333 0.008333 0.016667
2 0.163333 0.381667 0.034167 0.038333
2 0.258333 0.398333 0.022500 0.023333
3 0.290833 0.273333 0.007500 0.015000
2 0.267500 0.731667 0.010000 0.031667
3 0.734167 0.693333 0.008333 0.016667
3 0.340833 0.698333 0.017500 0.031667
3 0.350000 0.426667 0.010833 0.013333
2 0.513333 0.351667 0.048333 0.043333
2 0.775000 0.401667 0.011667 0.066667
2 0.486667 0.256667 0.010000 0.031667
2 0.562500 0.658333 0.048333 0.025000
3 0.311667 0.771667 0.008333 0.016667
3 0.570000 0.378333 0.014167 0.025000
2 0.700000 0.711667 0.023333 0.041667
3 0.329167 0.648333 0.007500 0.018333
2 0.676667 0.253333 0.058333 0.076667
2 0.743333 0.698333 0.029167 0.038333
3 0.718333 0.431667 0.006667 0.018333
2 0.637500 0.395000 0.020833 0.028333
3 0.677500 0.663333 0.010000 0.016667
2 0.568333 0.165000 0.020833 0.028333
2 0.312500 0.381667 0.009167 0.040000
2 0.626667 0.415000 0.048333 0.025000
2 0.579167 0.388333 0.021667 0.090000
3 0.380000 0.356667 0.007500 0.018333
3 0.730000 0.621667 0.015833 0.051667
3 0.382500 0.378333 0.009167 0.016667
3 0.613333 0.336667 0.008333 0.016667
2 0.338333 0.711667 0.009167 0.040000
2 0.217500 0.615000 0.009167 0.040000
2 0.760833 0.611667 0.009167 0.031667
3 0.286667 0.718333 0.009167 0.016667
3 0.326667 0.238333 0.010833 0.023333
3 0.269167 0.650000 0.010833 0.013333
2 0.421667 0.118333 0.097500 0.053333
2 0.775833 0.710000 0.010000 0.031667
2 0.695000 0.400000 0.034167 0.038333
2 0.765833 0.705000 0.013333 0.070000
3 0.537500 0.735000 0.013333 0.031667
2 0.501667 0.358333 0.027500 0.016667
2 0.785000 0.583333 0.011667 0.066667
3 0.616667 0.638333 0.014167 0.025000
3 0.734167 0.721667 0.009167 0.016667
3 0.760833 0.600000 0.008333 0.016667
2 0.619167 0.393333 0.048333 0.043333
2 0.486667 0.310000 0.020833 0.028333
2 0.435833 0.781667 0.020833 0.080000
3 0.601667 0.748333 0.009167 0.016667
2 0.764167 0.555000 0.035000 0.105000
2 0.715000 0.410000 0.026667 0.035000
3 0.718333 0.631667 0.011667 0.030000
3 0.626667 0.376667 0.007500 0.016667
2 0.733333 0.691667 0.010000 0.031667
2 0.801667 0.635000 0.015833 0.068333
3 0.637500 0.418333 0.009167 0.016667
3 0.605000 0.366667 0.007500 0.016667
3 0.640833 0.670000 0.007500 0.015000
3 0.307500 0.723333 0.010833 0.023333
2 0.335000 0.336667 0.097500 0.053333
3 0.719167 0.661667 0.009167 0.016667
3 0.828333 0.415000 0.010833 0.023333
2 0.684167 0.228333 0.035000 0.105000
3 0.718333 0.658333 0.010833 0.013333
2 0.290000 0.383333 0.029167 0.038333
3 0.700833 0.666667 0.007500 0.018333
2 0.259167 0.381667 0.020833 0.028333
3 0.434167 0.758333 0.007500 0.015000
3 0.714167 0.668333 0.015833 0.051667
3 0.796667 0.643333 0.009167 0.015000
3 0.360833 0.668333 0.009167 0.016667
3 0.730000 0.610000 0.007500 0.018333
3 0.526667 0.416667 0.010833 0.023333
3 0.722500 0.658333 0.007500 0.016667
3 0.294167 0.290000 0.007500 0.015000
2 0.678333 0.633333 0.020000 0.021667
2 0.733333 0.381667 0.009167 0.031667
3 0.816667 0.618333 0.009167 0.015000
3 0.663333 0.671667 0.008333 0.021667
2 0.445000 0.816667 0.020833 0.080000
3 0.587500 0.633333 0.015833 0.051667
2 0.415833 0.661667 0.027500 0.016667
2 0.681667 0.393333 0.014167 0.015000
3 0.540000 0.316667 0.008333 0.016667
2 0.720833 0.445000 0.013333 0.070000
3 0.615000 0.646667 0.008333 0.016667
3 0.444167 0.320000 0.008333 0.016667
2 0.771667 0.578333 0.020833 0.080000
3 0.659167 0.381667 0.009167 0.018333
3 0.313333 0.260000 0.010000 0.020000
2 0.481667 0.303333 0.027500 0.016667
3 0.278333 0.373333 0.007500 0.015000
2 0.371667 0.676667 0.048333 0.025000
2 0.269167 0.291667 0.026667 0.035000
2 0.306667 0.685000 0.011667 0.025000
2 0.416667 0.780000 0.034167 0.100000
3 0.523333 0.708333 0.010000 0.020000
3 0.426667 0.650000 0.011667 0.020000
2 0.683333 0.380000 0.026667 0.035000
2 0.740833 0.646667 0.020833 0.080000
2 0.255000 0.210000 0.009167 0.040000
3 0.454167 0.830000 0.007500 0.015000
3 0.315000 0.648333 0.008333 0.021667
2 0.765000 0.401667 0.027500 0.016667
3 0.725833 0.346667 0.009167 0.016667
2 0.754167 0.391667 0.011667 0.066667
2 0.325833 0.255000 0.019167 0.046667
3 0.754167 0.608333 0.010000 0.016667
2 0.635000 0.651667 0.021667 0.090000
3 0.763333 0.690000 0.008333 0.016667
3 0.240000 0.370000 0.009167 0.016667
3 0.329167 0.803333 0.007500 0.018333
3 0.228333 0.391667 0.017500 0.031667
3 0.709167 0.683333 0.015833 0.051667
3 0.421667 0.370000 0.007500 0.015000
3 0.680000 0.446667 0.009167 0.023333
3 0.426667 0.360000 0.011667 0.020000
2 0.471667 0.773333 0.027500 0.016667
2 0.702500 0.641667 0.023333 0.106667
3 0.340833 0.648333 0.007500 0.015000
2 0.399167 0.780000 0.019167 0.046667
3 0.289167 0.805000 0.007500 0.018333
3 0.647500 0.380000 0.009167 0.018333
3 0.685000 0.346667 0.009167 0.018333
2 0.632500 0.401667 0.011667 0.025000
3 0.796667 0.410000 0.015833 0.051667
3 0.290833 0.781667 0.007500 0.015000
3 0.659167 0.376667 0.014167 0.025000
2 0.500833 0.325000 0.020000 0.021667
3 0.472500 0.645000 0.008333 0.016667
2 0.483333 0.640000 0.020000 0.021667
2 0.686667 0.370000 0.015833 0.068333
3 0.415833 0.726667 0.009167 0.016667
2 0.384167 0.306667 0.035000 0.105000
3 0.630833 0.355000 0.007500 0.018333
2 0.451667 0.336667 0.020833 0.028333
3 0.294167 0.860000 0.013333 0.015000
2 0.677500 0.301667 0.030833 0.051667
3 0.805000 0.633333 0.011667 0.020000
2 0.355000 0.755000 0.015833 0.068333
3 0.330833 0.406667 0.009167 0.018333
2 0.289167 0.711667 0.015833 0.068333
3 0.474167 0.823333 0.009167 0.015000
2 0.287500 0.745000 0.021667 0.090000
3 0.802500 0.645000 0.009167 0.016667
2 0.514167 0.303333 0.011667 0.025000
