4 0.867500 0.536667 0.071667 0.101667
4 0.891667 0.478333 0.051667 0.058333
4 0.841667 0.651667 0.080833 0.111667
4 0.890000 0.548333 0.048333 0.085000
4 0.813333 0.653333 0.103333 0.063333
4 0.820000 0.563333 0.067500 0.041667
4 0.836667 0.333333 0.053333 0.058333
4 0.836667 0.393333 0.062500 0.058333
4 0.781667 0.510000 0.236667 0.060000
4 0.800000 0.568333 0.082500 0.158333
4 0.662500 0.475000 0.090833 0.023333
4 0.033333 0.548333 0.067500 0.111667
4 0.416667 0.541667 0.135000 0.046667
4 0.620833 0.563333 0.156667 0.043333
4 0.488333 0.575000 0.043333 0.093333
4 0.490833 0.603333 0.095000 0.183333
4 0.317500 0.525000 0.155000 0.058333
4 0.211667 0.583333 0.065833 0.071667
4 0.469167 0.561667 0.082500 0.026667
4 0.782500 0.486667 0.049167 0.068333
2 0.385833 0.511667 0.009167 0.031667
2 0.455833 0.553333 0.020833 0.080000
2 0.110833 0.528333 0.035000 0.105000
2 0.280833 0.591667 0.034167 0.100000
3 0.136667 0.575000 0.013333 0.031667
3 0.178333 0.598333 0.008333 0.016667
3 0.561667 0.495000 0.010833 0.023333
3 0.120833 0.511667 0.008333 0.016667
2 0.060833 0.506667 0.023333 0.041667
2 0.532500 0.513333 0.022500 0.023333
3 0.397500 0.593333 0.009167 0.016667
2 0.610000 0.596667 0.027500 0.016667
2 0.755000 0.480000 0.048333 0.025000
3 0.130833 0.456667 0.007500 0.018333
3 0.432500 0.516667 0.007500 0.018333
2 0.764167 0.475000 0.045833 0.021667
3 0.584167 0.530000 0.009167 0.015000
2 0.235000 0.480000 0.011667 0.025000
3 0.030833 0.543333 0.013333 0.031667
2 0.759167 0.515000 0.014167 0.015000
2 0.215000 0.516667 0.020000 0.021667
2 0.819167 0.528333 0.020000 0.021667
3 0.769167 0.566667 0.009167 0.015000
2 0.238333 0.520000 0.034167 0.100000
2 0.590833 0.436667 0.048333 0.043333
2 0.479167 0.456667 0.048333 0.043333
3 0.347500 0.511667 0.011667 0.020000
2 0.010000 0.531667 0.020833 0.025000
3 0.803333 0.588333 0.011667 0.030000
3 0.523333 0.508333 0.008333 0.016667
2 0.252500 0.536667 0.020833 0.028333
3 0.620000 0.530000 0.008333 0.016667
2 0.761667 0.450000 0.027500 0.016667
2 0.815833 0.661667 0.021667 0.090000
3 0.313333 0.538333 0.007500 0.016667
2 0.155833 0.461667 0.023333 0.041667
2 0.396667 0.546667 0.020833 0.028333
2 0.190000 0.590000 0.026667 0.035000
2 0.460000 0.471667 0.035000 0.105000
3 0.620833 0.498333 0.009167 0.018333
2 0.570000 0.510000 0.021667 0.090000
3 0.070000 0.485000 0.007500 0.015000
2 0.570833 0.493333 0.020000 0.021667
3 0.670833 0.525000 0.011667 0.030000
2 0.190833 0.483333 0.022500 0.023333
3 0.643333 0.453333 0.011667 0.030000
3 0.380833 0.545000 0.010833 0.023333
3 0.695833 0.596667 0.008333 0.016667
3 0.787500 0.495000 0.007500 0.018333
3 0.445000 0.470000 0.007500 0.015000
3 0.150000 0.586667 0.007500 0.015000
2 0.816667 0.588333 0.027500 0.016667
2 0.211667 0.516667 0.019167 0.046667
2 0.345000 0.558333 0.048333 0.025000
3 0.698333 0.488333 0.008333 0.016667
3 0.234167 0.551667 0.007500 0.018333
2 0.505833 0.560000 0.010833 0.091667
2 0.325000 0.398333 0.035000 0.105000
2 0.404167 0.601667 0.023333 0.106667
3 0.242500 0.503333 0.010000 0.016667
3 0.740000 0.541667 0.007500 0.018333
3 0.566667 0.583333 0.010833 0.013333
2 0.329167 0.613333 0.023333 0.041667
2 0.390000 0.503333 0.023333 0.041667
2 0.561667 0.496667 0.030833 0.051667
3 0.339167 0.613333 0.013333 0.031667
3 0.437500 0.476667 0.017500 0.031667
2 0.577500 0.448333 0.035000 0.105000
3 0.804167 0.483333 0.009167 0.016667
2 0.410833 0.446667 0.010000 0.031667
2 0.802500 0.526667 0.058333 0.076667
3 0.696667 0.576667 0.010833 0.013333
3 0.115833 0.558333 0.017500 0.031667
2 0.175833 0.548333 0.017500 0.116667
2 0.654167 0.535000 0.011667 0.066667
3 0.389167 0.585000 0.008333 0.016667
3 0.488333 0.433333 0.007500 0.018333
2 0.806667 0.423333 0.020833 0.080000
2 0.125833 0.561667 0.023333 0.106667
3 0.754167 0.451667 0.007500 0.015000
3 0.165833 0.490000 0.011667 0.020000
2 0.215833 0.596667 0.010000 0.031667
3 0.479167 0.553333 0.006667 0.018333
3 0.597500 0.521667 0.014167 0.025000
2 0.048333 0.543333 0.023333 0.041667
2 0.643333 0.513333 0.009167 0.031667
2 0.317500 0.565000 0.030833 0.051667
3 0.581667 0.476667 0.007500 0.016667
2 0.704167 0.471667 0.011667 0.025000
3 0.287500 0.516667 0.009167 0.016667
3 0.824167 0.550000 0.008333 0.021667
2 0.719167 0.443333 0.035000 0.105000
2 0.396667 0.576667 0.013333 0.070000
3 0.078333 0.585000 0.017500 0.031667
3 0.551667 0.498333 0.008333 0.016667
3 0.487500 0.558333 0.006667 0.018333
3 0.629167 0.573333 0.008333 0.016667
3 0.641667 0.570000 0.009167 0.018333
3 0.480000 0.558333 0.010000 0.020000
3 0.460833 0.525000 0.010000 0.020000
3 0.155833 0.506667 0.011667 0.020000
2 0.462500 0.571667 0.058333 0.076667
2 0.210000 0.385000 0.035000 0.105000
3 0.414167 0.743333 0.010833 0.013333
3 0.778333 0.333333 0.009167 0.018333
2 0.342500 0.400000 0.048333 0.025000
3 0.728333 0.611667 0.010833 0.023333
2 0.424167 0.706667 0.035000 0.105000
2 0.270000 0.705000 0.048333 0.043333
3 0.725833 0.795000 0.007500 0.018333
3 0.765000 0.703333 0.007500 0.018333
3 0.505833 0.326667 0.010000 0.020000
3 0.776667 0.428333 0.013333 0.031667
3 0.814167 0.393333 0.009167 0.018333
3 0.690000 0.390000 0.009167 0.023333
2 0.358333 0.770000 0.010000 0.031667
3 0.558333 0.321667 0.008333 0.016667
3 0.485000 0.748333 0.010833 0.013333
2 0.419167 0.735000 0.034167 0.038333
3 0.785000 0.605000 0.010833 0.023333
3 0.422500 0.380000 0.017500 0.031667
3 0.650000 0.453333 0.015833 0.051667
3 0.459167 0.881667 0.007500 0.016667
3 0.345833 0.721667 0.007500 0.015000
3 0.351667 0.335000 0.008333 0.016667
2 0.631667 0.443333 0.026667 0.035000
2 0.613333 0.763333 0.011667 0.025000
2 0.220833 0.451667 0.013333 0.070000
2 0.745833 0.638333 0.015833 0.068333
2 0.779167 0.340000 0.011667 0.025000
2 0.289167 0.870000 0.023333 0.106667
3 0.508333 0.318333 0.009167 0.018333
2 0.630000 0.400000 0.035000 0.105000
2 0.609167 0.630000 0.034167 0.038333
2 0.388333 0.356667 0.026667 0.035000
2 0.508333 0.756667 0.023333 0.041667
2 0.552500 0.435000 0.023333 0.041667
2 0.500000 0.223333 0.034167 0.100000
2 0.320833 0.676667 0.011667 0.066667
3 0.697500 0.713333 0.006667 0.018333
3 0.747500 0.393333 0.007500 0.016667
3 0.328333 0.736667 0.017500 0.031667
2 0.766667 0.366667 0.010000 0.031667
2 0.355000 0.625000 0.009167 0.040000
3 0.482500 0.313333 0.013333 0.031667
2 0.295833 0.450000 0.045833 0.021667
3 0.592500 0.405000 0.010833 0.013333
2 0.279167 0.386667 0.097500 0.053333
2 0.522500 0.446667 0.048333 0.025000
3 0.674167 0.645000 0.011667 0.030000
3 0.625833 0.350000 0.007500 0.015000
3 0.299167 0.736667 0.008333 0.016667
3 0.255833 0.230000 0.008333 0.016667
2 0.510000 0.641667 0.022500 0.023333
3 0.465833 0.261667 0.010833 0.023333
3 0.405000 0.795000 0.007500 0.015000
3 0.768333 0.373333 0.009167 0.018333
3 0.730833 0.365000 0.009167 0.023333
2 0.273333 0.821667 0.045833 0.021667
3 0.712500 0.681667 0.009167 0.015000
2 0.450000 0.736667 0.019167 0.046667
2 0.675000 0.435000 0.009167 0.031667
3 0.347500 0.788333 0.008333 0.016667
2 0.701667 0.586667 0.097500 0.053333
3 0.312500 0.371667 0.009167 0.015000
2 0.650000 0.373333 0.020833 0.080000
2 0.346667 0.796667 0.009167 0.031667
2 0.707500 0.448333 0.020833 0.080000
2 0.660000 0.643333 0.048333 0.043333
2 0.265000 0.708333 0.020833 0.028333
2 0.387500 0.758333 0.013333 0.070000
3 0.703333 0.615000 0.007500 0.015000
3 0.294167 0.716667 0.007500 0.015000
3 0.641667 0.621667 0.007500 0.015000
3 0.311667 0.300000 0.007500 0.018333
2 0.526667 0.310000 0.048333 0.043333
2 0.700000 0.423333 0.013333 0.070000
3 0.485833 0.321667 0.010833 0.023333
3 0.490000 0.738333 0.013333 0.031667
3 0.785833 0.420000 0.009167 0.023333
2 0.712500 0.708333 0.009167 0.040000
2 0.442500 0.338333 0.011667 0.025000
3 0.555000 0.340000 0.007500 0.015000
3 0.485833 0.375000 0.009167 0.016667
3 0.320000 0.721667 0.011667 0.030000
3 0.453333 0.368333 0.008333 0.016667
3 0.508333 0.320000 0.009167 0.016667
2 0.751667 0.751667 0.010833 0.091667
2 0.755000 0.606667 0.048333 0.025000
3 0.625000 0.363333 0.008333 0.016667
2 0.751667 0.395000 0.015833 0.068333
3 0.689167 0.340000 0.009167 0.023333
2 0.510000 0.626667 0.097500 0.053333
3 0.675000 0.640000 0.010000 0.016667
2 0.690833 0.621667 0.015833 0.068333
2 0.739167 0.623333 0.045833 0.021667
3 0.697500 0.368333 0.008333 0.021667
2 0.705000 0.336667 0.020833 0.028333
3 0.461667 0.665000 0.007500 0.016667
2 0.472500 0.643333 0.027500 0.016667
2 0.732500 0.796667 0.029167 0.038333
3 0.767500 0.593333 0.010000 0.016667
2 0.280000 0.830000 0.023333 0.041667
3 0.465000 0.690000 0.007500 0.018333
3 0.695833 0.610000 0.007500 0.018333
2 0.645833 0.445000 0.021667 0.090000
2 0.679167 0.691667 0.048333 0.025000
2 0.693333 0.730000 0.048333 0.025000
3 0.428333 0.660000 0.017500 0.031667
2 0.213333 0.648333 0.019167 0.046667
3 0.801667 0.415000 0.010833 0.013333
2 0.735833 0.353333 0.023333 0.041667
2 0.680000 0.323333 0.034167 0.038333
3 0.290833 0.783333 0.007500 0.015000
3 0.757500 0.403333 0.007500 0.018333
2 0.309167 0.356667 0.015833 0.068333
3 0.409167 0.390000 0.008333 0.016667
3 0.325000 0.708333 0.010000 0.020000
3 0.606667 0.658333 0.007500 0.015000
2 0.401667 0.688333 0.011667 0.025000
3 0.474167 0.323333 0.009167 0.015000
2 0.346667 0.751667 0.027500 0.016667
3 0.289167 0.411667 0.006667 0.018333
3 0.323333 0.271667 0.008333 0.016667
3 0.795000 0.716667 0.013333 0.015000
2 0.320000 0.365000 0.017500 0.116667
2 0.623333 0.420000 0.058333 0.076667
2 0.550833 0.738333 0.009167 0.040000
2 0.400833 0.708333 0.019167 0.046667
3 0.697500 0.718333 0.008333 0.016667
2 0.530833 0.353333 0.011667 0.066667
3 0.685833 0.661667 0.009167 0.018333
3 0.776667 0.698333 0.013333 0.015000
2 0.428333 0.710000 0.058333 0.076667
3 0.287500 0.763333 0.010833 0.013333
2 0.799167 0.623333 0.009167 0.040000
2 0.704167 0.620000 0.023333 0.041667
2 0.553333 0.651667 0.015833 0.068333
2 0.685833 0.786667 0.048333 0.043333
2 0.477500 0.661667 0.030833 0.051667
2 0.782500 0.371667 0.017500 0.116667
3 0.704167 0.670000 0.009167 0.016667
2 0.468333 0.373333 0.048333 0.043333
2 0.650000 0.710000 0.020833 0.080000
2 0.573333 0.315000 0.027500 0.016667
3 0.625000 0.361667 0.007500 0.015000
2 0.795000 0.685000 0.013333 0.070000
3 0.802500 0.633333 0.014167 0.025000
3 0.551667 0.726667 0.007500 0.015000
3 0.638333 0.671667 0.006667 0.018333
2 0.790000 0.758333 0.010833 0.091667
2 0.270000 0.698333 0.009167 0.031667
2 0.272500 0.446667 0.026667 0.035000
2 0.590000 0.625000 0.058333 0.076667
2 0.545833 0.388333 0.020000 0.021667
2 0.666667 0.331667 0.029167 0.038333
2 0.678333 0.440000 0.021667 0.090000
2 0.665000 0.608333 0.097500 0.053333
2 0.530833 0.288333 0.019167 0.046667
3 0.479167 0.701667 0.009167 0.015000
2 0.491667 0.285000 0.097500 0.053333
2 0.707500 0.675000 0.030833 0.051667
2 0.735833 0.686667 0.020000 0.021667
3 0.795833 0.655000 0.010833 0.013333
2 0.761667 0.381667 0.058333 0.076667
3 0.241667 0.223333 0.010000 0.020000
3 0.763333 0.335000 0.007500 0.015000
3 0.485833 0.640000 0.007500 0.018333
3 0.314167 0.208333 0.008333 0.016667
3 0.337500 0.255000 0.007500 0.015000
2 0.733333 0.610000 0.058333 0.076667
2 0.735833 0.291667 0.023333 0.106667
2 0.381667 0.356667 0.020833 0.028333
2 0.702500 0.435000 0.017500 0.116667
2 0.317500 0.821667 0.030833 0.051667
2 0.610833 0.655000 0.023333 0.106667
2 0.432500 0.786667 0.020833 0.080000
3 0.349167 0.408333 0.017500 0.031667
2 0.700833 0.405000 0.014167 0.015000
2 0.609167 0.416667 0.048333 0.025000
3 0.785833 0.410000 0.014167 0.025000
3 0.516667 0.293333 0.011667 0.020000
3 0.268333 0.733333 0.007500 0.016667
2 0.754167 0.385000 0.029167 0.038333
3 0.275833 0.771667 0.010833 0.023333
2 0.334167 0.858333 0.026667 0.035000
3 0.726667 0.600000 0.007500 0.018333
2 0.695833 0.388333 0.020833 0.028333
2 0.520000 0.310000 0.048333 0.043333
3 0.547500 0.420000 0.007500 0.018333
2 0.563333 0.745000 0.014167 0.015000
3 0.680000 0.356667 0.006667 0.018333
3 0.485833 0.638333 0.007500 0.015000
3 0.272500 0.345000 0.007500 0.015000
2 0.733333 0.571667 0.058333 0.076667
3 0.785833 0.401667 0.009167 0.018333
3 0.309167 0.368333 0.010000 0.020000
3 0.685000 0.618333 0.010833 0.023333
2 0.740000 0.635000 0.020833 0.080000
2 0.710833 0.600000 0.019167 0.046667
