4 0.902500 0.485000 0.031667 0.046667
4 0.814167 0.411667 0.118333 0.046667
4 0.848333 0.718333 0.084167 0.218333
4 0.870833 0.475000 0.080833 0.071667
4 0.770833 0.755000 0.180000 0.361667
4 0.748333 0.600000 0.212500 0.095000
4 0.864167 0.673333 0.130833 0.168333
4 0.807500 0.625000 0.078333 0.106667
4 0.829167 0.343333 0.068333 0.066667
4 0.879167 0.676667 0.105000 0.235000
4 0.060833 0.523333 0.120000 0.071667
4 0.086667 0.570000 0.073333 0.065000
4 0.443333 0.535000 0.067500 0.018333
4 0.360000 0.470000 0.035833 0.060000
4 0.689167 0.470000 0.045000 0.053333
4 0.302500 0.530000 0.087500 0.035000
4 0.414167 0.596667 0.096667 0.131667
4 0.762500 0.526667 0.055000 0.101667
4 0.699167 0.435000 0.222500 0.268333
4 0.453333 0.458333 0.128333 0.175000
2 0.312500 0.576667 0.023333 0.106667
3 0.600833 0.616667 0.007500 0.018333
3 0.739167 0.581667 0.017500 0.031667
3 0.634167 0.468333 0.010000 0.016667
2 0.275000 0.495000 0.027500 0.016667
2 0.304167 0.485000 0.048333 0.043333
2 0.437500 0.583333 0.013333 0.070000
2 0.465000 0.501667 0.009167 0.031667
3 0.825000 0.593333 0.010833 0.013333
2 0.293333 0.560000 0.020000 0.021667
2 0.705833 0.521667 0.011667 0.025000
3 0.721667 0.570000 0.008333 0.021667
3 0.111667 0.516667 0.011667 0.030000
2 0.459167 0.505000 0.034167 0.100000
3 0.245833 0.443333 0.008333 0.016667
3 0.115000 0.516667 0.017500 0.031667
3 0.127500 0.483333 0.007500 0.015000
3 0.428333 0.510000 0.017500 0.031667
2 0.172500 0.478333 0.026667 0.035000
3 0.308333 0.566667 0.006667 0.018333
2 0.425000 0.470000 0.015833 0.068333
2 0.814167 0.540000 0.020833 0.080000
2 0.302500 0.508333 0.029167 0.038333
2 0.194167 0.488333 0.009167 0.040000
3 0.451667 0.531667 0.015833 0.051667
2 0.766667 0.520000 0.020833 0.080000
2 0.679167 0.491667 0.011667 0.025000
2 0.382500 0.485000 0.058333 0.076667
2 0.717500 0.510000 0.020000 0.021667
2 0.707500 0.556667 0.023333 0.041667
2 0.600000 0.526667 0.015833 0.068333
3 0.680000 0.503333 0.007500 0.018333
3 0.484167 0.521667 0.013333 0.015000
3 0.643333 0.536667 0.011667 0.030000
2 0.348333 0.543333 0.022500 0.023333
2 0.653333 0.560000 0.030833 0.051667
2 0.733333 0.516667 0.058333 0.076667
3 0.623333 0.441667 0.014167 0.025000
2 0.795000 0.525000 0.048333 0.025000
3 0.684167 0.560000 0.007500 0.018333
3 0.066667 0.463333 0.008333 0.016667
2 0.324167 0.553333 0.048333 0.043333
2 0.300833 0.586667 0.010000 0.031667
3 0.085833 0.483333 0.008333 0.016667
2 0.337500 0.520000 0.048333 0.043333
3 0.717500 0.535000 0.007500 0.015000
3 0.059167 0.488333 0.007500 0.018333
3 0.712500 0.531667 0.010833 0.013333
2 0.262500 0.466667 0.017500 0.116667
3 0.446667 0.536667 0.008333 0.021667
2 0.205833 0.448333 0.020833 0.080000
2 0.162500 0.508333 0.010000 0.031667
2 0.660000 0.553333 0.048333 0.025000
3 0.041667 0.476667 0.009167 0.015000
3 0.589167 0.468333 0.009167 0.016667
2 0.610000 0.473333 0.045833 0.021667
2 0.262500 0.461667 0.020000 0.021667
3 0.505833 0.496667 0.007500 0.015000
3 0.093333 0.480000 0.011667 0.020000
3 0.738333 0.476667 0.007500 0.015000
3 0.653333 0.505000 0.007500 0.016667
2 0.175833 0.480000 0.020000 0.021667
3 0.653333 0.566667 0.009167 0.016667
3 0.533333 0.528333 0.007500 0.015000
3 0.658333 0.490000 0.009167 0.023333
2 0.337500 0.573333 0.023333 0.041667
3 0.052500 0.565000 0.014167 0.025000
2 0.164167 0.441667 0.034167 0.038333
2 0.745833 0.498333 0.015833 0.068333
3 0.484167 0.566667 0.014167 0.025000
2 0.806667 0.648333 0.026667 0.035000
3 0.283333 0.510000 0.007500 0.018333
2 0.189167 0.453333 0.022500 0.023333
3 0.050833 0.521667 0.009167 0.018333
3 0.346667 0.553333 0.008333 0.016667
2 0.548333 0.531667 0.034167 0.100000
2 0.513333 0.541667 0.034167 0.100000
3 0.225833 0.490000 0.007500 0.018333
2 0.120833 0.446667 0.015833 0.068333
2 0.244167 0.535000 0.023333 0.041667
2 0.815833 0.518333 0.023333 0.106667
2 0.166667 0.551667 0.058333 0.076667
3 0.130000 0.451667 0.008333 0.016667
2 0.406667 0.550000 0.048333 0.025000
3 0.705833 0.566667 0.017500 0.031667
3 0.207500 0.478333 0.007500 0.018333
2 0.196667 0.481667 0.010833 0.091667
3 0.494167 0.413333 0.006667 0.018333
3 0.555833 0.475000 0.014167 0.025000
3 0.510833 0.536667 0.008333 0.021667
3 0.426667 0.516667 0.009167 0.016667
3 0.043333 0.560000 0.010833 0.023333
2 0.601667 0.575000 0.022500 0.023333
3 0.058333 0.535000 0.008333 0.016667
2 0.768333 0.476667 0.014167 0.015000
3 0.114167 0.466667 0.007500 0.016667
2 0.325833 0.495000 0.015833 0.068333
2 0.287500 0.508333 0.034167 0.038333
2 0.401667 0.551667 0.023333 0.106667
2 0.304167 0.556667 0.045833 0.021667
3 0.707500 0.556667 0.007500 0.018333
2 0.073333 0.540000 0.010000 0.031667
2 0.462500 0.325000 0.022500 0.023333
2 0.295000 0.751667 0.045833 0.021667
3 0.785833 0.351667 0.009167 0.023333
2 0.530000 0.300000 0.030833 0.051667
3 0.739167 0.688333 0.008333 0.016667
2 0.330000 0.400000 0.009167 0.031667
2 0.679167 0.378333 0.019167 0.046667
3 0.333333 0.400000 0.009167 0.016667
3 0.532500 0.728333 0.014167 0.025000
2 0.588333 0.623333 0.014167 0.015000
2 0.565000 0.725000 0.010833 0.091667
3 0.777500 0.705000 0.011667 0.030000
2 0.529167 0.766667 0.020833 0.080000
3 0.755000 0.330000 0.013333 0.015000
3 0.551667 0.728333 0.007500 0.018333
2 0.740000 0.381667 0.020000 0.021667
2 0.563333 0.661667 0.020833 0.028333
2 0.660000 0.381667 0.020833 0.080000
3 0.806667 0.631667 0.008333 0.016667
2 0.753333 0.658333 0.009167 0.031667
2 0.280833 0.378333 0.048333 0.043333
2 0.557500 0.368333 0.013333 0.070000
2 0.724167 0.328333 0.011667 0.066667
2 0.700833 0.690000 0.020000 0.021667
3 0.726667 0.601667 0.011667 0.020000
3 0.519167 0.263333 0.008333 0.016667
3 0.327500 0.676667 0.008333 0.021667
3 0.725000 0.793333 0.009167 0.018333
2 0.642500 0.383333 0.011667 0.066667
3 0.660833 0.446667 0.010000 0.020000
3 0.729167 0.673333 0.006667 0.018333
3 0.779167 0.331667 0.007500 0.015000
2 0.639167 0.375000 0.020833 0.028333
2 0.334167 0.316667 0.015833 0.068333
3 0.797500 0.718333 0.008333 0.016667
3 0.751667 0.593333 0.014167 0.025000
3 0.750833 0.626667 0.009167 0.018333
2 0.781667 0.390000 0.019167 0.046667
2 0.453333 0.411667 0.023333 0.041667
3 0.545833 0.653333 0.006667 0.018333
3 0.473333 0.311667 0.010000 0.020000
2 0.555833 0.460000 0.021667 0.090000
3 0.678333 0.433333 0.006667 0.018333
2 0.334167 0.366667 0.017500 0.116667
2 0.625000 0.375000 0.009167 0.031667
3 0.770833 0.383333 0.008333 0.021667
2 0.804167 0.601667 0.015833 0.068333
3 0.696667 0.671667 0.009167 0.016667
2 0.761667 0.330000 0.011667 0.025000
2 0.643333 0.436667 0.017500 0.116667
3 0.665000 0.396667 0.007500 0.015000
2 0.752500 0.638333 0.097500 0.053333
2 0.300833 0.265000 0.048333 0.025000
2 0.229167 0.345000 0.026667 0.035000
2 0.386667 0.733333 0.021667 0.090000
2 0.400833 0.411667 0.010833 0.091667
3 0.571667 0.638333 0.008333 0.016667
2 0.539167 0.688333 0.014167 0.015000
2 0.488333 0.386667 0.020000 0.021667
3 0.699167 0.676667 0.008333 0.016667
2 0.765000 0.635000 0.034167 0.100000
3 0.746667 0.710000 0.008333 0.021667
2 0.146667 0.628333 0.097500 0.053333
3 0.300000 0.276667 0.010833 0.013333
3 0.710000 0.608333 0.017500 0.031667
3 0.667500 0.338333 0.007500 0.015000
3 0.463333 0.716667 0.009167 0.016667
3 0.652500 0.373333 0.013333 0.031667
2 0.817500 0.685000 0.019167 0.046667
3 0.695833 0.358333 0.013333 0.031667
2 0.305833 0.653333 0.026667 0.035000
2 0.769167 0.753333 0.020833 0.080000
2 0.796667 0.675000 0.020833 0.080000
3 0.700833 0.333333 0.015833 0.051667
2 0.804167 0.611667 0.034167 0.038333
2 0.326667 0.676667 0.014167 0.015000
3 0.752500 0.613333 0.009167 0.015000
3 0.477500 0.743333 0.010000 0.016667
2 0.412500 0.745000 0.014167 0.015000
3 0.758333 0.591667 0.007500 0.015000
3 0.654167 0.666667 0.013333 0.015000
2 0.365833 0.791667 0.020833 0.080000
3 0.291667 0.686667 0.015833 0.051667
2 0.299167 0.361667 0.020000 0.021667
2 0.717500 0.653333 0.013333 0.070000
3 0.745000 0.646667 0.017500 0.031667
3 0.496667 0.403333 0.009167 0.023333
2 0.298333 0.631667 0.020833 0.080000
3 0.312500 0.208333 0.011667 0.020000
2 0.365833 0.408333 0.034167 0.100000
3 0.483333 0.811667 0.007500 0.018333
2 0.341667 0.426667 0.027500 0.016667
3 0.747500 0.703333 0.010000 0.020000
3 0.306667 0.696667 0.014167 0.025000
2 0.780833 0.595000 0.017500 0.116667
2 0.755833 0.388333 0.030833 0.051667
3 0.793333 0.645000 0.008333 0.016667
3 0.392500 0.706667 0.009167 0.016667
3 0.286667 0.265000 0.009167 0.023333
2 0.785000 0.610000 0.058333 0.076667
2 0.244167 0.248333 0.030833 0.051667
2 0.735833 0.593333 0.045833 0.021667
3 0.670833 0.650000 0.008333 0.016667
2 0.716667 0.388333 0.020833 0.080000
3 0.571667 0.661667 0.009167 0.015000
3 0.301667 0.748333 0.009167 0.016667
2 0.474167 0.648333 0.058333 0.076667
2 0.704167 0.428333 0.010000 0.031667
3 0.630000 0.660000 0.009167 0.023333
3 0.470000 0.371667 0.009167 0.016667
3 0.517500 0.365000 0.008333 0.016667
2 0.612500 0.376667 0.034167 0.100000
3 0.700833 0.276667 0.009167 0.023333
3 0.684167 0.631667 0.009167 0.018333
2 0.331667 0.336667 0.048333 0.025000
2 0.368333 0.376667 0.030833 0.051667
2 0.577500 0.350000 0.097500 0.053333
2 0.582500 0.635000 0.026667 0.035000
2 0.293333 0.748333 0.010833 0.091667
3 0.340000 0.305000 0.009167 0.016667
2 0.675833 0.333333 0.011667 0.025000
2 0.755833 0.398333 0.020833 0.080000
2 0.788333 0.661667 0.030833 0.051667
2 0.774167 0.593333 0.014167 0.015000
2 0.649167 0.426667 0.020833 0.080000
2 0.693333 0.663333 0.010000 0.031667
3 0.466667 0.258333 0.009167 0.015000
3 0.720000 0.626667 0.007500 0.018333
3 0.548333 0.630000 0.007500 0.015000
3 0.520000 0.276667 0.007500 0.015000
2 0.546667 0.665000 0.015833 0.068333
2 0.276667 0.763333 0.020000 0.021667
3 0.699167 0.300000 0.009167 0.016667
2 0.325000 0.785000 0.015833 0.068333
3 0.739167 0.653333 0.006667 0.018333
2 0.697500 0.998333 0.034167 0.001667
2 0.722500 0.595000 0.009167 0.040000
2 0.732500 0.408333 0.010833 0.091667
2 0.649167 0.380000 0.026667 0.035000
2 0.465000 0.810000 0.010000 0.031667
2 0.218333 0.583333 0.034167 0.038333
2 0.265000 0.335000 0.035000 0.105000
3 0.565000 0.440000 0.007500 0.015000
3 0.713333 0.418333 0.009167 0.016667
3 0.737500 0.691667 0.010000 0.016667
2 0.374167 0.726667 0.015833 0.068333
3 0.405833 0.725000 0.009167 0.016667
2 0.610000 0.416667 0.030833 0.051667
2 0.803333 0.696667 0.048333 0.043333
2 0.659167 0.436667 0.048333 0.025000
2 0.530833 0.281667 0.014167 0.015000
3 0.747500 0.701667 0.008333 0.016667
3 0.777500 0.605000 0.008333 0.016667
2 0.436667 0.328333 0.022500 0.023333
2 0.470833 0.291667 0.023333 0.106667
2 0.329167 0.415000 0.014167 0.015000
2 0.718333 0.641667 0.015833 0.068333
2 0.477500 0.808333 0.020000 0.021667
3 0.403333 0.718333 0.014167 0.025000
2 0.333333 0.658333 0.023333 0.041667
3 0.316667 0.253333 0.008333 0.016667
2 0.723333 0.620000 0.011667 0.025000
2 0.762500 0.365000 0.017500 0.116667
2 0.753333 0.385000 0.058333 0.076667
3 0.763333 0.401667 0.007500 0.015000
3 0.485833 0.640000 0.008333 0.016667
3 0.680000 0.340000 0.007500 0.015000
2 0.437500 0.801667 0.020000 0.021667
2 0.462500 0.683333 0.009167 0.040000
3 0.735000 0.643333 0.009167 0.016667
2 0.674167 0.668333 0.058333 0.076667
3 0.428333 0.811667 0.007500 0.016667
3 0.449167 0.286667 0.011667 0.030000
2 0.510000 0.308333 0.020000 0.021667
2 0.654167 0.388333 0.029167 0.038333
3 0.539167 0.733333 0.009167 0.018333
3 0.540000 0.281667 0.010833 0.023333
3 0.310000 0.386667 0.013333 0.031667
2 0.550000 0.311667 0.015833 0.068333
2 0.675000 0.266667 0.009167 0.031667
3 0.541667 0.340000 0.010000 0.016667
2 0.140000 0.651667 0.014167 0.015000
3 0.345000 0.650000 0.009167 0.015000
2 0.704167 0.421667 0.010000 0.031667
3 0.745833 0.780000 0.010000 0.016667
2 0.156667 0.438333 0.013333 0.070000
3 0.525833 0.615000 0.014167 0.025000
3 0.642500 0.633333 0.007500 0.015000
3 0.534167 0.348333 0.007500 0.016667
3 0.652500 0.441667 0.010833 0.013333
2 0.529167 0.401667 0.014167 0.015000
2 0.669167 0.673333 0.020000 0.021667
2 0.745833 0.440000 0.013333 0.070000
2 0.435833 0.668333 0.034167 0.038333
3 0.694167 0.271667 0.008333 0.016667
2 0.549167 0.693333 0.019167 0.046667
2 0.766667 0.345000 0.015833 0.068333
2 0.558333 0.690000 0.010833 0.091667
