4 0.802500 0.493333 0.110833 0.091667
4 0.863333 0.551667 0.116667 0.076667
4 0.740000 0.471667 0.252500 0.260000
4 0.882500 0.560000 0.056667 0.111667
4 0.833333 0.575000 0.087500 0.205000
4 0.836667 0.576667 0.124167 0.105000
4 0.786667 0.446667 0.146667 0.088333
4 0.831667 0.465000 0.118333 0.051667
4 0.810000 0.673333 0.209167 0.136667
4 0.800000 0.436667 0.177500 0.321667
4 0.636667 0.530000 0.045833 0.055000
4 0.340833 0.640000 0.119167 0.165000
4 0.638333 0.431667 0.248333 0.186667
4 0.741667 0.581667 0.065000 0.091667
4 0.679167 0.493333 0.058333 0.023333
4 0.163333 0.491667 0.125000 0.095000
4 0.773333 0.528333 0.076667 0.025000
4 0.493333 0.525000 0.110000 0.056667
4 0.518333 0.545000 0.170833 0.063333
4 0.461667 0.608333 0.153333 0.185000
2 0.035000 0.450000 0.020833 0.080000
2 0.320833 0.461667 0.019167 0.046667
3 0.746667 0.515000 0.008333 0.016667
2 0.821667 0.655000 0.023333 0.041667
3 0.463333 0.483333 0.007500 0.015000
3 0.725833 0.566667 0.006667 0.018333
2 0.076667 0.590000 0.020833 0.080000
2 0.762500 0.475000 0.097500 0.053333
2 0.336667 0.461667 0.020833 0.028333
3 0.116667 0.463333 0.007500 0.016667
2 0.341667 0.500000 0.030833 0.051667
3 0.547500 0.485000 0.015833 0.051667
2 0.547500 0.463333 0.011667 0.066667
2 0.033333 0.501667 0.026667 0.035000
3 0.022500 0.558333 0.009167 0.018333
3 0.352500 0.575000 0.013333 0.015000
2 0.749167 0.481667 0.058333 0.076667
3 0.601667 0.466667 0.009167 0.016667
3 0.442500 0.560000 0.008333 0.016667
3 0.315000 0.591667 0.008333 0.016667
2 0.781667 0.611667 0.097500 0.053333
3 0.177500 0.585000 0.011667 0.030000
2 0.383333 0.510000 0.020833 0.080000
3 0.452500 0.481667 0.017500 0.031667
2 0.023333 0.508333 0.020833 0.080000
3 0.293333 0.585000 0.009167 0.023333
3 0.824167 0.526667 0.007500 0.016667
3 0.435000 0.601667 0.010000 0.016667
3 0.290000 0.540000 0.009167 0.016667
3 0.127500 0.453333 0.008333 0.021667
3 0.230833 0.476667 0.011667 0.030000
3 0.270000 0.473333 0.010000 0.016667
2 0.593333 0.635000 0.023333 0.041667
3 0.477500 0.575000 0.009167 0.016667
2 0.220000 0.531667 0.020000 0.021667
3 0.513333 0.581667 0.008333 0.021667
3 0.340833 0.580000 0.009167 0.016667
3 0.636667 0.538333 0.007500 0.016667
3 0.786667 0.463333 0.009167 0.016667
2 0.703333 0.613333 0.034167 0.100000
2 0.068333 0.573333 0.013333 0.070000
2 0.091667 0.538333 0.034167 0.038333
2 0.227500 0.511667 0.015833 0.068333
2 0.424167 0.581667 0.026667 0.035000
3 0.335833 0.603333 0.009167 0.016667
2 0.742500 0.576667 0.023333 0.041667
2 0.585000 0.526667 0.097500 0.053333
2 0.396667 0.566667 0.020833 0.028333
3 0.728333 0.498333 0.007500 0.015000
2 0.524167 0.460000 0.029167 0.038333
2 0.662500 0.558333 0.009167 0.031667
2 0.791667 0.453333 0.045833 0.021667
2 0.186667 0.448333 0.020833 0.028333
3 0.440833 0.503333 0.008333 0.016667
2 0.365833 0.461667 0.035000 0.105000
3 0.698333 0.566667 0.009167 0.016667
3 0.047500 0.566667 0.007500 0.015000
2 0.114167 0.585000 0.023333 0.041667
3 0.259167 0.566667 0.010000 0.016667
2 0.325000 0.493333 0.048333 0.043333
2 0.555000 0.496667 0.014167 0.015000
3 0.167500 0.506667 0.013333 0.031667
2 0.141667 0.585000 0.017500 0.116667
3 0.484167 0.566667 0.009167 0.023333
2 0.022500 0.561667 0.045000 0.076667
3 0.174167 0.501667 0.015833 0.051667
3 0.075000 0.541667 0.009167 0.016667
3 0.230833 0.516667 0.009167 0.015000
3 0.566667 0.470000 0.006667 0.018333
2 0.183333 0.525000 0.011667 0.066667
2 0.689167 0.566667 0.023333 0.106667
2 0.649167 0.473333 0.017500 0.116667
2 0.795000 0.466667 0.011667 0.025000
2 0.231667 0.481667 0.020000 0.021667
3 0.528333 0.525000 0.011667 0.020000
3 0.302500 0.483333 0.009167 0.018333
2 0.023333 0.556667 0.011667 0.066667
3 0.066667 0.548333 0.015833 0.051667
2 0.250833 0.518333 0.048333 0.025000
2 0.774167 0.478333 0.035000 0.105000
2 0.415000 0.566667 0.023333 0.106667
3 0.605833 0.475000 0.011667 0.030000
3 0.255000 0.481667 0.010833 0.013333
2 0.219167 0.561667 0.019167 0.046667
2 0.455833 0.495000 0.017500 0.116667
3 0.047500 0.553333 0.008333 0.021667
3 0.762500 0.565000 0.009167 0.023333
3 0.200833 0.435000 0.009167 0.016667
3 0.138333 0.498333 0.009167 0.016667
2 0.310000 0.486667 0.035000 0.105000
3 0.447500 0.590000 0.008333 0.021667
2 0.268333 0.450000 0.009167 0.040000
2 0.547500 0.528333 0.020833 0.080000
3 0.029167 0.485000 0.010000 0.020000
3 0.359167 0.565000 0.010833 0.013333
3 0.190833 0.470000 0.010833 0.013333
3 0.065000 0.516667 0.011667 0.020000
2 0.439167 0.578333 0.020833 0.080000
2 0.453333 0.498333 0.034167 0.038333
2 0.791667 0.588333 0.023333 0.106667
2 0.530000 0.568333 0.027500 0.016667
3 0.770000 0.505000 0.009167 0.016667
2 0.797500 0.651667 0.020000 0.021667
3 0.770833 0.360000 0.010833 0.023333
3 0.405833 0.375000 0.007500 0.018333
2 0.473333 0.778333 0.034167 0.100000
3 0.753333 0.386667 0.010833 0.023333
2 0.318333 0.715000 0.014167 0.015000
2 0.553333 0.998333 0.013333 0.001667
3 0.495833 0.330000 0.009167 0.023333
2 0.341667 0.256667 0.020833 0.080000
2 0.461667 0.755000 0.035000 0.105000
2 0.712500 0.725000 0.010000 0.031667
2 0.825000 0.418333 0.023333 0.106667
2 0.407500 0.733333 0.011667 0.066667
2 0.634167 0.371667 0.015833 0.068333
3 0.702500 0.621667 0.011667 0.020000
2 0.444167 0.391667 0.013333 0.070000
3 0.474167 0.795000 0.009167 0.016667
2 0.684167 0.688333 0.013333 0.070000
3 0.716667 0.418333 0.009167 0.023333
2 0.438333 0.668333 0.029167 0.038333
2 0.794167 0.390000 0.019167 0.046667
2 0.295000 0.646667 0.048333 0.025000
2 0.760000 0.401667 0.097500 0.053333
3 0.764167 0.701667 0.010000 0.020000
3 0.586667 0.186667 0.008333 0.016667
2 0.238333 0.371667 0.015833 0.068333
2 0.523333 0.276667 0.097500 0.053333
2 0.323333 0.323333 0.019167 0.046667
2 0.490833 0.790000 0.058333 0.076667
3 0.700000 0.415000 0.015833 0.051667
3 0.708333 0.688333 0.017500 0.031667
2 0.326667 0.673333 0.035000 0.105000
2 0.666667 0.711667 0.010000 0.031667
2 0.609167 0.371667 0.009167 0.040000
2 0.655833 0.713333 0.048333 0.043333
2 0.311667 0.391667 0.014167 0.015000
2 0.284167 0.301667 0.021667 0.090000
3 0.667500 0.383333 0.006667 0.018333
3 0.774167 0.603333 0.010000 0.020000
2 0.312500 0.398333 0.021667 0.090000
3 0.474167 0.368333 0.011667 0.020000
3 0.753333 0.386667 0.008333 0.016667
2 0.766667 0.573333 0.011667 0.066667
2 0.703333 0.276667 0.011667 0.025000
2 0.474167 0.648333 0.058333 0.076667
3 0.790833 0.415000 0.010833 0.013333
3 0.619167 0.383333 0.014167 0.025000
3 0.711667 0.350000 0.008333 0.021667
2 0.786667 0.641667 0.014167 0.015000
3 0.359167 0.771667 0.007500 0.015000
2 0.677500 0.708333 0.009167 0.040000
3 0.546667 0.421667 0.009167 0.023333
3 0.393333 0.378333 0.007500 0.018333
3 0.786667 0.686667 0.007500 0.015000
3 0.276667 0.278333 0.010833 0.013333
2 0.633333 0.635000 0.014167 0.015000
2 0.706667 0.398333 0.048333 0.043333
2 0.785833 0.346667 0.010000 0.031667
2 0.635000 0.475000 0.010833 0.091667
2 0.306667 0.383333 0.020000 0.021667
3 0.311667 0.720000 0.010833 0.023333
2 0.321667 0.340000 0.019167 0.046667
3 0.792500 0.646667 0.015833 0.051667
2 0.675833 0.431667 0.011667 0.066667
2 0.606667 0.310000 0.010000 0.031667
3 0.669167 0.415000 0.014167 0.025000
2 0.280833 0.676667 0.035000 0.105000
2 0.448333 0.675000 0.010000 0.031667
2 0.415833 0.650000 0.048333 0.025000
3 0.685833 0.330000 0.007500 0.015000
2 0.690000 0.628333 0.034167 0.038333
2 0.339167 0.711667 0.010000 0.031667
3 0.290833 0.825000 0.010833 0.013333
2 0.345833 0.301667 0.020833 0.028333
2 0.710000 0.363333 0.023333 0.041667
2 0.255833 0.790000 0.020833 0.028333
2 0.347500 0.791667 0.030833 0.051667
3 0.646667 0.411667 0.008333 0.016667
3 0.813333 0.403333 0.007500 0.018333
3 0.635000 0.381667 0.014167 0.025000
2 0.425833 0.395000 0.027500 0.016667
2 0.528333 0.426667 0.010833 0.091667
2 0.236667 0.386667 0.048333 0.043333
2 0.844167 0.321667 0.010000 0.031667
3 0.551667 0.390000 0.007500 0.016667
2 0.379167 0.795000 0.010833 0.091667
2 0.796667 0.728333 0.009167 0.031667
2 0.747500 0.640000 0.020833 0.028333
2 0.741667 0.376667 0.019167 0.046667
3 0.745833 0.710000 0.010000 0.020000
2 0.281667 0.401667 0.020833 0.028333
2 0.721667 0.650000 0.019167 0.046667
3 0.301667 0.403333 0.011667 0.030000
3 0.710000 0.630000 0.008333 0.016667
3 0.298333 0.341667 0.010833 0.023333
2 0.305833 0.323333 0.020833 0.080000
3 0.619167 0.681667 0.011667 0.030000
2 0.287500 0.708333 0.020833 0.028333
3 0.617500 0.648333 0.009167 0.016667
2 0.438333 0.660000 0.027500 0.016667
2 0.438333 0.798333 0.020833 0.080000
3 0.671667 0.618333 0.007500 0.015000
2 0.361667 0.401667 0.020833 0.080000
2 0.635833 0.641667 0.017500 0.116667
2 0.459167 0.381667 0.023333 0.041667
3 0.561667 0.248333 0.017500 0.031667
3 0.323333 0.270000 0.007500 0.018333
3 0.710000 0.365000 0.009167 0.016667
3 0.493333 0.761667 0.008333 0.016667
3 0.389167 0.650000 0.009167 0.016667
2 0.764167 0.721667 0.009167 0.031667
3 0.385000 0.710000 0.009167 0.023333
2 0.722500 0.756667 0.011667 0.066667
2 0.745000 0.658333 0.020833 0.080000
2 0.291667 0.336667 0.020833 0.080000
2 0.424167 0.631667 0.015833 0.068333
3 0.445833 0.775000 0.017500 0.031667
2 0.584167 0.633333 0.022500 0.023333
3 0.568333 0.296667 0.007500 0.016667
3 0.778333 0.613333 0.008333 0.021667
2 0.478333 0.298333 0.017500 0.116667
2 0.436667 0.365000 0.023333 0.041667
2 0.453333 0.708333 0.029167 0.038333
2 0.780000 0.678333 0.020833 0.028333
3 0.715833 0.345000 0.009167 0.016667
3 0.775000 0.713333 0.010833 0.023333
2 0.681667 0.328333 0.019167 0.046667
3 0.485833 0.860000 0.009167 0.018333
2 0.276667 0.418333 0.019167 0.046667
2 0.576667 0.638333 0.019167 0.046667
3 0.754167 0.625000 0.007500 0.018333
2 0.435833 0.645000 0.048333 0.025000
3 0.615000 0.645000 0.008333 0.016667
3 0.484167 0.750000 0.013333 0.015000
3 0.421667 0.653333 0.007500 0.015000
2 0.430833 0.353333 0.026667 0.035000
2 0.668333 0.611667 0.030833 0.051667
3 0.630000 0.655000 0.009167 0.015000
2 0.627500 0.393333 0.011667 0.066667
3 0.675000 0.680000 0.008333 0.021667
3 0.314167 0.720000 0.006667 0.018333
2 0.524167 0.336667 0.019167 0.046667
3 0.777500 0.603333 0.007500 0.016667
2 0.312500 0.746667 0.019167 0.046667
2 0.235833 0.776667 0.045833 0.021667
3 0.302500 0.408333 0.010000 0.016667
3 0.298333 0.703333 0.009167 0.015000
2 0.671667 0.373333 0.023333 0.106667
2 0.180000 0.650000 0.020000 0.021667
2 0.677500 0.663333 0.021667 0.090000
3 0.766667 0.643333 0.010833 0.013333
3 0.605833 0.383333 0.009167 0.016667
2 0.690833 0.658333 0.034167 0.100000
3 0.319167 0.370000 0.007500 0.015000
3 0.589167 0.743333 0.009167 0.015000
2 0.493333 0.741667 0.013333 0.070000
3 0.597500 0.721667 0.008333 0.021667
2 0.312500 0.335000 0.011667 0.025000
2 0.575000 0.628333 0.009167 0.031667
2 0.284167 0.753333 0.020833 0.080000
3 0.751667 0.625000 0.013333 0.031667
2 0.293333 0.400000 0.023333 0.106667
2 0.637500 0.641667 0.015833 0.068333
3 0.691667 0.618333 0.010000 0.020000
3 0.603333 0.316667 0.011667 0.020000
3 0.534167 0.300000 0.009167 0.016667
2 0.410833 0.805000 0.030833 0.051667
2 0.467500 0.615000 0.027500 0.016667
2 0.665000 0.613333 0.023333 0.041667
3 0.662500 0.398333 0.010000 0.020000
2 0.320833 0.306667 0.048333 0.025000
3 0.262500 0.395000 0.008333 0.016667
2 0.556667 0.248333 0.010833 0.091667
3 0.765000 0.365000 0.007500 0.018333
3 0.303333 0.663333 0.010833 0.023333
2 0.359167 0.301667 0.026667 0.035000
2 0.593333 0.418333 0.009167 0.031667
2 0.258333 0.771667 0.030833 0.051667
2 0.250000 0.373333 0.026667 0.035000
2 0.328333 0.648333 0.020000 0.021667
3 0.560000 0.426667 0.007500 0.015000
2 0.713333 0.395000 0.097500 0.053333
2 0.678333 0.453333 0.020833 0.080000
2 0.642500 0.386667 0.045833 0.021667
2 0.534167 0.438333 0.020833 0.080000
3 0.251667 0.396667 0.017500 0.031667
2 0.632500 0.373333 0.027500 0.016667
2 0.680000 0.690000 0.021667 0.090000
3 0.675000 0.323333 0.008333 0.021667
3 0.667500 0.666667 0.009167 0.018333
3 0.443333 0.893333 0.007500 0.015000
2 0.723333 0.278333 0.048333 0.043333
2 0.530833 0.718333 0.010000 0.031667
3 0.331667 0.710000 0.007500 0.016667
2 0.375000 0.821667 0.013333 0.070000
3 0.832500 0.411667 0.008333 0.016667
3 0.724167 0.405000 0.013333 0.031667
2 0.713333 0.388333 0.009167 0.031667
