4 0.803333 0.645000 0.076667 0.030000
4 0.786667 0.285000 0.140833 0.276667
4 0.809167 0.501667 0.190833 0.073333
4 0.778333 0.665000 0.273333 0.203333
4 0.843333 0.391667 0.035000 0.056667
4 0.800000 0.638333 0.085000 0.143333
4 0.823333 0.510000 0.099167 0.116667
4 0.849167 0.591667 0.107500 0.126667
4 0.810000 0.410000 0.094167 0.031667
4 0.871667 0.620000 0.052500 0.071667
4 0.449167 0.555000 0.076667 0.028333
4 0.584167 0.661667 0.134167 0.271667
4 0.637500 0.533333 0.043333 0.020000
4 0.640833 0.601667 0.093333 0.143333
4 0.400833 0.490000 0.065833 0.083333
4 0.681667 0.538333 0.051667 0.036667
4 0.410833 0.565000 0.072500 0.155000
4 0.480833 0.535000 0.042500 0.045000
4 0.614167 0.478333 0.057500 0.048333
4 0.313333 0.523333 0.063333 0.070000
2 0.750000 0.616667 0.010833 0.091667
2 0.438333 0.453333 0.015833 0.068333
2 0.610833 0.475000 0.030833 0.051667
2 0.725000 0.460000 0.048333 0.043333
3 0.076667 0.546667 0.007500 0.016667
2 0.368333 0.543333 0.010833 0.091667
2 0.412500 0.455000 0.020833 0.080000
3 0.192500 0.471667 0.017500 0.031667
2 0.237500 0.513333 0.011667 0.025000
2 0.380833 0.550000 0.009167 0.040000
3 0.430833 0.565000 0.011667 0.020000
2 0.209167 0.456667 0.058333 0.076667
2 0.364167 0.458333 0.015833 0.068333
2 0.575000 0.528333 0.021667 0.090000
3 0.340833 0.511667 0.008333 0.021667
3 0.607500 0.580000 0.014167 0.025000
3 0.312500 0.556667 0.010833 0.023333
3 0.587500 0.563333 0.010000 0.016667
2 0.461667 0.493333 0.020000 0.021667
2 0.384167 0.463333 0.017500 0.116667
3 0.029167 0.581667 0.007500 0.015000
3 0.750000 0.495000 0.009167 0.015000
2 0.450000 0.510000 0.020833 0.080000
3 0.345000 0.463333 0.011667 0.020000
3 0.095833 0.530000 0.013333 0.031667
3 0.690833 0.573333 0.007500 0.015000
3 0.262500 0.540000 0.008333 0.016667
2 0.119167 0.515000 0.034167 0.038333
3 0.223333 0.590000 0.013333 0.031667
2 0.285833 0.486667 0.045833 0.021667
2 0.778333 0.478333 0.048333 0.025000
2 0.280833 0.491667 0.020000 0.021667
2 0.174167 0.538333 0.030833 0.051667
3 0.166667 0.438333 0.014167 0.025000
2 0.444167 0.421667 0.058333 0.076667
3 0.588333 0.516667 0.009167 0.016667
3 0.566667 0.508333 0.009167 0.023333
2 0.361667 0.576667 0.017500 0.116667
3 0.185000 0.583333 0.009167 0.016667
2 0.192500 0.450000 0.035000 0.105000
2 0.721667 0.496667 0.045833 0.021667
2 0.276667 0.445000 0.097500 0.053333
2 0.159167 0.573333 0.023333 0.041667
3 0.781667 0.528333 0.009167 0.023333
3 0.390000 0.580000 0.009167 0.018333
2 0.593333 0.520000 0.017500 0.116667
3 0.345000 0.471667 0.014167 0.025000
2 0.350000 0.476667 0.009167 0.031667
2 0.114167 0.518333 0.013333 0.070000
2 0.534167 0.595000 0.023333 0.041667
3 0.803333 0.536667 0.009167 0.018333
3 0.447500 0.445000 0.009167 0.016667
3 0.160000 0.591667 0.006667 0.018333
2 0.230833 0.543333 0.017500 0.116667
2 0.815000 0.601667 0.023333 0.106667
3 0.413333 0.556667 0.017500 0.031667
3 0.186667 0.555000 0.008333 0.016667
2 0.678333 0.446667 0.019167 0.046667
3 0.649167 0.508333 0.009167 0.015000
3 0.599167 0.466667 0.010833 0.013333
3 0.276667 0.470000 0.013333 0.015000
3 0.825833 0.560000 0.010000 0.016667
3 0.244167 0.500000 0.013333 0.015000
3 0.280833 0.453333 0.009167 0.016667
3 0.660000 0.478333 0.008333 0.021667
2 0.161667 0.563333 0.023333 0.106667
3 0.817500 0.531667 0.009167 0.015000
2 0.112500 0.526667 0.010000 0.031667
3 0.805833 0.510000 0.006667 0.018333
3 0.084167 0.585000 0.011667 0.020000
2 0.329167 0.536667 0.021667 0.090000
2 0.287500 0.560000 0.023333 0.041667
3 0.427500 0.566667 0.007500 0.015000
2 0.485833 0.556667 0.017500 0.116667
3 0.473333 0.475000 0.010833 0.023333
2 0.296667 0.588333 0.009167 0.031667
2 0.106667 0.486667 0.023333 0.106667
2 0.191667 0.491667 0.027500 0.016667
3 0.387500 0.563333 0.011667 0.020000
2 0.743333 0.495000 0.020833 0.080000
3 0.519167 0.508333 0.010833 0.023333
2 0.324167 0.490000 0.023333 0.041667
2 0.420833 0.543333 0.011667 0.066667
3 0.707500 0.521667 0.007500 0.015000
2 0.207500 0.461667 0.026667 0.035000
2 0.076667 0.518333 0.011667 0.025000
3 0.157500 0.555000 0.008333 0.021667
2 0.803333 0.515000 0.048333 0.043333
3 0.432500 0.496667 0.009167 0.018333
3 0.070000 0.561667 0.007500 0.016667
2 0.756667 0.515000 0.020833 0.080000
3 0.100833 0.455000 0.014167 0.025000
2 0.083333 0.476667 0.029167 0.038333
2 0.045000 0.553333 0.009167 0.031667
2 0.563333 0.560000 0.014167 0.015000
3 0.472500 0.578333 0.009167 0.015000
2 0.234167 0.555000 0.013333 0.070000
2 0.050000 0.491667 0.015833 0.068333
2 0.457500 0.481667 0.011667 0.025000
2 0.227500 0.556667 0.097500 0.053333
2 0.764167 0.466667 0.011667 0.025000
2 0.763333 0.495000 0.048333 0.043333
2 0.784167 0.708333 0.021667 0.090000
3 0.156667 0.616667 0.007500 0.015000
2 0.661667 0.650000 0.026667 0.035000
2 0.722500 0.400000 0.009167 0.040000
2 0.697500 0.623333 0.011667 0.025000
2 0.781667 0.373333 0.010000 0.031667
2 0.584167 0.633333 0.023333 0.106667
3 0.655000 0.626667 0.009167 0.016667
2 0.667500 0.731667 0.058333 0.076667
3 0.573333 0.170000 0.010833 0.013333
3 0.738333 0.681667 0.014167 0.025000
2 0.370833 0.641667 0.045833 0.021667
2 0.678333 0.351667 0.048333 0.025000
3 0.295833 0.388333 0.017500 0.031667
3 0.277500 0.775000 0.008333 0.021667
2 0.813333 0.406667 0.034167 0.038333
2 0.773333 0.428333 0.034167 0.100000
3 0.275833 0.740000 0.015833 0.051667
2 0.718333 0.345000 0.017500 0.116667
2 0.515833 0.730000 0.048333 0.043333
3 0.693333 0.690000 0.007500 0.018333
2 0.656667 0.655000 0.030833 0.051667
2 0.722500 0.433333 0.010000 0.031667
3 0.351667 0.430000 0.008333 0.016667
2 0.276667 0.380000 0.034167 0.100000
2 0.690833 0.665000 0.010833 0.091667
2 0.663333 0.431667 0.026667 0.035000
3 0.779167 0.741667 0.008333 0.021667
3 0.232500 0.386667 0.010000 0.020000
2 0.306667 0.268333 0.023333 0.106667
3 0.357500 0.611667 0.009167 0.018333
2 0.765000 0.406667 0.097500 0.053333
3 0.685833 0.370000 0.009167 0.016667
3 0.758333 0.630000 0.007500 0.015000
3 0.453333 0.751667 0.013333 0.015000
3 0.735000 0.720000 0.007500 0.018333
3 0.742500 0.805000 0.010000 0.016667
3 0.671667 0.661667 0.009167 0.016667
3 0.530000 0.361667 0.009167 0.015000
2 0.478333 0.375000 0.014167 0.015000
3 0.765000 0.395000 0.008333 0.016667
3 0.680000 0.623333 0.010000 0.020000
3 0.805833 0.651667 0.008333 0.016667
3 0.514167 0.703333 0.009167 0.016667
3 0.328333 0.388333 0.013333 0.015000
3 0.786667 0.380000 0.015833 0.051667
3 0.621667 0.678333 0.006667 0.018333
3 0.666667 0.701667 0.007500 0.015000
3 0.455833 0.755000 0.008333 0.016667
3 0.661667 0.413333 0.009167 0.016667
2 0.690000 0.765000 0.020833 0.080000
2 0.739167 0.290000 0.048333 0.043333
2 0.346667 0.653333 0.026667 0.035000
3 0.671667 0.358333 0.009167 0.016667
2 0.449167 0.651667 0.034167 0.038333
2 0.420833 0.656667 0.023333 0.106667
3 0.547500 0.631667 0.009167 0.016667
2 0.360000 0.683333 0.021667 0.090000
2 0.314167 0.631667 0.035000 0.105000
3 0.455833 0.363333 0.013333 0.031667
2 0.780833 0.653333 0.026667 0.035000
2 0.269167 0.321667 0.097500 0.053333
2 0.654167 0.365000 0.019167 0.046667
3 0.771667 0.358333 0.010000 0.020000
2 0.527500 0.703333 0.017500 0.116667
2 0.790000 0.403333 0.009167 0.031667
2 0.732500 0.796667 0.029167 0.038333
2 0.323333 0.271667 0.097500 0.053333
3 0.465833 0.361667 0.017500 0.031667
3 0.345000 0.725000 0.009167 0.016667
2 0.477500 0.205000 0.009167 0.040000
2 0.542500 0.648333 0.013333 0.070000
2 0.214167 0.793333 0.045833 0.021667
3 0.585833 0.440000 0.008333 0.016667
2 0.452500 0.823333 0.011667 0.025000
2 0.796667 0.728333 0.009167 0.031667
2 0.664167 0.415000 0.023333 0.106667
3 0.165833 0.406667 0.017500 0.031667
3 0.441667 0.711667 0.008333 0.016667
3 0.808333 0.645000 0.009167 0.016667
3 0.412500 0.781667 0.010833 0.023333
3 0.619167 0.673333 0.010833 0.013333
2 0.354167 0.670000 0.034167 0.100000
3 0.721667 0.778333 0.013333 0.031667
2 0.235833 0.636667 0.035000 0.105000
2 0.267500 0.613333 0.035000 0.105000
2 0.327500 0.635000 0.029167 0.038333
3 0.706667 0.405000 0.010833 0.013333
3 0.303333 0.666667 0.017500 0.031667
3 0.775000 0.601667 0.013333 0.015000
3 0.371667 0.346667 0.011667 0.020000
3 0.739167 0.691667 0.008333 0.021667
3 0.694167 0.348333 0.010000 0.016667
2 0.525000 0.715000 0.022500 0.023333
3 0.306667 0.673333 0.009167 0.018333
3 0.552500 0.648333 0.013333 0.031667
2 0.457500 0.808333 0.045833 0.021667
2 0.564167 0.635000 0.030833 0.051667
2 0.468333 0.251667 0.045833 0.021667
2 0.612500 0.638333 0.097500 0.053333
3 0.321667 0.761667 0.009167 0.016667
3 0.714167 0.638333 0.009167 0.016667
3 0.591667 0.746667 0.009167 0.023333
3 0.400833 0.696667 0.013333 0.031667
2 0.673333 0.713333 0.020833 0.080000
3 0.725833 0.793333 0.007500 0.015000
2 0.721667 0.455000 0.010833 0.091667
2 0.472500 0.631667 0.034167 0.038333
3 0.361667 0.723333 0.008333 0.021667
2 0.434167 0.661667 0.023333 0.106667
3 0.238333 0.763333 0.011667 0.020000
3 0.626667 0.665000 0.015833 0.051667
3 0.685833 0.665000 0.009167 0.023333
3 0.704167 0.720000 0.009167 0.016667
3 0.485000 0.313333 0.008333 0.016667
3 0.299167 0.340000 0.010000 0.020000
2 0.254167 0.716667 0.097500 0.053333
2 0.703333 0.370000 0.034167 0.100000
2 0.274167 0.813333 0.011667 0.025000
3 0.308333 0.293333 0.014167 0.025000
2 0.780833 0.645000 0.010000 0.031667
2 0.671667 0.645000 0.035000 0.105000
3 0.692500 0.625000 0.017500 0.031667
3 0.685833 0.391667 0.017500 0.031667
2 0.470000 0.158333 0.020833 0.028333
3 0.494167 0.751667 0.010000 0.020000
2 0.347500 0.688333 0.011667 0.066667
3 0.569167 0.776667 0.007500 0.015000
2 0.580833 0.701667 0.048333 0.043333
3 0.402500 0.693333 0.009167 0.015000
3 0.455833 0.203333 0.009167 0.016667
2 0.741667 0.620000 0.035000 0.105000
3 0.540000 0.406667 0.010000 0.020000
3 0.495833 0.365000 0.010000 0.020000
3 0.252500 0.648333 0.011667 0.030000
2 0.165000 0.385000 0.019167 0.046667
3 0.637500 0.670000 0.007500 0.015000
2 0.680000 0.625000 0.020000 0.021667
3 0.436667 0.685000 0.008333 0.021667
3 0.811667 0.386667 0.007500 0.018333
2 0.724167 0.640000 0.013333 0.070000
3 0.802500 0.651667 0.009167 0.015000
2 0.618333 0.390000 0.021667 0.090000
3 0.768333 0.680000 0.008333 0.016667
2 0.760833 0.623333 0.019167 0.046667
2 0.796667 0.410000 0.020833 0.028333
2 0.658333 0.626667 0.026667 0.035000
2 0.318333 0.666667 0.023333 0.041667
2 0.485000 0.270000 0.015833 0.068333
3 0.483333 0.810000 0.007500 0.015000
3 0.630833 0.381667 0.008333 0.021667
3 0.455000 0.288333 0.010000 0.020000
3 0.261667 0.393333 0.009167 0.016667
2 0.650000 0.635000 0.020000 0.021667
2 0.427500 0.653333 0.020000 0.021667
2 0.743333 0.410000 0.029167 0.038333
2 0.770000 0.391667 0.021667 0.090000
2 0.453333 0.871667 0.023333 0.106667
3 0.315000 0.661667 0.006667 0.018333
3 0.318333 0.375000 0.007500 0.015000
2 0.631667 0.358333 0.020833 0.080000
3 0.679167 0.433333 0.008333 0.016667
2 0.270833 0.256667 0.034167 0.038333
3 0.679167 0.375000 0.009167 0.016667
3 0.766667 0.375000 0.013333 0.031667
2 0.211667 0.663333 0.020833 0.028333
2 0.714167 0.265000 0.048333 0.025000
2 0.424167 0.398333 0.034167 0.100000
2 0.327500 0.376667 0.010833 0.091667
2 0.751667 0.391667 0.034167 0.100000
2 0.687500 0.765000 0.027500 0.016667
2 0.415000 0.670000 0.020000 0.021667
3 0.695000 0.606667 0.009167 0.015000
3 0.696667 0.268333 0.010000 0.016667
2 0.310833 0.713333 0.026667 0.035000
3 0.470000 0.318333 0.008333 0.016667
3 0.488333 0.203333 0.009167 0.016667
2 0.505000 0.658333 0.009167 0.040000
2 0.632500 0.443333 0.020833 0.080000
3 0.691667 0.651667 0.011667 0.030000
2 0.746667 0.415000 0.021667 0.090000
2 0.753333 0.580000 0.011667 0.066667
3 0.789167 0.343333 0.007500 0.016667
3 0.768333 0.698333 0.009167 0.023333
3 0.435833 0.741667 0.009167 0.016667
2 0.563333 0.630000 0.027500 0.016667
3 0.305000 0.286667 0.014167 0.025000
3 0.709167 0.373333 0.007500 0.015000
3 0.808333 0.611667 0.013333 0.015000
2 0.232500 0.748333 0.058333 0.076667
3 0.351667 0.311667 0.009167 0.016667
2 0.652500 0.445000 0.034167 0.100000
2 0.445000 0.710000 0.045833 0.021667
2 0.607500 0.370000 0.045833 0.021667
3 0.611667 0.331667 0.010833 0.013333
3 0.644167 0.713333 0.008333 0.016667
3 0.029167 0.600000 0.010000 0.020000
2 0.428333 0.710000 0.058333 0.076667
