4 0.874167 0.585000 0.070833 0.156667
4 0.842500 0.593333 0.120833 0.200000
4 0.831667 0.560000 0.044167 0.066667
4 0.889167 0.588333 0.049167 0.083333
4 0.790000 0.543333 0.095833 0.073333
4 0.833333 0.465000 0.061667 0.101667
4 0.783333 0.460000 0.182500 0.206667
4 0.818333 0.555000 0.041667 0.045000
4 0.853333 0.570000 0.075833 0.185000
4 0.775833 0.575000 0.127500 0.088333
4 0.600000 0.563333 0.194167 0.156667
4 0.699167 0.453333 0.087500 0.096667
4 0.668333 0.618333 0.095000 0.125000
4 0.233333 0.516667 0.124167 0.071667
4 0.473333 0.481667 0.115000 0.100000
4 0.481667 0.531667 0.205000 0.076667
4 0.463333 0.488333 0.078333 0.123333
4 0.650833 0.398333 0.127500 0.215000
4 0.804167 0.531667 0.053333 0.065000
4 0.216667 0.590000 0.065833 0.171667
2 0.766667 0.485000 0.010000 0.031667
2 0.182500 0.520000 0.020833 0.080000
2 0.450000 0.428333 0.034167 0.038333
3 0.784167 0.560000 0.017500 0.031667
2 0.489167 0.455000 0.023333 0.041667
3 0.805000 0.595000 0.007500 0.015000
3 0.205000 0.551667 0.008333 0.016667
2 0.243333 0.543333 0.026667 0.035000
3 0.021667 0.516667 0.013333 0.015000
3 0.297500 0.458333 0.010833 0.013333
2 0.321667 0.433333 0.019167 0.046667
3 0.280833 0.460000 0.011667 0.030000
2 0.189167 0.466667 0.058333 0.076667
3 0.282500 0.565000 0.008333 0.016667
3 0.075833 0.481667 0.009167 0.016667
2 0.272500 0.550000 0.048333 0.043333
2 0.461667 0.558333 0.058333 0.076667
3 0.678333 0.536667 0.008333 0.016667
3 0.083333 0.473333 0.011667 0.030000
3 0.416667 0.570000 0.009167 0.016667
3 0.490000 0.458333 0.006667 0.018333
2 0.700000 0.518333 0.010000 0.031667
2 0.334167 0.530000 0.021667 0.090000
3 0.167500 0.455000 0.007500 0.018333
2 0.511667 0.510000 0.034167 0.100000
2 0.382500 0.558333 0.034167 0.100000
3 0.628333 0.526667 0.006667 0.018333
3 0.620833 0.541667 0.008333 0.016667
3 0.093333 0.500000 0.008333 0.016667
3 0.140000 0.441667 0.014167 0.025000
3 0.589167 0.476667 0.006667 0.018333
3 0.122500 0.593333 0.010833 0.023333
2 0.300833 0.501667 0.045833 0.021667
2 0.580833 0.513333 0.026667 0.035000
3 0.800833 0.501667 0.007500 0.015000
2 0.565833 0.573333 0.048333 0.043333
2 0.438333 0.648333 0.020833 0.080000
2 0.535833 0.521667 0.011667 0.066667
2 0.583333 0.468333 0.023333 0.041667
3 0.483333 0.413333 0.008333 0.021667
3 0.063333 0.508333 0.008333 0.021667
2 0.080000 0.598333 0.021667 0.090000
2 0.242500 0.463333 0.029167 0.038333
3 0.493333 0.545000 0.017500 0.031667
2 0.174167 0.563333 0.020000 0.021667
3 0.660833 0.535000 0.008333 0.016667
2 0.532500 0.503333 0.019167 0.046667
2 0.037500 0.496667 0.034167 0.100000
2 0.207500 0.570000 0.048333 0.043333
3 0.251667 0.461667 0.007500 0.018333
2 0.463333 0.470000 0.034167 0.038333
3 0.612500 0.593333 0.008333 0.016667
2 0.320000 0.503333 0.027500 0.016667
3 0.610833 0.501667 0.008333 0.021667
2 0.788333 0.500000 0.022500 0.023333
3 0.260000 0.568333 0.010833 0.023333
2 0.327500 0.628333 0.020833 0.080000
2 0.449167 0.598333 0.010833 0.091667
2 0.594167 0.605000 0.034167 0.100000
3 0.400833 0.560000 0.011667 0.030000
3 0.634167 0.533333 0.013333 0.031667
2 0.430833 0.625000 0.014167 0.015000
3 0.510000 0.563333 0.007500 0.018333
2 0.131667 0.453333 0.015833 0.068333
2 0.627500 0.518333 0.023333 0.041667
3 0.170000 0.543333 0.007500 0.015000
2 0.425000 0.471667 0.020000 0.021667
2 0.560833 0.528333 0.026667 0.035000
2 0.203333 0.585000 0.048333 0.025000
3 0.285833 0.591667 0.008333 0.016667
3 0.688333 0.578333 0.010000 0.016667
2 0.048333 0.450000 0.058333 0.076667
3 0.070000 0.583333 0.017500 0.031667
3 0.726667 0.456667 0.007500 0.016667
3 0.824167 0.630000 0.009167 0.023333
2 0.721667 0.451667 0.048333 0.043333
3 0.606667 0.591667 0.006667 0.018333
3 0.471667 0.423333 0.006667 0.018333
3 0.273333 0.490000 0.014167 0.025000
2 0.277500 0.541667 0.022500 0.023333
3 0.226667 0.526667 0.009167 0.016667
3 0.360833 0.585000 0.010000 0.020000
3 0.620000 0.531667 0.009167 0.016667
2 0.232500 0.531667 0.034167 0.038333
2 0.522500 0.536667 0.010000 0.031667
2 0.370000 0.545000 0.023333 0.106667
3 0.183333 0.513333 0.013333 0.015000
3 0.478333 0.433333 0.009167 0.016667
3 0.385833 0.496667 0.010833 0.013333
3 0.200833 0.588333 0.007500 0.015000
3 0.451667 0.453333 0.007500 0.016667
2 0.690000 0.531667 0.048333 0.043333
3 0.705000 0.531667 0.011667 0.020000
3 0.507500 0.496667 0.011667 0.020000
2 0.601667 0.433333 0.011667 0.066667
2 0.436667 0.568333 0.011667 0.066667
3 0.121667 0.463333 0.007500 0.015000
3 0.302500 0.548333 0.007500 0.018333
2 0.056667 0.483333 0.035000 0.105000
3 0.777500 0.460000 0.011667 0.020000
3 0.147500 0.546667 0.006667 0.018333
2 0.331667 0.515000 0.009167 0.031667
3 0.765833 0.720000 0.007500 0.018333
3 0.718333 0.655000 0.010000 0.016667
3 0.705833 0.691667 0.010000 0.016667
3 0.706667 0.691667 0.008333 0.016667
2 0.515000 0.701667 0.020833 0.080000
2 0.755833 0.618333 0.013333 0.070000
3 0.445000 0.670000 0.007500 0.016667
2 0.314167 0.321667 0.030833 0.051667
2 0.502500 0.755000 0.048333 0.043333
3 0.679167 0.673333 0.008333 0.021667
3 0.766667 0.640000 0.007500 0.016667
3 0.447500 0.370000 0.007500 0.015000
2 0.278333 0.650000 0.011667 0.066667
3 0.622500 0.358333 0.014167 0.025000
3 0.640833 0.671667 0.007500 0.015000
3 0.811667 0.628333 0.013333 0.015000
2 0.515833 0.258333 0.013333 0.070000
3 0.329167 0.678333 0.010000 0.020000
2 0.307500 0.691667 0.020833 0.080000
2 0.634167 0.371667 0.015833 0.068333
2 0.228333 0.605000 0.020833 0.080000
2 0.299167 0.313333 0.020833 0.028333
3 0.244167 0.681667 0.015833 0.051667
2 0.723333 0.370000 0.020833 0.028333
3 0.268333 0.731667 0.007500 0.015000
2 0.756667 0.425000 0.048333 0.025000
3 0.483333 0.191667 0.006667 0.018333
3 0.250833 0.650000 0.008333 0.016667
3 0.695000 0.630000 0.007500 0.015000
3 0.385833 0.765000 0.010833 0.023333
3 0.808333 0.433333 0.006667 0.018333
3 0.390000 0.648333 0.007500 0.015000
3 0.224167 0.695000 0.010833 0.023333
3 0.355833 0.656667 0.009167 0.018333
3 0.789167 0.376667 0.011667 0.030000
3 0.731667 0.345000 0.009167 0.015000
3 0.265833 0.725000 0.011667 0.020000
2 0.157500 0.361667 0.035000 0.105000
3 0.800000 0.400000 0.009167 0.015000
3 0.653333 0.345000 0.015833 0.051667
2 0.458333 0.885000 0.023333 0.106667
2 0.395000 0.363333 0.009167 0.040000
2 0.307500 0.591667 0.097500 0.053333
3 0.295000 0.285000 0.009167 0.016667
2 0.300000 0.318333 0.026667 0.035000
2 0.806667 0.418333 0.048333 0.025000
2 0.456667 0.161667 0.048333 0.043333
3 0.311667 0.723333 0.011667 0.030000
2 0.515000 0.768333 0.022500 0.023333
2 0.697500 0.291667 0.023333 0.041667
2 0.529167 0.345000 0.029167 0.038333
2 0.449167 0.691667 0.021667 0.090000
2 0.315833 0.666667 0.020833 0.080000
3 0.830000 0.413333 0.008333 0.016667
3 0.366667 0.660000 0.008333 0.021667
3 0.695000 0.656667 0.011667 0.020000
3 0.435833 0.845000 0.013333 0.015000
2 0.681667 0.621667 0.058333 0.076667
3 0.490833 0.306667 0.010000 0.020000
3 0.818333 0.415000 0.008333 0.016667
2 0.487500 0.420000 0.020833 0.080000
3 0.386667 0.763333 0.010000 0.016667
2 0.774167 0.601667 0.014167 0.015000
2 0.741667 0.658333 0.010000 0.031667
3 0.479167 0.323333 0.009167 0.016667
2 0.345000 0.708333 0.020833 0.080000
2 0.339167 0.638333 0.034167 0.100000
3 0.670833 0.620000 0.010000 0.016667
2 0.743333 0.603333 0.019167 0.046667
3 0.601667 0.998333 0.007500 0.001667
3 0.699167 0.636667 0.017500 0.031667
2 0.278333 0.248333 0.019167 0.046667
2 0.770000 0.453333 0.020833 0.080000
3 0.731667 0.421667 0.015833 0.051667
3 0.525833 0.358333 0.007500 0.016667
2 0.366667 0.468333 0.010833 0.091667
3 0.297500 0.641667 0.014167 0.025000
3 0.430000 0.758333 0.008333 0.021667
3 0.750000 0.641667 0.007500 0.015000
2 0.642500 0.390000 0.013333 0.070000
3 0.553333 0.226667 0.009167 0.016667
2 0.541667 0.661667 0.027500 0.016667
2 0.758333 0.600000 0.014167 0.015000
2 0.659167 0.340000 0.011667 0.066667
2 0.333333 0.738333 0.009167 0.040000
3 0.353333 0.650000 0.014167 0.025000
3 0.447500 0.385000 0.010000 0.016667
3 0.478333 0.221667 0.007500 0.015000
2 0.434167 0.391667 0.011667 0.025000
2 0.431667 0.788333 0.048333 0.025000
2 0.490833 0.261667 0.034167 0.038333
3 0.797500 0.736667 0.010000 0.016667
3 0.692500 0.658333 0.008333 0.016667
3 0.417500 0.678333 0.007500 0.016667
2 0.282500 0.691667 0.009167 0.040000
3 0.720000 0.340000 0.009167 0.016667
2 0.305000 0.393333 0.023333 0.041667
3 0.307500 0.675000 0.008333 0.016667
3 0.450000 0.373333 0.008333 0.016667
3 0.750000 0.641667 0.007500 0.015000
2 0.174167 0.405000 0.048333 0.025000
2 0.413333 0.321667 0.020833 0.080000
3 0.300833 0.391667 0.007500 0.016667
3 0.311667 0.388333 0.009167 0.023333
3 0.336667 0.386667 0.008333 0.021667
2 0.475000 0.340000 0.010833 0.091667
3 0.348333 0.350000 0.009167 0.016667
2 0.625000 0.443333 0.022500 0.023333
2 0.680000 0.376667 0.009167 0.040000
3 0.455000 0.663333 0.009167 0.018333
2 0.179167 0.683333 0.020833 0.080000
2 0.695000 0.300000 0.048333 0.043333
2 0.448333 0.671667 0.022500 0.023333
2 0.555833 0.403333 0.020833 0.080000
3 0.780000 0.323333 0.008333 0.016667
2 0.360833 0.716667 0.010000 0.031667
3 0.798333 0.738333 0.008333 0.016667
3 0.315000 0.458333 0.008333 0.016667
2 0.404167 0.670000 0.020833 0.028333
2 0.772500 0.365000 0.020833 0.080000
3 0.784167 0.685000 0.013333 0.015000
3 0.386667 0.678333 0.017500 0.031667
2 0.697500 0.435000 0.027500 0.016667
3 0.575833 0.615000 0.007500 0.015000
2 0.413333 0.778333 0.010000 0.031667
2 0.785000 0.666667 0.011667 0.066667
3 0.449167 0.703333 0.007500 0.015000
2 0.236667 0.400000 0.009167 0.031667
2 0.656667 0.428333 0.026667 0.035000
3 0.457500 0.693333 0.013333 0.031667
2 0.676667 0.373333 0.014167 0.015000
3 0.640000 0.660000 0.010833 0.023333
3 0.713333 0.683333 0.007500 0.015000
3 0.355833 0.643333 0.007500 0.015000
2 0.652500 0.425000 0.011667 0.066667
3 0.778333 0.411667 0.009167 0.016667
2 0.597500 0.586667 0.009167 0.031667
3 0.275833 0.393333 0.007500 0.015000
3 0.755000 0.606667 0.007500 0.015000
2 0.810833 0.648333 0.021667 0.090000
2 0.590833 0.686667 0.020833 0.080000
2 0.332500 0.721667 0.022500 0.023333
2 0.330000 0.251667 0.011667 0.066667
3 0.754167 0.601667 0.009167 0.016667
3 0.339167 0.713333 0.010000 0.016667
3 0.485000 0.311667 0.008333 0.016667
2 0.520833 0.740000 0.011667 0.066667
2 0.709167 0.616667 0.010000 0.031667
2 0.220000 0.330000 0.019167 0.046667
3 0.559167 0.426667 0.010000 0.020000
3 0.697500 0.285000 0.006667 0.018333
3 0.707500 0.340000 0.009167 0.016667
2 0.613333 0.428333 0.045833 0.021667
2 0.530833 0.288333 0.019167 0.046667
2 0.748333 0.313333 0.014167 0.015000
3 0.552500 0.826667 0.015833 0.051667
2 0.802500 0.635000 0.010000 0.031667
2 0.619167 0.401667 0.048333 0.025000
2 0.420833 0.778333 0.013333 0.070000
2 0.219167 0.751667 0.019167 0.046667
3 0.438333 0.658333 0.009167 0.016667
2 0.310833 0.298333 0.010000 0.031667
3 0.689167 0.641667 0.009167 0.016667
2 0.696667 0.725000 0.097500 0.053333
2 0.704167 0.710000 0.009167 0.040000
2 0.379167 0.360000 0.015833 0.068333
2 0.761667 0.381667 0.023333 0.106667
2 0.281667 0.703333 0.011667 0.025000
2 0.705833 0.375000 0.030833 0.051667
3 0.665833 0.381667 0.009167 0.016667
2 0.510000 0.278333 0.058333 0.076667
2 0.538333 0.261667 0.034167 0.100000
2 0.228333 0.666667 0.020833 0.080000
2 0.692500 0.290000 0.020833 0.080000
2 0.641667 0.615000 0.017500 0.116667
3 0.768333 0.356667 0.010000 0.016667
3 0.639167 0.625000 0.013333 0.031667
3 0.581667 0.655000 0.009167 0.018333
2 0.720833 0.680000 0.023333 0.041667
2 0.385833 0.376667 0.048333 0.025000
3 0.650000 0.453333 0.015833 0.051667
3 0.309167 0.348333 0.008333 0.016667
2 0.571667 0.601667 0.015833 0.068333
2 0.611667 0.403333 0.030833 0.051667
3 0.380000 0.370000 0.014167 0.025000
2 0.731667 0.288333 0.013333 0.070000
2 0.470000 0.295000 0.020833 0.028333
3 0.662500 0.400000 0.009167 0.016667
3 0.656667 0.673333 0.008333 0.021667
3 0.797500 0.620000 0.007500 0.015000
3 0.415000 0.845000 0.008333 0.016667
3 0.511667 0.356667 0.007500 0.018333
2 0.470000 0.670000 0.013333 0.070000
3 0.686667 0.331667 0.006667 0.018333
2 0.292500 0.775000 0.010000 0.031667
3 0.289167 0.766667 0.007500 0.015000
2 0.339167 0.836667 0.014167 0.015000
2 0.205833 0.625000 0.035000 0.105000
