4 0.813333 0.528333 0.108333 0.225000
4 0.759167 0.626667 0.265000 0.118333
4 0.759167 0.543333 0.203333 0.078333
4 0.860000 0.663333 0.090000 0.160000
4 0.844167 0.583333 0.112500 0.153333
4 0.855833 0.500000 0.116667 0.061667
4 0.755833 0.478333 0.235833 0.110000
4 0.810833 0.546667 0.130000 0.101667
4 0.812500 0.686667 0.064167 0.133333
4 0.880000 0.635000 0.060000 0.091667
4 0.043333 0.518333 0.043333 0.031667
4 0.099167 0.570000 0.050833 0.030000
4 0.425000 0.598333 0.055000 0.098333
4 0.454167 0.620000 0.114167 0.268333
4 0.354167 0.591667 0.114167 0.101667
4 0.470833 0.565000 0.075833 0.128333
4 0.291667 0.623333 0.065833 0.150000
4 0.331667 0.500000 0.087500 0.026667
4 0.300833 0.513333 0.059167 0.036667
4 0.305000 0.528333 0.050833 0.086667
2 0.042500 0.571667 0.011667 0.025000
3 0.643333 0.591667 0.007500 0.018333
3 0.239167 0.510000 0.010000 0.016667
2 0.095833 0.553333 0.026667 0.035000
3 0.217500 0.585000 0.009167 0.023333
3 0.616667 0.560000 0.009167 0.016667
2 0.680833 0.550000 0.010833 0.091667
2 0.480000 0.463333 0.014167 0.015000
2 0.459167 0.513333 0.035000 0.105000
3 0.145000 0.593333 0.009167 0.016667
3 0.275000 0.591667 0.008333 0.021667
3 0.535000 0.576667 0.007500 0.015000
2 0.784167 0.443333 0.058333 0.076667
3 0.437500 0.536667 0.013333 0.031667
3 0.282500 0.576667 0.009167 0.016667
2 0.454167 0.490000 0.011667 0.066667
3 0.199167 0.498333 0.009167 0.016667
2 0.135000 0.461667 0.097500 0.053333
3 0.224167 0.581667 0.011667 0.020000
2 0.538333 0.610000 0.013333 0.070000
3 0.141667 0.591667 0.006667 0.018333
3 0.365000 0.583333 0.009167 0.023333
2 0.333333 0.505000 0.015833 0.068333
3 0.442500 0.501667 0.008333 0.016667
3 0.710000 0.523333 0.009167 0.015000
2 0.460000 0.426667 0.011667 0.066667
3 0.595833 0.468333 0.010000 0.016667
3 0.189167 0.516667 0.010833 0.013333
2 0.394167 0.478333 0.009167 0.031667
2 0.175833 0.608333 0.023333 0.041667
2 0.821667 0.536667 0.022500 0.023333
3 0.420000 0.581667 0.010000 0.020000
2 0.498333 0.485000 0.030833 0.051667
2 0.735833 0.605000 0.034167 0.100000
2 0.260833 0.583333 0.026667 0.035000
3 0.148333 0.446667 0.008333 0.021667
2 0.322500 0.528333 0.009167 0.040000
3 0.518333 0.561667 0.007500 0.015000
3 0.500000 0.413333 0.007500 0.015000
3 0.495000 0.463333 0.013333 0.031667
3 0.435000 0.475000 0.008333 0.021667
3 0.570000 0.546667 0.007500 0.018333
3 0.330000 0.530000 0.009167 0.018333
2 0.181667 0.513333 0.023333 0.041667
3 0.339167 0.515000 0.007500 0.018333
2 0.112500 0.523333 0.048333 0.025000
2 0.081667 0.526667 0.097500 0.053333
3 0.028333 0.485000 0.015833 0.051667
2 0.420833 0.576667 0.034167 0.038333
2 0.400000 0.576667 0.009167 0.040000
2 0.529167 0.520000 0.045833 0.021667
2 0.185833 0.515000 0.045833 0.021667
2 0.330833 0.573333 0.011667 0.025000
2 0.210833 0.468333 0.022500 0.023333
2 0.250000 0.483333 0.020833 0.028333
2 0.705833 0.556667 0.019167 0.046667
3 0.455000 0.466667 0.007500 0.015000
3 0.082500 0.550000 0.008333 0.016667
3 0.447500 0.498333 0.007500 0.018333
2 0.051667 0.521667 0.020833 0.080000
2 0.422500 0.476667 0.058333 0.076667
2 0.415833 0.458333 0.009167 0.031667
3 0.465833 0.526667 0.009167 0.016667
2 0.655833 0.455000 0.020833 0.028333
2 0.208333 0.438333 0.097500 0.053333
2 0.478333 0.485000 0.029167 0.038333
3 0.460000 0.540000 0.007500 0.015000
3 0.320000 0.493333 0.007500 0.018333
3 0.376667 0.583333 0.009167 0.023333
2 0.113333 0.521667 0.010833 0.091667
2 0.431667 0.606667 0.048333 0.043333
3 0.075000 0.573333 0.007500 0.015000
2 0.800833 0.490000 0.034167 0.100000
2 0.545833 0.483333 0.020000 0.021667
3 0.106667 0.470000 0.007500 0.015000
3 0.699167 0.578333 0.006667 0.018333
3 0.550000 0.570000 0.010833 0.023333
3 0.556667 0.563333 0.008333 0.021667
3 0.800833 0.545000 0.017500 0.031667
2 0.128333 0.440000 0.014167 0.015000
2 0.069167 0.526667 0.009167 0.031667
2 0.105833 0.480000 0.011667 0.066667
3 0.616667 0.516667 0.008333 0.016667
2 0.510833 0.590000 0.023333 0.106667
2 0.784167 0.508333 0.020833 0.080000
3 0.465000 0.485000 0.017500 0.031667
3 0.352500 0.585000 0.008333 0.016667
3 0.145000 0.540000 0.010000 0.016667
3 0.328333 0.465000 0.011667 0.020000
2 0.208333 0.565000 0.009167 0.040000
2 0.793333 0.560000 0.020833 0.028333
2 0.125833 0.563333 0.022500 0.023333
2 0.022500 0.525000 0.035000 0.105000
3 0.428333 0.470000 0.013333 0.015000
3 0.085000 0.535000 0.009167 0.016667
3 0.818333 0.515000 0.013333 0.015000
2 0.081667 0.508333 0.017500 0.116667
2 0.764167 0.556667 0.021667 0.090000
3 0.765833 0.515000 0.011667 0.020000
3 0.537500 0.535000 0.007500 0.018333
3 0.301667 0.563333 0.007500 0.018333
2 0.696667 0.446667 0.034167 0.038333
2 0.531667 0.286667 0.034167 0.038333
2 0.790000 0.401667 0.029167 0.038333
3 0.458333 0.688333 0.010833 0.013333
3 0.450000 0.281667 0.009167 0.016667
3 0.492500 0.761667 0.009167 0.018333
3 0.299167 0.398333 0.008333 0.016667
2 0.667500 0.638333 0.058333 0.076667
3 0.701667 0.360000 0.017500 0.031667
2 0.711667 0.345000 0.009167 0.040000
3 0.279167 0.838333 0.010833 0.023333
2 0.780000 0.376667 0.021667 0.090000
3 0.514167 0.306667 0.010833 0.013333
3 0.733333 0.700000 0.010833 0.013333
2 0.252500 0.333333 0.020833 0.080000
2 0.665000 0.375000 0.011667 0.025000
3 0.813333 0.401667 0.007500 0.015000
3 0.335833 0.228333 0.007500 0.015000
3 0.266667 0.280000 0.009167 0.016667
2 0.622500 0.380000 0.048333 0.025000
3 0.224167 0.768333 0.009167 0.018333
3 0.415833 0.725000 0.010000 0.016667
3 0.725000 0.436667 0.011667 0.020000
3 0.750833 0.628333 0.009167 0.016667
2 0.753333 0.413333 0.030833 0.051667
3 0.758333 0.318333 0.014167 0.025000
3 0.303333 0.390000 0.013333 0.015000
2 0.540833 0.646667 0.045833 0.021667
2 0.421667 0.720000 0.010833 0.091667
2 0.307500 0.750000 0.010833 0.091667
2 0.718333 0.388333 0.020000 0.021667
3 0.737500 0.695000 0.007500 0.018333
2 0.547500 0.418333 0.014167 0.015000
2 0.580833 0.745000 0.020000 0.021667
2 0.519167 0.733333 0.034167 0.100000
3 0.480833 0.275000 0.010000 0.016667
3 0.715000 0.305000 0.007500 0.015000
2 0.381667 0.356667 0.020833 0.028333
2 0.696667 0.700000 0.009167 0.040000
2 0.795833 0.646667 0.021667 0.090000
2 0.305833 0.770000 0.020000 0.021667
3 0.314167 0.396667 0.009167 0.023333
2 0.435000 0.645000 0.020833 0.028333
3 0.607500 0.325000 0.008333 0.016667
3 0.450000 0.716667 0.009167 0.023333
2 0.162500 0.361667 0.020833 0.080000
3 0.517500 0.843333 0.013333 0.015000
3 0.534167 0.283333 0.007500 0.018333
3 0.582500 0.318333 0.009167 0.018333
2 0.350000 0.641667 0.020000 0.021667
2 0.672500 0.656667 0.023333 0.106667
2 0.432500 0.648333 0.020833 0.028333
2 0.748333 0.618333 0.010000 0.031667
2 0.722500 0.373333 0.058333 0.076667
3 0.802500 0.418333 0.010000 0.016667
3 0.450000 0.713333 0.009167 0.016667
2 0.318333 0.400000 0.020833 0.080000
2 0.683333 0.650000 0.030833 0.051667
3 0.710000 0.635000 0.008333 0.016667
2 0.313333 0.270000 0.010833 0.091667
3 0.516667 0.365000 0.009167 0.016667
3 0.628333 0.358333 0.010833 0.013333
2 0.461667 0.366667 0.026667 0.035000
2 0.484167 0.321667 0.009167 0.031667
2 0.695000 0.640000 0.019167 0.046667
2 0.703333 0.765000 0.010833 0.091667
2 0.787500 0.723333 0.017500 0.116667
2 0.320000 0.685000 0.010833 0.091667
3 0.719167 0.420000 0.009167 0.016667
3 0.728333 0.598333 0.007500 0.015000
3 0.261667 0.695000 0.009167 0.015000
3 0.282500 0.710000 0.009167 0.018333
2 0.281667 0.298333 0.017500 0.116667
3 0.786667 0.360000 0.015833 0.051667
2 0.670833 0.630000 0.009167 0.031667
3 0.725833 0.641667 0.010833 0.023333
2 0.690833 0.678333 0.009167 0.031667
2 0.394167 0.733333 0.030833 0.051667
3 0.790833 0.393333 0.007500 0.018333
3 0.693333 0.683333 0.011667 0.030000
2 0.627500 0.336667 0.097500 0.053333
2 0.773333 0.635000 0.020833 0.028333
2 0.682500 0.391667 0.048333 0.043333
3 0.640000 0.420000 0.014167 0.025000
3 0.497500 0.400000 0.008333 0.016667
3 0.225000 0.410000 0.008333 0.016667
2 0.220833 0.810000 0.045833 0.021667
2 0.208333 0.780000 0.058333 0.076667
2 0.537500 0.721667 0.014167 0.015000
2 0.487500 0.760000 0.022500 0.023333
3 0.699167 0.688333 0.007500 0.018333
2 0.750000 0.723333 0.023333 0.041667
3 0.488333 0.338333 0.015833 0.051667
2 0.411667 0.405000 0.027500 0.016667
3 0.343333 0.848333 0.007500 0.016667
3 0.459167 0.881667 0.007500 0.015000
2 0.457500 0.286667 0.022500 0.023333
3 0.780000 0.360000 0.013333 0.015000
2 0.488333 0.293333 0.029167 0.038333
2 0.319167 0.333333 0.030833 0.051667
2 0.307500 0.395000 0.014167 0.015000
2 0.520833 0.641667 0.026667 0.035000
3 0.727500 0.640000 0.008333 0.016667
2 0.311667 0.378333 0.023333 0.041667
2 0.796667 0.590000 0.035000 0.105000
2 0.730833 0.263333 0.020833 0.028333
3 0.794167 0.370000 0.010833 0.023333
3 0.660000 0.421667 0.009167 0.018333
3 0.640000 0.628333 0.011667 0.030000
2 0.413333 0.680000 0.023333 0.041667
3 0.754167 0.706667 0.008333 0.016667
3 0.789167 0.646667 0.009167 0.023333
2 0.220000 0.365000 0.021667 0.090000
2 0.811667 0.385000 0.027500 0.016667
3 0.463333 0.701667 0.008333 0.016667
3 0.679167 0.595000 0.009167 0.023333
2 0.470833 0.666667 0.030833 0.051667
2 0.450833 0.301667 0.034167 0.038333
3 0.736667 0.661667 0.007500 0.015000
3 0.687500 0.385000 0.010000 0.020000
3 0.502500 0.271667 0.011667 0.020000
2 0.593333 0.721667 0.011667 0.066667
2 0.445833 0.411667 0.013333 0.070000
3 0.530833 0.688333 0.009167 0.016667
3 0.599167 0.743333 0.009167 0.023333
3 0.698333 0.676667 0.009167 0.016667
3 0.700833 0.665000 0.007500 0.015000
3 0.264167 0.793333 0.013333 0.015000
2 0.475833 0.301667 0.020833 0.080000
2 0.764167 0.375000 0.009167 0.040000
3 0.425000 0.665000 0.009167 0.016667
2 0.752500 0.366667 0.010000 0.031667
2 0.670833 0.715000 0.017500 0.116667
2 0.730000 0.686667 0.010833 0.091667
2 0.471667 0.315000 0.020833 0.080000
3 0.658333 0.355000 0.008333 0.021667
2 0.637500 0.631667 0.017500 0.116667
2 0.630000 0.313333 0.058333 0.076667
3 0.389167 0.731667 0.010000 0.016667
2 0.573333 0.748333 0.027500 0.016667
3 0.552500 0.826667 0.015833 0.051667
2 0.715000 0.670000 0.013333 0.070000
3 0.560000 0.430000 0.013333 0.015000
2 0.384167 0.733333 0.058333 0.076667
2 0.642500 0.663333 0.026667 0.035000
2 0.682500 0.370000 0.034167 0.100000
2 0.429167 0.735000 0.009167 0.040000
2 0.778333 0.398333 0.048333 0.025000
3 0.358333 0.620000 0.015833 0.051667
2 0.585000 0.783333 0.010833 0.091667
3 0.654167 0.396667 0.010833 0.023333
3 0.474167 0.806667 0.013333 0.031667
2 0.640000 0.375000 0.097500 0.053333
2 0.678333 0.361667 0.045833 0.021667
3 0.758333 0.296667 0.009167 0.016667
3 0.511667 0.363333 0.008333 0.016667
3 0.782500 0.611667 0.009167 0.016667
2 0.243333 0.348333 0.011667 0.025000
3 0.308333 0.295000 0.008333 0.016667
2 0.552500 0.673333 0.013333 0.070000
3 0.219167 0.686667 0.008333 0.016667
3 0.335000 0.295000 0.010000 0.020000
3 0.726667 0.355000 0.010833 0.023333
2 0.433333 0.740000 0.009167 0.040000
3 0.571667 0.633333 0.007500 0.016667
2 0.480833 0.441667 0.017500 0.116667
3 0.566667 0.245000 0.007500 0.018333
3 0.299167 0.705000 0.007500 0.018333
2 0.339167 0.828333 0.029167 0.038333
3 0.797500 0.658333 0.007500 0.015000
3 0.532500 0.706667 0.007500 0.015000
3 0.725833 0.793333 0.007500 0.016667
3 0.275000 0.740000 0.008333 0.016667
3 0.735000 0.398333 0.008333 0.016667
3 0.653333 0.626667 0.013333 0.031667
2 0.610000 0.348333 0.019167 0.046667
2 0.396667 0.740000 0.045833 0.021667
2 0.583333 0.770000 0.030833 0.051667
3 0.304167 0.645000 0.007500 0.018333
2 0.294167 0.721667 0.009167 0.031667
2 0.327500 0.640000 0.011667 0.025000
3 0.746667 0.780000 0.008333 0.016667
2 0.572500 0.596667 0.011667 0.066667
3 0.722500 0.441667 0.007500 0.015000
3 0.710833 0.693333 0.009167 0.018333
2 0.650000 0.331667 0.058333 0.076667
2 0.619167 0.610000 0.035000 0.105000
3 0.710833 0.450000 0.009167 0.016667
2 0.317500 0.158333 0.019167 0.046667
2 0.535833 0.350000 0.045833 0.021667
3 0.517500 0.268333 0.011667 0.030000
2 0.360833 0.390000 0.011667 0.025000
3 0.455833 0.753333 0.008333 0.016667
3 0.754167 0.310000 0.010000 0.020000
2 0.453333 0.670000 0.026667 0.035000
2 0.221667 0.703333 0.017500 0.116667
3 0.686667 0.618333 0.007500 0.018333
2 0.400000 0.650000 0.097500 0.053333
3 0.272500 0.386667 0.014167 0.025000
