4 0.854167 0.531667 0.070833 0.098333
4 0.888333 0.361667 0.084167 0.171667
4 0.870000 0.363333 0.092500 0.145000
4 0.831667 0.555000 0.125833 0.210000
4 0.850000 0.391667 0.050833 0.041667
4 0.862500 0.506667 0.067500 0.140000
4 0.813333 0.603333 0.062500 0.085000
4 0.817500 0.398333 0.078333 0.061667
4 0.730833 0.410000 0.229167 0.350000
4 0.786667 0.540000 0.103333 0.056667
4 0.452500 0.566667 0.043333 0.026667
4 0.089167 0.591667 0.050833 0.108333
4 0.084167 0.586667 0.117500 0.050000
4 0.047500 0.558333 0.059167 0.045000
4 0.803333 0.585000 0.050833 0.136667
4 0.360000 0.613333 0.084167 0.121667
4 0.581667 0.575000 0.050833 0.080000
4 0.405833 0.568333 0.145833 0.150000
4 0.278333 0.706667 0.155000 0.423333
4 0.555000 0.453333 0.121667 0.140000
2 0.025000 0.621667 0.010833 0.091667
3 0.579167 0.580000 0.007500 0.015000
2 0.594167 0.516667 0.009167 0.040000
3 0.695833 0.503333 0.011667 0.020000
2 0.043333 0.558333 0.029167 0.038333
3 0.610000 0.590000 0.017500 0.031667
3 0.715000 0.593333 0.007500 0.015000
3 0.099167 0.500000 0.013333 0.015000
3 0.431667 0.611667 0.007500 0.015000
2 0.170000 0.543333 0.020833 0.080000
3 0.125833 0.588333 0.006667 0.018333
3 0.301667 0.538333 0.009167 0.016667
2 0.119167 0.535000 0.021667 0.090000
3 0.129167 0.521667 0.008333 0.016667
2 0.402500 0.483333 0.011667 0.025000
2 0.502500 0.470000 0.017500 0.116667
2 0.466667 0.425000 0.048333 0.025000
2 0.124167 0.563333 0.048333 0.025000
2 0.352500 0.470000 0.048333 0.025000
3 0.544167 0.515000 0.010000 0.020000
2 0.280000 0.463333 0.011667 0.025000
3 0.195833 0.448333 0.007500 0.018333
3 0.818333 0.465000 0.009167 0.018333
3 0.619167 0.598333 0.010000 0.020000
2 0.126667 0.553333 0.058333 0.076667
3 0.552500 0.560000 0.008333 0.021667
3 0.791667 0.481667 0.009167 0.016667
2 0.482500 0.491667 0.034167 0.038333
2 0.487500 0.526667 0.045833 0.021667
2 0.665833 0.551667 0.020833 0.080000
3 0.099167 0.563333 0.006667 0.018333
2 0.276667 0.468333 0.017500 0.116667
2 0.011667 0.560000 0.020833 0.080000
2 0.261667 0.581667 0.013333 0.070000
3 0.393333 0.573333 0.007500 0.018333
3 0.320833 0.490000 0.009167 0.018333
2 0.250000 0.451667 0.010000 0.031667
3 0.577500 0.521667 0.009167 0.015000
2 0.297500 0.515000 0.011667 0.066667
2 0.434167 0.580000 0.009167 0.031667
2 0.686667 0.540000 0.009167 0.040000
2 0.331667 0.538333 0.011667 0.025000
2 0.805000 0.621667 0.030833 0.051667
2 0.280833 0.561667 0.021667 0.090000
2 0.824167 0.501667 0.015833 0.068333
2 0.472500 0.418333 0.023333 0.041667
2 0.669167 0.550000 0.030833 0.051667
3 0.577500 0.541667 0.007500 0.015000
2 0.809167 0.486667 0.030833 0.051667
3 0.651667 0.526667 0.007500 0.018333
3 0.556667 0.461667 0.008333 0.016667
3 0.081667 0.570000 0.008333 0.016667
3 0.446667 0.621667 0.008333 0.021667
2 0.488333 0.620000 0.013333 0.070000
2 0.087500 0.513333 0.029167 0.038333
3 0.149167 0.586667 0.008333 0.016667
3 0.700000 0.580000 0.008333 0.016667
3 0.596667 0.523333 0.013333 0.015000
2 0.582500 0.528333 0.023333 0.106667
2 0.264167 0.496667 0.019167 0.046667
2 0.512500 0.553333 0.023333 0.041667
2 0.478333 0.503333 0.009167 0.040000
3 0.130833 0.441667 0.007500 0.018333
2 0.212500 0.488333 0.058333 0.076667
3 0.781667 0.483333 0.007500 0.016667
3 0.583333 0.565000 0.007500 0.018333
3 0.679167 0.546667 0.008333 0.016667
2 0.146667 0.520000 0.021667 0.090000
3 0.730000 0.491667 0.008333 0.016667
3 0.457500 0.460000 0.008333 0.016667
3 0.467500 0.518333 0.007500 0.016667
3 0.769167 0.506667 0.009167 0.016667
3 0.117500 0.551667 0.007500 0.015000
2 0.250000 0.483333 0.010833 0.091667
3 0.296667 0.523333 0.017500 0.031667
3 0.445000 0.503333 0.008333 0.016667
3 0.127500 0.483333 0.010833 0.023333
2 0.195833 0.435000 0.015833 0.068333
3 0.730833 0.570000 0.013333 0.031667
2 0.756667 0.536667 0.011667 0.025000
2 0.342500 0.445000 0.019167 0.046667
3 0.349167 0.526667 0.017500 0.031667
2 0.409167 0.560000 0.020000 0.021667
3 0.595000 0.558333 0.009167 0.016667
3 0.371667 0.550000 0.006667 0.018333
2 0.270000 0.531667 0.035000 0.105000
3 0.754167 0.470000 0.007500 0.015000
2 0.534167 0.485000 0.011667 0.025000
3 0.740000 0.520000 0.015833 0.051667
2 0.153333 0.413333 0.020833 0.080000
2 0.230000 0.523333 0.020000 0.021667
2 0.040833 0.455000 0.020000 0.021667
3 0.467500 0.410000 0.009167 0.018333
2 0.393333 0.565000 0.026667 0.035000
3 0.342500 0.551667 0.009167 0.015000
3 0.461667 0.568333 0.011667 0.030000
3 0.450000 0.580000 0.011667 0.030000
2 0.669167 0.520000 0.035000 0.105000
2 0.115000 0.538333 0.045833 0.021667
3 0.815833 0.633333 0.010000 0.020000
3 0.674167 0.478333 0.010833 0.013333
2 0.285000 0.558333 0.020833 0.080000
2 0.692500 0.380000 0.011667 0.025000
3 0.533333 0.356667 0.007500 0.015000
3 0.705833 0.410000 0.013333 0.031667
2 0.555000 0.323333 0.034167 0.100000
3 0.645000 0.630000 0.007500 0.016667
3 0.356667 0.656667 0.007500 0.016667
2 0.745000 0.285000 0.020833 0.080000
3 0.443333 0.668333 0.017500 0.031667
3 0.156667 0.633333 0.013333 0.015000
2 0.278333 0.863333 0.013333 0.070000
2 0.274167 0.756667 0.045833 0.021667
2 0.425833 0.663333 0.023333 0.041667
3 0.319167 0.413333 0.006667 0.018333
2 0.340000 0.681667 0.058333 0.076667
3 0.591667 0.336667 0.007500 0.015000
3 0.300833 0.675000 0.009167 0.016667
2 0.457500 0.243333 0.014167 0.015000
3 0.720833 0.350000 0.013333 0.031667
2 0.440000 0.726667 0.027500 0.016667
3 0.728333 0.355000 0.008333 0.016667
2 0.457500 0.256667 0.027500 0.016667
2 0.645833 0.391667 0.026667 0.035000
2 0.777500 0.671667 0.034167 0.038333
3 0.701667 0.416667 0.014167 0.025000
3 0.281667 0.751667 0.009167 0.023333
2 0.300833 0.301667 0.035000 0.105000
2 0.554167 0.720000 0.009167 0.031667
2 0.357500 0.798333 0.048333 0.025000
3 0.480833 0.376667 0.009167 0.016667
3 0.710833 0.686667 0.010000 0.020000
3 0.550833 0.656667 0.006667 0.018333
3 0.330000 0.273333 0.010833 0.023333
3 0.723333 0.776667 0.010000 0.020000
2 0.580000 0.215000 0.021667 0.090000
2 0.682500 0.418333 0.058333 0.076667
2 0.661667 0.388333 0.045833 0.021667
3 0.450833 0.281667 0.007500 0.018333
3 0.330000 0.391667 0.009167 0.016667
3 0.265000 0.355000 0.008333 0.016667
2 0.229167 0.390000 0.030833 0.051667
3 0.702500 0.341667 0.007500 0.015000
2 0.305000 0.640000 0.027500 0.016667
3 0.366667 0.616667 0.007500 0.016667
3 0.558333 0.370000 0.007500 0.015000
2 0.692500 0.695000 0.015833 0.068333
2 0.785000 0.390000 0.011667 0.025000
3 0.675000 0.320000 0.008333 0.016667
2 0.440833 0.746667 0.009167 0.031667
3 0.724167 0.613333 0.014167 0.025000
2 0.613333 0.648333 0.026667 0.035000
3 0.582500 0.660000 0.008333 0.021667
2 0.640000 0.425000 0.014167 0.015000
3 0.525833 0.396667 0.007500 0.018333
3 0.671667 0.410000 0.013333 0.031667
3 0.264167 0.656667 0.015833 0.051667
2 0.660000 0.396667 0.014167 0.015000
3 0.715000 0.603333 0.010833 0.013333
2 0.563333 0.160000 0.023333 0.106667
3 0.678333 0.421667 0.009167 0.016667
2 0.395833 0.710000 0.027500 0.016667
2 0.349167 0.653333 0.026667 0.035000
2 0.300833 0.756667 0.020833 0.080000
2 0.251667 0.375000 0.048333 0.043333
3 0.712500 0.435000 0.017500 0.031667
3 0.529167 0.630000 0.015833 0.051667
2 0.268333 0.711667 0.045833 0.021667
3 0.691667 0.615000 0.007500 0.018333
2 0.275833 0.431667 0.020833 0.080000
3 0.636667 0.413333 0.013333 0.031667
3 0.745833 0.383333 0.007500 0.015000
2 0.438333 0.696667 0.029167 0.038333
2 0.570000 0.676667 0.009167 0.040000
2 0.313333 0.353333 0.026667 0.035000
2 0.260833 0.708333 0.029167 0.038333
2 0.750833 0.320000 0.058333 0.076667
2 0.215000 0.405000 0.027500 0.016667
3 0.406667 0.706667 0.009167 0.016667
3 0.714167 0.330000 0.011667 0.020000
2 0.488333 0.293333 0.029167 0.038333
2 0.385833 0.366667 0.030833 0.051667
2 0.716667 0.631667 0.015833 0.068333
3 0.574167 0.311667 0.010833 0.023333
2 0.714167 0.353333 0.014167 0.015000
3 0.409167 0.753333 0.007500 0.018333
3 0.269167 0.740000 0.010833 0.023333
2 0.570833 0.745000 0.022500 0.023333
2 0.665833 0.695000 0.034167 0.100000
3 0.780833 0.645000 0.009167 0.015000
2 0.681667 0.351667 0.030833 0.051667
2 0.355833 0.655000 0.010000 0.031667
2 0.285000 0.658333 0.097500 0.053333
2 0.374167 0.750000 0.020833 0.028333
2 0.703333 0.656667 0.021667 0.090000
2 0.692500 0.283333 0.026667 0.035000
3 0.558333 0.421667 0.007500 0.015000
2 0.728333 0.771667 0.034167 0.100000
3 0.705000 0.326667 0.008333 0.016667
3 0.672500 0.660000 0.007500 0.018333
2 0.684167 0.431667 0.009167 0.031667
2 0.667500 0.375000 0.030833 0.051667
2 0.545000 0.226667 0.020833 0.028333
3 0.155000 0.613333 0.010833 0.013333
2 0.460000 0.095000 0.009167 0.040000
3 0.802500 0.371667 0.008333 0.016667
2 0.316667 0.705000 0.034167 0.100000
2 0.794167 0.620000 0.014167 0.015000
3 0.667500 0.341667 0.008333 0.016667
3 0.694167 0.630000 0.009167 0.018333
3 0.792500 0.728333 0.008333 0.016667
3 0.534167 0.350000 0.008333 0.016667
2 0.273333 0.766667 0.048333 0.025000
3 0.339167 0.390000 0.009167 0.023333
3 0.506667 0.785000 0.010000 0.016667
2 0.329167 0.763333 0.034167 0.038333
2 0.242500 0.793333 0.048333 0.043333
2 0.714167 0.375000 0.048333 0.025000
2 0.475000 0.303333 0.021667 0.090000
3 0.681667 0.388333 0.014167 0.025000
2 0.400833 0.710000 0.030833 0.051667
3 0.702500 0.396667 0.008333 0.016667
2 0.757500 0.353333 0.034167 0.038333
3 0.293333 0.776667 0.007500 0.018333
3 0.307500 0.673333 0.008333 0.016667
2 0.794167 0.625000 0.019167 0.046667
2 0.311667 0.231667 0.029167 0.038333
2 0.732500 0.255000 0.011667 0.025000
2 0.299167 0.380000 0.034167 0.100000
3 0.708333 0.601667 0.008333 0.016667
3 0.745833 0.610000 0.009167 0.023333
2 0.600833 0.316667 0.020833 0.028333
3 0.294167 0.680000 0.011667 0.020000
3 0.657500 0.658333 0.008333 0.016667
2 0.705833 0.333333 0.020833 0.080000
2 0.459167 0.840000 0.021667 0.090000
2 0.436667 0.168333 0.023333 0.041667
2 0.750000 0.623333 0.097500 0.053333
2 0.628333 0.668333 0.013333 0.070000
3 0.710833 0.691667 0.009167 0.015000
3 0.632500 0.395000 0.009167 0.023333
2 0.763333 0.425000 0.030833 0.051667
3 0.495833 0.260000 0.014167 0.025000
3 0.693333 0.690000 0.007500 0.016667
2 0.498333 0.381667 0.034167 0.100000
2 0.700000 0.280000 0.017500 0.116667
2 0.508333 0.380000 0.010833 0.091667
2 0.793333 0.680000 0.010833 0.091667
2 0.638333 0.393333 0.048333 0.043333
2 0.295000 0.720000 0.013333 0.070000
2 0.274167 0.768333 0.014167 0.015000
3 0.190000 0.396667 0.007500 0.015000
2 0.755000 0.606667 0.035000 0.105000
2 0.544167 0.636667 0.027500 0.016667
2 0.274167 0.373333 0.011667 0.066667
2 0.359167 0.703333 0.009167 0.031667
3 0.313333 0.341667 0.009167 0.016667
2 0.648333 0.410000 0.021667 0.090000
2 0.285000 0.300000 0.026667 0.035000
3 0.481667 0.781667 0.008333 0.021667
2 0.378333 0.400000 0.026667 0.035000
3 0.351667 0.663333 0.009167 0.016667
3 0.484167 0.260000 0.010833 0.023333
2 0.300833 0.793333 0.019167 0.046667
3 0.350833 0.335000 0.009167 0.016667
3 0.784167 0.383333 0.011667 0.020000
3 0.423333 0.365000 0.008333 0.016667
3 0.416667 0.681667 0.009167 0.023333
3 0.740833 0.745000 0.009167 0.018333
2 0.747500 0.633333 0.045833 0.021667
2 0.742500 0.438333 0.030833 0.051667
2 0.695833 0.748333 0.011667 0.066667
2 0.715833 0.806667 0.048333 0.043333
2 0.722500 0.440000 0.021667 0.090000
2 0.335833 0.856667 0.022500 0.023333
3 0.735833 0.273333 0.010833 0.023333
3 0.444167 0.161667 0.008333 0.016667
3 0.649167 0.623333 0.009167 0.016667
3 0.281667 0.400000 0.009167 0.018333
3 0.495833 0.263333 0.007500 0.015000
2 0.714167 0.361667 0.011667 0.025000
2 0.242500 0.801667 0.048333 0.025000
3 0.712500 0.413333 0.010833 0.013333
2 0.801667 0.396667 0.013333 0.070000
2 0.705833 0.261667 0.009167 0.040000
3 0.465833 0.376667 0.017500 0.031667
3 0.464167 0.311667 0.008333 0.016667
2 0.669167 0.456667 0.020833 0.080000
2 0.510000 0.690000 0.097500 0.053333
2 0.659167 0.446667 0.021667 0.090000
2 0.566667 0.668333 0.014167 0.015000
2 0.308333 0.396667 0.017500 0.116667
2 0.635000 0.395000 0.015833 0.068333
2 0.664167 0.328333 0.035000 0.105000
2 0.199167 0.658333 0.014167 0.015000
3 0.285000 0.250000 0.009167 0.018333
3 0.358333 0.253333 0.009167 0.016667
3 0.520833 0.440000 0.015833 0.051667
2 0.336667 0.300000 0.020833 0.028333
3 0.573333 0.635000 0.008333 0.016667
