4 0.850833 0.540000 0.111667 0.056667
4 0.877500 0.595000 0.090833 0.091667
4 0.870000 0.483333 0.061667 0.086667
4 0.830833 0.715000 0.128333 0.258333
4 0.822500 0.498333 0.150833 0.256667
4 0.850000 0.536667 0.032500 0.061667
4 0.870833 0.645000 0.115000 0.283333
4 0.833333 0.463333 0.166667 0.083333
4 0.878333 0.450000 0.090000 0.086667
4 0.815000 0.541667 0.100833 0.043333
4 0.112500 0.475000 0.095000 0.030000
4 0.538333 0.616667 0.149167 0.240000
4 0.570833 0.611667 0.100833 0.141667
4 0.378333 0.520000 0.075000 0.103333
4 0.437500 0.513333 0.189167 0.075000
4 0.597500 0.423333 0.115833 0.203333
4 0.149167 0.575000 0.150833 0.061667
4 0.732500 0.490000 0.065000 0.103333
4 0.128333 0.571667 0.044167 0.106667
4 0.088333 0.685000 0.177500 0.341667
3 0.490833 0.550000 0.010000 0.016667
2 0.195833 0.470000 0.011667 0.025000
3 0.267500 0.538333 0.009167 0.018333
3 0.630833 0.538333 0.008333 0.021667
3 0.804167 0.461667 0.007500 0.018333
3 0.480000 0.568333 0.010833 0.013333
2 0.113333 0.426667 0.097500 0.053333
2 0.467500 0.455000 0.030833 0.051667
3 0.194167 0.450000 0.009167 0.016667
3 0.198333 0.508333 0.013333 0.031667
3 0.460000 0.458333 0.010833 0.023333
3 0.107500 0.533333 0.011667 0.020000
2 0.335000 0.475000 0.022500 0.023333
2 0.279167 0.583333 0.029167 0.038333
2 0.267500 0.550000 0.034167 0.038333
2 0.151667 0.451667 0.035000 0.105000
3 0.636667 0.513333 0.010833 0.013333
2 0.430000 0.448333 0.048333 0.043333
3 0.807500 0.506667 0.011667 0.030000
2 0.686667 0.591667 0.010000 0.031667
2 0.620000 0.513333 0.020833 0.028333
3 0.252500 0.596667 0.017500 0.031667
2 0.190833 0.525000 0.009167 0.040000
2 0.408333 0.525000 0.023333 0.041667
2 0.420000 0.596667 0.048333 0.043333
3 0.750833 0.536667 0.009167 0.023333
2 0.683333 0.496667 0.011667 0.066667
2 0.537500 0.471667 0.022500 0.023333
2 0.728333 0.501667 0.014167 0.015000
2 0.190000 0.430000 0.015833 0.068333
2 0.443333 0.478333 0.017500 0.116667
2 0.635000 0.485000 0.015833 0.068333
2 0.472500 0.568333 0.020000 0.021667
3 0.247500 0.533333 0.010833 0.013333
3 0.418333 0.468333 0.007500 0.018333
2 0.599167 0.505000 0.023333 0.041667
3 0.138333 0.590000 0.009167 0.015000
2 0.730833 0.511667 0.034167 0.100000
3 0.611667 0.608333 0.013333 0.015000
2 0.098333 0.568333 0.097500 0.053333
3 0.575833 0.490000 0.009167 0.018333
3 0.365000 0.465000 0.010000 0.020000
2 0.767500 0.486667 0.020833 0.080000
3 0.600000 0.476667 0.008333 0.016667
2 0.613333 0.615000 0.010833 0.091667
2 0.701667 0.466667 0.019167 0.046667
2 0.417500 0.505000 0.020833 0.080000
2 0.190833 0.526667 0.017500 0.116667
2 0.811667 0.638333 0.020833 0.028333
3 0.616667 0.608333 0.008333 0.016667
2 0.470000 0.558333 0.023333 0.106667
3 0.448333 0.445000 0.010000 0.016667
3 0.064167 0.475000 0.009167 0.016667
2 0.530833 0.605000 0.020833 0.080000
3 0.129167 0.495000 0.009167 0.015000
3 0.600833 0.538333 0.007500 0.018333
3 0.230000 0.531667 0.013333 0.031667
3 0.825833 0.365000 0.009167 0.016667
3 0.215833 0.568333 0.009167 0.023333
3 0.682500 0.580000 0.009167 0.023333
2 0.060000 0.491667 0.048333 0.025000
3 0.516667 0.503333 0.007500 0.018333
3 0.284167 0.506667 0.014167 0.025000
2 0.679167 0.476667 0.023333 0.106667
2 0.309167 0.556667 0.048333 0.025000
2 0.242500 0.575000 0.010833 0.091667
2 0.014167 0.538333 0.015833 0.068333
2 0.225833 0.485000 0.011667 0.066667
3 0.551667 0.558333 0.009167 0.016667
2 0.267500 0.548333 0.020833 0.028333
2 0.175833 0.548333 0.020833 0.080000
2 0.320833 0.570000 0.034167 0.100000
3 0.539167 0.553333 0.010000 0.020000
3 0.070833 0.465000 0.013333 0.015000
2 0.130000 0.486667 0.023333 0.041667
2 0.292500 0.558333 0.020833 0.080000
2 0.720833 0.531667 0.058333 0.076667
3 0.140000 0.563333 0.009167 0.015000
2 0.341667 0.521667 0.034167 0.038333
2 0.227500 0.563333 0.020833 0.028333
3 0.826667 0.478333 0.008333 0.016667
2 0.300000 0.491667 0.022500 0.023333
3 0.198333 0.440000 0.014167 0.025000
3 0.690833 0.525000 0.007500 0.018333
2 0.686667 0.488333 0.010000 0.031667
3 0.811667 0.455000 0.008333 0.016667
3 0.677500 0.533333 0.009167 0.016667
2 0.357500 0.478333 0.015833 0.068333
2 0.416667 0.520000 0.017500 0.116667
2 0.634167 0.575000 0.013333 0.070000
2 0.782500 0.526667 0.034167 0.100000
2 0.380000 0.520000 0.030833 0.051667
2 0.152500 0.443333 0.009167 0.040000
2 0.337500 0.621667 0.020833 0.080000
2 0.565000 0.495000 0.026667 0.035000
2 0.525000 0.536667 0.022500 0.023333
3 0.629167 0.446667 0.010000 0.016667
3 0.334167 0.618333 0.009167 0.016667
3 0.727500 0.541667 0.015833 0.051667
2 0.415000 0.445000 0.011667 0.066667
2 0.495833 0.496667 0.010833 0.091667
3 0.790000 0.496667 0.009167 0.016667
3 0.331667 0.411667 0.008333 0.021667
2 0.234167 0.395000 0.030833 0.051667
2 0.347500 0.646667 0.048333 0.025000
3 0.457500 0.345000 0.009167 0.018333
3 0.433333 0.396667 0.013333 0.015000
3 0.472500 0.643333 0.008333 0.016667
3 0.300833 0.388333 0.008333 0.021667
2 0.482500 0.755000 0.010833 0.091667
2 0.802500 0.615000 0.015833 0.068333
3 0.710000 0.630000 0.007500 0.018333
3 0.643333 0.440000 0.007500 0.016667
3 0.717500 0.660000 0.013333 0.015000
2 0.300833 0.688333 0.058333 0.076667
2 0.464167 0.805000 0.011667 0.025000
3 0.351667 0.738333 0.007500 0.015000
2 0.478333 0.825000 0.020000 0.021667
2 0.430000 0.886667 0.034167 0.038333
3 0.662500 0.666667 0.009167 0.018333
2 0.414167 0.378333 0.022500 0.023333
3 0.312500 0.301667 0.006667 0.018333
2 0.464167 0.266667 0.058333 0.076667
3 0.630833 0.355000 0.007500 0.015000
2 0.400000 0.711667 0.020000 0.021667
2 0.751667 0.446667 0.020833 0.080000
3 0.324167 0.406667 0.007500 0.015000
3 0.365833 0.665000 0.008333 0.016667
2 0.543333 0.636667 0.015833 0.068333
2 0.715833 0.341667 0.010000 0.031667
3 0.715833 0.608333 0.009167 0.016667
3 0.712500 0.648333 0.017500 0.031667
2 0.289167 0.701667 0.027500 0.016667
2 0.540833 0.250000 0.010000 0.031667
2 0.770833 0.468333 0.030833 0.051667
2 0.641667 0.400000 0.026667 0.035000
2 0.297500 0.400000 0.027500 0.016667
2 0.693333 0.675000 0.010833 0.091667
2 0.442500 0.368333 0.019167 0.046667
2 0.658333 0.366667 0.020833 0.080000
2 0.224167 0.771667 0.010833 0.091667
2 0.775000 0.793333 0.009167 0.031667
2 0.463333 0.380000 0.022500 0.023333
3 0.142500 0.651667 0.009167 0.015000
2 0.700833 0.695000 0.020833 0.028333
2 0.705833 0.683333 0.023333 0.106667
2 0.655833 0.406667 0.023333 0.106667
3 0.692500 0.333333 0.009167 0.016667
3 0.754167 0.625000 0.007500 0.018333
3 0.278333 0.380000 0.008333 0.021667
2 0.661667 0.616667 0.045833 0.021667
2 0.635000 0.416667 0.014167 0.015000
3 0.800000 0.401667 0.009167 0.016667
3 0.222500 0.686667 0.014167 0.025000
3 0.655833 0.678333 0.010000 0.020000
2 0.510000 0.321667 0.020833 0.028333
3 0.351667 0.333333 0.007500 0.015000
3 0.474167 0.325000 0.009167 0.018333
3 0.366667 0.433333 0.011667 0.020000
3 0.530833 0.405000 0.011667 0.020000
3 0.803333 0.423333 0.010833 0.023333
3 0.665000 0.398333 0.008333 0.016667
3 0.740833 0.333333 0.009167 0.018333
2 0.430000 0.886667 0.034167 0.038333
2 0.581667 0.998333 0.048333 0.001667
3 0.586667 0.738333 0.014167 0.025000
3 0.785833 0.686667 0.009167 0.018333
3 0.790833 0.391667 0.007500 0.015000
2 0.772500 0.606667 0.020000 0.021667
2 0.637500 0.401667 0.026667 0.035000
2 0.321667 0.655000 0.023333 0.106667
3 0.790833 0.658333 0.009167 0.016667
3 0.681667 0.386667 0.007500 0.015000
3 0.319167 0.368333 0.007500 0.015000
3 0.243333 0.363333 0.013333 0.031667
2 0.655000 0.401667 0.030833 0.051667
3 0.707500 0.693333 0.006667 0.018333
3 0.426667 0.723333 0.007500 0.018333
2 0.332500 0.721667 0.022500 0.023333
3 0.279167 0.720000 0.010000 0.020000
2 0.690000 0.705000 0.011667 0.025000
3 0.278333 0.375000 0.008333 0.016667
3 0.689167 0.283333 0.007500 0.018333
2 0.258333 0.373333 0.014167 0.015000
2 0.674167 0.430000 0.014167 0.015000
2 0.760000 0.638333 0.048333 0.043333
3 0.495833 0.716667 0.008333 0.016667
2 0.345000 0.303333 0.020833 0.080000
2 0.531667 0.310000 0.013333 0.070000
3 0.652500 0.333333 0.007500 0.015000
2 0.703333 0.648333 0.011667 0.066667
2 0.607500 0.636667 0.035000 0.105000
2 0.303333 0.251667 0.029167 0.038333
2 0.559167 0.661667 0.029167 0.038333
2 0.481667 0.338333 0.030833 0.051667
2 0.784167 0.313333 0.020833 0.080000
3 0.721667 0.443333 0.010000 0.016667
3 0.324167 0.303333 0.011667 0.020000
3 0.620833 0.643333 0.011667 0.030000
3 0.768333 0.618333 0.007500 0.015000
3 0.249167 0.676667 0.008333 0.016667
2 0.456667 0.381667 0.010833 0.091667
2 0.710833 0.335000 0.027500 0.016667
2 0.468333 0.375000 0.023333 0.106667
2 0.620000 0.333333 0.027500 0.016667
3 0.774167 0.383333 0.011667 0.030000
3 0.520000 0.276667 0.007500 0.015000
2 0.477500 0.403333 0.048333 0.025000
3 0.759167 0.413333 0.008333 0.021667
3 0.729167 0.410000 0.007500 0.015000
2 0.659167 0.281667 0.009167 0.031667
3 0.673333 0.393333 0.007500 0.015000
3 0.321667 0.698333 0.009167 0.016667
2 0.490000 0.305000 0.009167 0.031667
2 0.295833 0.716667 0.020833 0.080000
2 0.803333 0.678333 0.013333 0.070000
3 0.493333 0.390000 0.009167 0.016667
2 0.706667 0.446667 0.013333 0.070000
2 0.518333 0.375000 0.027500 0.016667
3 0.552500 0.338333 0.013333 0.015000
2 0.713333 0.360000 0.009167 0.040000
2 0.618333 0.640000 0.020000 0.021667
2 0.549167 0.398333 0.034167 0.100000
2 0.711667 0.455000 0.030833 0.051667
3 0.193333 0.403333 0.009167 0.016667
3 0.786667 0.416667 0.008333 0.016667
3 0.464167 0.310000 0.008333 0.016667
3 0.753333 0.625000 0.009167 0.016667
2 0.442500 0.876667 0.009167 0.040000
3 0.692500 0.693333 0.009167 0.023333
2 0.516667 0.416667 0.034167 0.100000
3 0.352500 0.385000 0.010000 0.016667
3 0.686667 0.348333 0.009167 0.023333
2 0.614167 0.678333 0.097500 0.053333
3 0.270000 0.753333 0.008333 0.016667
2 0.301667 0.316667 0.023333 0.041667
2 0.777500 0.358333 0.009167 0.031667
2 0.694167 0.358333 0.009167 0.031667
3 0.773333 0.660000 0.015833 0.051667
3 0.670000 0.650000 0.009167 0.016667
3 0.273333 0.415000 0.011667 0.020000
3 0.350000 0.431667 0.010833 0.023333
3 0.667500 0.718333 0.008333 0.021667
2 0.311667 0.701667 0.020833 0.080000
2 0.564167 0.440000 0.010000 0.031667
3 0.778333 0.333333 0.010000 0.016667
2 0.213333 0.328333 0.034167 0.038333
2 0.636667 0.720000 0.023333 0.041667
2 0.529167 0.331667 0.034167 0.038333
2 0.415000 0.398333 0.021667 0.090000
3 0.334167 0.333333 0.007500 0.018333
2 0.730833 0.733333 0.009167 0.031667
3 0.742500 0.406667 0.009167 0.016667
2 0.645833 0.651667 0.020000 0.021667
2 0.518333 0.403333 0.027500 0.016667
2 0.260000 0.665000 0.048333 0.043333
3 0.485000 0.376667 0.011667 0.020000
3 0.271667 0.323333 0.010833 0.023333
2 0.549167 0.691667 0.013333 0.070000
2 0.587500 0.740000 0.015833 0.068333
3 0.796667 0.638333 0.007500 0.015000
3 0.227500 0.661667 0.010000 0.016667
3 0.776667 0.321667 0.008333 0.016667
3 0.645000 0.375000 0.011667 0.030000
3 0.690833 0.753333 0.011667 0.020000
2 0.684167 0.615000 0.048333 0.043333
2 0.444167 0.181667 0.035000 0.105000
3 0.790000 0.370000 0.009167 0.015000
3 0.454167 0.296667 0.010000 0.016667
2 0.790000 0.401667 0.029167 0.038333
3 0.666667 0.410000 0.008333 0.016667
3 0.682500 0.376667 0.015833 0.051667
3 0.030000 0.600000 0.007500 0.015000
2 0.538333 0.206667 0.048333 0.043333
3 0.748333 0.603333 0.008333 0.016667
2 0.540000 0.275000 0.048333 0.025000
3 0.266667 0.723333 0.010000 0.016667
2 0.223333 0.748333 0.011667 0.066667
3 0.700000 0.666667 0.009167 0.016667
2 0.483333 0.303333 0.015833 0.068333
2 0.713333 0.381667 0.029167 0.038333
3 0.530833 0.405000 0.010833 0.023333
3 0.582500 0.751667 0.009167 0.018333
3 0.748333 0.670000 0.013333 0.031667
3 0.615833 0.366667 0.007500 0.018333
2 0.520833 0.641667 0.026667 0.035000
2 0.297500 0.751667 0.097500 0.053333
3 0.725000 0.725000 0.015833 0.051667
3 0.440000 0.793333 0.010833 0.023333
3 0.681667 0.636667 0.013333 0.031667
2 0.371667 0.390000 0.022500 0.023333
2 0.597500 0.368333 0.030833 0.051667
2 0.658333 0.336667 0.048333 0.025000
2 0.812500 0.666667 0.010833 0.091667
3 0.255000 0.785000 0.008333 0.016667
2 0.795833 0.451667 0.030833 0.051667
2 0.677500 0.271667 0.048333 0.025000
2 0.630000 0.590000 0.020833 0.080000
3 0.710833 0.415000 0.007500 0.016667
2 0.485000 0.376667 0.014167 0.015000
