4 0.867500 0.581667 0.093333 0.075000
4 0.850833 0.665000 0.089167 0.128333
4 0.830833 0.596667 0.049167 0.025000
4 0.830000 0.468333 0.190000 0.370000
4 0.797500 0.481667 0.136667 0.096667
4 0.823333 0.621667 0.110833 0.071667
4 0.737500 0.608333 0.209167 0.091667
4 0.766667 0.583333 0.256667 0.113333
4 0.857500 0.470000 0.045833 0.123333
4 0.827500 0.536667 0.090833 0.025000
4 0.785833 0.563333 0.060833 0.028333
4 0.108333 0.576667 0.130833 0.121667
4 0.191667 0.398333 0.137500 0.226667
4 0.044167 0.556667 0.053333 0.126667
4 0.121667 0.591667 0.059167 0.180000
4 0.665000 0.550000 0.121667 0.131667
4 0.176667 0.588333 0.067500 0.135000
4 0.418333 0.558333 0.046667 0.063333
4 0.222500 0.581667 0.134167 0.045000
4 0.478333 0.483333 0.240833 0.178333
3 0.156667 0.593333 0.009167 0.016667
2 0.445000 0.530000 0.015833 0.068333
2 0.783333 0.546667 0.097500 0.053333
3 0.775000 0.518333 0.010833 0.023333
2 0.595833 0.476667 0.035000 0.105000
3 0.277500 0.475000 0.010833 0.023333
2 0.680000 0.545000 0.097500 0.053333
2 0.534167 0.515000 0.020000 0.021667
3 0.745000 0.538333 0.011667 0.020000
3 0.359167 0.510000 0.009167 0.023333
2 0.375000 0.623333 0.034167 0.100000
2 0.781667 0.470000 0.010000 0.031667
2 0.759167 0.466667 0.048333 0.043333
2 0.651667 0.591667 0.010833 0.091667
2 0.215000 0.510000 0.014167 0.015000
2 0.394167 0.531667 0.058333 0.076667
3 0.485000 0.430000 0.010000 0.016667
2 0.307500 0.555000 0.020833 0.028333
2 0.670833 0.485000 0.011667 0.025000
3 0.205000 0.520000 0.008333 0.021667
2 0.673333 0.488333 0.015833 0.068333
3 0.650833 0.511667 0.014167 0.025000
3 0.298333 0.468333 0.007500 0.018333
2 0.035833 0.476667 0.034167 0.038333
2 0.391667 0.560000 0.020833 0.080000
2 0.815833 0.538333 0.019167 0.046667
3 0.559167 0.595000 0.008333 0.021667
3 0.273333 0.446667 0.009167 0.016667
2 0.201667 0.576667 0.009167 0.040000
2 0.206667 0.510000 0.030833 0.051667
2 0.487500 0.448333 0.020833 0.028333
2 0.464167 0.546667 0.022500 0.023333
2 0.419167 0.528333 0.020833 0.028333
3 0.447500 0.493333 0.011667 0.030000
2 0.374167 0.516667 0.029167 0.038333
2 0.635833 0.613333 0.034167 0.100000
3 0.430833 0.586667 0.007500 0.018333
2 0.079167 0.495000 0.097500 0.053333
3 0.090833 0.573333 0.010833 0.023333
2 0.272500 0.486667 0.026667 0.035000
3 0.529167 0.476667 0.008333 0.016667
3 0.692500 0.461667 0.009167 0.015000
3 0.485000 0.455000 0.017500 0.031667
3 0.106667 0.555000 0.009167 0.015000
2 0.492500 0.510000 0.097500 0.053333
3 0.630000 0.466667 0.008333 0.016667
3 0.059167 0.506667 0.008333 0.021667
2 0.114167 0.581667 0.021667 0.090000
3 0.144167 0.468333 0.014167 0.025000
2 0.698333 0.570000 0.009167 0.031667
2 0.392500 0.535000 0.030833 0.051667
3 0.582500 0.546667 0.008333 0.016667
2 0.732500 0.488333 0.010833 0.091667
2 0.708333 0.451667 0.058333 0.076667
2 0.430000 0.613333 0.034167 0.038333
3 0.818333 0.646667 0.009167 0.015000
3 0.661667 0.525000 0.007500 0.015000
3 0.476667 0.403333 0.011667 0.020000
3 0.297500 0.463333 0.006667 0.018333
2 0.748333 0.518333 0.009167 0.040000
2 0.125000 0.631667 0.010833 0.091667
2 0.663333 0.563333 0.020833 0.028333
2 0.444167 0.563333 0.058333 0.076667
2 0.762500 0.555000 0.010833 0.091667
3 0.332500 0.450000 0.017500 0.031667
2 0.109167 0.551667 0.010000 0.031667
3 0.245000 0.588333 0.015833 0.051667
3 0.480833 0.570000 0.007500 0.018333
2 0.050000 0.516667 0.015833 0.068333
2 0.714167 0.506667 0.022500 0.023333
2 0.177500 0.551667 0.020833 0.028333
2 0.787500 0.453333 0.034167 0.038333
3 0.760000 0.585000 0.007500 0.018333
3 0.770000 0.543333 0.011667 0.030000
2 0.642500 0.563333 0.009167 0.031667
3 0.359167 0.536667 0.008333 0.016667
2 0.482500 0.558333 0.019167 0.046667
2 0.706667 0.593333 0.023333 0.041667
3 0.243333 0.548333 0.009167 0.018333
2 0.523333 0.565000 0.009167 0.031667
3 0.566667 0.528333 0.010833 0.013333
3 0.577500 0.490000 0.006667 0.018333
2 0.095000 0.575000 0.020833 0.028333
2 0.114167 0.568333 0.010833 0.091667
2 0.248333 0.505000 0.023333 0.041667
3 0.475833 0.486667 0.008333 0.016667
3 0.220000 0.453333 0.007500 0.018333
2 0.561667 0.485000 0.048333 0.043333
3 0.468333 0.583333 0.006667 0.018333
3 0.332500 0.506667 0.009167 0.015000
2 0.412500 0.531667 0.011667 0.025000
3 0.268333 0.548333 0.006667 0.018333
2 0.320833 0.536667 0.010000 0.031667
3 0.540000 0.565000 0.007500 0.015000
2 0.142500 0.540000 0.020000 0.021667
3 0.450000 0.530000 0.013333 0.031667
2 0.767500 0.530000 0.020833 0.028333
2 0.743333 0.570000 0.022500 0.023333
3 0.700833 0.470000 0.007500 0.018333
3 0.037500 0.580000 0.009167 0.018333
2 0.614167 0.508333 0.058333 0.076667
2 0.475833 0.570000 0.020833 0.080000
2 0.706667 0.400000 0.013333 0.070000
2 0.503333 0.781667 0.034167 0.038333
3 0.498333 0.256667 0.008333 0.016667
3 0.332500 0.758333 0.011667 0.020000
2 0.658333 0.350000 0.026667 0.035000
3 0.714167 0.418333 0.007500 0.018333
2 0.437500 0.636667 0.011667 0.066667
2 0.472500 0.386667 0.026667 0.035000
2 0.590833 0.998333 0.023333 0.001667
2 0.530833 0.325000 0.026667 0.035000
2 0.495000 0.333333 0.097500 0.053333
3 0.548333 0.631667 0.008333 0.016667
2 0.709167 0.668333 0.034167 0.038333
2 0.500833 0.830000 0.022500 0.023333
2 0.546667 0.635000 0.009167 0.040000
3 0.526667 0.375000 0.010833 0.013333
2 0.325000 0.416667 0.013333 0.070000
2 0.725833 0.428333 0.011667 0.066667
2 0.702500 0.620000 0.020833 0.080000
2 0.378333 0.675000 0.015833 0.068333
2 0.721667 0.586667 0.058333 0.076667
3 0.782500 0.376667 0.008333 0.016667
2 0.387500 0.791667 0.010833 0.091667
3 0.677500 0.665000 0.009167 0.016667
2 0.365000 0.430000 0.014167 0.015000
3 0.753333 0.373333 0.008333 0.021667
2 0.289167 0.310000 0.010833 0.091667
2 0.430833 0.843333 0.010833 0.091667
3 0.747500 0.310000 0.008333 0.016667
2 0.242500 0.360000 0.014167 0.015000
3 0.765000 0.711667 0.008333 0.016667
3 0.720000 0.341667 0.014167 0.025000
2 0.277500 0.676667 0.097500 0.053333
3 0.815833 0.616667 0.010833 0.013333
3 0.670833 0.423333 0.011667 0.020000
2 0.790833 0.403333 0.022500 0.023333
3 0.430000 0.755000 0.008333 0.016667
3 0.687500 0.638333 0.011667 0.030000
3 0.295833 0.283333 0.008333 0.016667
2 0.415000 0.803333 0.034167 0.038333
2 0.695000 0.368333 0.035000 0.105000
2 0.697500 0.438333 0.023333 0.041667
2 0.675833 0.668333 0.021667 0.090000
3 0.343333 0.233333 0.009167 0.016667
3 0.389167 0.698333 0.015833 0.051667
3 0.606667 0.310000 0.009167 0.015000
2 0.790000 0.403333 0.027500 0.016667
3 0.783333 0.610000 0.008333 0.016667
2 0.296667 0.651667 0.022500 0.023333
3 0.777500 0.351667 0.009167 0.023333
2 0.276667 0.751667 0.009167 0.040000
3 0.270833 0.346667 0.010833 0.023333
3 0.790000 0.681667 0.009167 0.016667
2 0.440000 0.393333 0.034167 0.100000
3 0.821667 0.440000 0.009167 0.023333
2 0.760833 0.421667 0.010833 0.091667
3 0.647500 0.421667 0.017500 0.031667
2 0.454167 0.325000 0.010833 0.091667
2 0.674167 0.446667 0.009167 0.031667
3 0.694167 0.348333 0.009167 0.018333
3 0.430000 0.753333 0.007500 0.016667
2 0.510833 0.313333 0.019167 0.046667
2 0.617500 0.428333 0.021667 0.090000
3 0.552500 0.333333 0.011667 0.030000
3 0.781667 0.361667 0.009167 0.018333
3 0.777500 0.596667 0.008333 0.016667
2 0.544167 0.638333 0.029167 0.038333
3 0.224167 0.335000 0.013333 0.015000
3 0.341667 0.850000 0.010833 0.023333
3 0.795833 0.723333 0.011667 0.030000
3 0.775000 0.786667 0.009167 0.023333
2 0.383333 0.398333 0.014167 0.015000
3 0.799167 0.738333 0.006667 0.018333
2 0.200833 0.640000 0.011667 0.066667
2 0.788333 0.631667 0.026667 0.035000
2 0.768333 0.308333 0.011667 0.066667
3 0.661667 0.448333 0.007500 0.018333
3 0.365833 0.655000 0.009167 0.016667
3 0.805833 0.651667 0.007500 0.016667
2 0.706667 0.613333 0.027500 0.016667
2 0.408333 0.873333 0.021667 0.090000
2 0.503333 0.816667 0.034167 0.100000
2 0.304167 0.645000 0.015833 0.068333
3 0.734167 0.260000 0.007500 0.015000
3 0.700833 0.656667 0.007500 0.015000
3 0.555000 0.998333 0.009167 0.001667
3 0.311667 0.388333 0.009167 0.023333
3 0.655000 0.416667 0.007500 0.018333
3 0.590000 0.745000 0.013333 0.031667
3 0.765833 0.641667 0.009167 0.016667
2 0.654167 0.435000 0.045833 0.021667
2 0.752500 0.328333 0.029167 0.038333
2 0.757500 0.275000 0.011667 0.066667
3 0.685000 0.395000 0.007500 0.016667
3 0.496667 0.325000 0.007500 0.015000
3 0.695000 0.288333 0.011667 0.030000
3 0.283333 0.335000 0.011667 0.020000
3 0.505000 0.331667 0.011667 0.030000
3 0.462500 0.661667 0.008333 0.016667
3 0.645000 0.396667 0.010833 0.013333
3 0.325833 0.658333 0.007500 0.015000
3 0.780000 0.428333 0.006667 0.018333
2 0.746667 0.380000 0.034167 0.038333
3 0.313333 0.401667 0.008333 0.016667
3 0.352500 0.311667 0.008333 0.016667
3 0.433333 0.721667 0.010833 0.013333
3 0.450000 0.356667 0.008333 0.021667
3 0.258333 0.806667 0.015833 0.051667
2 0.343333 0.666667 0.019167 0.046667
3 0.445833 0.830000 0.006667 0.018333
2 0.820000 0.361667 0.011667 0.025000
2 0.602500 0.308333 0.017500 0.116667
3 0.260000 0.376667 0.010833 0.023333
3 0.682500 0.671667 0.009167 0.015000
3 0.325833 0.358333 0.010833 0.023333
2 0.518333 0.400000 0.020833 0.080000
2 0.700833 0.440000 0.029167 0.038333
2 0.757500 0.720000 0.022500 0.023333
2 0.435833 0.873333 0.013333 0.070000
3 0.358333 0.771667 0.009167 0.016667
3 0.808333 0.900000 0.007500 0.018333
3 0.339167 0.710000 0.010000 0.016667
3 0.361667 0.396667 0.009167 0.016667
3 0.684167 0.635000 0.008333 0.016667
2 0.569167 0.131667 0.011667 0.066667
2 0.425833 0.385000 0.013333 0.070000
2 0.720000 0.555000 0.035000 0.105000
3 0.745000 0.376667 0.010833 0.023333
3 0.531667 0.706667 0.009167 0.018333
2 0.752500 0.370000 0.058333 0.076667
2 0.280833 0.850000 0.021667 0.090000
3 0.492500 0.765000 0.009167 0.023333
2 0.735000 0.380000 0.048333 0.043333
3 0.627500 0.328333 0.008333 0.016667
2 0.242500 0.258333 0.058333 0.076667
3 0.768333 0.618333 0.007500 0.015000
2 0.518333 0.348333 0.020000 0.021667
2 0.693333 0.660000 0.017500 0.116667
2 0.313333 0.408333 0.017500 0.116667
2 0.665833 0.708333 0.010833 0.091667
3 0.700833 0.291667 0.015833 0.051667
3 0.312500 0.353333 0.007500 0.015000
2 0.390833 0.686667 0.034167 0.100000
3 0.465833 0.811667 0.008333 0.016667
3 0.740833 0.413333 0.009167 0.016667
2 0.449167 0.686667 0.034167 0.100000
2 0.735000 0.623333 0.009167 0.040000
2 0.480833 0.375000 0.097500 0.053333
3 0.556667 0.818333 0.007500 0.016667
2 0.811667 0.443333 0.021667 0.090000
2 0.483333 0.663333 0.015833 0.068333
3 0.746667 0.698333 0.009167 0.015000
2 0.535833 0.718333 0.021667 0.090000
2 0.682500 0.621667 0.035000 0.105000
2 0.678333 0.646667 0.009167 0.031667
3 0.387500 0.695000 0.007500 0.015000
2 0.615833 0.361667 0.027500 0.016667
2 0.640000 0.626667 0.017500 0.116667
2 0.615000 0.396667 0.030833 0.051667
2 0.632500 0.421667 0.015833 0.068333
2 0.385000 0.665000 0.020833 0.028333
3 0.630833 0.378333 0.007500 0.018333
2 0.480000 0.266667 0.023333 0.041667
2 0.700000 0.998333 0.048333 0.001667
2 0.663333 0.370000 0.022500 0.023333
3 0.405000 0.796667 0.008333 0.016667
3 0.267500 0.725000 0.008333 0.016667
3 0.524167 0.710000 0.008333 0.016667
3 0.755000 0.608333 0.007500 0.015000
2 0.470833 0.751667 0.023333 0.041667
2 0.518333 0.313333 0.010833 0.091667
2 0.647500 0.716667 0.048333 0.025000
2 0.432500 0.340000 0.030833 0.051667
2 0.194167 0.723333 0.027500 0.016667
3 0.656667 0.668333 0.007500 0.016667
3 0.767500 0.370000 0.007500 0.018333
2 0.421667 0.253333 0.010833 0.091667
3 0.499167 0.775000 0.009167 0.016667
2 0.775000 0.691667 0.011667 0.066667
3 0.548333 0.650000 0.011667 0.030000
3 0.156667 0.616667 0.007500 0.015000
2 0.779167 0.345000 0.023333 0.106667
2 0.730833 0.680000 0.030833 0.051667
2 0.431667 0.275000 0.045833 0.021667
3 0.480000 0.321667 0.007500 0.016667
3 0.287500 0.718333 0.007500 0.015000
3 0.489167 0.203333 0.008333 0.016667
2 0.330000 0.311667 0.010000 0.031667
2 0.742500 0.475000 0.021667 0.090000
2 0.298333 0.395000 0.020833 0.080000
2 0.728333 0.390000 0.020833 0.028333
2 0.283333 0.760000 0.027500 0.016667
2 0.698333 0.655000 0.019167 0.046667
2 0.544167 0.613333 0.015833 0.068333
3 0.226667 0.663333 0.011667 0.020000
2 0.755833 0.410000 0.023333 0.041667
3 0.604167 0.735000 0.009167 0.023333
3 0.720833 0.375000 0.010833 0.013333
