4 0.861667 0.621667 0.095000 0.041667
4 0.821667 0.390000 0.066667 0.073333
4 0.783333 0.340000 0.183333 0.221667
4 0.815000 0.468333 0.205833 0.348333
4 0.823333 0.546667 0.154167 0.146667
4 0.846667 0.420000 0.068333 0.028333
4 0.822500 0.478333 0.071667 0.083333
4 0.800833 0.821667 0.234167 0.355000
4 0.801667 0.525000 0.096667 0.116667
4 0.839167 0.485000 0.051667 0.016667
4 0.327500 0.508333 0.053333 0.056667
4 0.445833 0.583333 0.097500 0.136667
4 0.115000 0.503333 0.200833 0.155000
4 0.764167 0.630000 0.080833 0.178333
4 0.410000 0.553333 0.091667 0.111667
4 0.122500 0.543333 0.124167 0.136667
4 0.204167 0.448333 0.163333 0.218333
4 0.065833 0.471667 0.132500 0.258333
4 0.557500 0.683333 0.183333 0.276667
4 0.491667 0.625000 0.068333 0.170000
2 0.035833 0.548333 0.015833 0.068333
3 0.621667 0.551667 0.009167 0.016667
3 0.692500 0.461667 0.007500 0.015000
2 0.505833 0.498333 0.015833 0.068333
3 0.629167 0.560000 0.010000 0.020000
3 0.213333 0.573333 0.010833 0.013333
3 0.205833 0.533333 0.009167 0.018333
2 0.234167 0.511667 0.013333 0.070000
3 0.165000 0.591667 0.015833 0.051667
3 0.350833 0.596667 0.009167 0.018333
2 0.222500 0.608333 0.010833 0.091667
2 0.484167 0.426667 0.013333 0.070000
2 0.583333 0.528333 0.019167 0.046667
2 0.440833 0.483333 0.048333 0.025000
2 0.537500 0.550000 0.045833 0.021667
2 0.396667 0.521667 0.045833 0.021667
2 0.609167 0.491667 0.097500 0.053333
3 0.740000 0.465000 0.009167 0.018333
2 0.310000 0.496667 0.010833 0.091667
2 0.800833 0.483333 0.020833 0.080000
2 0.435833 0.435000 0.058333 0.076667
2 0.172500 0.431667 0.048333 0.043333
2 0.241667 0.506667 0.020833 0.028333
2 0.017500 0.455000 0.019167 0.046667
3 0.795000 0.536667 0.009167 0.016667
2 0.385833 0.585000 0.048333 0.043333
3 0.359167 0.545000 0.007500 0.018333
2 0.571667 0.521667 0.013333 0.070000
2 0.705833 0.465000 0.014167 0.015000
2 0.211667 0.530000 0.048333 0.025000
2 0.279167 0.571667 0.022500 0.023333
2 0.415000 0.546667 0.048333 0.025000
2 0.743333 0.508333 0.020833 0.080000
3 0.735833 0.518333 0.009167 0.018333
2 0.515833 0.515000 0.027500 0.016667
2 0.563333 0.510000 0.034167 0.100000
2 0.263333 0.465000 0.045833 0.021667
2 0.599167 0.536667 0.027500 0.016667
2 0.665833 0.541667 0.019167 0.046667
3 0.614167 0.520000 0.009167 0.023333
3 0.250000 0.448333 0.013333 0.031667
2 0.096667 0.563333 0.048333 0.043333
3 0.625833 0.530000 0.008333 0.021667
3 0.404167 0.565000 0.009167 0.016667
3 0.636667 0.556667 0.013333 0.031667
2 0.151667 0.486667 0.022500 0.023333
2 0.152500 0.618333 0.010833 0.091667
3 0.306667 0.468333 0.008333 0.016667
3 0.374167 0.491667 0.010000 0.016667
2 0.329167 0.631667 0.022500 0.023333
3 0.490000 0.560000 0.009167 0.016667
3 0.443333 0.471667 0.009167 0.016667
2 0.064167 0.490000 0.029167 0.038333
2 0.422500 0.476667 0.034167 0.038333
3 0.805000 0.448333 0.014167 0.025000
2 0.650833 0.603333 0.020833 0.080000
3 0.589167 0.540000 0.014167 0.025000
3 0.563333 0.553333 0.009167 0.015000
3 0.539167 0.495000 0.009167 0.016667
3 0.695833 0.458333 0.017500 0.031667
3 0.608333 0.518333 0.011667 0.020000
2 0.457500 0.468333 0.013333 0.070000
2 0.821667 0.543333 0.009167 0.031667
3 0.720000 0.573333 0.009167 0.016667
3 0.205833 0.500000 0.007500 0.018333
2 0.664167 0.533333 0.027500 0.016667
3 0.323333 0.483333 0.006667 0.018333
2 0.588333 0.511667 0.021667 0.090000
3 0.312500 0.478333 0.009167 0.015000
2 0.742500 0.470000 0.014167 0.015000
2 0.016667 0.511667 0.033333 0.021667
2 0.705000 0.541667 0.019167 0.046667
2 0.165833 0.476667 0.048333 0.025000
3 0.230833 0.570000 0.017500 0.031667
2 0.493333 0.503333 0.058333 0.076667
2 0.321667 0.518333 0.013333 0.070000
3 0.765833 0.535000 0.013333 0.031667
2 0.535833 0.581667 0.011667 0.025000
3 0.783333 0.486667 0.007500 0.015000
2 0.260833 0.521667 0.023333 0.041667
2 0.076667 0.521667 0.027500 0.016667
2 0.545000 0.556667 0.009167 0.031667
2 0.311667 0.493333 0.048333 0.043333
2 0.620833 0.521667 0.015833 0.068333
2 0.416667 0.460000 0.014167 0.015000
2 0.510000 0.556667 0.023333 0.041667
2 0.127500 0.426667 0.011667 0.066667
3 0.704167 0.481667 0.013333 0.031667
2 0.393333 0.480000 0.097500 0.053333
2 0.235833 0.585000 0.021667 0.090000
3 0.450833 0.606667 0.015833 0.051667
3 0.659167 0.523333 0.008333 0.016667
2 0.147500 0.485000 0.013333 0.070000
3 0.684167 0.545000 0.011667 0.020000
2 0.753333 0.556667 0.014167 0.015000
3 0.473333 0.431667 0.007500 0.018333
2 0.476667 0.600000 0.026667 0.035000
3 0.167500 0.565000 0.007500 0.015000
3 0.778333 0.453333 0.009167 0.015000
2 0.235833 0.533333 0.026667 0.035000
2 0.023333 0.505000 0.047500 0.076667
3 0.310833 0.575000 0.008333 0.016667
2 0.311667 0.763333 0.020833 0.080000
2 0.669167 0.263333 0.045833 0.021667
2 0.198333 0.835000 0.097500 0.053333
3 0.293333 0.768333 0.008333 0.021667
2 0.304167 0.716667 0.009167 0.040000
3 0.689167 0.355000 0.010833 0.013333
2 0.222500 0.383333 0.048333 0.043333
3 0.641667 0.681667 0.008333 0.016667
2 0.521667 0.258333 0.035000 0.105000
2 0.754167 0.713333 0.014167 0.015000
3 0.389167 0.648333 0.010000 0.020000
2 0.720833 0.410000 0.019167 0.046667
3 0.225833 0.386667 0.009167 0.016667
2 0.505000 0.283333 0.034167 0.038333
3 0.725000 0.350000 0.009167 0.016667
2 0.317500 0.696667 0.020833 0.080000
3 0.297500 0.398333 0.010833 0.023333
3 0.358333 0.620000 0.015833 0.051667
3 0.575000 0.616667 0.009167 0.015000
2 0.317500 0.421667 0.009167 0.031667
2 0.312500 0.710000 0.017500 0.116667
3 0.523333 0.361667 0.009167 0.018333
3 0.439167 0.378333 0.010833 0.023333
3 0.380833 0.758333 0.007500 0.015000
2 0.481667 0.728333 0.029167 0.038333
2 0.400833 0.708333 0.034167 0.100000
3 0.788333 0.650000 0.014167 0.025000
3 0.776667 0.651667 0.017500 0.031667
2 0.640833 0.671667 0.010833 0.091667
2 0.456667 0.725000 0.022500 0.023333
3 0.504167 0.335000 0.009167 0.016667
2 0.715833 0.423333 0.011667 0.025000
2 0.535833 0.738333 0.020833 0.080000
2 0.648333 0.651667 0.014167 0.015000
2 0.813333 0.446667 0.026667 0.035000
2 0.402500 0.640000 0.011667 0.066667
2 0.645833 0.391667 0.027500 0.016667
3 0.559167 0.426667 0.010000 0.020000
3 0.237500 0.363333 0.014167 0.025000
3 0.632500 0.650000 0.007500 0.018333
3 0.690000 0.683333 0.017500 0.031667
3 0.665833 0.676667 0.007500 0.016667
3 0.313333 0.373333 0.008333 0.016667
2 0.443333 0.363333 0.009167 0.040000
2 0.350833 0.710000 0.020833 0.080000
2 0.303333 0.346667 0.020000 0.021667
2 0.763333 0.695000 0.011667 0.025000
3 0.690833 0.625000 0.008333 0.016667
3 0.277500 0.770000 0.017500 0.031667
2 0.761667 0.710000 0.020833 0.080000
3 0.569167 0.691667 0.010833 0.013333
3 0.621667 0.643333 0.013333 0.031667
3 0.706667 0.438333 0.009167 0.018333
2 0.547500 0.361667 0.029167 0.038333
3 0.710833 0.368333 0.011667 0.030000
3 0.735833 0.268333 0.010833 0.013333
2 0.713333 0.415000 0.027500 0.016667
2 0.320833 0.641667 0.034167 0.038333
3 0.432500 0.806667 0.008333 0.016667
3 0.744167 0.598333 0.014167 0.025000
2 0.732500 0.755000 0.026667 0.035000
2 0.748333 0.385000 0.030833 0.051667
3 0.737500 0.691667 0.009167 0.018333
2 0.781667 0.635000 0.034167 0.038333
2 0.745833 0.305000 0.029167 0.038333
2 0.654167 0.413333 0.058333 0.076667
2 0.764167 0.700000 0.010000 0.031667
2 0.269167 0.790000 0.020833 0.080000
3 0.302500 0.648333 0.011667 0.030000
3 0.642500 0.635000 0.007500 0.016667
2 0.811667 0.705000 0.020833 0.028333
2 0.787500 0.451667 0.021667 0.090000
3 0.443333 0.375000 0.013333 0.015000
2 0.669167 0.628333 0.048333 0.043333
3 0.650000 0.443333 0.007500 0.015000
2 0.723333 0.658333 0.097500 0.053333
2 0.439167 0.408333 0.020833 0.080000
3 0.660000 0.360000 0.009167 0.018333
2 0.263333 0.636667 0.017500 0.116667
2 0.304167 0.803333 0.023333 0.041667
3 0.218333 0.635000 0.008333 0.016667
2 0.639167 0.400000 0.022500 0.023333
2 0.671667 0.373333 0.023333 0.041667
2 0.685000 0.411667 0.058333 0.076667
3 0.247500 0.698333 0.008333 0.016667
3 0.173333 0.636667 0.007500 0.015000
3 0.597500 0.710000 0.011667 0.020000
2 0.685000 0.328333 0.048333 0.025000
3 0.773333 0.785000 0.013333 0.031667
2 0.547500 0.348333 0.023333 0.106667
2 0.459167 0.281667 0.010833 0.091667
2 0.530833 0.686667 0.011667 0.066667
3 0.758333 0.630000 0.007500 0.018333
3 0.782500 0.613333 0.009167 0.023333
3 0.425000 0.371667 0.009167 0.016667
3 0.530833 0.363333 0.007500 0.015000
2 0.665833 0.381667 0.034167 0.100000
3 0.770000 0.381667 0.009167 0.023333
2 0.486667 0.276667 0.030833 0.051667
2 0.696667 0.670000 0.026667 0.035000
3 0.677500 0.370000 0.007500 0.018333
2 0.545833 0.373333 0.019167 0.046667
2 0.683333 0.626667 0.015833 0.068333
3 0.511667 0.356667 0.007500 0.018333
3 0.325000 0.708333 0.009167 0.018333
3 0.397500 0.325000 0.009167 0.016667
3 0.449167 0.395000 0.017500 0.031667
3 0.325000 0.765000 0.008333 0.016667
3 0.591667 0.338333 0.008333 0.016667
2 0.426667 0.686667 0.020833 0.080000
3 0.719167 0.621667 0.013333 0.031667
2 0.504167 0.308333 0.020833 0.080000
2 0.565833 0.641667 0.022500 0.023333
3 0.775833 0.413333 0.009167 0.015000
3 0.454167 0.201667 0.013333 0.015000
3 0.764167 0.701667 0.009167 0.018333
3 0.710000 0.998333 0.010000 0.001667
3 0.310833 0.401667 0.014167 0.025000
3 0.259167 0.365000 0.007500 0.018333
3 0.448333 0.731667 0.010833 0.023333
3 0.530833 0.378333 0.011667 0.030000
3 0.331667 0.236667 0.015833 0.051667
2 0.232500 0.846667 0.029167 0.038333
2 0.692500 0.278333 0.020833 0.080000
3 0.572500 0.756667 0.009167 0.016667
2 0.470000 0.775000 0.045833 0.021667
3 0.354167 0.403333 0.007500 0.015000
3 0.305833 0.391667 0.008333 0.016667
2 0.684167 0.643333 0.013333 0.070000
2 0.483333 0.758333 0.027500 0.016667
2 0.430000 0.671667 0.020833 0.028333
3 0.661667 0.663333 0.010833 0.013333
3 0.780000 0.346667 0.010000 0.020000
3 0.736667 0.333333 0.011667 0.020000
2 0.684167 0.696667 0.034167 0.100000
2 0.663333 0.695000 0.030833 0.051667
2 0.635833 0.668333 0.017500 0.116667
2 0.340833 0.793333 0.021667 0.090000
2 0.770000 0.665000 0.029167 0.038333
2 0.790833 0.651667 0.026667 0.035000
3 0.441667 0.773333 0.009167 0.016667
3 0.310833 0.301667 0.009167 0.016667
2 0.802500 0.338333 0.011667 0.025000
2 0.721667 0.420000 0.022500 0.023333
2 0.410833 0.841667 0.034167 0.100000
3 0.739167 0.690000 0.013333 0.031667
3 0.509167 0.295000 0.011667 0.030000
3 0.793333 0.423333 0.009167 0.016667
3 0.775833 0.430000 0.007500 0.018333
3 0.484167 0.673333 0.014167 0.025000
2 0.710833 0.365000 0.017500 0.116667
3 0.493333 0.390000 0.009167 0.016667
2 0.663333 0.365000 0.058333 0.076667
2 0.530833 0.403333 0.027500 0.016667
3 0.304167 0.323333 0.010833 0.023333
3 0.508333 0.318333 0.010000 0.016667
3 0.541667 0.688333 0.009167 0.015000
3 0.522500 0.355000 0.011667 0.030000
2 0.436667 0.405000 0.030833 0.051667
3 0.720833 0.420000 0.013333 0.031667
3 0.688333 0.385000 0.008333 0.016667
2 0.770000 0.398333 0.048333 0.043333
2 0.690000 0.276667 0.022500 0.023333
2 0.399167 0.385000 0.027500 0.016667
3 0.757500 0.390000 0.013333 0.031667
3 0.264167 0.656667 0.015833 0.051667
3 0.765833 0.641667 0.009167 0.016667
3 0.781667 0.348333 0.015833 0.051667
3 0.482500 0.720000 0.011667 0.020000
2 0.790000 0.633333 0.048333 0.025000
2 0.682500 0.615000 0.011667 0.066667
3 0.340000 0.226667 0.007500 0.016667
3 0.580000 0.618333 0.017500 0.031667
2 0.299167 0.345000 0.027500 0.016667
3 0.810833 0.403333 0.013333 0.031667
2 0.416667 0.695000 0.048333 0.025000
2 0.818333 0.380000 0.015833 0.068333
3 0.716667 0.348333 0.008333 0.021667
2 0.430000 0.380000 0.023333 0.041667
2 0.260833 0.710000 0.009167 0.040000
2 0.533333 0.295000 0.021667 0.090000
2 0.673333 0.705000 0.030833 0.051667
2 0.217500 0.396667 0.026667 0.035000
3 0.754167 0.706667 0.008333 0.016667
3 0.290833 0.730000 0.013333 0.031667
2 0.369167 0.358333 0.045833 0.021667
2 0.313333 0.680000 0.010833 0.091667
2 0.708333 0.395000 0.026667 0.035000
2 0.504167 0.326667 0.019167 0.046667
2 0.383333 0.640000 0.020833 0.028333
2 0.242500 0.700000 0.048333 0.025000
3 0.188333 0.395000 0.010833 0.013333
3 0.575833 0.310000 0.008333 0.016667
2 0.754167 0.636667 0.021667 0.090000
3 0.515000 0.365000 0.013333 0.031667
2 0.294167 0.676667 0.021667 0.090000
2 0.778333 0.616667 0.035000 0.105000
3 0.795833 0.646667 0.011667 0.020000
