4 0.817500 0.555000 0.059167 0.153333
4 0.795833 0.430000 0.121667 0.175000
4 0.896667 0.451667 0.050833 0.091667
4 0.807500 0.508333 0.130000 0.115000
4 0.855833 0.671667 0.148333 0.218333
4 0.840000 0.585000 0.109167 0.165000
4 0.876667 0.536667 0.038333 0.073333
4 0.892500 0.540000 0.052500 0.070000
4 0.814167 0.433333 0.140000 0.130000
4 0.810000 0.688333 0.166667 0.245000
4 0.472500 0.503333 0.059167 0.040000
4 0.097500 0.545000 0.169167 0.123333
4 0.120833 0.585000 0.208333 0.100000
4 0.720833 0.785000 0.223333 0.428333
4 0.537500 0.665000 0.241667 0.371667
4 0.615833 0.510000 0.085833 0.070000
4 0.725833 0.600000 0.102500 0.111667
4 0.400000 0.466667 0.078333 0.115000
4 0.385000 0.540000 0.061667 0.105000
4 0.683333 0.471667 0.097500 0.128333
2 0.808333 0.445000 0.010000 0.031667
3 0.406667 0.516667 0.013333 0.031667
3 0.252500 0.448333 0.008333 0.016667
3 0.726667 0.528333 0.013333 0.015000
2 0.557500 0.593333 0.009167 0.031667
3 0.257500 0.580000 0.014167 0.025000
2 0.026667 0.485000 0.023333 0.041667
2 0.739167 0.591667 0.010833 0.091667
3 0.676667 0.526667 0.010833 0.023333
3 0.575833 0.560000 0.009167 0.018333
3 0.179167 0.506667 0.009167 0.018333
3 0.248333 0.588333 0.008333 0.016667
2 0.200833 0.506667 0.097500 0.053333
3 0.490000 0.405000 0.009167 0.018333
2 0.695000 0.553333 0.015833 0.068333
2 0.767500 0.580000 0.021667 0.090000
3 0.540833 0.493333 0.007500 0.016667
2 0.066667 0.541667 0.013333 0.070000
2 0.280833 0.530000 0.020000 0.021667
3 0.395000 0.491667 0.009167 0.016667
3 0.555833 0.495000 0.009167 0.023333
2 0.602500 0.428333 0.058333 0.076667
2 0.427500 0.503333 0.027500 0.016667
2 0.325833 0.526667 0.023333 0.041667
3 0.372500 0.566667 0.008333 0.016667
3 0.269167 0.500000 0.014167 0.025000
3 0.154167 0.450000 0.006667 0.018333
3 0.812500 0.556667 0.009167 0.023333
3 0.707500 0.515000 0.007500 0.015000
3 0.455000 0.455000 0.009167 0.023333
3 0.034167 0.470000 0.009167 0.016667
2 0.020833 0.583333 0.034167 0.100000
3 0.721667 0.496667 0.009167 0.016667
2 0.426667 0.588333 0.017500 0.116667
3 0.782500 0.576667 0.011667 0.030000
3 0.575000 0.488333 0.009167 0.016667
3 0.781667 0.473333 0.015833 0.051667
3 0.459167 0.528333 0.009167 0.023333
2 0.495833 0.475000 0.030833 0.051667
3 0.741667 0.570000 0.017500 0.031667
2 0.612500 0.465000 0.019167 0.046667
2 0.426667 0.481667 0.014167 0.015000
3 0.711667 0.470000 0.009167 0.018333
2 0.235000 0.556667 0.020833 0.080000
2 0.370000 0.488333 0.020000 0.021667
3 0.355000 0.575000 0.009167 0.023333
2 0.105833 0.483333 0.019167 0.046667
2 0.469167 0.563333 0.030833 0.051667
2 0.466667 0.503333 0.011667 0.066667
2 0.486667 0.465000 0.022500 0.023333
2 0.663333 0.540000 0.010000 0.031667
3 0.430833 0.563333 0.009167 0.016667
3 0.387500 0.593333 0.007500 0.018333
2 0.435833 0.430000 0.097500 0.053333
3 0.531667 0.481667 0.017500 0.031667
2 0.079167 0.451667 0.014167 0.015000
3 0.369167 0.476667 0.006667 0.018333
3 0.332500 0.455000 0.011667 0.030000
3 0.670833 0.483333 0.007500 0.015000
3 0.440000 0.535000 0.008333 0.016667
2 0.718333 0.563333 0.017500 0.116667
2 0.646667 0.513333 0.035000 0.105000
3 0.389167 0.595000 0.009167 0.016667
3 0.691667 0.515000 0.017500 0.031667
3 0.493333 0.548333 0.013333 0.015000
3 0.795833 0.571667 0.014167 0.025000
2 0.748333 0.495000 0.020833 0.080000
2 0.483333 0.448333 0.021667 0.090000
2 0.748333 0.503333 0.058333 0.076667
2 0.609167 0.465000 0.020833 0.080000
2 0.165833 0.515000 0.021667 0.090000
2 0.425000 0.603333 0.022500 0.023333
3 0.612500 0.621667 0.009167 0.023333
3 0.247500 0.568333 0.013333 0.015000
2 0.283333 0.521667 0.017500 0.116667
2 0.546667 0.546667 0.013333 0.070000
2 0.299167 0.468333 0.034167 0.038333
2 0.195833 0.468333 0.017500 0.116667
3 0.774167 0.451667 0.008333 0.016667
3 0.207500 0.525000 0.010000 0.020000
3 0.617500 0.558333 0.010000 0.020000
2 0.617500 0.531667 0.014167 0.015000
2 0.331667 0.586667 0.020000 0.021667
2 0.250833 0.581667 0.009167 0.040000
3 0.635833 0.568333 0.008333 0.016667
2 0.325833 0.505000 0.020000 0.021667
2 0.631667 0.580000 0.026667 0.035000
3 0.706667 0.593333 0.009167 0.016667
2 0.560833 0.520000 0.030833 0.051667
3 0.212500 0.481667 0.008333 0.016667
2 0.106667 0.476667 0.097500 0.053333
3 0.105833 0.456667 0.007500 0.015000
2 0.335000 0.466667 0.058333 0.076667
3 0.469167 0.580000 0.007500 0.018333
3 0.570000 0.590000 0.008333 0.016667
2 0.283333 0.553333 0.009167 0.040000
3 0.418333 0.538333 0.011667 0.020000
2 0.680000 0.475000 0.020833 0.080000
2 0.324167 0.546667 0.034167 0.100000
2 0.698333 0.461667 0.010000 0.031667
2 0.705833 0.496667 0.023333 0.041667
3 0.627500 0.578333 0.011667 0.020000
2 0.219167 0.301667 0.017500 0.116667
3 0.355833 0.308333 0.014167 0.025000
3 0.405000 0.645000 0.010833 0.013333
2 0.295000 0.375000 0.019167 0.046667
2 0.295000 0.690000 0.097500 0.053333
2 0.436667 0.773333 0.020833 0.080000
3 0.720833 0.678333 0.010833 0.023333
3 0.666667 0.616667 0.010000 0.020000
3 0.692500 0.375000 0.008333 0.021667
2 0.715833 0.426667 0.029167 0.038333
2 0.338333 0.775000 0.026667 0.035000
2 0.656667 0.331667 0.029167 0.038333
3 0.526667 0.416667 0.010833 0.023333
3 0.594167 0.161667 0.007500 0.018333
3 0.427500 0.813333 0.009167 0.016667
2 0.556667 0.205000 0.011667 0.025000
3 0.536667 0.386667 0.007500 0.018333
2 0.815000 0.435000 0.030833 0.051667
3 0.644167 0.711667 0.007500 0.015000
3 0.791667 0.726667 0.009167 0.018333
3 0.780000 0.346667 0.009167 0.016667
2 0.320833 0.345000 0.011667 0.025000
3 0.679167 0.445000 0.011667 0.020000
2 0.429167 0.688333 0.023333 0.041667
2 0.684167 0.420000 0.010000 0.031667
3 0.715000 0.641667 0.013333 0.015000
3 0.248333 0.676667 0.009167 0.018333
2 0.447500 0.336667 0.029167 0.038333
2 0.305000 0.230000 0.027500 0.016667
2 0.661667 0.368333 0.020833 0.080000
3 0.845000 0.323333 0.008333 0.016667
3 0.685833 0.616667 0.010000 0.016667
2 0.724167 0.665000 0.014167 0.015000
3 0.298333 0.390000 0.013333 0.015000
3 0.338333 0.711667 0.011667 0.020000
2 0.779167 0.425000 0.022500 0.023333
2 0.428333 0.756667 0.020000 0.021667
3 0.310000 0.388333 0.017500 0.031667
2 0.810000 0.408333 0.030833 0.051667
3 0.239167 0.371667 0.011667 0.020000
2 0.675833 0.421667 0.030833 0.051667
3 0.727500 0.356667 0.009167 0.023333
3 0.694167 0.348333 0.010000 0.020000
2 0.745000 0.603333 0.015833 0.068333
3 0.459167 0.405000 0.010833 0.023333
3 0.558333 0.343333 0.010833 0.023333
3 0.452500 0.811667 0.010833 0.023333
3 0.686667 0.710000 0.007500 0.016667
2 0.728333 0.691667 0.020000 0.021667
3 0.170000 0.630000 0.014167 0.025000
2 0.721667 0.425000 0.009167 0.040000
2 0.796667 0.675000 0.020833 0.080000
3 0.698333 0.281667 0.010833 0.023333
2 0.565000 0.135000 0.019167 0.046667
2 0.217500 0.368333 0.058333 0.076667
2 0.690000 0.606667 0.034167 0.038333
3 0.752500 0.708333 0.011667 0.020000
3 0.454167 0.268333 0.007500 0.016667
2 0.762500 0.386667 0.058333 0.076667
3 0.691667 0.623333 0.014167 0.025000
2 0.307500 0.373333 0.020833 0.080000
2 0.312500 0.236667 0.027500 0.016667
3 0.677500 0.430000 0.010833 0.013333
3 0.703333 0.431667 0.011667 0.020000
2 0.470000 0.715000 0.035000 0.105000
3 0.755833 0.601667 0.006667 0.018333
3 0.720833 0.346667 0.013333 0.015000
3 0.314167 0.236667 0.009167 0.023333
3 0.723333 0.791667 0.013333 0.015000
3 0.433333 0.758333 0.010000 0.016667
3 0.365833 0.616667 0.010000 0.020000
2 0.691667 0.310000 0.034167 0.100000
3 0.320833 0.266667 0.008333 0.021667
2 0.664167 0.403333 0.026667 0.035000
2 0.487500 0.321667 0.030833 0.051667
3 0.730000 0.610000 0.007500 0.015000
2 0.695000 0.691667 0.010833 0.091667
3 0.545833 0.683333 0.009167 0.016667
3 0.480000 0.708333 0.008333 0.021667
2 0.672500 0.668333 0.020833 0.080000
2 0.740833 0.421667 0.021667 0.090000
2 0.788333 0.720000 0.014167 0.015000
2 0.293333 0.395000 0.048333 0.043333
2 0.698333 0.678333 0.034167 0.038333
2 0.638333 0.333333 0.011667 0.066667
2 0.246667 0.696667 0.010000 0.031667
3 0.729167 0.376667 0.017500 0.031667
2 0.710000 0.645000 0.021667 0.090000
3 0.557500 0.370000 0.010000 0.020000
3 0.676667 0.441667 0.009167 0.016667
2 0.698333 0.325000 0.097500 0.053333
3 0.341667 0.866667 0.010833 0.013333
3 0.465000 0.776667 0.014167 0.025000
2 0.543333 0.690000 0.022500 0.023333
3 0.403333 0.711667 0.013333 0.015000
2 0.725833 0.338333 0.020833 0.028333
3 0.270000 0.738333 0.010000 0.020000
3 0.655000 0.636667 0.010000 0.020000
3 0.762500 0.401667 0.009167 0.016667
2 0.683333 0.660000 0.014167 0.015000
2 0.409167 0.810000 0.097500 0.053333
3 0.730833 0.655000 0.013333 0.015000
2 0.680000 0.301667 0.045833 0.021667
3 0.511667 0.695000 0.014167 0.025000
3 0.412500 0.683333 0.017500 0.031667
2 0.611667 0.648333 0.097500 0.053333
2 0.801667 0.395000 0.010000 0.031667
2 0.225000 0.620000 0.021667 0.090000
3 0.307500 0.693333 0.009167 0.016667
3 0.766667 0.411667 0.015833 0.051667
2 0.686667 0.645000 0.048333 0.025000
2 0.365833 0.751667 0.020833 0.028333
2 0.693333 0.683333 0.048333 0.043333
2 0.717500 0.381667 0.020833 0.028333
2 0.359167 0.786667 0.034167 0.100000
2 0.288333 0.810000 0.013333 0.070000
3 0.473333 0.296667 0.014167 0.025000
2 0.278333 0.155000 0.097500 0.053333
3 0.795833 0.623333 0.011667 0.020000
2 0.479167 0.713333 0.009167 0.031667
3 0.821667 0.436667 0.010000 0.016667
2 0.681667 0.641667 0.023333 0.106667
2 0.342500 0.623333 0.058333 0.076667
3 0.295000 0.680000 0.009167 0.016667
2 0.355000 0.638333 0.035000 0.105000
2 0.526667 0.638333 0.035000 0.105000
3 0.782500 0.366667 0.008333 0.021667
2 0.815000 0.380000 0.020833 0.028333
2 0.698333 0.315000 0.019167 0.046667
3 0.641667 0.621667 0.007500 0.015000
3 0.717500 0.663333 0.013333 0.031667
2 0.671667 0.631667 0.034167 0.038333
3 0.281667 0.745000 0.008333 0.016667
3 0.294167 0.718333 0.008333 0.016667
3 0.311667 0.756667 0.013333 0.015000
3 0.727500 0.620000 0.007500 0.015000
2 0.660833 0.331667 0.020833 0.028333
2 0.365000 0.430000 0.014167 0.015000
2 0.690833 0.636667 0.010000 0.031667
3 0.541667 0.280000 0.007500 0.018333
2 0.405833 0.261667 0.097500 0.053333
3 0.755833 0.371667 0.011667 0.020000
2 0.778333 0.376667 0.017500 0.116667
3 0.672500 0.356667 0.007500 0.018333
2 0.272500 0.396667 0.027500 0.016667
3 0.792500 0.728333 0.008333 0.016667
3 0.727500 0.671667 0.009167 0.018333
2 0.765000 0.613333 0.020000 0.021667
2 0.579167 0.195000 0.023333 0.106667
2 0.269167 0.681667 0.011667 0.025000
3 0.721667 0.676667 0.010000 0.020000
3 0.487500 0.260000 0.008333 0.016667
2 0.524167 0.998333 0.023333 0.001667
3 0.750000 0.608333 0.009167 0.016667
2 0.305000 0.658333 0.058333 0.076667
2 0.388333 0.320000 0.027500 0.016667
2 0.690000 0.386667 0.026667 0.035000
2 0.712500 0.316667 0.035000 0.105000
3 0.661667 0.393333 0.008333 0.016667
2 0.802500 0.711667 0.029167 0.038333
3 0.349167 0.836667 0.010000 0.016667
2 0.746667 0.306667 0.010000 0.031667
2 0.323333 0.341667 0.035000 0.105000
2 0.813333 0.406667 0.026667 0.035000
3 0.517500 0.291667 0.010000 0.020000
2 0.218333 0.355000 0.023333 0.106667
2 0.683333 0.403333 0.013333 0.070000
3 0.482500 0.191667 0.008333 0.016667
3 0.240833 0.371667 0.008333 0.016667
3 0.522500 0.671667 0.006667 0.018333
3 0.318333 0.351667 0.011667 0.020000
3 0.649167 0.621667 0.009167 0.015000
2 0.723333 0.286667 0.048333 0.025000
3 0.672500 0.393333 0.009167 0.018333
2 0.800833 0.610000 0.034167 0.038333
3 0.774167 0.433333 0.011667 0.030000
2 0.795833 0.695000 0.010833 0.091667
2 0.775833 0.388333 0.023333 0.041667
2 0.643333 0.708333 0.021667 0.090000
2 0.671667 0.316667 0.014167 0.015000
3 0.488333 0.376667 0.007500 0.015000
2 0.262500 0.656667 0.034167 0.038333
2 0.343333 0.406667 0.010833 0.091667
2 0.689167 0.305000 0.027500 0.016667
3 0.302500 0.281667 0.006667 0.018333
2 0.335833 0.330000 0.034167 0.100000
3 0.346667 0.786667 0.009167 0.018333
2 0.554167 0.666667 0.048333 0.025000
3 0.696667 0.623333 0.009167 0.023333
3 0.475833 0.805000 0.010000 0.016667
3 0.321667 0.698333 0.009167 0.016667
3 0.400833 0.653333 0.008333 0.016667
2 0.666667 0.350000 0.009167 0.031667
3 0.290833 0.783333 0.007500 0.016667
2 0.690833 0.671667 0.022500 0.023333
3 0.270000 0.866667 0.009167 0.023333
3 0.782500 0.386667 0.006667 0.018333
3 0.785000 0.370000 0.009167 0.016667
