4 0.857500 0.633333 0.055833 0.033333
4 0.840833 0.448333 0.036667 0.028333
4 0.843333 0.653333 0.139167 0.258333
4 0.843333 0.418333 0.126667 0.120000
4 0.855833 0.528333 0.060000 0.158333
4 0.845000 0.480000 0.051667 0.021667
4 0.819167 0.378333 0.122500 0.095000
4 0.869167 0.605000 0.061667 0.091667
4 0.824167 0.615000 0.118333 0.050000
4 0.892500 0.608333 0.052500 0.043333
4 0.405833 0.498333 0.092500 0.066667
4 0.020000 0.576667 0.040833 0.040000
4 0.185000 0.611667 0.135000 0.173333
4 0.547500 0.545000 0.085000 0.050000
4 0.660833 0.523333 0.139167 0.083333
4 0.147500 0.538333 0.082500 0.098333
4 0.149167 0.573333 0.073333 0.048333
4 0.124167 0.503333 0.210000 0.070000
4 0.337500 0.571667 0.090833 0.095000
4 0.196667 0.501667 0.100833 0.106667
2 0.689167 0.495000 0.020833 0.080000
2 0.138333 0.446667 0.097500 0.053333
3 0.301667 0.520000 0.015833 0.051667
3 0.131667 0.556667 0.017500 0.031667
2 0.765833 0.516667 0.023333 0.106667
3 0.199167 0.488333 0.009167 0.016667
3 0.295000 0.601667 0.011667 0.020000
3 0.803333 0.450000 0.007500 0.018333
2 0.684167 0.566667 0.017500 0.116667
2 0.528333 0.540000 0.009167 0.040000
3 0.783333 0.501667 0.010833 0.013333
2 0.550000 0.541667 0.013333 0.070000
2 0.710000 0.498333 0.014167 0.015000
3 0.255833 0.455000 0.007500 0.015000
2 0.456667 0.561667 0.030833 0.051667
3 0.452500 0.571667 0.007500 0.015000
2 0.018333 0.503333 0.037500 0.053333
3 0.605833 0.568333 0.008333 0.021667
2 0.345833 0.513333 0.058333 0.076667
2 0.656667 0.471667 0.011667 0.025000
2 0.623333 0.636667 0.010833 0.091667
3 0.395000 0.471667 0.008333 0.016667
2 0.626667 0.525000 0.020833 0.080000
3 0.072500 0.535000 0.008333 0.016667
3 0.053333 0.481667 0.010000 0.016667
3 0.614167 0.480000 0.009167 0.016667
3 0.352500 0.523333 0.017500 0.031667
2 0.110000 0.588333 0.014167 0.015000
3 0.565000 0.480000 0.017500 0.031667
2 0.358333 0.491667 0.034167 0.100000
3 0.630833 0.560000 0.009167 0.016667
3 0.560833 0.586667 0.008333 0.016667
2 0.190833 0.578333 0.021667 0.090000
2 0.162500 0.413333 0.020833 0.080000
3 0.049167 0.468333 0.009167 0.018333
3 0.767500 0.515000 0.008333 0.016667
2 0.382500 0.500000 0.021667 0.090000
3 0.750833 0.471667 0.015833 0.051667
3 0.501667 0.535000 0.009167 0.016667
2 0.425833 0.605000 0.048333 0.025000
3 0.111667 0.513333 0.009167 0.015000
3 0.270833 0.573333 0.010000 0.020000
2 0.304167 0.538333 0.097500 0.053333
2 0.574167 0.490000 0.011667 0.066667
3 0.807500 0.515000 0.013333 0.015000
2 0.516667 0.468333 0.027500 0.016667
2 0.191667 0.568333 0.034167 0.100000
2 0.596667 0.506667 0.030833 0.051667
3 0.430833 0.550000 0.007500 0.015000
3 0.639167 0.505000 0.009167 0.016667
2 0.178333 0.590000 0.030833 0.051667
3 0.185833 0.543333 0.014167 0.025000
3 0.350000 0.485000 0.010000 0.020000
3 0.730833 0.538333 0.006667 0.018333
2 0.612500 0.515000 0.030833 0.051667
2 0.489167 0.588333 0.020833 0.080000
2 0.469167 0.541667 0.045833 0.021667
2 0.342500 0.443333 0.045833 0.021667
3 0.191667 0.486667 0.007500 0.015000
3 0.198333 0.446667 0.008333 0.016667
2 0.054167 0.573333 0.021667 0.090000
3 0.655833 0.551667 0.010000 0.016667
2 0.313333 0.573333 0.027500 0.016667
2 0.233333 0.563333 0.048333 0.043333
3 0.691667 0.596667 0.007500 0.018333
2 0.067500 0.458333 0.014167 0.015000
2 0.370833 0.491667 0.048333 0.025000
3 0.061667 0.571667 0.008333 0.016667
2 0.045833 0.460000 0.020833 0.080000
2 0.774167 0.488333 0.023333 0.041667
2 0.330833 0.518333 0.011667 0.025000
2 0.139167 0.571667 0.048333 0.043333
3 0.724167 0.495000 0.007500 0.018333
2 0.170833 0.466667 0.022500 0.023333
3 0.495000 0.513333 0.011667 0.020000
3 0.520000 0.561667 0.009167 0.015000
2 0.615833 0.470000 0.009167 0.031667
2 0.092500 0.555000 0.048333 0.025000
2 0.375833 0.521667 0.010833 0.091667
2 0.208333 0.521667 0.048333 0.043333
2 0.207500 0.510000 0.048333 0.043333
3 0.513333 0.535000 0.006667 0.018333
3 0.708333 0.456667 0.007500 0.018333
3 0.624167 0.525000 0.010833 0.013333
3 0.403333 0.573333 0.013333 0.031667
2 0.020000 0.501667 0.040000 0.053333
3 0.031667 0.465000 0.006667 0.018333
3 0.769167 0.551667 0.010833 0.023333
3 0.401667 0.603333 0.017500 0.031667
3 0.717500 0.560000 0.007500 0.015000
3 0.194167 0.595000 0.013333 0.031667
3 0.321667 0.455000 0.008333 0.016667
2 0.239167 0.515000 0.017500 0.116667
2 0.141667 0.618333 0.013333 0.070000
3 0.773333 0.560000 0.007500 0.018333
3 0.172500 0.521667 0.009167 0.018333
2 0.189167 0.486667 0.020000 0.021667
2 0.381667 0.496667 0.019167 0.046667
3 0.807500 0.536667 0.008333 0.016667
2 0.593333 0.605000 0.020000 0.021667
2 0.277500 0.511667 0.034167 0.038333
2 0.620000 0.470000 0.035000 0.105000
3 0.645833 0.650000 0.009167 0.018333
2 0.831667 0.350000 0.034167 0.100000
2 0.645833 0.641667 0.023333 0.106667
2 0.562500 0.610000 0.034167 0.038333
2 0.694167 0.641667 0.011667 0.066667
2 0.179167 0.680000 0.021667 0.090000
3 0.570833 0.633333 0.009167 0.018333
2 0.308333 0.723333 0.026667 0.035000
3 0.658333 0.356667 0.008333 0.016667
3 0.667500 0.351667 0.006667 0.018333
3 0.476667 0.305000 0.007500 0.018333
2 0.760833 0.391667 0.023333 0.106667
3 0.783333 0.615000 0.008333 0.021667
2 0.599167 0.998333 0.020833 0.001667
2 0.247500 0.383333 0.030833 0.051667
2 0.698333 0.698333 0.009167 0.031667
2 0.670000 0.665000 0.010833 0.091667
2 0.270000 0.861667 0.010000 0.031667
3 0.516667 0.406667 0.009167 0.016667
2 0.422500 0.673333 0.034167 0.100000
2 0.569167 0.646667 0.020833 0.080000
2 0.246667 0.415000 0.020833 0.080000
3 0.549167 0.193333 0.010000 0.016667
2 0.295000 0.718333 0.034167 0.100000
3 0.271667 0.673333 0.015833 0.051667
3 0.671667 0.411667 0.008333 0.021667
2 0.200833 0.715000 0.058333 0.076667
2 0.727500 0.323333 0.029167 0.038333
2 0.718333 0.403333 0.029167 0.038333
3 0.325833 0.333333 0.014167 0.025000
2 0.795833 0.615000 0.011667 0.025000
3 0.656667 0.375000 0.011667 0.030000
2 0.660833 0.360000 0.017500 0.116667
2 0.680833 0.393333 0.023333 0.041667
3 0.768333 0.645000 0.007500 0.015000
3 0.660000 0.331667 0.014167 0.025000
3 0.630833 0.376667 0.008333 0.016667
2 0.435833 0.680000 0.034167 0.100000
2 0.767500 0.646667 0.020833 0.080000
3 0.334167 0.333333 0.007500 0.018333
2 0.695833 0.318333 0.058333 0.076667
3 0.436667 0.748333 0.009167 0.016667
3 0.240833 0.696667 0.014167 0.025000
3 0.320833 0.718333 0.009167 0.016667
2 0.680833 0.435000 0.009167 0.031667
3 0.393333 0.383333 0.013333 0.031667
3 0.450000 0.713333 0.009167 0.016667
3 0.709167 0.650000 0.007500 0.018333
3 0.339167 0.715000 0.009167 0.016667
3 0.659167 0.445000 0.013333 0.015000
2 0.757500 0.400000 0.010833 0.091667
2 0.546667 0.683333 0.030833 0.051667
3 0.175833 0.403333 0.008333 0.016667
3 0.677500 0.726667 0.009167 0.016667
3 0.407500 0.683333 0.009167 0.016667
3 0.791667 0.721667 0.007500 0.018333
3 0.453333 0.830000 0.009167 0.016667
2 0.298333 0.755000 0.035000 0.105000
2 0.665000 0.581667 0.035000 0.105000
2 0.446667 0.353333 0.015833 0.068333
3 0.777500 0.335000 0.010833 0.023333
2 0.542500 0.265000 0.013333 0.070000
3 0.484167 0.311667 0.009167 0.018333
2 0.755833 0.395000 0.011667 0.025000
3 0.552500 0.231667 0.011667 0.030000
2 0.775833 0.636667 0.045833 0.021667
3 0.535000 0.415000 0.008333 0.021667
3 0.323333 0.741667 0.010000 0.020000
2 0.556667 0.415000 0.011667 0.025000
2 0.581667 0.743333 0.017500 0.116667
2 0.766667 0.603333 0.035000 0.105000
3 0.383333 0.705000 0.013333 0.015000
2 0.717500 0.653333 0.013333 0.070000
2 0.767500 0.336667 0.011667 0.066667
2 0.309167 0.311667 0.058333 0.076667
3 0.713333 0.728333 0.008333 0.016667
3 0.508333 0.818333 0.010833 0.023333
3 0.575000 0.310000 0.010000 0.020000
3 0.460833 0.113333 0.007500 0.015000
3 0.170833 0.401667 0.007500 0.015000
2 0.520000 0.601667 0.058333 0.076667
3 0.432500 0.391667 0.014167 0.025000
2 0.704167 0.771667 0.048333 0.043333
2 0.645000 0.620000 0.017500 0.116667
3 0.698333 0.348333 0.007500 0.016667
2 0.280833 0.333333 0.045833 0.021667
3 0.792500 0.650000 0.007500 0.015000
2 0.599167 0.313333 0.020000 0.021667
2 0.584167 0.765000 0.022500 0.023333
3 0.218333 0.665000 0.009167 0.016667
2 0.503333 0.268333 0.010000 0.031667
3 0.360000 0.723333 0.011667 0.030000
2 0.262500 0.768333 0.048333 0.025000
2 0.540000 0.733333 0.013333 0.070000
2 0.281667 0.775000 0.023333 0.041667
2 0.520833 0.753333 0.011667 0.025000
2 0.700833 0.788333 0.017500 0.116667
2 0.330000 0.278333 0.019167 0.046667
3 0.562500 0.673333 0.011667 0.020000
2 0.767500 0.401667 0.014167 0.015000
2 0.380833 0.358333 0.019167 0.046667
3 0.570833 0.153333 0.007500 0.018333
3 0.742500 0.335000 0.006667 0.018333
2 0.592500 0.560000 0.019167 0.046667
2 0.319167 0.255000 0.011667 0.025000
2 0.516667 0.271667 0.011667 0.066667
3 0.299167 0.281667 0.013333 0.031667
2 0.220000 0.760000 0.035000 0.105000
2 0.789167 0.748333 0.013333 0.070000
3 0.339167 0.223333 0.008333 0.016667
2 0.266667 0.296667 0.023333 0.041667
3 0.453333 0.196667 0.014167 0.025000
2 0.460000 0.313333 0.027500 0.016667
3 0.305833 0.810000 0.010000 0.020000
2 0.690000 0.623333 0.048333 0.043333
2 0.644167 0.643333 0.026667 0.035000
2 0.780833 0.348333 0.027500 0.016667
3 0.393333 0.328333 0.017500 0.031667
2 0.637500 0.423333 0.019167 0.046667
2 0.714167 0.388333 0.097500 0.053333
3 0.415000 0.680000 0.013333 0.031667
3 0.652500 0.686667 0.015833 0.051667
2 0.486667 0.230000 0.013333 0.070000
2 0.671667 0.453333 0.026667 0.035000
2 0.475833 0.323333 0.020833 0.028333
2 0.500000 0.353333 0.009167 0.031667
2 0.301667 0.263333 0.020833 0.080000
2 0.406667 0.788333 0.023333 0.041667
3 0.316667 0.791667 0.008333 0.016667
3 0.485000 0.256667 0.009167 0.015000
2 0.652500 0.320000 0.058333 0.076667
3 0.314167 0.383333 0.010000 0.020000
3 0.428333 0.810000 0.007500 0.015000
3 0.693333 0.638333 0.009167 0.016667
2 0.650833 0.635000 0.009167 0.040000
3 0.675000 0.438333 0.007500 0.018333
2 0.537500 0.653333 0.026667 0.035000
3 0.495000 0.716667 0.009167 0.016667
2 0.301667 0.653333 0.020833 0.028333
2 0.712500 0.785000 0.034167 0.038333
3 0.535833 0.300000 0.006667 0.018333
3 0.630833 0.356667 0.008333 0.016667
2 0.654167 0.576667 0.035000 0.105000
3 0.305000 0.296667 0.008333 0.021667
2 0.616667 0.408333 0.022500 0.023333
2 0.686667 0.355000 0.009167 0.031667
2 0.740833 0.421667 0.023333 0.041667
2 0.711667 0.338333 0.019167 0.046667
2 0.580000 0.655000 0.009167 0.031667
2 0.785000 0.420000 0.030833 0.051667
3 0.683333 0.641667 0.011667 0.020000
3 0.330833 0.313333 0.007500 0.018333
3 0.350833 0.663333 0.010833 0.023333
3 0.580000 0.428333 0.011667 0.030000
3 0.678333 0.670000 0.009167 0.016667
2 0.402500 0.675000 0.020000 0.021667
3 0.190000 0.398333 0.008333 0.016667
2 0.625833 0.678333 0.021667 0.090000
3 0.568333 0.735000 0.008333 0.016667
2 0.418333 0.393333 0.017500 0.116667
3 0.326667 0.381667 0.008333 0.016667
2 0.168333 0.411667 0.013333 0.070000
3 0.670000 0.625000 0.011667 0.030000
2 0.585833 0.751667 0.026667 0.035000
3 0.696667 0.720000 0.009167 0.016667
2 0.317500 0.730000 0.010000 0.031667
3 0.578333 0.646667 0.013333 0.031667
2 0.765000 0.340000 0.034167 0.038333
3 0.356667 0.368333 0.006667 0.018333
2 0.690000 0.691667 0.011667 0.066667
2 0.263333 0.706667 0.015833 0.068333
3 0.344167 0.636667 0.009167 0.015000
2 0.365833 0.388333 0.015833 0.068333
2 0.674167 0.338333 0.014167 0.015000
3 0.344167 0.231667 0.007500 0.015000
2 0.780833 0.346667 0.020000 0.021667
2 0.300000 0.365000 0.009167 0.040000
3 0.224167 0.305000 0.008333 0.016667
3 0.641667 0.391667 0.015833 0.051667
2 0.531667 0.413333 0.045833 0.021667
3 0.620000 0.288333 0.010833 0.013333
2 0.665833 0.395000 0.097500 0.053333
3 0.393333 0.375000 0.007500 0.015000
3 0.841667 0.316667 0.014167 0.025000
2 0.632500 0.358333 0.026667 0.035000
3 0.342500 0.771667 0.007500 0.015000
2 0.685833 0.660000 0.019167 0.046667
3 0.309167 0.385000 0.009167 0.016667
3 0.788333 0.658333 0.015833 0.051667
2 0.684167 0.630000 0.029167 0.038333
2 0.363333 0.335000 0.097500 0.053333
2 0.520000 0.601667 0.058333 0.076667
2 0.681667 0.683333 0.014167 0.015000
2 0.751667 0.408333 0.029167 0.038333
2 0.590833 0.345000 0.058333 0.076667
3 0.670833 0.341667 0.008333 0.016667
2 0.740833 0.343333 0.009167 0.031667
2 0.697500 0.370000 0.011667 0.025000
