4 0.807500 0.523333 0.061667 0.081667
4 0.836667 0.638333 0.075000 0.058333
4 0.811667 0.498333 0.105833 0.080000
4 0.831667 0.478333 0.103333 0.083333
4 0.864167 0.641667 0.068333 0.055000
4 0.786667 0.480000 0.109167 0.091667
4 0.841667 0.438333 0.062500 0.113333
4 0.859167 0.480000 0.070833 0.130000
4 0.851667 0.483333 0.058333 0.053333
4 0.850833 0.406667 0.042500 0.091667
4 0.770833 0.526667 0.071667 0.043333
4 0.205833 0.620000 0.080833 0.166667
4 0.185833 0.545000 0.075000 0.018333
4 0.386667 0.653333 0.222500 0.196667
4 0.050833 0.503333 0.059167 0.108333
4 0.378333 0.525000 0.072500 0.055000
4 0.752500 0.585000 0.084167 0.190000
4 0.134167 0.586667 0.067500 0.053333
4 0.742500 0.595000 0.071667 0.111667
4 0.535833 0.440000 0.100000 0.148333
2 0.730833 0.605000 0.021667 0.090000
3 0.750000 0.558333 0.008333 0.021667
3 0.150000 0.581667 0.017500 0.031667
2 0.641667 0.551667 0.026667 0.035000
2 0.145000 0.506667 0.020000 0.021667
3 0.477500 0.475000 0.017500 0.031667
2 0.780000 0.513333 0.023333 0.106667
2 0.732500 0.565000 0.023333 0.041667
2 0.527500 0.480000 0.020000 0.021667
2 0.128333 0.556667 0.011667 0.025000
2 0.815833 0.616667 0.020833 0.028333
2 0.808333 0.493333 0.034167 0.100000
2 0.642500 0.511667 0.015833 0.068333
2 0.690833 0.588333 0.048333 0.043333
3 0.275833 0.598333 0.007500 0.018333
3 0.347500 0.513333 0.007500 0.015000
3 0.333333 0.605000 0.007500 0.015000
2 0.200833 0.526667 0.022500 0.023333
2 0.179167 0.521667 0.010833 0.091667
3 0.594167 0.530000 0.006667 0.018333
3 0.535833 0.456667 0.010833 0.013333
2 0.351667 0.515000 0.048333 0.043333
3 0.235833 0.585000 0.009167 0.018333
2 0.591667 0.613333 0.021667 0.090000
2 0.543333 0.445000 0.015833 0.068333
2 0.325833 0.551667 0.029167 0.038333
3 0.252500 0.578333 0.007500 0.015000
2 0.609167 0.610000 0.021667 0.090000
3 0.448333 0.533333 0.014167 0.025000
3 0.333333 0.460000 0.007500 0.015000
3 0.449167 0.496667 0.010000 0.016667
3 0.218333 0.556667 0.007500 0.015000
3 0.343333 0.593333 0.009167 0.016667
3 0.595000 0.528333 0.013333 0.031667
2 0.175833 0.455000 0.011667 0.025000
2 0.243333 0.490000 0.010000 0.031667
2 0.650000 0.483333 0.017500 0.116667
2 0.255833 0.480000 0.011667 0.025000
2 0.584167 0.471667 0.029167 0.038333
2 0.331667 0.473333 0.022500 0.023333
2 0.731667 0.533333 0.010000 0.031667
2 0.705833 0.573333 0.034167 0.100000
3 0.276667 0.450000 0.011667 0.030000
2 0.768333 0.515000 0.010833 0.091667
2 0.297500 0.435000 0.015833 0.068333
3 0.240000 0.481667 0.008333 0.016667
3 0.385000 0.540000 0.009167 0.018333
3 0.290833 0.535000 0.007500 0.016667
3 0.267500 0.516667 0.007500 0.015000
2 0.066667 0.575000 0.097500 0.053333
2 0.160833 0.571667 0.009167 0.031667
3 0.541667 0.468333 0.015833 0.051667
3 0.749167 0.486667 0.009167 0.015000
2 0.019167 0.591667 0.022500 0.023333
2 0.163333 0.578333 0.017500 0.116667
2 0.776667 0.458333 0.020000 0.021667
2 0.645833 0.461667 0.027500 0.016667
2 0.377500 0.500000 0.045833 0.021667
3 0.639167 0.590000 0.007500 0.016667
2 0.572500 0.563333 0.011667 0.025000
2 0.615833 0.473333 0.021667 0.090000
3 0.127500 0.455000 0.009167 0.015000
3 0.479167 0.550000 0.008333 0.016667
3 0.456667 0.490000 0.009167 0.018333
3 0.448333 0.486667 0.009167 0.023333
3 0.795000 0.525000 0.010833 0.023333
2 0.113333 0.616667 0.034167 0.100000
3 0.619167 0.456667 0.010833 0.023333
3 0.615000 0.480000 0.017500 0.031667
2 0.542500 0.481667 0.013333 0.070000
3 0.658333 0.570000 0.007500 0.015000
3 0.436667 0.538333 0.008333 0.016667
2 0.299167 0.535000 0.017500 0.116667
2 0.196667 0.465000 0.035000 0.105000
3 0.040000 0.468333 0.011667 0.030000
2 0.529167 0.500000 0.009167 0.040000
2 0.222500 0.536667 0.017500 0.116667
2 0.590000 0.481667 0.026667 0.035000
2 0.395000 0.551667 0.097500 0.053333
3 0.540000 0.565000 0.017500 0.031667
3 0.655833 0.548333 0.009167 0.016667
2 0.267500 0.583333 0.010000 0.031667
2 0.383333 0.531667 0.011667 0.066667
3 0.825833 0.571667 0.008333 0.016667
2 0.501667 0.560000 0.009167 0.031667
2 0.149167 0.548333 0.048333 0.043333
3 0.356667 0.481667 0.013333 0.015000
2 0.696667 0.478333 0.009167 0.031667
3 0.711667 0.471667 0.013333 0.015000
3 0.112500 0.491667 0.008333 0.016667
2 0.606667 0.511667 0.058333 0.076667
3 0.175000 0.486667 0.010000 0.020000
2 0.515000 0.546667 0.019167 0.046667
3 0.230000 0.525000 0.013333 0.015000
3 0.238333 0.548333 0.010000 0.020000
2 0.564167 0.485000 0.020833 0.080000
2 0.610000 0.558333 0.009167 0.040000
3 0.628333 0.581667 0.007500 0.015000
3 0.338333 0.473333 0.007500 0.015000
2 0.615833 0.515000 0.020833 0.080000
3 0.517500 0.533333 0.013333 0.015000
3 0.025000 0.546667 0.007500 0.016667
3 0.335833 0.293333 0.007500 0.015000
3 0.704167 0.423333 0.009167 0.016667
2 0.165000 0.368333 0.019167 0.046667
2 0.621667 0.638333 0.045833 0.021667
3 0.572500 0.613333 0.010833 0.013333
2 0.273333 0.620000 0.097500 0.053333
3 0.717500 0.663333 0.013333 0.031667
3 0.307500 0.700000 0.007500 0.016667
2 0.277500 0.728333 0.015833 0.068333
3 0.702500 0.715000 0.009167 0.015000
2 0.215833 0.418333 0.026667 0.035000
2 0.677500 0.378333 0.011667 0.066667
3 0.446667 0.710000 0.008333 0.016667
2 0.458333 0.720000 0.020833 0.080000
2 0.548333 0.635000 0.011667 0.066667
3 0.261667 0.695000 0.009167 0.015000
2 0.495000 0.705000 0.048333 0.025000
2 0.574167 0.605000 0.029167 0.038333
3 0.468333 0.711667 0.010833 0.023333
2 0.508333 0.795000 0.020833 0.080000
2 0.690000 0.255000 0.015833 0.068333
3 0.402500 0.375000 0.007500 0.015000
2 0.585000 0.436667 0.010000 0.031667
3 0.421667 0.348333 0.010833 0.023333
3 0.558333 0.211667 0.007500 0.018333
2 0.775833 0.630000 0.019167 0.046667
2 0.771667 0.671667 0.022500 0.023333
2 0.596667 0.998333 0.011667 0.001667
2 0.298333 0.276667 0.048333 0.043333
3 0.521667 0.706667 0.013333 0.015000
3 0.831667 0.408333 0.006667 0.018333
2 0.780000 0.678333 0.020833 0.028333
2 0.764167 0.711667 0.009167 0.031667
2 0.261667 0.191667 0.020833 0.028333
2 0.259167 0.245000 0.058333 0.076667
3 0.782500 0.448333 0.007500 0.018333
2 0.740000 0.575000 0.035000 0.105000
2 0.728333 0.748333 0.021667 0.090000
3 0.694167 0.630000 0.009167 0.016667
3 0.359167 0.251667 0.008333 0.016667
3 0.719167 0.335000 0.010833 0.013333
3 0.347500 0.788333 0.008333 0.016667
3 0.400000 0.653333 0.009167 0.016667
3 0.650833 0.650000 0.015833 0.051667
3 0.523333 0.396667 0.013333 0.031667
3 0.765000 0.720000 0.009167 0.018333
2 0.506667 0.715000 0.027500 0.016667
2 0.505833 0.223333 0.035000 0.105000
2 0.530833 0.366667 0.011667 0.025000
3 0.716667 0.430000 0.009167 0.016667
3 0.806667 0.728333 0.009167 0.016667
2 0.672500 0.463333 0.013333 0.070000
2 0.629167 0.371667 0.009167 0.031667
2 0.690000 0.776667 0.023333 0.041667
2 0.232500 0.810000 0.009167 0.031667
3 0.748333 0.670000 0.013333 0.031667
2 0.800000 0.420000 0.009167 0.031667
2 0.735000 0.631667 0.030833 0.051667
3 0.690000 0.378333 0.010833 0.023333
2 0.758333 0.385000 0.020833 0.028333
3 0.759167 0.388333 0.009167 0.018333
2 0.308333 0.231667 0.048333 0.043333
2 0.300000 0.678333 0.035000 0.105000
3 0.220833 0.653333 0.007500 0.015000
2 0.751667 0.658333 0.021667 0.090000
2 0.553333 0.703333 0.011667 0.025000
2 0.505833 0.710000 0.029167 0.038333
2 0.698333 0.393333 0.020833 0.080000
3 0.736667 0.415000 0.006667 0.018333
2 0.800833 0.621667 0.034167 0.038333
3 0.715000 0.603333 0.007500 0.015000
2 0.660000 0.378333 0.020833 0.080000
2 0.780000 0.368333 0.020833 0.080000
2 0.654167 0.380000 0.010000 0.031667
3 0.349167 0.708333 0.007500 0.015000
3 0.599167 0.740000 0.009167 0.016667
2 0.681667 0.630000 0.014167 0.015000
3 0.251667 0.393333 0.008333 0.016667
3 0.271667 0.345000 0.010000 0.016667
2 0.621667 0.426667 0.013333 0.070000
2 0.774167 0.393333 0.022500 0.023333
2 0.647500 0.476667 0.020833 0.080000
3 0.385833 0.708333 0.008333 0.016667
3 0.330833 0.390000 0.007500 0.018333
2 0.651667 0.675000 0.017500 0.116667
2 0.311667 0.378333 0.022500 0.023333
3 0.478333 0.223333 0.007500 0.015000
2 0.758333 0.611667 0.048333 0.025000
3 0.308333 0.693333 0.008333 0.016667
2 0.344167 0.400000 0.027500 0.016667
3 0.514167 0.811667 0.011667 0.020000
2 0.713333 0.645000 0.023333 0.106667
2 0.781667 0.740000 0.034167 0.100000
3 0.768333 0.648333 0.008333 0.016667
3 0.365833 0.665000 0.008333 0.016667
3 0.760833 0.338333 0.013333 0.031667
3 0.714167 0.416667 0.008333 0.016667
2 0.745833 0.385000 0.009167 0.031667
2 0.518333 0.998333 0.034167 0.001667
3 0.537500 0.448333 0.017500 0.031667
3 0.516667 0.363333 0.009167 0.016667
2 0.695833 0.361667 0.011667 0.025000
2 0.782500 0.666667 0.026667 0.035000
2 0.446667 0.680000 0.013333 0.070000
2 0.555000 0.998333 0.009167 0.001667
2 0.606667 0.406667 0.026667 0.035000
3 0.685000 0.633333 0.007500 0.018333
2 0.550833 0.328333 0.023333 0.041667
3 0.557500 0.668333 0.008333 0.016667
2 0.579167 0.195000 0.022500 0.023333
3 0.598333 0.710000 0.009167 0.016667
3 0.454167 0.660000 0.010833 0.013333
2 0.346667 0.416667 0.020833 0.080000
2 0.731667 0.651667 0.017500 0.116667
2 0.338333 0.843333 0.009167 0.040000
3 0.574167 0.663333 0.007500 0.015000
3 0.314167 0.660000 0.007500 0.016667
2 0.695000 0.661667 0.014167 0.015000
3 0.583333 0.753333 0.008333 0.016667
3 0.709167 0.673333 0.011667 0.020000
3 0.299167 0.396667 0.007500 0.016667
3 0.604167 0.733333 0.009167 0.016667
3 0.399167 0.663333 0.010833 0.023333
2 0.625000 0.445000 0.034167 0.100000
2 0.755833 0.708333 0.011667 0.025000
2 0.244167 0.350000 0.026667 0.035000
2 0.356667 0.380000 0.019167 0.046667
2 0.785000 0.596667 0.010000 0.031667
3 0.791667 0.728333 0.009167 0.016667
3 0.549167 0.645000 0.010000 0.020000
2 0.472500 0.666667 0.034167 0.100000
3 0.465000 0.813333 0.009167 0.016667
2 0.650833 0.343333 0.048333 0.025000
2 0.234167 0.646667 0.048333 0.025000
2 0.720000 0.680000 0.045833 0.021667
2 0.486667 0.735000 0.020000 0.021667
2 0.726667 0.606667 0.058333 0.076667
2 0.525833 0.360000 0.017500 0.116667
3 0.694167 0.648333 0.006667 0.018333
3 0.499167 0.303333 0.007500 0.018333
2 0.795000 0.578333 0.035000 0.105000
2 0.219167 0.648333 0.011667 0.025000
3 0.425000 0.718333 0.010833 0.013333
3 0.573333 0.633333 0.007500 0.015000
2 0.597500 0.618333 0.058333 0.076667
2 0.429167 0.616667 0.020833 0.080000
2 0.765000 0.310000 0.017500 0.116667
2 0.775833 0.630000 0.019167 0.046667
3 0.652500 0.633333 0.009167 0.016667
2 0.222500 0.685000 0.026667 0.035000
2 0.337500 0.680000 0.022500 0.023333
3 0.841667 0.316667 0.014167 0.025000
3 0.738333 0.651667 0.007500 0.015000
2 0.555000 0.686667 0.009167 0.040000
2 0.477500 0.855000 0.021667 0.090000
3 0.808333 0.431667 0.011667 0.030000
2 0.742500 0.386667 0.097500 0.053333
2 0.622500 0.616667 0.045833 0.021667
3 0.595833 0.718333 0.011667 0.020000
3 0.746667 0.448333 0.013333 0.031667
2 0.252500 0.636667 0.011667 0.025000
3 0.701667 0.611667 0.010833 0.013333
2 0.769167 0.423333 0.027500 0.016667
2 0.763333 0.348333 0.034167 0.100000
3 0.656667 0.676667 0.007500 0.015000
2 0.795000 0.388333 0.048333 0.043333
2 0.649167 0.371667 0.034167 0.100000
3 0.770833 0.361667 0.008333 0.016667
2 0.505000 0.751667 0.048333 0.043333
2 0.563333 0.740000 0.048333 0.025000
3 0.760833 0.613333 0.008333 0.021667
2 0.683333 0.266667 0.017500 0.116667
2 0.740000 0.701667 0.020833 0.028333
3 0.537500 0.643333 0.010833 0.013333
2 0.766667 0.351667 0.048333 0.025000
3 0.451667 0.761667 0.015833 0.051667
3 0.469167 0.293333 0.009167 0.018333
3 0.245833 0.361667 0.008333 0.016667
2 0.250833 0.645000 0.058333 0.076667
2 0.214167 0.400000 0.029167 0.038333
3 0.535000 0.423333 0.013333 0.031667
2 0.460833 0.728333 0.013333 0.070000
2 0.487500 0.320000 0.045833 0.021667
2 0.482500 0.223333 0.035000 0.105000
2 0.286667 0.251667 0.097500 0.053333
3 0.435000 0.726667 0.007500 0.018333
2 0.423333 0.781667 0.021667 0.090000
3 0.547500 0.418333 0.007500 0.018333
2 0.420000 0.806667 0.034167 0.100000
3 0.506667 0.823333 0.010833 0.023333
3 0.752500 0.610000 0.013333 0.031667
3 0.415833 0.725000 0.010000 0.016667
2 0.545000 0.436667 0.048333 0.043333
2 0.520000 0.345000 0.015833 0.068333
3 0.331667 0.303333 0.015833 0.051667
3 0.298333 0.666667 0.014167 0.025000
2 0.264167 0.276667 0.014167 0.015000
2 0.724167 0.665000 0.015833 0.068333
