4 0.822500 0.588333 0.046667 0.051667
4 0.843333 0.491667 0.146667 0.050000
4 0.858333 0.435000 0.050833 0.101667
4 0.817500 0.440000 0.157500 0.333333
4 0.876667 0.376667 0.096667 0.105000
4 0.840833 0.488333 0.131667 0.166667
4 0.779167 0.573333 0.120833 0.041667
4 0.823333 0.528333 0.123333 0.100000
4 0.830000 0.470000 0.130000 0.186667
4 0.827500 0.651667 0.042500 0.083333
4 0.449167 0.595000 0.086667 0.098333
4 0.203333 0.458333 0.182500 0.083333
4 0.183333 0.526667 0.056667 0.038333
4 0.267500 0.435000 0.051667 0.095000
4 0.343333 0.581667 0.077500 0.095000
4 0.414167 0.661667 0.202500 0.253333
4 0.318333 0.563333 0.072500 0.135000
4 0.548333 0.505000 0.205000 0.068333
4 0.646667 0.568333 0.052500 0.056667
4 0.211667 0.536667 0.075000 0.025000
2 0.550000 0.505000 0.022500 0.023333
3 0.326667 0.490000 0.014167 0.025000
2 0.335000 0.595000 0.009167 0.031667
3 0.730000 0.506667 0.014167 0.025000
2 0.355833 0.488333 0.021667 0.090000
2 0.257500 0.470000 0.015833 0.068333
2 0.322500 0.656667 0.020833 0.080000
2 0.604167 0.540000 0.027500 0.016667
2 0.334167 0.453333 0.020833 0.080000
2 0.683333 0.580000 0.009167 0.040000
3 0.420000 0.550000 0.007500 0.015000
3 0.429167 0.530000 0.007500 0.015000
2 0.172500 0.585000 0.023333 0.041667
2 0.663333 0.530000 0.021667 0.090000
2 0.525833 0.560000 0.009167 0.040000
2 0.100833 0.473333 0.048333 0.043333
3 0.161667 0.528333 0.009167 0.016667
3 0.431667 0.466667 0.011667 0.030000
2 0.585833 0.468333 0.010000 0.031667
2 0.814167 0.480000 0.022500 0.023333
2 0.225833 0.513333 0.013333 0.070000
3 0.036667 0.461667 0.007500 0.016667
2 0.363333 0.486667 0.022500 0.023333
3 0.044167 0.521667 0.013333 0.031667
2 0.564167 0.576667 0.034167 0.038333
3 0.485833 0.585000 0.009167 0.015000
2 0.233333 0.560000 0.020833 0.028333
2 0.195833 0.571667 0.020833 0.080000
3 0.764167 0.460000 0.007500 0.015000
2 0.341667 0.623333 0.010000 0.031667
3 0.430000 0.571667 0.010833 0.023333
3 0.035000 0.530000 0.009167 0.015000
2 0.321667 0.533333 0.023333 0.106667
2 0.220000 0.536667 0.011667 0.025000
3 0.641667 0.495000 0.013333 0.031667
3 0.231667 0.535000 0.010000 0.020000
3 0.370833 0.568333 0.010000 0.020000
3 0.143333 0.513333 0.009167 0.016667
3 0.687500 0.456667 0.006667 0.018333
3 0.439167 0.480000 0.007500 0.018333
2 0.177500 0.611667 0.022500 0.023333
3 0.820833 0.618333 0.014167 0.025000
3 0.802500 0.520000 0.010833 0.023333
3 0.240000 0.471667 0.006667 0.018333
2 0.385833 0.570000 0.014167 0.015000
2 0.140833 0.510000 0.020000 0.021667
2 0.739167 0.530000 0.013333 0.070000
3 0.826667 0.545000 0.009167 0.023333
3 0.126667 0.570000 0.007500 0.015000
3 0.184167 0.513333 0.007500 0.018333
3 0.138333 0.588333 0.007500 0.018333
3 0.166667 0.498333 0.008333 0.021667
2 0.355000 0.500000 0.011667 0.066667
2 0.210833 0.498333 0.019167 0.046667
2 0.235833 0.488333 0.027500 0.016667
3 0.326667 0.515000 0.013333 0.031667
3 0.308333 0.481667 0.007500 0.015000
2 0.195833 0.470000 0.020000 0.021667
2 0.445000 0.478333 0.034167 0.038333
3 0.393333 0.563333 0.009167 0.023333
3 0.654167 0.548333 0.017500 0.031667
3 0.681667 0.583333 0.008333 0.016667
2 0.638333 0.480000 0.034167 0.038333
2 0.289167 0.566667 0.020000 0.021667
2 0.082500 0.526667 0.048333 0.025000
2 0.438333 0.646667 0.013333 0.070000
3 0.021667 0.495000 0.010833 0.023333
3 0.677500 0.510000 0.010833 0.013333
2 0.177500 0.536667 0.034167 0.038333
2 0.446667 0.580000 0.013333 0.070000
3 0.176667 0.578333 0.013333 0.015000
3 0.143333 0.518333 0.013333 0.031667
2 0.656667 0.563333 0.030833 0.051667
3 0.507500 0.495000 0.017500 0.031667
3 0.201667 0.521667 0.007500 0.016667
3 0.468333 0.481667 0.006667 0.018333
2 0.402500 0.595000 0.022500 0.023333
3 0.492500 0.491667 0.006667 0.018333
3 0.656667 0.550000 0.007500 0.015000
2 0.067500 0.506667 0.011667 0.066667
3 0.225000 0.576667 0.010833 0.023333
3 0.510833 0.528333 0.010833 0.023333
3 0.765833 0.538333 0.010000 0.016667
3 0.186667 0.455000 0.008333 0.016667
3 0.230000 0.548333 0.015833 0.051667
2 0.490000 0.468333 0.009167 0.031667
3 0.064167 0.565000 0.008333 0.021667
2 0.750000 0.580000 0.048333 0.025000
2 0.805833 0.605000 0.045833 0.021667
2 0.252500 0.445000 0.015833 0.068333
2 0.130000 0.505000 0.010833 0.091667
3 0.040000 0.506667 0.006667 0.018333
3 0.285000 0.566667 0.011667 0.030000
2 0.667500 0.553333 0.009167 0.040000
2 0.588333 0.586667 0.013333 0.070000
2 0.798333 0.488333 0.034167 0.100000
2 0.152500 0.568333 0.010000 0.031667
2 0.188333 0.463333 0.058333 0.076667
2 0.346667 0.506667 0.026667 0.035000
3 0.430833 0.493333 0.009167 0.023333
2 0.650000 0.448333 0.020833 0.028333
3 0.028333 0.501667 0.007500 0.015000
2 0.573333 0.653333 0.023333 0.106667
2 0.689167 0.423333 0.010833 0.091667
3 0.747500 0.606667 0.007500 0.018333
3 0.514167 0.328333 0.013333 0.015000
2 0.665000 0.698333 0.013333 0.070000
2 0.660833 0.705000 0.020833 0.028333
2 0.261667 0.373333 0.015833 0.068333
3 0.645833 0.441667 0.013333 0.031667
2 0.311667 0.760000 0.021667 0.090000
3 0.641667 0.663333 0.008333 0.021667
2 0.663333 0.348333 0.023333 0.106667
3 0.335833 0.655000 0.017500 0.031667
3 0.731667 0.596667 0.010833 0.023333
3 0.419167 0.760000 0.015833 0.051667
3 0.677500 0.360000 0.011667 0.030000
3 0.755000 0.601667 0.008333 0.016667
2 0.347500 0.296667 0.009167 0.031667
3 0.496667 0.365000 0.007500 0.015000
2 0.306667 0.603333 0.017500 0.116667
3 0.291667 0.235000 0.007500 0.018333
3 0.460833 0.245000 0.007500 0.015000
3 0.665833 0.408333 0.009167 0.016667
3 0.553333 0.706667 0.013333 0.031667
2 0.542500 0.696667 0.034167 0.038333
3 0.341667 0.866667 0.010833 0.013333
2 0.768333 0.386667 0.023333 0.041667
3 0.277500 0.445000 0.015833 0.051667
3 0.445000 0.140000 0.009167 0.018333
3 0.640000 0.353333 0.007500 0.015000
2 0.631667 0.433333 0.010000 0.031667
3 0.286667 0.125000 0.007500 0.015000
2 0.495833 0.813333 0.048333 0.025000
2 0.428333 0.746667 0.011667 0.025000
2 0.640000 0.603333 0.011667 0.066667
2 0.680000 0.278333 0.020000 0.021667
3 0.675833 0.383333 0.015833 0.051667
2 0.705000 0.801667 0.009167 0.031667
3 0.642500 0.376667 0.007500 0.015000
3 0.527500 0.615000 0.007500 0.015000
3 0.448333 0.371667 0.017500 0.031667
2 0.744167 0.633333 0.013333 0.070000
2 0.580000 0.323333 0.045833 0.021667
2 0.259167 0.673333 0.030833 0.051667
3 0.393333 0.376667 0.007500 0.018333
2 0.309167 0.383333 0.097500 0.053333
2 0.332500 0.255000 0.020833 0.080000
2 0.720833 0.605000 0.034167 0.038333
3 0.503333 0.270000 0.010000 0.020000
2 0.646667 0.390000 0.030833 0.051667
2 0.413333 0.690000 0.035000 0.105000
2 0.685833 0.743333 0.020833 0.028333
2 0.691667 0.266667 0.023333 0.106667
3 0.449167 0.283333 0.011667 0.020000
2 0.161667 0.400000 0.023333 0.106667
3 0.724167 0.391667 0.007500 0.018333
3 0.438333 0.808333 0.017500 0.031667
2 0.431667 0.635000 0.011667 0.066667
3 0.350833 0.290000 0.015833 0.051667
3 0.690833 0.678333 0.009167 0.016667
3 0.690000 0.338333 0.008333 0.016667
2 0.672500 0.403333 0.020833 0.080000
2 0.795000 0.626667 0.023333 0.041667
3 0.583333 0.618333 0.011667 0.030000
3 0.327500 0.390000 0.008333 0.016667
3 0.665000 0.363333 0.009167 0.018333
2 0.738333 0.708333 0.045833 0.021667
3 0.704167 0.720000 0.009167 0.018333
2 0.350833 0.411667 0.009167 0.040000
3 0.644167 0.403333 0.007500 0.015000
2 0.660000 0.346667 0.019167 0.046667
3 0.530833 0.365000 0.008333 0.016667
2 0.253333 0.685000 0.011667 0.066667
3 0.549167 0.683333 0.011667 0.020000
3 0.724167 0.660000 0.014167 0.025000
2 0.788333 0.903333 0.048333 0.025000
2 0.419167 0.738333 0.023333 0.041667
2 0.226667 0.641667 0.011667 0.066667
3 0.547500 0.653333 0.007500 0.015000
2 0.516667 0.643333 0.009167 0.031667
3 0.495833 0.165000 0.007500 0.018333
2 0.645000 0.323333 0.010000 0.031667
3 0.268333 0.650000 0.007500 0.018333
2 0.514167 0.393333 0.020000 0.021667
3 0.802500 0.371667 0.008333 0.016667
3 0.649167 0.386667 0.010833 0.013333
2 0.325833 0.448333 0.020833 0.080000
3 0.703333 0.406667 0.010000 0.020000
3 0.796667 0.658333 0.010000 0.016667
2 0.302500 0.400000 0.017500 0.116667
2 0.617500 0.323333 0.027500 0.016667
2 0.285833 0.711667 0.011667 0.025000
3 0.650833 0.668333 0.007500 0.015000
3 0.302500 0.795000 0.015833 0.051667
2 0.742500 0.726667 0.030833 0.051667
3 0.442500 0.655000 0.006667 0.018333
3 0.477500 0.705000 0.013333 0.031667
3 0.420833 0.781667 0.010833 0.013333
3 0.450833 0.283333 0.007500 0.018333
2 0.625000 0.416667 0.013333 0.070000
2 0.264167 0.388333 0.022500 0.023333
3 0.457500 0.223333 0.007500 0.018333
3 0.725000 0.348333 0.009167 0.018333
2 0.800833 0.626667 0.023333 0.041667
3 0.240000 0.763333 0.007500 0.018333
3 0.581667 0.741667 0.011667 0.030000
3 0.801667 0.638333 0.010833 0.023333
2 0.400000 0.680000 0.020833 0.080000
2 0.493333 0.416667 0.048333 0.043333
3 0.630833 0.658333 0.008333 0.016667
2 0.771667 0.671667 0.023333 0.106667
2 0.766667 0.635000 0.034167 0.038333
2 0.785000 0.376667 0.019167 0.046667
2 0.485000 0.840000 0.011667 0.066667
3 0.581667 0.738333 0.010833 0.023333
2 0.215000 0.741667 0.058333 0.076667
2 0.743333 0.611667 0.027500 0.016667
2 0.669167 0.288333 0.020833 0.080000
3 0.798333 0.643333 0.010833 0.023333
2 0.788333 0.623333 0.029167 0.038333
2 0.735833 0.578333 0.058333 0.076667
2 0.573333 0.706667 0.035000 0.105000
2 0.719167 0.630000 0.011667 0.025000
2 0.716667 0.611667 0.029167 0.038333
3 0.728333 0.681667 0.007500 0.015000
3 0.540000 0.355000 0.007500 0.018333
2 0.789167 0.363333 0.029167 0.038333
2 0.454167 0.270000 0.029167 0.038333
3 0.728333 0.415000 0.009167 0.023333
2 0.485000 0.255000 0.029167 0.038333
3 0.309167 0.401667 0.011667 0.030000
2 0.630000 0.386667 0.009167 0.031667
3 0.775000 0.341667 0.014167 0.025000
3 0.710000 0.623333 0.008333 0.021667
2 0.693333 0.646667 0.009167 0.040000
2 0.707500 0.591667 0.045833 0.021667
3 0.548333 0.656667 0.010833 0.023333
2 0.761667 0.396667 0.058333 0.076667
3 0.687500 0.400000 0.007500 0.015000
2 0.637500 0.638333 0.022500 0.023333
2 0.520833 0.291667 0.021667 0.090000
2 0.676667 0.290000 0.030833 0.051667
2 0.637500 0.643333 0.014167 0.015000
3 0.472500 0.313333 0.011667 0.020000
3 0.345000 0.723333 0.010000 0.020000
2 0.759167 0.703333 0.048333 0.025000
3 0.338333 0.728333 0.009167 0.015000
3 0.285000 0.780000 0.010000 0.016667
3 0.602500 0.746667 0.007500 0.016667
2 0.442500 0.623333 0.020833 0.080000
3 0.772500 0.403333 0.013333 0.015000
3 0.323333 0.270000 0.007500 0.016667
2 0.421667 0.343333 0.011667 0.066667
2 0.397500 0.693333 0.020000 0.021667
3 0.710000 0.623333 0.008333 0.021667
3 0.770000 0.615000 0.009167 0.016667
3 0.225000 0.388333 0.010833 0.023333
2 0.327500 0.663333 0.034167 0.038333
3 0.685833 0.665000 0.009167 0.023333
3 0.685000 0.331667 0.009167 0.016667
2 0.342500 0.393333 0.034167 0.100000
2 0.482500 0.231667 0.021667 0.090000
3 0.323333 0.176667 0.008333 0.016667
3 0.652500 0.413333 0.013333 0.015000
3 0.675000 0.708333 0.013333 0.015000
2 0.345000 0.730000 0.020833 0.028333
2 0.351667 0.663333 0.027500 0.016667
2 0.457500 0.341667 0.020833 0.080000
3 0.684167 0.628333 0.010833 0.023333
2 0.623333 0.391667 0.013333 0.070000
3 0.657500 0.335000 0.007500 0.015000
3 0.780833 0.385000 0.010000 0.020000
3 0.680000 0.441667 0.009167 0.015000
2 0.596667 0.328333 0.097500 0.053333
3 0.311667 0.450000 0.014167 0.025000
2 0.464167 0.348333 0.020833 0.028333
3 0.638333 0.416667 0.007500 0.015000
3 0.540000 0.998333 0.009167 0.001667
3 0.439167 0.805000 0.014167 0.025000
3 0.516667 0.230000 0.017500 0.031667
3 0.718333 0.640000 0.010000 0.020000
3 0.597500 0.326667 0.010833 0.013333
3 0.830000 0.413333 0.008333 0.016667
3 0.252500 0.338333 0.009167 0.015000
2 0.435833 0.636667 0.048333 0.043333
3 0.247500 0.698333 0.008333 0.016667
3 0.646667 0.356667 0.008333 0.016667
2 0.620000 0.358333 0.027500 0.016667
2 0.226667 0.355000 0.045833 0.021667
2 0.224167 0.340000 0.011667 0.025000
2 0.673333 0.670000 0.027500 0.016667
3 0.708333 0.680000 0.014167 0.025000
3 0.620833 0.291667 0.010000 0.020000
3 0.234167 0.388333 0.006667 0.018333
2 0.396667 0.375000 0.030833 0.051667
2 0.765000 0.343333 0.020000 0.021667
3 0.336667 0.703333 0.014167 0.025000
2 0.705833 0.405000 0.030833 0.051667
2 0.660000 0.410000 0.013333 0.070000
