4 0.798333 0.391667 0.167500 0.201667
4 0.874167 0.543333 0.055000 0.045000
4 0.866667 0.386667 0.048333 0.038333
4 0.866667 0.441667 0.111667 0.215000
4 0.818333 0.670000 0.100833 0.118333
4 0.847500 0.358333 0.031667 0.018333
4 0.860833 0.583333 0.075000 0.055000
4 0.769167 0.721667 0.192500 0.255000
4 0.795833 0.343333 0.131667 0.113333
4 0.840833 0.368333 0.035000 0.070000
4 0.037500 0.543333 0.075000 0.093333
4 0.678333 0.470000 0.155833 0.063333
4 0.126667 0.600000 0.055833 0.118333
4 0.572500 0.560000 0.137500 0.150000
4 0.242500 0.466667 0.115000 0.121667
4 0.805833 0.580000 0.048333 0.086667
4 0.095833 0.478333 0.048333 0.026667
4 0.757500 0.495000 0.055833 0.073333
4 0.195833 0.510000 0.127500 0.075000
4 0.413333 0.478333 0.090833 0.143333
3 0.074167 0.540000 0.008333 0.016667
2 0.705000 0.513333 0.045833 0.021667
3 0.790833 0.456667 0.009167 0.023333
2 0.767500 0.460000 0.034167 0.038333
3 0.221667 0.583333 0.007500 0.018333
3 0.775000 0.456667 0.009167 0.016667
2 0.071667 0.541667 0.029167 0.038333
2 0.597500 0.466667 0.011667 0.025000
3 0.297500 0.540000 0.006667 0.018333
3 0.327500 0.501667 0.010833 0.023333
3 0.676667 0.453333 0.010833 0.013333
2 0.018333 0.450000 0.037500 0.076667
2 0.200000 0.471667 0.026667 0.035000
2 0.674167 0.451667 0.035000 0.105000
3 0.095833 0.513333 0.007500 0.015000
3 0.665833 0.513333 0.007500 0.016667
2 0.362500 0.596667 0.030833 0.051667
2 0.181667 0.493333 0.023333 0.041667
3 0.368333 0.488333 0.009167 0.018333
2 0.412500 0.550000 0.020833 0.080000
3 0.752500 0.533333 0.010833 0.023333
3 0.207500 0.496667 0.008333 0.016667
3 0.606667 0.525000 0.013333 0.031667
2 0.488333 0.431667 0.022500 0.023333
3 0.023333 0.491667 0.010833 0.013333
3 0.595000 0.600000 0.007500 0.015000
3 0.193333 0.475000 0.009167 0.016667
2 0.294167 0.510000 0.022500 0.023333
3 0.170833 0.598333 0.017500 0.031667
2 0.293333 0.471667 0.035000 0.105000
2 0.250000 0.581667 0.020833 0.080000
2 0.822500 0.516667 0.010833 0.091667
3 0.290833 0.525000 0.009167 0.015000
2 0.743333 0.596667 0.020833 0.080000
3 0.470000 0.598333 0.008333 0.016667
3 0.190833 0.503333 0.009167 0.023333
3 0.412500 0.501667 0.007500 0.018333
2 0.078333 0.508333 0.013333 0.070000
2 0.017500 0.531667 0.035000 0.053333
3 0.103333 0.531667 0.008333 0.016667
2 0.590000 0.501667 0.013333 0.070000
2 0.429167 0.583333 0.035000 0.105000
2 0.177500 0.495000 0.035000 0.105000
2 0.755833 0.595000 0.013333 0.070000
2 0.294167 0.536667 0.021667 0.090000
3 0.610000 0.626667 0.008333 0.016667
2 0.565833 0.610000 0.010833 0.091667
3 0.355833 0.538333 0.009167 0.016667
3 0.440000 0.496667 0.010833 0.023333
2 0.447500 0.550000 0.010000 0.031667
2 0.688333 0.583333 0.023333 0.106667
2 0.577500 0.505000 0.048333 0.025000
2 0.555833 0.560000 0.048333 0.043333
2 0.498333 0.591667 0.023333 0.041667
2 0.435000 0.643333 0.021667 0.090000
2 0.076667 0.550000 0.034167 0.100000
3 0.829167 0.360000 0.008333 0.021667
3 0.417500 0.545000 0.013333 0.031667
3 0.583333 0.480000 0.015833 0.051667
3 0.592500 0.560000 0.007500 0.015000
2 0.733333 0.493333 0.034167 0.100000
2 0.633333 0.513333 0.035000 0.105000
2 0.266667 0.501667 0.034167 0.100000
3 0.325000 0.481667 0.010000 0.016667
2 0.808333 0.601667 0.023333 0.041667
2 0.346667 0.420000 0.035000 0.105000
2 0.219167 0.505000 0.014167 0.015000
2 0.155833 0.521667 0.027500 0.016667
2 0.140000 0.568333 0.017500 0.116667
2 0.073333 0.455000 0.029167 0.038333
2 0.408333 0.475000 0.045833 0.021667
2 0.450833 0.545000 0.020833 0.080000
2 0.456667 0.501667 0.009167 0.040000
3 0.557500 0.598333 0.008333 0.021667
3 0.359167 0.480000 0.008333 0.016667
3 0.675833 0.588333 0.015833 0.051667
2 0.535000 0.581667 0.048333 0.043333
2 0.665000 0.586667 0.026667 0.035000
2 0.066667 0.483333 0.023333 0.041667
2 0.355833 0.525000 0.014167 0.015000
2 0.177500 0.560000 0.045833 0.021667
2 0.437500 0.496667 0.029167 0.038333
3 0.236667 0.560000 0.007500 0.015000
2 0.183333 0.511667 0.030833 0.051667
3 0.535833 0.455000 0.008333 0.016667
3 0.701667 0.540000 0.010833 0.023333
2 0.274167 0.466667 0.029167 0.038333
2 0.163333 0.506667 0.010833 0.091667
3 0.625833 0.458333 0.010000 0.020000
3 0.700000 0.553333 0.008333 0.016667
2 0.034167 0.518333 0.011667 0.066667
2 0.393333 0.521667 0.048333 0.025000
2 0.634167 0.433333 0.020833 0.080000
2 0.099167 0.505000 0.035000 0.105000
2 0.029167 0.450000 0.029167 0.038333
2 0.410833 0.490000 0.013333 0.070000
2 0.588333 0.521667 0.023333 0.041667
3 0.568333 0.506667 0.010000 0.020000
3 0.449167 0.531667 0.013333 0.015000
2 0.609167 0.583333 0.020833 0.080000
3 0.720833 0.576667 0.007500 0.015000
3 0.391667 0.556667 0.007500 0.015000
2 0.711667 0.635000 0.058333 0.076667
2 0.512500 0.681667 0.045833 0.021667
3 0.261667 0.728333 0.007500 0.018333
2 0.797500 0.720000 0.020833 0.028333
2 0.500000 0.223333 0.034167 0.100000
3 0.345833 0.651667 0.008333 0.016667
3 0.388333 0.365000 0.007500 0.015000
3 0.678333 0.333333 0.008333 0.016667
3 0.240000 0.370000 0.010000 0.020000
2 0.818333 0.366667 0.014167 0.015000
3 0.541667 0.210000 0.013333 0.031667
2 0.305833 0.301667 0.035000 0.105000
2 0.697500 0.406667 0.034167 0.038333
3 0.780833 0.646667 0.009167 0.016667
2 0.304167 0.130000 0.009167 0.040000
2 0.822500 0.700000 0.010000 0.031667
2 0.532500 0.616667 0.020833 0.080000
3 0.696667 0.690000 0.013333 0.031667
3 0.781667 0.448333 0.010000 0.016667
3 0.768333 0.381667 0.007500 0.015000
3 0.288333 0.765000 0.009167 0.015000
2 0.442500 0.633333 0.034167 0.038333
3 0.626667 0.385000 0.015833 0.051667
2 0.568333 0.701667 0.015833 0.068333
3 0.692500 0.411667 0.008333 0.016667
3 0.389167 0.648333 0.010000 0.016667
3 0.686667 0.710000 0.007500 0.015000
3 0.440000 0.343333 0.007500 0.015000
3 0.390833 0.650000 0.006667 0.018333
3 0.770833 0.405000 0.008333 0.016667
2 0.420000 0.646667 0.034167 0.038333
2 0.795833 0.645000 0.023333 0.041667
3 0.726667 0.683333 0.010833 0.023333
2 0.616667 0.363333 0.034167 0.100000
3 0.766667 0.666667 0.008333 0.016667
3 0.345000 0.368333 0.007500 0.015000
2 0.795000 0.388333 0.048333 0.043333
3 0.488333 0.641667 0.010000 0.020000
3 0.317500 0.371667 0.010833 0.023333
2 0.284167 0.685000 0.034167 0.038333
3 0.728333 0.681667 0.007500 0.016667
3 0.261667 0.798333 0.009167 0.018333
3 0.712500 0.678333 0.009167 0.023333
3 0.789167 0.356667 0.011667 0.030000
3 0.430000 0.755000 0.008333 0.021667
2 0.711667 0.676667 0.011667 0.025000
2 0.715833 0.621667 0.023333 0.041667
3 0.630000 0.335000 0.007500 0.015000
3 0.592500 0.743333 0.007500 0.015000
3 0.346667 0.695000 0.006667 0.018333
2 0.476667 0.330000 0.021667 0.090000
2 0.374167 0.730000 0.021667 0.090000
2 0.180833 0.648333 0.017500 0.116667
2 0.496667 0.603333 0.048333 0.025000
3 0.660833 0.361667 0.008333 0.016667
2 0.670000 0.356667 0.048333 0.025000
3 0.331667 0.710000 0.007500 0.015000
2 0.717500 0.266667 0.048333 0.043333
3 0.275000 0.266667 0.008333 0.021667
2 0.492500 0.258333 0.020833 0.028333
2 0.675833 0.681667 0.023333 0.106667
3 0.290000 0.271667 0.009167 0.015000
2 0.296667 0.366667 0.048333 0.043333
2 0.686667 0.260000 0.029167 0.038333
2 0.455833 0.705000 0.020000 0.021667
3 0.799167 0.426667 0.015833 0.051667
3 0.728333 0.671667 0.008333 0.016667
3 0.677500 0.430000 0.007500 0.015000
3 0.675000 0.390000 0.010833 0.013333
2 0.518333 0.345000 0.019167 0.046667
3 0.695833 0.370000 0.014167 0.025000
3 0.219167 0.685000 0.007500 0.015000
2 0.673333 0.425000 0.015833 0.068333
2 0.258333 0.695000 0.097500 0.053333
2 0.463333 0.296667 0.048333 0.043333
3 0.818333 0.715000 0.007500 0.018333
2 0.563333 0.435000 0.011667 0.025000
2 0.743333 0.340000 0.034167 0.100000
2 0.460000 0.290000 0.048333 0.043333
2 0.426667 0.848333 0.010833 0.091667
3 0.781667 0.448333 0.009167 0.016667
2 0.705000 0.376667 0.020833 0.080000
2 0.800833 0.401667 0.020833 0.080000
3 0.421667 0.653333 0.007500 0.015000
2 0.706667 0.361667 0.020000 0.021667
2 0.679167 0.405000 0.021667 0.090000
2 0.485833 0.728333 0.020833 0.028333
2 0.539167 0.205000 0.017500 0.116667
3 0.441667 0.791667 0.008333 0.016667
2 0.233333 0.343333 0.048333 0.025000
2 0.670000 0.391667 0.014167 0.015000
2 0.344167 0.438333 0.023333 0.041667
2 0.475000 0.245000 0.020833 0.080000
3 0.747500 0.416667 0.009167 0.023333
3 0.435833 0.648333 0.008333 0.016667
2 0.273333 0.293333 0.034167 0.038333
2 0.569167 0.716667 0.014167 0.015000
2 0.604167 0.376667 0.045833 0.021667
2 0.285833 0.336667 0.015833 0.068333
2 0.455833 0.201667 0.011667 0.066667
2 0.326667 0.273333 0.010833 0.091667
3 0.278333 0.281667 0.008333 0.016667
3 0.190000 0.653333 0.011667 0.030000
3 0.791667 0.651667 0.009167 0.016667
3 0.734167 0.693333 0.007500 0.016667
2 0.517500 0.411667 0.097500 0.053333
3 0.752500 0.650000 0.011667 0.020000
3 0.672500 0.605000 0.007500 0.016667
3 0.461667 0.705000 0.007500 0.015000
2 0.690833 0.611667 0.020833 0.028333
2 0.185000 0.720000 0.045833 0.021667
2 0.761667 0.411667 0.021667 0.090000
2 0.442500 0.366667 0.017500 0.116667
2 0.726667 0.370000 0.048333 0.043333
3 0.345833 0.393333 0.011667 0.030000
2 0.317500 0.391667 0.026667 0.035000
3 0.660833 0.420000 0.007500 0.015000
3 0.330833 0.273333 0.009167 0.016667
2 0.295833 0.723333 0.023333 0.106667
3 0.551667 0.418333 0.008333 0.016667
3 0.737500 0.416667 0.010833 0.023333
3 0.649167 0.716667 0.009167 0.016667
2 0.541667 0.688333 0.010000 0.031667
3 0.699167 0.296667 0.009167 0.015000
2 0.464167 0.183333 0.058333 0.076667
3 0.304167 0.291667 0.010000 0.016667
2 0.723333 0.653333 0.034167 0.038333
3 0.461667 0.706667 0.007500 0.018333
2 0.669167 0.361667 0.027500 0.016667
2 0.708333 0.660000 0.045833 0.021667
3 0.670833 0.423333 0.011667 0.020000
3 0.759167 0.365000 0.010000 0.016667
3 0.716667 0.608333 0.007500 0.018333
2 0.813333 0.600000 0.009167 0.040000
2 0.720833 0.775000 0.014167 0.015000
2 0.325000 0.408333 0.026667 0.035000
3 0.330833 0.390000 0.007500 0.015000
3 0.288333 0.711667 0.010833 0.023333
2 0.443333 0.821667 0.011667 0.025000
2 0.570000 0.285000 0.009167 0.031667
2 0.800000 0.391667 0.009167 0.040000
3 0.673333 0.398333 0.008333 0.021667
3 0.620833 0.395000 0.009167 0.015000
2 0.507500 0.180000 0.019167 0.046667
2 0.267500 0.270000 0.022500 0.023333
3 0.548333 0.410000 0.014167 0.025000
3 0.461667 0.670000 0.008333 0.021667
3 0.278333 0.375000 0.007500 0.018333
3 0.306667 0.376667 0.014167 0.025000
2 0.518333 0.403333 0.027500 0.016667
3 0.223333 0.770000 0.010833 0.023333
2 0.255000 0.756667 0.021667 0.090000
3 0.682500 0.410000 0.013333 0.015000
3 0.691667 0.613333 0.008333 0.016667
2 0.648333 0.321667 0.097500 0.053333
2 0.678333 0.346667 0.010000 0.031667
3 0.725833 0.403333 0.009167 0.018333
3 0.464167 0.310000 0.007500 0.015000
3 0.655000 0.386667 0.017500 0.031667
3 0.621667 0.393333 0.009167 0.023333
2 0.776667 0.685000 0.009167 0.040000
2 0.707500 0.420000 0.045833 0.021667
2 0.312500 0.265000 0.019167 0.046667
2 0.485833 0.306667 0.020833 0.080000
2 0.710000 0.256667 0.010000 0.031667
2 0.463333 0.345000 0.030833 0.051667
2 0.779167 0.410000 0.022500 0.023333
3 0.738333 0.413333 0.009167 0.015000
2 0.376667 0.805000 0.009167 0.031667
3 0.636667 0.440000 0.008333 0.016667
2 0.635000 0.366667 0.048333 0.043333
2 0.784167 0.428333 0.013333 0.070000
3 0.710833 0.363333 0.008333 0.016667
2 0.412500 0.746667 0.020833 0.080000
3 0.268333 0.705000 0.009167 0.023333
3 0.461667 0.681667 0.014167 0.025000
3 0.587500 0.631667 0.010833 0.023333
3 0.630000 0.341667 0.008333 0.021667
2 0.719167 0.685000 0.045833 0.021667
2 0.667500 0.676667 0.009167 0.031667
2 0.596667 0.271667 0.058333 0.076667
2 0.732500 0.600000 0.020000 0.021667
2 0.237500 0.853333 0.020000 0.021667
2 0.659167 0.380000 0.010000 0.031667
3 0.317500 0.715000 0.007500 0.018333
2 0.493333 0.271667 0.058333 0.076667
2 0.722500 0.660000 0.026667 0.035000
2 0.271667 0.753333 0.019167 0.046667
2 0.290833 0.243333 0.009167 0.031667
3 0.515833 0.330000 0.010000 0.016667
3 0.794167 0.615000 0.014167 0.025000
3 0.287500 0.266667 0.014167 0.025000
2 0.553333 0.235000 0.034167 0.038333
3 0.284167 0.265000 0.008333 0.016667
3 0.286667 0.303333 0.008333 0.016667
2 0.759167 0.386667 0.010000 0.031667
2 0.575833 0.421667 0.020000 0.021667
2 0.629167 0.446667 0.023333 0.041667
