4 0.773333 0.400000 0.226667 0.385000
4 0.821667 0.415000 0.192500 0.093333
4 0.795833 0.766667 0.220000 0.350000
4 0.892500 0.591667 0.070833 0.023333
4 0.775000 0.365000 0.155000 0.286667
4 0.811667 0.550000 0.085833 0.036667
4 0.775000 0.698333 0.145000 0.275000
4 0.895000 0.558333 0.041667 0.083333
4 0.873333 0.625000 0.050000 0.070000
4 0.729167 0.441667 0.262500 0.126667
4 0.703333 0.585000 0.080833 0.095000
4 0.115833 0.510000 0.094167 0.050000
4 0.217500 0.565000 0.064167 0.056667
4 0.362500 0.578333 0.046667 0.058333
4 0.091667 0.553333 0.184167 0.116667
4 0.665833 0.488333 0.074167 0.110000
4 0.240000 0.598333 0.060833 0.130000
4 0.699167 0.586667 0.078333 0.151667
4 0.767500 0.578333 0.044167 0.075000
4 0.116667 0.573333 0.080000 0.031667
3 0.660000 0.568333 0.009167 0.016667
2 0.708333 0.520000 0.020000 0.021667
3 0.712500 0.503333 0.010833 0.013333
3 0.826667 0.621667 0.010833 0.023333
2 0.455833 0.590000 0.048333 0.025000
3 0.650833 0.535000 0.009167 0.016667
2 0.410000 0.465000 0.020833 0.028333
3 0.767500 0.486667 0.009167 0.016667
3 0.027500 0.565000 0.008333 0.021667
2 0.751667 0.493333 0.026667 0.035000
2 0.457500 0.485000 0.030833 0.051667
3 0.300000 0.458333 0.010000 0.020000
2 0.620833 0.536667 0.021667 0.090000
3 0.798333 0.550000 0.009167 0.023333
3 0.327500 0.526667 0.011667 0.030000
2 0.499167 0.461667 0.027500 0.016667
2 0.467500 0.576667 0.019167 0.046667
2 0.388333 0.498333 0.017500 0.116667
2 0.717500 0.580000 0.020833 0.028333
2 0.204167 0.468333 0.019167 0.046667
2 0.765833 0.573333 0.020833 0.080000
2 0.405833 0.460000 0.020833 0.028333
2 0.258333 0.495000 0.034167 0.100000
2 0.809167 0.551667 0.034167 0.100000
3 0.632500 0.521667 0.009167 0.015000
2 0.530833 0.575000 0.029167 0.038333
2 0.255833 0.483333 0.027500 0.016667
3 0.801667 0.521667 0.009167 0.016667
2 0.365000 0.570000 0.010833 0.091667
3 0.583333 0.473333 0.017500 0.031667
3 0.575833 0.465000 0.008333 0.021667
2 0.172500 0.425000 0.020833 0.080000
2 0.551667 0.523333 0.015833 0.068333
2 0.258333 0.493333 0.048333 0.025000
3 0.622500 0.466667 0.010000 0.020000
2 0.096667 0.461667 0.035000 0.105000
2 0.657500 0.528333 0.020833 0.080000
2 0.479167 0.428333 0.023333 0.106667
2 0.559167 0.506667 0.020833 0.028333
2 0.080833 0.500000 0.010833 0.091667
2 0.455833 0.515000 0.020000 0.021667
2 0.321667 0.493333 0.010833 0.091667
2 0.358333 0.546667 0.015833 0.068333
3 0.336667 0.520000 0.009167 0.018333
2 0.194167 0.495000 0.020833 0.028333
3 0.444167 0.523333 0.009167 0.016667
2 0.707500 0.538333 0.034167 0.100000
3 0.060000 0.561667 0.008333 0.021667
3 0.745000 0.495000 0.009167 0.023333
2 0.447500 0.476667 0.023333 0.106667
3 0.696667 0.580000 0.011667 0.030000
3 0.492500 0.461667 0.010833 0.013333
2 0.167500 0.550000 0.027500 0.016667
3 0.102500 0.531667 0.007500 0.015000
2 0.479167 0.575000 0.058333 0.076667
3 0.804167 0.445000 0.006667 0.018333
3 0.572500 0.503333 0.017500 0.031667
2 0.203333 0.488333 0.011667 0.025000
3 0.189167 0.533333 0.009167 0.016667
2 0.479167 0.428333 0.020000 0.021667
2 0.770833 0.470000 0.035000 0.105000
2 0.102500 0.561667 0.021667 0.090000
3 0.688333 0.491667 0.008333 0.021667
2 0.072500 0.508333 0.027500 0.016667
3 0.792500 0.573333 0.014167 0.025000
3 0.350000 0.465000 0.009167 0.015000
2 0.470000 0.525000 0.020833 0.028333
3 0.414167 0.578333 0.006667 0.018333
3 0.484167 0.526667 0.013333 0.031667
2 0.311667 0.568333 0.009167 0.031667
3 0.195833 0.446667 0.017500 0.031667
2 0.564167 0.446667 0.058333 0.076667
2 0.361667 0.496667 0.020833 0.028333
2 0.028333 0.510000 0.014167 0.015000
3 0.610833 0.583333 0.013333 0.031667
3 0.656667 0.510000 0.008333 0.016667
3 0.802500 0.588333 0.009167 0.016667
3 0.116667 0.525000 0.010833 0.023333
2 0.013333 0.461667 0.027500 0.038333
3 0.650000 0.523333 0.007500 0.018333
2 0.527500 0.525000 0.019167 0.046667
2 0.270000 0.560000 0.097500 0.053333
2 0.639167 0.585000 0.034167 0.100000
2 0.240833 0.545000 0.045833 0.021667
2 0.410000 0.540000 0.022500 0.023333
3 0.212500 0.576667 0.006667 0.018333
2 0.600833 0.425000 0.015833 0.068333
2 0.586667 0.560000 0.020833 0.080000
3 0.652500 0.490000 0.009167 0.023333
3 0.106667 0.498333 0.009167 0.016667
2 0.680000 0.451667 0.011667 0.025000
2 0.468333 0.431667 0.023333 0.041667
3 0.484167 0.591667 0.006667 0.018333
3 0.470000 0.503333 0.010000 0.020000
3 0.813333 0.523333 0.007500 0.015000
2 0.460833 0.586667 0.045833 0.021667
2 0.166667 0.571667 0.026667 0.035000
2 0.304167 0.556667 0.013333 0.070000
3 0.537500 0.511667 0.010000 0.020000
3 0.475833 0.481667 0.006667 0.018333
3 0.825000 0.670000 0.007500 0.015000
2 0.390000 0.515000 0.035000 0.105000
2 0.645000 0.613333 0.011667 0.066667
2 0.740000 0.360000 0.048333 0.043333
2 0.627500 0.440000 0.020833 0.080000
3 0.783333 0.381667 0.008333 0.016667
3 0.585833 0.416667 0.007500 0.018333
2 0.345000 0.361667 0.021667 0.090000
3 0.235833 0.391667 0.011667 0.020000
2 0.362500 0.370000 0.058333 0.076667
2 0.237500 0.771667 0.048333 0.025000
3 0.533333 0.733333 0.013333 0.015000
2 0.766667 0.350000 0.026667 0.035000
3 0.696667 0.655000 0.007500 0.016667
3 0.768333 0.648333 0.007500 0.018333
3 0.801667 0.346667 0.013333 0.031667
2 0.684167 0.621667 0.022500 0.023333
3 0.329167 0.340000 0.008333 0.016667
3 0.253333 0.340000 0.007500 0.016667
2 0.588333 0.741667 0.020833 0.028333
2 0.411667 0.730000 0.015833 0.068333
2 0.404167 0.648333 0.020833 0.080000
2 0.669167 0.603333 0.014167 0.015000
2 0.641667 0.358333 0.009167 0.040000
3 0.466667 0.365000 0.015833 0.051667
3 0.727500 0.391667 0.015833 0.051667
2 0.758333 0.593333 0.009167 0.040000
3 0.361667 0.720000 0.008333 0.016667
2 0.779167 0.695000 0.023333 0.106667
2 0.522500 0.446667 0.048333 0.025000
2 0.348333 0.375000 0.022500 0.023333
2 0.506667 0.351667 0.017500 0.116667
3 0.723333 0.433333 0.007500 0.015000
3 0.662500 0.401667 0.009167 0.023333
2 0.270833 0.346667 0.045833 0.021667
3 0.636667 0.400000 0.013333 0.031667
3 0.660833 0.421667 0.007500 0.015000
3 0.308333 0.713333 0.009167 0.016667
2 0.708333 0.343333 0.014167 0.015000
3 0.276667 0.405000 0.008333 0.016667
2 0.690000 0.675000 0.017500 0.116667
2 0.338333 0.630000 0.020833 0.028333
2 0.420000 0.750000 0.027500 0.016667
2 0.540833 0.355000 0.034167 0.100000
3 0.718333 0.386667 0.015833 0.051667
2 0.640000 0.328333 0.011667 0.066667
2 0.575833 0.745000 0.023333 0.041667
2 0.479167 0.330000 0.097500 0.053333
2 0.265000 0.721667 0.019167 0.046667
2 0.688333 0.608333 0.020833 0.080000
3 0.433333 0.758333 0.009167 0.018333
3 0.654167 0.418333 0.009167 0.023333
3 0.469167 0.723333 0.014167 0.025000
2 0.798333 0.415000 0.017500 0.116667
2 0.445833 0.703333 0.014167 0.015000
2 0.652500 0.658333 0.029167 0.038333
2 0.335000 0.645000 0.026667 0.035000
3 0.598333 0.578333 0.008333 0.016667
2 0.457500 0.243333 0.014167 0.015000
3 0.580833 0.423333 0.010000 0.016667
3 0.322500 0.353333 0.008333 0.016667
3 0.321667 0.728333 0.013333 0.031667
2 0.495833 0.651667 0.045833 0.021667
2 0.645000 0.423333 0.030833 0.051667
3 0.675000 0.258333 0.009167 0.016667
2 0.619167 0.381667 0.045833 0.021667
2 0.733333 0.390000 0.048333 0.025000
3 0.586667 0.746667 0.007500 0.015000
3 0.675000 0.425000 0.010000 0.020000
3 0.706667 0.441667 0.009167 0.023333
3 0.293333 0.250000 0.009167 0.023333
2 0.535000 0.705000 0.048333 0.043333
2 0.749167 0.690000 0.048333 0.043333
2 0.268333 0.828333 0.022500 0.023333
3 0.343333 0.638333 0.009167 0.023333
3 0.504167 0.331667 0.009167 0.015000
3 0.390000 0.670000 0.010833 0.013333
3 0.430833 0.383333 0.017500 0.031667
3 0.484167 0.828333 0.008333 0.016667
2 0.150833 0.600000 0.019167 0.046667
3 0.579167 0.641667 0.010833 0.013333
3 0.723333 0.608333 0.013333 0.031667
3 0.495833 0.366667 0.009167 0.016667
3 0.295833 0.860000 0.009167 0.015000
2 0.432500 0.783333 0.021667 0.090000
3 0.429167 0.650000 0.006667 0.018333
3 0.170833 0.635000 0.013333 0.015000
3 0.440000 0.380000 0.009167 0.023333
3 0.314167 0.458333 0.009167 0.016667
2 0.442500 0.288333 0.030833 0.051667
2 0.361667 0.283333 0.020833 0.028333
3 0.694167 0.356667 0.015833 0.051667
2 0.365833 0.788333 0.021667 0.090000
3 0.689167 0.698333 0.015833 0.051667
2 0.222500 0.218333 0.048333 0.043333
2 0.577500 0.735000 0.010000 0.031667
2 0.310833 0.371667 0.030833 0.051667
3 0.515833 0.793333 0.009167 0.023333
2 0.715000 0.560000 0.035000 0.105000
3 0.667500 0.671667 0.008333 0.016667
2 0.505000 0.353333 0.020833 0.028333
2 0.705833 0.640000 0.010000 0.031667
3 0.501667 0.395000 0.007500 0.015000
2 0.433333 0.263333 0.097500 0.053333
3 0.282500 0.641667 0.008333 0.016667
2 0.205833 0.341667 0.048333 0.043333
2 0.218333 0.646667 0.009167 0.040000
2 0.453333 0.388333 0.010000 0.031667
3 0.766667 0.321667 0.014167 0.025000
3 0.244167 0.681667 0.015833 0.051667
3 0.500000 0.343333 0.009167 0.016667
3 0.279167 0.668333 0.009167 0.015000
2 0.545833 0.373333 0.019167 0.046667
2 0.805833 0.763333 0.010833 0.091667
2 0.795833 0.426667 0.023333 0.041667
2 0.656667 0.663333 0.029167 0.038333
2 0.527500 0.413333 0.010000 0.031667
2 0.380000 0.336667 0.035000 0.105000
3 0.742500 0.660000 0.007500 0.015000
2 0.443333 0.758333 0.021667 0.090000
3 0.786667 0.686667 0.008333 0.016667
2 0.145833 0.595000 0.035000 0.105000
3 0.630833 0.376667 0.007500 0.015000
2 0.386667 0.371667 0.009167 0.040000
3 0.720000 0.426667 0.007500 0.016667
3 0.455833 0.346667 0.013333 0.031667
3 0.777500 0.606667 0.015833 0.051667
3 0.329167 0.408333 0.013333 0.031667
3 0.661667 0.423333 0.006667 0.018333
2 0.740833 0.343333 0.009167 0.031667
2 0.468333 0.741667 0.058333 0.076667
3 0.280000 0.746667 0.010833 0.023333
3 0.762500 0.713333 0.014167 0.025000
2 0.470833 0.310000 0.014167 0.015000
2 0.306667 0.668333 0.023333 0.106667
3 0.498333 0.303333 0.009167 0.016667
3 0.222500 0.425000 0.009167 0.016667
2 0.679167 0.403333 0.034167 0.038333
3 0.479167 0.310000 0.015833 0.051667
2 0.025833 0.583333 0.015833 0.068333
3 0.629167 0.385000 0.013333 0.031667
2 0.590000 0.770000 0.013333 0.070000
2 0.630000 0.666667 0.009167 0.031667
2 0.405833 0.698333 0.030833 0.051667
2 0.714167 0.286667 0.009167 0.040000
3 0.686667 0.381667 0.017500 0.031667
2 0.722500 0.686667 0.020833 0.080000
3 0.717500 0.421667 0.013333 0.031667
2 0.804167 0.641667 0.021667 0.090000
2 0.815833 0.710000 0.023333 0.106667
2 0.555000 0.725000 0.034167 0.038333
3 0.813333 0.401667 0.008333 0.016667
2 0.314167 0.738333 0.027500 0.016667
3 0.791667 0.651667 0.009167 0.016667
2 0.552500 0.696667 0.097500 0.053333
2 0.520833 0.275000 0.034167 0.038333
2 0.754167 0.610000 0.023333 0.106667
2 0.315833 0.268333 0.021667 0.090000
2 0.326667 0.763333 0.020833 0.080000
3 0.790000 0.718333 0.017500 0.031667
2 0.240000 0.351667 0.009167 0.040000
2 0.620000 0.376667 0.011667 0.066667
2 0.419167 0.140000 0.058333 0.076667
2 0.332500 0.251667 0.030833 0.051667
3 0.625000 0.353333 0.009167 0.023333
3 0.650000 0.445000 0.007500 0.018333
3 0.729167 0.378333 0.010000 0.016667
2 0.727500 0.593333 0.020000 0.021667
3 0.619167 0.380000 0.006667 0.018333
2 0.656667 0.378333 0.027500 0.016667
2 0.765000 0.313333 0.020833 0.028333
2 0.603333 0.386667 0.048333 0.025000
3 0.474167 0.291667 0.015833 0.051667
3 0.510000 0.816667 0.008333 0.016667
2 0.638333 0.618333 0.015833 0.068333
3 0.669167 0.401667 0.015833 0.051667
2 0.444167 0.801667 0.020833 0.080000
2 0.376667 0.675000 0.034167 0.100000
3 0.387500 0.365000 0.009167 0.018333
2 0.339167 0.291667 0.015833 0.068333
2 0.534167 0.376667 0.020833 0.080000
2 0.807500 0.646667 0.021667 0.090000
3 0.385833 0.706667 0.008333 0.016667
2 0.302500 0.400000 0.017500 0.116667
2 0.443333 0.316667 0.030833 0.051667
2 0.360833 0.440000 0.023333 0.106667
3 0.640000 0.345000 0.010833 0.013333
3 0.303333 0.803333 0.014167 0.025000
3 0.755000 0.605000 0.008333 0.021667
2 0.410000 0.390000 0.030833 0.051667
3 0.483333 0.755000 0.007500 0.015000
2 0.299167 0.375000 0.029167 0.038333
3 0.757500 0.715000 0.007500 0.015000
2 0.779167 0.686667 0.035000 0.105000
2 0.802500 0.411667 0.029167 0.038333
3 0.489167 0.641667 0.007500 0.016667
2 0.385000 0.790000 0.013333 0.070000
2 0.730000 0.588333 0.058333 0.076667
3 0.253333 0.776667 0.015833 0.051667
3 0.628333 0.378333 0.013333 0.031667
