4 0.796667 0.563333 0.076667 0.080000
4 0.821667 0.468333 0.077500 0.048333
4 0.820000 0.451667 0.102500 0.028333
4 0.821667 0.640000 0.062500 0.091667
4 0.835000 0.498333 0.175833 0.300000
4 0.847500 0.500000 0.090833 0.030000
4 0.885000 0.520000 0.035000 0.071667
4 0.641667 0.683333 0.395833 0.366667
4 0.847500 0.681667 0.064167 0.153333
4 0.910833 0.603333 0.043333 0.101667
4 0.458333 0.523333 0.094167 0.038333
4 0.630000 0.538333 0.052500 0.031667
4 0.395833 0.520000 0.091667 0.135000
4 0.070833 0.585000 0.142500 0.103333
4 0.297500 0.493333 0.061667 0.121667
4 0.648333 0.561667 0.105000 0.111667
4 0.656667 0.568333 0.093333 0.160000
4 0.027500 0.543333 0.055000 0.036667
4 0.097500 0.466667 0.135000 0.135000
4 0.152500 0.595000 0.126667 0.086667
2 0.665833 0.503333 0.020000 0.021667
3 0.314167 0.526667 0.007500 0.015000
3 0.530000 0.495000 0.009167 0.023333
3 0.350833 0.506667 0.010833 0.013333
3 0.332500 0.466667 0.015833 0.051667
2 0.267500 0.570000 0.010000 0.031667
3 0.615000 0.490000 0.009167 0.023333
2 0.215000 0.560000 0.009167 0.040000
3 0.824167 0.631667 0.014167 0.025000
3 0.465000 0.568333 0.007500 0.015000
2 0.488333 0.458333 0.058333 0.076667
2 0.663333 0.511667 0.022500 0.023333
2 0.340833 0.533333 0.029167 0.038333
3 0.362500 0.585000 0.007500 0.015000
2 0.801667 0.600000 0.035000 0.105000
3 0.528333 0.585000 0.009167 0.023333
3 0.077500 0.563333 0.014167 0.025000
2 0.143333 0.581667 0.020833 0.028333
3 0.030000 0.571667 0.017500 0.031667
2 0.082500 0.545000 0.020000 0.021667
2 0.451667 0.500000 0.017500 0.116667
2 0.308333 0.543333 0.017500 0.116667
2 0.694167 0.576667 0.045833 0.021667
2 0.808333 0.451667 0.009167 0.040000
2 0.763333 0.565000 0.020000 0.021667
2 0.175833 0.538333 0.027500 0.016667
3 0.440000 0.488333 0.010000 0.016667
2 0.639167 0.615000 0.013333 0.070000
3 0.286667 0.493333 0.009167 0.023333
3 0.490000 0.591667 0.009167 0.016667
2 0.815833 0.515000 0.026667 0.035000
2 0.459167 0.556667 0.020000 0.021667
3 0.250833 0.561667 0.007500 0.015000
2 0.569167 0.520000 0.020833 0.028333
2 0.490833 0.571667 0.027500 0.016667
3 0.158333 0.505000 0.007500 0.018333
2 0.770833 0.590000 0.023333 0.041667
2 0.112500 0.570000 0.020833 0.028333
2 0.781667 0.550000 0.027500 0.016667
3 0.681667 0.530000 0.007500 0.015000
3 0.144167 0.486667 0.013333 0.015000
3 0.435000 0.588333 0.009167 0.023333
2 0.120833 0.436667 0.035000 0.105000
2 0.436667 0.533333 0.035000 0.105000
2 0.068333 0.505000 0.010833 0.091667
2 0.195000 0.490000 0.034167 0.100000
3 0.082500 0.505000 0.009167 0.016667
2 0.604167 0.638333 0.022500 0.023333
3 0.079167 0.515000 0.008333 0.016667
2 0.090000 0.541667 0.027500 0.016667
3 0.281667 0.576667 0.015833 0.051667
2 0.609167 0.513333 0.097500 0.053333
2 0.766667 0.515000 0.011667 0.025000
3 0.495833 0.535000 0.009167 0.016667
2 0.398333 0.568333 0.011667 0.025000
3 0.195000 0.455000 0.008333 0.016667
3 0.365000 0.550000 0.008333 0.021667
3 0.665833 0.480000 0.009167 0.023333
3 0.470833 0.581667 0.008333 0.016667
2 0.405833 0.585000 0.048333 0.025000
3 0.064167 0.546667 0.008333 0.016667
2 0.732500 0.430000 0.020833 0.080000
3 0.520833 0.496667 0.017500 0.031667
3 0.781667 0.585000 0.009167 0.023333
3 0.433333 0.520000 0.007500 0.015000
3 0.708333 0.558333 0.007500 0.018333
2 0.135000 0.536667 0.035000 0.105000
2 0.537500 0.618333 0.030833 0.051667
2 0.540833 0.595000 0.010000 0.031667
3 0.158333 0.461667 0.009167 0.018333
2 0.584167 0.501667 0.034167 0.038333
2 0.291667 0.486667 0.011667 0.066667
3 0.440000 0.540000 0.006667 0.018333
3 0.343333 0.521667 0.011667 0.020000
3 0.819167 0.461667 0.007500 0.018333
3 0.180000 0.558333 0.009167 0.016667
2 0.473333 0.413333 0.020000 0.021667
3 0.565000 0.498333 0.007500 0.015000
2 0.048333 0.546667 0.020833 0.080000
3 0.635000 0.453333 0.007500 0.015000
3 0.046667 0.465000 0.008333 0.016667
3 0.307500 0.531667 0.010000 0.016667
3 0.091667 0.516667 0.011667 0.020000
3 0.486667 0.476667 0.008333 0.016667
3 0.632500 0.525000 0.007500 0.018333
3 0.232500 0.488333 0.009167 0.016667
3 0.363333 0.535000 0.009167 0.016667
2 0.288333 0.606667 0.009167 0.031667
2 0.678333 0.585000 0.034167 0.038333
3 0.723333 0.586667 0.009167 0.015000
3 0.215000 0.586667 0.015833 0.051667
2 0.590833 0.471667 0.022500 0.023333
2 0.808333 0.588333 0.020833 0.080000
2 0.758333 0.466667 0.020000 0.021667
3 0.479167 0.488333 0.009167 0.016667
3 0.817500 0.613333 0.009167 0.023333
2 0.018333 0.528333 0.034167 0.038333
3 0.168333 0.465000 0.009167 0.016667
2 0.091667 0.533333 0.021667 0.090000
3 0.535000 0.510000 0.015833 0.051667
3 0.812500 0.650000 0.007500 0.015000
2 0.287500 0.551667 0.013333 0.070000
2 0.326667 0.871667 0.026667 0.035000
2 0.403333 0.791667 0.058333 0.076667
3 0.255833 0.228333 0.007500 0.016667
3 0.472500 0.730000 0.007500 0.015000
3 0.758333 0.648333 0.011667 0.030000
3 0.230833 0.591667 0.010000 0.020000
3 0.807500 0.620000 0.009167 0.016667
2 0.745000 0.601667 0.014167 0.015000
2 0.716667 0.366667 0.026667 0.035000
2 0.425833 0.663333 0.022500 0.023333
2 0.707500 0.998333 0.014167 0.001667
2 0.653333 0.396667 0.020833 0.028333
2 0.226667 0.381667 0.029167 0.038333
3 0.729167 0.381667 0.013333 0.015000
3 0.630833 0.656667 0.007500 0.016667
3 0.802500 0.420000 0.013333 0.015000
3 0.658333 0.701667 0.009167 0.023333
3 0.710000 0.618333 0.007500 0.015000
3 0.734167 0.436667 0.007500 0.015000
2 0.721667 0.650000 0.019167 0.046667
3 0.341667 0.233333 0.013333 0.031667
2 0.320833 0.645000 0.097500 0.053333
3 0.772500 0.330000 0.015833 0.051667
2 0.335833 0.696667 0.015833 0.068333
2 0.513333 0.695000 0.010833 0.091667
2 0.334167 0.725000 0.035000 0.105000
3 0.678333 0.355000 0.009167 0.016667
2 0.634167 0.378333 0.097500 0.053333
2 0.804167 0.640000 0.017500 0.116667
2 0.375833 0.380000 0.014167 0.015000
2 0.300000 0.348333 0.023333 0.041667
2 0.305833 0.361667 0.045833 0.021667
2 0.451667 0.890000 0.023333 0.041667
2 0.280833 0.246667 0.017500 0.116667
2 0.632500 0.690000 0.026667 0.035000
3 0.443333 0.801667 0.007500 0.015000
3 0.595000 0.748333 0.007500 0.015000
3 0.355000 0.643333 0.010000 0.016667
3 0.225000 0.408333 0.007500 0.015000
3 0.786667 0.338333 0.008333 0.016667
2 0.715000 0.345000 0.034167 0.038333
3 0.699167 0.336667 0.017500 0.031667
3 0.522500 0.360000 0.008333 0.016667
3 0.515833 0.365000 0.010833 0.023333
3 0.316667 0.270000 0.015833 0.051667
2 0.230833 0.771667 0.026667 0.035000
2 0.398333 0.828333 0.020833 0.080000
2 0.215000 0.653333 0.034167 0.038333
2 0.780000 0.375000 0.048333 0.025000
2 0.487500 0.770000 0.011667 0.025000
2 0.570000 0.460000 0.034167 0.100000
2 0.438333 0.340000 0.048333 0.043333
3 0.795833 0.638333 0.010000 0.016667
3 0.513333 0.371667 0.015833 0.051667
2 0.622500 0.401667 0.058333 0.076667
3 0.256667 0.318333 0.013333 0.031667
3 0.650833 0.390000 0.007500 0.015000
3 0.330000 0.403333 0.010833 0.013333
2 0.748333 0.380000 0.015833 0.068333
2 0.488333 0.778333 0.045833 0.021667
2 0.626667 0.640000 0.015833 0.068333
3 0.622500 0.651667 0.010833 0.013333
3 0.385833 0.375000 0.010000 0.016667
2 0.694167 0.688333 0.020833 0.080000
3 0.662500 0.388333 0.007500 0.016667
2 0.746667 0.395000 0.020000 0.021667
2 0.416667 0.653333 0.020833 0.080000
3 0.690000 0.381667 0.011667 0.030000
2 0.640000 0.343333 0.023333 0.041667
2 0.747500 0.616667 0.022500 0.023333
3 0.322500 0.271667 0.009167 0.016667
2 0.805000 0.611667 0.020000 0.021667
2 0.269167 0.708333 0.035000 0.105000
3 0.392500 0.706667 0.009167 0.016667
3 0.713333 0.693333 0.008333 0.021667
3 0.746667 0.605000 0.009167 0.018333
3 0.328333 0.238333 0.008333 0.016667
2 0.477500 0.320000 0.022500 0.023333
2 0.620000 0.423333 0.026667 0.035000
2 0.722500 0.668333 0.034167 0.100000
3 0.645833 0.678333 0.008333 0.016667
2 0.455000 0.668333 0.023333 0.041667
3 0.666667 0.383333 0.007500 0.018333
2 0.429167 0.810000 0.058333 0.076667
2 0.770000 0.640000 0.027500 0.016667
2 0.272500 0.678333 0.023333 0.041667
2 0.762500 0.676667 0.020000 0.021667
3 0.703333 0.343333 0.017500 0.031667
3 0.713333 0.688333 0.008333 0.016667
3 0.262500 0.696667 0.007500 0.015000
3 0.541667 0.340000 0.009167 0.016667
2 0.293333 0.743333 0.058333 0.076667
2 0.640833 0.601667 0.019167 0.046667
3 0.728333 0.601667 0.007500 0.018333
2 0.314167 0.728333 0.030833 0.051667
3 0.418333 0.840000 0.011667 0.020000
2 0.152500 0.443333 0.020833 0.080000
3 0.760000 0.648333 0.008333 0.021667
3 0.586667 0.628333 0.013333 0.015000
2 0.671667 0.338333 0.009167 0.040000
2 0.581667 0.710000 0.035000 0.105000
2 0.471667 0.648333 0.026667 0.035000
3 0.705833 0.263333 0.017500 0.031667
2 0.305833 0.726667 0.023333 0.106667
2 0.434167 0.800000 0.022500 0.023333
3 0.565000 0.693333 0.011667 0.030000
3 0.360833 0.716667 0.009167 0.015000
2 0.692500 0.661667 0.020000 0.021667
3 0.720000 0.625000 0.011667 0.030000
2 0.693333 0.688333 0.030833 0.051667
3 0.665000 0.711667 0.013333 0.015000
3 0.335000 0.400000 0.006667 0.018333
2 0.784167 0.335000 0.020833 0.028333
2 0.315000 0.690000 0.058333 0.076667
3 0.610000 0.390000 0.008333 0.016667
3 0.455833 0.755000 0.008333 0.016667
3 0.365833 0.293333 0.013333 0.031667
2 0.783333 0.688333 0.023333 0.041667
3 0.252500 0.763333 0.009167 0.016667
2 0.777500 0.715000 0.020833 0.080000
3 0.816667 0.373333 0.017500 0.031667
3 0.495833 0.768333 0.010000 0.016667
2 0.248333 0.390000 0.014167 0.015000
3 0.681667 0.636667 0.007500 0.015000
2 0.781667 0.416667 0.010833 0.091667
2 0.671667 0.351667 0.019167 0.046667
2 0.552500 0.280000 0.023333 0.106667
2 0.620000 0.391667 0.045833 0.021667
3 0.330833 0.406667 0.009167 0.018333
2 0.529167 0.733333 0.034167 0.100000
2 0.643333 0.746667 0.020833 0.080000
3 0.696667 0.621667 0.009167 0.016667
3 0.705000 0.725000 0.010833 0.023333
2 0.244167 0.400000 0.022500 0.023333
3 0.780833 0.358333 0.010833 0.013333
3 0.293333 0.290000 0.010000 0.020000
2 0.258333 0.371667 0.034167 0.038333
3 0.345833 0.396667 0.014167 0.025000
3 0.680833 0.448333 0.008333 0.021667
3 0.414167 0.748333 0.011667 0.020000
3 0.526667 0.420000 0.011667 0.030000
3 0.530000 0.363333 0.010000 0.016667
3 0.800000 0.411667 0.009167 0.016667
3 0.695833 0.736667 0.009167 0.023333
2 0.182500 0.411667 0.030833 0.051667
3 0.747500 0.643333 0.013333 0.031667
2 0.725833 0.665000 0.023333 0.041667
2 0.618333 0.373333 0.023333 0.106667
2 0.715833 0.370000 0.020833 0.028333
2 0.773333 0.678333 0.034167 0.038333
3 0.305000 0.365000 0.008333 0.016667
2 0.574167 0.750000 0.020833 0.028333
2 0.491667 0.340000 0.009167 0.031667
2 0.341667 0.735000 0.027500 0.016667
2 0.522500 0.361667 0.097500 0.053333
3 0.761667 0.405000 0.013333 0.015000
3 0.741667 0.413333 0.007500 0.016667
2 0.662500 0.633333 0.020000 0.021667
2 0.273333 0.766667 0.048333 0.025000
3 0.578333 0.756667 0.017500 0.031667
2 0.270833 0.428333 0.029167 0.038333
3 0.319167 0.703333 0.009167 0.016667
3 0.512500 0.656667 0.013333 0.015000
3 0.542500 0.341667 0.008333 0.016667
2 0.680833 0.431667 0.030833 0.051667
2 0.710000 0.600000 0.017500 0.116667
3 0.550833 0.348333 0.015833 0.051667
2 0.621667 0.661667 0.048333 0.025000
3 0.729167 0.643333 0.009167 0.016667
2 0.585000 0.748333 0.020833 0.028333
3 0.451667 0.650000 0.015833 0.051667
3 0.530833 0.998333 0.010000 0.001667
3 0.685833 0.628333 0.007500 0.018333
3 0.661667 0.446667 0.007500 0.018333
2 0.559167 0.696667 0.022500 0.023333
3 0.693333 0.646667 0.007500 0.015000
2 0.450833 0.253333 0.020833 0.080000
3 0.305000 0.150000 0.008333 0.016667
2 0.547500 0.718333 0.023333 0.106667
3 0.715000 0.330000 0.009167 0.016667
2 0.735000 0.655000 0.048333 0.043333
3 0.638333 0.418333 0.007500 0.015000
3 0.225000 0.391667 0.011667 0.030000
3 0.452500 0.650000 0.006667 0.018333
3 0.335833 0.295000 0.008333 0.016667
2 0.281667 0.746667 0.009167 0.040000
2 0.570833 0.711667 0.011667 0.025000
2 0.703333 0.410000 0.011667 0.066667
2 0.482500 0.301667 0.035000 0.105000
3 0.769167 0.693333 0.007500 0.015000
2 0.234167 0.361667 0.020833 0.028333
3 0.655000 0.621667 0.008333 0.016667
2 0.703333 0.680000 0.023333 0.041667
2 0.556667 0.415000 0.011667 0.025000
3 0.275833 0.820000 0.007500 0.018333
2 0.775000 0.658333 0.027500 0.016667
2 0.519167 0.650000 0.048333 0.025000
3 0.768333 0.356667 0.010000 0.020000
