4 0.845000 0.526667 0.043333 0.040000
4 0.820000 0.573333 0.130000 0.256667
4 0.889167 0.465000 0.056667 0.063333
4 0.814167 0.521667 0.075000 0.105000
4 0.864167 0.571667 0.092500 0.061667
4 0.841667 0.633333 0.131667 0.033333
4 0.868333 0.438333 0.052500 0.131667
4 0.850833 0.375000 0.055000 0.031667
4 0.876667 0.466667 0.086667 0.131667
4 0.779167 0.650000 0.230000 0.215000
4 0.705833 0.618333 0.109167 0.195000
4 0.651667 0.530000 0.059167 0.028333
4 0.195833 0.533333 0.145833 0.048333
4 0.550833 0.560000 0.045833 0.078333
4 0.108333 0.515000 0.102500 0.081667
4 0.215000 0.566667 0.179167 0.103333
4 0.379167 0.575000 0.063333 0.101667
4 0.621667 0.486667 0.133333 0.141667
4 0.413333 0.605000 0.172500 0.131667
4 0.384167 0.463333 0.057500 0.126667
2 0.481667 0.403333 0.035000 0.105000
3 0.273333 0.573333 0.009167 0.016667
3 0.032500 0.538333 0.009167 0.016667
2 0.310000 0.466667 0.020833 0.028333
2 0.187500 0.478333 0.021667 0.090000
2 0.584167 0.521667 0.021667 0.090000
3 0.500833 0.568333 0.007500 0.015000
2 0.406667 0.550000 0.015833 0.068333
3 0.643333 0.500000 0.007500 0.015000
3 0.515000 0.531667 0.008333 0.016667
3 0.460833 0.485000 0.008333 0.016667
3 0.634167 0.485000 0.006667 0.018333
3 0.201667 0.508333 0.011667 0.020000
2 0.780000 0.550000 0.009167 0.031667
3 0.131667 0.485000 0.009167 0.016667
3 0.235000 0.508333 0.009167 0.018333
3 0.696667 0.550000 0.007500 0.015000
3 0.067500 0.496667 0.008333 0.021667
3 0.605000 0.586667 0.009167 0.023333
3 0.396667 0.550000 0.010833 0.023333
2 0.738333 0.496667 0.023333 0.106667
3 0.491667 0.523333 0.008333 0.016667
3 0.600000 0.485000 0.008333 0.016667
2 0.755833 0.520000 0.027500 0.016667
2 0.793333 0.505000 0.015833 0.068333
2 0.333333 0.473333 0.010000 0.031667
3 0.615000 0.466667 0.008333 0.016667
3 0.476667 0.416667 0.008333 0.016667
3 0.115833 0.581667 0.010000 0.020000
3 0.150000 0.506667 0.008333 0.016667
3 0.251667 0.460000 0.007500 0.015000
2 0.501667 0.508333 0.017500 0.116667
3 0.221667 0.596667 0.007500 0.018333
2 0.335833 0.558333 0.015833 0.068333
2 0.269167 0.571667 0.048333 0.043333
3 0.351667 0.460000 0.010000 0.020000
2 0.719167 0.566667 0.020833 0.080000
2 0.044167 0.515000 0.089167 0.053333
3 0.406667 0.538333 0.008333 0.021667
3 0.713333 0.595000 0.008333 0.021667
3 0.603333 0.571667 0.008333 0.016667
2 0.016667 0.516667 0.034167 0.100000
3 0.440833 0.463333 0.008333 0.016667
2 0.148333 0.525000 0.058333 0.076667
2 0.784167 0.545000 0.045833 0.021667
3 0.403333 0.593333 0.007500 0.015000
2 0.425833 0.576667 0.027500 0.016667
3 0.291667 0.591667 0.008333 0.016667
2 0.349167 0.493333 0.035000 0.105000
3 0.448333 0.603333 0.009167 0.015000
2 0.432500 0.541667 0.011667 0.066667
3 0.709167 0.555000 0.014167 0.025000
3 0.680000 0.563333 0.008333 0.016667
3 0.319167 0.525000 0.007500 0.018333
3 0.145000 0.581667 0.007500 0.016667
3 0.648333 0.496667 0.007500 0.018333
2 0.706667 0.551667 0.026667 0.035000
2 0.178333 0.530000 0.013333 0.070000
2 0.586667 0.435000 0.097500 0.053333
3 0.691667 0.545000 0.009167 0.015000
2 0.346667 0.530000 0.034167 0.038333
3 0.215000 0.520000 0.010000 0.020000
3 0.320833 0.441667 0.007500 0.015000
3 0.807500 0.585000 0.008333 0.016667
3 0.665000 0.465000 0.011667 0.020000
3 0.172500 0.593333 0.010000 0.020000
2 0.046667 0.595000 0.021667 0.090000
2 0.055000 0.546667 0.011667 0.025000
3 0.601667 0.441667 0.008333 0.016667
2 0.669167 0.453333 0.020833 0.028333
2 0.183333 0.571667 0.020833 0.080000
3 0.324167 0.556667 0.017500 0.031667
2 0.491667 0.420000 0.022500 0.023333
3 0.163333 0.446667 0.008333 0.016667
3 0.094167 0.506667 0.011667 0.020000
3 0.490000 0.608333 0.015833 0.051667
2 0.335833 0.481667 0.058333 0.076667
2 0.646667 0.570000 0.097500 0.053333
2 0.435833 0.496667 0.014167 0.015000
3 0.218333 0.501667 0.010833 0.013333
3 0.344167 0.551667 0.010000 0.020000
3 0.330833 0.573333 0.013333 0.015000
2 0.483333 0.543333 0.015833 0.068333
3 0.349167 0.525000 0.008333 0.021667
2 0.305000 0.578333 0.097500 0.053333
3 0.452500 0.620000 0.008333 0.016667
2 0.546667 0.516667 0.029167 0.038333
2 0.275000 0.531667 0.058333 0.076667
3 0.079167 0.588333 0.009167 0.016667
3 0.505000 0.583333 0.007500 0.016667
2 0.522500 0.510000 0.048333 0.025000
2 0.381667 0.501667 0.010000 0.031667
2 0.307500 0.543333 0.011667 0.066667
3 0.600833 0.585000 0.007500 0.016667
2 0.179167 0.511667 0.010833 0.091667
2 0.780000 0.521667 0.020833 0.028333
3 0.621667 0.595000 0.010833 0.023333
3 0.803333 0.520000 0.008333 0.021667
2 0.125000 0.590000 0.020833 0.028333
3 0.210833 0.591667 0.017500 0.031667
3 0.405833 0.536667 0.008333 0.016667
2 0.480000 0.410000 0.009167 0.040000
3 0.355833 0.641667 0.007500 0.015000
2 0.297500 0.683333 0.029167 0.038333
2 0.457500 0.808333 0.045833 0.021667
3 0.351667 0.430000 0.007500 0.018333
3 0.256667 0.380000 0.017500 0.031667
3 0.709167 0.620000 0.009167 0.016667
2 0.585000 0.370000 0.009167 0.031667
3 0.637500 0.628333 0.008333 0.016667
2 0.261667 0.710000 0.023333 0.106667
2 0.746667 0.603333 0.010000 0.031667
2 0.561667 0.723333 0.009167 0.040000
2 0.673333 0.431667 0.020000 0.021667
3 0.295000 0.713333 0.007500 0.018333
2 0.165833 0.645000 0.023333 0.041667
3 0.641667 0.380000 0.009167 0.023333
3 0.348333 0.306667 0.009167 0.023333
3 0.545833 0.646667 0.009167 0.023333
2 0.670000 0.623333 0.019167 0.046667
3 0.360833 0.608333 0.010833 0.013333
3 0.625833 0.350000 0.008333 0.016667
3 0.244167 0.406667 0.015833 0.051667
2 0.294167 0.395000 0.034167 0.038333
2 0.770000 0.625000 0.009167 0.031667
3 0.709167 0.685000 0.007500 0.018333
2 0.816667 0.380000 0.019167 0.046667
3 0.550000 0.421667 0.011667 0.030000
3 0.316667 0.371667 0.007500 0.015000
3 0.702500 0.328333 0.010833 0.013333
3 0.808333 0.900000 0.007500 0.015000
3 0.702500 0.408333 0.011667 0.020000
3 0.274167 0.666667 0.011667 0.020000
3 0.298333 0.705000 0.010000 0.016667
2 0.626667 0.373333 0.048333 0.025000
2 0.641667 0.396667 0.048333 0.025000
2 0.561667 0.328333 0.020833 0.080000
3 0.785833 0.376667 0.017500 0.031667
2 0.435000 0.291667 0.048333 0.043333
3 0.668333 0.341667 0.013333 0.031667
2 0.299167 0.718333 0.019167 0.046667
3 0.784167 0.371667 0.011667 0.020000
2 0.337500 0.868333 0.020000 0.021667
3 0.785833 0.603333 0.010000 0.020000
2 0.790000 0.376667 0.027500 0.016667
3 0.646667 0.658333 0.017500 0.031667
3 0.543333 0.626667 0.011667 0.030000
2 0.790000 0.680000 0.034167 0.100000
3 0.758333 0.630000 0.008333 0.016667
3 0.559167 0.271667 0.009167 0.018333
3 0.769167 0.696667 0.008333 0.016667
3 0.495000 0.328333 0.011667 0.020000
2 0.785000 0.380000 0.010000 0.031667
2 0.465000 0.213333 0.048333 0.025000
2 0.453333 0.203333 0.058333 0.076667
3 0.442500 0.325000 0.011667 0.030000
2 0.748333 0.635000 0.011667 0.025000
3 0.684167 0.633333 0.009167 0.016667
2 0.519167 0.275000 0.010000 0.031667
2 0.524167 0.630000 0.020000 0.021667
3 0.309167 0.693333 0.006667 0.018333
2 0.789167 0.578333 0.035000 0.105000
2 0.332500 0.253333 0.017500 0.116667
3 0.403333 0.376667 0.006667 0.018333
3 0.190000 0.400000 0.008333 0.016667
3 0.351667 0.738333 0.007500 0.018333
2 0.405833 0.698333 0.011667 0.025000
3 0.548333 0.635000 0.008333 0.021667
2 0.673333 0.670000 0.035000 0.105000
3 0.152500 0.673333 0.008333 0.016667
3 0.757500 0.715000 0.008333 0.016667
3 0.693333 0.376667 0.015833 0.051667
2 0.652500 0.590000 0.017500 0.116667
2 0.540000 0.721667 0.010000 0.031667
2 0.300833 0.808333 0.020000 0.021667
2 0.250833 0.656667 0.048333 0.025000
2 0.490833 0.265000 0.023333 0.041667
2 0.690000 0.311667 0.021667 0.090000
2 0.375833 0.633333 0.058333 0.076667
2 0.309167 0.656667 0.035000 0.105000
3 0.355833 0.405000 0.010000 0.016667
3 0.287500 0.716667 0.007500 0.015000
3 0.257500 0.768333 0.008333 0.016667
3 0.583333 0.736667 0.007500 0.016667
2 0.350833 0.658333 0.029167 0.038333
3 0.685000 0.640000 0.007500 0.015000
3 0.407500 0.755000 0.011667 0.020000
2 0.317500 0.730000 0.010000 0.031667
3 0.680000 0.650000 0.008333 0.016667
2 0.310000 0.646667 0.023333 0.106667
3 0.620000 0.645000 0.007500 0.015000
3 0.553333 0.328333 0.010000 0.020000
2 0.615833 0.666667 0.021667 0.090000
3 0.422500 0.216667 0.009167 0.016667
3 0.700833 0.650000 0.011667 0.030000
2 0.683333 0.395000 0.023333 0.106667
3 0.805000 0.346667 0.006667 0.018333
2 0.582500 0.753333 0.023333 0.106667
3 0.717500 0.641667 0.011667 0.020000
2 0.519167 0.400000 0.034167 0.100000
2 0.758333 0.596667 0.045833 0.021667
3 0.395833 0.668333 0.009167 0.016667
2 0.665000 0.333333 0.058333 0.076667
3 0.169167 0.403333 0.011667 0.020000
3 0.476667 0.166667 0.007500 0.016667
2 0.767500 0.706667 0.058333 0.076667
3 0.582500 0.318333 0.009167 0.016667
2 0.569167 0.665000 0.030833 0.051667
3 0.623333 0.398333 0.015833 0.051667
3 0.499167 0.673333 0.008333 0.021667
3 0.323333 0.726667 0.010000 0.020000
2 0.338333 0.740000 0.009167 0.031667
2 0.330000 0.400000 0.009167 0.031667
2 0.267500 0.648333 0.019167 0.046667
2 0.549167 0.745000 0.010833 0.091667
3 0.637500 0.418333 0.009167 0.018333
2 0.548333 0.701667 0.020833 0.028333
2 0.765833 0.373333 0.048333 0.025000
2 0.694167 0.373333 0.048333 0.043333
3 0.733333 0.640000 0.013333 0.015000
3 0.443333 0.895000 0.007500 0.018333
3 0.698333 0.256667 0.009167 0.015000
3 0.326667 0.383333 0.008333 0.016667
2 0.453333 0.365000 0.034167 0.038333
2 0.705833 0.600000 0.035000 0.105000
2 0.740000 0.708333 0.022500 0.023333
2 0.706667 0.341667 0.017500 0.116667
2 0.486667 0.808333 0.013333 0.070000
2 0.510833 0.300000 0.022500 0.023333
3 0.520000 0.663333 0.007500 0.018333
3 0.520000 0.666667 0.010833 0.013333
2 0.773333 0.316667 0.019167 0.046667
2 0.440833 0.790000 0.035000 0.105000
2 0.722500 0.733333 0.026667 0.035000
2 0.224167 0.673333 0.011667 0.066667
2 0.639167 0.400000 0.023333 0.106667
2 0.436667 0.381667 0.009167 0.031667
3 0.635833 0.438333 0.009167 0.016667
3 0.446667 0.378333 0.006667 0.018333
2 0.719167 0.326667 0.020833 0.080000
3 0.347500 0.285000 0.009167 0.015000
3 0.295833 0.863333 0.009167 0.016667
2 0.231667 0.215000 0.029167 0.038333
2 0.511667 0.328333 0.035000 0.105000
2 0.697500 0.301667 0.011667 0.025000
2 0.247500 0.613333 0.020833 0.080000
3 0.339167 0.388333 0.009167 0.016667
2 0.622500 0.691667 0.010833 0.091667
3 0.613333 0.646667 0.010833 0.023333
2 0.699167 0.680000 0.027500 0.016667
3 0.813333 0.720000 0.008333 0.016667
3 0.540833 0.691667 0.010833 0.023333
2 0.435000 0.628333 0.009167 0.040000
3 0.683333 0.636667 0.011667 0.030000
2 0.552500 0.630000 0.045833 0.021667
2 0.682500 0.625000 0.027500 0.016667
2 0.662500 0.283333 0.034167 0.100000
2 0.475833 0.763333 0.023333 0.106667
2 0.613333 0.806667 0.010833 0.091667
3 0.276667 0.765000 0.008333 0.021667
2 0.795833 0.398333 0.017500 0.116667
2 0.638333 0.321667 0.048333 0.043333
2 0.343333 0.746667 0.010000 0.031667
3 0.760000 0.613333 0.006667 0.018333
3 0.650833 0.390000 0.007500 0.015000
3 0.773333 0.401667 0.010833 0.013333
2 0.485000 0.276667 0.020833 0.080000
3 0.640833 0.645000 0.008333 0.016667
3 0.686667 0.710000 0.008333 0.016667
2 0.198333 0.725000 0.020000 0.021667
2 0.684167 0.623333 0.048333 0.025000
3 0.757500 0.601667 0.014167 0.025000
2 0.695833 0.656667 0.010833 0.091667
3 0.465833 0.845000 0.007500 0.015000
2 0.711667 0.648333 0.023333 0.041667
2 0.518333 0.400000 0.020833 0.080000
2 0.416667 0.395000 0.020833 0.080000
2 0.546667 0.413333 0.017500 0.116667
2 0.808333 0.420000 0.011667 0.025000
2 0.635833 0.625000 0.029167 0.038333
3 0.770833 0.600000 0.011667 0.030000
3 0.333333 0.650000 0.009167 0.016667
2 0.664167 0.451667 0.026667 0.035000
3 0.653333 0.445000 0.009167 0.016667
3 0.466667 0.138333 0.007500 0.015000
2 0.476667 0.315000 0.019167 0.046667
2 0.532500 0.275000 0.023333 0.041667
3 0.422500 0.738333 0.015833 0.051667
3 0.447500 0.678333 0.011667 0.020000
2 0.705833 0.705000 0.009167 0.040000
2 0.505833 0.353333 0.048333 0.043333
3 0.750000 0.411667 0.006667 0.018333
2 0.707500 0.611667 0.023333 0.106667
3 0.685833 0.710000 0.009167 0.018333
2 0.815833 0.366667 0.020000 0.021667
2 0.698333 0.398333 0.058333 0.076667
3 0.677500 0.350000 0.011667 0.020000
3 0.810000 0.631667 0.007500 0.018333
2 0.489167 0.776667 0.023333 0.106667
2 0.745000 0.381667 0.010000 0.031667
