4 0.851667 0.456667 0.124167 0.115000
4 0.897500 0.525000 0.038333 0.016667
4 0.750000 0.648333 0.171667 0.245000
4 0.803333 0.505000 0.088333 0.065000
4 0.882500 0.503333 0.051667 0.033333
4 0.867500 0.666667 0.086667 0.143333
4 0.846667 0.585000 0.087500 0.053333
4 0.824167 0.446667 0.076667 0.040000
4 0.815833 0.556667 0.075833 0.068333
4 0.828333 0.558333 0.094167 0.065000
4 0.546667 0.620000 0.045000 0.123333
4 0.514167 0.510000 0.080000 0.156667
4 0.341667 0.650000 0.201667 0.205000
4 0.393333 0.615000 0.210833 0.240000
4 0.389167 0.431667 0.146667 0.200000
4 0.149167 0.515000 0.035833 0.031667
4 0.803333 0.475000 0.036667 0.053333
4 0.428333 0.561667 0.137500 0.058333
4 0.682500 0.498333 0.110833 0.143333
4 0.185833 0.578333 0.116667 0.095000
3 0.116667 0.555000 0.009167 0.023333
2 0.672500 0.490000 0.030833 0.051667
2 0.700000 0.521667 0.030833 0.051667
3 0.347500 0.536667 0.007500 0.018333
3 0.740833 0.573333 0.008333 0.021667
2 0.435833 0.446667 0.015833 0.068333
3 0.631667 0.551667 0.009167 0.015000
3 0.067500 0.548333 0.008333 0.021667
3 0.495000 0.458333 0.007500 0.018333
3 0.293333 0.576667 0.009167 0.016667
2 0.696667 0.615000 0.010833 0.091667
3 0.487500 0.463333 0.008333 0.016667
2 0.211667 0.506667 0.097500 0.053333
2 0.454167 0.488333 0.034167 0.038333
3 0.304167 0.506667 0.010833 0.023333
3 0.463333 0.506667 0.008333 0.016667
2 0.455833 0.585000 0.011667 0.066667
2 0.161667 0.528333 0.021667 0.090000
2 0.420000 0.558333 0.015833 0.068333
3 0.459167 0.553333 0.011667 0.030000
2 0.800000 0.490000 0.019167 0.046667
3 0.400833 0.541667 0.014167 0.025000
3 0.663333 0.580000 0.008333 0.021667
2 0.058333 0.530000 0.010833 0.091667
2 0.765000 0.463333 0.017500 0.116667
2 0.812500 0.500000 0.020833 0.080000
3 0.615833 0.563333 0.010000 0.016667
3 0.505000 0.515000 0.007500 0.015000
3 0.615833 0.575000 0.008333 0.016667
3 0.347500 0.491667 0.009167 0.023333
2 0.136667 0.566667 0.030833 0.051667
2 0.030833 0.495000 0.009167 0.040000
3 0.088333 0.508333 0.007500 0.015000
2 0.491667 0.583333 0.027500 0.016667
3 0.107500 0.523333 0.013333 0.015000
2 0.296667 0.583333 0.009167 0.031667
2 0.491667 0.551667 0.034167 0.038333
3 0.615833 0.478333 0.007500 0.016667
3 0.627500 0.546667 0.007500 0.015000
3 0.761667 0.541667 0.009167 0.016667
3 0.442500 0.536667 0.007500 0.018333
3 0.758333 0.463333 0.009167 0.023333
2 0.367500 0.508333 0.048333 0.025000
2 0.160000 0.493333 0.011667 0.025000
3 0.738333 0.470000 0.007500 0.015000
3 0.785833 0.566667 0.009167 0.015000
2 0.397500 0.526667 0.020833 0.028333
3 0.140000 0.553333 0.010833 0.013333
3 0.530000 0.581667 0.007500 0.018333
3 0.744167 0.585000 0.017500 0.031667
3 0.262500 0.555000 0.010000 0.016667
2 0.795833 0.533333 0.013333 0.070000
2 0.755000 0.620000 0.010833 0.091667
3 0.791667 0.468333 0.010000 0.016667
2 0.153333 0.466667 0.035000 0.105000
2 0.270833 0.473333 0.020833 0.028333
2 0.304167 0.470000 0.048333 0.043333
3 0.362500 0.585000 0.008333 0.016667
2 0.101667 0.475000 0.048333 0.043333
2 0.135833 0.510000 0.022500 0.023333
3 0.409167 0.501667 0.009167 0.023333
2 0.474167 0.395000 0.027500 0.016667
2 0.564167 0.541667 0.015833 0.068333
2 0.729167 0.525000 0.020000 0.021667
3 0.454167 0.535000 0.009167 0.023333
3 0.783333 0.548333 0.013333 0.031667
2 0.721667 0.456667 0.048333 0.025000
2 0.145000 0.571667 0.058333 0.076667
2 0.092500 0.475000 0.009167 0.040000
2 0.549167 0.475000 0.035000 0.105000
3 0.077500 0.505000 0.009167 0.016667
2 0.597500 0.560000 0.048333 0.043333
2 0.805000 0.598333 0.048333 0.043333
3 0.241667 0.595000 0.007500 0.015000
2 0.681667 0.546667 0.020833 0.080000
2 0.051667 0.611667 0.020833 0.080000
3 0.282500 0.478333 0.014167 0.025000
2 0.270833 0.601667 0.023333 0.041667
3 0.444167 0.500000 0.010833 0.023333
2 0.237500 0.435000 0.020833 0.080000
3 0.497500 0.418333 0.010000 0.020000
3 0.433333 0.561667 0.008333 0.016667
2 0.247500 0.521667 0.017500 0.116667
3 0.697500 0.460000 0.007500 0.015000
3 0.412500 0.488333 0.006667 0.018333
3 0.179167 0.516667 0.009167 0.016667
2 0.723333 0.508333 0.009167 0.040000
3 0.515000 0.478333 0.009167 0.016667
3 0.304167 0.468333 0.009167 0.016667
2 0.375000 0.601667 0.023333 0.106667
2 0.727500 0.486667 0.045833 0.021667
3 0.721667 0.580000 0.009167 0.016667
2 0.592500 0.481667 0.015833 0.068333
3 0.419167 0.446667 0.008333 0.016667
3 0.723333 0.518333 0.007500 0.015000
3 0.630833 0.560000 0.009167 0.023333
3 0.181667 0.555000 0.010833 0.013333
3 0.473333 0.580000 0.010833 0.013333
3 0.553333 0.516667 0.007500 0.015000
3 0.572500 0.538333 0.008333 0.016667
3 0.360833 0.470000 0.009167 0.023333
3 0.442500 0.536667 0.007500 0.018333
2 0.706667 0.603333 0.027500 0.016667
2 0.403333 0.700000 0.026667 0.035000
3 0.530000 0.290000 0.007500 0.015000
3 0.688333 0.386667 0.008333 0.016667
3 0.299167 0.340000 0.010000 0.020000
3 0.672500 0.660000 0.007500 0.018333
3 0.786667 0.603333 0.007500 0.015000
2 0.320833 0.698333 0.009167 0.040000
3 0.354167 0.756667 0.013333 0.031667
2 0.485833 0.368333 0.020833 0.080000
3 0.355833 0.365000 0.007500 0.015000
2 0.300833 0.333333 0.034167 0.038333
3 0.638333 0.341667 0.014167 0.025000
3 0.789167 0.343333 0.007500 0.015000
3 0.192500 0.388333 0.010833 0.013333
3 0.274167 0.261667 0.010000 0.016667
2 0.625000 0.378333 0.035000 0.105000
2 0.246667 0.651667 0.023333 0.041667
3 0.443333 0.141667 0.013333 0.031667
2 0.810833 0.738333 0.013333 0.070000
2 0.410000 0.373333 0.034167 0.100000
2 0.508333 0.318333 0.022500 0.023333
3 0.606667 0.380000 0.007500 0.015000
3 0.512500 0.421667 0.010000 0.016667
2 0.252500 0.416667 0.034167 0.100000
2 0.675833 0.760000 0.010833 0.091667
3 0.483333 0.745000 0.014167 0.025000
2 0.157500 0.405000 0.011667 0.025000
3 0.025000 0.605000 0.017500 0.031667
2 0.615000 0.641667 0.017500 0.116667
3 0.325833 0.306667 0.008333 0.021667
2 0.485000 0.255000 0.029167 0.038333
3 0.778333 0.336667 0.009167 0.023333
2 0.721667 0.675000 0.010000 0.031667
3 0.742500 0.335000 0.006667 0.018333
3 0.550833 0.656667 0.006667 0.018333
3 0.441667 0.771667 0.010000 0.016667
2 0.697500 0.665000 0.014167 0.015000
3 0.679167 0.341667 0.009167 0.016667
3 0.761667 0.601667 0.007500 0.015000
2 0.480833 0.346667 0.048333 0.025000
3 0.225833 0.740000 0.008333 0.021667
3 0.176667 0.391667 0.008333 0.016667
2 0.681667 0.290000 0.023333 0.106667
3 0.630000 0.358333 0.009167 0.023333
3 0.335833 0.295000 0.007500 0.015000
3 0.485000 0.260000 0.013333 0.031667
2 0.760000 0.631667 0.020833 0.028333
2 0.439167 0.763333 0.013333 0.070000
2 0.469167 0.286667 0.029167 0.038333
3 0.765000 0.393333 0.007500 0.015000
2 0.783333 0.415000 0.029167 0.038333
3 0.471667 0.643333 0.009167 0.018333
2 0.686667 0.355000 0.029167 0.038333
3 0.753333 0.705000 0.009167 0.015000
3 0.448333 0.663333 0.007500 0.018333
2 0.720833 0.415000 0.010833 0.091667
3 0.289167 0.275000 0.010833 0.023333
3 0.495000 0.341667 0.010000 0.020000
3 0.704167 0.408333 0.008333 0.016667
2 0.428333 0.741667 0.019167 0.046667
3 0.600000 0.706667 0.010000 0.020000
3 0.158333 0.411667 0.010000 0.016667
2 0.587500 0.306667 0.048333 0.043333
3 0.768333 0.383333 0.007500 0.015000
2 0.649167 0.620000 0.020000 0.021667
3 0.619167 0.375000 0.008333 0.021667
3 0.495833 0.258333 0.013333 0.031667
3 0.234167 0.635000 0.009167 0.016667
3 0.620000 0.645000 0.007500 0.018333
3 0.356667 0.658333 0.008333 0.016667
2 0.019167 0.591667 0.029167 0.038333
3 0.508333 0.821667 0.007500 0.015000
2 0.652500 0.390000 0.034167 0.100000
3 0.600000 0.740000 0.007500 0.016667
3 0.367500 0.291667 0.009167 0.018333
3 0.785833 0.371667 0.008333 0.016667
2 0.628333 0.403333 0.013333 0.070000
3 0.444167 0.345000 0.007500 0.016667
3 0.490000 0.295000 0.009167 0.018333
2 0.232500 0.335000 0.035000 0.105000
2 0.640833 0.343333 0.058333 0.076667
3 0.636667 0.393333 0.011667 0.030000
3 0.746667 0.605000 0.009167 0.016667
3 0.729167 0.340000 0.014167 0.025000
2 0.523333 0.376667 0.034167 0.038333
3 0.407500 0.356667 0.009167 0.016667
3 0.443333 0.803333 0.008333 0.016667
3 0.620833 0.371667 0.010833 0.023333
3 0.175833 0.401667 0.007500 0.015000
2 0.684167 0.580000 0.035000 0.105000
2 0.535000 0.351667 0.048333 0.043333
3 0.767500 0.748333 0.007500 0.018333
3 0.587500 0.371667 0.006667 0.018333
2 0.716667 0.353333 0.010000 0.031667
3 0.783333 0.380000 0.007500 0.015000
2 0.685833 0.655000 0.048333 0.043333
3 0.692500 0.620000 0.007500 0.018333
3 0.748333 0.603333 0.007500 0.015000
3 0.549167 0.655000 0.010000 0.020000
2 0.546667 0.246667 0.048333 0.025000
2 0.533333 0.345000 0.020833 0.028333
2 0.638333 0.643333 0.030833 0.051667
2 0.652500 0.635000 0.014167 0.015000
2 0.688333 0.686667 0.017500 0.116667
2 0.450000 0.380000 0.009167 0.031667
3 0.700833 0.346667 0.011667 0.030000
3 0.666667 0.625000 0.014167 0.025000
3 0.314167 0.253333 0.013333 0.031667
3 0.190833 0.385000 0.014167 0.025000
2 0.320000 0.691667 0.019167 0.046667
2 0.450000 0.713333 0.048333 0.025000
3 0.498333 0.341667 0.013333 0.015000
2 0.261667 0.170000 0.020833 0.080000
3 0.691667 0.388333 0.013333 0.031667
2 0.735833 0.696667 0.029167 0.038333
2 0.312500 0.761667 0.020000 0.021667
2 0.239167 0.331667 0.020833 0.080000
2 0.552500 0.350000 0.023333 0.106667
2 0.553333 0.658333 0.020833 0.028333
3 0.480833 0.380000 0.009167 0.023333
3 0.503333 0.255000 0.010833 0.013333
2 0.760833 0.685000 0.015833 0.068333
2 0.630833 0.703333 0.034167 0.038333
3 0.257500 0.321667 0.011667 0.030000
3 0.232500 0.373333 0.014167 0.025000
3 0.544167 0.295000 0.009167 0.016667
3 0.718333 0.431667 0.006667 0.018333
2 0.700833 0.378333 0.010833 0.091667
2 0.716667 0.656667 0.020000 0.021667
3 0.775000 0.783333 0.010000 0.016667
2 0.675000 0.356667 0.020833 0.080000
2 0.649167 0.686667 0.023333 0.041667
2 0.705833 0.325000 0.027500 0.016667
2 0.620833 0.340000 0.014167 0.015000
3 0.685000 0.640000 0.007500 0.018333
2 0.566667 0.726667 0.011667 0.025000
2 0.307500 0.301667 0.011667 0.025000
2 0.309167 0.786667 0.034167 0.100000
2 0.662500 0.631667 0.034167 0.038333
2 0.407500 0.715000 0.045833 0.021667
3 0.685000 0.631667 0.008333 0.016667
2 0.795000 0.390000 0.017500 0.116667
2 0.439167 0.370000 0.011667 0.025000
2 0.549167 0.391667 0.035000 0.105000
2 0.659167 0.615000 0.045833 0.021667
3 0.700000 0.275000 0.011667 0.020000
3 0.725000 0.348333 0.009167 0.016667
3 0.509167 0.820000 0.009167 0.023333
2 0.712500 0.673333 0.027500 0.016667
2 0.259167 0.245000 0.058333 0.076667
2 0.372500 0.343333 0.010000 0.031667
3 0.767500 0.678333 0.009167 0.016667
3 0.425000 0.666667 0.009167 0.016667
3 0.347500 0.388333 0.008333 0.016667
3 0.340000 0.708333 0.007500 0.015000
3 0.437500 0.371667 0.008333 0.016667
3 0.521667 0.761667 0.009167 0.016667
2 0.810833 0.406667 0.045833 0.021667
3 0.699167 0.296667 0.009167 0.015000
2 0.274167 0.681667 0.021667 0.090000
2 0.672500 0.621667 0.048333 0.025000
3 0.619167 0.645000 0.010000 0.016667
3 0.750833 0.641667 0.014167 0.025000
3 0.536667 0.306667 0.007500 0.018333
2 0.450000 0.828333 0.021667 0.090000
2 0.580833 0.413333 0.017500 0.116667
2 0.528333 0.700000 0.023333 0.041667
3 0.689167 0.603333 0.007500 0.015000
2 0.492500 0.258333 0.020833 0.028333
2 0.771667 0.601667 0.020000 0.021667
3 0.670000 0.416667 0.015833 0.051667
2 0.260833 0.656667 0.023333 0.106667
2 0.329167 0.265000 0.020833 0.080000
2 0.690000 0.686667 0.026667 0.035000
2 0.579167 0.751667 0.011667 0.025000
3 0.721667 0.378333 0.010000 0.016667
3 0.814167 0.628333 0.007500 0.015000
2 0.280000 0.330000 0.021667 0.090000
2 0.700833 0.628333 0.026667 0.035000
3 0.419167 0.673333 0.010833 0.023333
3 0.405833 0.713333 0.007500 0.015000
3 0.535833 0.411667 0.006667 0.018333
3 0.280833 0.838333 0.007500 0.018333
2 0.338333 0.398333 0.026667 0.035000
3 0.364167 0.306667 0.007500 0.015000
2 0.740833 0.605000 0.027500 0.016667
3 0.482500 0.755000 0.010000 0.016667
2 0.655000 0.478333 0.020833 0.080000
2 0.585000 0.536667 0.035000 0.105000
3 0.460833 0.405000 0.007500 0.018333
3 0.428333 0.646667 0.007500 0.015000
2 0.847500 0.305000 0.009167 0.040000
3 0.406667 0.705000 0.010000 0.020000
3 0.566667 0.688333 0.008333 0.016667
3 0.363333 0.683333 0.017500 0.031667
3 0.467500 0.331667 0.006667 0.018333
3 0.283333 0.270000 0.015833 0.051667
