4 0.859167 0.488333 0.119167 0.078333
4 0.840000 0.460000 0.097500 0.165000
4 0.854167 0.591667 0.135000 0.085000
4 0.829167 0.383333 0.080833 0.065000
4 0.869167 0.556667 0.040833 0.045000
4 0.845000 0.455000 0.070833 0.038333
4 0.825833 0.525000 0.070000 0.105000
4 0.836667 0.515000 0.107500 0.035000
4 0.887500 0.488333 0.065833 0.078333
4 0.868333 0.603333 0.050833 0.060000
4 0.090833 0.685000 0.182500 0.303333
4 0.624167 0.443333 0.201667 0.153333
4 0.244167 0.543333 0.030000 0.081667
4 0.200000 0.533333 0.085000 0.026667
4 0.780000 0.498333 0.043333 0.026667
4 0.268333 0.560000 0.064167 0.035000
4 0.042500 0.601667 0.060833 0.128333
4 0.430833 0.531667 0.145000 0.066667
4 0.553333 0.491667 0.102500 0.051667
4 0.148333 0.626667 0.096667 0.178333
2 0.121667 0.436667 0.020833 0.080000
2 0.211667 0.490000 0.023333 0.106667
2 0.322500 0.560000 0.023333 0.106667
2 0.497500 0.470000 0.011667 0.025000
3 0.389167 0.518333 0.009167 0.016667
2 0.805833 0.555000 0.009167 0.040000
3 0.110833 0.491667 0.015833 0.051667
3 0.454167 0.528333 0.007500 0.018333
2 0.292500 0.540000 0.019167 0.046667
2 0.245833 0.490000 0.021667 0.090000
3 0.155833 0.471667 0.011667 0.020000
2 0.492500 0.426667 0.022500 0.023333
2 0.622500 0.578333 0.026667 0.035000
3 0.470833 0.520000 0.008333 0.016667
2 0.218333 0.550000 0.034167 0.100000
2 0.261667 0.503333 0.011667 0.066667
3 0.223333 0.450000 0.013333 0.031667
2 0.320833 0.546667 0.026667 0.035000
2 0.443333 0.543333 0.021667 0.090000
3 0.813333 0.483333 0.006667 0.018333
2 0.368333 0.510000 0.020000 0.021667
3 0.696667 0.518333 0.008333 0.016667
2 0.078333 0.626667 0.010833 0.091667
2 0.445833 0.473333 0.019167 0.046667
2 0.203333 0.585000 0.023333 0.106667
3 0.694167 0.451667 0.007500 0.015000
2 0.120000 0.535000 0.017500 0.116667
3 0.531667 0.471667 0.010000 0.020000
2 0.329167 0.515000 0.027500 0.016667
3 0.122500 0.506667 0.007500 0.015000
3 0.498333 0.476667 0.009167 0.016667
2 0.171667 0.565000 0.020833 0.080000
3 0.397500 0.581667 0.008333 0.016667
2 0.166667 0.525000 0.011667 0.066667
2 0.576667 0.515000 0.021667 0.090000
2 0.804167 0.553333 0.011667 0.066667
2 0.431667 0.540000 0.021667 0.090000
3 0.216667 0.558333 0.008333 0.021667
2 0.590833 0.480000 0.010000 0.031667
3 0.514167 0.508333 0.008333 0.016667
2 0.359167 0.541667 0.022500 0.023333
2 0.610000 0.556667 0.022500 0.023333
3 0.626667 0.496667 0.009167 0.015000
2 0.270000 0.573333 0.023333 0.041667
2 0.626667 0.488333 0.009167 0.040000
3 0.275833 0.488333 0.008333 0.016667
3 0.385833 0.541667 0.009167 0.016667
3 0.082500 0.585000 0.008333 0.016667
2 0.707500 0.498333 0.026667 0.035000
2 0.466667 0.481667 0.020833 0.080000
3 0.660000 0.470000 0.013333 0.015000
3 0.816667 0.478333 0.007500 0.018333
3 0.827500 0.518333 0.008333 0.021667
2 0.484167 0.491667 0.023333 0.041667
3 0.625000 0.525000 0.007500 0.015000
2 0.520833 0.475000 0.019167 0.046667
2 0.651667 0.478333 0.019167 0.046667
3 0.465000 0.585000 0.007500 0.015000
3 0.192500 0.453333 0.010833 0.013333
2 0.545833 0.533333 0.022500 0.023333
2 0.138333 0.596667 0.034167 0.100000
3 0.406667 0.581667 0.017500 0.031667
2 0.200000 0.550000 0.034167 0.100000
2 0.402500 0.548333 0.034167 0.038333
2 0.460833 0.415000 0.045833 0.021667
2 0.742500 0.545000 0.045833 0.021667
3 0.765000 0.498333 0.011667 0.020000
2 0.575833 0.478333 0.027500 0.016667
3 0.630000 0.578333 0.008333 0.021667
3 0.038333 0.570000 0.007500 0.015000
2 0.478333 0.571667 0.017500 0.116667
3 0.480833 0.540000 0.009167 0.023333
2 0.161667 0.450000 0.015833 0.068333
2 0.164167 0.601667 0.026667 0.035000
2 0.190833 0.585000 0.034167 0.038333
2 0.795833 0.576667 0.010833 0.091667
2 0.411667 0.446667 0.097500 0.053333
3 0.637500 0.555000 0.010000 0.016667
3 0.305833 0.506667 0.008333 0.016667
3 0.421667 0.513333 0.011667 0.030000
2 0.730000 0.538333 0.010833 0.091667
3 0.421667 0.525000 0.010833 0.013333
3 0.088333 0.543333 0.014167 0.025000
3 0.624167 0.548333 0.006667 0.018333
2 0.492500 0.573333 0.010833 0.091667
2 0.187500 0.553333 0.010000 0.031667
2 0.734167 0.470000 0.015833 0.068333
3 0.500000 0.516667 0.007500 0.015000
3 0.356667 0.550000 0.010833 0.023333
2 0.594167 0.591667 0.015833 0.068333
2 0.539167 0.525000 0.020000 0.021667
2 0.114167 0.495000 0.027500 0.016667
2 0.145833 0.506667 0.034167 0.038333
3 0.670833 0.555000 0.008333 0.016667
3 0.232500 0.568333 0.009167 0.016667
3 0.175833 0.573333 0.007500 0.016667
2 0.718333 0.500000 0.019167 0.046667
3 0.635000 0.506667 0.009167 0.015000
2 0.098333 0.518333 0.021667 0.090000
3 0.016667 0.540000 0.008333 0.016667
2 0.480833 0.533333 0.048333 0.025000
2 0.775833 0.468333 0.029167 0.038333
2 0.199167 0.690000 0.048333 0.025000
2 0.262500 0.698333 0.058333 0.076667
3 0.336667 0.258333 0.009167 0.016667
3 0.691667 0.615000 0.008333 0.016667
2 0.576667 0.350000 0.020833 0.080000
3 0.338333 0.223333 0.010000 0.020000
2 0.523333 0.276667 0.097500 0.053333
2 0.501667 0.288333 0.019167 0.046667
3 0.744167 0.673333 0.007500 0.018333
2 0.612500 0.671667 0.013333 0.070000
3 0.727500 0.448333 0.007500 0.015000
3 0.725000 0.346667 0.011667 0.020000
3 0.570833 0.693333 0.007500 0.015000
2 0.708333 0.435000 0.017500 0.116667
3 0.455000 0.753333 0.010000 0.020000
3 0.293333 0.778333 0.007500 0.018333
3 0.675833 0.426667 0.008333 0.016667
3 0.775000 0.601667 0.007500 0.015000
2 0.700833 0.283333 0.009167 0.031667
3 0.258333 0.361667 0.009167 0.015000
2 0.695833 0.371667 0.048333 0.025000
2 0.405833 0.735000 0.009167 0.031667
3 0.709167 0.373333 0.007500 0.015000
3 0.715833 0.618333 0.009167 0.016667
2 0.442500 0.646667 0.020833 0.080000
3 0.681667 0.636667 0.007500 0.015000
3 0.628333 0.413333 0.010000 0.016667
2 0.692500 0.716667 0.021667 0.090000
2 0.648333 0.603333 0.011667 0.066667
2 0.213333 0.698333 0.034167 0.038333
2 0.735000 0.663333 0.048333 0.025000
3 0.387500 0.391667 0.007500 0.018333
2 0.327500 0.663333 0.034167 0.038333
3 0.224167 0.305000 0.007500 0.018333
3 0.747500 0.308333 0.007500 0.018333
3 0.631667 0.383333 0.007500 0.016667
3 0.764167 0.711667 0.010000 0.020000
2 0.224167 0.715000 0.011667 0.066667
2 0.528333 0.668333 0.010833 0.091667
2 0.453333 0.201667 0.014167 0.015000
2 0.605833 0.368333 0.048333 0.025000
3 0.488333 0.643333 0.009167 0.016667
2 0.762500 0.321667 0.022500 0.023333
3 0.393333 0.378333 0.008333 0.016667
3 0.745833 0.705000 0.009167 0.018333
2 0.776667 0.401667 0.019167 0.046667
3 0.459167 0.405000 0.011667 0.020000
2 0.425833 0.663333 0.022500 0.023333
3 0.590833 0.338333 0.009167 0.018333
3 0.779167 0.333333 0.007500 0.015000
3 0.425000 0.373333 0.014167 0.025000
2 0.573333 0.645000 0.009167 0.040000
2 0.551667 0.413333 0.020833 0.028333
2 0.415833 0.691667 0.022500 0.023333
3 0.224167 0.338333 0.013333 0.031667
2 0.380000 0.683333 0.009167 0.040000
3 0.678333 0.728333 0.008333 0.016667
3 0.241667 0.223333 0.010000 0.020000
2 0.523333 0.605000 0.019167 0.046667
3 0.360833 0.300000 0.014167 0.025000
2 0.707500 0.410000 0.010833 0.091667
2 0.654167 0.380000 0.020000 0.021667
3 0.530833 0.708333 0.010833 0.023333
3 0.440833 0.773333 0.011667 0.020000
3 0.194167 0.401667 0.007500 0.016667
3 0.239167 0.816667 0.009167 0.016667
2 0.304167 0.305000 0.017500 0.116667
2 0.280000 0.271667 0.020833 0.080000
3 0.648333 0.441667 0.008333 0.016667
3 0.595000 0.750000 0.008333 0.016667
2 0.572500 0.728333 0.029167 0.038333
2 0.407500 0.735000 0.030833 0.051667
3 0.311667 0.383333 0.009167 0.015000
2 0.329167 0.406667 0.048333 0.025000
3 0.795833 0.396667 0.013333 0.031667
3 0.345000 0.721667 0.009167 0.015000
2 0.349167 0.665000 0.023333 0.041667
3 0.695833 0.348333 0.008333 0.021667
3 0.422500 0.361667 0.009167 0.015000
2 0.179167 0.621667 0.020833 0.080000
2 0.475000 0.621667 0.019167 0.046667
3 0.230833 0.676667 0.009167 0.016667
2 0.780833 0.875000 0.015833 0.068333
3 0.325833 0.301667 0.008333 0.016667
2 0.462500 0.325000 0.023333 0.041667
3 0.697500 0.663333 0.009167 0.016667
2 0.255000 0.815000 0.030833 0.051667
3 0.393333 0.705000 0.008333 0.016667
2 0.672500 0.451667 0.009167 0.031667
2 0.670833 0.420000 0.015833 0.068333
2 0.416667 0.388333 0.020833 0.028333
2 0.440833 0.248333 0.048333 0.025000
2 0.648333 0.645000 0.009167 0.031667
2 0.659167 0.620000 0.035000 0.105000
2 0.660000 0.268333 0.027500 0.016667
3 0.338333 0.313333 0.017500 0.031667
3 0.526667 0.411667 0.011667 0.030000
2 0.686667 0.415000 0.011667 0.025000
3 0.330833 0.418333 0.011667 0.020000
2 0.723333 0.775000 0.010000 0.031667
2 0.695833 0.311667 0.020833 0.080000
2 0.729167 0.405000 0.020833 0.028333
2 0.406667 0.756667 0.026667 0.035000
3 0.550833 0.236667 0.009167 0.016667
3 0.766667 0.370000 0.009167 0.016667
2 0.691667 0.586667 0.058333 0.076667
3 0.458333 0.668333 0.015833 0.051667
2 0.418333 0.808333 0.027500 0.016667
3 0.626667 0.390000 0.009167 0.018333
2 0.515000 0.375000 0.035000 0.105000
3 0.281667 0.765000 0.010000 0.016667
3 0.465833 0.843333 0.007500 0.015000
3 0.704167 0.406667 0.007500 0.015000
2 0.812500 0.721667 0.009167 0.031667
2 0.748333 0.636667 0.021667 0.090000
2 0.434167 0.378333 0.011667 0.066667
3 0.280000 0.731667 0.008333 0.016667
2 0.692500 0.640000 0.030833 0.051667
2 0.687500 0.650000 0.030833 0.051667
3 0.689167 0.336667 0.009167 0.016667
3 0.755000 0.660000 0.007500 0.018333
2 0.232500 0.810000 0.009167 0.031667
3 0.386667 0.400000 0.007500 0.015000
3 0.472500 0.643333 0.008333 0.016667
3 0.543333 0.208333 0.009167 0.016667
3 0.738333 0.415000 0.010000 0.016667
2 0.780833 0.395000 0.009167 0.031667
3 0.691667 0.376667 0.007500 0.016667
3 0.314167 0.206667 0.008333 0.016667
2 0.795000 0.376667 0.017500 0.116667
3 0.432500 0.808333 0.008333 0.016667
3 0.670000 0.340000 0.009167 0.016667
2 0.767500 0.676667 0.010000 0.031667
3 0.764167 0.700000 0.017500 0.031667
3 0.709167 0.371667 0.007500 0.015000
2 0.713333 0.583333 0.011667 0.066667
2 0.381667 0.413333 0.010833 0.091667
2 0.684167 0.385000 0.023333 0.041667
2 0.808333 0.421667 0.021667 0.090000
3 0.705000 0.720000 0.008333 0.016667
2 0.175000 0.370000 0.011667 0.066667
3 0.665000 0.673333 0.013333 0.031667
2 0.647500 0.378333 0.010000 0.031667
3 0.675000 0.341667 0.013333 0.031667
2 0.779167 0.700000 0.030833 0.051667
2 0.451667 0.123333 0.026667 0.035000
3 0.375833 0.676667 0.008333 0.016667
2 0.600000 0.433333 0.020833 0.080000
3 0.325833 0.640000 0.014167 0.025000
2 0.797500 0.393333 0.017500 0.116667
3 0.747500 0.605000 0.008333 0.016667
2 0.692500 0.606667 0.014167 0.015000
2 0.760833 0.361667 0.058333 0.076667
3 0.745833 0.711667 0.009167 0.016667
3 0.709167 0.365000 0.010833 0.023333
3 0.454167 0.266667 0.007500 0.015000
3 0.699167 0.298333 0.010000 0.016667
2 0.762500 0.696667 0.030833 0.051667
2 0.305000 0.365000 0.017500 0.116667
3 0.760000 0.415000 0.013333 0.015000
2 0.735000 0.595000 0.048333 0.043333
2 0.656667 0.428333 0.026667 0.035000
2 0.649167 0.616667 0.020833 0.028333
2 0.545000 0.623333 0.035000 0.105000
3 0.640833 0.626667 0.009167 0.023333
3 0.460000 0.661667 0.010833 0.013333
3 0.223333 0.413333 0.011667 0.030000
2 0.257500 0.343333 0.011667 0.066667
2 0.302500 0.696667 0.017500 0.116667
2 0.668333 0.265000 0.023333 0.041667
3 0.795833 0.663333 0.011667 0.030000
2 0.723333 0.286667 0.048333 0.025000
2 0.642500 0.391667 0.048333 0.025000
2 0.330000 0.740000 0.026667 0.035000
2 0.491667 0.353333 0.026667 0.035000
3 0.646667 0.618333 0.007500 0.015000
3 0.747500 0.443333 0.010833 0.013333
2 0.340833 0.746667 0.014167 0.015000
2 0.672500 0.628333 0.020833 0.028333
3 0.310000 0.296667 0.010833 0.013333
3 0.783333 0.685000 0.009167 0.016667
2 0.642500 0.438333 0.010000 0.031667
3 0.475833 0.330000 0.015833 0.051667
3 0.679167 0.423333 0.013333 0.015000
2 0.763333 0.401667 0.010833 0.091667
3 0.444167 0.896667 0.006667 0.018333
2 0.700000 0.406667 0.029167 0.038333
3 0.706667 0.321667 0.009167 0.016667
3 0.670000 0.358333 0.013333 0.031667
2 0.636667 0.720000 0.023333 0.041667
3 0.575000 0.615000 0.009167 0.018333
3 0.738333 0.693333 0.008333 0.016667
2 0.461667 0.635000 0.029167 0.038333
2 0.705000 0.725000 0.020833 0.080000
2 0.471667 0.131667 0.009167 0.031667
2 0.479167 0.270000 0.048333 0.025000
2 0.357500 0.288333 0.010833 0.091667
3 0.623333 0.655000 0.009167 0.016667
