4 0.814167 0.521667 0.048333 0.053333
4 0.748333 0.665000 0.289167 0.203333
4 0.824167 0.541667 0.086667 0.080000
4 0.835833 0.603333 0.053333 0.035000
4 0.800000 0.485000 0.074167 0.048333
4 0.831667 0.608333 0.050000 0.081667
4 0.805833 0.466667 0.063333 0.116667
4 0.884167 0.583333 0.074167 0.098333
4 0.864167 0.556667 0.080833 0.051667
4 0.846667 0.478333 0.129167 0.238333
4 0.027500 0.533333 0.055000 0.066667
4 0.151667 0.623333 0.139167 0.133333
4 0.508333 0.600000 0.107500 0.085000
4 0.508333 0.500000 0.111667 0.123333
4 0.665833 0.455000 0.234167 0.198333
4 0.334167 0.548333 0.152500 0.086667
4 0.736667 0.631667 0.067500 0.161667
4 0.707500 0.461667 0.074167 0.153333
4 0.211667 0.445000 0.155833 0.140000
4 0.558333 0.480000 0.061667 0.098333
2 0.280000 0.513333 0.009167 0.031667
3 0.371667 0.461667 0.008333 0.016667
3 0.715833 0.480000 0.009167 0.015000
2 0.164167 0.538333 0.023333 0.106667
2 0.810000 0.530000 0.015833 0.068333
2 0.655000 0.548333 0.020833 0.080000
3 0.753333 0.488333 0.008333 0.016667
3 0.160833 0.448333 0.009167 0.023333
2 0.488333 0.430000 0.009167 0.031667
2 0.192500 0.473333 0.010833 0.091667
2 0.678333 0.513333 0.097500 0.053333
3 0.310000 0.525000 0.009167 0.018333
2 0.795833 0.521667 0.058333 0.076667
2 0.410833 0.505000 0.010833 0.091667
3 0.164167 0.505000 0.007500 0.015000
2 0.546667 0.533333 0.034167 0.100000
3 0.210000 0.608333 0.007500 0.018333
3 0.354167 0.586667 0.017500 0.031667
2 0.715833 0.536667 0.017500 0.116667
2 0.658333 0.540000 0.034167 0.100000
3 0.174167 0.470000 0.008333 0.016667
2 0.337500 0.446667 0.017500 0.116667
3 0.536667 0.528333 0.015833 0.051667
2 0.555000 0.570000 0.015833 0.068333
3 0.346667 0.515000 0.011667 0.030000
2 0.485000 0.593333 0.010000 0.031667
3 0.156667 0.606667 0.011667 0.030000
2 0.725000 0.553333 0.011667 0.066667
2 0.263333 0.581667 0.010000 0.031667
3 0.818333 0.553333 0.010000 0.016667
2 0.283333 0.551667 0.013333 0.070000
2 0.190000 0.556667 0.013333 0.070000
2 0.676667 0.581667 0.014167 0.015000
3 0.519167 0.483333 0.008333 0.021667
3 0.785000 0.580000 0.009167 0.018333
2 0.025833 0.513333 0.020000 0.021667
2 0.430833 0.550000 0.017500 0.116667
2 0.509167 0.498333 0.029167 0.038333
3 0.032500 0.576667 0.009167 0.016667
2 0.274167 0.535000 0.030833 0.051667
3 0.534167 0.563333 0.011667 0.030000
2 0.750833 0.531667 0.035000 0.105000
2 0.441667 0.560000 0.048333 0.025000
2 0.461667 0.545000 0.097500 0.053333
3 0.471667 0.598333 0.009167 0.023333
3 0.499167 0.513333 0.009167 0.016667
3 0.330833 0.506667 0.010000 0.016667
3 0.803333 0.563333 0.008333 0.021667
3 0.240833 0.598333 0.007500 0.018333
3 0.571667 0.471667 0.009167 0.016667
2 0.283333 0.480000 0.045833 0.021667
2 0.478333 0.385000 0.011667 0.066667
3 0.495833 0.453333 0.009167 0.015000
2 0.048333 0.561667 0.009167 0.040000
3 0.062500 0.516667 0.009167 0.016667
3 0.755833 0.490000 0.010000 0.020000
3 0.524167 0.565000 0.009167 0.016667
2 0.734167 0.470000 0.017500 0.116667
2 0.475000 0.395000 0.009167 0.040000
3 0.595000 0.505000 0.008333 0.016667
3 0.175000 0.525000 0.009167 0.016667
2 0.060000 0.490000 0.048333 0.025000
2 0.801667 0.485000 0.020833 0.028333
3 0.161667 0.530000 0.009167 0.018333
2 0.034167 0.531667 0.026667 0.035000
3 0.474167 0.458333 0.010833 0.013333
2 0.545833 0.568333 0.034167 0.038333
3 0.723333 0.591667 0.007500 0.018333
3 0.491667 0.583333 0.009167 0.016667
3 0.809167 0.560000 0.010000 0.020000
3 0.596667 0.576667 0.006667 0.018333
2 0.345000 0.465000 0.097500 0.053333
2 0.596667 0.646667 0.030833 0.051667
2 0.577500 0.616667 0.010833 0.091667
2 0.290000 0.455000 0.009167 0.031667
2 0.453333 0.518333 0.035000 0.105000
2 0.338333 0.511667 0.029167 0.038333
2 0.108333 0.546667 0.011667 0.066667
2 0.800000 0.518333 0.023333 0.106667
2 0.295000 0.430000 0.015833 0.068333
3 0.376667 0.468333 0.007500 0.018333
3 0.330000 0.521667 0.006667 0.018333
3 0.241667 0.540000 0.007500 0.015000
3 0.296667 0.468333 0.007500 0.015000
3 0.568333 0.500000 0.017500 0.031667
3 0.220000 0.565000 0.008333 0.021667
2 0.232500 0.580000 0.026667 0.035000
2 0.163333 0.550000 0.010833 0.091667
3 0.095833 0.526667 0.007500 0.018333
3 0.102500 0.516667 0.010833 0.023333
2 0.615833 0.496667 0.011667 0.066667
3 0.174167 0.461667 0.006667 0.018333
3 0.330000 0.600000 0.013333 0.015000
2 0.542500 0.508333 0.021667 0.090000
2 0.260000 0.550000 0.020833 0.080000
3 0.107500 0.471667 0.009167 0.023333
3 0.804167 0.470000 0.009167 0.018333
3 0.355000 0.568333 0.015833 0.051667
2 0.673333 0.608333 0.034167 0.100000
2 0.686667 0.485000 0.023333 0.106667
3 0.805833 0.563333 0.010833 0.013333
2 0.315833 0.568333 0.011667 0.025000
2 0.576667 0.288333 0.020833 0.080000
3 0.735833 0.411667 0.007500 0.015000
3 0.792500 0.726667 0.007500 0.015000
2 0.674167 0.366667 0.014167 0.015000
2 0.647500 0.375000 0.045833 0.021667
2 0.514167 0.423333 0.029167 0.038333
2 0.667500 0.720000 0.027500 0.016667
2 0.233333 0.331667 0.017500 0.116667
3 0.315833 0.358333 0.015833 0.051667
3 0.460833 0.716667 0.007500 0.018333
3 0.713333 0.440000 0.008333 0.016667
2 0.723333 0.356667 0.026667 0.035000
2 0.261667 0.353333 0.014167 0.015000
2 0.461667 0.670000 0.009167 0.031667
3 0.698333 0.721667 0.017500 0.031667
2 0.308333 0.708333 0.034167 0.038333
3 0.705833 0.355000 0.009167 0.016667
2 0.641667 0.351667 0.017500 0.116667
3 0.735833 0.643333 0.008333 0.016667
2 0.406667 0.311667 0.035000 0.105000
2 0.472500 0.731667 0.048333 0.043333
3 0.516667 0.406667 0.009167 0.016667
3 0.249167 0.393333 0.013333 0.031667
3 0.690833 0.625000 0.007500 0.016667
3 0.779167 0.321667 0.009167 0.015000
2 0.292500 0.418333 0.034167 0.100000
2 0.478333 0.303333 0.020833 0.028333
3 0.685833 0.710000 0.010000 0.020000
2 0.688333 0.670000 0.023333 0.106667
2 0.556667 0.356667 0.010833 0.091667
3 0.300833 0.396667 0.013333 0.015000
3 0.634167 0.416667 0.017500 0.031667
2 0.719167 0.690000 0.048333 0.025000
2 0.677500 0.638333 0.097500 0.053333
2 0.314167 0.295000 0.097500 0.053333
3 0.269167 0.701667 0.008333 0.016667
3 0.492500 0.780000 0.007500 0.015000
2 0.682500 0.438333 0.013333 0.070000
3 0.645000 0.413333 0.010833 0.023333
3 0.608333 0.326667 0.006667 0.018333
3 0.480833 0.275000 0.009167 0.018333
2 0.578333 0.648333 0.022500 0.023333
3 0.803333 0.636667 0.007500 0.018333
3 0.698333 0.358333 0.008333 0.016667
3 0.480833 0.275000 0.010000 0.016667
2 0.409167 0.843333 0.020000 0.021667
2 0.304167 0.351667 0.019167 0.046667
3 0.680000 0.375000 0.007500 0.015000
3 0.225000 0.383333 0.010833 0.013333
2 0.569167 0.646667 0.034167 0.038333
2 0.339167 0.246667 0.048333 0.043333
2 0.664167 0.650000 0.015833 0.068333
3 0.710000 0.433333 0.007500 0.018333
3 0.528333 0.616667 0.006667 0.018333
3 0.630833 0.378333 0.007500 0.018333
3 0.525000 0.755000 0.007500 0.015000
2 0.781667 0.405000 0.020000 0.021667
2 0.790000 0.726667 0.023333 0.106667
2 0.800000 0.623333 0.020833 0.028333
2 0.318333 0.715000 0.014167 0.015000
3 0.307500 0.700000 0.007500 0.018333
3 0.645000 0.408333 0.010833 0.013333
3 0.338333 0.231667 0.011667 0.030000
3 0.485000 0.256667 0.013333 0.015000
2 0.820000 0.385000 0.020833 0.080000
2 0.504167 0.815000 0.020000 0.021667
2 0.317500 0.376667 0.020833 0.080000
3 0.788333 0.326667 0.010833 0.013333
2 0.383333 0.733333 0.013333 0.070000
3 0.660833 0.395000 0.009167 0.016667
2 0.742500 0.420000 0.048333 0.025000
2 0.325000 0.360000 0.034167 0.100000
2 0.484167 0.283333 0.017500 0.116667
2 0.697500 0.318333 0.027500 0.016667
3 0.758333 0.630000 0.008333 0.016667
2 0.299167 0.660000 0.020000 0.021667
2 0.292500 0.348333 0.048333 0.043333
3 0.382500 0.768333 0.017500 0.031667
2 0.262500 0.733333 0.020833 0.080000
3 0.220833 0.633333 0.014167 0.025000
2 0.465000 0.213333 0.048333 0.025000
2 0.192500 0.656667 0.027500 0.016667
3 0.695833 0.608333 0.007500 0.018333
2 0.467500 0.598333 0.035000 0.105000
2 0.538333 0.656667 0.009167 0.031667
2 0.657500 0.371667 0.048333 0.025000
3 0.688333 0.270000 0.007500 0.018333
3 0.789167 0.685000 0.011667 0.030000
2 0.282500 0.265000 0.027500 0.016667
3 0.531667 0.998333 0.008333 0.001667
3 0.680833 0.395000 0.007500 0.015000
2 0.773333 0.678333 0.034167 0.038333
3 0.785000 0.666667 0.008333 0.021667
3 0.505833 0.301667 0.010833 0.013333
2 0.517500 0.678333 0.020833 0.080000
3 0.450833 0.771667 0.008333 0.016667
3 0.309167 0.703333 0.009167 0.018333
2 0.406667 0.343333 0.034167 0.038333
2 0.368333 0.383333 0.045833 0.021667
2 0.680833 0.640000 0.058333 0.076667
3 0.794167 0.423333 0.007500 0.015000
2 0.417500 0.666667 0.019167 0.046667
3 0.475000 0.325000 0.007500 0.018333
2 0.555000 0.263333 0.030833 0.051667
2 0.804167 0.580000 0.035000 0.105000
2 0.776667 0.361667 0.045833 0.021667
2 0.704167 0.413333 0.027500 0.016667
2 0.647500 0.631667 0.020000 0.021667
2 0.429167 0.731667 0.035000 0.105000
3 0.778333 0.671667 0.013333 0.015000
3 0.292500 0.731667 0.009167 0.023333
3 0.535000 0.411667 0.008333 0.016667
2 0.750000 0.600000 0.029167 0.038333
3 0.329167 0.648333 0.008333 0.016667
3 0.220833 0.655000 0.008333 0.016667
3 0.667500 0.668333 0.009167 0.016667
2 0.585833 0.356667 0.034167 0.100000
2 0.403333 0.751667 0.034167 0.100000
3 0.367500 0.291667 0.009167 0.018333
2 0.305833 0.408333 0.023333 0.106667
2 0.751667 0.378333 0.009167 0.040000
2 0.763333 0.430000 0.010833 0.091667
2 0.635000 0.721667 0.026667 0.035000
2 0.430833 0.711667 0.034167 0.038333
2 0.497500 0.336667 0.026667 0.035000
3 0.744167 0.346667 0.006667 0.018333
2 0.593333 0.721667 0.011667 0.066667
3 0.376667 0.318333 0.007500 0.018333
2 0.308333 0.365000 0.097500 0.053333
3 0.640833 0.350000 0.009167 0.016667
3 0.685833 0.371667 0.009167 0.023333
3 0.702500 0.645000 0.007500 0.015000
3 0.726667 0.666667 0.009167 0.016667
3 0.684167 0.430000 0.015833 0.051667
3 0.346667 0.291667 0.011667 0.030000
3 0.747500 0.308333 0.007500 0.018333
2 0.716667 0.450000 0.020833 0.080000
3 0.325000 0.763333 0.008333 0.016667
2 0.592500 0.678333 0.020833 0.080000
2 0.783333 0.351667 0.023333 0.041667
2 0.379167 0.366667 0.009167 0.031667
2 0.702500 0.651667 0.011667 0.066667
3 0.530000 0.390000 0.008333 0.016667
2 0.821667 0.695000 0.011667 0.025000
3 0.621667 0.643333 0.013333 0.031667
3 0.277500 0.753333 0.015833 0.051667
3 0.485833 0.638333 0.007500 0.015000
2 0.691667 0.695000 0.020833 0.080000
2 0.460833 0.716667 0.020833 0.028333
2 0.765833 0.623333 0.021667 0.090000
3 0.784167 0.681667 0.007500 0.015000
2 0.462500 0.700000 0.010000 0.031667
3 0.777500 0.738333 0.010833 0.023333
3 0.770000 0.345000 0.009167 0.016667
3 0.516667 0.265000 0.013333 0.031667
2 0.752500 0.353333 0.048333 0.043333
2 0.772500 0.303333 0.020833 0.080000
3 0.311667 0.301667 0.008333 0.016667
3 0.342500 0.750000 0.011667 0.020000
2 0.485000 0.270000 0.015833 0.068333
2 0.626667 0.653333 0.048333 0.025000
3 0.444167 0.658333 0.017500 0.031667
3 0.445833 0.145000 0.008333 0.021667
2 0.703333 0.416667 0.011667 0.025000
2 0.392500 0.351667 0.097500 0.053333
2 0.723333 0.685000 0.029167 0.038333
3 0.609167 0.343333 0.015833 0.051667
2 0.775833 0.343333 0.017500 0.116667
3 0.370000 0.405000 0.007500 0.018333
3 0.530833 0.355000 0.013333 0.015000
3 0.313333 0.206667 0.010000 0.020000
2 0.568333 0.671667 0.030833 0.051667
3 0.594167 0.748333 0.009167 0.015000
3 0.803333 0.336667 0.010833 0.023333
2 0.248333 0.720000 0.034167 0.038333
2 0.269167 0.775000 0.034167 0.100000
2 0.697500 0.238333 0.011667 0.066667
2 0.700000 0.250000 0.020833 0.080000
2 0.269167 0.633333 0.011667 0.066667
3 0.680833 0.390000 0.009167 0.023333
3 0.303333 0.323333 0.013333 0.031667
3 0.388333 0.753333 0.009167 0.015000
3 0.625833 0.378333 0.009167 0.016667
3 0.454167 0.810000 0.008333 0.016667
3 0.746667 0.781667 0.008333 0.016667
3 0.645833 0.678333 0.007500 0.015000
2 0.533333 0.453333 0.026667 0.035000
3 0.554167 0.640000 0.007500 0.016667
3 0.625833 0.328333 0.010833 0.023333
3 0.691667 0.670000 0.007500 0.018333
2 0.229167 0.666667 0.045833 0.021667
2 0.460000 0.700000 0.011667 0.025000
2 0.821667 0.416667 0.026667 0.035000
2 0.302500 0.355000 0.048333 0.025000
3 0.800000 0.406667 0.007500 0.016667
3 0.734167 0.371667 0.008333 0.016667
3 0.645000 0.363333 0.007500 0.018333
3 0.480000 0.640000 0.009167 0.016667
