4 0.815833 0.783333 0.193333 0.433333
4 0.820833 0.363333 0.185833 0.166667
4 0.745000 0.581667 0.231667 0.221667
4 0.815833 0.588333 0.120833 0.036667
4 0.830833 0.513333 0.096667 0.083333
4 0.860000 0.530000 0.046667 0.025000
4 0.880833 0.558333 0.065000 0.106667
4 0.743333 0.268333 0.278333 0.335000
4 0.785833 0.570000 0.138333 0.071667
4 0.853333 0.506667 0.044167 0.095000
4 0.252500 0.461667 0.105833 0.131667
4 0.041667 0.466667 0.080833 0.081667
4 0.342500 0.658333 0.151667 0.281667
4 0.685833 0.430000 0.122500 0.186667
4 0.243333 0.581667 0.140833 0.103333
4 0.217500 0.573333 0.087500 0.091667
4 0.125833 0.453333 0.076667 0.103333
4 0.188333 0.613333 0.065000 0.090000
4 0.304167 0.511667 0.127500 0.090000
4 0.080000 0.445000 0.071667 0.120000
3 0.136667 0.496667 0.008333 0.021667
3 0.503333 0.461667 0.006667 0.018333
2 0.579167 0.528333 0.017500 0.116667
2 0.605833 0.451667 0.058333 0.076667
3 0.595833 0.460000 0.013333 0.031667
2 0.745000 0.451667 0.009167 0.040000
3 0.808333 0.608333 0.009167 0.016667
3 0.037500 0.503333 0.010833 0.013333
2 0.752500 0.465000 0.014167 0.015000
2 0.526667 0.565000 0.029167 0.038333
3 0.169167 0.565000 0.007500 0.015000
2 0.335833 0.455000 0.023333 0.041667
2 0.369167 0.485000 0.030833 0.051667
3 0.100000 0.530000 0.009167 0.016667
3 0.180833 0.543333 0.013333 0.031667
2 0.810833 0.600000 0.017500 0.116667
2 0.130833 0.585000 0.023333 0.041667
2 0.735000 0.521667 0.030833 0.051667
2 0.777500 0.543333 0.010000 0.031667
3 0.199167 0.446667 0.008333 0.016667
3 0.664167 0.561667 0.007500 0.016667
2 0.480000 0.615000 0.021667 0.090000
2 0.020000 0.558333 0.020833 0.028333
2 0.347500 0.591667 0.013333 0.070000
2 0.636667 0.520000 0.030833 0.051667
2 0.550833 0.575000 0.026667 0.035000
2 0.474167 0.451667 0.023333 0.106667
3 0.563333 0.473333 0.007500 0.018333
2 0.043333 0.573333 0.010833 0.091667
3 0.158333 0.538333 0.008333 0.016667
3 0.105833 0.551667 0.011667 0.030000
2 0.518333 0.548333 0.020833 0.080000
2 0.735833 0.511667 0.011667 0.066667
3 0.326667 0.493333 0.008333 0.016667
3 0.304167 0.460000 0.010833 0.023333
2 0.786667 0.498333 0.020000 0.021667
2 0.826667 0.618333 0.013333 0.070000
3 0.793333 0.588333 0.015833 0.051667
2 0.202500 0.550000 0.014167 0.015000
3 0.385833 0.516667 0.007500 0.016667
3 0.239167 0.555000 0.009167 0.016667
3 0.167500 0.523333 0.008333 0.021667
2 0.580833 0.555000 0.058333 0.076667
2 0.764167 0.438333 0.035000 0.105000
3 0.502500 0.531667 0.008333 0.016667
2 0.294167 0.466667 0.026667 0.035000
3 0.416667 0.443333 0.009167 0.018333
3 0.672500 0.481667 0.013333 0.015000
2 0.449167 0.513333 0.035000 0.105000
3 0.530833 0.600000 0.017500 0.031667
3 0.284167 0.593333 0.009167 0.016667
3 0.390000 0.563333 0.007500 0.018333
2 0.767500 0.460000 0.009167 0.040000
3 0.722500 0.476667 0.013333 0.015000
2 0.343333 0.493333 0.023333 0.106667
3 0.634167 0.493333 0.008333 0.016667
2 0.363333 0.465000 0.048333 0.025000
3 0.535000 0.568333 0.009167 0.016667
3 0.510833 0.590000 0.008333 0.021667
2 0.510833 0.475000 0.009167 0.031667
2 0.144167 0.598333 0.048333 0.043333
2 0.612500 0.560000 0.015833 0.068333
3 0.379167 0.575000 0.009167 0.016667
3 0.694167 0.555000 0.014167 0.025000
3 0.463333 0.423333 0.007500 0.015000
3 0.105833 0.548333 0.010000 0.016667
3 0.082500 0.475000 0.009167 0.018333
2 0.625833 0.588333 0.020833 0.080000
2 0.570000 0.493333 0.026667 0.035000
2 0.475000 0.525000 0.026667 0.035000
3 0.681667 0.545000 0.010833 0.023333
3 0.511667 0.488333 0.008333 0.016667
3 0.339167 0.571667 0.010833 0.023333
2 0.255833 0.593333 0.010000 0.031667
2 0.043333 0.611667 0.013333 0.070000
2 0.342500 0.508333 0.014167 0.015000
3 0.660833 0.470000 0.015833 0.051667
3 0.551667 0.543333 0.011667 0.030000
3 0.171667 0.560000 0.009167 0.016667
2 0.455000 0.450000 0.014167 0.015000
3 0.320833 0.595000 0.007500 0.015000
2 0.315833 0.513333 0.023333 0.041667
3 0.100000 0.575000 0.010000 0.016667
3 0.142500 0.540000 0.007500 0.015000
3 0.476667 0.461667 0.009167 0.018333
2 0.391667 0.581667 0.019167 0.046667
3 0.116667 0.476667 0.014167 0.025000
3 0.050000 0.576667 0.008333 0.016667
2 0.775000 0.498333 0.021667 0.090000
2 0.392500 0.571667 0.020833 0.080000
2 0.332500 0.500000 0.020833 0.080000
3 0.192500 0.436667 0.010000 0.016667
2 0.810833 0.591667 0.023333 0.041667
3 0.168333 0.565000 0.009167 0.015000
3 0.550833 0.538333 0.009167 0.016667
2 0.661667 0.570000 0.029167 0.038333
2 0.730833 0.548333 0.020833 0.080000
3 0.762500 0.506667 0.014167 0.025000
3 0.495833 0.503333 0.014167 0.025000
3 0.454167 0.561667 0.009167 0.016667
2 0.759167 0.575000 0.022500 0.023333
2 0.162500 0.440000 0.034167 0.038333
2 0.639167 0.613333 0.019167 0.046667
2 0.720833 0.573333 0.035000 0.105000
3 0.330833 0.710000 0.010000 0.020000
2 0.765000 0.310000 0.058333 0.076667
3 0.765000 0.365000 0.008333 0.016667
2 0.697500 0.363333 0.020833 0.080000
3 0.495000 0.345000 0.009167 0.023333
2 0.732500 0.650000 0.020833 0.028333
3 0.696667 0.656667 0.008333 0.016667
2 0.721667 0.673333 0.020833 0.028333
2 0.137500 0.651667 0.020000 0.021667
3 0.775000 0.428333 0.010000 0.016667
3 0.415000 0.680000 0.013333 0.031667
2 0.535000 0.663333 0.030833 0.051667
3 0.515833 0.750000 0.007500 0.018333
2 0.711667 0.418333 0.011667 0.066667
3 0.697500 0.401667 0.017500 0.031667
3 0.314167 0.645000 0.009167 0.016667
3 0.625000 0.388333 0.013333 0.015000
2 0.391667 0.660000 0.097500 0.053333
3 0.275000 0.261667 0.007500 0.015000
2 0.330833 0.416667 0.009167 0.031667
2 0.642500 0.413333 0.027500 0.016667
3 0.516667 0.675000 0.017500 0.031667
2 0.780000 0.365000 0.011667 0.066667
2 0.691667 0.695000 0.020833 0.080000
2 0.729167 0.608333 0.010000 0.031667
3 0.350833 0.431667 0.009167 0.016667
2 0.623333 0.323333 0.009167 0.040000
3 0.751667 0.670000 0.006667 0.018333
3 0.534167 0.350000 0.008333 0.016667
2 0.595833 0.998333 0.027500 0.001667
2 0.765833 0.611667 0.017500 0.116667
2 0.770833 0.376667 0.029167 0.038333
2 0.478333 0.173333 0.015833 0.068333
3 0.697500 0.620000 0.007500 0.015000
3 0.564167 0.671667 0.007500 0.016667
3 0.558333 0.321667 0.007500 0.018333
2 0.273333 0.353333 0.030833 0.051667
2 0.721667 0.748333 0.048333 0.025000
3 0.786667 0.376667 0.009167 0.016667
2 0.311667 0.688333 0.029167 0.038333
3 0.692500 0.371667 0.007500 0.018333
2 0.329167 0.221667 0.035000 0.105000
2 0.678333 0.288333 0.023333 0.041667
2 0.387500 0.678333 0.026667 0.035000
2 0.290000 0.378333 0.048333 0.043333
3 0.304167 0.736667 0.009167 0.016667
2 0.580000 0.741667 0.027500 0.016667
2 0.751667 0.620000 0.023333 0.041667
2 0.225833 0.385000 0.010000 0.031667
3 0.395833 0.381667 0.007500 0.015000
3 0.635833 0.391667 0.014167 0.025000
2 0.251667 0.325000 0.022500 0.023333
3 0.223333 0.425000 0.007500 0.016667
3 0.705000 0.673333 0.010833 0.013333
3 0.782500 0.370000 0.008333 0.016667
3 0.495000 0.715000 0.010000 0.016667
2 0.686667 0.363333 0.097500 0.053333
2 0.433333 0.718333 0.011667 0.025000
2 0.261667 0.336667 0.029167 0.038333
2 0.271667 0.376667 0.015833 0.068333
2 0.394167 0.306667 0.015833 0.068333
2 0.740833 0.703333 0.020000 0.021667
2 0.313333 0.390000 0.020833 0.080000
2 0.310833 0.365000 0.011667 0.066667
2 0.328333 0.325000 0.097500 0.053333
2 0.624167 0.410000 0.017500 0.116667
3 0.305833 0.323333 0.007500 0.018333
2 0.300000 0.681667 0.023333 0.041667
2 0.723333 0.601667 0.020833 0.028333
3 0.293333 0.713333 0.011667 0.020000
2 0.641667 0.678333 0.026667 0.035000
2 0.441667 0.875000 0.011667 0.066667
2 0.681667 0.313333 0.015833 0.068333
3 0.778333 0.406667 0.007500 0.018333
2 0.745000 0.306667 0.027500 0.016667
2 0.482500 0.776667 0.027500 0.016667
2 0.739167 0.646667 0.029167 0.038333
2 0.421667 0.376667 0.011667 0.066667
2 0.307500 0.590000 0.015833 0.068333
3 0.356667 0.760000 0.008333 0.021667
3 0.258333 0.721667 0.014167 0.025000
2 0.336667 0.286667 0.015833 0.068333
2 0.310833 0.290000 0.023333 0.106667
2 0.631667 0.648333 0.010000 0.031667
2 0.806667 0.598333 0.011667 0.066667
2 0.310833 0.440000 0.015833 0.068333
2 0.385833 0.368333 0.048333 0.043333
3 0.516667 0.406667 0.009167 0.016667
3 0.620833 0.381667 0.013333 0.015000
3 0.416667 0.725000 0.008333 0.016667
3 0.745833 0.373333 0.009167 0.015000
3 0.667500 0.383333 0.006667 0.018333
3 0.351667 0.740000 0.008333 0.016667
2 0.348333 0.658333 0.034167 0.038333
3 0.268333 0.753333 0.011667 0.020000
2 0.273333 0.286667 0.010000 0.031667
2 0.330000 0.296667 0.045833 0.021667
2 0.545833 0.688333 0.030833 0.051667
3 0.775833 0.426667 0.007500 0.015000
2 0.523333 0.381667 0.021667 0.090000
3 0.685000 0.333333 0.009167 0.023333
3 0.706667 0.676667 0.007500 0.018333
2 0.674167 0.373333 0.020000 0.021667
2 0.285833 0.311667 0.009167 0.031667
3 0.618333 0.371667 0.009167 0.016667
3 0.779167 0.333333 0.008333 0.016667
3 0.310833 0.396667 0.007500 0.015000
3 0.357500 0.646667 0.009167 0.023333
2 0.455833 0.185000 0.009167 0.040000
3 0.551667 0.726667 0.007500 0.015000
2 0.565000 0.726667 0.023333 0.106667
3 0.790833 0.393333 0.007500 0.015000
2 0.670833 0.420000 0.013333 0.070000
3 0.694167 0.348333 0.009167 0.018333
3 0.798333 0.390000 0.010833 0.013333
2 0.628333 0.650000 0.034167 0.038333
2 0.392500 0.306667 0.019167 0.046667
2 0.304167 0.730000 0.048333 0.025000
3 0.265000 0.756667 0.017500 0.031667
2 0.767500 0.398333 0.058333 0.076667
3 0.456667 0.353333 0.007500 0.018333
3 0.641667 0.348333 0.007500 0.015000
3 0.711667 0.693333 0.007500 0.016667
2 0.593333 0.408333 0.034167 0.100000
2 0.677500 0.600000 0.019167 0.046667
2 0.795000 0.408333 0.020000 0.021667
2 0.696667 0.606667 0.020833 0.080000
3 0.703333 0.406667 0.010000 0.016667
2 0.536667 0.636667 0.034167 0.038333
3 0.504167 0.258333 0.010000 0.016667
2 0.472500 0.798333 0.015833 0.068333
3 0.307500 0.698333 0.007500 0.015000
3 0.721667 0.353333 0.011667 0.030000
3 0.325833 0.658333 0.007500 0.015000
3 0.685000 0.690000 0.008333 0.021667
2 0.639167 0.363333 0.045833 0.021667
3 0.762500 0.368333 0.008333 0.016667
2 0.700000 0.310000 0.010833 0.091667
2 0.659167 0.416667 0.023333 0.106667
3 0.508333 0.275000 0.013333 0.015000
2 0.641667 0.396667 0.048333 0.025000
2 0.753333 0.433333 0.030833 0.051667
2 0.594167 0.723333 0.029167 0.038333
2 0.784167 0.873333 0.009167 0.040000
2 0.688333 0.620000 0.011667 0.066667
3 0.697500 0.358333 0.009167 0.016667
3 0.338333 0.383333 0.010833 0.013333
2 0.654167 0.470000 0.034167 0.100000
2 0.605833 0.648333 0.097500 0.053333
3 0.530833 0.306667 0.015833 0.051667
2 0.310833 0.363333 0.030833 0.051667
2 0.705833 0.613333 0.026667 0.035000
2 0.688333 0.346667 0.011667 0.025000
2 0.195833 0.635000 0.058333 0.076667
2 0.775000 0.378333 0.023333 0.041667
3 0.470833 0.803333 0.015833 0.051667
3 0.582500 0.433333 0.010000 0.020000
2 0.654167 0.401667 0.023333 0.041667
2 0.504167 0.355000 0.034167 0.038333
3 0.809167 0.403333 0.011667 0.030000
3 0.299167 0.406667 0.015833 0.051667
2 0.520000 0.786667 0.013333 0.070000
2 0.367500 0.401667 0.030833 0.051667
2 0.297500 0.396667 0.020000 0.021667
3 0.622500 0.638333 0.007500 0.016667
3 0.483333 0.756667 0.008333 0.016667
3 0.707500 0.375000 0.010833 0.023333
3 0.821667 0.370000 0.008333 0.016667
3 0.538333 0.725000 0.013333 0.031667
2 0.392500 0.686667 0.029167 0.038333
2 0.527500 0.340000 0.020833 0.028333
3 0.386667 0.390000 0.009167 0.018333
2 0.446667 0.818333 0.023333 0.041667
3 0.674167 0.641667 0.017500 0.031667
3 0.282500 0.436667 0.007500 0.018333
2 0.770833 0.626667 0.020833 0.080000
2 0.749167 0.440000 0.021667 0.090000
3 0.269167 0.860000 0.010833 0.013333
2 0.745833 0.651667 0.010833 0.091667
2 0.234167 0.638333 0.048333 0.043333
2 0.323333 0.645000 0.020000 0.021667
2 0.244167 0.673333 0.017500 0.116667
2 0.265000 0.298333 0.026667 0.035000
2 0.732500 0.411667 0.014167 0.015000
3 0.510833 0.740000 0.008333 0.016667
3 0.659167 0.381667 0.010000 0.016667
3 0.665833 0.676667 0.007500 0.015000
2 0.407500 0.675000 0.010000 0.031667
2 0.694167 0.430000 0.034167 0.038333
3 0.235833 0.333333 0.013333 0.015000
3 0.307500 0.780000 0.015833 0.051667
3 0.333333 0.400000 0.009167 0.016667
3 0.492500 0.328333 0.007500 0.015000
3 0.632500 0.650000 0.008333 0.016667
2 0.240000 0.345000 0.019167 0.046667
3 0.802500 0.640000 0.009167 0.023333
