4 0.789167 0.335000 0.161667 0.283333
4 0.805000 0.585000 0.099167 0.105000
4 0.837500 0.721667 0.180000 0.438333
4 0.881667 0.678333 0.092500 0.260000
4 0.809167 0.445000 0.132500 0.080000
4 0.807500 0.413333 0.247500 0.153333
4 0.818333 0.395000 0.135000 0.253333
4 0.875000 0.556667 0.051667 0.030000
4 0.881667 0.433333 0.073333 0.040000
4 0.910833 0.461667 0.034167 0.051667
4 0.339167 0.601667 0.146667 0.190000
4 0.189167 0.595000 0.092500 0.190000
4 0.115000 0.506667 0.090000 0.186667
4 0.125000 0.578333 0.155833 0.203333
4 0.149167 0.505000 0.135000 0.115000
4 0.702500 0.571667 0.055000 0.130000
4 0.394167 0.546667 0.076667 0.121667
4 0.740833 0.520000 0.035833 0.091667
4 0.701667 0.453333 0.126667 0.115000
4 0.181667 0.576667 0.141667 0.105000
3 0.143333 0.445000 0.017500 0.031667
3 0.275000 0.490000 0.008333 0.016667
3 0.562500 0.526667 0.007500 0.018333
3 0.392500 0.526667 0.013333 0.015000
3 0.310833 0.576667 0.007500 0.018333
3 0.400833 0.480000 0.007500 0.015000
3 0.370833 0.531667 0.006667 0.018333
2 0.453333 0.588333 0.015833 0.068333
3 0.247500 0.460000 0.014167 0.025000
3 0.335833 0.475000 0.009167 0.018333
3 0.528333 0.508333 0.010000 0.020000
2 0.439167 0.583333 0.097500 0.053333
2 0.430000 0.501667 0.010833 0.091667
3 0.146667 0.445000 0.013333 0.015000
3 0.600833 0.518333 0.008333 0.021667
2 0.073333 0.501667 0.048333 0.025000
2 0.486667 0.535000 0.010000 0.031667
3 0.553333 0.596667 0.017500 0.031667
3 0.545833 0.515000 0.007500 0.018333
2 0.198333 0.545000 0.020833 0.080000
2 0.017500 0.538333 0.027500 0.016667
3 0.450833 0.598333 0.006667 0.018333
2 0.588333 0.490000 0.045833 0.021667
2 0.136667 0.510000 0.019167 0.046667
2 0.120833 0.613333 0.020833 0.080000
3 0.812500 0.548333 0.008333 0.016667
3 0.619167 0.463333 0.008333 0.016667
2 0.104167 0.553333 0.097500 0.053333
3 0.805833 0.565000 0.009167 0.016667
2 0.730000 0.478333 0.011667 0.025000
3 0.683333 0.518333 0.006667 0.018333
3 0.466667 0.476667 0.008333 0.016667
3 0.606667 0.448333 0.009167 0.016667
2 0.215000 0.550000 0.011667 0.025000
3 0.792500 0.446667 0.010833 0.023333
2 0.098333 0.593333 0.023333 0.041667
2 0.320000 0.488333 0.014167 0.015000
3 0.089167 0.528333 0.008333 0.021667
3 0.559167 0.571667 0.009167 0.016667
2 0.717500 0.538333 0.045833 0.021667
2 0.260000 0.515000 0.048333 0.043333
3 0.530000 0.461667 0.009167 0.023333
3 0.021667 0.560000 0.008333 0.016667
2 0.375833 0.420000 0.035000 0.105000
2 0.387500 0.545000 0.020833 0.028333
2 0.595000 0.451667 0.029167 0.038333
3 0.769167 0.481667 0.009167 0.016667
2 0.793333 0.481667 0.045833 0.021667
3 0.555000 0.581667 0.010833 0.023333
3 0.614167 0.618333 0.008333 0.016667
2 0.217500 0.505000 0.013333 0.070000
3 0.202500 0.470000 0.014167 0.025000
3 0.166667 0.501667 0.007500 0.015000
2 0.426667 0.480000 0.027500 0.016667
2 0.691667 0.521667 0.029167 0.038333
3 0.820833 0.530000 0.007500 0.015000
2 0.327500 0.498333 0.020833 0.080000
3 0.575000 0.516667 0.010000 0.020000
3 0.377500 0.470000 0.009167 0.016667
2 0.461667 0.530000 0.017500 0.116667
2 0.240833 0.478333 0.020833 0.080000
2 0.477500 0.591667 0.048333 0.025000
3 0.315833 0.505000 0.009167 0.015000
3 0.520833 0.541667 0.008333 0.016667
3 0.673333 0.538333 0.017500 0.031667
3 0.518333 0.541667 0.009167 0.015000
3 0.306667 0.448333 0.009167 0.016667
3 0.820000 0.581667 0.007500 0.015000
3 0.717500 0.498333 0.009167 0.018333
2 0.370000 0.451667 0.019167 0.046667
2 0.415000 0.485000 0.058333 0.076667
2 0.244167 0.428333 0.035000 0.105000
2 0.515000 0.538333 0.034167 0.038333
2 0.468333 0.523333 0.020833 0.028333
3 0.694167 0.566667 0.007500 0.015000
3 0.827500 0.551667 0.007500 0.016667
3 0.058333 0.551667 0.009167 0.016667
2 0.499167 0.555000 0.017500 0.116667
3 0.483333 0.390000 0.007500 0.015000
3 0.782500 0.573333 0.009167 0.015000
2 0.375000 0.540000 0.010833 0.091667
3 0.354167 0.516667 0.008333 0.016667
2 0.472500 0.580000 0.011667 0.025000
2 0.174167 0.588333 0.020833 0.080000
3 0.764167 0.580000 0.014167 0.025000
3 0.695000 0.498333 0.009167 0.016667
2 0.532500 0.476667 0.020833 0.080000
3 0.642500 0.570000 0.007500 0.016667
2 0.257500 0.590000 0.014167 0.015000
2 0.717500 0.431667 0.020833 0.080000
2 0.165833 0.488333 0.009167 0.031667
3 0.700833 0.573333 0.015833 0.051667
2 0.660000 0.443333 0.015833 0.068333
3 0.535833 0.568333 0.007500 0.018333
3 0.698333 0.473333 0.008333 0.016667
2 0.609167 0.608333 0.027500 0.016667
2 0.177500 0.496667 0.027500 0.016667
3 0.734167 0.460000 0.009167 0.016667
2 0.230000 0.530000 0.030833 0.051667
2 0.515000 0.535000 0.035000 0.105000
3 0.410000 0.463333 0.009167 0.023333
2 0.165000 0.486667 0.014167 0.015000
2 0.757500 0.590000 0.010000 0.031667
3 0.646667 0.376667 0.010833 0.013333
2 0.412500 0.676667 0.048333 0.025000
3 0.627500 0.391667 0.007500 0.018333
2 0.795833 0.623333 0.029167 0.038333
3 0.735833 0.415000 0.007500 0.018333
2 0.696667 0.601667 0.009167 0.040000
2 0.700000 0.713333 0.030833 0.051667
3 0.565833 0.688333 0.009167 0.018333
2 0.771667 0.601667 0.020000 0.021667
2 0.626667 0.438333 0.030833 0.051667
3 0.750000 0.333333 0.013333 0.015000
2 0.555000 0.678333 0.010000 0.031667
2 0.455000 0.623333 0.009167 0.040000
2 0.217500 0.408333 0.019167 0.046667
2 0.485833 0.320000 0.010833 0.091667
2 0.595833 0.373333 0.029167 0.038333
2 0.657500 0.408333 0.013333 0.070000
3 0.323333 0.745000 0.009167 0.023333
2 0.778333 0.673333 0.009167 0.031667
2 0.564167 0.306667 0.020833 0.080000
2 0.340833 0.330000 0.030833 0.051667
3 0.803333 0.731667 0.009167 0.023333
2 0.791667 0.605000 0.019167 0.046667
2 0.688333 0.620000 0.019167 0.046667
2 0.666667 0.420000 0.020000 0.021667
3 0.674167 0.353333 0.017500 0.031667
2 0.712500 0.383333 0.034167 0.100000
2 0.312500 0.618333 0.035000 0.105000
2 0.646667 0.603333 0.020833 0.080000
3 0.421667 0.351667 0.011667 0.030000
3 0.356667 0.756667 0.008333 0.016667
2 0.526667 0.401667 0.020000 0.021667
3 0.306667 0.810000 0.007500 0.018333
3 0.655833 0.636667 0.008333 0.016667
2 0.681667 0.638333 0.035000 0.105000
3 0.425833 0.730000 0.010000 0.016667
3 0.240833 0.366667 0.017500 0.031667
2 0.656667 0.386667 0.010833 0.091667
2 0.290000 0.706667 0.045833 0.021667
3 0.727500 0.721667 0.007500 0.018333
2 0.542500 0.348333 0.030833 0.051667
2 0.316667 0.750000 0.023333 0.041667
3 0.705000 0.356667 0.010833 0.023333
2 0.635000 0.413333 0.026667 0.035000
3 0.244167 0.703333 0.007500 0.015000
3 0.325833 0.303333 0.008333 0.016667
2 0.645833 0.448333 0.020833 0.080000
2 0.533333 0.258333 0.030833 0.051667
3 0.690833 0.388333 0.007500 0.018333
2 0.756667 0.433333 0.020833 0.080000
2 0.758333 0.686667 0.029167 0.038333
3 0.675833 0.331667 0.013333 0.015000
3 0.368333 0.678333 0.008333 0.016667
2 0.242500 0.220000 0.034167 0.038333
2 0.302500 0.691667 0.020833 0.080000
3 0.280833 0.743333 0.009167 0.015000
2 0.670000 0.631667 0.009167 0.040000
3 0.757500 0.401667 0.008333 0.016667
2 0.491667 0.798333 0.010833 0.091667
2 0.685000 0.368333 0.020833 0.028333
3 0.485833 0.860000 0.009167 0.016667
3 0.758333 0.363333 0.009167 0.018333
2 0.292500 0.390000 0.029167 0.038333
3 0.667500 0.715000 0.007500 0.018333
2 0.160000 0.628333 0.034167 0.038333
2 0.720833 0.593333 0.097500 0.053333
2 0.475833 0.770000 0.013333 0.070000
2 0.777500 0.900000 0.023333 0.041667
2 0.359167 0.640000 0.097500 0.053333
3 0.572500 0.608333 0.014167 0.025000
2 0.686667 0.411667 0.009167 0.031667
2 0.188333 0.375000 0.019167 0.046667
2 0.491667 0.293333 0.035000 0.105000
3 0.474167 0.795000 0.010000 0.016667
3 0.809167 0.615000 0.010833 0.023333
3 0.666667 0.406667 0.007500 0.015000
3 0.785833 0.376667 0.017500 0.031667
3 0.345000 0.638333 0.007500 0.015000
3 0.172500 0.636667 0.009167 0.016667
3 0.753333 0.625000 0.009167 0.016667
2 0.440000 0.771667 0.011667 0.066667
2 0.431667 0.725000 0.009167 0.040000
3 0.303333 0.715000 0.007500 0.016667
2 0.659167 0.415000 0.009167 0.031667
3 0.797500 0.401667 0.006667 0.018333
2 0.691667 0.356667 0.045833 0.021667
3 0.565000 0.663333 0.006667 0.018333
3 0.375833 0.741667 0.013333 0.015000
2 0.769167 0.358333 0.026667 0.035000
3 0.684167 0.331667 0.010833 0.023333
3 0.814167 0.630000 0.008333 0.016667
3 0.710000 0.633333 0.008333 0.016667
3 0.747500 0.415000 0.009167 0.016667
3 0.325000 0.708333 0.009167 0.018333
3 0.300833 0.648333 0.007500 0.016667
2 0.415000 0.361667 0.029167 0.038333
2 0.436667 0.353333 0.023333 0.106667
3 0.600000 0.998333 0.011667 0.001667
2 0.493333 0.200000 0.048333 0.025000
2 0.514167 0.260000 0.017500 0.116667
3 0.746667 0.611667 0.008333 0.016667
2 0.301667 0.751667 0.010833 0.091667
2 0.544167 0.673333 0.023333 0.041667
2 0.667500 0.361667 0.045833 0.021667
3 0.275000 0.266667 0.008333 0.021667
2 0.628333 0.341667 0.048333 0.043333
2 0.354167 0.338333 0.045833 0.021667
3 0.464167 0.310000 0.007500 0.015000
3 0.489167 0.783333 0.008333 0.016667
2 0.734167 0.343333 0.058333 0.076667
3 0.365833 0.293333 0.013333 0.031667
3 0.309167 0.793333 0.013333 0.015000
2 0.800833 0.376667 0.029167 0.038333
2 0.230000 0.881667 0.034167 0.100000
2 0.796667 0.736667 0.022500 0.023333
2 0.533333 0.718333 0.013333 0.070000
2 0.485833 0.771667 0.020833 0.028333
3 0.666667 0.381667 0.008333 0.016667
2 0.692500 0.346667 0.020000 0.021667
2 0.754167 0.640000 0.020833 0.080000
3 0.300833 0.648333 0.007500 0.015000
3 0.553333 0.226667 0.009167 0.016667
3 0.641667 0.346667 0.007500 0.015000
3 0.511667 0.260000 0.007500 0.015000
3 0.233333 0.391667 0.008333 0.021667
3 0.387500 0.643333 0.010833 0.023333
2 0.430000 0.921667 0.034167 0.100000
2 0.643333 0.333333 0.048333 0.043333
3 0.295833 0.698333 0.014167 0.025000
3 0.262500 0.395000 0.008333 0.016667
3 0.710000 0.365000 0.013333 0.031667
2 0.701667 0.381667 0.022500 0.023333
3 0.528333 0.378333 0.007500 0.015000
3 0.389167 0.385000 0.015833 0.051667
2 0.716667 0.650000 0.048333 0.043333
2 0.532500 0.741667 0.023333 0.041667
3 0.763333 0.370000 0.011667 0.030000
2 0.770833 0.366667 0.048333 0.043333
2 0.741667 0.388333 0.029167 0.038333
3 0.709167 0.420000 0.011667 0.030000
3 0.720000 0.428333 0.008333 0.016667
3 0.413333 0.780000 0.010000 0.016667
3 0.588333 0.750000 0.014167 0.025000
2 0.629167 0.388333 0.097500 0.053333
3 0.721667 0.660000 0.009167 0.016667
3 0.798333 0.408333 0.013333 0.015000
3 0.765833 0.640000 0.009167 0.016667
3 0.804167 0.638333 0.006667 0.018333
2 0.296667 0.423333 0.013333 0.070000
3 0.315833 0.715000 0.011667 0.020000
3 0.741667 0.391667 0.015833 0.051667
3 0.524167 0.368333 0.010000 0.020000
2 0.314167 0.455000 0.010000 0.031667
2 0.353333 0.755000 0.019167 0.046667
2 0.427500 0.101667 0.097500 0.053333
3 0.344167 0.748333 0.007500 0.018333
3 0.635833 0.436667 0.009167 0.015000
2 0.300000 0.345000 0.048333 0.043333
3 0.801667 0.398333 0.009167 0.016667
2 0.680000 0.403333 0.058333 0.076667
3 0.390000 0.768333 0.013333 0.015000
3 0.297500 0.376667 0.014167 0.025000
3 0.603333 0.320000 0.011667 0.030000
3 0.801667 0.396667 0.009167 0.016667
2 0.516667 0.251667 0.035000 0.105000
3 0.550000 0.345000 0.017500 0.031667
3 0.620000 0.663333 0.015833 0.051667
2 0.660000 0.676667 0.048333 0.043333
3 0.158333 0.413333 0.009167 0.016667
2 0.594167 0.350000 0.058333 0.076667
2 0.416667 0.378333 0.030833 0.051667
3 0.796667 0.400000 0.007500 0.018333
2 0.307500 0.635000 0.027500 0.016667
2 0.740833 0.608333 0.035000 0.105000
3 0.254167 0.385000 0.006667 0.018333
2 0.145833 0.438333 0.034167 0.100000
2 0.330833 0.691667 0.009167 0.040000
3 0.307500 0.403333 0.008333 0.016667
3 0.487500 0.205000 0.010833 0.023333
3 0.802500 0.373333 0.008333 0.016667
3 0.292500 0.788333 0.009167 0.016667
3 0.670833 0.405000 0.009167 0.015000
2 0.739167 0.415000 0.020833 0.080000
3 0.279167 0.376667 0.006667 0.018333
2 0.376667 0.608333 0.035000 0.105000
3 0.400000 0.661667 0.010000 0.020000
3 0.356667 0.645000 0.011667 0.020000
3 0.645833 0.393333 0.009167 0.016667
3 0.790833 0.658333 0.009167 0.016667
3 0.334167 0.398333 0.007500 0.015000
2 0.269167 0.693333 0.021667 0.090000
3 0.780000 0.600000 0.011667 0.020000
3 0.449167 0.386667 0.006667 0.018333
2 0.825833 0.413333 0.010000 0.031667
3 0.690000 0.386667 0.010000 0.016667
3 0.340000 0.303333 0.009167 0.018333
2 0.261667 0.685000 0.030833 0.051667
