4 0.772500 0.385000 0.284167 0.240000
4 0.905000 0.596667 0.040833 0.038333
4 0.830000 0.555000 0.094167 0.246667
4 0.790000 0.578333 0.275000 0.311667
4 0.770833 0.610000 0.153333 0.280000
4 0.769167 0.500000 0.260000 0.250000
4 0.905000 0.556667 0.053333 0.115000
4 0.865833 0.443333 0.059167 0.030000
4 0.850833 0.661667 0.070000 0.141667
4 0.849167 0.488333 0.058333 0.050000
4 0.099167 0.518333 0.107500 0.043333
4 0.268333 0.473333 0.090000 0.175000
4 0.221667 0.473333 0.175000 0.205000
4 0.159167 0.560000 0.044167 0.018333
4 0.112500 0.440000 0.108333 0.070000
4 0.752500 0.476667 0.160833 0.128333
4 0.145000 0.553333 0.075000 0.051667
4 0.394167 0.610000 0.075000 0.155000
4 0.160000 0.593333 0.073333 0.163333
4 0.525000 0.363333 0.314167 0.326667
2 0.225000 0.478333 0.020833 0.080000
2 0.202500 0.493333 0.023333 0.041667
2 0.656667 0.565000 0.019167 0.046667
2 0.289167 0.495000 0.027500 0.016667
3 0.526667 0.521667 0.015833 0.051667
2 0.089167 0.550000 0.034167 0.038333
3 0.160833 0.585000 0.009167 0.015000
3 0.595000 0.496667 0.007500 0.016667
2 0.135833 0.565000 0.029167 0.038333
3 0.365000 0.478333 0.009167 0.016667
3 0.768333 0.451667 0.007500 0.015000
3 0.347500 0.565000 0.008333 0.016667
2 0.186667 0.508333 0.021667 0.090000
3 0.456667 0.526667 0.008333 0.021667
2 0.103333 0.456667 0.022500 0.023333
2 0.476667 0.516667 0.014167 0.015000
2 0.165833 0.573333 0.023333 0.106667
2 0.308333 0.476667 0.011667 0.025000
2 0.354167 0.455000 0.027500 0.016667
3 0.165833 0.600000 0.007500 0.015000
2 0.397500 0.511667 0.011667 0.025000
3 0.348333 0.590000 0.009167 0.015000
3 0.226667 0.561667 0.009167 0.016667
2 0.475833 0.565000 0.029167 0.038333
2 0.278333 0.468333 0.029167 0.038333
2 0.434167 0.566667 0.020833 0.080000
2 0.421667 0.506667 0.034167 0.038333
3 0.194167 0.471667 0.011667 0.030000
3 0.790000 0.490000 0.007500 0.015000
2 0.598333 0.530000 0.027500 0.016667
3 0.415833 0.496667 0.011667 0.020000
2 0.296667 0.565000 0.014167 0.015000
3 0.553333 0.550000 0.007500 0.016667
3 0.095833 0.543333 0.010000 0.020000
3 0.823333 0.581667 0.015833 0.051667
2 0.361667 0.505000 0.023333 0.106667
3 0.773333 0.543333 0.007500 0.015000
2 0.810000 0.476667 0.045833 0.021667
2 0.190833 0.473333 0.034167 0.038333
3 0.031667 0.550000 0.007500 0.015000
2 0.391667 0.475000 0.019167 0.046667
3 0.805000 0.523333 0.009167 0.023333
3 0.515833 0.471667 0.009167 0.018333
2 0.184167 0.568333 0.097500 0.053333
2 0.352500 0.523333 0.045833 0.021667
3 0.823333 0.355000 0.007500 0.015000
2 0.652500 0.530000 0.014167 0.015000
3 0.616667 0.606667 0.013333 0.031667
2 0.018333 0.446667 0.020833 0.080000
2 0.555000 0.548333 0.048333 0.043333
2 0.101667 0.560000 0.017500 0.116667
3 0.489167 0.450000 0.011667 0.030000
3 0.673333 0.528333 0.010833 0.023333
3 0.273333 0.518333 0.009167 0.016667
3 0.107500 0.515000 0.007500 0.015000
2 0.434167 0.565000 0.097500 0.053333
2 0.378333 0.456667 0.027500 0.016667
3 0.067500 0.535000 0.015833 0.051667
2 0.438333 0.441667 0.035000 0.105000
3 0.192500 0.476667 0.009167 0.016667
3 0.630833 0.480000 0.006667 0.018333
3 0.609167 0.448333 0.007500 0.018333
3 0.650000 0.455000 0.007500 0.015000
3 0.166667 0.580000 0.009167 0.016667
3 0.694167 0.571667 0.010833 0.023333
3 0.138333 0.551667 0.009167 0.015000
3 0.620833 0.598333 0.008333 0.016667
3 0.497500 0.426667 0.009167 0.015000
3 0.476667 0.603333 0.008333 0.021667
3 0.574167 0.583333 0.008333 0.016667
2 0.493333 0.426667 0.011667 0.066667
3 0.588333 0.566667 0.007500 0.015000
3 0.531667 0.535000 0.009167 0.023333
3 0.464167 0.506667 0.007500 0.018333
2 0.198333 0.553333 0.021667 0.090000
2 0.166667 0.505000 0.009167 0.031667
3 0.546667 0.558333 0.010833 0.023333
3 0.070833 0.476667 0.009167 0.016667
2 0.241667 0.548333 0.035000 0.105000
3 0.145833 0.486667 0.009167 0.016667
2 0.572500 0.551667 0.011667 0.025000
3 0.055000 0.501667 0.008333 0.016667
3 0.605000 0.441667 0.009167 0.016667
3 0.181667 0.491667 0.008333 0.016667
3 0.390000 0.486667 0.013333 0.031667
3 0.781667 0.480000 0.006667 0.018333
2 0.534167 0.520000 0.010000 0.031667
2 0.286667 0.580000 0.009167 0.031667
3 0.315833 0.576667 0.011667 0.030000
2 0.484167 0.448333 0.023333 0.106667
3 0.595833 0.610000 0.006667 0.018333
3 0.196667 0.545000 0.013333 0.015000
2 0.213333 0.520000 0.022500 0.023333
2 0.612500 0.590000 0.014167 0.015000
3 0.564167 0.545000 0.006667 0.018333
3 0.731667 0.483333 0.009167 0.016667
3 0.027500 0.466667 0.014167 0.025000
3 0.260000 0.463333 0.017500 0.031667
3 0.320833 0.466667 0.010833 0.023333
3 0.704167 0.463333 0.007500 0.015000
2 0.241667 0.590000 0.011667 0.025000
3 0.751667 0.530000 0.010833 0.023333
2 0.752500 0.683333 0.058333 0.076667
3 0.373333 0.345000 0.007500 0.018333
2 0.663333 0.353333 0.035000 0.105000
2 0.260000 0.855000 0.029167 0.038333
2 0.665000 0.633333 0.019167 0.046667
2 0.544167 0.643333 0.020000 0.021667
2 0.531667 0.613333 0.034167 0.038333
3 0.518333 0.231667 0.007500 0.016667
3 0.696667 0.285000 0.007500 0.018333
3 0.658333 0.386667 0.014167 0.025000
3 0.734167 0.701667 0.009167 0.015000
2 0.642500 0.626667 0.020833 0.028333
2 0.555000 0.440000 0.023333 0.106667
3 0.671667 0.606667 0.009167 0.016667
3 0.720000 0.631667 0.017500 0.031667
3 0.312500 0.353333 0.007500 0.018333
3 0.285833 0.781667 0.008333 0.016667
3 0.486667 0.680000 0.010000 0.016667
2 0.454167 0.700000 0.010833 0.091667
3 0.310000 0.705000 0.008333 0.016667
2 0.467500 0.760000 0.058333 0.076667
2 0.307500 0.235000 0.021667 0.090000
3 0.495833 0.715000 0.007500 0.015000
2 0.295833 0.673333 0.035000 0.105000
2 0.795000 0.380000 0.026667 0.035000
2 0.765833 0.311667 0.015833 0.068333
3 0.698333 0.676667 0.009167 0.016667
2 0.786667 0.633333 0.045833 0.021667
2 0.758333 0.686667 0.029167 0.038333
2 0.774167 0.408333 0.017500 0.116667
2 0.523333 0.658333 0.023333 0.041667
2 0.755833 0.295000 0.009167 0.040000
2 0.640833 0.346667 0.015833 0.068333
3 0.400833 0.693333 0.013333 0.015000
2 0.305833 0.661667 0.048333 0.025000
2 0.298333 0.718333 0.009167 0.040000
2 0.631667 0.380000 0.020833 0.028333
3 0.319167 0.341667 0.007500 0.016667
2 0.675000 0.348333 0.029167 0.038333
2 0.709167 0.615000 0.023333 0.041667
3 0.386667 0.761667 0.009167 0.015000
2 0.755833 0.596667 0.045833 0.021667
3 0.575833 0.613333 0.007500 0.015000
2 0.270833 0.723333 0.015833 0.068333
2 0.704167 0.701667 0.020000 0.021667
3 0.754167 0.708333 0.007500 0.018333
3 0.715833 0.343333 0.017500 0.031667
2 0.525833 0.688333 0.058333 0.076667
3 0.695833 0.608333 0.007500 0.015000
3 0.395833 0.386667 0.008333 0.021667
2 0.540000 0.285000 0.020833 0.080000
2 0.399167 0.710000 0.048333 0.043333
2 0.264167 0.693333 0.097500 0.053333
3 0.536667 0.305000 0.007500 0.018333
3 0.750833 0.668333 0.007500 0.015000
2 0.595000 0.363333 0.027500 0.016667
3 0.709167 0.373333 0.008333 0.016667
3 0.255000 0.371667 0.015833 0.051667
3 0.656667 0.668333 0.008333 0.016667
2 0.750000 0.385000 0.058333 0.076667
3 0.782500 0.375000 0.007500 0.015000
3 0.220833 0.655000 0.007500 0.018333
2 0.763333 0.413333 0.034167 0.038333
3 0.308333 0.691667 0.007500 0.018333
3 0.805833 0.638333 0.007500 0.015000
2 0.731667 0.693333 0.020000 0.021667
3 0.555000 0.356667 0.007500 0.018333
3 0.306667 0.340000 0.009167 0.016667
3 0.474167 0.611667 0.014167 0.025000
2 0.306667 0.671667 0.011667 0.066667
3 0.690833 0.380000 0.009167 0.023333
3 0.435833 0.331667 0.008333 0.016667
3 0.677500 0.723333 0.008333 0.016667
3 0.283333 0.781667 0.013333 0.031667
3 0.566667 0.383333 0.009167 0.016667
3 0.481667 0.303333 0.011667 0.020000
2 0.290000 0.715000 0.045833 0.021667
2 0.621667 0.633333 0.019167 0.046667
2 0.252500 0.795000 0.027500 0.016667
3 0.515000 0.751667 0.009167 0.023333
2 0.240833 0.260000 0.010833 0.091667
3 0.808333 0.905000 0.008333 0.021667
2 0.636667 0.398333 0.048333 0.043333
3 0.756667 0.400000 0.009167 0.015000
3 0.653333 0.366667 0.013333 0.031667
2 0.620833 0.375000 0.029167 0.038333
3 0.711667 0.350000 0.008333 0.021667
2 0.458333 0.730000 0.030833 0.051667
3 0.478333 0.285000 0.008333 0.016667
2 0.750000 0.395000 0.019167 0.046667
2 0.730000 0.280000 0.023333 0.041667
3 0.657500 0.380000 0.013333 0.015000
3 0.678333 0.355000 0.009167 0.016667
3 0.250000 0.396667 0.011667 0.030000
3 0.530833 0.708333 0.010833 0.023333
2 0.697500 0.438333 0.023333 0.041667
2 0.446667 0.763333 0.026667 0.035000
3 0.773333 0.406667 0.011667 0.020000
2 0.255833 0.390000 0.010000 0.031667
3 0.271667 0.380000 0.007500 0.016667
3 0.740000 0.660000 0.006667 0.018333
2 0.354167 0.311667 0.017500 0.116667
2 0.721667 0.341667 0.011667 0.025000
2 0.690000 0.675000 0.017500 0.116667
2 0.710000 0.335000 0.020833 0.028333
3 0.697500 0.670000 0.007500 0.016667
3 0.666667 0.443333 0.010000 0.020000
3 0.495000 0.751667 0.007500 0.016667
3 0.766667 0.598333 0.011667 0.030000
3 0.672500 0.603333 0.007500 0.015000
3 0.343333 0.666667 0.009167 0.018333
3 0.311667 0.300000 0.007500 0.016667
3 0.517500 0.406667 0.008333 0.016667
3 0.640833 0.623333 0.010000 0.020000
2 0.265000 0.410000 0.027500 0.016667
3 0.671667 0.406667 0.007500 0.018333
2 0.517500 0.686667 0.058333 0.076667
3 0.696667 0.268333 0.010000 0.020000
3 0.685000 0.686667 0.007500 0.018333
2 0.658333 0.616667 0.097500 0.053333
2 0.597500 0.356667 0.021667 0.090000
2 0.406667 0.733333 0.048333 0.025000
3 0.667500 0.616667 0.007500 0.015000
3 0.710833 0.368333 0.008333 0.021667
2 0.447500 0.760000 0.097500 0.053333
2 0.611667 0.348333 0.015833 0.068333
2 0.440833 0.866667 0.048333 0.025000
3 0.515000 0.631667 0.013333 0.015000
2 0.303333 0.750000 0.029167 0.038333
3 0.516667 0.598333 0.007500 0.015000
2 0.585833 0.771667 0.021667 0.090000
3 0.405000 0.376667 0.009167 0.023333
2 0.401667 0.681667 0.029167 0.038333
2 0.650833 0.443333 0.014167 0.015000
2 0.705000 0.241667 0.019167 0.046667
3 0.791667 0.721667 0.008333 0.016667
2 0.751667 0.378333 0.009167 0.040000
2 0.410833 0.708333 0.019167 0.046667
3 0.662500 0.418333 0.008333 0.021667
2 0.722500 0.445000 0.017500 0.116667
3 0.463333 0.310000 0.010000 0.020000
3 0.686667 0.368333 0.008333 0.016667
2 0.638333 0.401667 0.020000 0.021667
3 0.332500 0.288333 0.014167 0.025000
3 0.345000 0.693333 0.010000 0.016667
2 0.135833 0.661667 0.023333 0.106667
2 0.734167 0.413333 0.048333 0.043333
2 0.684167 0.405000 0.009167 0.031667
2 0.399167 0.780000 0.019167 0.046667
2 0.608333 0.251667 0.035000 0.105000
3 0.670000 0.361667 0.010000 0.020000
3 0.847500 0.323333 0.009167 0.016667
3 0.278333 0.283333 0.008333 0.016667
3 0.794167 0.626667 0.007500 0.015000
3 0.649167 0.443333 0.010000 0.020000
2 0.445833 0.375000 0.023333 0.106667
3 0.340000 0.371667 0.006667 0.018333
2 0.767500 0.628333 0.009167 0.040000
3 0.299167 0.340000 0.009167 0.016667
3 0.692500 0.660000 0.007500 0.018333
3 0.219167 0.645000 0.017500 0.031667
2 0.715000 0.638333 0.015833 0.068333
2 0.623333 0.331667 0.020833 0.080000
3 0.706667 0.725000 0.008333 0.016667
3 0.482500 0.723333 0.011667 0.030000
3 0.568333 0.733333 0.007500 0.018333
3 0.742500 0.345000 0.009167 0.018333
2 0.570000 0.345000 0.034167 0.100000
2 0.484167 0.208333 0.010000 0.031667
2 0.764167 0.353333 0.017500 0.116667
2 0.779167 0.641667 0.034167 0.038333
2 0.761667 0.365000 0.022500 0.023333
2 0.687500 0.656667 0.020833 0.028333
3 0.345833 0.783333 0.010833 0.013333
3 0.698333 0.633333 0.009167 0.023333
2 0.685000 0.681667 0.020833 0.080000
2 0.767500 0.373333 0.021667 0.090000
2 0.186667 0.400000 0.023333 0.041667
3 0.666667 0.675000 0.009167 0.023333
3 0.270833 0.865000 0.008333 0.016667
3 0.405833 0.706667 0.010833 0.023333
2 0.261667 0.808333 0.009167 0.031667
2 0.559167 0.651667 0.010000 0.031667
3 0.785833 0.416667 0.009167 0.016667
2 0.325000 0.660000 0.026667 0.035000
3 0.704167 0.671667 0.007500 0.015000
3 0.481667 0.378333 0.007500 0.018333
2 0.776667 0.670000 0.034167 0.100000
3 0.675000 0.256667 0.009167 0.018333
2 0.573333 0.178333 0.034167 0.038333
2 0.439167 0.373333 0.023333 0.041667
3 0.669167 0.658333 0.007500 0.015000
2 0.332500 0.861667 0.029167 0.038333
3 0.756667 0.311667 0.007500 0.015000
2 0.670833 0.330000 0.045833 0.021667
2 0.301667 0.603333 0.035000 0.105000
3 0.677500 0.725000 0.008333 0.016667
3 0.670000 0.658333 0.013333 0.015000
