4 0.863333 0.635000 0.069167 0.098333
4 0.868333 0.680000 0.076667 0.063333
4 0.865000 0.480000 0.079167 0.076667
4 0.789167 0.488333 0.113333 0.085000
4 0.835833 0.403333 0.094167 0.056667
4 0.896667 0.473333 0.061667 0.091667
4 0.835833 0.605000 0.040000 0.040000
4 0.831667 0.531667 0.115000 0.111667
4 0.864167 0.610000 0.041667 0.118333
4 0.785833 0.671667 0.125833 0.131667
4 0.555833 0.635000 0.140000 0.196667
4 0.365833 0.486667 0.244167 0.301667
4 0.419167 0.445000 0.141667 0.171667
4 0.589167 0.545000 0.081667 0.075000
4 0.604167 0.586667 0.139167 0.086667
4 0.362500 0.631667 0.242500 0.271667
4 0.263333 0.428333 0.095000 0.181667
4 0.760000 0.508333 0.103333 0.053333
4 0.752500 0.635000 0.160833 0.125000
4 0.044167 0.475000 0.029167 0.041667
2 0.511667 0.541667 0.017500 0.116667
2 0.405833 0.510000 0.021667 0.090000
2 0.208333 0.465000 0.014167 0.015000
3 0.033333 0.526667 0.009167 0.023333
3 0.282500 0.501667 0.015833 0.051667
3 0.559167 0.508333 0.006667 0.018333
2 0.152500 0.486667 0.034167 0.100000
3 0.226667 0.456667 0.010833 0.013333
2 0.345833 0.503333 0.020833 0.080000
2 0.566667 0.570000 0.029167 0.038333
2 0.407500 0.453333 0.010000 0.031667
2 0.483333 0.518333 0.045833 0.021667
3 0.160833 0.591667 0.009167 0.016667
2 0.602500 0.568333 0.097500 0.053333
2 0.319167 0.610000 0.021667 0.090000
3 0.151667 0.586667 0.010000 0.016667
2 0.481667 0.455000 0.097500 0.053333
2 0.475000 0.488333 0.045833 0.021667
2 0.329167 0.576667 0.048333 0.043333
2 0.456667 0.525000 0.019167 0.046667
2 0.526667 0.485000 0.015833 0.068333
3 0.754167 0.533333 0.010833 0.013333
3 0.488333 0.408333 0.011667 0.020000
2 0.114167 0.533333 0.045833 0.021667
3 0.259167 0.593333 0.009167 0.016667
2 0.707500 0.485000 0.022500 0.023333
3 0.753333 0.523333 0.010000 0.016667
2 0.271667 0.505000 0.048333 0.025000
2 0.435833 0.508333 0.020833 0.080000
2 0.098333 0.518333 0.020833 0.028333
2 0.696667 0.476667 0.023333 0.106667
3 0.593333 0.460000 0.015833 0.051667
2 0.705000 0.543333 0.011667 0.066667
3 0.265000 0.536667 0.007500 0.016667
2 0.419167 0.615000 0.021667 0.090000
2 0.163333 0.540000 0.027500 0.016667
3 0.446667 0.485000 0.009167 0.023333
3 0.715833 0.523333 0.009167 0.016667
3 0.161667 0.495000 0.009167 0.016667
3 0.082500 0.566667 0.009167 0.016667
2 0.430833 0.595000 0.015833 0.068333
2 0.461667 0.566667 0.026667 0.035000
2 0.723333 0.461667 0.035000 0.105000
2 0.428333 0.501667 0.034167 0.038333
3 0.350000 0.470000 0.008333 0.016667
2 0.682500 0.516667 0.020000 0.021667
2 0.689167 0.508333 0.009167 0.031667
2 0.535000 0.605000 0.010833 0.091667
3 0.362500 0.468333 0.009167 0.015000
3 0.205833 0.585000 0.007500 0.015000
2 0.412500 0.513333 0.029167 0.038333
3 0.581667 0.545000 0.009167 0.016667
3 0.451667 0.595000 0.013333 0.031667
2 0.737500 0.553333 0.022500 0.023333
2 0.240000 0.626667 0.020833 0.080000
3 0.537500 0.488333 0.009167 0.018333
3 0.560833 0.495000 0.011667 0.030000
3 0.059167 0.570000 0.006667 0.018333
2 0.692500 0.460000 0.020833 0.080000
2 0.356667 0.555000 0.021667 0.090000
3 0.650000 0.578333 0.010833 0.013333
2 0.329167 0.466667 0.010000 0.031667
2 0.445833 0.520000 0.020000 0.021667
2 0.017500 0.453333 0.035833 0.021667
2 0.300000 0.500000 0.029167 0.038333
2 0.035000 0.495000 0.035000 0.105000
2 0.496667 0.521667 0.014167 0.015000
2 0.568333 0.565000 0.011667 0.025000
2 0.575833 0.601667 0.010833 0.091667
2 0.182500 0.443333 0.097500 0.053333
2 0.348333 0.521667 0.021667 0.090000
2 0.285833 0.523333 0.048333 0.043333
3 0.481667 0.431667 0.007500 0.015000
3 0.645000 0.568333 0.007500 0.015000
2 0.219167 0.560000 0.029167 0.038333
2 0.271667 0.600000 0.020833 0.080000
2 0.785000 0.481667 0.023333 0.041667
2 0.408333 0.545000 0.048333 0.043333
2 0.797500 0.470000 0.020833 0.028333
3 0.460000 0.490000 0.011667 0.020000
3 0.825000 0.533333 0.007500 0.015000
2 0.351667 0.461667 0.029167 0.038333
3 0.649167 0.508333 0.009167 0.023333
2 0.520000 0.415000 0.035000 0.105000
3 0.626667 0.466667 0.008333 0.016667
3 0.585000 0.478333 0.007500 0.016667
2 0.224167 0.443333 0.010000 0.031667
2 0.695833 0.583333 0.013333 0.070000
3 0.227500 0.493333 0.010000 0.020000
3 0.170000 0.581667 0.009167 0.015000
2 0.095833 0.498333 0.097500 0.053333
3 0.713333 0.466667 0.009167 0.016667
2 0.208333 0.500000 0.020833 0.080000
2 0.320000 0.530000 0.015833 0.068333
3 0.288333 0.463333 0.009167 0.015000
2 0.745833 0.465000 0.058333 0.076667
2 0.512500 0.478333 0.058333 0.076667
3 0.393333 0.546667 0.008333 0.016667
2 0.135833 0.451667 0.009167 0.040000
2 0.160000 0.563333 0.020000 0.021667
3 0.161667 0.506667 0.008333 0.016667
3 0.146667 0.593333 0.007500 0.018333
3 0.560000 0.655000 0.008333 0.016667
2 0.729167 0.376667 0.010000 0.031667
3 0.815000 0.391667 0.007500 0.015000
2 0.595833 0.653333 0.022500 0.023333
3 0.582500 0.195000 0.015833 0.051667
2 0.589167 0.303333 0.020833 0.080000
2 0.775833 0.336667 0.027500 0.016667
3 0.614167 0.648333 0.009167 0.023333
2 0.442500 0.850000 0.030833 0.051667
3 0.340000 0.228333 0.007500 0.018333
2 0.779167 0.340000 0.027500 0.016667
2 0.645000 0.400000 0.048333 0.025000
3 0.484167 0.446667 0.011667 0.020000
3 0.802500 0.653333 0.009167 0.016667
3 0.830000 0.410000 0.009167 0.023333
2 0.765000 0.365000 0.035000 0.105000
3 0.270000 0.381667 0.010833 0.023333
2 0.741667 0.455000 0.022500 0.023333
2 0.547500 0.828333 0.026667 0.035000
3 0.453333 0.793333 0.014167 0.025000
3 0.712500 0.676667 0.013333 0.031667
2 0.518333 0.403333 0.023333 0.106667
2 0.307500 0.361667 0.030833 0.051667
2 0.195833 0.688333 0.021667 0.090000
2 0.481667 0.856667 0.017500 0.116667
3 0.335833 0.230000 0.008333 0.016667
3 0.735833 0.661667 0.010000 0.016667
3 0.607500 0.323333 0.007500 0.015000
3 0.640833 0.355000 0.006667 0.018333
3 0.677500 0.616667 0.014167 0.025000
2 0.711667 0.348333 0.026667 0.035000
2 0.487500 0.370000 0.034167 0.100000
3 0.310000 0.705000 0.008333 0.016667
3 0.396667 0.383333 0.006667 0.018333
2 0.803333 0.716667 0.027500 0.016667
3 0.287500 0.833333 0.017500 0.031667
3 0.549167 0.388333 0.013333 0.015000
3 0.449167 0.655000 0.008333 0.016667
2 0.271667 0.358333 0.010833 0.091667
3 0.453333 0.731667 0.007500 0.018333
2 0.472500 0.798333 0.015833 0.068333
3 0.781667 0.406667 0.017500 0.031667
2 0.383333 0.780000 0.026667 0.035000
2 0.280000 0.738333 0.011667 0.025000
2 0.615000 0.261667 0.020833 0.080000
3 0.669167 0.401667 0.015833 0.051667
3 0.782500 0.375000 0.008333 0.021667
2 0.475833 0.808333 0.034167 0.100000
2 0.654167 0.698333 0.034167 0.100000
3 0.519167 0.848333 0.009167 0.023333
2 0.450833 0.186667 0.019167 0.046667
3 0.421667 0.213333 0.010833 0.013333
3 0.693333 0.705000 0.014167 0.025000
3 0.752500 0.405000 0.014167 0.025000
3 0.630000 0.361667 0.007500 0.016667
2 0.393333 0.691667 0.027500 0.016667
2 0.639167 0.435000 0.029167 0.038333
3 0.750833 0.340000 0.011667 0.030000
2 0.585000 0.616667 0.020833 0.028333
3 0.795000 0.388333 0.014167 0.025000
3 0.477500 0.305000 0.006667 0.018333
3 0.421667 0.221667 0.011667 0.030000
3 0.370000 0.758333 0.013333 0.015000
3 0.753333 0.648333 0.010000 0.020000
2 0.262500 0.388333 0.014167 0.015000
2 0.450833 0.213333 0.020833 0.028333
3 0.450000 0.281667 0.010000 0.016667
3 0.567500 0.735000 0.009167 0.016667
2 0.705000 0.316667 0.010833 0.091667
3 0.513333 0.826667 0.011667 0.020000
3 0.751667 0.396667 0.010000 0.016667
2 0.254167 0.291667 0.048333 0.025000
3 0.681667 0.405000 0.014167 0.025000
3 0.446667 0.710000 0.008333 0.016667
2 0.379167 0.738333 0.020833 0.080000
3 0.782500 0.380000 0.009167 0.016667
3 0.681667 0.625000 0.014167 0.025000
3 0.488333 0.380000 0.007500 0.018333
3 0.448333 0.353333 0.011667 0.020000
2 0.446667 0.838333 0.023333 0.041667
3 0.781667 0.353333 0.017500 0.031667
2 0.780000 0.385000 0.029167 0.038333
3 0.318333 0.363333 0.011667 0.030000
2 0.603333 0.331667 0.027500 0.016667
3 0.690833 0.658333 0.014167 0.025000
3 0.700000 0.303333 0.008333 0.021667
3 0.427500 0.650000 0.009167 0.016667
2 0.790000 0.403333 0.009167 0.031667
3 0.676667 0.356667 0.013333 0.031667
2 0.711667 0.356667 0.048333 0.043333
3 0.798333 0.735000 0.007500 0.015000
2 0.727500 0.575000 0.097500 0.053333
3 0.787500 0.380000 0.008333 0.021667
2 0.440000 0.258333 0.058333 0.076667
3 0.233333 0.381667 0.013333 0.031667
2 0.565000 0.740000 0.011667 0.025000
2 0.435833 0.756667 0.048333 0.025000
2 0.255833 0.298333 0.030833 0.051667
2 0.301667 0.356667 0.022500 0.023333
3 0.464167 0.253333 0.014167 0.025000
2 0.717500 0.676667 0.010833 0.091667
2 0.285000 0.408333 0.014167 0.015000
2 0.306667 0.401667 0.021667 0.090000
2 0.481667 0.211667 0.023333 0.041667
3 0.541667 0.693333 0.009167 0.015000
3 0.485833 0.375000 0.009167 0.016667
2 0.317500 0.755000 0.021667 0.090000
3 0.257500 0.736667 0.015833 0.051667
3 0.738333 0.603333 0.007500 0.018333
2 0.457500 0.861667 0.014167 0.015000
2 0.450000 0.813333 0.015833 0.068333
3 0.754167 0.603333 0.009167 0.023333
2 0.297500 0.328333 0.030833 0.051667
3 0.273333 0.291667 0.009167 0.023333
3 0.651667 0.415000 0.009167 0.015000
3 0.642500 0.625000 0.006667 0.018333
2 0.709167 0.650000 0.034167 0.038333
2 0.672500 0.348333 0.022500 0.023333
3 0.348333 0.403333 0.010000 0.020000
3 0.483333 0.720000 0.009167 0.016667
2 0.511667 0.823333 0.014167 0.015000
2 0.624167 0.405000 0.027500 0.016667
3 0.323333 0.693333 0.011667 0.030000
2 0.410833 0.400000 0.029167 0.038333
2 0.315833 0.383333 0.020833 0.080000
2 0.720833 0.680000 0.023333 0.041667
2 0.795000 0.651667 0.030833 0.051667
2 0.397500 0.638333 0.035000 0.105000
2 0.795833 0.366667 0.020833 0.080000
3 0.293333 0.728333 0.007500 0.016667
3 0.691667 0.658333 0.010000 0.016667
2 0.727500 0.773333 0.045833 0.021667
3 0.546667 0.643333 0.007500 0.015000
3 0.190000 0.410000 0.015833 0.051667
2 0.720833 0.656667 0.011667 0.066667
2 0.820833 0.370000 0.009167 0.040000
2 0.020000 0.596667 0.027500 0.016667
3 0.696667 0.678333 0.013333 0.031667
2 0.624167 0.615000 0.058333 0.076667
2 0.801667 0.710000 0.019167 0.046667
2 0.730000 0.795000 0.019167 0.046667
3 0.332500 0.855000 0.014167 0.025000
2 0.530000 0.296667 0.020833 0.028333
2 0.574167 0.310000 0.058333 0.076667
3 0.497500 0.366667 0.006667 0.018333
3 0.303333 0.408333 0.007500 0.015000
2 0.383333 0.690000 0.048333 0.043333
2 0.510833 0.378333 0.030833 0.051667
3 0.388333 0.666667 0.014167 0.025000
2 0.425000 0.681667 0.023333 0.041667
3 0.777500 0.351667 0.009167 0.023333
2 0.494167 0.398333 0.014167 0.015000
3 0.589167 0.623333 0.013333 0.015000
2 0.659167 0.416667 0.023333 0.106667
3 0.535000 0.691667 0.010000 0.016667
3 0.485000 0.258333 0.009167 0.018333
3 0.590833 0.153333 0.014167 0.025000
3 0.425000 0.711667 0.008333 0.016667
2 0.806667 0.638333 0.023333 0.041667
2 0.560000 0.213333 0.020833 0.080000
2 0.409167 0.733333 0.023333 0.041667
2 0.535833 0.350000 0.045833 0.021667
3 0.531667 0.618333 0.010833 0.013333
2 0.268333 0.815000 0.045833 0.021667
2 0.765000 0.773333 0.013333 0.070000
3 0.709167 0.418333 0.007500 0.015000
2 0.310833 0.250000 0.020000 0.021667
2 0.695833 0.645000 0.023333 0.106667
3 0.500833 0.345000 0.008333 0.016667
2 0.438333 0.365000 0.019167 0.046667
2 0.650000 0.690000 0.010833 0.091667
3 0.549167 0.425000 0.011667 0.030000
2 0.455000 0.661667 0.010000 0.031667
2 0.492500 0.271667 0.020833 0.080000
3 0.306667 0.701667 0.009167 0.016667
3 0.586667 0.748333 0.008333 0.016667
3 0.795833 0.415000 0.009167 0.018333
2 0.612500 0.325000 0.035000 0.105000
3 0.512500 0.196667 0.010000 0.016667
2 0.650000 0.411667 0.017500 0.116667
3 0.540833 0.411667 0.008333 0.021667
3 0.361667 0.716667 0.007500 0.015000
3 0.600833 0.998333 0.009167 0.001667
2 0.725000 0.635000 0.058333 0.076667
2 0.795000 0.390000 0.017500 0.116667
3 0.708333 0.376667 0.009167 0.023333
2 0.305000 0.816667 0.097500 0.053333
2 0.571667 0.670000 0.010833 0.091667
2 0.265833 0.816667 0.027500 0.016667
3 0.716667 0.343333 0.007500 0.015000
3 0.516667 0.635000 0.009167 0.016667
3 0.540000 0.243333 0.017500 0.031667
2 0.516667 0.691667 0.026667 0.035000
2 0.318333 0.288333 0.013333 0.070000
2 0.293333 0.300000 0.009167 0.031667
2 0.260833 0.751667 0.021667 0.090000
2 0.678333 0.671667 0.035000 0.105000
2 0.741667 0.325000 0.011667 0.066667
