4 0.875833 0.521667 0.101667 0.103333
4 0.724167 0.706667 0.333333 0.263333
4 0.789167 0.531667 0.096667 0.085000
4 0.832500 0.598333 0.045000 0.018333
4 0.819167 0.628333 0.068333 0.020000
4 0.805000 0.393333 0.095833 0.073333
4 0.875833 0.616667 0.108333 0.050000
4 0.852500 0.470000 0.103333 0.185000
4 0.785000 0.463333 0.176667 0.150000
4 0.880000 0.630000 0.057500 0.113333
4 0.606667 0.555000 0.074167 0.078333
4 0.489167 0.565000 0.097500 0.136667
4 0.238333 0.420000 0.212500 0.273333
4 0.593333 0.521667 0.088333 0.088333
4 0.131667 0.533333 0.064167 0.115000
4 0.670000 0.566667 0.068333 0.023333
4 0.524167 0.458333 0.075833 0.111667
4 0.529167 0.633333 0.105833 0.188333
4 0.606667 0.500000 0.025833 0.071667
4 0.488333 0.545000 0.102500 0.041667
3 0.285833 0.598333 0.010833 0.023333
3 0.653333 0.571667 0.007500 0.015000
3 0.208333 0.576667 0.010833 0.013333
2 0.552500 0.595000 0.097500 0.053333
3 0.815833 0.463333 0.008333 0.016667
3 0.432500 0.546667 0.007500 0.018333
3 0.235000 0.485000 0.009167 0.016667
2 0.132500 0.551667 0.019167 0.046667
2 0.348333 0.448333 0.020000 0.021667
3 0.283333 0.548333 0.007500 0.018333
3 0.467500 0.456667 0.009167 0.023333
2 0.224167 0.516667 0.010833 0.091667
2 0.261667 0.581667 0.026667 0.035000
3 0.104167 0.538333 0.008333 0.016667
2 0.645833 0.473333 0.009167 0.031667
2 0.594167 0.583333 0.027500 0.016667
3 0.098333 0.568333 0.006667 0.018333
3 0.671667 0.551667 0.009167 0.018333
2 0.645000 0.550000 0.034167 0.038333
3 0.623333 0.603333 0.008333 0.016667
2 0.116667 0.563333 0.019167 0.046667
2 0.773333 0.608333 0.021667 0.090000
2 0.074167 0.551667 0.048333 0.043333
3 0.193333 0.500000 0.008333 0.016667
3 0.443333 0.581667 0.009167 0.015000
2 0.241667 0.478333 0.010833 0.091667
2 0.195000 0.498333 0.015833 0.068333
3 0.487500 0.550000 0.013333 0.031667
2 0.142500 0.495000 0.048333 0.043333
3 0.132500 0.595000 0.009167 0.018333
2 0.163333 0.583333 0.017500 0.116667
2 0.478333 0.511667 0.011667 0.025000
3 0.220833 0.558333 0.013333 0.031667
3 0.717500 0.521667 0.015833 0.051667
2 0.370833 0.520000 0.022500 0.023333
3 0.260000 0.600000 0.008333 0.016667
2 0.515833 0.511667 0.009167 0.031667
2 0.637500 0.533333 0.010000 0.031667
2 0.588333 0.545000 0.015833 0.068333
2 0.215000 0.476667 0.013333 0.070000
2 0.143333 0.490000 0.034167 0.100000
2 0.550000 0.491667 0.045833 0.021667
3 0.737500 0.468333 0.013333 0.031667
3 0.278333 0.480000 0.007500 0.018333
3 0.302500 0.560000 0.010833 0.023333
3 0.550000 0.581667 0.008333 0.021667
2 0.105833 0.526667 0.030833 0.051667
2 0.471667 0.450000 0.048333 0.043333
2 0.573333 0.450000 0.020833 0.080000
3 0.432500 0.520000 0.011667 0.020000
2 0.682500 0.471667 0.027500 0.016667
2 0.148333 0.453333 0.023333 0.106667
3 0.257500 0.558333 0.008333 0.016667
2 0.286667 0.536667 0.020000 0.021667
3 0.719167 0.508333 0.006667 0.018333
3 0.516667 0.573333 0.010000 0.016667
3 0.622500 0.490000 0.006667 0.018333
2 0.462500 0.496667 0.023333 0.106667
2 0.537500 0.528333 0.013333 0.070000
3 0.558333 0.586667 0.007500 0.016667
3 0.414167 0.528333 0.009167 0.016667
3 0.610833 0.606667 0.006667 0.018333
3 0.546667 0.485000 0.009167 0.016667
2 0.811667 0.638333 0.020000 0.021667
2 0.242500 0.531667 0.020833 0.080000
2 0.143333 0.581667 0.011667 0.066667
3 0.447500 0.548333 0.007500 0.015000
3 0.247500 0.581667 0.009167 0.018333
2 0.425000 0.571667 0.027500 0.016667
2 0.543333 0.471667 0.009167 0.040000
2 0.447500 0.583333 0.029167 0.038333
3 0.478333 0.498333 0.011667 0.030000
2 0.480833 0.548333 0.027500 0.016667
2 0.082500 0.598333 0.034167 0.100000
3 0.355833 0.501667 0.007500 0.015000
2 0.127500 0.578333 0.034167 0.038333
2 0.347500 0.535000 0.029167 0.038333
2 0.141667 0.506667 0.048333 0.025000
3 0.114167 0.540000 0.007500 0.018333
2 0.126667 0.438333 0.035000 0.105000
2 0.434167 0.531667 0.045833 0.021667
3 0.378333 0.548333 0.017500 0.031667
2 0.615833 0.586667 0.013333 0.070000
2 0.536667 0.503333 0.019167 0.046667
2 0.236667 0.586667 0.048333 0.025000
2 0.610000 0.551667 0.011667 0.066667
3 0.075000 0.565000 0.013333 0.031667
2 0.625000 0.488333 0.013333 0.070000
2 0.200000 0.510000 0.034167 0.038333
2 0.523333 0.495000 0.048333 0.043333
3 0.410833 0.580000 0.008333 0.016667
2 0.064167 0.521667 0.009167 0.031667
3 0.434167 0.595000 0.008333 0.016667
2 0.222500 0.571667 0.015833 0.068333
2 0.594167 0.588333 0.017500 0.116667
3 0.768333 0.571667 0.014167 0.025000
3 0.649167 0.510000 0.017500 0.031667
3 0.556667 0.545000 0.010833 0.023333
3 0.711667 0.551667 0.008333 0.016667
2 0.763333 0.440000 0.009167 0.040000
3 0.314167 0.478333 0.007500 0.015000
3 0.705000 0.465000 0.008333 0.016667
3 0.596667 0.716667 0.009167 0.016667
3 0.644167 0.620000 0.013333 0.031667
2 0.797500 0.636667 0.019167 0.046667
3 0.491667 0.320000 0.010833 0.023333
2 0.690833 0.290000 0.026667 0.035000
3 0.712500 0.363333 0.008333 0.016667
3 0.510833 0.198333 0.013333 0.031667
2 0.720000 0.628333 0.022500 0.023333
2 0.682500 0.301667 0.058333 0.076667
3 0.785833 0.411667 0.011667 0.030000
3 0.747500 0.605000 0.007500 0.015000
2 0.654167 0.450000 0.021667 0.090000
2 0.598333 0.306667 0.020833 0.028333
3 0.698333 0.663333 0.008333 0.016667
2 0.198333 0.643333 0.015833 0.068333
3 0.673333 0.440000 0.007500 0.015000
3 0.443333 0.720000 0.010000 0.016667
3 0.619167 0.648333 0.006667 0.018333
3 0.751667 0.628333 0.008333 0.016667
3 0.716667 0.430000 0.010000 0.020000
3 0.550000 0.193333 0.007500 0.016667
2 0.212500 0.660000 0.030833 0.051667
3 0.775000 0.396667 0.008333 0.016667
3 0.727500 0.666667 0.007500 0.016667
3 0.321667 0.648333 0.007500 0.018333
2 0.498333 0.795000 0.026667 0.035000
2 0.515833 0.291667 0.045833 0.021667
2 0.540000 0.288333 0.010833 0.091667
2 0.630000 0.601667 0.058333 0.076667
2 0.762500 0.451667 0.048333 0.025000
2 0.448333 0.705000 0.019167 0.046667
2 0.437500 0.678333 0.023333 0.106667
2 0.232500 0.388333 0.034167 0.100000
2 0.675000 0.673333 0.048333 0.043333
2 0.498333 0.685000 0.023333 0.106667
2 0.682500 0.658333 0.013333 0.070000
3 0.576667 0.733333 0.010833 0.013333
2 0.686667 0.376667 0.030833 0.051667
3 0.558333 0.668333 0.011667 0.020000
3 0.755000 0.310000 0.010833 0.013333
3 0.661667 0.436667 0.008333 0.016667
2 0.537500 0.351667 0.058333 0.076667
2 0.726667 0.675000 0.011667 0.025000
3 0.528333 0.621667 0.010000 0.016667
2 0.673333 0.651667 0.045833 0.021667
2 0.723333 0.603333 0.015833 0.068333
3 0.777500 0.348333 0.010000 0.016667
3 0.336667 0.260000 0.009167 0.023333
3 0.580000 0.425000 0.011667 0.020000
3 0.487500 0.258333 0.007500 0.015000
2 0.681667 0.365000 0.017500 0.116667
3 0.723333 0.615000 0.008333 0.016667
2 0.701667 0.630000 0.034167 0.100000
2 0.299167 0.795000 0.022500 0.023333
2 0.361667 0.593333 0.009167 0.040000
2 0.720833 0.610000 0.015833 0.068333
2 0.495833 0.346667 0.009167 0.040000
3 0.341667 0.836667 0.009167 0.015000
3 0.650000 0.420000 0.017500 0.031667
2 0.803333 0.621667 0.023333 0.106667
3 0.217500 0.671667 0.010000 0.016667
2 0.339167 0.665000 0.011667 0.025000
3 0.648333 0.440000 0.007500 0.015000
2 0.224167 0.738333 0.048333 0.043333
3 0.698333 0.668333 0.013333 0.031667
3 0.445833 0.665000 0.013333 0.031667
3 0.618333 0.326667 0.008333 0.016667
3 0.656667 0.678333 0.008333 0.016667
2 0.440833 0.693333 0.019167 0.046667
3 0.801667 0.645000 0.011667 0.020000
3 0.758333 0.375000 0.015833 0.051667
2 0.414167 0.855000 0.009167 0.031667
2 0.700833 0.735000 0.020833 0.080000
3 0.586667 0.375000 0.008333 0.021667
3 0.430000 0.753333 0.007500 0.015000
3 0.778333 0.406667 0.008333 0.016667
2 0.268333 0.405000 0.048333 0.043333
2 0.714167 0.445000 0.026667 0.035000
2 0.746667 0.613333 0.010000 0.031667
3 0.285833 0.251667 0.008333 0.016667
3 0.677500 0.373333 0.008333 0.021667
3 0.783333 0.380000 0.007500 0.015000
3 0.430000 0.751667 0.008333 0.016667
2 0.421667 0.210000 0.011667 0.025000
2 0.784167 0.641667 0.020000 0.021667
2 0.812500 0.433333 0.027500 0.016667
3 0.495833 0.715000 0.007500 0.016667
3 0.656667 0.361667 0.011667 0.030000
2 0.250833 0.766667 0.015833 0.068333
3 0.763333 0.401667 0.008333 0.016667
2 0.152500 0.403333 0.020833 0.028333
2 0.599167 0.998333 0.013333 0.001667
2 0.690000 0.700000 0.097500 0.053333
3 0.755000 0.646667 0.008333 0.016667
3 0.516667 0.363333 0.009167 0.018333
2 0.349167 0.413333 0.022500 0.023333
2 0.345833 0.763333 0.034167 0.038333
3 0.769167 0.373333 0.007500 0.018333
3 0.680000 0.591667 0.008333 0.016667
2 0.758333 0.675000 0.027500 0.016667
2 0.350833 0.298333 0.034167 0.038333
3 0.290000 0.273333 0.010000 0.020000
2 0.697500 0.673333 0.009167 0.031667
2 0.782500 0.386667 0.020833 0.080000
3 0.657500 0.336667 0.007500 0.018333
3 0.532500 0.288333 0.011667 0.030000
2 0.626667 0.418333 0.019167 0.046667
3 0.791667 0.681667 0.006667 0.018333
3 0.278333 0.375000 0.008333 0.016667
3 0.718333 0.640000 0.009167 0.018333
3 0.720000 0.426667 0.007500 0.015000
2 0.305000 0.403333 0.034167 0.038333
3 0.435833 0.378333 0.007500 0.015000
3 0.655833 0.663333 0.011667 0.030000
2 0.678333 0.403333 0.034167 0.100000
3 0.791667 0.421667 0.013333 0.015000
2 0.718333 0.655000 0.048333 0.025000
3 0.665000 0.660000 0.008333 0.016667
2 0.409167 0.671667 0.011667 0.025000
3 0.331667 0.648333 0.013333 0.015000
2 0.260833 0.248333 0.020833 0.080000
2 0.490833 0.340000 0.027500 0.016667
2 0.241667 0.281667 0.097500 0.053333
2 0.405000 0.698333 0.023333 0.041667
2 0.665833 0.596667 0.011667 0.066667
3 0.673333 0.395000 0.007500 0.018333
2 0.485833 0.716667 0.010833 0.091667
2 0.268333 0.278333 0.027500 0.016667
3 0.752500 0.715000 0.009167 0.018333
2 0.774167 0.585000 0.009167 0.040000
3 0.697500 0.348333 0.009167 0.018333
3 0.420000 0.350000 0.007500 0.015000
3 0.522500 0.760000 0.007500 0.016667
3 0.455000 0.290000 0.009167 0.016667
2 0.212500 0.370000 0.058333 0.076667
3 0.707500 0.643333 0.006667 0.018333
3 0.455833 0.753333 0.008333 0.016667
3 0.412500 0.683333 0.017500 0.031667
3 0.358333 0.695000 0.011667 0.020000
3 0.490833 0.763333 0.013333 0.031667
3 0.465000 0.331667 0.010833 0.023333
2 0.493333 0.351667 0.023333 0.041667
3 0.369167 0.720000 0.008333 0.016667
2 0.448333 0.756667 0.020833 0.080000
3 0.707500 0.601667 0.010000 0.020000
3 0.623333 0.341667 0.010000 0.016667
2 0.502500 0.351667 0.023333 0.106667
3 0.735833 0.811667 0.007500 0.015000
3 0.652500 0.643333 0.013333 0.031667
3 0.699167 0.308333 0.008333 0.016667
2 0.668333 0.655000 0.097500 0.053333
2 0.425833 0.771667 0.021667 0.090000
3 0.713333 0.675000 0.007500 0.018333
2 0.310833 0.741667 0.021667 0.090000
2 0.431667 0.655000 0.009167 0.040000
3 0.725833 0.636667 0.010833 0.013333
3 0.432500 0.743333 0.007500 0.015000
2 0.703333 0.625000 0.020833 0.028333
2 0.294167 0.700000 0.034167 0.100000
3 0.507500 0.823333 0.009167 0.016667
2 0.481667 0.318333 0.020000 0.021667
3 0.495000 0.778333 0.017500 0.031667
3 0.619167 0.645000 0.010000 0.016667
2 0.696667 0.680000 0.022500 0.023333
2 0.290000 0.368333 0.035000 0.105000
3 0.600833 0.998333 0.017500 0.001667
2 0.630833 0.620000 0.097500 0.053333
3 0.412500 0.398333 0.009167 0.016667
2 0.687500 0.293333 0.026667 0.035000
2 0.491667 0.761667 0.009167 0.040000
2 0.350833 0.403333 0.020000 0.021667
3 0.660833 0.390000 0.011667 0.020000
3 0.467500 0.708333 0.013333 0.015000
2 0.488333 0.315000 0.017500 0.116667
2 0.422500 0.673333 0.034167 0.100000
3 0.691667 0.640000 0.007500 0.018333
3 0.711667 0.688333 0.007500 0.018333
2 0.648333 0.653333 0.020833 0.080000
2 0.761667 0.330000 0.011667 0.025000
2 0.360000 0.586667 0.020833 0.080000
3 0.435000 0.398333 0.009167 0.016667
3 0.426667 0.731667 0.008333 0.016667
3 0.731667 0.695000 0.013333 0.031667
2 0.523333 0.658333 0.023333 0.106667
2 0.298333 0.633333 0.034167 0.100000
3 0.662500 0.718333 0.017500 0.031667
2 0.673333 0.613333 0.027500 0.016667
3 0.583333 0.615000 0.011667 0.020000
3 0.379167 0.381667 0.007500 0.015000
2 0.199167 0.665000 0.045833 0.021667
2 0.731667 0.410000 0.027500 0.016667
2 0.281667 0.758333 0.009167 0.031667
2 0.410000 0.665000 0.015833 0.068333
2 0.720833 0.596667 0.019167 0.046667
3 0.185000 0.651667 0.010000 0.016667
2 0.312500 0.410000 0.009167 0.031667
2 0.570000 0.763333 0.034167 0.100000
3 0.760833 0.598333 0.007500 0.015000
