4 0.835833 0.386667 0.026667 0.051667
4 0.820000 0.601667 0.118333 0.051667
4 0.907500 0.495000 0.051667 0.018333
4 0.822500 0.476667 0.062500 0.125000
4 0.841667 0.518333 0.057500 0.043333
4 0.889167 0.650000 0.083333 0.160000
4 0.840833 0.601667 0.107500 0.148333
4 0.811667 0.481667 0.178333 0.196667
4 0.858333 0.556667 0.093333 0.228333
4 0.810833 0.470000 0.195833 0.051667
4 0.643333 0.441667 0.076667 0.146667
4 0.363333 0.555000 0.055833 0.145000
4 0.193333 0.556667 0.085000 0.155000
4 0.334167 0.626667 0.080000 0.150000
4 0.277500 0.421667 0.168333 0.203333
4 0.529167 0.543333 0.057500 0.113333
4 0.578333 0.545000 0.061667 0.033333
4 0.143333 0.576667 0.080833 0.050000
4 0.074167 0.610000 0.149167 0.135000
4 0.527500 0.471667 0.057500 0.081667
2 0.731667 0.495000 0.010833 0.091667
3 0.298333 0.571667 0.008333 0.016667
3 0.803333 0.443333 0.007500 0.018333
2 0.515833 0.438333 0.058333 0.076667
2 0.129167 0.583333 0.023333 0.041667
2 0.250000 0.463333 0.029167 0.038333
3 0.407500 0.493333 0.008333 0.021667
2 0.577500 0.573333 0.021667 0.090000
3 0.397500 0.506667 0.007500 0.018333
3 0.426667 0.556667 0.017500 0.031667
3 0.080833 0.570000 0.008333 0.016667
2 0.690000 0.473333 0.045833 0.021667
2 0.747500 0.508333 0.009167 0.031667
2 0.133333 0.555000 0.048333 0.043333
2 0.085000 0.571667 0.010833 0.091667
3 0.650833 0.581667 0.007500 0.016667
3 0.207500 0.451667 0.009167 0.016667
2 0.265000 0.438333 0.045833 0.021667
3 0.521667 0.468333 0.010833 0.023333
3 0.292500 0.515000 0.007500 0.015000
2 0.146667 0.600000 0.020000 0.021667
3 0.225000 0.576667 0.013333 0.015000
3 0.035833 0.565000 0.015833 0.051667
3 0.612500 0.611667 0.013333 0.031667
3 0.174167 0.475000 0.010833 0.013333
3 0.745000 0.535000 0.008333 0.021667
3 0.080000 0.558333 0.009167 0.015000
2 0.073333 0.613333 0.021667 0.090000
2 0.628333 0.510000 0.023333 0.041667
3 0.504167 0.530000 0.011667 0.030000
2 0.321667 0.573333 0.097500 0.053333
2 0.081667 0.520000 0.023333 0.041667
3 0.243333 0.481667 0.010833 0.023333
3 0.122500 0.480000 0.009167 0.016667
2 0.310000 0.560000 0.045833 0.021667
2 0.549167 0.601667 0.021667 0.090000
3 0.295833 0.520000 0.009167 0.016667
2 0.817500 0.518333 0.020833 0.028333
3 0.432500 0.571667 0.008333 0.016667
2 0.353333 0.465000 0.017500 0.116667
3 0.500833 0.598333 0.009167 0.018333
2 0.184167 0.625000 0.013333 0.070000
2 0.443333 0.530000 0.097500 0.053333
3 0.665000 0.486667 0.009167 0.018333
2 0.155833 0.460000 0.015833 0.068333
3 0.806667 0.556667 0.009167 0.018333
3 0.432500 0.588333 0.013333 0.031667
3 0.478333 0.606667 0.008333 0.021667
2 0.783333 0.515000 0.013333 0.070000
2 0.345833 0.470000 0.009167 0.040000
3 0.595000 0.553333 0.015833 0.051667
2 0.243333 0.563333 0.009167 0.031667
2 0.050833 0.490000 0.019167 0.046667
2 0.600833 0.528333 0.023333 0.106667
3 0.278333 0.581667 0.009167 0.015000
3 0.535000 0.570000 0.017500 0.031667
2 0.232500 0.545000 0.026667 0.035000
2 0.565000 0.585000 0.097500 0.053333
2 0.676667 0.488333 0.020833 0.080000
3 0.607500 0.586667 0.007500 0.015000
2 0.105000 0.503333 0.027500 0.016667
2 0.453333 0.526667 0.017500 0.116667
2 0.458333 0.498333 0.034167 0.038333
2 0.693333 0.593333 0.017500 0.116667
2 0.531667 0.575000 0.023333 0.106667
3 0.585000 0.515000 0.007500 0.016667
3 0.470833 0.558333 0.009167 0.016667
3 0.305000 0.580000 0.008333 0.021667
2 0.325000 0.481667 0.020833 0.080000
3 0.474167 0.576667 0.014167 0.025000
3 0.249167 0.525000 0.007500 0.018333
2 0.770000 0.541667 0.022500 0.023333
3 0.385000 0.543333 0.013333 0.015000
3 0.050833 0.526667 0.007500 0.015000
2 0.183333 0.575000 0.027500 0.016667
3 0.049167 0.466667 0.008333 0.016667
3 0.536667 0.478333 0.007500 0.018333
3 0.260000 0.475000 0.006667 0.018333
3 0.719167 0.495000 0.008333 0.016667
3 0.369167 0.473333 0.013333 0.031667
3 0.784167 0.525000 0.008333 0.016667
3 0.245833 0.445000 0.010000 0.016667
2 0.661667 0.468333 0.034167 0.038333
2 0.318333 0.565000 0.045833 0.021667
2 0.533333 0.591667 0.010833 0.091667
2 0.802500 0.600000 0.034167 0.100000
2 0.216667 0.470000 0.097500 0.053333
2 0.544167 0.468333 0.029167 0.038333
2 0.177500 0.546667 0.034167 0.038333
2 0.470000 0.443333 0.009167 0.040000
3 0.353333 0.603333 0.006667 0.018333
2 0.196667 0.470000 0.029167 0.038333
2 0.238333 0.433333 0.020833 0.080000
3 0.627500 0.551667 0.009167 0.023333
3 0.373333 0.571667 0.009167 0.023333
2 0.177500 0.580000 0.029167 0.038333
2 0.361667 0.495000 0.097500 0.053333
3 0.600833 0.481667 0.017500 0.031667
2 0.813333 0.335000 0.027500 0.016667
2 0.195000 0.610000 0.026667 0.035000
3 0.120000 0.546667 0.007500 0.015000
2 0.705000 0.446667 0.010000 0.031667
3 0.476667 0.280000 0.017500 0.031667
3 0.490000 0.331667 0.013333 0.031667
3 0.615000 0.378333 0.015833 0.051667
2 0.265833 0.253333 0.048333 0.025000
2 0.661667 0.398333 0.009167 0.031667
3 0.495000 0.263333 0.009167 0.016667
2 0.752500 0.686667 0.013333 0.070000
2 0.730000 0.690000 0.021667 0.090000
2 0.561667 0.710000 0.029167 0.038333
2 0.735833 0.401667 0.034167 0.038333
2 0.282500 0.285000 0.015833 0.068333
2 0.645000 0.666667 0.020000 0.021667
2 0.678333 0.431667 0.009167 0.031667
3 0.549167 0.655000 0.010000 0.016667
2 0.704167 0.616667 0.019167 0.046667
3 0.455000 0.801667 0.010833 0.023333
3 0.507500 0.370000 0.015833 0.051667
2 0.657500 0.610000 0.035000 0.105000
3 0.275000 0.740000 0.007500 0.015000
3 0.366667 0.296667 0.011667 0.030000
2 0.702500 0.595000 0.097500 0.053333
2 0.448333 0.288333 0.026667 0.035000
3 0.338333 0.645000 0.008333 0.016667
2 0.653333 0.693333 0.034167 0.038333
2 0.680000 0.425000 0.009167 0.040000
2 0.675833 0.431667 0.014167 0.015000
2 0.549167 0.325000 0.017500 0.116667
2 0.516667 0.381667 0.034167 0.038333
3 0.685000 0.280000 0.009167 0.016667
3 0.733333 0.618333 0.007500 0.016667
2 0.786667 0.326667 0.015833 0.068333
2 0.447500 0.716667 0.097500 0.053333
2 0.529167 0.716667 0.034167 0.100000
2 0.220000 0.765000 0.048333 0.025000
3 0.677500 0.338333 0.013333 0.015000
2 0.661667 0.650000 0.026667 0.035000
2 0.687500 0.403333 0.009167 0.040000
3 0.757500 0.333333 0.008333 0.016667
3 0.693333 0.345000 0.010833 0.013333
3 0.547500 0.418333 0.008333 0.016667
3 0.661667 0.436667 0.007500 0.015000
2 0.477500 0.746667 0.021667 0.090000
2 0.705000 0.656667 0.020833 0.080000
2 0.710833 0.658333 0.015833 0.068333
2 0.764167 0.700000 0.011667 0.066667
3 0.746667 0.710000 0.008333 0.021667
3 0.338333 0.706667 0.010833 0.013333
2 0.745833 0.585000 0.011667 0.066667
2 0.742500 0.388333 0.048333 0.025000
2 0.314167 0.316667 0.035000 0.105000
3 0.380000 0.356667 0.007500 0.015000
2 0.640000 0.343333 0.023333 0.106667
2 0.682500 0.655000 0.009167 0.040000
3 0.420000 0.840000 0.007500 0.018333
2 0.678333 0.450000 0.021667 0.090000
2 0.383333 0.360000 0.097500 0.053333
3 0.231667 0.400000 0.006667 0.018333
2 0.648333 0.651667 0.014167 0.015000
2 0.800000 0.581667 0.035000 0.105000
2 0.741667 0.603333 0.017500 0.116667
2 0.779167 0.368333 0.014167 0.015000
2 0.597500 0.321667 0.027500 0.016667
3 0.273333 0.778333 0.015833 0.051667
2 0.310000 0.253333 0.029167 0.038333
3 0.477500 0.385000 0.015833 0.051667
2 0.293333 0.310000 0.013333 0.070000
2 0.719167 0.396667 0.017500 0.116667
2 0.559167 0.730000 0.045833 0.021667
2 0.685833 0.403333 0.020833 0.028333
3 0.315833 0.685000 0.010000 0.020000
3 0.423333 0.346667 0.007500 0.018333
3 0.451667 0.673333 0.008333 0.016667
3 0.422500 0.346667 0.009167 0.018333
2 0.446667 0.333333 0.048333 0.025000
2 0.648333 0.480000 0.010833 0.091667
3 0.663333 0.398333 0.011667 0.020000
3 0.488333 0.640000 0.009167 0.015000
3 0.688333 0.328333 0.007500 0.016667
2 0.312500 0.650000 0.034167 0.038333
2 0.669167 0.676667 0.010833 0.091667
3 0.444167 0.345000 0.008333 0.016667
2 0.447500 0.236667 0.034167 0.038333
3 0.345000 0.651667 0.009167 0.018333
3 0.444167 0.325000 0.008333 0.021667
3 0.666667 0.410000 0.007500 0.018333
2 0.150000 0.700000 0.013333 0.070000
3 0.645833 0.401667 0.009167 0.016667
3 0.432500 0.806667 0.007500 0.018333
2 0.692500 0.278333 0.020833 0.080000
3 0.736667 0.661667 0.007500 0.015000
3 0.224167 0.408333 0.009167 0.018333
3 0.700000 0.656667 0.010000 0.020000
2 0.607500 0.668333 0.034167 0.038333
2 0.795000 0.626667 0.023333 0.106667
3 0.570833 0.668333 0.011667 0.030000
3 0.496667 0.366667 0.008333 0.016667
3 0.421667 0.410000 0.008333 0.016667
3 0.747500 0.661667 0.014167 0.025000
3 0.719167 0.368333 0.008333 0.016667
3 0.555833 0.998333 0.007500 0.001667
3 0.585000 0.438333 0.009167 0.016667
2 0.600000 0.998333 0.011667 0.001667
3 0.657500 0.350000 0.009167 0.018333
2 0.703333 0.305000 0.015833 0.068333
2 0.545000 0.628333 0.014167 0.015000
3 0.274167 0.413333 0.009167 0.016667
3 0.416667 0.680000 0.009167 0.016667
3 0.606667 0.325000 0.009167 0.018333
2 0.780000 0.683333 0.010833 0.091667
3 0.282500 0.750000 0.008333 0.016667
3 0.751667 0.626667 0.007500 0.016667
2 0.686667 0.365000 0.010833 0.091667
3 0.285000 0.781667 0.009167 0.016667
3 0.495833 0.715000 0.007500 0.018333
3 0.680000 0.638333 0.010833 0.023333
2 0.769167 0.475000 0.034167 0.100000
2 0.391667 0.315000 0.020833 0.028333
3 0.762500 0.386667 0.007500 0.018333
3 0.703333 0.633333 0.009167 0.016667
2 0.351667 0.715000 0.027500 0.016667
3 0.550000 0.653333 0.007500 0.015000
3 0.665833 0.341667 0.011667 0.020000
3 0.805833 0.631667 0.010000 0.020000
2 0.468333 0.736667 0.035000 0.105000
2 0.812500 0.433333 0.027500 0.016667
3 0.750833 0.610000 0.007500 0.018333
3 0.696667 0.711667 0.008333 0.016667
2 0.705000 0.671667 0.027500 0.016667
3 0.394167 0.378333 0.006667 0.018333
2 0.817500 0.433333 0.034167 0.100000
2 0.750833 0.646667 0.014167 0.015000
3 0.496667 0.300000 0.013333 0.015000
3 0.298333 0.381667 0.013333 0.015000
3 0.769167 0.330000 0.009167 0.016667
3 0.306667 0.323333 0.006667 0.018333
3 0.325000 0.710000 0.009167 0.016667
2 0.637500 0.371667 0.022500 0.023333
3 0.635833 0.628333 0.011667 0.020000
3 0.297500 0.366667 0.010000 0.016667
2 0.654167 0.388333 0.029167 0.038333
2 0.530000 0.756667 0.010833 0.091667
2 0.422500 0.378333 0.009167 0.040000
2 0.510000 0.341667 0.011667 0.066667
2 0.489167 0.333333 0.013333 0.070000
3 0.740833 0.413333 0.010000 0.016667
2 0.515833 0.356667 0.011667 0.025000
3 0.572500 0.618333 0.010833 0.023333
3 0.720000 0.421667 0.008333 0.016667
2 0.724167 0.376667 0.020000 0.021667
2 0.664167 0.656667 0.010000 0.031667
3 0.322500 0.291667 0.008333 0.016667
3 0.779167 0.411667 0.008333 0.016667
2 0.683333 0.671667 0.020833 0.080000
2 0.690000 0.275000 0.020833 0.028333
3 0.314167 0.758333 0.007500 0.015000
3 0.646667 0.400000 0.007500 0.016667
3 0.667500 0.443333 0.007500 0.016667
3 0.607500 0.311667 0.008333 0.016667
2 0.255833 0.388333 0.048333 0.043333
2 0.490833 0.730000 0.011667 0.025000
3 0.484167 0.446667 0.010833 0.023333
2 0.710833 0.678333 0.030833 0.051667
2 0.770833 0.413333 0.023333 0.106667
3 0.340000 0.675000 0.009167 0.023333
2 0.690833 0.671667 0.023333 0.041667
2 0.669167 0.373333 0.021667 0.090000
3 0.289167 0.158333 0.008333 0.021667
3 0.669167 0.635000 0.009167 0.023333
2 0.797500 0.393333 0.017500 0.116667
3 0.641667 0.375000 0.009167 0.015000
2 0.624167 0.611667 0.020833 0.080000
3 0.712500 0.676667 0.009167 0.016667
2 0.271667 0.753333 0.019167 0.046667
3 0.408333 0.388333 0.010000 0.016667
3 0.715833 0.658333 0.013333 0.015000
3 0.307500 0.390000 0.017500 0.031667
3 0.240000 0.350000 0.008333 0.016667
2 0.553333 0.373333 0.020833 0.080000
3 0.684167 0.633333 0.007500 0.015000
3 0.309167 0.383333 0.010000 0.016667
2 0.803333 0.398333 0.027500 0.016667
2 0.587500 0.130000 0.020833 0.080000
3 0.656667 0.398333 0.014167 0.025000
3 0.435833 0.330000 0.007500 0.015000
2 0.799167 0.616667 0.014167 0.015000
3 0.445833 0.366667 0.009167 0.016667
3 0.750000 0.333333 0.013333 0.015000
2 0.462500 0.358333 0.034167 0.038333
3 0.517500 0.406667 0.008333 0.016667
3 0.482500 0.190000 0.007500 0.015000
3 0.605833 0.381667 0.010000 0.016667
3 0.504167 0.258333 0.009167 0.018333
2 0.275833 0.405000 0.020833 0.080000
2 0.564167 0.643333 0.026667 0.035000
2 0.329167 0.676667 0.010000 0.031667
3 0.697500 0.620000 0.007500 0.016667
3 0.411667 0.680000 0.013333 0.015000
2 0.761667 0.610000 0.020833 0.028333
