4 0.870833 0.626667 0.083333 0.233333
4 0.875000 0.575000 0.105000 0.166667
4 0.786667 0.481667 0.189167 0.138333
4 0.885833 0.656667 0.073333 0.205000
4 0.805833 0.698333 0.075833 0.180000
4 0.787500 0.495000 0.096667 0.061667
4 0.877500 0.446667 0.069167 0.055000
4 0.808333 0.535000 0.070833 0.036667
4 0.848333 0.536667 0.107500 0.115000
4 0.865000 0.530000 0.120000 0.230000
4 0.027500 0.515000 0.055833 0.026667
4 0.630833 0.525000 0.040000 0.061667
4 0.385000 0.561667 0.085000 0.078333
4 0.586667 0.761667 0.172500 0.475000
4 0.133333 0.491667 0.157500 0.133333
4 0.150833 0.531667 0.070833 0.023333
4 0.493333 0.503333 0.121667 0.161667
4 0.301667 0.563333 0.054167 0.106667
4 0.138333 0.613333 0.197500 0.251667
4 0.643333 0.496667 0.086667 0.076667
2 0.619167 0.590000 0.026667 0.035000
2 0.030000 0.525000 0.060000 0.053333
3 0.606667 0.475000 0.011667 0.020000
3 0.615833 0.563333 0.014167 0.025000
3 0.615833 0.585000 0.009167 0.016667
2 0.036667 0.615000 0.021667 0.090000
2 0.057500 0.511667 0.013333 0.070000
2 0.540000 0.536667 0.022500 0.023333
2 0.213333 0.455000 0.014167 0.015000
3 0.184167 0.575000 0.007500 0.015000
3 0.743333 0.491667 0.015833 0.051667
2 0.645833 0.486667 0.097500 0.053333
3 0.522500 0.566667 0.010833 0.023333
2 0.489167 0.458333 0.027500 0.016667
2 0.240000 0.595000 0.048333 0.025000
2 0.219167 0.470000 0.048333 0.025000
2 0.121667 0.556667 0.009167 0.040000
2 0.283333 0.511667 0.034167 0.038333
2 0.820000 0.493333 0.023333 0.041667
2 0.468333 0.486667 0.020833 0.080000
2 0.627500 0.533333 0.020000 0.021667
3 0.548333 0.505000 0.011667 0.030000
3 0.825833 0.353333 0.010000 0.020000
3 0.793333 0.450000 0.009167 0.016667
2 0.570000 0.613333 0.020833 0.080000
3 0.220000 0.596667 0.011667 0.020000
2 0.386667 0.501667 0.014167 0.015000
3 0.624167 0.516667 0.007500 0.016667
2 0.603333 0.455000 0.020833 0.080000
3 0.398333 0.518333 0.015833 0.051667
3 0.416667 0.473333 0.011667 0.020000
3 0.028333 0.473333 0.009167 0.016667
2 0.544167 0.578333 0.010000 0.031667
3 0.500833 0.453333 0.011667 0.030000
2 0.384167 0.553333 0.034167 0.100000
3 0.302500 0.471667 0.007500 0.016667
2 0.265833 0.506667 0.022500 0.023333
2 0.275833 0.593333 0.010833 0.091667
2 0.686667 0.500000 0.023333 0.041667
3 0.340833 0.525000 0.009167 0.023333
2 0.506667 0.450000 0.058333 0.076667
2 0.739167 0.575000 0.010833 0.091667
3 0.455833 0.451667 0.015833 0.051667
2 0.111667 0.501667 0.009167 0.040000
3 0.449167 0.470000 0.010833 0.023333
2 0.250000 0.441667 0.029167 0.038333
3 0.469167 0.573333 0.007500 0.018333
2 0.045000 0.466667 0.010000 0.031667
3 0.452500 0.448333 0.010000 0.020000
3 0.370000 0.583333 0.009167 0.016667
3 0.220833 0.450000 0.007500 0.015000
3 0.820000 0.480000 0.007500 0.018333
3 0.027500 0.470000 0.009167 0.016667
3 0.590000 0.506667 0.008333 0.016667
3 0.608333 0.626667 0.015833 0.051667
2 0.827500 0.578333 0.011667 0.025000
3 0.438333 0.613333 0.014167 0.025000
3 0.455833 0.495000 0.009167 0.023333
3 0.445833 0.503333 0.009167 0.015000
3 0.052500 0.581667 0.008333 0.016667
3 0.244167 0.486667 0.017500 0.031667
3 0.475833 0.601667 0.008333 0.016667
2 0.295000 0.601667 0.013333 0.070000
2 0.252500 0.565000 0.017500 0.116667
3 0.087500 0.571667 0.009167 0.016667
2 0.552500 0.586667 0.020833 0.080000
3 0.715833 0.541667 0.013333 0.031667
2 0.318333 0.555000 0.023333 0.041667
3 0.474167 0.425000 0.008333 0.016667
3 0.776667 0.538333 0.017500 0.031667
3 0.250000 0.501667 0.015833 0.051667
2 0.672500 0.550000 0.034167 0.038333
3 0.620833 0.553333 0.009167 0.016667
3 0.456667 0.425000 0.009167 0.016667
2 0.282500 0.568333 0.019167 0.046667
2 0.632500 0.506667 0.023333 0.106667
3 0.645833 0.515000 0.015833 0.051667
2 0.056667 0.491667 0.013333 0.070000
2 0.696667 0.493333 0.045833 0.021667
3 0.515000 0.475000 0.009167 0.023333
3 0.426667 0.463333 0.009167 0.016667
2 0.165000 0.608333 0.009167 0.031667
3 0.318333 0.525000 0.008333 0.016667
2 0.463333 0.560000 0.010833 0.091667
2 0.685000 0.455000 0.048333 0.043333
2 0.548333 0.466667 0.023333 0.041667
3 0.697500 0.561667 0.014167 0.025000
2 0.601667 0.453333 0.011667 0.066667
3 0.405000 0.461667 0.010833 0.013333
3 0.741667 0.533333 0.009167 0.015000
2 0.125000 0.490000 0.020000 0.021667
3 0.778333 0.550000 0.009167 0.018333
2 0.788333 0.498333 0.023333 0.041667
3 0.667500 0.505000 0.008333 0.016667
2 0.288333 0.548333 0.017500 0.116667
2 0.092500 0.446667 0.048333 0.043333
3 0.413333 0.490000 0.010833 0.023333
3 0.110000 0.530000 0.009167 0.018333
3 0.468333 0.405000 0.017500 0.031667
2 0.053333 0.488333 0.017500 0.116667
3 0.314167 0.523333 0.007500 0.015000
2 0.465000 0.518333 0.013333 0.070000
2 0.525833 0.638333 0.034167 0.038333
2 0.726667 0.440000 0.017500 0.116667
2 0.588333 0.391667 0.019167 0.046667
3 0.447500 0.363333 0.014167 0.025000
2 0.691667 0.726667 0.010833 0.091667
2 0.733333 0.335000 0.035000 0.105000
3 0.688333 0.606667 0.009167 0.016667
3 0.446667 0.365000 0.007500 0.016667
2 0.480833 0.786667 0.009167 0.031667
3 0.371667 0.341667 0.010833 0.013333
2 0.430000 0.711667 0.020833 0.080000
2 0.515833 0.751667 0.020833 0.028333
3 0.290833 0.833333 0.011667 0.030000
2 0.294167 0.841667 0.097500 0.053333
3 0.717500 0.656667 0.011667 0.020000
3 0.581667 0.656667 0.009167 0.016667
2 0.624167 0.715000 0.048333 0.025000
3 0.689167 0.631667 0.007500 0.015000
3 0.250000 0.648333 0.009167 0.015000
2 0.722500 0.403333 0.020833 0.028333
2 0.333333 0.723333 0.097500 0.053333
3 0.672500 0.410000 0.011667 0.020000
2 0.820833 0.370000 0.009167 0.040000
2 0.271667 0.663333 0.026667 0.035000
3 0.509167 0.318333 0.007500 0.018333
2 0.263333 0.416667 0.013333 0.070000
3 0.649167 0.381667 0.006667 0.018333
2 0.692500 0.705000 0.021667 0.090000
3 0.490000 0.303333 0.010833 0.013333
2 0.675833 0.421667 0.011667 0.066667
3 0.555000 0.340000 0.007500 0.015000
3 0.491667 0.736667 0.009167 0.018333
3 0.690000 0.280000 0.015833 0.051667
3 0.283333 0.711667 0.007500 0.018333
2 0.717500 0.676667 0.010833 0.091667
3 0.655000 0.320000 0.014167 0.025000
2 0.345000 0.691667 0.015833 0.068333
2 0.508333 0.410000 0.048333 0.025000
2 0.754167 0.568333 0.020833 0.080000
3 0.738333 0.691667 0.007500 0.016667
3 0.445833 0.708333 0.009167 0.015000
2 0.410833 0.268333 0.097500 0.053333
3 0.243333 0.706667 0.015833 0.051667
2 0.445833 0.346667 0.009167 0.040000
2 0.540000 0.345000 0.048333 0.025000
3 0.631667 0.385000 0.008333 0.016667
3 0.746667 0.705000 0.007500 0.018333
3 0.521667 0.760000 0.010000 0.016667
2 0.790000 0.596667 0.035000 0.105000
3 0.527500 0.616667 0.007500 0.018333
2 0.780000 0.380000 0.020000 0.021667
2 0.580000 0.400000 0.019167 0.046667
3 0.423333 0.816667 0.009167 0.016667
2 0.270833 0.691667 0.013333 0.070000
3 0.170000 0.386667 0.009167 0.016667
3 0.351667 0.738333 0.007500 0.015000
3 0.218333 0.690000 0.009167 0.023333
2 0.773333 0.320000 0.014167 0.015000
2 0.691667 0.633333 0.020833 0.080000
3 0.270833 0.715000 0.009167 0.015000
3 0.234167 0.635000 0.009167 0.016667
2 0.655833 0.388333 0.015833 0.068333
2 0.594167 0.351667 0.034167 0.100000
2 0.567500 0.273333 0.014167 0.015000
3 0.344167 0.653333 0.010833 0.023333
2 0.675833 0.423333 0.020000 0.021667
3 0.703333 0.615000 0.007500 0.015000
2 0.751667 0.608333 0.011667 0.025000
2 0.406667 0.720000 0.010833 0.091667
3 0.525000 0.370000 0.007500 0.018333
3 0.758333 0.630000 0.007500 0.015000
2 0.657500 0.613333 0.027500 0.016667
2 0.622500 0.691667 0.010833 0.091667
2 0.648333 0.425000 0.030833 0.051667
2 0.759167 0.635000 0.010833 0.091667
2 0.730833 0.686667 0.015833 0.068333
2 0.743333 0.396667 0.048333 0.043333
2 0.781667 0.425000 0.023333 0.106667
3 0.790000 0.405000 0.007500 0.018333
3 0.546667 0.643333 0.007500 0.015000
2 0.538333 0.645000 0.010000 0.031667
3 0.340833 0.711667 0.006667 0.018333
3 0.314167 0.261667 0.007500 0.018333
2 0.539167 0.400000 0.011667 0.025000
3 0.564167 0.690000 0.013333 0.031667
3 0.727500 0.666667 0.007500 0.015000
3 0.330000 0.316667 0.009167 0.023333
3 0.340000 0.306667 0.009167 0.023333
2 0.337500 0.223333 0.020833 0.028333
2 0.413333 0.343333 0.020833 0.028333
3 0.670833 0.640000 0.007500 0.015000
2 0.790000 0.653333 0.023333 0.106667
2 0.282500 0.145000 0.020833 0.028333
3 0.344167 0.695000 0.011667 0.020000
2 0.336667 0.708333 0.014167 0.015000
3 0.677500 0.453333 0.008333 0.016667
3 0.686667 0.666667 0.008333 0.021667
2 0.402500 0.640000 0.011667 0.066667
2 0.669167 0.600000 0.035000 0.105000
3 0.487500 0.275000 0.007500 0.016667
3 0.660000 0.405000 0.007500 0.016667
3 0.338333 0.331667 0.007500 0.015000
3 0.509167 0.430000 0.015833 0.051667
3 0.458333 0.693333 0.011667 0.020000
3 0.315833 0.643333 0.011667 0.030000
3 0.538333 0.646667 0.009167 0.018333
2 0.633333 0.336667 0.058333 0.076667
3 0.652500 0.421667 0.008333 0.021667
3 0.526667 0.416667 0.010833 0.023333
3 0.831667 0.411667 0.009167 0.016667
3 0.847500 0.321667 0.009167 0.015000
2 0.720833 0.668333 0.021667 0.090000
3 0.820000 0.398333 0.013333 0.031667
2 0.489167 0.311667 0.020833 0.080000
2 0.800000 0.623333 0.019167 0.046667
3 0.745833 0.613333 0.014167 0.025000
2 0.576667 0.288333 0.020833 0.080000
3 0.642500 0.633333 0.007500 0.015000
3 0.343333 0.751667 0.009167 0.023333
2 0.443333 0.721667 0.023333 0.041667
3 0.272500 0.321667 0.009167 0.016667
3 0.792500 0.648333 0.007500 0.015000
3 0.547500 0.653333 0.007500 0.015000
3 0.553333 0.706667 0.010833 0.013333
2 0.703333 0.623333 0.030833 0.051667
2 0.805833 0.610000 0.017500 0.116667
3 0.390000 0.756667 0.006667 0.018333
3 0.315000 0.383333 0.008333 0.016667
2 0.740833 0.653333 0.011667 0.025000
2 0.743333 0.658333 0.058333 0.076667
3 0.457500 0.346667 0.009167 0.016667
2 0.435000 0.761667 0.020833 0.080000
3 0.415833 0.748333 0.007500 0.018333
3 0.481667 0.276667 0.008333 0.016667
2 0.334167 0.273333 0.020833 0.080000
2 0.647500 0.655000 0.027500 0.016667
3 0.530833 0.391667 0.006667 0.018333
2 0.677500 0.640000 0.023333 0.106667
3 0.770000 0.345000 0.010000 0.020000
2 0.625833 0.320000 0.015833 0.068333
2 0.510833 0.716667 0.020000 0.021667
2 0.667500 0.355000 0.035000 0.105000
2 0.527500 0.998333 0.034167 0.001667
3 0.269167 0.865000 0.011667 0.020000
2 0.315000 0.206667 0.058333 0.076667
3 0.529167 0.690000 0.013333 0.031667
3 0.282500 0.641667 0.008333 0.016667
3 0.286667 0.286667 0.017500 0.031667
3 0.823333 0.703333 0.008333 0.016667
3 0.306667 0.611667 0.017500 0.031667
2 0.309167 0.736667 0.058333 0.076667
3 0.527500 0.378333 0.009167 0.018333
3 0.635833 0.438333 0.017500 0.031667
3 0.329167 0.340000 0.008333 0.016667
2 0.645833 0.660000 0.009167 0.031667
2 0.629167 0.368333 0.034167 0.038333
2 0.583333 0.151667 0.029167 0.038333
2 0.538333 0.323333 0.021667 0.090000
2 0.524167 0.388333 0.020000 0.021667
3 0.299167 0.278333 0.013333 0.015000
2 0.800000 0.353333 0.015833 0.068333
2 0.675833 0.341667 0.045833 0.021667
2 0.575000 0.610000 0.027500 0.016667
2 0.599167 0.325000 0.017500 0.116667
2 0.609167 0.388333 0.026667 0.035000
2 0.453333 0.253333 0.023333 0.106667
3 0.673333 0.441667 0.011667 0.030000
3 0.300000 0.341667 0.007500 0.018333
2 0.378333 0.391667 0.009167 0.031667
2 0.735000 0.721667 0.013333 0.070000
2 0.660000 0.381667 0.020833 0.080000
2 0.594167 0.328333 0.045833 0.021667
3 0.319167 0.411667 0.017500 0.031667
3 0.261667 0.728333 0.007500 0.015000
3 0.537500 0.265000 0.013333 0.015000
2 0.657500 0.410000 0.017500 0.116667
2 0.709167 0.666667 0.015833 0.068333
2 0.433333 0.385000 0.022500 0.023333
3 0.541667 0.443333 0.009167 0.018333
3 0.299167 0.341667 0.009167 0.016667
2 0.315833 0.761667 0.035000 0.105000
2 0.680000 0.410000 0.022500 0.023333
3 0.709167 0.735000 0.015833 0.051667
2 0.308333 0.383333 0.045833 0.021667
2 0.219167 0.395000 0.023333 0.041667
3 0.379167 0.365000 0.010000 0.020000
3 0.319167 0.340000 0.007500 0.015000
2 0.755000 0.698333 0.027500 0.016667
3 0.711667 0.688333 0.011667 0.030000
2 0.252500 0.761667 0.010000 0.031667
3 0.611667 0.405000 0.015833 0.051667
2 0.735833 0.291667 0.022500 0.023333
2 0.314167 0.645000 0.048333 0.043333
3 0.334167 0.331667 0.007500 0.015000
2 0.739167 0.615000 0.048333 0.025000
2 0.520000 0.323333 0.035000 0.105000
3 0.515000 0.825000 0.008333 0.016667
2 0.294167 0.700000 0.034167 0.100000
