4 0.787500 0.576667 0.129167 0.160000
4 0.856667 0.470000 0.145833 0.040000
4 0.705000 0.601667 0.290833 0.163333
4 0.812500 0.630000 0.051667 0.108333
4 0.881667 0.615000 0.085833 0.088333
4 0.820833 0.478333 0.065833 0.053333
4 0.842500 0.565000 0.117500 0.073333
4 0.890000 0.578333 0.082500 0.185000
4 0.827500 0.440000 0.113333 0.123333
4 0.755833 0.360000 0.210833 0.226667
4 0.317500 0.573333 0.062500 0.151667
4 0.443333 0.501667 0.067500 0.078333
4 0.282500 0.511667 0.083333 0.030000
4 0.239167 0.531667 0.045000 0.075000
4 0.130833 0.433333 0.052500 0.090000
4 0.554167 0.480000 0.101667 0.076667
4 0.143333 0.556667 0.061667 0.085000
4 0.490000 0.581667 0.070833 0.071667
4 0.721667 0.595000 0.048333 0.118333
4 0.504167 0.646667 0.150833 0.186667
2 0.275833 0.571667 0.045833 0.021667
2 0.471667 0.430000 0.027500 0.016667
3 0.340000 0.446667 0.013333 0.015000
3 0.044167 0.550000 0.013333 0.015000
3 0.220000 0.590000 0.008333 0.021667
2 0.595833 0.490000 0.021667 0.090000
2 0.815000 0.488333 0.034167 0.038333
2 0.815833 0.641667 0.023333 0.041667
3 0.234167 0.471667 0.010000 0.020000
2 0.614167 0.640000 0.010833 0.091667
3 0.118333 0.508333 0.015833 0.051667
3 0.398333 0.481667 0.009167 0.018333
3 0.582500 0.540000 0.009167 0.015000
3 0.060833 0.566667 0.008333 0.021667
3 0.248333 0.443333 0.009167 0.016667
3 0.427500 0.551667 0.015833 0.051667
3 0.764167 0.561667 0.007500 0.015000
3 0.469167 0.501667 0.015833 0.051667
3 0.040833 0.485000 0.007500 0.018333
2 0.036667 0.516667 0.010833 0.091667
2 0.704167 0.590000 0.026667 0.035000
3 0.424167 0.541667 0.008333 0.016667
2 0.132500 0.485000 0.011667 0.025000
3 0.607500 0.551667 0.010833 0.013333
3 0.160000 0.483333 0.009167 0.023333
3 0.132500 0.563333 0.009167 0.018333
2 0.745833 0.483333 0.010000 0.031667
2 0.260833 0.550000 0.011667 0.025000
3 0.194167 0.478333 0.009167 0.023333
3 0.815000 0.556667 0.008333 0.016667
2 0.683333 0.540000 0.009167 0.031667
2 0.779167 0.540000 0.020833 0.080000
3 0.469167 0.543333 0.013333 0.031667
3 0.353333 0.550000 0.013333 0.015000
3 0.263333 0.498333 0.010833 0.013333
2 0.663333 0.508333 0.029167 0.038333
3 0.087500 0.516667 0.006667 0.018333
3 0.290000 0.475000 0.007500 0.015000
3 0.154167 0.573333 0.007500 0.015000
2 0.687500 0.456667 0.027500 0.016667
3 0.741667 0.561667 0.010000 0.016667
2 0.383333 0.565000 0.021667 0.090000
3 0.215833 0.588333 0.008333 0.021667
2 0.712500 0.500000 0.027500 0.016667
3 0.280000 0.568333 0.009167 0.016667
2 0.210000 0.471667 0.014167 0.015000
3 0.133333 0.576667 0.008333 0.016667
2 0.815833 0.595000 0.021667 0.090000
3 0.092500 0.546667 0.007500 0.018333
2 0.452500 0.496667 0.010000 0.031667
3 0.147500 0.461667 0.007500 0.018333
3 0.126667 0.536667 0.010833 0.013333
2 0.311667 0.576667 0.023333 0.041667
3 0.030000 0.558333 0.009167 0.018333
2 0.025833 0.510000 0.010833 0.091667
2 0.748333 0.543333 0.035000 0.105000
3 0.081667 0.510000 0.008333 0.016667
3 0.524167 0.468333 0.010833 0.013333
2 0.370000 0.546667 0.027500 0.016667
2 0.067500 0.566667 0.015833 0.068333
2 0.374167 0.541667 0.029167 0.038333
2 0.235000 0.558333 0.026667 0.035000
3 0.582500 0.536667 0.009167 0.016667
3 0.687500 0.586667 0.011667 0.030000
3 0.650833 0.523333 0.010000 0.020000
2 0.658333 0.538333 0.021667 0.090000
3 0.747500 0.556667 0.006667 0.018333
2 0.440000 0.490000 0.020833 0.028333
3 0.765833 0.533333 0.009167 0.015000
2 0.199167 0.590000 0.048333 0.043333
2 0.402500 0.478333 0.020833 0.080000
3 0.240833 0.563333 0.008333 0.016667
2 0.798333 0.590000 0.020833 0.080000
3 0.540833 0.493333 0.008333 0.016667
3 0.411667 0.475000 0.010833 0.023333
2 0.675000 0.610000 0.034167 0.100000
2 0.108333 0.493333 0.023333 0.041667
3 0.160833 0.486667 0.008333 0.016667
2 0.111667 0.525000 0.011667 0.025000
2 0.291667 0.555000 0.021667 0.090000
2 0.214167 0.533333 0.021667 0.090000
3 0.480000 0.478333 0.015833 0.051667
3 0.324167 0.466667 0.007500 0.018333
2 0.305833 0.443333 0.058333 0.076667
2 0.808333 0.640000 0.035000 0.105000
2 0.736667 0.458333 0.058333 0.076667
3 0.554167 0.453333 0.014167 0.025000
3 0.747500 0.541667 0.008333 0.016667
3 0.193333 0.438333 0.009167 0.018333
2 0.564167 0.508333 0.010833 0.091667
2 0.476667 0.470000 0.035000 0.105000
2 0.056667 0.463333 0.034167 0.038333
2 0.406667 0.443333 0.029167 0.038333
2 0.056667 0.550000 0.023333 0.106667
3 0.097500 0.528333 0.014167 0.025000
2 0.565000 0.491667 0.011667 0.066667
3 0.080000 0.586667 0.009167 0.023333
2 0.245000 0.523333 0.010833 0.091667
3 0.445833 0.566667 0.014167 0.025000
3 0.615000 0.538333 0.007500 0.018333
2 0.205833 0.428333 0.011667 0.025000
3 0.483333 0.543333 0.007500 0.018333
2 0.500000 0.375000 0.030833 0.051667
3 0.580000 0.618333 0.017500 0.031667
3 0.567500 0.296667 0.009167 0.018333
2 0.635833 0.620000 0.011667 0.025000
2 0.680833 0.393333 0.020833 0.028333
2 0.695000 0.355000 0.014167 0.015000
3 0.650000 0.715000 0.007500 0.016667
2 0.708333 0.695000 0.097500 0.053333
2 0.518333 0.460000 0.021667 0.090000
2 0.401667 0.658333 0.048333 0.025000
2 0.383333 0.360000 0.097500 0.053333
3 0.760000 0.418333 0.017500 0.031667
2 0.427500 0.361667 0.009167 0.040000
3 0.630833 0.658333 0.007500 0.018333
2 0.301667 0.690000 0.021667 0.090000
3 0.811667 0.713333 0.010833 0.023333
3 0.563333 0.443333 0.011667 0.020000
2 0.788333 0.396667 0.011667 0.025000
2 0.677500 0.408333 0.015833 0.068333
2 0.357500 0.720000 0.013333 0.070000
2 0.210000 0.675000 0.026667 0.035000
3 0.649167 0.623333 0.010000 0.016667
3 0.710000 0.695000 0.010833 0.023333
2 0.275000 0.330000 0.027500 0.016667
2 0.756667 0.571667 0.011667 0.066667
3 0.651667 0.416667 0.009167 0.018333
3 0.240833 0.696667 0.014167 0.025000
3 0.676667 0.725000 0.009167 0.016667
2 0.371667 0.385000 0.048333 0.025000
3 0.470000 0.731667 0.013333 0.031667
2 0.412500 0.743333 0.029167 0.038333
2 0.627500 0.431667 0.017500 0.116667
3 0.607500 0.311667 0.007500 0.016667
2 0.313333 0.621667 0.015833 0.068333
2 0.192500 0.381667 0.011667 0.066667
3 0.272500 0.285000 0.010833 0.013333
3 0.625000 0.421667 0.015833 0.051667
2 0.483333 0.318333 0.034167 0.038333
3 0.825833 0.413333 0.009167 0.015000
3 0.792500 0.416667 0.007500 0.015000
2 0.765000 0.623333 0.009167 0.031667
3 0.279167 0.438333 0.013333 0.031667
3 0.465833 0.881667 0.008333 0.021667
3 0.536667 0.285000 0.017500 0.031667
3 0.825000 0.411667 0.010833 0.013333
2 0.584167 0.453333 0.010833 0.091667
3 0.694167 0.678333 0.009167 0.018333
3 0.582500 0.643333 0.010000 0.016667
3 0.309167 0.386667 0.009167 0.023333
3 0.271667 0.346667 0.009167 0.016667
2 0.715833 0.645000 0.048333 0.025000
2 0.482500 0.285000 0.058333 0.076667
2 0.741667 0.731667 0.021667 0.090000
2 0.515000 0.246667 0.015833 0.068333
3 0.465000 0.140000 0.011667 0.020000
3 0.665833 0.350000 0.010000 0.020000
2 0.485833 0.300000 0.020833 0.080000
2 0.496667 0.323333 0.027500 0.016667
3 0.730833 0.611667 0.006667 0.018333
2 0.634167 0.688333 0.023333 0.106667
3 0.760833 0.598333 0.008333 0.016667
3 0.335000 0.400000 0.006667 0.018333
2 0.461667 0.263333 0.030833 0.051667
2 0.267500 0.808333 0.058333 0.076667
2 0.697500 0.338333 0.009167 0.040000
3 0.583333 0.318333 0.007500 0.018333
3 0.314167 0.791667 0.013333 0.031667
2 0.478333 0.293333 0.026667 0.035000
3 0.325833 0.686667 0.015833 0.051667
3 0.778333 0.665000 0.009167 0.016667
3 0.408333 0.403333 0.017500 0.031667
3 0.531667 0.720000 0.007500 0.015000
2 0.599167 0.998333 0.020833 0.001667
2 0.675833 0.396667 0.014167 0.015000
2 0.565000 0.761667 0.030833 0.051667
3 0.691667 0.691667 0.011667 0.020000
3 0.510833 0.290000 0.007500 0.015000
3 0.253333 0.340000 0.008333 0.016667
3 0.558333 0.428333 0.011667 0.020000
3 0.442500 0.416667 0.008333 0.016667
3 0.813333 0.623333 0.008333 0.016667
2 0.372500 0.741667 0.020000 0.021667
2 0.674167 0.645000 0.023333 0.106667
2 0.394167 0.695000 0.058333 0.076667
3 0.347500 0.786667 0.007500 0.018333
3 0.311667 0.796667 0.007500 0.018333
2 0.465000 0.821667 0.027500 0.016667
2 0.303333 0.375000 0.020833 0.028333
2 0.719167 0.385000 0.021667 0.090000
3 0.286667 0.301667 0.007500 0.016667
2 0.517500 0.256667 0.011667 0.025000
3 0.299167 0.706667 0.008333 0.016667
3 0.582500 0.655000 0.008333 0.016667
2 0.330833 0.723333 0.026667 0.035000
3 0.393333 0.705000 0.007500 0.018333
2 0.650000 0.666667 0.023333 0.041667
3 0.765833 0.640000 0.010000 0.020000
2 0.677500 0.378333 0.026667 0.035000
3 0.596667 0.716667 0.010000 0.016667
2 0.707500 0.418333 0.009167 0.031667
3 0.289167 0.270000 0.010833 0.013333
2 0.378333 0.401667 0.010833 0.091667
3 0.601667 0.998333 0.015833 0.001667
2 0.460833 0.328333 0.020000 0.021667
2 0.671667 0.386667 0.011667 0.025000
3 0.647500 0.381667 0.009167 0.016667
3 0.321667 0.763333 0.009167 0.023333
3 0.774167 0.678333 0.008333 0.016667
3 0.352500 0.611667 0.007500 0.016667
3 0.473333 0.228333 0.017500 0.031667
3 0.312500 0.351667 0.007500 0.015000
3 0.758333 0.630000 0.007500 0.015000
3 0.650833 0.651667 0.009167 0.015000
2 0.169167 0.378333 0.011667 0.025000
3 0.692500 0.640000 0.006667 0.018333
3 0.478333 0.815000 0.017500 0.031667
2 0.659167 0.395000 0.020833 0.080000
3 0.699167 0.300000 0.009167 0.016667
2 0.441667 0.353333 0.058333 0.076667
3 0.765000 0.365000 0.015833 0.051667
3 0.152500 0.675000 0.007500 0.018333
2 0.795000 0.405000 0.022500 0.023333
3 0.472500 0.245000 0.009167 0.016667
3 0.740833 0.690000 0.009167 0.016667
3 0.775000 0.341667 0.009167 0.016667
2 0.335833 0.408333 0.030833 0.051667
3 0.717500 0.416667 0.008333 0.016667
2 0.434167 0.330000 0.035000 0.105000
3 0.696667 0.768333 0.010000 0.016667
3 0.308333 0.691667 0.007500 0.018333
3 0.279167 0.650000 0.010833 0.013333
2 0.639167 0.426667 0.011667 0.025000
2 0.473333 0.735000 0.020833 0.080000
3 0.737500 0.330000 0.009167 0.015000
2 0.418333 0.701667 0.020833 0.028333
3 0.749167 0.410000 0.007500 0.016667
3 0.293333 0.788333 0.008333 0.016667
3 0.548333 0.628333 0.007500 0.015000
2 0.393333 0.661667 0.023333 0.106667
3 0.710833 0.673333 0.008333 0.016667
2 0.339167 0.636667 0.045833 0.021667
3 0.719167 0.998333 0.009167 0.001667
2 0.722500 0.655000 0.048333 0.043333
3 0.660833 0.438333 0.009167 0.016667
2 0.414167 0.855000 0.009167 0.031667
3 0.691667 0.351667 0.015833 0.051667
2 0.337500 0.263333 0.020833 0.080000
2 0.735000 0.361667 0.021667 0.090000
3 0.408333 0.676667 0.008333 0.016667
3 0.538333 0.703333 0.015833 0.051667
2 0.756667 0.306667 0.020833 0.080000
3 0.369167 0.433333 0.006667 0.018333
3 0.449167 0.278333 0.010833 0.013333
2 0.597500 0.745000 0.010833 0.091667
3 0.295833 0.283333 0.007500 0.015000
3 0.275833 0.820000 0.008333 0.016667
3 0.678333 0.665000 0.008333 0.016667
2 0.635833 0.626667 0.020833 0.028333
3 0.440833 0.375000 0.007500 0.015000
2 0.772500 0.691667 0.021667 0.090000
3 0.447500 0.340000 0.009167 0.016667
2 0.235000 0.713333 0.026667 0.035000
3 0.590000 0.745000 0.007500 0.015000
2 0.528333 0.668333 0.010833 0.091667
2 0.440833 0.116667 0.048333 0.025000
2 0.420833 0.366667 0.017500 0.116667
2 0.641667 0.361667 0.058333 0.076667
2 0.620833 0.381667 0.020833 0.028333
3 0.689167 0.633333 0.008333 0.016667
2 0.771667 0.371667 0.013333 0.070000
3 0.320000 0.703333 0.008333 0.016667
2 0.540833 0.635000 0.015833 0.068333
3 0.702500 0.363333 0.015833 0.051667
3 0.460000 0.713333 0.009167 0.015000
3 0.766667 0.693333 0.013333 0.015000
2 0.744167 0.323333 0.034167 0.038333
3 0.799167 0.645000 0.009167 0.023333
2 0.682500 0.376667 0.048333 0.025000
3 0.713333 0.631667 0.008333 0.016667
3 0.284167 0.336667 0.009167 0.023333
2 0.437500 0.808333 0.017500 0.116667
3 0.530000 0.388333 0.007500 0.015000
2 0.328333 0.365000 0.058333 0.076667
2 0.505000 0.318333 0.034167 0.100000
3 0.775833 0.321667 0.010000 0.020000
3 0.679167 0.375000 0.010000 0.016667
3 0.680000 0.610000 0.014167 0.025000
3 0.614167 0.770000 0.009167 0.018333
3 0.825000 0.431667 0.015833 0.051667
3 0.715833 0.610000 0.009167 0.023333
3 0.715000 0.380000 0.006667 0.018333
3 0.638333 0.416667 0.007500 0.015000
3 0.724167 0.798333 0.011667 0.030000
3 0.275833 0.666667 0.007500 0.018333
2 0.435833 0.356667 0.029167 0.038333
2 0.348333 0.608333 0.027500 0.016667
3 0.428333 0.653333 0.008333 0.021667
2 0.718333 0.663333 0.013333 0.070000
