4 0.870000 0.486667 0.045833 0.081667
4 0.881667 0.590000 0.042500 0.075000
4 0.818333 0.413333 0.128333 0.041667
4 0.790000 0.468333 0.254167 0.358333
4 0.833333 0.563333 0.060000 0.088333
4 0.879167 0.571667 0.091667 0.250000
4 0.890000 0.530000 0.075000 0.023333
4 0.826667 0.821667 0.162500 0.325000
4 0.848333 0.491667 0.165833 0.073333
4 0.852500 0.551667 0.074167 0.063333
4 0.033333 0.688333 0.066667 0.343333
4 0.781667 0.528333 0.070833 0.046667
4 0.231667 0.506667 0.058333 0.043333
4 0.411667 0.593333 0.094167 0.140000
4 0.110000 0.550000 0.040833 0.051667
4 0.660833 0.588333 0.054167 0.081667
4 0.764167 0.495000 0.095000 0.040000
4 0.409167 0.506667 0.092500 0.165000
4 0.443333 0.511667 0.059167 0.040000
4 0.172500 0.505000 0.079167 0.076667
3 0.606667 0.468333 0.009167 0.015000
3 0.016667 0.535000 0.007500 0.016667
2 0.450000 0.528333 0.020833 0.080000
3 0.184167 0.456667 0.008333 0.016667
3 0.615000 0.583333 0.007500 0.015000
2 0.199167 0.546667 0.045833 0.021667
3 0.593333 0.470000 0.009167 0.015000
2 0.042500 0.520000 0.011667 0.066667
2 0.064167 0.516667 0.097500 0.053333
3 0.320000 0.461667 0.009167 0.016667
2 0.385000 0.465000 0.020000 0.021667
2 0.072500 0.538333 0.020833 0.080000
3 0.066667 0.576667 0.008333 0.016667
2 0.730833 0.518333 0.020833 0.080000
2 0.820833 0.510000 0.023333 0.041667
2 0.163333 0.536667 0.010833 0.091667
3 0.352500 0.528333 0.009167 0.018333
3 0.827500 0.680000 0.008333 0.016667
2 0.658333 0.490000 0.010000 0.031667
3 0.198333 0.535000 0.006667 0.018333
2 0.823333 0.680000 0.017500 0.116667
3 0.623333 0.491667 0.011667 0.030000
2 0.716667 0.538333 0.013333 0.070000
2 0.742500 0.546667 0.030833 0.051667
2 0.233333 0.473333 0.020833 0.080000
2 0.478333 0.600000 0.010000 0.031667
2 0.735000 0.556667 0.022500 0.023333
3 0.626667 0.548333 0.013333 0.015000
3 0.556667 0.485000 0.009167 0.016667
2 0.313333 0.520000 0.017500 0.116667
3 0.721667 0.578333 0.006667 0.018333
2 0.631667 0.538333 0.015833 0.068333
2 0.615833 0.485000 0.021667 0.090000
3 0.467500 0.530000 0.017500 0.031667
3 0.062500 0.501667 0.011667 0.030000
3 0.700000 0.580000 0.007500 0.015000
2 0.682500 0.563333 0.015833 0.068333
2 0.470000 0.503333 0.048333 0.025000
3 0.108333 0.595000 0.015833 0.051667
3 0.109167 0.456667 0.014167 0.025000
3 0.695833 0.600000 0.017500 0.031667
2 0.727500 0.576667 0.048333 0.025000
2 0.820000 0.476667 0.010000 0.031667
3 0.317500 0.566667 0.009167 0.016667
2 0.761667 0.543333 0.026667 0.035000
3 0.290000 0.608333 0.011667 0.030000
3 0.026667 0.483333 0.009167 0.015000
3 0.119167 0.498333 0.006667 0.018333
2 0.316667 0.481667 0.027500 0.016667
2 0.033333 0.470000 0.023333 0.106667
3 0.477500 0.576667 0.007500 0.016667
2 0.816667 0.675000 0.021667 0.090000
2 0.090833 0.471667 0.034167 0.038333
3 0.306667 0.506667 0.007500 0.018333
2 0.228333 0.461667 0.015833 0.068333
3 0.334167 0.573333 0.010833 0.013333
2 0.479167 0.460000 0.009167 0.031667
2 0.485833 0.618333 0.013333 0.070000
3 0.377500 0.525000 0.008333 0.021667
2 0.525000 0.518333 0.020833 0.028333
3 0.544167 0.478333 0.011667 0.030000
3 0.216667 0.545000 0.013333 0.031667
2 0.768333 0.500000 0.034167 0.038333
3 0.085000 0.555000 0.013333 0.031667
2 0.458333 0.503333 0.020833 0.080000
3 0.736667 0.530000 0.007500 0.015000
3 0.537500 0.508333 0.010000 0.016667
3 0.644167 0.515000 0.006667 0.018333
3 0.541667 0.590000 0.010000 0.016667
3 0.719167 0.471667 0.007500 0.018333
3 0.722500 0.476667 0.007500 0.018333
2 0.760000 0.540000 0.027500 0.016667
2 0.621667 0.485000 0.010833 0.091667
3 0.816667 0.640000 0.008333 0.016667
3 0.349167 0.516667 0.017500 0.031667
3 0.592500 0.553333 0.015833 0.051667
2 0.461667 0.571667 0.030833 0.051667
3 0.204167 0.568333 0.013333 0.015000
3 0.185833 0.515000 0.008333 0.016667
3 0.025000 0.535000 0.008333 0.021667
3 0.818333 0.520000 0.007500 0.015000
2 0.277500 0.475000 0.015833 0.068333
2 0.244167 0.526667 0.034167 0.038333
2 0.314167 0.510000 0.011667 0.025000
3 0.105833 0.533333 0.007500 0.015000
3 0.508333 0.570000 0.007500 0.018333
2 0.155833 0.581667 0.034167 0.100000
2 0.201667 0.503333 0.010833 0.091667
3 0.459167 0.485000 0.008333 0.016667
3 0.637500 0.498333 0.007500 0.015000
3 0.325000 0.556667 0.006667 0.018333
2 0.489167 0.421667 0.020000 0.021667
3 0.455833 0.570000 0.008333 0.016667
3 0.545833 0.581667 0.009167 0.018333
2 0.300000 0.580000 0.021667 0.090000
3 0.405833 0.556667 0.008333 0.016667
3 0.766667 0.475000 0.009167 0.016667
3 0.158333 0.450000 0.010000 0.016667
2 0.447500 0.540000 0.048333 0.025000
3 0.560000 0.520000 0.008333 0.016667
3 0.349167 0.593333 0.011667 0.030000
3 0.165000 0.501667 0.017500 0.031667
3 0.716667 0.370000 0.013333 0.031667
3 0.794167 0.413333 0.013333 0.015000
2 0.606667 0.326667 0.020833 0.028333
3 0.779167 0.348333 0.010833 0.023333
2 0.710000 0.361667 0.015833 0.068333
2 0.558333 0.725000 0.015833 0.068333
3 0.314167 0.456667 0.010000 0.016667
2 0.341667 0.368333 0.014167 0.015000
2 0.506667 0.215000 0.097500 0.053333
2 0.672500 0.403333 0.009167 0.031667
3 0.385833 0.373333 0.009167 0.015000
2 0.513333 0.655000 0.020833 0.028333
3 0.741667 0.411667 0.007500 0.015000
3 0.556667 0.670000 0.009167 0.016667
3 0.223333 0.426667 0.007500 0.018333
3 0.558333 0.670000 0.006667 0.018333
3 0.636667 0.621667 0.007500 0.018333
3 0.620833 0.396667 0.010000 0.020000
3 0.350833 0.738333 0.010000 0.020000
3 0.273333 0.286667 0.009167 0.015000
2 0.635000 0.375000 0.048333 0.025000
2 0.613333 0.336667 0.097500 0.053333
2 0.387500 0.730000 0.048333 0.043333
3 0.764167 0.396667 0.009167 0.023333
2 0.684167 0.353333 0.058333 0.076667
3 0.621667 0.396667 0.007500 0.015000
3 0.686667 0.661667 0.007500 0.016667
3 0.575000 0.310000 0.010000 0.020000
2 0.602500 0.643333 0.015833 0.068333
3 0.706667 0.703333 0.010000 0.016667
2 0.510833 0.855000 0.026667 0.035000
2 0.408333 0.681667 0.034167 0.100000
3 0.454167 0.646667 0.011667 0.030000
3 0.643333 0.403333 0.009167 0.016667
3 0.741667 0.750000 0.008333 0.021667
3 0.584167 0.636667 0.010833 0.013333
3 0.333333 0.731667 0.007500 0.018333
3 0.189167 0.396667 0.017500 0.031667
3 0.436667 0.843333 0.010833 0.013333
2 0.299167 0.275000 0.019167 0.046667
2 0.704167 0.678333 0.009167 0.031667
2 0.705833 0.290000 0.009167 0.031667
2 0.466667 0.811667 0.027500 0.016667
3 0.793333 0.728333 0.006667 0.018333
2 0.706667 0.703333 0.021667 0.090000
3 0.547500 0.398333 0.015833 0.051667
2 0.694167 0.281667 0.023333 0.041667
3 0.692500 0.413333 0.007500 0.018333
2 0.632500 0.371667 0.019167 0.046667
3 0.500000 0.338333 0.017500 0.031667
2 0.677500 0.630000 0.011667 0.025000
2 0.312500 0.366667 0.023333 0.106667
3 0.443333 0.375000 0.013333 0.015000
3 0.747500 0.615000 0.007500 0.015000
2 0.470833 0.316667 0.011667 0.066667
3 0.519167 0.713333 0.017500 0.031667
2 0.815833 0.656667 0.010833 0.091667
2 0.752500 0.366667 0.017500 0.116667
3 0.654167 0.621667 0.010000 0.016667
2 0.495833 0.695000 0.045833 0.021667
2 0.705833 0.360000 0.048333 0.025000
2 0.231667 0.836667 0.010833 0.091667
3 0.238333 0.818333 0.010833 0.023333
2 0.705000 0.418333 0.020833 0.080000
2 0.397500 0.773333 0.030833 0.051667
2 0.666667 0.453333 0.009167 0.031667
2 0.612500 0.356667 0.034167 0.038333
3 0.470833 0.123333 0.010833 0.023333
2 0.640833 0.621667 0.010000 0.031667
3 0.765833 0.395000 0.006667 0.018333
2 0.579167 0.448333 0.020833 0.080000
3 0.667500 0.398333 0.010000 0.020000
2 0.695833 0.738333 0.026667 0.035000
2 0.726667 0.651667 0.026667 0.035000
2 0.331667 0.698333 0.034167 0.100000
2 0.761667 0.586667 0.029167 0.038333
3 0.650000 0.443333 0.007500 0.018333
2 0.522500 0.395000 0.013333 0.070000
3 0.618333 0.390000 0.014167 0.025000
2 0.304167 0.273333 0.009167 0.040000
2 0.519167 0.426667 0.020833 0.080000
3 0.426667 0.730000 0.007500 0.016667
2 0.466667 0.300000 0.027500 0.016667
2 0.635000 0.653333 0.013333 0.070000
3 0.278333 0.281667 0.007500 0.018333
3 0.720000 0.638333 0.009167 0.016667
3 0.340000 0.710000 0.008333 0.016667
3 0.680833 0.625000 0.008333 0.016667
3 0.650833 0.390000 0.007500 0.016667
3 0.256667 0.391667 0.007500 0.018333
2 0.628333 0.381667 0.014167 0.015000
2 0.774167 0.371667 0.011667 0.025000
3 0.340000 0.710000 0.008333 0.016667
2 0.441667 0.310000 0.058333 0.076667
2 0.310833 0.420000 0.023333 0.106667
3 0.785000 0.373333 0.009167 0.023333
2 0.493333 0.425000 0.048333 0.025000
3 0.792500 0.643333 0.010000 0.020000
2 0.757500 0.275000 0.011667 0.066667
3 0.710000 0.683333 0.010833 0.013333
3 0.799167 0.395000 0.009167 0.016667
2 0.420000 0.648333 0.019167 0.046667
2 0.678333 0.671667 0.020833 0.080000
3 0.417500 0.350000 0.013333 0.015000
2 0.543333 0.320000 0.029167 0.038333
3 0.771667 0.346667 0.006667 0.018333
3 0.741667 0.415000 0.007500 0.018333
3 0.480000 0.323333 0.008333 0.016667
2 0.719167 0.410000 0.048333 0.043333
2 0.420833 0.705000 0.019167 0.046667
3 0.478333 0.743333 0.007500 0.016667
3 0.620833 0.396667 0.010000 0.020000
2 0.470833 0.270000 0.013333 0.070000
3 0.530000 0.353333 0.008333 0.016667
2 0.449167 0.706667 0.011667 0.025000
2 0.347500 0.635000 0.029167 0.038333
2 0.649167 0.676667 0.023333 0.041667
3 0.699167 0.675000 0.007500 0.015000
2 0.420000 0.350000 0.011667 0.066667
3 0.399167 0.703333 0.015833 0.051667
2 0.526667 0.413333 0.029167 0.038333
2 0.798333 0.391667 0.020833 0.080000
3 0.324167 0.665000 0.014167 0.025000
2 0.565000 0.693333 0.020000 0.021667
3 0.338333 0.733333 0.009167 0.023333
3 0.282500 0.748333 0.007500 0.018333
2 0.686667 0.410000 0.020000 0.021667
3 0.223333 0.413333 0.011667 0.030000
3 0.680000 0.653333 0.008333 0.021667
2 0.346667 0.620000 0.048333 0.025000
2 0.261667 0.676667 0.021667 0.090000
3 0.765833 0.613333 0.007500 0.016667
2 0.781667 0.391667 0.014167 0.015000
2 0.490000 0.811667 0.048333 0.043333
3 0.444167 0.320000 0.007500 0.015000
2 0.467500 0.760000 0.058333 0.076667
3 0.590000 0.746667 0.007500 0.018333
2 0.420000 0.383333 0.023333 0.106667
2 0.636667 0.636667 0.009167 0.031667
2 0.485833 0.780000 0.014167 0.015000
2 0.650000 0.635000 0.020000 0.021667
2 0.808333 0.416667 0.017500 0.116667
2 0.391667 0.663333 0.026667 0.035000
3 0.703333 0.620000 0.008333 0.021667
2 0.631667 0.383333 0.058333 0.076667
2 0.340000 0.868333 0.014167 0.015000
3 0.294167 0.246667 0.007500 0.015000
3 0.370000 0.405000 0.007500 0.016667
3 0.665833 0.715000 0.010833 0.023333
2 0.280000 0.390000 0.045833 0.021667
2 0.530000 0.380000 0.097500 0.053333
2 0.215833 0.343333 0.027500 0.016667
3 0.645833 0.680000 0.007500 0.018333
2 0.532500 0.366667 0.009167 0.031667
3 0.286667 0.716667 0.009167 0.015000
2 0.667500 0.375000 0.030833 0.051667
2 0.529167 0.345000 0.029167 0.038333
3 0.657500 0.598333 0.008333 0.021667
2 0.722500 0.791667 0.014167 0.015000
3 0.310833 0.396667 0.008333 0.016667
2 0.476667 0.371667 0.027500 0.016667
3 0.792500 0.650000 0.008333 0.016667
3 0.697500 0.363333 0.008333 0.016667
2 0.646667 0.376667 0.030833 0.051667
3 0.452500 0.731667 0.009167 0.016667
2 0.741667 0.455000 0.022500 0.023333
2 0.843333 0.303333 0.011667 0.066667
2 0.310000 0.355000 0.027500 0.016667
2 0.663333 0.388333 0.097500 0.053333
3 0.516667 0.405000 0.010000 0.016667
3 0.809167 0.630000 0.010000 0.016667
3 0.506667 0.305000 0.009167 0.018333
3 0.588333 0.746667 0.010833 0.023333
2 0.690833 0.396667 0.021667 0.090000
3 0.662500 0.388333 0.007500 0.015000
3 0.762500 0.371667 0.008333 0.021667
3 0.407500 0.735000 0.007500 0.015000
2 0.655000 0.606667 0.009167 0.040000
3 0.723333 0.391667 0.009167 0.016667
3 0.475833 0.368333 0.008333 0.016667
2 0.554167 0.750000 0.045833 0.021667
3 0.663333 0.338333 0.008333 0.016667
3 0.688333 0.338333 0.010833 0.023333
3 0.405000 0.796667 0.007500 0.015000
3 0.408333 0.755000 0.009167 0.016667
3 0.338333 0.371667 0.009167 0.016667
2 0.585000 0.621667 0.009167 0.040000
3 0.625833 0.376667 0.010000 0.016667
2 0.321667 0.741667 0.009167 0.040000
2 0.646667 0.453333 0.023333 0.041667
3 0.804167 0.336667 0.009167 0.016667
2 0.684167 0.385000 0.023333 0.041667
2 0.600000 0.320000 0.022500 0.023333
3 0.273333 0.666667 0.008333 0.016667
2 0.779167 0.425000 0.022500 0.023333
2 0.695833 0.306667 0.014167 0.015000
3 0.269167 0.655000 0.010833 0.023333
2 0.312500 0.366667 0.022500 0.023333
