4 0.737500 0.391667 0.208333 0.331667
4 0.775000 0.751667 0.220833 0.276667
4 0.808333 0.626667 0.058333 0.055000
4 0.830833 0.793333 0.171667 0.316667
4 0.846667 0.473333 0.098333 0.051667
4 0.762500 0.540000 0.210000 0.200000
4 0.792500 0.528333 0.085000 0.046667
4 0.838333 0.478333 0.052500 0.091667
4 0.799167 0.545000 0.090833 0.023333
4 0.900000 0.428333 0.050833 0.073333
4 0.062500 0.568333 0.125000 0.121667
4 0.199167 0.558333 0.060833 0.086667
4 0.366667 0.626667 0.135000 0.238333
4 0.452500 0.541667 0.090833 0.125000
4 0.188333 0.556667 0.048333 0.018333
4 0.363333 0.570000 0.119167 0.053333
4 0.404167 0.315000 0.249167 0.438333
4 0.020000 0.503333 0.040833 0.048333
4 0.795833 0.541667 0.050000 0.050000
4 0.795833 0.543333 0.073333 0.075000
2 0.603333 0.545000 0.027500 0.016667
3 0.342500 0.488333 0.008333 0.016667
2 0.546667 0.596667 0.013333 0.070000
2 0.524167 0.466667 0.048333 0.025000
2 0.723333 0.553333 0.020833 0.080000
2 0.539167 0.578333 0.015833 0.068333
3 0.029167 0.556667 0.011667 0.030000
3 0.399167 0.541667 0.008333 0.021667
2 0.218333 0.588333 0.026667 0.035000
3 0.672500 0.541667 0.008333 0.016667
3 0.712500 0.503333 0.007500 0.015000
2 0.644167 0.493333 0.020833 0.028333
2 0.130000 0.523333 0.010833 0.091667
3 0.246667 0.495000 0.007500 0.018333
3 0.275833 0.513333 0.008333 0.016667
2 0.746667 0.501667 0.048333 0.025000
2 0.213333 0.568333 0.045833 0.021667
3 0.415833 0.570000 0.008333 0.016667
2 0.568333 0.561667 0.023333 0.041667
3 0.220000 0.533333 0.009167 0.023333
3 0.341667 0.591667 0.010000 0.020000
2 0.573333 0.435000 0.035000 0.105000
2 0.244167 0.493333 0.019167 0.046667
2 0.340833 0.540000 0.027500 0.016667
2 0.822500 0.356667 0.020833 0.028333
2 0.789167 0.495000 0.027500 0.016667
2 0.693333 0.580000 0.034167 0.038333
2 0.494167 0.521667 0.015833 0.068333
2 0.696667 0.483333 0.013333 0.070000
2 0.335833 0.558333 0.027500 0.016667
2 0.136667 0.523333 0.015833 0.068333
3 0.727500 0.466667 0.009167 0.016667
3 0.175833 0.455000 0.017500 0.031667
3 0.455000 0.508333 0.013333 0.015000
2 0.593333 0.543333 0.017500 0.116667
3 0.309167 0.466667 0.013333 0.031667
2 0.344167 0.526667 0.011667 0.066667
2 0.761667 0.525000 0.058333 0.076667
3 0.020833 0.556667 0.010833 0.023333
2 0.040000 0.566667 0.009167 0.031667
2 0.607500 0.598333 0.009167 0.031667
2 0.645000 0.536667 0.022500 0.023333
3 0.257500 0.605000 0.008333 0.021667
2 0.567500 0.556667 0.058333 0.076667
2 0.261667 0.563333 0.023333 0.106667
2 0.735000 0.536667 0.029167 0.038333
2 0.070833 0.566667 0.048333 0.025000
2 0.179167 0.525000 0.045833 0.021667
3 0.670000 0.525000 0.009167 0.016667
3 0.086667 0.588333 0.008333 0.016667
2 0.448333 0.543333 0.058333 0.076667
2 0.069167 0.473333 0.020833 0.080000
2 0.337500 0.480000 0.010833 0.091667
2 0.349167 0.523333 0.045833 0.021667
2 0.180000 0.593333 0.009167 0.031667
3 0.755000 0.536667 0.010833 0.013333
2 0.370833 0.541667 0.030833 0.051667
2 0.214167 0.548333 0.034167 0.100000
2 0.490833 0.438333 0.035000 0.105000
2 0.795000 0.470000 0.022500 0.023333
2 0.743333 0.508333 0.020833 0.080000
2 0.512500 0.528333 0.011667 0.066667
3 0.287500 0.481667 0.008333 0.016667
3 0.385833 0.468333 0.007500 0.016667
3 0.752500 0.488333 0.007500 0.018333
3 0.358333 0.475000 0.007500 0.015000
3 0.825000 0.571667 0.010833 0.023333
2 0.530000 0.568333 0.029167 0.038333
2 0.165833 0.508333 0.020833 0.080000
3 0.610833 0.553333 0.010833 0.013333
3 0.432500 0.548333 0.007500 0.016667
3 0.720833 0.525000 0.010000 0.016667
2 0.710833 0.546667 0.045833 0.021667
2 0.605000 0.468333 0.048333 0.043333
3 0.547500 0.541667 0.009167 0.016667
2 0.345000 0.536667 0.026667 0.035000
2 0.626667 0.485000 0.011667 0.025000
2 0.146667 0.506667 0.020000 0.021667
3 0.340000 0.566667 0.007500 0.015000
3 0.421667 0.483333 0.010000 0.016667
3 0.403333 0.595000 0.009167 0.016667
2 0.506667 0.585000 0.017500 0.116667
2 0.298333 0.520000 0.045833 0.021667
2 0.280000 0.578333 0.013333 0.070000
2 0.653333 0.468333 0.027500 0.016667
2 0.170000 0.468333 0.034167 0.038333
3 0.509167 0.513333 0.007500 0.018333
2 0.133333 0.495000 0.023333 0.041667
3 0.703333 0.465000 0.008333 0.016667
2 0.806667 0.343333 0.048333 0.025000
3 0.603333 0.501667 0.008333 0.016667
3 0.445833 0.491667 0.017500 0.031667
2 0.636667 0.435000 0.019167 0.046667
2 0.607500 0.555000 0.026667 0.035000
2 0.073333 0.548333 0.017500 0.116667
2 0.430000 0.508333 0.011667 0.066667
3 0.398333 0.465000 0.008333 0.016667
2 0.713333 0.473333 0.045833 0.021667
2 0.818333 0.670000 0.022500 0.023333
3 0.274167 0.500000 0.007500 0.015000
2 0.570000 0.521667 0.029167 0.038333
3 0.056667 0.501667 0.014167 0.025000
2 0.635833 0.448333 0.009167 0.031667
3 0.692500 0.341667 0.010000 0.020000
2 0.702500 0.613333 0.045833 0.021667
3 0.511667 0.723333 0.017500 0.031667
3 0.332500 0.421667 0.008333 0.021667
2 0.349167 0.675000 0.020833 0.080000
3 0.472500 0.730000 0.007500 0.015000
3 0.643333 0.643333 0.014167 0.025000
2 0.420833 0.728333 0.020000 0.021667
2 0.697500 0.645000 0.009167 0.040000
3 0.471667 0.245000 0.010833 0.023333
3 0.654167 0.396667 0.011667 0.020000
3 0.452500 0.270000 0.011667 0.020000
3 0.476667 0.806667 0.007500 0.018333
3 0.293333 0.716667 0.011667 0.030000
3 0.224167 0.731667 0.010833 0.013333
3 0.247500 0.673333 0.009167 0.018333
3 0.778333 0.608333 0.007500 0.016667
3 0.767500 0.616667 0.009167 0.015000
3 0.663333 0.393333 0.010833 0.013333
3 0.595833 0.718333 0.010833 0.023333
2 0.380833 0.723333 0.021667 0.090000
3 0.305833 0.393333 0.008333 0.016667
3 0.546667 0.716667 0.015833 0.051667
2 0.510000 0.300000 0.020833 0.080000
3 0.742500 0.346667 0.009167 0.016667
2 0.701667 0.268333 0.026667 0.035000
2 0.267500 0.270000 0.023333 0.106667
3 0.641667 0.376667 0.009167 0.016667
2 0.248333 0.308333 0.029167 0.038333
3 0.510000 0.363333 0.011667 0.020000
2 0.753333 0.616667 0.023333 0.106667
3 0.695000 0.348333 0.008333 0.016667
2 0.781667 0.391667 0.014167 0.015000
2 0.611667 0.638333 0.020833 0.028333
2 0.745833 0.618333 0.026667 0.035000
2 0.280833 0.436667 0.010833 0.091667
3 0.300833 0.385000 0.008333 0.016667
2 0.322500 0.686667 0.023333 0.041667
2 0.633333 0.386667 0.026667 0.035000
3 0.306667 0.815000 0.008333 0.021667
3 0.527500 0.418333 0.009167 0.023333
3 0.575833 0.738333 0.013333 0.031667
2 0.650833 0.358333 0.023333 0.041667
3 0.165000 0.400000 0.015833 0.051667
3 0.535833 0.300000 0.006667 0.018333
3 0.721667 0.380000 0.009167 0.016667
2 0.670000 0.588333 0.027500 0.016667
3 0.680000 0.641667 0.013333 0.031667
2 0.715833 0.605000 0.010000 0.031667
2 0.440000 0.738333 0.021667 0.090000
3 0.192500 0.406667 0.011667 0.030000
2 0.238333 0.346667 0.020833 0.028333
3 0.604167 0.318333 0.014167 0.025000
3 0.562500 0.373333 0.008333 0.016667
2 0.680833 0.273333 0.045833 0.021667
2 0.744167 0.696667 0.021667 0.090000
3 0.680000 0.591667 0.008333 0.016667
2 0.614167 0.405000 0.023333 0.041667
3 0.510833 0.358333 0.009167 0.023333
2 0.479167 0.868333 0.023333 0.041667
3 0.340833 0.266667 0.011667 0.030000
2 0.545000 0.353333 0.027500 0.016667
3 0.486667 0.376667 0.007500 0.018333
3 0.655833 0.626667 0.007500 0.018333
3 0.485000 0.640000 0.009167 0.018333
3 0.645833 0.680000 0.007500 0.018333
3 0.319167 0.263333 0.010833 0.023333
2 0.649167 0.370000 0.020000 0.021667
3 0.639167 0.355000 0.009167 0.016667
3 0.389167 0.383333 0.013333 0.031667
2 0.304167 0.686667 0.019167 0.046667
2 0.232500 0.763333 0.030833 0.051667
3 0.258333 0.368333 0.014167 0.025000
2 0.471667 0.616667 0.020000 0.021667
2 0.469167 0.303333 0.009167 0.031667
2 0.241667 0.426667 0.021667 0.090000
3 0.285000 0.338333 0.008333 0.021667
2 0.463333 0.345000 0.030833 0.051667
2 0.640833 0.353333 0.030833 0.051667
3 0.630000 0.335000 0.007500 0.015000
2 0.695000 0.276667 0.011667 0.025000
3 0.555000 0.228333 0.006667 0.018333
2 0.705000 0.670000 0.020000 0.021667
2 0.307500 0.241667 0.023333 0.041667
2 0.311667 0.621667 0.019167 0.046667
3 0.745833 0.781667 0.009167 0.016667
3 0.556667 0.366667 0.010833 0.013333
3 0.672500 0.440000 0.009167 0.015000
3 0.280000 0.401667 0.013333 0.031667
2 0.335000 0.223333 0.017500 0.116667
3 0.224167 0.335000 0.013333 0.015000
3 0.575833 0.620000 0.008333 0.016667
2 0.636667 0.655000 0.015833 0.068333
2 0.155000 0.618333 0.015833 0.068333
3 0.725833 0.436667 0.009167 0.016667
3 0.454167 0.801667 0.013333 0.031667
3 0.302500 0.410000 0.009167 0.016667
2 0.353333 0.723333 0.015833 0.068333
2 0.429167 0.751667 0.010000 0.031667
3 0.744167 0.673333 0.008333 0.016667
3 0.746667 0.611667 0.008333 0.016667
2 0.479167 0.293333 0.010000 0.031667
3 0.381667 0.405000 0.017500 0.031667
3 0.394167 0.378333 0.006667 0.018333
3 0.517500 0.231667 0.009167 0.016667
3 0.698333 0.663333 0.007500 0.016667
2 0.317500 0.253333 0.019167 0.046667
2 0.617500 0.670000 0.021667 0.090000
2 0.440000 0.348333 0.027500 0.016667
3 0.454167 0.815000 0.008333 0.021667
3 0.580833 0.643333 0.007500 0.015000
2 0.660000 0.353333 0.029167 0.038333
3 0.326667 0.671667 0.010000 0.016667
3 0.719167 0.645000 0.010833 0.013333
3 0.537500 0.643333 0.010833 0.013333
2 0.669167 0.418333 0.027500 0.016667
3 0.778333 0.608333 0.007500 0.018333
3 0.805833 0.651667 0.007500 0.015000
2 0.330833 0.830000 0.045833 0.021667
3 0.408333 0.355000 0.008333 0.016667
3 0.336667 0.381667 0.007500 0.015000
2 0.335000 0.293333 0.010000 0.031667
3 0.709167 0.706667 0.009167 0.023333
2 0.521667 0.416667 0.010833 0.091667
2 0.281667 0.820000 0.029167 0.038333
2 0.657500 0.431667 0.013333 0.070000
2 0.201667 0.316667 0.058333 0.076667
2 0.406667 0.378333 0.034167 0.100000
3 0.416667 0.660000 0.017500 0.031667
3 0.396667 0.666667 0.007500 0.015000
3 0.781667 0.651667 0.008333 0.021667
3 0.349167 0.303333 0.007500 0.018333
2 0.508333 0.696667 0.034167 0.100000
2 0.284167 0.685000 0.034167 0.038333
2 0.650833 0.453333 0.010833 0.091667
3 0.235833 0.395000 0.011667 0.030000
2 0.282500 0.258333 0.017500 0.116667
2 0.635833 0.663333 0.011667 0.025000
2 0.325000 0.635000 0.034167 0.038333
3 0.781667 0.376667 0.010833 0.013333
3 0.636667 0.385000 0.010833 0.013333
3 0.352500 0.613333 0.008333 0.016667
2 0.770000 0.333333 0.048333 0.025000
2 0.431667 0.763333 0.029167 0.038333
2 0.317500 0.591667 0.097500 0.053333
2 0.356667 0.675000 0.026667 0.035000
3 0.490833 0.760000 0.013333 0.015000
2 0.266667 0.350000 0.021667 0.090000
2 0.690833 0.626667 0.045833 0.021667
3 0.679167 0.340000 0.010000 0.016667
3 0.540833 0.998333 0.008333 0.001667
2 0.345833 0.648333 0.029167 0.038333
2 0.340000 0.693333 0.026667 0.035000
2 0.690000 0.743333 0.034167 0.100000
2 0.744167 0.635000 0.022500 0.023333
2 0.574167 0.598333 0.011667 0.066667
2 0.707500 0.686667 0.010833 0.091667
3 0.415833 0.680000 0.011667 0.020000
2 0.682500 0.755000 0.034167 0.100000
2 0.324167 0.338333 0.010833 0.091667
2 0.251667 0.320000 0.011667 0.066667
2 0.484167 0.286667 0.020833 0.028333
2 0.337500 0.331667 0.010000 0.031667
3 0.540000 0.723333 0.009167 0.018333
3 0.548333 0.630000 0.008333 0.016667
2 0.723333 0.641667 0.020833 0.080000
2 0.704167 0.391667 0.021667 0.090000
2 0.699167 0.635000 0.048333 0.043333
3 0.456667 0.221667 0.010000 0.016667
2 0.376667 0.755000 0.029167 0.038333
2 0.759167 0.685000 0.019167 0.046667
2 0.696667 0.745000 0.021667 0.090000
3 0.692500 0.751667 0.007500 0.018333
2 0.660833 0.675000 0.023333 0.106667
3 0.482500 0.811667 0.009167 0.016667
3 0.267500 0.638333 0.009167 0.015000
3 0.359167 0.315000 0.008333 0.016667
2 0.604167 0.376667 0.009167 0.031667
2 0.250000 0.241667 0.058333 0.076667
2 0.291667 0.355000 0.034167 0.038333
2 0.751667 0.368333 0.020000 0.021667
3 0.644167 0.441667 0.006667 0.018333
2 0.614167 0.646667 0.020833 0.080000
3 0.713333 0.336667 0.014167 0.025000
2 0.775000 0.368333 0.030833 0.051667
3 0.570833 0.695000 0.007500 0.015000
2 0.458333 0.853333 0.023333 0.041667
2 0.219167 0.328333 0.045833 0.021667
3 0.298333 0.740000 0.009167 0.023333
3 0.800833 0.398333 0.011667 0.020000
3 0.760000 0.388333 0.007500 0.016667
2 0.212500 0.325000 0.030833 0.051667
3 0.456667 0.221667 0.009167 0.018333
2 0.532500 0.418333 0.017500 0.116667
2 0.600833 0.363333 0.097500 0.053333
3 0.696667 0.678333 0.013333 0.031667
2 0.681667 0.415000 0.097500 0.053333
