4 0.805833 0.603333 0.075000 0.198333
4 0.867500 0.598333 0.088333 0.120000
4 0.865833 0.663333 0.115833 0.283333
4 0.798333 0.408333 0.117500 0.098333
4 0.749167 0.575000 0.245000 0.075000
4 0.870833 0.528333 0.064167 0.030000
4 0.811667 0.601667 0.078333 0.080000
4 0.835833 0.376667 0.043333 0.076667
4 0.845000 0.558333 0.057500 0.051667
4 0.795000 0.551667 0.120000 0.188333
4 0.521667 0.391667 0.226667 0.356667
4 0.465833 0.593333 0.205833 0.093333
4 0.359167 0.500000 0.055833 0.110000
4 0.338333 0.526667 0.127500 0.041667
4 0.662500 0.565000 0.097500 0.121667
4 0.458333 0.525000 0.146667 0.073333
4 0.359167 0.585000 0.215000 0.075000
4 0.630833 0.546667 0.173333 0.093333
4 0.184167 0.546667 0.075000 0.075000
4 0.291667 0.556667 0.088333 0.108333
3 0.258333 0.568333 0.010833 0.023333
3 0.775833 0.543333 0.009167 0.015000
2 0.325000 0.586667 0.023333 0.106667
3 0.432500 0.570000 0.007500 0.015000
3 0.650833 0.476667 0.013333 0.031667
3 0.654167 0.455000 0.009167 0.015000
2 0.498333 0.583333 0.009167 0.031667
3 0.418333 0.501667 0.009167 0.016667
2 0.770833 0.508333 0.015833 0.068333
3 0.088333 0.495000 0.007500 0.016667
3 0.431667 0.521667 0.009167 0.016667
2 0.148333 0.451667 0.020833 0.028333
2 0.646667 0.523333 0.035000 0.105000
2 0.161667 0.446667 0.009167 0.040000
2 0.125833 0.520000 0.029167 0.038333
2 0.700000 0.621667 0.010833 0.091667
2 0.810000 0.518333 0.017500 0.116667
2 0.104167 0.523333 0.048333 0.043333
2 0.377500 0.561667 0.034167 0.100000
2 0.074167 0.570000 0.010000 0.031667
3 0.462500 0.540000 0.010000 0.020000
2 0.658333 0.463333 0.011667 0.025000
3 0.512500 0.541667 0.009167 0.016667
2 0.744167 0.448333 0.029167 0.038333
2 0.580833 0.468333 0.011667 0.025000
2 0.549167 0.461667 0.029167 0.038333
2 0.687500 0.473333 0.034167 0.038333
2 0.185833 0.553333 0.035000 0.105000
2 0.146667 0.541667 0.011667 0.025000
3 0.436667 0.580000 0.015833 0.051667
2 0.169167 0.545000 0.015833 0.068333
3 0.434167 0.620000 0.007500 0.015000
3 0.489167 0.451667 0.013333 0.015000
2 0.576667 0.538333 0.009167 0.040000
2 0.338333 0.526667 0.030833 0.051667
3 0.619167 0.560000 0.013333 0.031667
3 0.217500 0.556667 0.010000 0.020000
2 0.605000 0.533333 0.035000 0.105000
3 0.749167 0.570000 0.014167 0.025000
2 0.551667 0.431667 0.020833 0.080000
3 0.320000 0.565000 0.008333 0.016667
3 0.155000 0.518333 0.014167 0.025000
3 0.653333 0.548333 0.014167 0.025000
3 0.720000 0.516667 0.009167 0.018333
3 0.031667 0.510000 0.008333 0.016667
2 0.726667 0.575000 0.023333 0.041667
3 0.653333 0.591667 0.007500 0.018333
3 0.815000 0.508333 0.013333 0.031667
3 0.036667 0.470000 0.009167 0.015000
2 0.476667 0.471667 0.027500 0.016667
2 0.484167 0.621667 0.013333 0.070000
2 0.617500 0.471667 0.009167 0.040000
3 0.543333 0.518333 0.010000 0.020000
2 0.590833 0.495000 0.010833 0.091667
2 0.012500 0.580000 0.020833 0.080000
2 0.677500 0.480000 0.097500 0.053333
3 0.245000 0.471667 0.009167 0.018333
2 0.651667 0.561667 0.020000 0.021667
3 0.326667 0.568333 0.010000 0.020000
2 0.580000 0.513333 0.020833 0.080000
3 0.136667 0.528333 0.011667 0.020000
2 0.488333 0.608333 0.013333 0.070000
2 0.710000 0.488333 0.009167 0.031667
3 0.170000 0.475000 0.006667 0.018333
3 0.484167 0.516667 0.009167 0.018333
2 0.028333 0.565000 0.009167 0.031667
2 0.516667 0.523333 0.097500 0.053333
3 0.310833 0.553333 0.008333 0.016667
2 0.310833 0.465000 0.030833 0.051667
2 0.477500 0.411667 0.029167 0.038333
2 0.104167 0.565000 0.048333 0.025000
3 0.800833 0.460000 0.010000 0.016667
3 0.710833 0.560000 0.008333 0.016667
2 0.487500 0.478333 0.045833 0.021667
2 0.465000 0.516667 0.020000 0.021667
2 0.573333 0.545000 0.020833 0.080000
3 0.714167 0.450000 0.014167 0.025000
3 0.022500 0.526667 0.013333 0.015000
3 0.365833 0.563333 0.009167 0.015000
3 0.789167 0.455000 0.014167 0.025000
2 0.157500 0.523333 0.029167 0.038333
3 0.612500 0.463333 0.007500 0.015000
2 0.137500 0.470000 0.027500 0.016667
2 0.395833 0.506667 0.048333 0.025000
3 0.790000 0.488333 0.007500 0.015000
2 0.080000 0.581667 0.021667 0.090000
2 0.259167 0.505000 0.011667 0.025000
3 0.315833 0.560000 0.015833 0.051667
3 0.437500 0.540000 0.013333 0.015000
3 0.110833 0.590000 0.009167 0.016667
2 0.202500 0.511667 0.015833 0.068333
3 0.053333 0.496667 0.013333 0.031667
3 0.503333 0.453333 0.007500 0.015000
2 0.253333 0.500000 0.048333 0.043333
2 0.410833 0.441667 0.027500 0.016667
2 0.229167 0.563333 0.021667 0.090000
2 0.623333 0.521667 0.034167 0.100000
3 0.484167 0.596667 0.010833 0.013333
3 0.804167 0.546667 0.008333 0.016667
2 0.190000 0.580000 0.048333 0.025000
2 0.213333 0.540000 0.014167 0.015000
3 0.144167 0.575000 0.017500 0.031667
3 0.380833 0.711667 0.017500 0.031667
2 0.447500 0.630000 0.035000 0.105000
3 0.678333 0.668333 0.010000 0.016667
3 0.719167 0.626667 0.009167 0.016667
2 0.466667 0.321667 0.034167 0.100000
2 0.686667 0.661667 0.029167 0.038333
3 0.720833 0.681667 0.011667 0.030000
3 0.313333 0.373333 0.007500 0.015000
3 0.646667 0.391667 0.008333 0.016667
2 0.216667 0.313333 0.023333 0.106667
2 0.403333 0.338333 0.058333 0.076667
3 0.484167 0.210000 0.010000 0.016667
3 0.293333 0.713333 0.011667 0.020000
2 0.470000 0.670000 0.013333 0.070000
3 0.564167 0.673333 0.008333 0.016667
3 0.665833 0.408333 0.010000 0.020000
2 0.302500 0.350000 0.027500 0.016667
3 0.423333 0.683333 0.007500 0.015000
3 0.665000 0.418333 0.010000 0.016667
3 0.643333 0.428333 0.008333 0.016667
3 0.516667 0.293333 0.011667 0.020000
3 0.359167 0.251667 0.007500 0.018333
3 0.767500 0.646667 0.010000 0.020000
3 0.708333 0.601667 0.008333 0.016667
2 0.587500 0.315000 0.048333 0.025000
2 0.275833 0.113333 0.035000 0.105000
3 0.735833 0.650000 0.013333 0.015000
3 0.720000 0.663333 0.008333 0.016667
3 0.645833 0.325000 0.008333 0.016667
2 0.384167 0.388333 0.014167 0.015000
2 0.720000 0.628333 0.022500 0.023333
2 0.720000 0.345000 0.097500 0.053333
3 0.630833 0.436667 0.011667 0.020000
3 0.726667 0.358333 0.011667 0.030000
3 0.472500 0.730000 0.008333 0.016667
3 0.405000 0.721667 0.010833 0.013333
3 0.298333 0.365000 0.007500 0.015000
3 0.546667 0.688333 0.008333 0.021667
2 0.434167 0.723333 0.010000 0.031667
3 0.798333 0.408333 0.013333 0.015000
2 0.679167 0.431667 0.010833 0.091667
3 0.789167 0.421667 0.008333 0.021667
3 0.813333 0.618333 0.009167 0.016667
3 0.723333 0.613333 0.007500 0.016667
3 0.282500 0.438333 0.006667 0.018333
2 0.684167 0.720000 0.023333 0.106667
3 0.204167 0.726667 0.008333 0.016667
3 0.766667 0.645000 0.008333 0.021667
3 0.807500 0.433333 0.007500 0.018333
2 0.781667 0.343333 0.009167 0.040000
2 0.460833 0.288333 0.045833 0.021667
2 0.796667 0.628333 0.020833 0.028333
2 0.794167 0.363333 0.019167 0.046667
2 0.581667 0.640000 0.058333 0.076667
2 0.421667 0.353333 0.015833 0.068333
3 0.613333 0.775000 0.011667 0.030000
3 0.478333 0.743333 0.007500 0.018333
2 0.753333 0.716667 0.097500 0.053333
2 0.707500 0.338333 0.045833 0.021667
2 0.335000 0.345000 0.097500 0.053333
3 0.539167 0.646667 0.007500 0.016667
3 0.756667 0.313333 0.008333 0.016667
3 0.748333 0.660000 0.011667 0.030000
3 0.784167 0.600000 0.011667 0.020000
3 0.315000 0.238333 0.008333 0.021667
2 0.581667 0.638333 0.023333 0.106667
3 0.294167 0.778333 0.006667 0.018333
3 0.705833 0.643333 0.009167 0.016667
3 0.687500 0.711667 0.006667 0.018333
3 0.703333 0.330000 0.015833 0.051667
3 0.325000 0.688333 0.007500 0.018333
2 0.382500 0.673333 0.020833 0.080000
2 0.673333 0.613333 0.027500 0.016667
2 0.311667 0.273333 0.020833 0.028333
3 0.347500 0.765000 0.007500 0.018333
3 0.547500 0.653333 0.008333 0.016667
2 0.728333 0.328333 0.013333 0.070000
2 0.327500 0.620000 0.020833 0.080000
2 0.574167 0.635000 0.019167 0.046667
2 0.742500 0.325000 0.026667 0.035000
3 0.719167 0.420000 0.009167 0.018333
3 0.622500 0.646667 0.011667 0.030000
3 0.159167 0.411667 0.008333 0.016667
3 0.602500 0.748333 0.008333 0.016667
3 0.720000 0.631667 0.017500 0.031667
2 0.335000 0.843333 0.009167 0.040000
2 0.410000 0.725000 0.026667 0.035000
2 0.475833 0.160000 0.020833 0.080000
3 0.646667 0.355000 0.007500 0.018333
2 0.643333 0.655000 0.020833 0.080000
3 0.721667 0.656667 0.009167 0.015000
2 0.797500 0.605000 0.034167 0.038333
2 0.585000 0.738333 0.027500 0.016667
3 0.294167 0.246667 0.007500 0.016667
3 0.268333 0.641667 0.008333 0.016667
2 0.775833 0.388333 0.029167 0.038333
2 0.319167 0.336667 0.027500 0.016667
3 0.338333 0.648333 0.008333 0.021667
2 0.208333 0.366667 0.058333 0.076667
3 0.682500 0.708333 0.008333 0.016667
3 0.758333 0.295000 0.009167 0.018333
3 0.482500 0.646667 0.007500 0.015000
3 0.783333 0.385000 0.008333 0.021667
2 0.338333 0.765000 0.034167 0.100000
3 0.749167 0.641667 0.009167 0.018333
3 0.663333 0.671667 0.008333 0.021667
2 0.666667 0.691667 0.058333 0.076667
2 0.461667 0.243333 0.019167 0.046667
2 0.467500 0.286667 0.048333 0.025000
2 0.773333 0.675000 0.029167 0.038333
3 0.515833 0.603333 0.009167 0.023333
3 0.706667 0.643333 0.008333 0.016667
3 0.776667 0.428333 0.013333 0.031667
3 0.550833 0.416667 0.009167 0.016667
2 0.325000 0.698333 0.013333 0.070000
2 0.772500 0.361667 0.021667 0.090000
3 0.758333 0.593333 0.008333 0.016667
3 0.698333 0.260000 0.009167 0.016667
3 0.754167 0.708333 0.008333 0.016667
2 0.220833 0.670000 0.022500 0.023333
2 0.706667 0.703333 0.058333 0.076667
2 0.296667 0.343333 0.035000 0.105000
3 0.715000 0.631667 0.017500 0.031667
3 0.546667 0.315000 0.007500 0.016667
2 0.384167 0.401667 0.013333 0.070000
2 0.313333 0.381667 0.020833 0.080000
3 0.504167 0.778333 0.014167 0.025000
2 0.339167 0.246667 0.048333 0.043333
3 0.351667 0.333333 0.008333 0.016667
2 0.241667 0.696667 0.034167 0.038333
3 0.632500 0.650000 0.007500 0.016667
3 0.782500 0.648333 0.006667 0.018333
3 0.713333 0.688333 0.008333 0.021667
2 0.290000 0.701667 0.022500 0.023333
2 0.744167 0.706667 0.034167 0.038333
3 0.690833 0.630000 0.014167 0.025000
3 0.519167 0.845000 0.009167 0.016667
2 0.700833 0.651667 0.015833 0.068333
2 0.292500 0.775000 0.010000 0.031667
3 0.522500 0.760000 0.007500 0.015000
2 0.768333 0.345000 0.027500 0.016667
2 0.298333 0.711667 0.017500 0.116667
2 0.299167 0.303333 0.026667 0.035000
2 0.680000 0.700000 0.058333 0.076667
2 0.656667 0.405000 0.058333 0.076667
2 0.562500 0.636667 0.030833 0.051667
2 0.404167 0.353333 0.011667 0.066667
3 0.307500 0.350000 0.010833 0.023333
3 0.410000 0.691667 0.013333 0.031667
2 0.727500 0.303333 0.048333 0.043333
3 0.803333 0.418333 0.008333 0.016667
3 0.677500 0.723333 0.008333 0.016667
3 0.693333 0.691667 0.008333 0.016667
2 0.536667 0.673333 0.045833 0.021667
3 0.794167 0.715000 0.009167 0.016667
3 0.525000 0.368333 0.007500 0.018333
2 0.416667 0.355000 0.020833 0.028333
3 0.535833 0.691667 0.007500 0.015000
3 0.318333 0.640000 0.007500 0.016667
3 0.287500 0.708333 0.013333 0.015000
3 0.642500 0.635000 0.007500 0.016667
2 0.782500 0.375000 0.020833 0.080000
3 0.524167 0.366667 0.009167 0.015000
3 0.295833 0.730000 0.014167 0.025000
2 0.805833 0.728333 0.023333 0.106667
3 0.448333 0.663333 0.008333 0.016667
2 0.465833 0.306667 0.020833 0.080000
3 0.848333 0.321667 0.007500 0.015000
3 0.694167 0.386667 0.007500 0.018333
3 0.761667 0.406667 0.011667 0.030000
3 0.440000 0.658333 0.011667 0.030000
2 0.520833 0.753333 0.011667 0.025000
2 0.715833 0.998333 0.015833 0.001667
2 0.670000 0.360000 0.010000 0.031667
3 0.468333 0.313333 0.010833 0.013333
2 0.361667 0.751667 0.045833 0.021667
2 0.424167 0.795000 0.015833 0.068333
2 0.652500 0.651667 0.015833 0.068333
2 0.255000 0.705000 0.022500 0.023333
2 0.365833 0.388333 0.015833 0.068333
3 0.257500 0.768333 0.008333 0.016667
2 0.739167 0.408333 0.045833 0.021667
3 0.455833 0.675000 0.017500 0.031667
2 0.462500 0.696667 0.011667 0.066667
3 0.568333 0.781667 0.009167 0.023333
2 0.760000 0.618333 0.009167 0.031667
2 0.558333 0.411667 0.020833 0.080000
2 0.646667 0.420000 0.010000 0.031667
3 0.660000 0.421667 0.010000 0.016667
2 0.285000 0.105000 0.011667 0.066667
2 0.610000 0.361667 0.097500 0.053333
2 0.431667 0.361667 0.015833 0.068333
2 0.750000 0.688333 0.045833 0.021667
3 0.350833 0.311667 0.011667 0.020000
2 0.322500 0.265000 0.048333 0.025000
2 0.630000 0.626667 0.048333 0.025000
3 0.565000 0.663333 0.006667 0.018333
3 0.645833 0.413333 0.009167 0.016667
