4 0.872500 0.490000 0.080000 0.055000
4 0.839167 0.610000 0.053333 0.096667
4 0.869167 0.676667 0.122500 0.253333
4 0.861667 0.473333 0.068333 0.058333
4 0.788333 0.445000 0.146667 0.181667
4 0.880000 0.571667 0.081667 0.043333
4 0.856667 0.511667 0.043333 0.116667
4 0.809167 0.628333 0.167500 0.225000
4 0.850833 0.576667 0.134167 0.160000
4 0.841667 0.655000 0.045000 0.088333
4 0.700000 0.538333 0.086667 0.086667
4 0.328333 0.733333 0.203333 0.383333
4 0.739167 0.690000 0.150833 0.356667
4 0.542500 0.581667 0.058333 0.156667
4 0.246667 0.571667 0.092500 0.181667
4 0.529167 0.493333 0.084167 0.071667
4 0.109167 0.483333 0.057500 0.018333
4 0.107500 0.478333 0.060000 0.080000
4 0.019167 0.610000 0.039167 0.176667
4 0.352500 0.498333 0.127500 0.060000
2 0.336667 0.600000 0.013333 0.070000
2 0.195000 0.455000 0.030833 0.051667
2 0.185833 0.603333 0.030833 0.051667
2 0.267500 0.515000 0.017500 0.116667
2 0.815833 0.521667 0.029167 0.038333
3 0.459167 0.463333 0.011667 0.020000
3 0.283333 0.570000 0.009167 0.016667
2 0.447500 0.525000 0.058333 0.076667
3 0.257500 0.471667 0.008333 0.016667
2 0.420833 0.490000 0.009167 0.040000
3 0.811667 0.571667 0.009167 0.015000
3 0.275833 0.481667 0.010000 0.016667
3 0.320833 0.601667 0.008333 0.016667
3 0.687500 0.481667 0.013333 0.015000
3 0.180833 0.523333 0.013333 0.015000
3 0.084167 0.548333 0.007500 0.018333
3 0.400833 0.563333 0.017500 0.031667
3 0.615000 0.516667 0.014167 0.025000
2 0.555833 0.583333 0.027500 0.016667
2 0.697500 0.595000 0.023333 0.106667
3 0.091667 0.535000 0.007500 0.018333
2 0.130000 0.516667 0.030833 0.051667
3 0.705000 0.463333 0.013333 0.031667
3 0.695833 0.571667 0.007500 0.015000
3 0.168333 0.480000 0.008333 0.021667
2 0.235000 0.500000 0.023333 0.106667
3 0.346667 0.505000 0.008333 0.016667
3 0.716667 0.483333 0.008333 0.016667
3 0.205833 0.538333 0.006667 0.018333
2 0.215000 0.505000 0.027500 0.016667
2 0.300833 0.575000 0.014167 0.015000
2 0.240833 0.533333 0.011667 0.025000
3 0.773333 0.473333 0.013333 0.015000
2 0.431667 0.510000 0.015833 0.068333
3 0.440000 0.573333 0.008333 0.016667
2 0.467500 0.513333 0.020833 0.028333
2 0.681667 0.441667 0.019167 0.046667
3 0.683333 0.453333 0.017500 0.031667
3 0.332500 0.561667 0.006667 0.018333
3 0.226667 0.451667 0.009167 0.015000
3 0.300000 0.563333 0.007500 0.015000
3 0.034167 0.511667 0.008333 0.016667
3 0.514167 0.486667 0.013333 0.031667
3 0.277500 0.450000 0.007500 0.015000
2 0.387500 0.513333 0.021667 0.090000
3 0.558333 0.475000 0.010833 0.023333
2 0.281667 0.578333 0.030833 0.051667
2 0.338333 0.436667 0.020000 0.021667
3 0.400833 0.468333 0.014167 0.025000
3 0.756667 0.476667 0.010833 0.023333
3 0.261667 0.568333 0.013333 0.031667
2 0.460000 0.528333 0.034167 0.100000
2 0.554167 0.570000 0.030833 0.051667
3 0.606667 0.506667 0.007500 0.016667
3 0.747500 0.541667 0.008333 0.016667
2 0.144167 0.626667 0.020833 0.080000
3 0.744167 0.558333 0.009167 0.023333
3 0.615833 0.443333 0.014167 0.025000
3 0.302500 0.485000 0.007500 0.016667
2 0.337500 0.511667 0.021667 0.090000
2 0.310000 0.546667 0.019167 0.046667
2 0.185833 0.591667 0.010000 0.031667
3 0.189167 0.515000 0.007500 0.015000
3 0.792500 0.538333 0.009167 0.016667
3 0.635833 0.448333 0.007500 0.015000
2 0.550833 0.555000 0.014167 0.015000
3 0.402500 0.558333 0.009167 0.018333
3 0.070833 0.571667 0.008333 0.016667
3 0.235000 0.565000 0.008333 0.016667
3 0.045000 0.473333 0.009167 0.016667
2 0.679167 0.496667 0.023333 0.106667
2 0.500833 0.556667 0.034167 0.038333
2 0.469167 0.543333 0.023333 0.041667
3 0.715000 0.503333 0.013333 0.015000
2 0.241667 0.570000 0.030833 0.051667
2 0.442500 0.553333 0.048333 0.025000
2 0.620833 0.543333 0.023333 0.106667
3 0.667500 0.463333 0.009167 0.018333
2 0.329167 0.546667 0.048333 0.025000
2 0.663333 0.525000 0.010000 0.031667
3 0.690833 0.548333 0.008333 0.021667
2 0.500000 0.498333 0.019167 0.046667
2 0.482500 0.383333 0.035000 0.105000
3 0.362500 0.485000 0.007500 0.015000
2 0.366667 0.486667 0.026667 0.035000
3 0.533333 0.576667 0.013333 0.015000
3 0.259167 0.586667 0.007500 0.018333
2 0.455000 0.463333 0.029167 0.038333
3 0.719167 0.556667 0.009167 0.018333
3 0.753333 0.585000 0.011667 0.020000
3 0.460833 0.586667 0.009167 0.016667
3 0.714167 0.561667 0.006667 0.018333
2 0.780000 0.551667 0.011667 0.025000
2 0.410833 0.480000 0.026667 0.035000
2 0.089167 0.580000 0.029167 0.038333
3 0.124167 0.591667 0.009167 0.016667
2 0.813333 0.445000 0.019167 0.046667
3 0.024167 0.461667 0.007500 0.015000
2 0.818333 0.598333 0.013333 0.070000
2 0.105833 0.416667 0.035000 0.105000
2 0.011667 0.501667 0.020833 0.080000
3 0.126667 0.598333 0.007500 0.018333
3 0.350833 0.331667 0.009167 0.015000
2 0.710833 0.430000 0.026667 0.035000
3 0.471667 0.730000 0.010000 0.016667
3 0.575000 0.308333 0.009167 0.015000
2 0.771667 0.420000 0.022500 0.023333
2 0.671667 0.420000 0.034167 0.038333
2 0.720000 0.626667 0.021667 0.090000
3 0.322500 0.240000 0.007500 0.016667
2 0.300833 0.301667 0.023333 0.106667
2 0.304167 0.730000 0.048333 0.025000
3 0.779167 0.648333 0.013333 0.031667
3 0.555833 0.710000 0.008333 0.021667
2 0.520833 0.585000 0.020833 0.080000
2 0.487500 0.248333 0.029167 0.038333
2 0.304167 0.615000 0.023333 0.106667
3 0.658333 0.356667 0.008333 0.016667
3 0.620833 0.391667 0.011667 0.020000
2 0.765000 0.773333 0.013333 0.070000
3 0.810000 0.413333 0.014167 0.025000
3 0.190000 0.396667 0.007500 0.015000
3 0.753333 0.646667 0.010833 0.023333
3 0.666667 0.350000 0.007500 0.015000
2 0.565833 0.418333 0.010833 0.091667
3 0.688333 0.635000 0.009167 0.016667
3 0.755833 0.605000 0.014167 0.025000
2 0.614167 0.751667 0.009167 0.040000
2 0.653333 0.326667 0.011667 0.025000
3 0.714167 0.233333 0.009167 0.018333
2 0.330000 0.690000 0.011667 0.066667
3 0.537500 0.400000 0.014167 0.025000
3 0.355000 0.283333 0.008333 0.016667
2 0.497500 0.266667 0.009167 0.031667
3 0.630000 0.353333 0.009167 0.015000
2 0.661667 0.311667 0.035000 0.105000
3 0.454167 0.268333 0.007500 0.018333
2 0.775833 0.361667 0.010000 0.031667
3 0.730833 0.653333 0.009167 0.023333
3 0.780000 0.346667 0.009167 0.016667
3 0.265000 0.356667 0.008333 0.016667
2 0.302500 0.700000 0.048333 0.025000
2 0.711667 0.378333 0.048333 0.043333
3 0.728333 0.450000 0.006667 0.018333
3 0.646667 0.635000 0.007500 0.018333
2 0.714167 0.231667 0.010000 0.031667
3 0.685833 0.378333 0.007500 0.018333
3 0.739167 0.686667 0.008333 0.016667
2 0.300833 0.393333 0.026667 0.035000
2 0.351667 0.738333 0.020000 0.021667
3 0.698333 0.306667 0.009167 0.015000
2 0.614167 0.396667 0.027500 0.016667
2 0.460000 0.243333 0.010000 0.031667
2 0.760000 0.693333 0.045833 0.021667
2 0.488333 0.816667 0.048333 0.043333
2 0.524167 0.441667 0.009167 0.031667
2 0.656667 0.343333 0.011667 0.025000
2 0.328333 0.628333 0.009167 0.040000
3 0.775000 0.430000 0.009167 0.016667
3 0.491667 0.306667 0.007500 0.016667
2 0.497500 0.338333 0.030833 0.051667
2 0.286667 0.751667 0.058333 0.076667
2 0.244167 0.656667 0.015833 0.068333
2 0.278333 0.363333 0.035000 0.105000
2 0.726667 0.270000 0.023333 0.041667
3 0.559167 0.653333 0.009167 0.018333
2 0.729167 0.663333 0.022500 0.023333
2 0.332500 0.683333 0.035000 0.105000
2 0.454167 0.865000 0.030833 0.051667
2 0.254167 0.410000 0.030833 0.051667
2 0.434167 0.716667 0.027500 0.016667
3 0.358333 0.643333 0.008333 0.016667
2 0.693333 0.291667 0.019167 0.046667
2 0.480833 0.640000 0.011667 0.025000
2 0.760833 0.421667 0.010833 0.091667
3 0.757500 0.291667 0.010833 0.013333
3 0.331667 0.271667 0.007500 0.016667
2 0.685000 0.675000 0.027500 0.016667
2 0.675000 0.261667 0.034167 0.038333
3 0.153333 0.675000 0.006667 0.018333
3 0.755833 0.411667 0.008333 0.016667
3 0.269167 0.751667 0.009167 0.018333
3 0.465833 0.811667 0.007500 0.018333
3 0.554167 0.228333 0.008333 0.016667
3 0.407500 0.706667 0.008333 0.016667
2 0.654167 0.673333 0.010833 0.091667
3 0.679167 0.421667 0.007500 0.018333
2 0.778333 0.390000 0.023333 0.041667
3 0.668333 0.635000 0.007500 0.016667
2 0.232500 0.318333 0.019167 0.046667
2 0.332500 0.251667 0.030833 0.051667
3 0.692500 0.628333 0.008333 0.016667
2 0.724167 0.338333 0.045833 0.021667
3 0.777500 0.665000 0.011667 0.020000
3 0.477500 0.743333 0.010000 0.020000
3 0.757500 0.631667 0.009167 0.016667
3 0.685000 0.663333 0.011667 0.020000
2 0.251667 0.681667 0.045833 0.021667
3 0.754167 0.600000 0.010000 0.020000
2 0.440833 0.663333 0.009167 0.031667
3 0.761667 0.418333 0.009167 0.016667
2 0.752500 0.638333 0.097500 0.053333
3 0.267500 0.725000 0.008333 0.016667
3 0.749167 0.641667 0.009167 0.016667
3 0.332500 0.731667 0.009167 0.018333
3 0.271667 0.323333 0.011667 0.020000
2 0.470000 0.836667 0.034167 0.100000
2 0.299167 0.336667 0.048333 0.043333
2 0.784167 0.630000 0.045833 0.021667
3 0.540833 0.725000 0.008333 0.016667
3 0.328333 0.235000 0.007500 0.015000
2 0.506667 0.345000 0.013333 0.070000
2 0.573333 0.336667 0.013333 0.070000
2 0.684167 0.616667 0.020833 0.028333
2 0.334167 0.696667 0.019167 0.046667
3 0.705000 0.721667 0.008333 0.016667
3 0.686667 0.378333 0.006667 0.018333
3 0.696667 0.713333 0.008333 0.016667
3 0.718333 0.440000 0.017500 0.031667
3 0.276667 0.770000 0.010000 0.016667
3 0.645833 0.340000 0.011667 0.030000
3 0.566667 0.688333 0.007500 0.018333
3 0.251667 0.641667 0.013333 0.015000
3 0.737500 0.331667 0.010000 0.020000
2 0.725000 0.635000 0.058333 0.076667
3 0.708333 0.338333 0.008333 0.016667
2 0.280000 0.726667 0.022500 0.023333
2 0.315000 0.375000 0.014167 0.015000
3 0.476667 0.618333 0.010000 0.016667
3 0.535000 0.366667 0.007500 0.015000
3 0.325000 0.690000 0.008333 0.016667
2 0.691667 0.316667 0.023333 0.106667
2 0.205833 0.341667 0.048333 0.043333
2 0.530833 0.710000 0.030833 0.051667
3 0.672500 0.605000 0.007500 0.015000
2 0.385833 0.385000 0.022500 0.023333
3 0.267500 0.650000 0.009167 0.016667
3 0.660833 0.360000 0.007500 0.016667
2 0.306667 0.401667 0.021667 0.090000
2 0.493333 0.286667 0.035000 0.105000
2 0.749167 0.403333 0.097500 0.053333
2 0.529167 0.366667 0.020000 0.021667
3 0.240000 0.816667 0.007500 0.018333
3 0.244167 0.681667 0.015833 0.051667
3 0.274167 0.288333 0.007500 0.018333
2 0.327500 0.360000 0.021667 0.090000
2 0.365000 0.610000 0.011667 0.025000
3 0.746667 0.618333 0.013333 0.015000
3 0.720833 0.798333 0.017500 0.031667
3 0.259167 0.318333 0.007500 0.018333
3 0.418333 0.353333 0.011667 0.020000
3 0.273333 0.263333 0.011667 0.020000
2 0.612500 0.386667 0.027500 0.016667
2 0.535000 0.715000 0.023333 0.106667
2 0.395000 0.381667 0.034167 0.100000
2 0.489167 0.743333 0.021667 0.090000
2 0.384167 0.638333 0.017500 0.116667
3 0.500833 0.343333 0.007500 0.015000
2 0.599167 0.345000 0.027500 0.016667
2 0.653333 0.368333 0.022500 0.023333
3 0.303333 0.720000 0.008333 0.021667
3 0.266667 0.796667 0.008333 0.016667
2 0.640833 0.375000 0.019167 0.046667
2 0.765000 0.381667 0.014167 0.015000
2 0.650833 0.391667 0.026667 0.035000
2 0.548333 0.663333 0.014167 0.015000
3 0.784167 0.393333 0.010000 0.020000
2 0.485000 0.283333 0.034167 0.100000
3 0.384167 0.708333 0.010833 0.023333
3 0.549167 0.666667 0.013333 0.031667
2 0.780833 0.368333 0.011667 0.025000
2 0.554167 0.998333 0.010833 0.001667
2 0.680833 0.640000 0.058333 0.076667
3 0.649167 0.713333 0.009167 0.015000
3 0.490000 0.311667 0.014167 0.025000
2 0.685000 0.261667 0.009167 0.040000
3 0.641667 0.346667 0.007500 0.015000
3 0.647500 0.636667 0.010833 0.023333
3 0.717500 0.643333 0.007500 0.015000
2 0.596667 0.331667 0.029167 0.038333
3 0.305000 0.788333 0.010833 0.023333
2 0.495833 0.325000 0.030833 0.051667
3 0.458333 0.346667 0.008333 0.016667
2 0.469167 0.365000 0.011667 0.025000
2 0.793333 0.336667 0.029167 0.038333
2 0.690000 0.396667 0.013333 0.070000
2 0.735000 0.793333 0.009167 0.040000
3 0.472500 0.813333 0.015833 0.051667
3 0.480000 0.636667 0.009167 0.015000
3 0.585000 0.416667 0.010000 0.020000
2 0.520833 0.415000 0.022500 0.023333
2 0.317500 0.745000 0.009167 0.040000
2 0.287500 0.736667 0.013333 0.070000
2 0.758333 0.398333 0.097500 0.053333
2 0.510000 0.253333 0.011667 0.025000
3 0.432500 0.806667 0.007500 0.015000
2 0.325833 0.330000 0.035000 0.105000
2 0.330000 0.396667 0.045833 0.021667
3 0.655000 0.656667 0.013333 0.015000
2 0.505000 0.331667 0.020833 0.080000
