4 0.833333 0.465000 0.051667 0.103333
4 0.812500 0.558333 0.047500 0.138333
4 0.896667 0.575000 0.053333 0.071667
4 0.865833 0.466667 0.076667 0.020000
4 0.860833 0.576667 0.120833 0.260000
4 0.810833 0.565000 0.105000 0.141667
4 0.865833 0.625000 0.046667 0.040000
4 0.826667 0.626667 0.075833 0.110000
4 0.770000 0.495000 0.184167 0.061667
4 0.797500 0.495000 0.111667 0.070000
4 0.081667 0.525000 0.075000 0.090000
4 0.588333 0.528333 0.071667 0.115000
4 0.470000 0.515000 0.145000 0.076667
4 0.050000 0.451667 0.100833 0.170000
4 0.070833 0.501667 0.098333 0.146667
4 0.084167 0.493333 0.168333 0.103333
4 0.550833 0.538333 0.095000 0.048333
4 0.036667 0.480000 0.073333 0.175000
4 0.040833 0.483333 0.081667 0.056667
4 0.480000 0.461667 0.076667 0.123333
2 0.706667 0.555000 0.045833 0.021667
3 0.396667 0.511667 0.013333 0.015000
3 0.769167 0.458333 0.010000 0.020000
3 0.221667 0.523333 0.007500 0.018333
3 0.795833 0.553333 0.009167 0.023333
3 0.452500 0.556667 0.009167 0.016667
3 0.217500 0.545000 0.006667 0.018333
2 0.338333 0.586667 0.009167 0.040000
2 0.756667 0.470000 0.023333 0.106667
3 0.042500 0.481667 0.015833 0.051667
2 0.164167 0.635000 0.013333 0.070000
3 0.615833 0.570000 0.009167 0.016667
2 0.206667 0.533333 0.020833 0.080000
2 0.800833 0.538333 0.009167 0.040000
2 0.647500 0.583333 0.022500 0.023333
2 0.679167 0.578333 0.021667 0.090000
2 0.102500 0.486667 0.026667 0.035000
3 0.049167 0.490000 0.009167 0.015000
3 0.180000 0.538333 0.013333 0.031667
3 0.807500 0.471667 0.010833 0.013333
2 0.756667 0.535000 0.034167 0.100000
3 0.547500 0.568333 0.013333 0.031667
2 0.711667 0.478333 0.010000 0.031667
2 0.070833 0.571667 0.034167 0.038333
3 0.661667 0.505000 0.013333 0.015000
3 0.355000 0.466667 0.013333 0.015000
2 0.696667 0.516667 0.009167 0.031667
3 0.176667 0.493333 0.008333 0.016667
3 0.818333 0.515000 0.013333 0.031667
2 0.302500 0.513333 0.030833 0.051667
2 0.613333 0.463333 0.026667 0.035000
2 0.221667 0.485000 0.045833 0.021667
3 0.093333 0.473333 0.007500 0.018333
2 0.066667 0.600000 0.010833 0.091667
3 0.105833 0.595000 0.009167 0.018333
2 0.147500 0.546667 0.026667 0.035000
2 0.658333 0.593333 0.009167 0.031667
3 0.327500 0.465000 0.015833 0.051667
3 0.535833 0.595000 0.009167 0.023333
3 0.483333 0.403333 0.015833 0.051667
3 0.486667 0.396667 0.008333 0.016667
3 0.825000 0.541667 0.007500 0.015000
2 0.788333 0.468333 0.026667 0.035000
3 0.412500 0.450000 0.006667 0.018333
3 0.661667 0.471667 0.007500 0.015000
2 0.725000 0.466667 0.023333 0.041667
2 0.744167 0.503333 0.058333 0.076667
3 0.727500 0.536667 0.015833 0.051667
3 0.584167 0.490000 0.010833 0.013333
3 0.456667 0.431667 0.009167 0.016667
2 0.546667 0.561667 0.097500 0.053333
3 0.015000 0.505000 0.010833 0.013333
2 0.826667 0.586667 0.009167 0.031667
2 0.180000 0.520000 0.015833 0.068333
3 0.611667 0.520000 0.007500 0.015000
2 0.550833 0.570000 0.021667 0.090000
3 0.350833 0.458333 0.011667 0.020000
3 0.633333 0.558333 0.010000 0.020000
2 0.155000 0.630000 0.034167 0.100000
3 0.306667 0.523333 0.007500 0.015000
3 0.676667 0.471667 0.008333 0.016667
3 0.518333 0.495000 0.008333 0.021667
3 0.718333 0.468333 0.011667 0.020000
3 0.374167 0.555000 0.009167 0.015000
2 0.234167 0.563333 0.048333 0.025000
2 0.262500 0.440000 0.015833 0.068333
2 0.789167 0.471667 0.017500 0.116667
2 0.436667 0.483333 0.026667 0.035000
2 0.029167 0.476667 0.048333 0.025000
3 0.228333 0.593333 0.011667 0.020000
2 0.513333 0.551667 0.019167 0.046667
3 0.600833 0.486667 0.007500 0.018333
2 0.191667 0.440000 0.019167 0.046667
2 0.548333 0.560000 0.026667 0.035000
2 0.313333 0.478333 0.048333 0.025000
2 0.682500 0.508333 0.020833 0.080000
2 0.308333 0.490000 0.029167 0.038333
2 0.250833 0.488333 0.029167 0.038333
2 0.289167 0.508333 0.011667 0.025000
3 0.283333 0.541667 0.009167 0.016667
3 0.390000 0.471667 0.008333 0.016667
3 0.180833 0.563333 0.007500 0.016667
3 0.640833 0.570000 0.017500 0.031667
3 0.033333 0.575000 0.010000 0.016667
2 0.472500 0.516667 0.029167 0.038333
2 0.012500 0.508333 0.025000 0.025000
3 0.042500 0.511667 0.013333 0.031667
2 0.578333 0.536667 0.009167 0.040000
3 0.040000 0.573333 0.009167 0.015000
3 0.185833 0.556667 0.013333 0.015000
3 0.744167 0.500000 0.010000 0.016667
2 0.274167 0.551667 0.030833 0.051667
2 0.470833 0.405000 0.048333 0.043333
3 0.434167 0.581667 0.007500 0.015000
2 0.495833 0.580000 0.009167 0.040000
2 0.455833 0.521667 0.009167 0.031667
3 0.630833 0.508333 0.009167 0.018333
3 0.486667 0.396667 0.009167 0.015000
3 0.165000 0.496667 0.009167 0.023333
2 0.379167 0.488333 0.011667 0.025000
3 0.156667 0.498333 0.011667 0.020000
3 0.114167 0.526667 0.010833 0.013333
3 0.782500 0.450000 0.008333 0.016667
2 0.226667 0.641667 0.011667 0.066667
3 0.628333 0.363333 0.010833 0.023333
2 0.600833 0.380000 0.020000 0.021667
2 0.236667 0.395000 0.048333 0.025000
3 0.308333 0.691667 0.008333 0.016667
2 0.312500 0.166667 0.029167 0.038333
3 0.788333 0.343333 0.010000 0.020000
2 0.342500 0.318333 0.009167 0.031667
2 0.750833 0.373333 0.048333 0.043333
2 0.651667 0.643333 0.045833 0.021667
2 0.595833 0.328333 0.014167 0.015000
2 0.625833 0.371667 0.035000 0.105000
3 0.690000 0.615000 0.010833 0.023333
2 0.753333 0.640000 0.011667 0.066667
3 0.656667 0.670000 0.007500 0.018333
3 0.485833 0.755000 0.009167 0.023333
2 0.660000 0.353333 0.035000 0.105000
2 0.600000 0.998333 0.011667 0.001667
3 0.582500 0.320000 0.009167 0.016667
2 0.336667 0.340000 0.020833 0.080000
3 0.275833 0.763333 0.009167 0.023333
2 0.320833 0.676667 0.011667 0.066667
2 0.485000 0.853333 0.011667 0.025000
3 0.669167 0.631667 0.010000 0.016667
3 0.572500 0.635000 0.009167 0.016667
3 0.651667 0.655000 0.007500 0.018333
3 0.475000 0.796667 0.008333 0.016667
2 0.733333 0.328333 0.097500 0.053333
3 0.475000 0.325000 0.007500 0.015000
2 0.630833 0.375000 0.058333 0.076667
2 0.498333 0.398333 0.045833 0.021667
2 0.556667 0.725000 0.019167 0.046667
3 0.364167 0.306667 0.007500 0.015000
3 0.579167 0.763333 0.011667 0.030000
3 0.614167 0.770000 0.009167 0.018333
3 0.537500 0.345000 0.017500 0.031667
2 0.648333 0.353333 0.035000 0.105000
2 0.415833 0.691667 0.023333 0.041667
2 0.734167 0.791667 0.011667 0.066667
3 0.645000 0.623333 0.011667 0.030000
3 0.778333 0.336667 0.009167 0.023333
3 0.347500 0.765000 0.008333 0.016667
2 0.262500 0.403333 0.048333 0.025000
2 0.421667 0.840000 0.021667 0.090000
3 0.670000 0.658333 0.013333 0.015000
2 0.792500 0.611667 0.035000 0.105000
2 0.702500 0.696667 0.026667 0.035000
2 0.809167 0.615000 0.017500 0.116667
2 0.460000 0.348333 0.029167 0.038333
2 0.772500 0.421667 0.013333 0.070000
3 0.660000 0.360000 0.010000 0.020000
2 0.751667 0.376667 0.029167 0.038333
2 0.692500 0.306667 0.022500 0.023333
3 0.725833 0.615000 0.009167 0.016667
3 0.583333 0.751667 0.007500 0.015000
2 0.635000 0.360000 0.027500 0.016667
3 0.248333 0.678333 0.009167 0.016667
3 0.726667 0.636667 0.014167 0.025000
3 0.390000 0.648333 0.008333 0.016667
3 0.597500 0.710000 0.011667 0.020000
2 0.299167 0.350000 0.021667 0.090000
3 0.551667 0.235000 0.008333 0.016667
2 0.575000 0.625000 0.009167 0.031667
3 0.750833 0.713333 0.013333 0.015000
3 0.619167 0.370000 0.007500 0.015000
3 0.645833 0.400000 0.009167 0.016667
2 0.165833 0.645000 0.023333 0.106667
2 0.718333 0.695000 0.048333 0.025000
2 0.314167 0.395000 0.015833 0.068333
3 0.328333 0.340000 0.010000 0.020000
3 0.315833 0.251667 0.010000 0.016667
2 0.480000 0.721667 0.020833 0.080000
2 0.332500 0.251667 0.021667 0.090000
2 0.460000 0.348333 0.029167 0.038333
3 0.445000 0.713333 0.015833 0.051667
3 0.600833 0.323333 0.015833 0.051667
3 0.361667 0.613333 0.009167 0.016667
3 0.496667 0.398333 0.009167 0.015000
3 0.644167 0.403333 0.008333 0.016667
2 0.555833 0.828333 0.009167 0.031667
3 0.368333 0.678333 0.008333 0.016667
2 0.407500 0.425000 0.010833 0.091667
2 0.622500 0.323333 0.017500 0.116667
2 0.678333 0.385000 0.022500 0.023333
2 0.470833 0.368333 0.029167 0.038333
3 0.785833 0.338333 0.009167 0.016667
2 0.476667 0.268333 0.026667 0.035000
2 0.318333 0.666667 0.022500 0.023333
3 0.263333 0.205000 0.017500 0.031667
3 0.670000 0.341667 0.009167 0.016667
2 0.800000 0.383333 0.009167 0.040000
2 0.682500 0.665000 0.020833 0.080000
2 0.256667 0.753333 0.030833 0.051667
2 0.727500 0.710000 0.011667 0.025000
2 0.234167 0.865000 0.026667 0.035000
2 0.150833 0.666667 0.011667 0.025000
2 0.261667 0.640000 0.020833 0.028333
2 0.404167 0.733333 0.014167 0.015000
3 0.422500 0.361667 0.009167 0.015000
3 0.590833 0.401667 0.014167 0.025000
2 0.551667 0.271667 0.027500 0.016667
3 0.528333 0.415000 0.008333 0.016667
3 0.702500 0.621667 0.010833 0.023333
3 0.339167 0.225000 0.009167 0.015000
2 0.179167 0.643333 0.020833 0.028333
2 0.315000 0.640000 0.020833 0.028333
3 0.441667 0.808333 0.011667 0.030000
3 0.675833 0.396667 0.009167 0.023333
3 0.415833 0.748333 0.008333 0.016667
2 0.700833 0.335000 0.011667 0.025000
3 0.510000 0.343333 0.007500 0.018333
3 0.790000 0.351667 0.009167 0.016667
3 0.712500 0.681667 0.009167 0.015000
2 0.428333 0.338333 0.023333 0.106667
2 0.742500 0.598333 0.014167 0.015000
2 0.744167 0.406667 0.017500 0.116667
3 0.513333 0.323333 0.014167 0.025000
3 0.745833 0.375000 0.009167 0.018333
3 0.729167 0.610000 0.010000 0.020000
2 0.781667 0.743333 0.023333 0.041667
2 0.250000 0.393333 0.058333 0.076667
2 0.746667 0.715000 0.022500 0.023333
2 0.362500 0.685000 0.097500 0.053333
3 0.540833 0.998333 0.007500 0.001667
2 0.715833 0.615000 0.010000 0.031667
2 0.685000 0.420000 0.022500 0.023333
3 0.344167 0.671667 0.010000 0.016667
3 0.758333 0.406667 0.017500 0.031667
2 0.665000 0.360000 0.020000 0.021667
2 0.775000 0.730000 0.013333 0.070000
3 0.781667 0.600000 0.008333 0.016667
3 0.220000 0.656667 0.009167 0.016667
3 0.534167 0.281667 0.007500 0.015000
2 0.301667 0.603333 0.027500 0.016667
3 0.765833 0.370000 0.010833 0.023333
2 0.341667 0.863333 0.011667 0.025000
2 0.711667 0.373333 0.009167 0.031667
3 0.282500 0.711667 0.009167 0.016667
2 0.268333 0.405000 0.020833 0.028333
3 0.777500 0.655000 0.010000 0.020000
2 0.282500 0.273333 0.045833 0.021667
2 0.302500 0.391667 0.022500 0.023333
2 0.276667 0.748333 0.019167 0.046667
2 0.296667 0.675000 0.009167 0.040000
2 0.540000 0.618333 0.017500 0.116667
2 0.456667 0.096667 0.015833 0.068333
2 0.700000 0.365000 0.030833 0.051667
2 0.780833 0.341667 0.011667 0.066667
3 0.294167 0.246667 0.007500 0.018333
2 0.516667 0.361667 0.010000 0.031667
2 0.439167 0.653333 0.019167 0.046667
2 0.659167 0.391667 0.009167 0.031667
2 0.727500 0.691667 0.009167 0.031667
2 0.675833 0.420000 0.014167 0.015000
3 0.734167 0.371667 0.008333 0.016667
3 0.393333 0.690000 0.007500 0.015000
2 0.769167 0.401667 0.034167 0.100000
3 0.602500 0.410000 0.015833 0.051667
2 0.706667 0.438333 0.048333 0.025000
2 0.559167 0.251667 0.023333 0.041667
2 0.597500 0.740000 0.023333 0.041667
3 0.449167 0.658333 0.008333 0.021667
3 0.792500 0.655000 0.008333 0.021667
2 0.690000 0.686667 0.026667 0.035000
2 0.465833 0.296667 0.010833 0.091667
2 0.810000 0.408333 0.048333 0.043333
2 0.322500 0.686667 0.022500 0.023333
2 0.722500 0.708333 0.030833 0.051667
3 0.790000 0.345000 0.009167 0.016667
3 0.801667 0.368333 0.013333 0.015000
3 0.339167 0.710000 0.010000 0.020000
3 0.777500 0.665000 0.010833 0.023333
2 0.519167 0.251667 0.013333 0.070000
3 0.698333 0.261667 0.009167 0.023333
3 0.424167 0.816667 0.007500 0.018333
2 0.705833 0.735000 0.023333 0.041667
3 0.711667 0.448333 0.007500 0.015000
2 0.758333 0.406667 0.010000 0.031667
3 0.665833 0.445000 0.011667 0.020000
3 0.698333 0.300000 0.011667 0.020000
2 0.315833 0.856667 0.048333 0.043333
3 0.736667 0.660000 0.008333 0.021667
3 0.233333 0.391667 0.008333 0.021667
3 0.343333 0.725000 0.013333 0.031667
2 0.394167 0.665000 0.035000 0.105000
3 0.810000 0.613333 0.009167 0.018333
2 0.718333 0.470000 0.034167 0.100000
2 0.700833 0.580000 0.097500 0.053333
2 0.293333 0.726667 0.009167 0.031667
3 0.325000 0.368333 0.007500 0.016667
2 0.516667 0.370000 0.023333 0.106667
2 0.521667 0.295000 0.058333 0.076667
2 0.643333 0.711667 0.020833 0.080000
3 0.720000 0.638333 0.009167 0.016667
2 0.221667 0.330000 0.015833 0.068333
2 0.688333 0.351667 0.022500 0.023333
2 0.678333 0.623333 0.015833 0.068333
