4 0.810833 0.611667 0.065833 0.040000
4 0.813333 0.493333 0.090833 0.103333
4 0.821667 0.606667 0.088333 0.173333
4 0.860000 0.540000 0.092500 0.131667
4 0.817500 0.523333 0.048333 0.081667
4 0.836667 0.528333 0.077500 0.046667
4 0.825000 0.515000 0.093333 0.205000
4 0.817500 0.411667 0.080000 0.085000
4 0.870833 0.488333 0.051667 0.075000
4 0.763333 0.616667 0.232500 0.101667
4 0.130833 0.600000 0.115833 0.066667
4 0.262500 0.545000 0.080000 0.045000
4 0.303333 0.460000 0.050000 0.108333
4 0.800000 0.593333 0.042500 0.031667
4 0.409167 0.516667 0.071667 0.065000
4 0.156667 0.518333 0.064167 0.051667
4 0.778333 0.586667 0.091667 0.020000
4 0.437500 0.505000 0.100000 0.216667
4 0.585000 0.511667 0.062500 0.075000
4 0.029167 0.468333 0.059167 0.150000
2 0.023333 0.551667 0.013333 0.070000
3 0.090000 0.516667 0.014167 0.025000
2 0.289167 0.520000 0.020833 0.080000
3 0.827500 0.653333 0.009167 0.016667
2 0.324167 0.481667 0.011667 0.025000
2 0.535000 0.470000 0.009167 0.040000
3 0.250833 0.585000 0.017500 0.031667
2 0.669167 0.510000 0.097500 0.053333
2 0.460833 0.543333 0.058333 0.076667
2 0.563333 0.468333 0.019167 0.046667
3 0.195000 0.560000 0.014167 0.025000
2 0.248333 0.586667 0.010833 0.091667
3 0.054167 0.556667 0.013333 0.015000
2 0.194167 0.440000 0.045833 0.021667
3 0.655000 0.513333 0.008333 0.016667
2 0.620000 0.558333 0.020833 0.028333
2 0.077500 0.573333 0.015833 0.068333
2 0.772500 0.591667 0.021667 0.090000
2 0.484167 0.486667 0.014167 0.015000
2 0.381667 0.605000 0.023333 0.106667
3 0.121667 0.465000 0.007500 0.015000
2 0.481667 0.501667 0.009167 0.040000
3 0.205000 0.600000 0.006667 0.018333
2 0.265833 0.431667 0.035000 0.105000
3 0.597500 0.591667 0.007500 0.015000
2 0.466667 0.558333 0.045833 0.021667
2 0.757500 0.526667 0.048333 0.043333
3 0.345833 0.523333 0.013333 0.015000
2 0.226667 0.506667 0.011667 0.025000
3 0.440833 0.571667 0.011667 0.020000
3 0.463333 0.475000 0.010833 0.023333
3 0.190833 0.540000 0.009167 0.016667
2 0.596667 0.610000 0.048333 0.043333
2 0.300000 0.443333 0.035000 0.105000
3 0.614167 0.541667 0.009167 0.016667
3 0.682500 0.500000 0.009167 0.015000
3 0.559167 0.521667 0.013333 0.031667
2 0.487500 0.595000 0.013333 0.070000
2 0.575833 0.535000 0.034167 0.100000
3 0.379167 0.583333 0.009167 0.023333
2 0.054167 0.566667 0.020833 0.028333
2 0.250000 0.565000 0.014167 0.015000
2 0.632500 0.571667 0.034167 0.100000
2 0.209167 0.500000 0.013333 0.070000
2 0.520833 0.528333 0.029167 0.038333
2 0.500000 0.468333 0.048333 0.043333
3 0.564167 0.551667 0.008333 0.016667
2 0.714167 0.501667 0.020000 0.021667
2 0.368333 0.490000 0.026667 0.035000
3 0.785000 0.468333 0.009167 0.016667
3 0.357500 0.461667 0.009167 0.023333
3 0.542500 0.566667 0.009167 0.016667
3 0.489167 0.455000 0.015833 0.051667
2 0.320000 0.445000 0.027500 0.016667
3 0.645833 0.513333 0.013333 0.031667
2 0.650833 0.580000 0.022500 0.023333
2 0.343333 0.550000 0.019167 0.046667
3 0.319167 0.478333 0.008333 0.021667
3 0.699167 0.473333 0.008333 0.016667
3 0.055000 0.558333 0.007500 0.015000
2 0.561667 0.558333 0.014167 0.015000
3 0.496667 0.558333 0.008333 0.016667
3 0.220000 0.495000 0.011667 0.020000
2 0.321667 0.545000 0.010833 0.091667
3 0.090833 0.468333 0.013333 0.015000
3 0.091667 0.521667 0.007500 0.018333
3 0.105833 0.508333 0.010833 0.023333
3 0.357500 0.521667 0.009167 0.016667
2 0.703333 0.630000 0.010833 0.091667
2 0.405833 0.485000 0.009167 0.031667
2 0.796667 0.508333 0.027500 0.016667
2 0.796667 0.543333 0.021667 0.090000
2 0.418333 0.493333 0.015833 0.068333
2 0.399167 0.438333 0.045833 0.021667
3 0.599167 0.473333 0.011667 0.020000
2 0.480833 0.603333 0.009167 0.031667
3 0.206667 0.538333 0.009167 0.016667
3 0.315833 0.588333 0.010000 0.016667
2 0.259167 0.546667 0.021667 0.090000
2 0.779167 0.486667 0.015833 0.068333
3 0.231667 0.550000 0.015833 0.051667
3 0.150833 0.560000 0.007500 0.015000
2 0.223333 0.548333 0.020833 0.028333
2 0.546667 0.563333 0.027500 0.016667
2 0.694167 0.558333 0.009167 0.040000
3 0.335833 0.503333 0.010000 0.020000
3 0.629167 0.485000 0.015833 0.051667
3 0.773333 0.486667 0.007500 0.015000
2 0.565833 0.571667 0.020833 0.080000
2 0.207500 0.566667 0.010833 0.091667
3 0.685000 0.588333 0.008333 0.016667
3 0.471667 0.510000 0.017500 0.031667
2 0.592500 0.588333 0.048333 0.043333
2 0.628333 0.516667 0.014167 0.015000
2 0.631667 0.478333 0.097500 0.053333
2 0.313333 0.476667 0.011667 0.066667
3 0.629167 0.515000 0.013333 0.015000
3 0.506667 0.570000 0.009167 0.016667
2 0.338333 0.553333 0.035000 0.105000
2 0.436667 0.606667 0.011667 0.025000
2 0.043333 0.515000 0.087500 0.053333
3 0.285833 0.590000 0.008333 0.016667
2 0.720833 0.653333 0.026667 0.035000
2 0.745833 0.618333 0.014167 0.015000
2 0.222500 0.218333 0.048333 0.043333
2 0.338333 0.703333 0.011667 0.025000
3 0.365000 0.671667 0.014167 0.025000
3 0.789167 0.330000 0.010000 0.020000
2 0.694167 0.648333 0.009167 0.031667
3 0.822500 0.700000 0.009167 0.015000
3 0.255833 0.228333 0.007500 0.015000
3 0.680000 0.681667 0.007500 0.015000
3 0.378333 0.370000 0.011667 0.030000
2 0.757500 0.288333 0.011667 0.025000
2 0.728333 0.293333 0.035000 0.105000
3 0.669167 0.363333 0.011667 0.020000
3 0.808333 0.646667 0.009167 0.023333
3 0.452500 0.743333 0.009167 0.015000
3 0.679167 0.440000 0.010833 0.013333
3 0.780833 0.375000 0.017500 0.031667
3 0.443333 0.825000 0.010833 0.013333
2 0.725833 0.701667 0.011667 0.066667
2 0.323333 0.323333 0.019167 0.046667
3 0.688333 0.386667 0.008333 0.016667
3 0.652500 0.335000 0.008333 0.016667
2 0.550833 0.638333 0.014167 0.015000
2 0.410000 0.841667 0.017500 0.116667
3 0.522500 0.760000 0.008333 0.016667
2 0.391667 0.720000 0.097500 0.053333
3 0.705000 0.423333 0.008333 0.016667
3 0.493333 0.161667 0.013333 0.015000
2 0.685000 0.623333 0.097500 0.053333
2 0.698333 0.240000 0.009167 0.040000
2 0.691667 0.695000 0.034167 0.100000
3 0.404167 0.728333 0.014167 0.025000
2 0.294167 0.411667 0.021667 0.090000
2 0.525833 0.401667 0.021667 0.090000
3 0.686667 0.271667 0.010833 0.023333
2 0.647500 0.390000 0.023333 0.041667
2 0.735833 0.813333 0.023333 0.041667
3 0.408333 0.388333 0.009167 0.018333
3 0.770000 0.361667 0.010000 0.020000
2 0.470000 0.196667 0.045833 0.021667
3 0.455833 0.250000 0.017500 0.031667
2 0.348333 0.360000 0.009167 0.031667
3 0.585000 0.360000 0.010000 0.016667
2 0.457500 0.775000 0.029167 0.038333
2 0.704167 0.306667 0.013333 0.070000
3 0.705000 0.728333 0.011667 0.030000
3 0.436667 0.851667 0.011667 0.030000
2 0.320000 0.426667 0.030833 0.051667
2 0.581667 0.735000 0.029167 0.038333
2 0.608333 0.801667 0.020833 0.080000
3 0.756667 0.401667 0.010000 0.020000
3 0.448333 0.386667 0.008333 0.016667
3 0.516667 0.598333 0.007500 0.015000
2 0.657500 0.371667 0.048333 0.025000
2 0.665833 0.656667 0.014167 0.015000
2 0.728333 0.820000 0.022500 0.023333
3 0.458333 0.401667 0.013333 0.015000
3 0.313333 0.345000 0.009167 0.023333
3 0.239167 0.761667 0.009167 0.016667
2 0.360833 0.648333 0.010833 0.091667
2 0.772500 0.651667 0.022500 0.023333
2 0.720000 0.381667 0.030833 0.051667
2 0.655000 0.396667 0.014167 0.015000
3 0.634167 0.408333 0.007500 0.018333
3 0.322500 0.240000 0.007500 0.016667
3 0.646667 0.356667 0.007500 0.018333
2 0.415000 0.671667 0.097500 0.053333
2 0.785000 0.370000 0.020000 0.021667
2 0.756667 0.390000 0.013333 0.070000
2 0.386667 0.733333 0.021667 0.090000
3 0.742500 0.660000 0.008333 0.016667
3 0.671667 0.638333 0.009167 0.023333
3 0.500000 0.771667 0.007500 0.015000
2 0.424167 0.720000 0.009167 0.031667
3 0.526667 0.265000 0.009167 0.016667
3 0.774167 0.396667 0.009167 0.016667
2 0.685000 0.675000 0.026667 0.035000
3 0.687500 0.646667 0.015833 0.051667
2 0.454167 0.891667 0.021667 0.090000
2 0.369167 0.753333 0.026667 0.035000
2 0.439167 0.171667 0.020833 0.080000
3 0.815000 0.398333 0.008333 0.021667
3 0.778333 0.456667 0.015833 0.051667
2 0.550833 0.398333 0.009167 0.040000
3 0.289167 0.736667 0.015833 0.051667
2 0.774167 0.705000 0.020833 0.080000
2 0.755833 0.348333 0.034167 0.038333
3 0.297500 0.706667 0.011667 0.020000
3 0.307500 0.730000 0.008333 0.021667
3 0.533333 0.378333 0.014167 0.025000
2 0.762500 0.601667 0.019167 0.046667
2 0.762500 0.405000 0.034167 0.100000
2 0.390833 0.655000 0.009167 0.040000
3 0.232500 0.386667 0.010000 0.020000
3 0.573333 0.616667 0.010000 0.020000
3 0.455000 0.753333 0.010000 0.016667
2 0.719167 0.691667 0.026667 0.035000
2 0.701667 0.193333 0.035000 0.105000
3 0.550000 0.361667 0.017500 0.031667
2 0.644167 0.391667 0.045833 0.021667
3 0.355833 0.368333 0.008333 0.016667
2 0.385833 0.713333 0.023333 0.041667
2 0.315833 0.630000 0.058333 0.076667
2 0.759167 0.653333 0.009167 0.031667
2 0.646667 0.333333 0.010000 0.031667
3 0.795833 0.370000 0.008333 0.016667
2 0.379167 0.795000 0.097500 0.053333
2 0.720833 0.435000 0.029167 0.038333
3 0.524167 0.423333 0.015833 0.051667
2 0.468333 0.330000 0.010833 0.091667
2 0.680000 0.301667 0.048333 0.025000
3 0.544167 0.295000 0.010000 0.016667
2 0.609167 0.388333 0.026667 0.035000
2 0.515000 0.718333 0.026667 0.035000
3 0.386667 0.400000 0.007500 0.016667
2 0.450833 0.375000 0.048333 0.025000
3 0.524167 0.415000 0.015833 0.051667
3 0.423333 0.346667 0.007500 0.018333
3 0.813333 0.720000 0.007500 0.018333
3 0.723333 0.418333 0.007500 0.015000
2 0.745000 0.406667 0.034167 0.038333
3 0.745833 0.620000 0.011667 0.030000
2 0.300000 0.698333 0.048333 0.043333
3 0.453333 0.268333 0.009167 0.018333
2 0.794167 0.355000 0.019167 0.046667
3 0.620833 0.676667 0.008333 0.016667
3 0.746667 0.385000 0.006667 0.018333
2 0.794167 0.363333 0.019167 0.046667
2 0.559167 0.251667 0.023333 0.106667
3 0.525000 0.360000 0.009167 0.016667
3 0.324167 0.741667 0.007500 0.016667
2 0.760000 0.590000 0.009167 0.040000
2 0.446667 0.336667 0.020833 0.080000
2 0.367500 0.758333 0.048333 0.043333
2 0.679167 0.663333 0.009167 0.040000
2 0.783333 0.373333 0.011667 0.066667
3 0.702500 0.615000 0.010000 0.016667
3 0.723333 0.436667 0.008333 0.016667
2 0.339167 0.831667 0.015833 0.068333
2 0.246667 0.411667 0.021667 0.090000
2 0.748333 0.623333 0.097500 0.053333
2 0.481667 0.785000 0.023333 0.041667
2 0.567500 0.695000 0.020833 0.080000
2 0.642500 0.391667 0.034167 0.100000
3 0.508333 0.253333 0.014167 0.025000
3 0.677500 0.335000 0.009167 0.016667
3 0.412500 0.843333 0.013333 0.015000
3 0.594167 0.998333 0.015833 0.001667
3 0.719167 0.998333 0.009167 0.001667
3 0.542500 0.706667 0.007500 0.016667
3 0.705000 0.360000 0.011667 0.030000
2 0.295833 0.376667 0.045833 0.021667
2 0.315833 0.298333 0.048333 0.025000
3 0.695000 0.660000 0.009167 0.015000
3 0.310833 0.401667 0.013333 0.031667
2 0.820000 0.303333 0.058333 0.076667
2 0.340833 0.241667 0.011667 0.066667
2 0.369167 0.750000 0.048333 0.043333
2 0.702500 0.653333 0.048333 0.043333
3 0.710000 0.703333 0.007500 0.016667
2 0.316667 0.701667 0.014167 0.015000
3 0.312500 0.458333 0.013333 0.031667
3 0.530000 0.690000 0.010833 0.023333
2 0.020000 0.596667 0.027500 0.016667
2 0.679167 0.625000 0.023333 0.041667
2 0.308333 0.265000 0.020833 0.080000
2 0.344167 0.730000 0.010833 0.091667
2 0.310833 0.648333 0.023333 0.106667
2 0.686667 0.630000 0.097500 0.053333
3 0.550833 0.663333 0.009167 0.015000
3 0.715833 0.640000 0.010833 0.013333
2 0.575000 0.753333 0.048333 0.025000
3 0.685833 0.661667 0.009167 0.018333
2 0.526667 0.633333 0.015833 0.068333
2 0.374167 0.750000 0.020833 0.028333
3 0.684167 0.411667 0.009167 0.016667
3 0.812500 0.401667 0.010000 0.016667
3 0.558333 0.668333 0.010833 0.023333
2 0.529167 0.296667 0.020000 0.021667
2 0.292500 0.693333 0.058333 0.076667
3 0.267500 0.648333 0.010000 0.020000
3 0.442500 0.416667 0.007500 0.018333
3 0.540000 0.353333 0.007500 0.018333
3 0.806667 0.420000 0.014167 0.025000
3 0.675833 0.718333 0.008333 0.016667
3 0.652500 0.598333 0.017500 0.031667
3 0.439167 0.765000 0.014167 0.025000
3 0.786667 0.408333 0.009167 0.016667
3 0.633333 0.391667 0.008333 0.016667
3 0.463333 0.690000 0.011667 0.020000
2 0.714167 0.590000 0.048333 0.025000
3 0.396667 0.670000 0.008333 0.016667
2 0.690833 0.800000 0.020833 0.080000
2 0.677500 0.363333 0.048333 0.043333
3 0.646667 0.336667 0.009167 0.016667
2 0.483333 0.386667 0.097500 0.053333
2 0.789167 0.423333 0.022500 0.023333
