4 0.755000 0.803333 0.247500 0.393333
4 0.802500 0.468333 0.125000 0.033333
4 0.794167 0.441667 0.130000 0.118333
4 0.840833 0.498333 0.039167 0.110000
4 0.846667 0.530000 0.041667 0.041667
4 0.785833 0.810000 0.227500 0.275000
4 0.870000 0.428333 0.112500 0.213333
4 0.871667 0.463333 0.058333 0.048333
4 0.895000 0.585000 0.068333 0.023333
4 0.877500 0.458333 0.085000 0.040000
4 0.331667 0.615000 0.222500 0.143333
4 0.469167 0.468333 0.100000 0.160000
4 0.036667 0.583333 0.074167 0.075000
4 0.450000 0.598333 0.181667 0.153333
4 0.557500 0.571667 0.090000 0.163333
4 0.408333 0.578333 0.155000 0.073333
4 0.140000 0.475000 0.071667 0.038333
4 0.103333 0.523333 0.145000 0.108333
4 0.023333 0.700000 0.046667 0.318333
4 0.189167 0.558333 0.089167 0.078333
3 0.267500 0.463333 0.007500 0.015000
2 0.345833 0.535000 0.023333 0.041667
3 0.601667 0.538333 0.009167 0.016667
2 0.645833 0.556667 0.020833 0.080000
2 0.171667 0.535000 0.027500 0.016667
3 0.539167 0.491667 0.007500 0.018333
2 0.360833 0.520000 0.027500 0.016667
3 0.355833 0.536667 0.010833 0.013333
3 0.029167 0.491667 0.013333 0.015000
2 0.020833 0.575000 0.034167 0.100000
3 0.063333 0.505000 0.013333 0.031667
2 0.432500 0.623333 0.013333 0.070000
2 0.050000 0.565000 0.022500 0.023333
2 0.609167 0.476667 0.048333 0.025000
3 0.581667 0.463333 0.010833 0.023333
2 0.724167 0.488333 0.020833 0.080000
2 0.468333 0.363333 0.035000 0.105000
2 0.250833 0.548333 0.035000 0.105000
2 0.690000 0.548333 0.027500 0.016667
3 0.195000 0.456667 0.008333 0.016667
2 0.786667 0.491667 0.027500 0.016667
3 0.818333 0.658333 0.008333 0.016667
3 0.043333 0.473333 0.011667 0.030000
2 0.667500 0.521667 0.020833 0.028333
3 0.481667 0.423333 0.009167 0.016667
3 0.056667 0.576667 0.009167 0.023333
3 0.345833 0.581667 0.007500 0.015000
2 0.390000 0.570000 0.010833 0.091667
2 0.814167 0.628333 0.011667 0.025000
3 0.630000 0.475000 0.008333 0.021667
3 0.825833 0.361667 0.008333 0.016667
3 0.420833 0.591667 0.007500 0.018333
2 0.291667 0.456667 0.045833 0.021667
2 0.163333 0.480000 0.034167 0.038333
2 0.762500 0.518333 0.019167 0.046667
3 0.733333 0.576667 0.008333 0.016667
3 0.175000 0.610000 0.011667 0.020000
3 0.825833 0.603333 0.007500 0.018333
3 0.785000 0.471667 0.013333 0.015000
2 0.312500 0.490000 0.034167 0.100000
3 0.595833 0.586667 0.010000 0.016667
2 0.160000 0.550000 0.010833 0.091667
3 0.605833 0.478333 0.009167 0.016667
2 0.780000 0.523333 0.011667 0.066667
3 0.740000 0.580000 0.007500 0.018333
3 0.455833 0.545000 0.008333 0.016667
3 0.584167 0.516667 0.007500 0.015000
2 0.641667 0.580000 0.009167 0.031667
3 0.250000 0.505000 0.009167 0.016667
3 0.395833 0.498333 0.010000 0.020000
2 0.716667 0.560000 0.015833 0.068333
3 0.501667 0.525000 0.007500 0.016667
2 0.085833 0.463333 0.010000 0.031667
3 0.593333 0.513333 0.009167 0.023333
3 0.321667 0.553333 0.010833 0.013333
3 0.405000 0.558333 0.009167 0.018333
2 0.710833 0.613333 0.034167 0.100000
3 0.403333 0.523333 0.009167 0.016667
2 0.164167 0.583333 0.021667 0.090000
2 0.593333 0.556667 0.035000 0.105000
2 0.715000 0.623333 0.010833 0.091667
2 0.360833 0.571667 0.097500 0.053333
2 0.479167 0.466667 0.015833 0.068333
3 0.203333 0.535000 0.008333 0.016667
3 0.514167 0.473333 0.010833 0.013333
2 0.574167 0.581667 0.021667 0.090000
2 0.289167 0.515000 0.009167 0.031667
3 0.495833 0.511667 0.010833 0.023333
2 0.405833 0.441667 0.015833 0.068333
2 0.616667 0.551667 0.014167 0.015000
2 0.289167 0.578333 0.048333 0.025000
2 0.113333 0.586667 0.048333 0.025000
3 0.817500 0.558333 0.008333 0.016667
3 0.298333 0.476667 0.007500 0.015000
2 0.090000 0.520000 0.034167 0.038333
2 0.391667 0.523333 0.048333 0.043333
3 0.340000 0.591667 0.007500 0.018333
3 0.575000 0.543333 0.007500 0.015000
2 0.515833 0.596667 0.048333 0.025000
2 0.295833 0.551667 0.014167 0.015000
2 0.319167 0.615000 0.013333 0.070000
2 0.020000 0.530000 0.040000 0.076667
2 0.222500 0.500000 0.034167 0.038333
2 0.615000 0.486667 0.029167 0.038333
2 0.620000 0.483333 0.058333 0.076667
3 0.219167 0.548333 0.007500 0.018333
2 0.521667 0.561667 0.034167 0.100000
3 0.657500 0.515000 0.007500 0.018333
3 0.220000 0.553333 0.017500 0.031667
2 0.194167 0.476667 0.010000 0.031667
2 0.346667 0.555000 0.015833 0.068333
2 0.406667 0.551667 0.011667 0.066667
3 0.383333 0.476667 0.013333 0.031667
2 0.421667 0.585000 0.023333 0.041667
2 0.282500 0.513333 0.011667 0.066667
3 0.515833 0.551667 0.010833 0.013333
3 0.816667 0.583333 0.008333 0.016667
3 0.606667 0.496667 0.009167 0.015000
2 0.240833 0.531667 0.045833 0.021667
2 0.630000 0.541667 0.026667 0.035000
3 0.219167 0.506667 0.009167 0.023333
2 0.220833 0.540000 0.009167 0.031667
2 0.404167 0.806667 0.009167 0.031667
2 0.477500 0.255000 0.027500 0.016667
3 0.221667 0.421667 0.010833 0.013333
2 0.419167 0.735000 0.034167 0.038333
2 0.663333 0.365000 0.058333 0.076667
3 0.580833 0.656667 0.011667 0.020000
3 0.767500 0.751667 0.008333 0.021667
3 0.324167 0.408333 0.008333 0.016667
2 0.666667 0.591667 0.097500 0.053333
2 0.698333 0.365000 0.029167 0.038333
2 0.197500 0.368333 0.097500 0.053333
3 0.771667 0.675000 0.013333 0.015000
2 0.394167 0.368333 0.009167 0.031667
3 0.670000 0.408333 0.011667 0.020000
2 0.301667 0.225000 0.034167 0.038333
2 0.623333 0.596667 0.035000 0.105000
3 0.695833 0.608333 0.007500 0.015000
2 0.625833 0.623333 0.045833 0.021667
2 0.772500 0.695000 0.015833 0.068333
2 0.697500 0.251667 0.011667 0.025000
2 0.320833 0.380000 0.020000 0.021667
3 0.471667 0.810000 0.017500 0.031667
3 0.428333 0.385000 0.008333 0.021667
3 0.701667 0.416667 0.014167 0.025000
3 0.287500 0.320000 0.010000 0.020000
3 0.679167 0.636667 0.007500 0.018333
3 0.471667 0.818333 0.014167 0.025000
2 0.402500 0.686667 0.027500 0.016667
3 0.434167 0.648333 0.010833 0.023333
3 0.521667 0.406667 0.009167 0.016667
3 0.666667 0.381667 0.007500 0.015000
3 0.483333 0.301667 0.007500 0.015000
2 0.264167 0.276667 0.014167 0.015000
3 0.760833 0.418333 0.011667 0.020000
3 0.365833 0.615000 0.009167 0.015000
2 0.755833 0.383333 0.034167 0.100000
2 0.617500 0.368333 0.034167 0.038333
3 0.655000 0.621667 0.007500 0.016667
3 0.750000 0.715000 0.015833 0.051667
2 0.670000 0.648333 0.010000 0.031667
3 0.762500 0.385000 0.007500 0.016667
2 0.229167 0.415000 0.034167 0.100000
3 0.611667 0.340000 0.011667 0.030000
2 0.449167 0.695000 0.020833 0.080000
3 0.454167 0.786667 0.009167 0.016667
3 0.336667 0.645000 0.011667 0.020000
2 0.485000 0.706667 0.029167 0.038333
3 0.746667 0.705000 0.007500 0.018333
2 0.784167 0.626667 0.019167 0.046667
3 0.731667 0.346667 0.009167 0.016667
2 0.522500 0.640000 0.023333 0.106667
2 0.301667 0.375000 0.034167 0.038333
2 0.188333 0.435000 0.010833 0.091667
2 0.217500 0.425000 0.034167 0.100000
3 0.395000 0.358333 0.007500 0.018333
2 0.449167 0.350000 0.011667 0.066667
3 0.470000 0.356667 0.010000 0.016667
2 0.278333 0.743333 0.014167 0.015000
3 0.444167 0.345000 0.007500 0.015000
3 0.498333 0.301667 0.010000 0.020000
2 0.508333 0.818333 0.023333 0.106667
3 0.287500 0.413333 0.009167 0.023333
3 0.759167 0.295000 0.007500 0.015000
3 0.537500 0.731667 0.013333 0.015000
2 0.593333 0.778333 0.010833 0.091667
2 0.766667 0.363333 0.011667 0.066667
3 0.505000 0.333333 0.007500 0.018333
3 0.312500 0.386667 0.008333 0.016667
3 0.225000 0.708333 0.011667 0.020000
2 0.602500 0.318333 0.020833 0.080000
2 0.831667 0.350000 0.034167 0.100000
2 0.472500 0.746667 0.029167 0.038333
3 0.685000 0.631667 0.008333 0.016667
3 0.695000 0.303333 0.017500 0.031667
3 0.737500 0.693333 0.007500 0.015000
3 0.725833 0.645000 0.011667 0.030000
3 0.496667 0.773333 0.008333 0.021667
2 0.158333 0.383333 0.029167 0.038333
3 0.292500 0.776667 0.010000 0.016667
3 0.727500 0.353333 0.010000 0.020000
2 0.347500 0.330000 0.011667 0.066667
3 0.305000 0.721667 0.015833 0.051667
2 0.561667 0.710000 0.029167 0.038333
2 0.702500 0.700000 0.017500 0.116667
2 0.425000 0.806667 0.035000 0.105000
2 0.628333 0.706667 0.034167 0.100000
3 0.372500 0.345000 0.010000 0.016667
2 0.493333 0.250000 0.019167 0.046667
2 0.709167 0.601667 0.020000 0.021667
2 0.675000 0.638333 0.010000 0.031667
3 0.705000 0.666667 0.007500 0.015000
3 0.684167 0.675000 0.006667 0.018333
3 0.385000 0.391667 0.013333 0.031667
3 0.415833 0.680000 0.011667 0.020000
3 0.264167 0.386667 0.010833 0.013333
3 0.325833 0.708333 0.007500 0.015000
3 0.378333 0.381667 0.009167 0.018333
3 0.822500 0.438333 0.008333 0.016667
3 0.288333 0.151667 0.009167 0.015000
3 0.654167 0.366667 0.010833 0.023333
2 0.410000 0.688333 0.009167 0.031667
2 0.660833 0.456667 0.009167 0.031667
3 0.455000 0.723333 0.006667 0.018333
3 0.765833 0.366667 0.006667 0.018333
3 0.786667 0.375000 0.010000 0.020000
2 0.516667 0.370000 0.023333 0.106667
2 0.747500 0.585000 0.009167 0.040000
2 0.490000 0.296667 0.020833 0.080000
2 0.540833 0.416667 0.027500 0.016667
2 0.437500 0.640000 0.058333 0.076667
2 0.278333 0.756667 0.010833 0.091667
3 0.566667 0.243333 0.007500 0.015000
2 0.555000 0.693333 0.035000 0.105000
2 0.710833 0.696667 0.009167 0.031667
2 0.213333 0.670000 0.019167 0.046667
2 0.720000 0.600000 0.011667 0.066667
3 0.322500 0.273333 0.009167 0.023333
2 0.703333 0.371667 0.020000 0.021667
2 0.258333 0.726667 0.014167 0.015000
2 0.460833 0.271667 0.035000 0.105000
2 0.475000 0.370000 0.034167 0.038333
3 0.583333 0.431667 0.007500 0.015000
2 0.481667 0.623333 0.015833 0.068333
2 0.170833 0.663333 0.013333 0.070000
3 0.534167 0.348333 0.007500 0.015000
3 0.653333 0.418333 0.006667 0.018333
2 0.691667 0.310000 0.034167 0.100000
3 0.766667 0.680000 0.010833 0.023333
3 0.308333 0.395000 0.013333 0.015000
2 0.600000 0.348333 0.022500 0.023333
3 0.515833 0.810000 0.007500 0.015000
3 0.665000 0.401667 0.008333 0.021667
2 0.524167 0.766667 0.009167 0.031667
3 0.840000 0.328333 0.017500 0.031667
3 0.643333 0.438333 0.007500 0.015000
3 0.435833 0.650000 0.014167 0.025000
2 0.521667 0.246667 0.048333 0.043333
3 0.810833 0.631667 0.006667 0.018333
3 0.590833 0.758333 0.009167 0.016667
2 0.535833 0.661667 0.026667 0.035000
2 0.685833 0.655000 0.023333 0.106667
2 0.710000 0.648333 0.010833 0.091667
2 0.740833 0.670000 0.009167 0.040000
3 0.538333 0.680000 0.011667 0.020000
3 0.152500 0.625000 0.015833 0.051667
3 0.586667 0.748333 0.008333 0.016667
3 0.531667 0.710000 0.009167 0.023333
2 0.395833 0.370000 0.027500 0.016667
3 0.251667 0.393333 0.007500 0.018333
2 0.792500 0.618333 0.017500 0.116667
2 0.559167 0.436667 0.009167 0.031667
2 0.669167 0.418333 0.027500 0.016667
3 0.465833 0.813333 0.008333 0.016667
3 0.654167 0.391667 0.010833 0.013333
3 0.802500 0.418333 0.009167 0.018333
3 0.254167 0.706667 0.009167 0.016667
2 0.772500 0.416667 0.045833 0.021667
3 0.475833 0.303333 0.010000 0.020000
2 0.367500 0.756667 0.010833 0.091667
2 0.372500 0.373333 0.023333 0.041667
3 0.623333 0.341667 0.009167 0.018333
2 0.362500 0.640000 0.017500 0.116667
3 0.700833 0.646667 0.011667 0.020000
3 0.334167 0.333333 0.008333 0.016667
3 0.412500 0.686667 0.011667 0.030000
2 0.705000 0.590000 0.058333 0.076667
3 0.745000 0.608333 0.011667 0.020000
3 0.279167 0.670000 0.010000 0.016667
2 0.630000 0.618333 0.048333 0.043333
2 0.715833 0.640000 0.030833 0.051667
3 0.758333 0.413333 0.007500 0.015000
2 0.440000 0.726667 0.027500 0.016667
2 0.314167 0.185000 0.026667 0.035000
3 0.600833 0.708333 0.007500 0.018333
2 0.794167 0.621667 0.048333 0.025000
3 0.365833 0.655000 0.010000 0.016667
3 0.490000 0.296667 0.009167 0.016667
2 0.533333 0.350000 0.026667 0.035000
3 0.716667 0.618333 0.008333 0.016667
3 0.492500 0.335000 0.007500 0.015000
2 0.763333 0.623333 0.023333 0.106667
3 0.548333 0.658333 0.014167 0.025000
2 0.550833 0.701667 0.017500 0.116667
3 0.328333 0.801667 0.010000 0.020000
2 0.722500 0.738333 0.045833 0.021667
3 0.750000 0.655000 0.007500 0.015000
2 0.741667 0.620000 0.035000 0.105000
3 0.488333 0.203333 0.010000 0.016667
2 0.757500 0.376667 0.097500 0.053333
3 0.750000 0.606667 0.009167 0.015000
2 0.797500 0.340000 0.020833 0.080000
3 0.618333 0.646667 0.008333 0.016667
2 0.690000 0.368333 0.009167 0.040000
2 0.475833 0.441667 0.027500 0.016667
3 0.423333 0.398333 0.008333 0.016667
3 0.575000 0.178333 0.008333 0.021667
2 0.273333 0.753333 0.015833 0.068333
3 0.752500 0.398333 0.008333 0.016667
