4 0.827500 0.455000 0.093333 0.040000
4 0.830833 0.400000 0.045833 0.058333
4 0.844167 0.520000 0.070833 0.051667
4 0.785833 0.458333 0.137500 0.131667
4 0.804167 0.405000 0.117500 0.065000
4 0.830000 0.581667 0.172500 0.090000
4 0.827500 0.623333 0.058333 0.048333
4 0.771667 0.555000 0.184167 0.068333
4 0.826667 0.470000 0.099167 0.113333
4 0.810833 0.558333 0.109167 0.050000
4 0.080833 0.553333 0.082500 0.146667
4 0.637500 0.670000 0.225833 0.256667
4 0.680000 0.583333 0.043333 0.076667
4 0.627500 0.646667 0.170000 0.163333
4 0.454167 0.535000 0.039167 0.053333
4 0.290000 0.630000 0.291667 0.231667
4 0.280000 0.561667 0.093333 0.146667
4 0.385833 0.456667 0.160000 0.235000
4 0.539167 0.471667 0.044167 0.055000
4 0.095833 0.513333 0.030833 0.021667
3 0.827500 0.568333 0.010000 0.020000
3 0.798333 0.505000 0.008333 0.016667
3 0.642500 0.538333 0.008333 0.016667
3 0.078333 0.490000 0.008333 0.021667
3 0.268333 0.545000 0.009167 0.023333
2 0.260000 0.511667 0.009167 0.031667
2 0.422500 0.486667 0.058333 0.076667
2 0.157500 0.466667 0.045833 0.021667
3 0.175833 0.536667 0.010000 0.020000
3 0.661667 0.516667 0.010833 0.013333
2 0.716667 0.486667 0.015833 0.068333
2 0.181667 0.541667 0.019167 0.046667
3 0.401667 0.498333 0.015833 0.051667
3 0.423333 0.538333 0.008333 0.016667
2 0.059167 0.521667 0.019167 0.046667
3 0.112500 0.491667 0.009167 0.016667
2 0.404167 0.575000 0.034167 0.100000
3 0.307500 0.566667 0.009167 0.016667
3 0.216667 0.543333 0.009167 0.023333
3 0.594167 0.573333 0.009167 0.018333
2 0.336667 0.440000 0.019167 0.046667
3 0.266667 0.583333 0.009167 0.015000
3 0.738333 0.451667 0.007500 0.015000
3 0.167500 0.511667 0.009167 0.018333
3 0.605833 0.565000 0.011667 0.020000
3 0.797500 0.475000 0.011667 0.030000
2 0.391667 0.553333 0.023333 0.106667
2 0.366667 0.481667 0.014167 0.015000
3 0.451667 0.515000 0.009167 0.016667
3 0.130833 0.518333 0.010000 0.020000
2 0.311667 0.461667 0.009167 0.040000
2 0.355833 0.481667 0.048333 0.025000
2 0.323333 0.596667 0.021667 0.090000
3 0.601667 0.520000 0.010833 0.013333
2 0.244167 0.528333 0.045833 0.021667
3 0.372500 0.585000 0.009167 0.016667
2 0.313333 0.526667 0.010833 0.091667
2 0.201667 0.575000 0.021667 0.090000
3 0.750000 0.570000 0.007500 0.016667
2 0.070833 0.511667 0.014167 0.015000
2 0.196667 0.591667 0.010000 0.031667
2 0.343333 0.490000 0.058333 0.076667
3 0.494167 0.410000 0.007500 0.015000
2 0.204167 0.550000 0.009167 0.031667
2 0.587500 0.543333 0.058333 0.076667
2 0.582500 0.438333 0.045833 0.021667
3 0.696667 0.466667 0.010000 0.020000
3 0.802500 0.608333 0.007500 0.018333
2 0.558333 0.491667 0.048333 0.025000
2 0.186667 0.480000 0.029167 0.038333
3 0.029167 0.505000 0.010000 0.020000
3 0.257500 0.490000 0.017500 0.031667
2 0.471667 0.516667 0.011667 0.025000
3 0.254167 0.571667 0.015833 0.051667
2 0.179167 0.488333 0.010000 0.031667
3 0.700833 0.521667 0.011667 0.020000
3 0.401667 0.513333 0.010000 0.020000
3 0.511667 0.468333 0.007500 0.015000
2 0.169167 0.491667 0.020833 0.080000
3 0.114167 0.566667 0.006667 0.018333
2 0.241667 0.601667 0.023333 0.041667
3 0.065000 0.498333 0.013333 0.015000
3 0.628333 0.538333 0.011667 0.020000
3 0.082500 0.511667 0.007500 0.015000
3 0.383333 0.561667 0.010000 0.016667
3 0.264167 0.508333 0.009167 0.018333
2 0.230833 0.515000 0.015833 0.068333
2 0.402500 0.526667 0.035000 0.105000
3 0.669167 0.571667 0.009167 0.016667
3 0.280000 0.591667 0.008333 0.016667
2 0.070833 0.565000 0.011667 0.025000
3 0.770833 0.480000 0.013333 0.015000
2 0.181667 0.556667 0.026667 0.035000
2 0.321667 0.466667 0.013333 0.070000
2 0.435833 0.496667 0.023333 0.106667
3 0.315833 0.573333 0.008333 0.016667
2 0.580833 0.510000 0.097500 0.053333
3 0.750000 0.566667 0.009167 0.016667
2 0.130833 0.536667 0.009167 0.040000
3 0.196667 0.595000 0.007500 0.015000
3 0.440000 0.533333 0.007500 0.015000
3 0.107500 0.523333 0.006667 0.018333
3 0.610000 0.443333 0.010833 0.023333
3 0.398333 0.508333 0.007500 0.015000
2 0.595000 0.470000 0.020000 0.021667
2 0.193333 0.516667 0.097500 0.053333
3 0.491667 0.476667 0.015833 0.051667
2 0.539167 0.583333 0.017500 0.116667
3 0.747500 0.486667 0.008333 0.016667
3 0.390000 0.566667 0.010000 0.020000
3 0.772500 0.495000 0.008333 0.016667
2 0.588333 0.481667 0.045833 0.021667
3 0.340000 0.483333 0.007500 0.018333
3 0.048333 0.471667 0.008333 0.021667
3 0.545833 0.580000 0.009167 0.016667
2 0.737500 0.506667 0.035000 0.105000
3 0.825833 0.478333 0.013333 0.015000
3 0.210000 0.510000 0.009167 0.018333
3 0.349167 0.486667 0.006667 0.018333
3 0.199167 0.453333 0.009167 0.023333
3 0.182500 0.480000 0.008333 0.021667
2 0.600833 0.525000 0.048333 0.025000
2 0.341667 0.301667 0.011667 0.025000
2 0.396667 0.345000 0.010000 0.031667
2 0.665000 0.651667 0.020833 0.080000
3 0.560833 0.273333 0.006667 0.018333
3 0.675833 0.453333 0.010833 0.023333
2 0.241667 0.775000 0.034167 0.038333
2 0.617500 0.431667 0.045833 0.021667
2 0.393333 0.338333 0.011667 0.066667
2 0.260833 0.840000 0.048333 0.025000
2 0.760000 0.315000 0.097500 0.053333
2 0.386667 0.408333 0.020833 0.080000
2 0.295000 0.638333 0.048333 0.043333
2 0.550833 0.698333 0.034167 0.100000
2 0.667500 0.405000 0.048333 0.025000
2 0.299167 0.361667 0.020833 0.080000
3 0.358333 0.315000 0.010000 0.020000
3 0.695833 0.608333 0.008333 0.016667
2 0.496667 0.803333 0.045833 0.021667
2 0.756667 0.666667 0.010833 0.091667
3 0.316667 0.711667 0.009167 0.015000
2 0.597500 0.558333 0.009167 0.040000
3 0.405000 0.396667 0.015833 0.051667
3 0.688333 0.270000 0.007500 0.015000
2 0.716667 0.376667 0.021667 0.090000
2 0.311667 0.696667 0.019167 0.046667
3 0.407500 0.355000 0.010000 0.016667
3 0.325833 0.658333 0.007500 0.018333
3 0.480833 0.820000 0.014167 0.025000
2 0.472500 0.846667 0.030833 0.051667
3 0.688333 0.421667 0.007500 0.016667
2 0.775000 0.356667 0.011667 0.025000
2 0.712500 0.435000 0.023333 0.106667
3 0.769167 0.313333 0.009167 0.016667
3 0.792500 0.728333 0.008333 0.016667
2 0.721667 0.646667 0.027500 0.016667
2 0.186667 0.655000 0.097500 0.053333
2 0.769167 0.720000 0.022500 0.023333
2 0.738333 0.413333 0.010000 0.031667
3 0.385000 0.693333 0.013333 0.015000
3 0.435000 0.376667 0.009167 0.015000
2 0.783333 0.413333 0.048333 0.043333
2 0.506667 0.303333 0.034167 0.100000
3 0.700833 0.646667 0.010833 0.023333
3 0.291667 0.830000 0.009167 0.016667
2 0.710000 0.648333 0.020833 0.080000
3 0.436667 0.658333 0.017500 0.031667
2 0.731667 0.621667 0.048333 0.043333
3 0.779167 0.668333 0.008333 0.021667
2 0.656667 0.328333 0.019167 0.046667
3 0.737500 0.331667 0.010000 0.016667
3 0.315833 0.730000 0.013333 0.015000
2 0.246667 0.703333 0.013333 0.070000
3 0.470000 0.293333 0.007500 0.016667
2 0.502500 0.400000 0.048333 0.043333
2 0.710833 0.753333 0.013333 0.070000
2 0.701667 0.415000 0.058333 0.076667
2 0.613333 0.750000 0.011667 0.066667
3 0.556667 0.280000 0.017500 0.031667
3 0.705000 0.428333 0.008333 0.021667
2 0.745833 0.660000 0.097500 0.053333
3 0.690833 0.408333 0.010833 0.013333
2 0.317500 0.268333 0.020000 0.021667
3 0.724167 0.436667 0.006667 0.018333
2 0.264167 0.413333 0.030833 0.051667
3 0.468333 0.726667 0.006667 0.018333
2 0.260833 0.831667 0.048333 0.043333
3 0.490000 0.296667 0.009167 0.016667
2 0.255000 0.725000 0.034167 0.038333
3 0.309167 0.713333 0.007500 0.015000
2 0.434167 0.716667 0.048333 0.043333
3 0.720833 0.628333 0.006667 0.018333
2 0.435000 0.411667 0.034167 0.100000
2 0.538333 0.246667 0.011667 0.066667
2 0.363333 0.653333 0.014167 0.015000
3 0.351667 0.611667 0.010000 0.020000
3 0.228333 0.661667 0.008333 0.016667
2 0.418333 0.645000 0.027500 0.016667
2 0.585000 0.621667 0.009167 0.040000
2 0.759167 0.603333 0.026667 0.035000
3 0.541667 0.696667 0.009167 0.016667
2 0.797500 0.746667 0.009167 0.031667
3 0.691667 0.640000 0.007500 0.018333
2 0.317500 0.773333 0.009167 0.031667
2 0.706667 0.998333 0.035000 0.001667
2 0.355000 0.405000 0.023333 0.041667
2 0.709167 0.400000 0.010833 0.091667
3 0.702500 0.640000 0.009167 0.023333
2 0.550000 0.793333 0.010833 0.091667
2 0.495833 0.651667 0.045833 0.021667
3 0.712500 0.683333 0.009167 0.018333
3 0.415833 0.680000 0.011667 0.020000
3 0.710833 0.671667 0.008333 0.016667
3 0.785833 0.395000 0.006667 0.018333
3 0.746667 0.780000 0.007500 0.018333
3 0.486667 0.681667 0.009167 0.016667
2 0.713333 0.345000 0.027500 0.016667
3 0.270833 0.323333 0.013333 0.031667
2 0.651667 0.355000 0.045833 0.021667
2 0.800000 0.638333 0.020000 0.021667
2 0.502500 0.740000 0.034167 0.038333
2 0.254167 0.265000 0.010833 0.091667
3 0.519167 0.846667 0.009167 0.016667
3 0.772500 0.593333 0.007500 0.015000
2 0.778333 0.633333 0.058333 0.076667
3 0.356667 0.671667 0.017500 0.031667
2 0.465833 0.203333 0.045833 0.021667
3 0.739167 0.603333 0.006667 0.018333
3 0.482500 0.648333 0.007500 0.018333
2 0.602500 0.365000 0.015833 0.068333
3 0.359167 0.313333 0.007500 0.015000
3 0.226667 0.338333 0.008333 0.016667
3 0.784167 0.893333 0.009167 0.016667
3 0.321667 0.666667 0.015833 0.051667
3 0.499167 0.345000 0.011667 0.020000
2 0.735000 0.445000 0.020833 0.080000
2 0.745833 0.625000 0.020000 0.021667
3 0.570833 0.275000 0.007500 0.016667
2 0.747500 0.398333 0.027500 0.016667
2 0.535833 0.401667 0.011667 0.066667
2 0.692500 0.661667 0.020000 0.021667
3 0.640000 0.645000 0.009167 0.016667
2 0.428333 0.710000 0.058333 0.076667
2 0.528333 0.240000 0.035000 0.105000
3 0.631667 0.385000 0.008333 0.016667
2 0.340000 0.308333 0.045833 0.021667
2 0.731667 0.680000 0.021667 0.090000
2 0.764167 0.756667 0.010833 0.091667
2 0.495000 0.333333 0.097500 0.053333
2 0.573333 0.673333 0.009167 0.031667
2 0.658333 0.696667 0.010000 0.031667
2 0.701667 0.608333 0.027500 0.016667
3 0.745833 0.600000 0.007500 0.016667
3 0.743333 0.671667 0.010000 0.020000
2 0.770000 0.406667 0.020833 0.028333
3 0.243333 0.373333 0.013333 0.015000
3 0.477500 0.743333 0.009167 0.016667
3 0.435833 0.646667 0.007500 0.015000
3 0.505833 0.351667 0.015833 0.051667
3 0.574167 0.616667 0.007500 0.015000
2 0.306667 0.365000 0.020833 0.028333
2 0.435833 0.406667 0.020833 0.028333
2 0.298333 0.395000 0.020833 0.080000
2 0.697500 0.646667 0.048333 0.025000
3 0.740833 0.413333 0.010000 0.016667
3 0.726667 0.723333 0.009167 0.016667
2 0.282500 0.383333 0.058333 0.076667
2 0.530000 0.690000 0.020000 0.021667
2 0.354167 0.636667 0.011667 0.025000
2 0.325833 0.386667 0.020833 0.080000
2 0.625000 0.348333 0.035000 0.105000
3 0.718333 0.660000 0.008333 0.016667
2 0.754167 0.643333 0.058333 0.076667
2 0.529167 0.258333 0.029167 0.038333
2 0.526667 0.670000 0.034167 0.038333
3 0.308333 0.308333 0.009167 0.018333
2 0.810000 0.400000 0.014167 0.015000
2 0.585833 0.728333 0.015833 0.068333
2 0.796667 0.681667 0.021667 0.090000
3 0.680833 0.390000 0.009167 0.023333
2 0.770833 0.575000 0.011667 0.066667
2 0.320833 0.358333 0.035000 0.105000
2 0.571667 0.620000 0.048333 0.043333
2 0.470833 0.290000 0.097500 0.053333
2 0.598333 0.326667 0.020000 0.021667
2 0.782500 0.400000 0.048333 0.025000
2 0.548333 0.638333 0.020000 0.021667
2 0.425833 0.663333 0.023333 0.106667
3 0.266667 0.795000 0.008333 0.016667
2 0.646667 0.625000 0.020833 0.028333
2 0.421667 0.718333 0.017500 0.116667
3 0.749167 0.446667 0.007500 0.016667
2 0.381667 0.725000 0.030833 0.051667
2 0.322500 0.220000 0.034167 0.038333
2 0.707500 0.400000 0.011667 0.066667
3 0.540000 0.998333 0.009167 0.001667
2 0.693333 0.346667 0.034167 0.038333
2 0.344167 0.386667 0.014167 0.015000
3 0.697500 0.281667 0.015833 0.051667
2 0.766667 0.383333 0.013333 0.070000
3 0.487500 0.778333 0.011667 0.020000
2 0.757500 0.305000 0.035000 0.105000
3 0.561667 0.371667 0.010000 0.016667
3 0.768333 0.315000 0.014167 0.025000
3 0.156667 0.621667 0.008333 0.021667
2 0.784167 0.371667 0.021667 0.090000
3 0.305833 0.150000 0.006667 0.018333
3 0.371667 0.760000 0.010000 0.020000
2 0.565833 0.355000 0.048333 0.043333
3 0.356667 0.741667 0.009167 0.016667
2 0.155833 0.626667 0.009167 0.031667
3 0.717500 0.416667 0.008333 0.016667
3 0.504167 0.678333 0.011667 0.020000
3 0.679167 0.366667 0.008333 0.016667
2 0.780000 0.385000 0.029167 0.038333
2 0.642500 0.340000 0.048333 0.043333
2 0.308333 0.411667 0.021667 0.090000
3 0.245833 0.375000 0.008333 0.016667
3 0.305833 0.693333 0.008333 0.016667
