4 0.815000 0.351667 0.122500 0.135000
4 0.855000 0.543333 0.080833 0.031667
4 0.852500 0.468333 0.079167 0.066667
4 0.725833 0.535000 0.262500 0.176667
4 0.877500 0.475000 0.044167 0.020000
4 0.839167 0.416667 0.088333 0.030000
4 0.830000 0.530000 0.117500 0.098333
4 0.885000 0.426667 0.090833 0.178333
4 0.837500 0.421667 0.055000 0.063333
4 0.839167 0.568333 0.064167 0.020000
4 0.559167 0.445000 0.102500 0.176667
4 0.665000 0.501667 0.073333 0.030000
4 0.080000 0.553333 0.045000 0.061667
4 0.095000 0.593333 0.118333 0.180000
4 0.029167 0.451667 0.058333 0.126667
4 0.445833 0.563333 0.054167 0.043333
4 0.435000 0.521667 0.039167 0.063333
4 0.363333 0.568333 0.105000 0.145000
4 0.165000 0.636667 0.224167 0.201667
4 0.298333 0.540000 0.086667 0.043333
3 0.407500 0.595000 0.009167 0.018333
2 0.453333 0.588333 0.020833 0.028333
2 0.030833 0.486667 0.027500 0.016667
2 0.703333 0.616667 0.013333 0.070000
2 0.197500 0.555000 0.022500 0.023333
2 0.575833 0.558333 0.010000 0.031667
3 0.342500 0.525000 0.010833 0.023333
2 0.170000 0.588333 0.017500 0.116667
2 0.285000 0.615000 0.010833 0.091667
2 0.380833 0.535000 0.021667 0.090000
2 0.261667 0.518333 0.034167 0.100000
3 0.805000 0.493333 0.014167 0.025000
3 0.263333 0.491667 0.008333 0.016667
3 0.049167 0.583333 0.013333 0.031667
2 0.728333 0.550000 0.011667 0.025000
3 0.639167 0.511667 0.009167 0.018333
3 0.081667 0.455000 0.009167 0.018333
3 0.636667 0.466667 0.015833 0.051667
2 0.335833 0.620000 0.023333 0.106667
3 0.075833 0.538333 0.007500 0.018333
3 0.561667 0.520000 0.013333 0.015000
2 0.435833 0.580000 0.010000 0.031667
3 0.035000 0.520000 0.008333 0.016667
2 0.034167 0.585000 0.010000 0.031667
2 0.086667 0.493333 0.034167 0.038333
3 0.206667 0.580000 0.017500 0.031667
2 0.127500 0.591667 0.029167 0.038333
2 0.542500 0.555000 0.030833 0.051667
2 0.598333 0.473333 0.030833 0.051667
2 0.136667 0.461667 0.011667 0.025000
3 0.820833 0.498333 0.017500 0.031667
2 0.036667 0.466667 0.026667 0.035000
2 0.733333 0.463333 0.023333 0.041667
2 0.595000 0.451667 0.023333 0.106667
3 0.495000 0.568333 0.011667 0.030000
3 0.698333 0.466667 0.010000 0.020000
3 0.055000 0.473333 0.009167 0.016667
3 0.209167 0.596667 0.010000 0.016667
3 0.322500 0.520000 0.007500 0.015000
3 0.620000 0.505000 0.007500 0.015000
2 0.595000 0.568333 0.017500 0.116667
3 0.306667 0.575000 0.006667 0.018333
3 0.475000 0.448333 0.007500 0.015000
2 0.702500 0.533333 0.020833 0.028333
3 0.691667 0.483333 0.010833 0.023333
3 0.361667 0.583333 0.009167 0.023333
3 0.764167 0.463333 0.008333 0.016667
2 0.691667 0.580000 0.027500 0.016667
2 0.371667 0.608333 0.034167 0.100000
3 0.130000 0.551667 0.013333 0.015000
2 0.350833 0.425000 0.020833 0.080000
2 0.648333 0.483333 0.014167 0.015000
2 0.668333 0.425000 0.020833 0.080000
3 0.759167 0.468333 0.009167 0.016667
2 0.077500 0.571667 0.020833 0.080000
3 0.031667 0.491667 0.008333 0.021667
2 0.247500 0.481667 0.030833 0.051667
3 0.768333 0.485000 0.007500 0.016667
3 0.577500 0.581667 0.008333 0.016667
3 0.039167 0.535000 0.017500 0.031667
2 0.432500 0.533333 0.011667 0.066667
3 0.302500 0.536667 0.015833 0.051667
3 0.215000 0.556667 0.007500 0.015000
3 0.315833 0.516667 0.007500 0.018333
2 0.245000 0.576667 0.014167 0.015000
2 0.495000 0.510000 0.009167 0.031667
3 0.778333 0.523333 0.010833 0.013333
2 0.295000 0.568333 0.020833 0.028333
2 0.093333 0.455000 0.048333 0.043333
2 0.286667 0.570000 0.015833 0.068333
2 0.385000 0.573333 0.058333 0.076667
2 0.479167 0.591667 0.010000 0.031667
3 0.824167 0.363333 0.008333 0.016667
3 0.817500 0.465000 0.007500 0.018333
2 0.550833 0.518333 0.048333 0.025000
3 0.435833 0.476667 0.009167 0.018333
2 0.098333 0.526667 0.009167 0.031667
2 0.326667 0.468333 0.026667 0.035000
3 0.186667 0.506667 0.007500 0.015000
2 0.095833 0.483333 0.023333 0.041667
2 0.225833 0.618333 0.010833 0.091667
3 0.197500 0.463333 0.009167 0.015000
2 0.072500 0.605000 0.030833 0.051667
3 0.826667 0.641667 0.009167 0.016667
2 0.360000 0.523333 0.009167 0.040000
3 0.075833 0.550000 0.010833 0.023333
2 0.095833 0.495000 0.020833 0.028333
2 0.770833 0.491667 0.020833 0.028333
2 0.100833 0.558333 0.010000 0.031667
2 0.380000 0.573333 0.045833 0.021667
3 0.827500 0.495000 0.008333 0.016667
3 0.035000 0.461667 0.009167 0.023333
2 0.247500 0.500000 0.020000 0.021667
2 0.440000 0.535000 0.027500 0.016667
3 0.238333 0.536667 0.013333 0.015000
3 0.379167 0.566667 0.014167 0.025000
3 0.437500 0.508333 0.008333 0.016667
2 0.510000 0.565000 0.011667 0.066667
2 0.414167 0.596667 0.010833 0.091667
3 0.447500 0.543333 0.010833 0.023333
2 0.207500 0.465000 0.027500 0.016667
2 0.075000 0.491667 0.017500 0.116667
3 0.638333 0.420000 0.008333 0.016667
2 0.724167 0.626667 0.019167 0.046667
3 0.775833 0.715000 0.009167 0.023333
3 0.697500 0.671667 0.007500 0.018333
3 0.690833 0.356667 0.015833 0.051667
2 0.344167 0.835000 0.020000 0.021667
2 0.474167 0.201667 0.029167 0.038333
3 0.242500 0.225000 0.008333 0.016667
2 0.519167 0.333333 0.035000 0.105000
3 0.301667 0.413333 0.011667 0.030000
3 0.661667 0.413333 0.009167 0.016667
3 0.372500 0.345000 0.010000 0.020000
2 0.659167 0.656667 0.045833 0.021667
3 0.670833 0.423333 0.011667 0.020000
3 0.605000 0.383333 0.010833 0.023333
3 0.230000 0.596667 0.011667 0.030000
2 0.755000 0.590000 0.014167 0.015000
2 0.799167 0.640000 0.010000 0.031667
2 0.677500 0.358333 0.048333 0.043333
3 0.694167 0.641667 0.008333 0.021667
2 0.441667 0.810000 0.010000 0.031667
3 0.302500 0.715000 0.009167 0.016667
2 0.370000 0.346667 0.021667 0.090000
3 0.763333 0.691667 0.007500 0.018333
3 0.792500 0.420000 0.008333 0.016667
2 0.275833 0.653333 0.015833 0.068333
3 0.301667 0.641667 0.013333 0.015000
2 0.649167 0.705000 0.010833 0.091667
3 0.510833 0.358333 0.009167 0.023333
3 0.656667 0.403333 0.007500 0.015000
2 0.547500 0.655000 0.023333 0.041667
3 0.256667 0.365000 0.013333 0.031667
3 0.689167 0.603333 0.007500 0.015000
2 0.698333 0.615000 0.019167 0.046667
3 0.324167 0.350000 0.014167 0.025000
3 0.554167 0.328333 0.007500 0.015000
2 0.668333 0.703333 0.021667 0.090000
2 0.223333 0.385000 0.014167 0.015000
3 0.340000 0.301667 0.014167 0.025000
2 0.529167 0.725000 0.029167 0.038333
3 0.307500 0.350000 0.011667 0.020000
2 0.305833 0.355000 0.020833 0.080000
2 0.486667 0.273333 0.026667 0.035000
2 0.230833 0.685000 0.009167 0.031667
3 0.730000 0.383333 0.008333 0.021667
3 0.711667 0.688333 0.008333 0.016667
2 0.680000 0.418333 0.011667 0.025000
2 0.357500 0.626667 0.026667 0.035000
2 0.283333 0.806667 0.013333 0.070000
2 0.408333 0.646667 0.034167 0.038333
2 0.680833 0.615000 0.015833 0.068333
2 0.261667 0.610000 0.020833 0.080000
3 0.456667 0.800000 0.008333 0.016667
2 0.785000 0.713333 0.020833 0.028333
2 0.701667 0.330000 0.020833 0.028333
3 0.310833 0.381667 0.010833 0.013333
3 0.667500 0.713333 0.008333 0.016667
3 0.696667 0.655000 0.007500 0.018333
3 0.661667 0.393333 0.008333 0.016667
3 0.308333 0.293333 0.007500 0.016667
3 0.445833 0.698333 0.014167 0.025000
3 0.477500 0.631667 0.014167 0.025000
2 0.571667 0.700000 0.009167 0.040000
3 0.253333 0.763333 0.007500 0.018333
2 0.705000 0.725000 0.020833 0.080000
3 0.672500 0.423333 0.007500 0.018333
2 0.785000 0.438333 0.010833 0.091667
3 0.477500 0.296667 0.013333 0.031667
2 0.473333 0.743333 0.034167 0.038333
2 0.683333 0.631667 0.020833 0.028333
2 0.784167 0.685000 0.034167 0.100000
2 0.702500 0.360000 0.027500 0.016667
3 0.754167 0.645000 0.009167 0.016667
2 0.634167 0.703333 0.020833 0.080000
3 0.757500 0.336667 0.008333 0.021667
3 0.355000 0.368333 0.009167 0.016667
2 0.728333 0.623333 0.011667 0.066667
2 0.685000 0.623333 0.097500 0.053333
2 0.735833 0.675000 0.011667 0.066667
2 0.393333 0.330000 0.015833 0.068333
3 0.796667 0.400000 0.014167 0.025000
2 0.260000 0.373333 0.019167 0.046667
3 0.375833 0.676667 0.007500 0.016667
3 0.805833 0.651667 0.008333 0.016667
3 0.656667 0.395000 0.010833 0.013333
2 0.685000 0.433333 0.048333 0.025000
3 0.691667 0.716667 0.008333 0.021667
2 0.545833 0.720000 0.026667 0.035000
3 0.293333 0.730000 0.007500 0.018333
2 0.535000 0.730000 0.017500 0.116667
2 0.695833 0.428333 0.020833 0.080000
3 0.697500 0.716667 0.007500 0.015000
3 0.510833 0.290000 0.007500 0.015000
3 0.245833 0.695000 0.010833 0.013333
3 0.429167 0.748333 0.009167 0.015000
3 0.678333 0.621667 0.008333 0.016667
3 0.539167 0.278333 0.013333 0.015000
3 0.291667 0.408333 0.008333 0.021667
2 0.645000 0.425000 0.023333 0.041667
2 0.452500 0.838333 0.034167 0.100000
3 0.729167 0.721667 0.008333 0.021667
2 0.745000 0.605000 0.027500 0.016667
2 0.558333 0.646667 0.011667 0.066667
2 0.769167 0.338333 0.048333 0.043333
2 0.300000 0.393333 0.009167 0.031667
2 0.701667 0.701667 0.034167 0.100000
2 0.246667 0.710000 0.010833 0.091667
3 0.736667 0.661667 0.007500 0.016667
3 0.769167 0.313333 0.009167 0.016667
3 0.380000 0.365000 0.007500 0.015000
3 0.785833 0.341667 0.008333 0.016667
2 0.320833 0.641667 0.034167 0.038333
3 0.312500 0.338333 0.010833 0.013333
2 0.577500 0.196667 0.026667 0.035000
2 0.618333 0.393333 0.020833 0.080000
3 0.450000 0.350000 0.007500 0.015000
2 0.275833 0.308333 0.013333 0.070000
2 0.708333 0.595000 0.097500 0.053333
3 0.345000 0.671667 0.007500 0.016667
3 0.525000 0.398333 0.009167 0.023333
3 0.706667 0.355000 0.008333 0.016667
2 0.250000 0.428333 0.010833 0.091667
2 0.250000 0.720000 0.058333 0.076667
3 0.288333 0.823333 0.006667 0.018333
2 0.675000 0.381667 0.035000 0.105000
3 0.760833 0.403333 0.013333 0.031667
3 0.699167 0.271667 0.013333 0.015000
2 0.361667 0.648333 0.020833 0.080000
3 0.354167 0.753333 0.013333 0.015000
2 0.292500 0.775000 0.010000 0.031667
3 0.334167 0.651667 0.007500 0.018333
2 0.456667 0.725000 0.023333 0.106667
2 0.287500 0.396667 0.097500 0.053333
2 0.715833 0.435000 0.020833 0.028333
3 0.745833 0.605000 0.008333 0.021667
3 0.774167 0.341667 0.011667 0.020000
3 0.666667 0.408333 0.007500 0.018333
2 0.686667 0.608333 0.015833 0.068333
2 0.550000 0.418333 0.010000 0.031667
2 0.683333 0.408333 0.011667 0.066667
2 0.649167 0.661667 0.009167 0.040000
2 0.435000 0.720000 0.011667 0.066667
2 0.658333 0.435000 0.014167 0.015000
2 0.483333 0.471667 0.013333 0.070000
2 0.778333 0.596667 0.011667 0.025000
2 0.288333 0.760000 0.017500 0.116667
2 0.697500 0.423333 0.058333 0.076667
3 0.771667 0.346667 0.014167 0.025000
2 0.211667 0.445000 0.030833 0.051667
3 0.675000 0.676667 0.007500 0.018333
3 0.389167 0.698333 0.015833 0.051667
2 0.248333 0.778333 0.026667 0.035000
2 0.648333 0.423333 0.011667 0.066667
3 0.290833 0.273333 0.007500 0.016667
2 0.812500 0.693333 0.029167 0.038333
2 0.685000 0.613333 0.058333 0.076667
2 0.665000 0.366667 0.013333 0.070000
3 0.759167 0.365000 0.010000 0.020000
3 0.318333 0.275000 0.017500 0.031667
3 0.792500 0.646667 0.015833 0.051667
3 0.350833 0.333333 0.010000 0.020000
3 0.624167 0.656667 0.008333 0.016667
2 0.418333 0.850000 0.048333 0.025000
2 0.512500 0.746667 0.014167 0.015000
3 0.313333 0.718333 0.007500 0.015000
3 0.795833 0.715000 0.010833 0.013333
2 0.550833 0.816667 0.020000 0.021667
2 0.339167 0.680000 0.027500 0.016667
2 0.685833 0.636667 0.011667 0.025000
3 0.685833 0.328333 0.007500 0.015000
2 0.561667 0.653333 0.030833 0.051667
2 0.715833 0.708333 0.020833 0.080000
3 0.723333 0.675000 0.015833 0.051667
2 0.570000 0.711667 0.020833 0.080000
2 0.630833 0.698333 0.021667 0.090000
3 0.340000 0.840000 0.013333 0.031667
2 0.362500 0.300000 0.011667 0.025000
3 0.828333 0.423333 0.009167 0.018333
3 0.706667 0.703333 0.009167 0.016667
2 0.322500 0.386667 0.011667 0.066667
3 0.593333 0.408333 0.010000 0.016667
3 0.680833 0.443333 0.008333 0.016667
2 0.525833 0.615000 0.015833 0.068333
2 0.761667 0.611667 0.097500 0.053333
2 0.686667 0.611667 0.019167 0.046667
2 0.642500 0.345000 0.020000 0.021667
3 0.696667 0.368333 0.009167 0.016667
3 0.781667 0.370000 0.010000 0.016667
3 0.260833 0.698333 0.010833 0.023333
2 0.636667 0.646667 0.027500 0.016667
2 0.271667 0.738333 0.014167 0.015000
2 0.320000 0.291667 0.030833 0.051667
3 0.717500 0.416667 0.008333 0.016667
2 0.448333 0.646667 0.014167 0.015000
2 0.715000 0.643333 0.010833 0.091667
3 0.555833 0.680000 0.007500 0.015000
2 0.540000 0.671667 0.021667 0.090000
2 0.466667 0.855000 0.048333 0.043333
