4 0.856667 0.501667 0.037500 0.021667
4 0.826667 0.588333 0.123333 0.298333
4 0.851667 0.491667 0.130833 0.120000
4 0.751667 0.280000 0.223333 0.343333
4 0.850000 0.690000 0.084167 0.253333
4 0.879167 0.505000 0.076667 0.033333
4 0.859167 0.598333 0.056667 0.070000
4 0.890833 0.551667 0.070833 0.025000
4 0.851667 0.561667 0.151667 0.205000
4 0.828333 0.751667 0.159167 0.305000
4 0.790833 0.555000 0.083333 0.056667
4 0.078333 0.575000 0.157500 0.128333
4 0.446667 0.456667 0.201667 0.230000
4 0.755000 0.571667 0.069167 0.103333
4 0.615000 0.450000 0.175833 0.160000
4 0.137500 0.461667 0.041667 0.083333
4 0.465000 0.443333 0.070000 0.145000
4 0.754167 0.498333 0.043333 0.023333
4 0.312500 0.491667 0.106667 0.040000
4 0.054167 0.500000 0.108333 0.060000
3 0.380833 0.501667 0.008333 0.016667
3 0.482500 0.426667 0.009167 0.018333
3 0.176667 0.516667 0.009167 0.016667
2 0.288333 0.540000 0.034167 0.038333
2 0.176667 0.473333 0.030833 0.051667
2 0.823333 0.500000 0.011667 0.066667
3 0.505000 0.506667 0.009167 0.023333
3 0.330833 0.555000 0.011667 0.020000
2 0.109167 0.451667 0.011667 0.066667
2 0.563333 0.586667 0.022500 0.023333
3 0.680000 0.463333 0.010000 0.016667
2 0.487500 0.598333 0.048333 0.025000
3 0.291667 0.458333 0.017500 0.031667
2 0.220833 0.486667 0.017500 0.116667
2 0.799167 0.656667 0.045833 0.021667
2 0.312500 0.586667 0.023333 0.106667
2 0.679167 0.455000 0.027500 0.016667
3 0.096667 0.555000 0.014167 0.025000
3 0.617500 0.465000 0.009167 0.015000
3 0.341667 0.553333 0.015833 0.051667
3 0.580833 0.585000 0.008333 0.016667
2 0.172500 0.565000 0.011667 0.066667
2 0.290000 0.563333 0.021667 0.090000
3 0.707500 0.575000 0.009167 0.016667
2 0.039167 0.583333 0.009167 0.031667
3 0.476667 0.465000 0.009167 0.015000
3 0.445833 0.563333 0.011667 0.030000
2 0.131667 0.453333 0.027500 0.016667
3 0.390000 0.583333 0.009167 0.016667
3 0.275000 0.480000 0.007500 0.015000
3 0.601667 0.590000 0.011667 0.020000
2 0.240833 0.568333 0.034167 0.038333
2 0.653333 0.481667 0.026667 0.035000
2 0.440000 0.470000 0.020833 0.080000
3 0.800833 0.545000 0.014167 0.025000
2 0.785833 0.528333 0.023333 0.106667
2 0.278333 0.578333 0.023333 0.106667
2 0.148333 0.535000 0.017500 0.116667
2 0.365000 0.465000 0.015833 0.068333
3 0.145833 0.470000 0.010000 0.020000
2 0.605833 0.538333 0.023333 0.106667
3 0.525833 0.576667 0.010000 0.016667
3 0.822500 0.570000 0.014167 0.025000
3 0.652500 0.571667 0.006667 0.018333
3 0.445000 0.468333 0.015833 0.051667
2 0.606667 0.521667 0.019167 0.046667
3 0.403333 0.513333 0.009167 0.016667
3 0.111667 0.565000 0.009167 0.016667
3 0.553333 0.473333 0.011667 0.020000
3 0.581667 0.495000 0.017500 0.031667
2 0.528333 0.458333 0.019167 0.046667
2 0.116667 0.546667 0.048333 0.043333
2 0.384167 0.488333 0.009167 0.040000
2 0.435833 0.588333 0.010000 0.031667
3 0.202500 0.538333 0.009167 0.016667
3 0.028333 0.473333 0.008333 0.016667
3 0.138333 0.518333 0.011667 0.030000
2 0.401667 0.528333 0.027500 0.016667
2 0.800000 0.571667 0.023333 0.041667
3 0.590000 0.578333 0.009167 0.018333
3 0.823333 0.465000 0.014167 0.025000
2 0.601667 0.546667 0.015833 0.068333
3 0.725000 0.580000 0.006667 0.018333
2 0.249167 0.468333 0.023333 0.041667
2 0.573333 0.561667 0.097500 0.053333
3 0.450000 0.595000 0.009167 0.016667
2 0.811667 0.666667 0.020000 0.021667
3 0.473333 0.538333 0.007500 0.016667
2 0.475000 0.568333 0.009167 0.040000
3 0.712500 0.495000 0.009167 0.023333
2 0.591667 0.503333 0.035000 0.105000
3 0.655000 0.566667 0.009167 0.015000
2 0.484167 0.406667 0.014167 0.015000
2 0.199167 0.551667 0.034167 0.100000
2 0.055833 0.496667 0.021667 0.090000
2 0.525000 0.440000 0.020833 0.080000
3 0.726667 0.590000 0.007500 0.018333
2 0.453333 0.550000 0.020833 0.028333
2 0.650833 0.595000 0.023333 0.106667
2 0.476667 0.430000 0.023333 0.041667
3 0.686667 0.518333 0.007500 0.016667
3 0.475833 0.441667 0.014167 0.025000
3 0.705000 0.551667 0.013333 0.031667
3 0.300833 0.590000 0.008333 0.016667
3 0.180833 0.573333 0.007500 0.015000
3 0.410000 0.471667 0.008333 0.016667
2 0.137500 0.563333 0.030833 0.051667
3 0.241667 0.571667 0.009167 0.015000
3 0.340833 0.478333 0.010000 0.016667
2 0.695000 0.515000 0.011667 0.025000
2 0.016667 0.540000 0.033333 0.043333
3 0.258333 0.535000 0.007500 0.015000
2 0.610000 0.631667 0.034167 0.100000
3 0.046667 0.485000 0.007500 0.015000
2 0.723333 0.433333 0.035000 0.105000
3 0.105000 0.538333 0.014167 0.025000
2 0.232500 0.518333 0.009167 0.040000
3 0.585000 0.585000 0.011667 0.030000
2 0.158333 0.461667 0.020833 0.080000
3 0.757500 0.498333 0.011667 0.030000
2 0.592500 0.573333 0.034167 0.100000
2 0.710000 0.533333 0.058333 0.076667
2 0.527500 0.658333 0.013333 0.070000
2 0.644167 0.381667 0.020833 0.028333
3 0.407500 0.706667 0.008333 0.016667
2 0.348333 0.273333 0.020833 0.028333
3 0.747500 0.613333 0.006667 0.018333
3 0.718333 0.685000 0.015833 0.051667
3 0.561667 0.741667 0.010000 0.020000
3 0.679167 0.376667 0.009167 0.016667
2 0.190000 0.685000 0.010833 0.091667
2 0.575833 0.435000 0.027500 0.016667
3 0.705833 0.675000 0.009167 0.015000
2 0.746667 0.656667 0.022500 0.023333
3 0.805000 0.421667 0.008333 0.016667
3 0.650000 0.668333 0.010000 0.020000
3 0.030000 0.601667 0.008333 0.016667
3 0.812500 0.401667 0.009167 0.018333
2 0.149167 0.671667 0.014167 0.015000
2 0.445833 0.710000 0.017500 0.116667
3 0.340000 0.671667 0.010000 0.016667
2 0.683333 0.633333 0.011667 0.025000
3 0.268333 0.653333 0.008333 0.021667
3 0.804167 0.370000 0.007500 0.016667
2 0.697500 0.360000 0.021667 0.090000
3 0.387500 0.391667 0.007500 0.018333
3 0.684167 0.378333 0.011667 0.020000
3 0.695000 0.345000 0.009167 0.016667
2 0.687500 0.656667 0.020833 0.028333
3 0.460833 0.245000 0.007500 0.016667
3 0.746667 0.616667 0.009167 0.016667
3 0.773333 0.380000 0.013333 0.031667
2 0.791667 0.648333 0.010000 0.031667
3 0.605000 0.366667 0.008333 0.016667
3 0.615833 0.396667 0.008333 0.016667
2 0.594167 0.760000 0.009167 0.031667
3 0.452500 0.270000 0.010833 0.023333
3 0.731667 0.691667 0.013333 0.015000
3 0.276667 0.758333 0.007500 0.015000
3 0.293333 0.248333 0.009167 0.016667
3 0.269167 0.701667 0.007500 0.016667
2 0.299167 0.386667 0.058333 0.076667
2 0.701667 0.655000 0.009167 0.031667
3 0.677500 0.350000 0.011667 0.020000
3 0.305000 0.363333 0.007500 0.016667
2 0.421667 0.350000 0.020833 0.080000
2 0.685833 0.388333 0.030833 0.051667
2 0.684167 0.438333 0.009167 0.031667
2 0.450833 0.808333 0.014167 0.015000
3 0.591667 0.743333 0.009167 0.016667
2 0.656667 0.403333 0.014167 0.015000
2 0.730000 0.363333 0.011667 0.066667
3 0.771667 0.321667 0.008333 0.016667
3 0.367500 0.678333 0.009167 0.018333
2 0.611667 0.678333 0.010000 0.031667
2 0.574167 0.786667 0.021667 0.090000
3 0.445833 0.363333 0.009167 0.015000
3 0.777500 0.423333 0.010833 0.013333
3 0.308333 0.715000 0.009167 0.016667
3 0.425833 0.666667 0.007500 0.018333
3 0.634167 0.408333 0.008333 0.016667
2 0.277500 0.385000 0.009167 0.031667
2 0.410000 0.338333 0.034167 0.038333
2 0.760000 0.361667 0.010833 0.091667
2 0.621667 0.681667 0.097500 0.053333
3 0.513333 0.826667 0.011667 0.020000
2 0.552500 0.405000 0.019167 0.046667
2 0.652500 0.613333 0.045833 0.021667
2 0.324167 0.415000 0.023333 0.106667
2 0.539167 0.688333 0.009167 0.031667
3 0.763333 0.691667 0.007500 0.018333
2 0.660833 0.636667 0.027500 0.016667
2 0.224167 0.728333 0.011667 0.025000
2 0.343333 0.345000 0.097500 0.053333
3 0.322500 0.765000 0.008333 0.021667
2 0.560000 0.660000 0.034167 0.100000
3 0.570000 0.638333 0.011667 0.030000
3 0.657500 0.695000 0.010833 0.013333
2 0.736667 0.610000 0.026667 0.035000
3 0.275000 0.290000 0.006667 0.018333
2 0.222500 0.406667 0.009167 0.040000
3 0.601667 0.746667 0.010000 0.020000
3 0.635833 0.628333 0.011667 0.020000
2 0.729167 0.578333 0.015833 0.068333
2 0.740833 0.361667 0.097500 0.053333
2 0.720000 0.610000 0.034167 0.038333
2 0.355000 0.636667 0.011667 0.066667
2 0.341667 0.676667 0.015833 0.068333
2 0.585833 0.735000 0.034167 0.100000
3 0.701667 0.398333 0.009167 0.016667
3 0.689167 0.710000 0.013333 0.015000
3 0.627500 0.651667 0.008333 0.016667
3 0.223333 0.640000 0.010000 0.020000
3 0.726667 0.683333 0.011667 0.020000
3 0.708333 0.373333 0.010000 0.016667
3 0.374167 0.316667 0.013333 0.015000
3 0.290833 0.765000 0.013333 0.031667
2 0.518333 0.376667 0.017500 0.116667
3 0.432500 0.808333 0.007500 0.018333
2 0.290000 0.283333 0.009167 0.031667
3 0.550000 0.193333 0.007500 0.018333
3 0.481667 0.276667 0.008333 0.016667
2 0.485000 0.765000 0.015833 0.068333
2 0.454167 0.673333 0.023333 0.106667
2 0.781667 0.743333 0.023333 0.106667
3 0.289167 0.275000 0.010833 0.023333
2 0.338333 0.356667 0.097500 0.053333
3 0.790000 0.341667 0.009167 0.015000
2 0.686667 0.280000 0.023333 0.041667
3 0.477500 0.618333 0.007500 0.018333
3 0.692500 0.666667 0.010833 0.023333
2 0.570833 0.711667 0.011667 0.025000
3 0.705000 0.720000 0.010833 0.013333
3 0.676667 0.441667 0.010000 0.020000
3 0.774167 0.408333 0.009167 0.023333
2 0.708333 0.631667 0.029167 0.038333
2 0.521667 0.735000 0.013333 0.070000
2 0.370000 0.726667 0.048333 0.043333
2 0.698333 0.618333 0.020000 0.021667
2 0.526667 0.386667 0.011667 0.066667
2 0.432500 0.376667 0.030833 0.051667
2 0.695833 0.366667 0.020833 0.080000
2 0.775833 0.425000 0.014167 0.015000
2 0.516667 0.685000 0.045833 0.021667
2 0.475000 0.146667 0.011667 0.066667
3 0.546667 0.420000 0.009167 0.016667
2 0.774167 0.415000 0.010833 0.091667
3 0.197500 0.665000 0.017500 0.031667
3 0.537500 0.306667 0.006667 0.018333
2 0.645833 0.401667 0.009167 0.031667
2 0.756667 0.366667 0.048333 0.025000
2 0.486667 0.396667 0.023333 0.106667
3 0.703333 0.333333 0.009167 0.016667
2 0.511667 0.233333 0.010833 0.091667
2 0.752500 0.398333 0.017500 0.116667
2 0.634167 0.673333 0.021667 0.090000
3 0.551667 0.416667 0.007500 0.016667
3 0.707500 0.703333 0.008333 0.016667
3 0.447500 0.661667 0.009167 0.015000
2 0.546667 0.683333 0.030833 0.051667
3 0.626667 0.415000 0.013333 0.031667
3 0.315833 0.375000 0.013333 0.015000
3 0.355000 0.281667 0.008333 0.016667
2 0.680833 0.693333 0.019167 0.046667
2 0.519167 0.251667 0.013333 0.070000
2 0.380000 0.368333 0.034167 0.038333
2 0.650000 0.660000 0.020833 0.028333
3 0.714167 0.415000 0.007500 0.015000
3 0.470000 0.293333 0.008333 0.016667
2 0.444167 0.305000 0.048333 0.043333
2 0.181667 0.635000 0.015833 0.068333
3 0.685833 0.618333 0.009167 0.016667
3 0.674167 0.438333 0.009167 0.016667
2 0.720833 0.580000 0.058333 0.076667
3 0.775833 0.340000 0.007500 0.015000
2 0.421667 0.433333 0.010833 0.091667
2 0.687500 0.316667 0.048333 0.043333
2 0.565000 0.606667 0.029167 0.038333
3 0.269167 0.381667 0.013333 0.031667
2 0.505000 0.655000 0.027500 0.016667
2 0.267500 0.621667 0.009167 0.040000
2 0.490833 0.296667 0.034167 0.100000
3 0.690833 0.625000 0.007500 0.016667
2 0.466667 0.663333 0.035000 0.105000
3 0.595000 0.751667 0.007500 0.018333
3 0.313333 0.341667 0.010000 0.020000
3 0.670000 0.648333 0.009167 0.015000
2 0.227500 0.671667 0.009167 0.031667
3 0.202500 0.660000 0.007500 0.015000
3 0.672500 0.661667 0.008333 0.016667
3 0.748333 0.410000 0.009167 0.016667
3 0.767500 0.358333 0.011667 0.020000
2 0.311667 0.435000 0.013333 0.070000
2 0.811667 0.645000 0.013333 0.070000
2 0.175833 0.388333 0.010000 0.031667
3 0.618333 0.325000 0.007500 0.015000
2 0.641667 0.375000 0.021667 0.090000
2 0.430000 0.755000 0.023333 0.041667
3 0.491667 0.320000 0.011667 0.020000
3 0.587500 0.631667 0.010833 0.023333
3 0.554167 0.645000 0.009167 0.015000
2 0.672500 0.348333 0.022500 0.023333
2 0.463333 0.358333 0.058333 0.076667
2 0.680833 0.675000 0.020833 0.080000
3 0.704167 0.668333 0.009167 0.018333
2 0.326667 0.723333 0.020833 0.028333
3 0.434167 0.678333 0.013333 0.015000
3 0.570833 0.695000 0.008333 0.016667
2 0.671667 0.641667 0.048333 0.025000
3 0.758333 0.591667 0.007500 0.018333
3 0.709167 0.706667 0.009167 0.023333
3 0.305000 0.815000 0.011667 0.030000
3 0.275833 0.821667 0.008333 0.016667
2 0.296667 0.681667 0.030833 0.051667
3 0.709167 0.683333 0.008333 0.016667
2 0.284167 0.773333 0.026667 0.035000
3 0.747500 0.605000 0.008333 0.016667
2 0.477500 0.793333 0.019167 0.046667
3 0.808333 0.898333 0.007500 0.015000
3 0.240000 0.350000 0.007500 0.015000
