4 0.830000 0.451667 0.175000 0.338333
4 0.806667 0.553333 0.079167 0.110000
4 0.866667 0.643333 0.089167 0.098333
4 0.891667 0.493333 0.069167 0.060000
4 0.804167 0.578333 0.115000 0.311667
4 0.858333 0.401667 0.043333 0.031667
4 0.833333 0.481667 0.103333 0.068333
4 0.838333 0.598333 0.092500 0.115000
4 0.873333 0.436667 0.044167 0.018333
4 0.844167 0.563333 0.053333 0.098333
4 0.123333 0.470000 0.098333 0.050000
4 0.189167 0.431667 0.144167 0.258333
4 0.665000 0.521667 0.062500 0.063333
4 0.062500 0.520000 0.095000 0.050000
4 0.592500 0.561667 0.105000 0.080000
4 0.485833 0.513333 0.152500 0.136667
4 0.418333 0.540000 0.055000 0.035000
4 0.744167 0.493333 0.055000 0.113333
4 0.206667 0.425000 0.270833 0.300000
4 0.778333 0.590000 0.094167 0.053333
2 0.245833 0.530000 0.015833 0.068333
3 0.661667 0.578333 0.009167 0.016667
3 0.116667 0.566667 0.009167 0.018333
2 0.472500 0.581667 0.034167 0.100000
2 0.822500 0.541667 0.015833 0.068333
3 0.741667 0.491667 0.008333 0.021667
2 0.206667 0.468333 0.029167 0.038333
2 0.358333 0.500000 0.020833 0.080000
2 0.225833 0.581667 0.020833 0.080000
2 0.653333 0.543333 0.034167 0.038333
2 0.652500 0.458333 0.014167 0.015000
3 0.355833 0.490000 0.010000 0.020000
3 0.360833 0.491667 0.009167 0.023333
3 0.687500 0.530000 0.015833 0.051667
2 0.283333 0.541667 0.027500 0.016667
3 0.535833 0.541667 0.009167 0.023333
2 0.783333 0.446667 0.026667 0.035000
3 0.822500 0.476667 0.007500 0.018333
3 0.504167 0.525000 0.009167 0.018333
2 0.654167 0.583333 0.023333 0.041667
3 0.339167 0.471667 0.007500 0.015000
3 0.781667 0.518333 0.010833 0.023333
3 0.755000 0.483333 0.014167 0.025000
3 0.300000 0.573333 0.008333 0.016667
2 0.320833 0.601667 0.023333 0.106667
2 0.041667 0.570000 0.034167 0.100000
2 0.325000 0.586667 0.017500 0.116667
3 0.055833 0.486667 0.014167 0.025000
2 0.309167 0.496667 0.020000 0.021667
3 0.410833 0.515000 0.011667 0.030000
3 0.155833 0.606667 0.009167 0.016667
2 0.475833 0.486667 0.097500 0.053333
3 0.690000 0.463333 0.015833 0.051667
3 0.815833 0.596667 0.006667 0.018333
2 0.555833 0.481667 0.058333 0.076667
3 0.115833 0.455000 0.011667 0.020000
2 0.392500 0.556667 0.029167 0.038333
2 0.545833 0.501667 0.022500 0.023333
2 0.265000 0.566667 0.058333 0.076667
3 0.170000 0.476667 0.015833 0.051667
3 0.230000 0.495000 0.007500 0.016667
2 0.532500 0.585000 0.048333 0.043333
3 0.020000 0.495000 0.017500 0.031667
2 0.350833 0.515000 0.035000 0.105000
3 0.040000 0.486667 0.007500 0.015000
2 0.323333 0.460000 0.015833 0.068333
3 0.505000 0.536667 0.015833 0.051667
3 0.394167 0.543333 0.014167 0.025000
3 0.587500 0.488333 0.008333 0.016667
3 0.790833 0.511667 0.008333 0.016667
2 0.687500 0.441667 0.029167 0.038333
3 0.074167 0.490000 0.010833 0.013333
2 0.587500 0.588333 0.022500 0.023333
2 0.779167 0.603333 0.013333 0.070000
3 0.334167 0.618333 0.006667 0.018333
2 0.565000 0.483333 0.020833 0.080000
3 0.712500 0.521667 0.008333 0.016667
2 0.558333 0.576667 0.034167 0.038333
3 0.129167 0.585000 0.007500 0.015000
2 0.289167 0.598333 0.097500 0.053333
3 0.300000 0.598333 0.007500 0.015000
3 0.657500 0.483333 0.006667 0.018333
2 0.563333 0.528333 0.045833 0.021667
3 0.781667 0.508333 0.009167 0.016667
3 0.050000 0.510000 0.008333 0.021667
3 0.343333 0.500000 0.013333 0.015000
3 0.759167 0.571667 0.017500 0.031667
2 0.655000 0.511667 0.026667 0.035000
2 0.022500 0.496667 0.009167 0.040000
2 0.646667 0.465000 0.029167 0.038333
2 0.120000 0.495000 0.015833 0.068333
3 0.517500 0.556667 0.008333 0.016667
2 0.224167 0.576667 0.011667 0.025000
3 0.385000 0.513333 0.007500 0.015000
2 0.817500 0.603333 0.026667 0.035000
2 0.419167 0.533333 0.009167 0.031667
2 0.270000 0.451667 0.014167 0.015000
3 0.761667 0.568333 0.010833 0.023333
2 0.168333 0.460000 0.020833 0.080000
3 0.313333 0.558333 0.009167 0.016667
3 0.495833 0.501667 0.007500 0.015000
3 0.330000 0.618333 0.008333 0.016667
3 0.520833 0.501667 0.011667 0.030000
3 0.080833 0.476667 0.013333 0.031667
3 0.440833 0.465000 0.008333 0.016667
2 0.314167 0.563333 0.013333 0.070000
2 0.795833 0.456667 0.009167 0.031667
2 0.355000 0.575000 0.011667 0.025000
2 0.042500 0.560000 0.027500 0.016667
3 0.112500 0.520000 0.008333 0.016667
3 0.640000 0.585000 0.009167 0.016667
2 0.550000 0.615000 0.020833 0.080000
3 0.466667 0.466667 0.011667 0.030000
2 0.540000 0.445000 0.020833 0.080000
3 0.146667 0.553333 0.008333 0.016667
2 0.807500 0.581667 0.010000 0.031667
3 0.450000 0.511667 0.009167 0.018333
2 0.657500 0.485000 0.048333 0.043333
2 0.173333 0.550000 0.045833 0.021667
2 0.144167 0.566667 0.019167 0.046667
2 0.445000 0.483333 0.023333 0.041667
2 0.791667 0.458333 0.035000 0.105000
2 0.471667 0.310000 0.048333 0.025000
2 0.384167 0.686667 0.011667 0.066667
2 0.660833 0.310000 0.058333 0.076667
3 0.644167 0.355000 0.015833 0.051667
2 0.780000 0.426667 0.026667 0.035000
2 0.422500 0.341667 0.019167 0.046667
2 0.482500 0.753333 0.010000 0.031667
3 0.142500 0.653333 0.010000 0.016667
3 0.318333 0.763333 0.007500 0.016667
2 0.755000 0.363333 0.020833 0.028333
2 0.698333 0.670000 0.009167 0.040000
3 0.607500 0.350000 0.010833 0.023333
3 0.572500 0.661667 0.007500 0.015000
2 0.440833 0.825000 0.058333 0.076667
3 0.783333 0.385000 0.008333 0.021667
3 0.244167 0.703333 0.008333 0.016667
3 0.771667 0.595000 0.010000 0.020000
2 0.648333 0.416667 0.013333 0.070000
2 0.740000 0.370000 0.010833 0.091667
2 0.416667 0.780000 0.034167 0.100000
3 0.696667 0.655000 0.008333 0.016667
2 0.807500 0.418333 0.020000 0.021667
3 0.713333 0.685000 0.007500 0.018333
3 0.594167 0.740000 0.009167 0.015000
3 0.301667 0.748333 0.009167 0.016667
3 0.235000 0.633333 0.007500 0.015000
3 0.561667 0.275000 0.008333 0.016667
2 0.683333 0.408333 0.011667 0.066667
2 0.372500 0.365000 0.023333 0.106667
3 0.449167 0.676667 0.007500 0.015000
3 0.346667 0.725000 0.006667 0.018333
2 0.643333 0.376667 0.017500 0.116667
3 0.329167 0.801667 0.007500 0.015000
3 0.342500 0.770000 0.007500 0.015000
2 0.352500 0.800000 0.021667 0.090000
2 0.342500 0.603333 0.035000 0.105000
2 0.746667 0.396667 0.021667 0.090000
2 0.618333 0.400000 0.026667 0.035000
3 0.411667 0.838333 0.014167 0.025000
2 0.468333 0.723333 0.030833 0.051667
2 0.814167 0.413333 0.048333 0.043333
3 0.592500 0.745000 0.007500 0.018333
2 0.561667 0.391667 0.034167 0.038333
3 0.518333 0.265000 0.009167 0.016667
2 0.317500 0.375000 0.045833 0.021667
2 0.518333 0.396667 0.021667 0.090000
3 0.625833 0.365000 0.007500 0.018333
3 0.168333 0.391667 0.010000 0.016667
3 0.459167 0.663333 0.013333 0.015000
2 0.371667 0.648333 0.058333 0.076667
2 0.366667 0.285000 0.011667 0.025000
2 0.628333 0.418333 0.015833 0.068333
3 0.430000 0.753333 0.007500 0.016667
3 0.255000 0.785000 0.008333 0.016667
3 0.240000 0.815000 0.007500 0.015000
3 0.320000 0.701667 0.007500 0.015000
3 0.661667 0.706667 0.017500 0.031667
2 0.434167 0.341667 0.027500 0.016667
3 0.303333 0.780000 0.014167 0.025000
2 0.719167 0.606667 0.022500 0.023333
2 0.512500 0.313333 0.015833 0.068333
3 0.294167 0.375000 0.015833 0.051667
3 0.645000 0.448333 0.017500 0.031667
2 0.359167 0.736667 0.045833 0.021667
3 0.248333 0.675000 0.008333 0.016667
2 0.435000 0.780000 0.023333 0.106667
3 0.245000 0.375000 0.009167 0.018333
2 0.287500 0.408333 0.010000 0.031667
3 0.754167 0.315000 0.013333 0.031667
3 0.733333 0.596667 0.007500 0.018333
3 0.458333 0.881667 0.010000 0.020000
2 0.669167 0.398333 0.010833 0.091667
3 0.845000 0.323333 0.007500 0.016667
3 0.610833 0.336667 0.013333 0.031667
3 0.571667 0.638333 0.007500 0.018333
2 0.765833 0.655000 0.034167 0.038333
3 0.678333 0.331667 0.007500 0.015000
2 0.646667 0.411667 0.045833 0.021667
2 0.378333 0.400000 0.026667 0.035000
3 0.464167 0.718333 0.008333 0.016667
2 0.708333 0.440000 0.030833 0.051667
2 0.651667 0.333333 0.045833 0.021667
2 0.635000 0.338333 0.034167 0.038333
2 0.454167 0.715000 0.022500 0.023333
3 0.731667 0.361667 0.007500 0.016667
3 0.326667 0.303333 0.006667 0.018333
3 0.582500 0.425000 0.006667 0.018333
3 0.291667 0.233333 0.008333 0.016667
2 0.474167 0.323333 0.010000 0.031667
3 0.704167 0.315000 0.014167 0.025000
3 0.584167 0.320000 0.006667 0.018333
2 0.688333 0.630000 0.020833 0.028333
3 0.391667 0.378333 0.011667 0.020000
3 0.272500 0.386667 0.014167 0.025000
3 0.696667 0.285000 0.007500 0.018333
3 0.700000 0.395000 0.013333 0.015000
3 0.262500 0.353333 0.013333 0.015000
2 0.778333 0.663333 0.030833 0.051667
3 0.479167 0.763333 0.015833 0.051667
3 0.704167 0.643333 0.013333 0.031667
2 0.806667 0.880000 0.011667 0.066667
2 0.237500 0.853333 0.020000 0.021667
2 0.635000 0.381667 0.015833 0.068333
3 0.513333 0.371667 0.015833 0.051667
3 0.715000 0.431667 0.017500 0.031667
3 0.704167 0.620000 0.007500 0.015000
2 0.765833 0.703333 0.029167 0.038333
2 0.615833 0.340000 0.020833 0.080000
3 0.559167 0.651667 0.009167 0.015000
2 0.443333 0.290000 0.022500 0.023333
2 0.349167 0.388333 0.034167 0.038333
3 0.713333 0.605000 0.010833 0.023333
2 0.690000 0.628333 0.023333 0.041667
3 0.680833 0.441667 0.007500 0.015000
3 0.223333 0.426667 0.008333 0.016667
2 0.682500 0.420000 0.020000 0.021667
3 0.496667 0.403333 0.009167 0.023333
3 0.625833 0.378333 0.009167 0.016667
3 0.240000 0.821667 0.008333 0.021667
3 0.499167 0.775000 0.009167 0.016667
2 0.237500 0.376667 0.013333 0.070000
3 0.540000 0.285000 0.011667 0.030000
2 0.481667 0.303333 0.027500 0.016667
3 0.715000 0.611667 0.011667 0.030000
2 0.775833 0.688333 0.010833 0.091667
2 0.625833 0.366667 0.019167 0.046667
3 0.660833 0.436667 0.010000 0.016667
2 0.586667 0.396667 0.048333 0.043333
2 0.498333 0.276667 0.009167 0.031667
3 0.650833 0.395000 0.008333 0.021667
2 0.516667 0.398333 0.030833 0.051667
2 0.352500 0.306667 0.020833 0.028333
2 0.360000 0.651667 0.022500 0.023333
3 0.680000 0.396667 0.009167 0.016667
3 0.655833 0.365000 0.017500 0.031667
3 0.546667 0.421667 0.017500 0.031667
3 0.345000 0.721667 0.009167 0.015000
3 0.650833 0.390000 0.008333 0.016667
2 0.399167 0.361667 0.097500 0.053333
3 0.720833 0.638333 0.008333 0.016667
2 0.486667 0.793333 0.020833 0.080000
3 0.625833 0.378333 0.009167 0.016667
3 0.558333 0.650000 0.010833 0.013333
2 0.574167 0.171667 0.010000 0.031667
2 0.416667 0.380000 0.026667 0.035000
2 0.637500 0.380000 0.026667 0.035000
2 0.370000 0.336667 0.035000 0.105000
3 0.310833 0.606667 0.010000 0.020000
3 0.301667 0.748333 0.009167 0.016667
2 0.651667 0.380000 0.014167 0.015000
3 0.275000 0.741667 0.007500 0.018333
2 0.686667 0.718333 0.048333 0.043333
3 0.475000 0.800000 0.008333 0.021667
3 0.629167 0.413333 0.017500 0.031667
3 0.811667 0.386667 0.008333 0.016667
3 0.498333 0.270000 0.009167 0.023333
3 0.460000 0.693333 0.008333 0.016667
3 0.310833 0.771667 0.010000 0.020000
2 0.734167 0.716667 0.097500 0.053333
2 0.695833 0.656667 0.027500 0.016667
3 0.589167 0.336667 0.013333 0.015000
3 0.420833 0.655000 0.009167 0.016667
2 0.399167 0.365000 0.026667 0.035000
3 0.430833 0.383333 0.017500 0.031667
2 0.685000 0.361667 0.011667 0.025000
3 0.646667 0.411667 0.008333 0.016667
3 0.440833 0.736667 0.009167 0.018333
2 0.226667 0.341667 0.034167 0.038333
2 0.540833 0.656667 0.029167 0.038333
3 0.385833 0.375000 0.009167 0.018333
3 0.494167 0.720000 0.011667 0.030000
3 0.515000 0.361667 0.013333 0.015000
2 0.465000 0.215000 0.034167 0.038333
3 0.646667 0.631667 0.007500 0.015000
3 0.276667 0.278333 0.010833 0.013333
3 0.320833 0.716667 0.009167 0.018333
2 0.550833 0.398333 0.009167 0.040000
2 0.469167 0.658333 0.030833 0.051667
2 0.751667 0.316667 0.009167 0.040000
2 0.361667 0.670000 0.020833 0.028333
3 0.573333 0.635000 0.007500 0.018333
2 0.685000 0.660000 0.020833 0.028333
3 0.217500 0.631667 0.009167 0.015000
3 0.233333 0.388333 0.008333 0.016667
3 0.306667 0.700000 0.010000 0.020000
3 0.368333 0.431667 0.007500 0.015000
2 0.718333 0.316667 0.097500 0.053333
2 0.564167 0.638333 0.030833 0.051667
2 0.695833 0.366667 0.020833 0.080000
3 0.425000 0.368333 0.009167 0.015000
2 0.535000 0.733333 0.010000 0.031667
2 0.460000 0.095000 0.009167 0.040000
2 0.637500 0.681667 0.020833 0.080000
2 0.627500 0.646667 0.017500 0.116667
2 0.430000 0.763333 0.035000 0.105000
3 0.278333 0.666667 0.010833 0.013333
2 0.787500 0.380000 0.010833 0.091667
2 0.540833 0.226667 0.029167 0.038333
