4 0.826667 0.503333 0.071667 0.096667
4 0.875000 0.721667 0.051667 0.103333
4 0.901667 0.480000 0.052500 0.126667
4 0.826667 0.375000 0.074167 0.096667
4 0.845833 0.568333 0.045000 0.036667
4 0.896667 0.545000 0.043333 0.078333
4 0.789167 0.565000 0.164167 0.080000
4 0.834167 0.646667 0.128333 0.243333
4 0.809167 0.651667 0.066667 0.135000
4 0.824167 0.475000 0.112500 0.105000
4 0.251667 0.495000 0.100000 0.093333
4 0.063333 0.470000 0.126667 0.120000
4 0.743333 0.515000 0.050000 0.040000
4 0.563333 0.513333 0.155833 0.071667
4 0.479167 0.583333 0.142500 0.085000
4 0.357500 0.546667 0.105000 0.053333
4 0.187500 0.455000 0.165000 0.180000
4 0.123333 0.626667 0.064167 0.151667
4 0.798333 0.453333 0.048333 0.096667
4 0.410000 0.648333 0.105833 0.251667
2 0.607500 0.536667 0.023333 0.041667
3 0.811667 0.541667 0.007500 0.015000
2 0.165833 0.463333 0.030833 0.051667
3 0.593333 0.601667 0.014167 0.025000
2 0.372500 0.463333 0.017500 0.116667
2 0.420833 0.533333 0.097500 0.053333
3 0.674167 0.508333 0.008333 0.021667
2 0.772500 0.531667 0.020000 0.021667
2 0.505000 0.506667 0.019167 0.046667
2 0.510833 0.548333 0.020833 0.080000
2 0.609167 0.573333 0.020833 0.080000
2 0.360000 0.561667 0.009167 0.040000
2 0.047500 0.461667 0.009167 0.040000
2 0.300833 0.633333 0.010833 0.091667
2 0.427500 0.493333 0.097500 0.053333
2 0.490000 0.545000 0.034167 0.100000
3 0.741667 0.530000 0.011667 0.020000
2 0.522500 0.543333 0.013333 0.070000
2 0.567500 0.520000 0.020833 0.080000
3 0.515000 0.506667 0.009167 0.016667
2 0.537500 0.515000 0.017500 0.116667
2 0.110833 0.611667 0.010833 0.091667
3 0.535833 0.553333 0.007500 0.018333
2 0.126667 0.420000 0.020833 0.080000
2 0.110000 0.486667 0.019167 0.046667
2 0.698333 0.458333 0.023333 0.041667
3 0.422500 0.513333 0.008333 0.016667
3 0.772500 0.545000 0.010833 0.023333
3 0.156667 0.503333 0.009167 0.018333
2 0.619167 0.500000 0.034167 0.038333
3 0.420000 0.566667 0.009167 0.016667
3 0.805000 0.450000 0.013333 0.015000
2 0.600000 0.521667 0.045833 0.021667
2 0.240833 0.528333 0.010000 0.031667
2 0.806667 0.340000 0.045833 0.021667
3 0.580833 0.540000 0.014167 0.025000
2 0.666667 0.475000 0.026667 0.035000
2 0.645000 0.535000 0.011667 0.025000
2 0.670000 0.570000 0.017500 0.116667
3 0.616667 0.508333 0.010000 0.020000
2 0.098333 0.526667 0.019167 0.046667
2 0.335833 0.570000 0.034167 0.038333
3 0.431667 0.553333 0.010833 0.013333
3 0.312500 0.601667 0.009167 0.016667
2 0.419167 0.491667 0.013333 0.070000
3 0.399167 0.596667 0.007500 0.015000
3 0.608333 0.626667 0.009167 0.015000
3 0.269167 0.555000 0.007500 0.018333
3 0.623333 0.593333 0.011667 0.020000
2 0.234167 0.581667 0.023333 0.106667
2 0.787500 0.430000 0.034167 0.038333
3 0.534167 0.571667 0.007500 0.015000
3 0.595833 0.481667 0.009167 0.015000
3 0.340833 0.556667 0.007500 0.018333
3 0.321667 0.551667 0.009167 0.016667
2 0.250000 0.491667 0.020833 0.028333
2 0.285000 0.548333 0.010000 0.031667
2 0.310000 0.490000 0.010000 0.031667
3 0.200000 0.553333 0.010000 0.016667
2 0.339167 0.525000 0.010833 0.091667
2 0.285833 0.503333 0.009167 0.040000
3 0.082500 0.458333 0.013333 0.015000
2 0.086667 0.603333 0.021667 0.090000
2 0.672500 0.548333 0.015833 0.068333
3 0.129167 0.535000 0.008333 0.016667
2 0.305000 0.486667 0.023333 0.106667
2 0.095833 0.531667 0.010000 0.031667
2 0.548333 0.511667 0.020833 0.028333
3 0.209167 0.440000 0.009167 0.018333
2 0.065833 0.553333 0.026667 0.035000
3 0.043333 0.483333 0.007500 0.018333
2 0.590833 0.490000 0.021667 0.090000
2 0.064167 0.536667 0.021667 0.090000
2 0.320833 0.571667 0.019167 0.046667
2 0.093333 0.571667 0.034167 0.038333
2 0.439167 0.476667 0.019167 0.046667
2 0.443333 0.588333 0.015833 0.068333
2 0.415833 0.460000 0.020000 0.021667
3 0.258333 0.591667 0.008333 0.021667
3 0.363333 0.455000 0.010000 0.020000
2 0.205000 0.526667 0.014167 0.015000
2 0.717500 0.515000 0.023333 0.041667
2 0.056667 0.480000 0.048333 0.025000
3 0.139167 0.573333 0.009167 0.023333
3 0.062500 0.490000 0.017500 0.031667
2 0.772500 0.555000 0.023333 0.041667
3 0.287500 0.495000 0.007500 0.015000
2 0.660000 0.548333 0.011667 0.025000
3 0.484167 0.500000 0.013333 0.031667
2 0.395833 0.611667 0.021667 0.090000
3 0.197500 0.456667 0.007500 0.015000
2 0.376667 0.448333 0.011667 0.066667
2 0.315833 0.618333 0.010833 0.091667
3 0.235000 0.480000 0.011667 0.020000
3 0.726667 0.578333 0.009167 0.016667
3 0.258333 0.593333 0.007500 0.015000
2 0.650000 0.523333 0.048333 0.043333
3 0.609167 0.488333 0.010833 0.013333
3 0.481667 0.585000 0.009167 0.015000
3 0.352500 0.570000 0.008333 0.016667
2 0.470833 0.445000 0.035000 0.105000
3 0.057500 0.465000 0.009167 0.015000
2 0.534167 0.613333 0.035000 0.105000
2 0.290000 0.440000 0.010833 0.091667
3 0.274167 0.413333 0.010000 0.016667
3 0.388333 0.650000 0.010833 0.023333
2 0.516667 0.643333 0.009167 0.031667
3 0.685000 0.421667 0.007500 0.015000
2 0.656667 0.608333 0.029167 0.038333
3 0.339167 0.655000 0.011667 0.030000
3 0.809167 0.426667 0.010000 0.020000
2 0.707500 0.365000 0.034167 0.100000
2 0.640833 0.661667 0.009167 0.040000
2 0.720833 0.480000 0.010833 0.091667
2 0.670833 0.633333 0.045833 0.021667
2 0.720000 0.645000 0.034167 0.100000
3 0.451667 0.785000 0.007500 0.016667
3 0.405833 0.715000 0.007500 0.018333
3 0.491667 0.390000 0.013333 0.031667
3 0.529167 0.293333 0.009167 0.016667
2 0.428333 0.613333 0.035000 0.105000
3 0.718333 0.666667 0.015833 0.051667
2 0.693333 0.281667 0.009167 0.031667
2 0.712500 0.701667 0.013333 0.070000
2 0.642500 0.723333 0.023333 0.041667
3 0.572500 0.756667 0.009167 0.016667
2 0.474167 0.670000 0.020833 0.080000
2 0.706667 0.318333 0.011667 0.066667
2 0.298333 0.653333 0.020833 0.028333
2 0.211667 0.445000 0.030833 0.051667
2 0.403333 0.395000 0.027500 0.016667
3 0.737500 0.683333 0.010833 0.013333
3 0.550000 0.420000 0.009167 0.016667
3 0.705000 0.430000 0.007500 0.015000
2 0.636667 0.411667 0.023333 0.106667
2 0.224167 0.681667 0.097500 0.053333
2 0.588333 0.305000 0.045833 0.021667
2 0.341667 0.735000 0.027500 0.016667
3 0.267500 0.646667 0.009167 0.015000
3 0.225000 0.693333 0.010000 0.016667
2 0.726667 0.636667 0.010833 0.091667
3 0.550833 0.235000 0.010000 0.020000
3 0.434167 0.678333 0.013333 0.015000
2 0.362500 0.668333 0.034167 0.038333
3 0.311667 0.205000 0.013333 0.015000
2 0.548333 0.648333 0.011667 0.025000
2 0.460833 0.288333 0.045833 0.021667
2 0.430833 0.348333 0.034167 0.038333
2 0.722500 0.436667 0.010833 0.091667
3 0.721667 0.625000 0.008333 0.021667
2 0.690833 0.448333 0.010833 0.091667
2 0.801667 0.630000 0.011667 0.025000
3 0.464167 0.280000 0.009167 0.016667
2 0.696667 0.278333 0.009167 0.031667
2 0.272500 0.743333 0.015833 0.068333
2 0.532500 0.436667 0.013333 0.070000
2 0.675000 0.373333 0.011667 0.066667
3 0.755833 0.651667 0.015833 0.051667
3 0.400000 0.653333 0.009167 0.018333
2 0.765000 0.350000 0.021667 0.090000
2 0.405833 0.751667 0.014167 0.015000
2 0.321667 0.211667 0.010833 0.091667
2 0.740000 0.635000 0.021667 0.090000
3 0.452500 0.283333 0.017500 0.031667
3 0.571667 0.661667 0.013333 0.015000
3 0.232500 0.636667 0.013333 0.031667
2 0.505000 0.275000 0.020000 0.021667
2 0.708333 0.395000 0.026667 0.035000
3 0.232500 0.386667 0.009167 0.018333
3 0.715833 0.330000 0.008333 0.016667
3 0.630833 0.656667 0.007500 0.016667
2 0.473333 0.818333 0.011667 0.025000
2 0.701667 0.193333 0.035000 0.105000
3 0.789167 0.681667 0.011667 0.020000
2 0.311667 0.383333 0.045833 0.021667
2 0.805000 0.650000 0.009167 0.031667
3 0.450000 0.375000 0.008333 0.016667
3 0.240000 0.816667 0.008333 0.016667
2 0.593333 0.771667 0.020833 0.080000
2 0.747500 0.410000 0.020833 0.028333
2 0.571667 0.573333 0.035000 0.105000
3 0.344167 0.308333 0.017500 0.031667
3 0.486667 0.375000 0.007500 0.018333
3 0.458333 0.865000 0.013333 0.031667
2 0.655000 0.401667 0.045833 0.021667
2 0.544167 0.661667 0.009167 0.031667
2 0.678333 0.356667 0.045833 0.021667
2 0.682500 0.323333 0.029167 0.038333
2 0.575000 0.745000 0.048333 0.043333
2 0.690000 0.765000 0.020833 0.080000
2 0.329167 0.328333 0.017500 0.116667
2 0.663333 0.431667 0.026667 0.035000
3 0.687500 0.641667 0.007500 0.015000
2 0.625833 0.320000 0.015833 0.068333
2 0.499167 0.241667 0.019167 0.046667
3 0.682500 0.393333 0.013333 0.015000
3 0.269167 0.701667 0.007500 0.016667
3 0.677500 0.431667 0.008333 0.016667
2 0.475000 0.755000 0.048333 0.025000
3 0.315000 0.643333 0.007500 0.015000
3 0.290000 0.235000 0.010833 0.023333
3 0.400833 0.653333 0.014167 0.025000
3 0.657500 0.370000 0.009167 0.018333
3 0.685833 0.661667 0.009167 0.018333
2 0.595000 0.363333 0.027500 0.016667
2 0.460833 0.756667 0.020833 0.080000
3 0.441667 0.736667 0.007500 0.015000
3 0.315000 0.456667 0.008333 0.016667
3 0.560000 0.431667 0.008333 0.021667
2 0.324167 0.301667 0.045833 0.021667
2 0.445833 0.375000 0.009167 0.031667
3 0.583333 0.320000 0.008333 0.016667
2 0.293333 0.656667 0.023333 0.106667
2 0.310000 0.280000 0.011667 0.066667
2 0.311667 0.328333 0.035000 0.105000
2 0.621667 0.351667 0.048333 0.025000
3 0.490000 0.298333 0.009167 0.023333
3 0.704167 0.631667 0.007500 0.016667
2 0.593333 0.686667 0.034167 0.100000
3 0.510000 0.818333 0.007500 0.018333
3 0.614167 0.375000 0.017500 0.031667
2 0.770000 0.395000 0.020833 0.080000
3 0.665833 0.363333 0.007500 0.018333
2 0.671667 0.596667 0.097500 0.053333
3 0.780000 0.416667 0.013333 0.015000
2 0.485833 0.320000 0.010833 0.091667
3 0.521667 0.405000 0.010000 0.020000
3 0.493333 0.161667 0.013333 0.015000
3 0.642500 0.365000 0.013333 0.031667
3 0.424167 0.365000 0.006667 0.018333
2 0.300000 0.390000 0.010000 0.031667
2 0.785000 0.326667 0.017500 0.116667
2 0.645833 0.315000 0.011667 0.066667
3 0.632500 0.390000 0.009167 0.015000
3 0.779167 0.736667 0.007500 0.015000
2 0.635000 0.373333 0.034167 0.100000
2 0.222500 0.645000 0.019167 0.046667
2 0.425833 0.750000 0.058333 0.076667
2 0.417500 0.803333 0.029167 0.038333
3 0.793333 0.366667 0.013333 0.015000
3 0.623333 0.391667 0.006667 0.018333
2 0.413333 0.808333 0.020833 0.080000
2 0.735000 0.773333 0.021667 0.090000
2 0.440000 0.646667 0.011667 0.025000
2 0.679167 0.388333 0.011667 0.025000
2 0.260833 0.310000 0.020833 0.080000
3 0.771667 0.326667 0.008333 0.021667
3 0.232500 0.798333 0.009167 0.015000
3 0.704167 0.631667 0.008333 0.016667
3 0.710833 0.260000 0.007500 0.018333
2 0.584167 0.743333 0.034167 0.100000
3 0.685833 0.628333 0.008333 0.016667
3 0.530000 0.401667 0.013333 0.015000
3 0.801667 0.633333 0.010833 0.013333
2 0.452500 0.275000 0.017500 0.116667
3 0.315000 0.343333 0.006667 0.018333
3 0.716667 0.343333 0.007500 0.018333
3 0.570000 0.276667 0.009167 0.016667
2 0.610833 0.426667 0.034167 0.100000
3 0.273333 0.666667 0.008333 0.016667
2 0.426667 0.713333 0.048333 0.025000
2 0.306667 0.366667 0.014167 0.015000
2 0.678333 0.386667 0.020833 0.028333
2 0.717500 0.416667 0.020000 0.021667
3 0.158333 0.635000 0.010000 0.016667
3 0.297500 0.401667 0.011667 0.030000
2 0.748333 0.416667 0.020833 0.080000
2 0.345000 0.458333 0.021667 0.090000
2 0.463333 0.131667 0.026667 0.035000
2 0.556667 0.666667 0.010000 0.031667
2 0.315833 0.268333 0.021667 0.090000
3 0.675000 0.318333 0.007500 0.015000
2 0.660833 0.745000 0.020833 0.080000
3 0.290000 0.710000 0.007500 0.015000
3 0.660000 0.360000 0.009167 0.016667
3 0.325000 0.763333 0.007500 0.015000
3 0.473333 0.243333 0.008333 0.016667
3 0.428333 0.380000 0.007500 0.015000
2 0.523333 0.333333 0.045833 0.021667
2 0.789167 0.380000 0.010833 0.091667
3 0.699167 0.376667 0.007500 0.018333
3 0.476667 0.803333 0.007500 0.015000
2 0.730000 0.280000 0.022500 0.023333
2 0.411667 0.651667 0.027500 0.016667
2 0.263333 0.416667 0.013333 0.070000
3 0.287500 0.821667 0.008333 0.016667
3 0.765000 0.720000 0.010000 0.020000
3 0.759167 0.595000 0.010833 0.013333
2 0.716667 0.998333 0.014167 0.001667
2 0.476667 0.216667 0.011667 0.025000
2 0.751667 0.391667 0.034167 0.100000
2 0.600833 0.643333 0.019167 0.046667
3 0.539167 0.646667 0.007500 0.015000
2 0.435000 0.275000 0.097500 0.053333
3 0.765833 0.641667 0.009167 0.016667
3 0.265833 0.725000 0.010833 0.023333
2 0.507500 0.340000 0.026667 0.035000
3 0.446667 0.336667 0.010833 0.013333
3 0.710833 0.613333 0.009167 0.016667
3 0.660000 0.381667 0.008333 0.016667
