4 0.825000 0.533333 0.055000 0.098333
4 0.834167 0.438333 0.072500 0.031667
4 0.883333 0.558333 0.050833 0.045000
4 0.864167 0.495000 0.118333 0.055000
4 0.805000 0.466667 0.127500 0.068333
4 0.805000 0.698333 0.071667 0.180000
4 0.860833 0.595000 0.065000 0.025000
4 0.825000 0.335000 0.085833 0.080000
4 0.848333 0.608333 0.072500 0.051667
4 0.767500 0.743333 0.240000 0.430000
4 0.501667 0.776667 0.225000 0.445000
4 0.720833 0.525000 0.045833 0.065000
4 0.772500 0.495000 0.054167 0.103333
4 0.030833 0.506667 0.043333 0.035000
4 0.441667 0.581667 0.037500 0.088333
4 0.267500 0.555000 0.117500 0.063333
4 0.132500 0.641667 0.076667 0.175000
4 0.762500 0.521667 0.136667 0.046667
4 0.660000 0.588333 0.077500 0.065000
4 0.049167 0.473333 0.051667 0.093333
3 0.276667 0.518333 0.014167 0.025000
2 0.820000 0.560000 0.011667 0.066667
3 0.373333 0.533333 0.013333 0.015000
3 0.351667 0.543333 0.008333 0.016667
2 0.693333 0.591667 0.010833 0.091667
2 0.475833 0.575000 0.010833 0.091667
3 0.313333 0.505000 0.007500 0.016667
2 0.369167 0.535000 0.035000 0.105000
2 0.228333 0.495000 0.011667 0.066667
3 0.761667 0.480000 0.010000 0.020000
2 0.584167 0.468333 0.020000 0.021667
3 0.702500 0.538333 0.007500 0.018333
3 0.083333 0.500000 0.007500 0.016667
3 0.817500 0.515000 0.009167 0.016667
2 0.277500 0.491667 0.027500 0.016667
2 0.385833 0.445000 0.011667 0.066667
2 0.812500 0.448333 0.011667 0.066667
2 0.485833 0.466667 0.097500 0.053333
3 0.071667 0.485000 0.007500 0.015000
2 0.276667 0.571667 0.010833 0.091667
3 0.802500 0.481667 0.007500 0.015000
2 0.467500 0.451667 0.034167 0.038333
2 0.081667 0.546667 0.015833 0.068333
3 0.763333 0.560000 0.009167 0.016667
3 0.445000 0.625000 0.008333 0.016667
2 0.012500 0.503333 0.015833 0.068333
3 0.822500 0.335000 0.013333 0.031667
2 0.261667 0.485000 0.023333 0.106667
3 0.473333 0.570000 0.007500 0.015000
2 0.243333 0.481667 0.097500 0.053333
2 0.532500 0.511667 0.017500 0.116667
2 0.024167 0.558333 0.015833 0.068333
2 0.261667 0.448333 0.097500 0.053333
2 0.712500 0.583333 0.010000 0.031667
3 0.174167 0.605000 0.009167 0.023333
2 0.670000 0.540000 0.034167 0.100000
2 0.676667 0.475000 0.048333 0.043333
3 0.599167 0.510000 0.006667 0.018333
3 0.579167 0.583333 0.010000 0.016667
2 0.226667 0.546667 0.015833 0.068333
3 0.725833 0.531667 0.007500 0.018333
3 0.330000 0.496667 0.008333 0.016667
3 0.368333 0.501667 0.015833 0.051667
2 0.299167 0.466667 0.045833 0.021667
2 0.733333 0.470000 0.009167 0.040000
2 0.420000 0.578333 0.010000 0.031667
3 0.127500 0.473333 0.009167 0.016667
2 0.417500 0.573333 0.015833 0.068333
3 0.054167 0.561667 0.006667 0.018333
2 0.473333 0.466667 0.017500 0.116667
3 0.297500 0.520000 0.007500 0.015000
3 0.301667 0.568333 0.011667 0.030000
3 0.440833 0.518333 0.009167 0.016667
2 0.640833 0.520000 0.010833 0.091667
3 0.793333 0.580000 0.007500 0.018333
3 0.474167 0.598333 0.008333 0.016667
2 0.647500 0.528333 0.030833 0.051667
3 0.554167 0.481667 0.017500 0.031667
3 0.775833 0.540000 0.009167 0.015000
3 0.108333 0.470000 0.014167 0.025000
3 0.798333 0.451667 0.009167 0.016667
2 0.525833 0.558333 0.045833 0.021667
2 0.445833 0.498333 0.026667 0.035000
3 0.215833 0.490000 0.007500 0.018333
3 0.816667 0.581667 0.007500 0.015000
2 0.678333 0.491667 0.021667 0.090000
3 0.379167 0.500000 0.008333 0.016667
2 0.160000 0.603333 0.010833 0.091667
3 0.671667 0.508333 0.006667 0.018333
3 0.530000 0.525000 0.008333 0.016667
2 0.800833 0.670000 0.034167 0.100000
3 0.379167 0.546667 0.011667 0.030000
2 0.639167 0.475000 0.097500 0.053333
2 0.309167 0.481667 0.030833 0.051667
3 0.235833 0.575000 0.009167 0.015000
3 0.458333 0.515000 0.007500 0.018333
3 0.103333 0.535000 0.017500 0.031667
2 0.276667 0.561667 0.011667 0.066667
2 0.677500 0.470000 0.011667 0.025000
3 0.238333 0.536667 0.007500 0.015000
2 0.396667 0.465000 0.009167 0.040000
3 0.371667 0.565000 0.010000 0.016667
3 0.801667 0.496667 0.009167 0.016667
3 0.652500 0.473333 0.008333 0.016667
2 0.628333 0.473333 0.017500 0.116667
3 0.202500 0.536667 0.007500 0.018333
3 0.597500 0.605000 0.009167 0.015000
2 0.559167 0.481667 0.029167 0.038333
3 0.248333 0.543333 0.007500 0.018333
2 0.711667 0.545000 0.011667 0.066667
2 0.030833 0.546667 0.020833 0.080000
3 0.424167 0.485000 0.009167 0.015000
2 0.790000 0.441667 0.048333 0.025000
2 0.136667 0.511667 0.009167 0.031667
2 0.260000 0.511667 0.017500 0.116667
2 0.767500 0.510000 0.023333 0.106667
3 0.660000 0.503333 0.011667 0.030000
2 0.576667 0.483333 0.023333 0.041667
3 0.448333 0.516667 0.017500 0.031667
2 0.555000 0.546667 0.058333 0.076667
3 0.533333 0.466667 0.009167 0.016667
3 0.179167 0.453333 0.008333 0.021667
2 0.790833 0.421667 0.014167 0.015000
3 0.728333 0.600000 0.017500 0.031667
2 0.440000 0.721667 0.034167 0.038333
2 0.802500 0.350000 0.011667 0.066667
3 0.244167 0.363333 0.010833 0.023333
3 0.310833 0.773333 0.009167 0.016667
3 0.530000 0.631667 0.007500 0.018333
2 0.444167 0.356667 0.011667 0.066667
2 0.775000 0.338333 0.010000 0.031667
3 0.334167 0.331667 0.007500 0.015000
2 0.330000 0.251667 0.011667 0.066667
2 0.745833 0.705000 0.045833 0.021667
2 0.660833 0.640000 0.097500 0.053333
3 0.542500 0.695000 0.008333 0.016667
3 0.476667 0.315000 0.014167 0.025000
3 0.540833 0.280000 0.009167 0.018333
3 0.554167 0.358333 0.009167 0.016667
2 0.678333 0.453333 0.020833 0.080000
3 0.575000 0.175000 0.008333 0.016667
3 0.538333 0.645000 0.009167 0.015000
2 0.780000 0.635000 0.010833 0.091667
2 0.255833 0.790000 0.020833 0.028333
3 0.569167 0.700000 0.011667 0.030000
3 0.406667 0.678333 0.011667 0.020000
3 0.379167 0.356667 0.009167 0.016667
3 0.763333 0.418333 0.006667 0.018333
3 0.670833 0.341667 0.008333 0.016667
3 0.767500 0.593333 0.010000 0.016667
3 0.665000 0.383333 0.010833 0.023333
2 0.307500 0.350000 0.017500 0.116667
2 0.408333 0.635000 0.058333 0.076667
3 0.607500 0.350000 0.010833 0.023333
2 0.649167 0.441667 0.030833 0.051667
3 0.637500 0.666667 0.015833 0.051667
3 0.305000 0.293333 0.008333 0.016667
3 0.321667 0.763333 0.009167 0.023333
3 0.386667 0.725000 0.014167 0.025000
3 0.445833 0.375000 0.011667 0.030000
2 0.373333 0.710000 0.023333 0.106667
2 0.697500 0.713333 0.010833 0.091667
2 0.748333 0.578333 0.020833 0.080000
2 0.563333 0.728333 0.026667 0.035000
2 0.443333 0.260000 0.029167 0.038333
3 0.354167 0.283333 0.009167 0.016667
2 0.696667 0.725000 0.097500 0.053333
3 0.244167 0.703333 0.007500 0.016667
2 0.774167 0.465000 0.010833 0.091667
2 0.746667 0.670000 0.034167 0.100000
2 0.685000 0.590000 0.097500 0.053333
3 0.579167 0.650000 0.011667 0.030000
2 0.706667 0.701667 0.010000 0.031667
3 0.323333 0.365000 0.015833 0.051667
2 0.465000 0.243333 0.035000 0.105000
2 0.520833 0.406667 0.013333 0.070000
2 0.324167 0.670000 0.009167 0.040000
2 0.270833 0.798333 0.021667 0.090000
2 0.422500 0.345000 0.010000 0.031667
3 0.768333 0.356667 0.010000 0.020000
2 0.564167 0.653333 0.019167 0.046667
3 0.797500 0.658333 0.007500 0.018333
2 0.618333 0.381667 0.030833 0.051667
3 0.528333 0.350000 0.010833 0.013333
2 0.705833 0.375000 0.030833 0.051667
3 0.674167 0.641667 0.011667 0.020000
3 0.340000 0.711667 0.008333 0.016667
3 0.782500 0.608333 0.009167 0.015000
2 0.687500 0.356667 0.022500 0.023333
3 0.643333 0.381667 0.013333 0.015000
2 0.696667 0.700000 0.010833 0.091667
2 0.664167 0.670000 0.011667 0.025000
2 0.636667 0.470000 0.034167 0.100000
3 0.444167 0.381667 0.007500 0.015000
3 0.766667 0.721667 0.006667 0.018333
2 0.330833 0.341667 0.022500 0.023333
2 0.787500 0.370000 0.014167 0.015000
2 0.225000 0.700000 0.011667 0.025000
2 0.649167 0.355000 0.019167 0.046667
3 0.750000 0.643333 0.007500 0.018333
3 0.465000 0.811667 0.010000 0.016667
2 0.668333 0.465000 0.021667 0.090000
2 0.597500 0.643333 0.020000 0.021667
2 0.525000 0.376667 0.014167 0.015000
2 0.798333 0.408333 0.010833 0.091667
3 0.764167 0.618333 0.011667 0.030000
3 0.710833 0.363333 0.007500 0.018333
2 0.305000 0.683333 0.048333 0.043333
2 0.450833 0.860000 0.027500 0.016667
2 0.452500 0.598333 0.058333 0.076667
2 0.663333 0.338333 0.030833 0.051667
3 0.768333 0.613333 0.013333 0.015000
2 0.537500 0.246667 0.023333 0.106667
3 0.476667 0.745000 0.011667 0.020000
2 0.598333 0.381667 0.048333 0.025000
2 0.678333 0.338333 0.023333 0.106667
3 0.715833 0.333333 0.008333 0.021667
3 0.749167 0.673333 0.011667 0.030000
2 0.603333 0.360000 0.011667 0.025000
3 0.275833 0.775000 0.011667 0.030000
3 0.517500 0.405000 0.008333 0.016667
3 0.504167 0.258333 0.009167 0.016667
2 0.530000 0.725000 0.010833 0.091667
2 0.755833 0.626667 0.015833 0.068333
2 0.223333 0.720000 0.013333 0.070000
3 0.498333 0.256667 0.007500 0.016667
2 0.349167 0.413333 0.023333 0.041667
2 0.297500 0.741667 0.030833 0.051667
3 0.390000 0.731667 0.007500 0.016667
3 0.775833 0.690000 0.008333 0.016667
3 0.655833 0.333333 0.010833 0.013333
2 0.594167 0.738333 0.020833 0.080000
2 0.228333 0.743333 0.058333 0.076667
3 0.692500 0.773333 0.017500 0.031667
2 0.755833 0.605000 0.017500 0.116667
3 0.737500 0.663333 0.006667 0.018333
3 0.262500 0.728333 0.017500 0.031667
2 0.301667 0.708333 0.011667 0.025000
2 0.632500 0.631667 0.027500 0.016667
2 0.723333 0.383333 0.013333 0.070000
3 0.674167 0.320000 0.009167 0.016667
2 0.671667 0.633333 0.026667 0.035000
2 0.749167 0.601667 0.011667 0.025000
3 0.703333 0.631667 0.009167 0.016667
2 0.335833 0.696667 0.015833 0.068333
3 0.530833 0.375000 0.010833 0.023333
3 0.306667 0.696667 0.014167 0.025000
3 0.731667 0.720000 0.008333 0.016667
2 0.760833 0.631667 0.097500 0.053333
3 0.220000 0.418333 0.014167 0.025000
3 0.645833 0.413333 0.009167 0.016667
2 0.371667 0.705000 0.097500 0.053333
2 0.698333 0.378333 0.045833 0.021667
3 0.517500 0.631667 0.007500 0.015000
3 0.326667 0.390000 0.010000 0.016667
3 0.170833 0.385000 0.008333 0.016667
3 0.810833 0.386667 0.009167 0.016667
3 0.473333 0.796667 0.011667 0.020000
2 0.521667 0.758333 0.010000 0.031667
3 0.620000 0.371667 0.013333 0.031667
3 0.710833 0.363333 0.007500 0.015000
3 0.672500 0.456667 0.017500 0.031667
3 0.537500 0.651667 0.011667 0.030000
3 0.707500 0.338333 0.009167 0.018333
3 0.515000 0.656667 0.007500 0.015000
2 0.334167 0.210000 0.019167 0.046667
3 0.670000 0.358333 0.013333 0.031667
2 0.426667 0.340000 0.026667 0.035000
3 0.756667 0.313333 0.008333 0.016667
3 0.690000 0.625000 0.010000 0.016667
2 0.111667 0.596667 0.097500 0.053333
3 0.691667 0.670000 0.008333 0.016667
3 0.630000 0.338333 0.007500 0.018333
2 0.336667 0.240000 0.022500 0.023333
2 0.194167 0.723333 0.027500 0.016667
2 0.623333 0.435000 0.048333 0.043333
3 0.696667 0.268333 0.010000 0.016667
2 0.729167 0.670000 0.023333 0.041667
2 0.756667 0.706667 0.048333 0.043333
3 0.700000 0.668333 0.009167 0.016667
2 0.585833 0.290000 0.035000 0.105000
3 0.228333 0.396667 0.013333 0.015000
2 0.783333 0.421667 0.048333 0.025000
3 0.780833 0.598333 0.009167 0.016667
2 0.470000 0.353333 0.009167 0.040000
2 0.695000 0.243333 0.020833 0.080000
2 0.725833 0.338333 0.020833 0.028333
2 0.246667 0.798333 0.048333 0.025000
3 0.571667 0.746667 0.017500 0.031667
2 0.726667 0.345000 0.020000 0.021667
3 0.465000 0.298333 0.017500 0.031667
3 0.789167 0.416667 0.007500 0.016667
2 0.595000 0.363333 0.027500 0.016667
2 0.694167 0.323333 0.011667 0.066667
2 0.805833 0.926667 0.013333 0.070000
3 0.482500 0.756667 0.009167 0.016667
3 0.804167 0.655000 0.006667 0.018333
3 0.685000 0.365000 0.010833 0.013333
3 0.500000 0.773333 0.008333 0.016667
3 0.715000 0.368333 0.010000 0.020000
2 0.777500 0.445000 0.017500 0.116667
3 0.525000 0.396667 0.009167 0.016667
2 0.768333 0.386667 0.022500 0.023333
3 0.343333 0.371667 0.011667 0.020000
3 0.314167 0.661667 0.007500 0.018333
3 0.700833 0.273333 0.010000 0.020000
3 0.722500 0.615000 0.009167 0.016667
2 0.326667 0.658333 0.022500 0.023333
2 0.432500 0.808333 0.027500 0.016667
3 0.440833 0.791667 0.009167 0.018333
2 0.520000 0.665000 0.019167 0.046667
3 0.672500 0.443333 0.009167 0.016667
3 0.247500 0.700000 0.008333 0.016667
2 0.463333 0.303333 0.029167 0.038333
2 0.270833 0.658333 0.058333 0.076667
3 0.750000 0.641667 0.008333 0.016667
2 0.670833 0.338333 0.020833 0.080000
3 0.755833 0.413333 0.008333 0.016667
3 0.602500 0.748333 0.007500 0.018333
2 0.410000 0.388333 0.034167 0.038333
