4 0.894167 0.445000 0.069167 0.033333
4 0.690000 0.773333 0.315000 0.430000
4 0.825833 0.636667 0.108333 0.156667
4 0.834167 0.643333 0.106667 0.093333
4 0.773333 0.608333 0.162500 0.131667
4 0.785000 0.480000 0.118333 0.090000
4 0.846667 0.610000 0.089167 0.056667
4 0.748333 0.636667 0.173333 0.183333
4 0.910833 0.560000 0.030833 0.058333
4 0.844167 0.443333 0.120833 0.063333
4 0.700000 0.550000 0.059167 0.028333
4 0.566667 0.645000 0.145000 0.195000
4 0.752500 0.575000 0.140000 0.170000
4 0.453333 0.650000 0.208333 0.278333
4 0.532500 0.475000 0.084167 0.093333
4 0.732500 0.518333 0.131667 0.060000
4 0.581667 0.560000 0.048333 0.121667
4 0.760833 0.520000 0.079167 0.073333
4 0.291667 0.575000 0.101667 0.205000
4 0.220000 0.528333 0.106667 0.073333
2 0.179167 0.481667 0.048333 0.043333
2 0.092500 0.551667 0.020833 0.080000
3 0.451667 0.548333 0.009167 0.016667
2 0.160000 0.495000 0.029167 0.038333
3 0.597500 0.625000 0.013333 0.015000
2 0.380000 0.471667 0.048333 0.043333
3 0.616667 0.551667 0.007500 0.018333
3 0.595000 0.571667 0.009167 0.016667
2 0.202500 0.466667 0.017500 0.116667
2 0.337500 0.508333 0.011667 0.025000
3 0.295000 0.535000 0.010833 0.023333
2 0.205833 0.531667 0.035000 0.105000
3 0.590000 0.473333 0.011667 0.030000
2 0.530000 0.515000 0.027500 0.016667
2 0.426667 0.595000 0.048333 0.043333
2 0.676667 0.485000 0.020000 0.021667
2 0.698333 0.455000 0.017500 0.116667
2 0.750000 0.606667 0.034167 0.100000
2 0.110000 0.448333 0.020833 0.028333
2 0.504167 0.515000 0.019167 0.046667
3 0.022500 0.543333 0.008333 0.016667
3 0.219167 0.588333 0.011667 0.020000
2 0.779167 0.441667 0.035000 0.105000
3 0.570000 0.551667 0.008333 0.016667
2 0.322500 0.580000 0.026667 0.035000
3 0.050833 0.538333 0.014167 0.025000
3 0.728333 0.525000 0.007500 0.015000
2 0.570833 0.585000 0.010833 0.091667
3 0.536667 0.566667 0.008333 0.016667
3 0.020000 0.486667 0.010000 0.020000
2 0.051667 0.591667 0.021667 0.090000
2 0.416667 0.506667 0.020833 0.080000
3 0.199167 0.511667 0.007500 0.015000
2 0.137500 0.615000 0.020833 0.080000
3 0.698333 0.456667 0.011667 0.020000
3 0.490833 0.533333 0.010000 0.020000
3 0.372500 0.540000 0.010000 0.020000
2 0.286667 0.558333 0.058333 0.076667
2 0.702500 0.496667 0.020000 0.021667
2 0.515000 0.518333 0.045833 0.021667
3 0.389167 0.573333 0.006667 0.018333
3 0.122500 0.550000 0.013333 0.031667
3 0.804167 0.525000 0.007500 0.016667
3 0.350833 0.530000 0.007500 0.016667
2 0.670833 0.533333 0.010000 0.031667
2 0.639167 0.516667 0.021667 0.090000
2 0.159167 0.438333 0.017500 0.116667
2 0.299167 0.580000 0.009167 0.031667
2 0.651667 0.501667 0.023333 0.106667
2 0.237500 0.565000 0.023333 0.041667
2 0.775000 0.528333 0.020000 0.021667
2 0.102500 0.440000 0.019167 0.046667
2 0.731667 0.458333 0.019167 0.046667
2 0.045833 0.493333 0.048333 0.025000
2 0.035833 0.476667 0.034167 0.038333
3 0.623333 0.500000 0.009167 0.016667
3 0.196667 0.535000 0.015833 0.051667
2 0.806667 0.488333 0.034167 0.100000
3 0.352500 0.478333 0.009167 0.016667
2 0.488333 0.433333 0.020833 0.080000
3 0.450833 0.455000 0.008333 0.016667
2 0.350833 0.550000 0.045833 0.021667
2 0.247500 0.551667 0.023333 0.106667
3 0.618333 0.590000 0.009167 0.018333
2 0.020000 0.508333 0.040833 0.076667
3 0.416667 0.580000 0.007500 0.018333
3 0.566667 0.461667 0.006667 0.018333
2 0.265000 0.565000 0.048333 0.025000
3 0.820000 0.668333 0.009167 0.016667
3 0.040000 0.510000 0.008333 0.016667
2 0.330833 0.545000 0.023333 0.041667
3 0.600000 0.608333 0.008333 0.016667
2 0.735833 0.570000 0.021667 0.090000
2 0.190833 0.488333 0.011667 0.066667
3 0.168333 0.548333 0.009167 0.016667
3 0.045000 0.473333 0.006667 0.018333
3 0.645000 0.518333 0.011667 0.020000
3 0.366667 0.496667 0.010000 0.020000
3 0.497500 0.600000 0.007500 0.018333
3 0.339167 0.623333 0.010000 0.016667
2 0.575833 0.485000 0.035000 0.105000
3 0.494167 0.555000 0.010000 0.020000
3 0.399167 0.510000 0.008333 0.021667
2 0.298333 0.598333 0.017500 0.116667
2 0.750000 0.576667 0.020833 0.028333
3 0.790000 0.536667 0.009167 0.015000
2 0.137500 0.528333 0.013333 0.070000
2 0.185000 0.603333 0.048333 0.025000
2 0.661667 0.511667 0.010833 0.091667
2 0.468333 0.411667 0.022500 0.023333
3 0.027500 0.481667 0.007500 0.015000
2 0.015833 0.488333 0.032500 0.076667
2 0.027500 0.606667 0.020833 0.080000
2 0.408333 0.458333 0.011667 0.066667
2 0.409167 0.575000 0.022500 0.023333
2 0.816667 0.640000 0.027500 0.016667
2 0.068333 0.515000 0.035000 0.105000
3 0.380833 0.481667 0.007500 0.015000
3 0.145000 0.483333 0.009167 0.016667
2 0.280833 0.550000 0.030833 0.051667
3 0.370000 0.560000 0.008333 0.016667
2 0.651667 0.563333 0.020000 0.021667
3 0.479167 0.701667 0.009167 0.015000
3 0.314167 0.660000 0.008333 0.016667
2 0.362500 0.686667 0.048333 0.043333
2 0.641667 0.668333 0.034167 0.100000
3 0.261667 0.348333 0.014167 0.025000
2 0.760833 0.313333 0.029167 0.038333
3 0.530000 0.390000 0.008333 0.016667
2 0.550000 0.680000 0.010000 0.031667
2 0.672500 0.343333 0.014167 0.015000
3 0.748333 0.621667 0.009167 0.016667
2 0.540000 0.405000 0.010000 0.031667
3 0.340000 0.301667 0.009167 0.015000
2 0.695000 0.561667 0.035000 0.105000
2 0.797500 0.635000 0.020000 0.021667
3 0.733333 0.260000 0.009167 0.015000
3 0.251667 0.768333 0.011667 0.030000
3 0.338333 0.711667 0.010833 0.023333
3 0.549167 0.196667 0.009167 0.023333
3 0.460833 0.863333 0.008333 0.016667
2 0.651667 0.706667 0.023333 0.041667
3 0.349167 0.681667 0.007500 0.015000
2 0.794167 0.653333 0.026667 0.035000
3 0.527500 0.696667 0.015833 0.051667
2 0.776667 0.385000 0.010833 0.091667
2 0.675833 0.565000 0.035000 0.105000
3 0.730000 0.303333 0.009167 0.016667
2 0.758333 0.405000 0.020000 0.021667
2 0.524167 0.395000 0.010833 0.091667
3 0.373333 0.345000 0.007500 0.015000
2 0.602500 0.365000 0.010833 0.091667
2 0.634167 0.668333 0.014167 0.015000
2 0.306667 0.698333 0.010000 0.031667
3 0.455833 0.205000 0.009167 0.016667
2 0.554167 0.666667 0.014167 0.015000
2 0.132500 0.645000 0.029167 0.038333
2 0.683333 0.421667 0.026667 0.035000
2 0.759167 0.430000 0.048333 0.025000
3 0.304167 0.788333 0.013333 0.031667
3 0.709167 0.691667 0.013333 0.015000
2 0.347500 0.648333 0.045833 0.021667
3 0.660000 0.381667 0.007500 0.016667
2 0.735000 0.616667 0.045833 0.021667
2 0.643333 0.435000 0.020833 0.028333
3 0.456667 0.280000 0.009167 0.016667
2 0.495833 0.375000 0.009167 0.031667
2 0.297500 0.730000 0.011667 0.025000
2 0.410000 0.665000 0.015833 0.068333
2 0.260000 0.373333 0.019167 0.046667
2 0.759167 0.348333 0.019167 0.046667
3 0.507500 0.315000 0.010833 0.013333
3 0.685000 0.411667 0.007500 0.016667
3 0.329167 0.646667 0.007500 0.016667
2 0.472500 0.286667 0.015833 0.068333
2 0.565833 0.691667 0.017500 0.116667
3 0.566667 0.693333 0.008333 0.021667
3 0.323333 0.741667 0.009167 0.018333
2 0.486667 0.330000 0.009167 0.031667
2 0.535000 0.348333 0.022500 0.023333
3 0.380000 0.358333 0.008333 0.016667
2 0.470000 0.295000 0.015833 0.068333
2 0.789167 0.345000 0.011667 0.025000
2 0.757500 0.331667 0.010833 0.091667
3 0.703333 0.615000 0.007500 0.015000
2 0.398333 0.381667 0.023333 0.041667
3 0.678333 0.711667 0.006667 0.018333
2 0.641667 0.690000 0.097500 0.053333
3 0.407500 0.678333 0.009167 0.016667
2 0.315000 0.768333 0.022500 0.023333
2 0.534167 0.410000 0.034167 0.038333
2 0.362500 0.711667 0.020833 0.028333
2 0.632500 0.401667 0.009167 0.031667
3 0.777500 0.645000 0.013333 0.031667
2 0.708333 0.336667 0.022500 0.023333
3 0.431667 0.805000 0.009167 0.015000
3 0.706667 0.723333 0.007500 0.015000
3 0.455000 0.786667 0.007500 0.018333
2 0.436667 0.781667 0.013333 0.070000
3 0.450833 0.370000 0.007500 0.018333
2 0.692500 0.365000 0.058333 0.076667
2 0.441667 0.408333 0.013333 0.070000
3 0.265833 0.283333 0.011667 0.030000
2 0.486667 0.731667 0.020833 0.080000
2 0.240833 0.230000 0.097500 0.053333
2 0.742500 0.708333 0.010833 0.091667
3 0.740000 0.798333 0.014167 0.025000
2 0.295000 0.653333 0.034167 0.038333
2 0.537500 0.405000 0.014167 0.015000
3 0.639167 0.660000 0.013333 0.031667
3 0.659167 0.365000 0.011667 0.030000
3 0.405833 0.646667 0.009167 0.015000
3 0.561667 0.431667 0.009167 0.018333
3 0.450000 0.675000 0.011667 0.020000
3 0.694167 0.638333 0.009167 0.018333
2 0.715000 0.441667 0.013333 0.070000
3 0.480000 0.321667 0.008333 0.016667
2 0.314167 0.338333 0.017500 0.116667
2 0.225833 0.575000 0.019167 0.046667
2 0.738333 0.710000 0.026667 0.035000
2 0.645000 0.388333 0.020000 0.021667
2 0.336667 0.250000 0.013333 0.070000
3 0.342500 0.848333 0.009167 0.018333
2 0.763333 0.373333 0.030833 0.051667
2 0.652500 0.410000 0.027500 0.016667
2 0.785000 0.435000 0.030833 0.051667
2 0.605833 0.361667 0.027500 0.016667
3 0.284167 0.418333 0.015833 0.051667
3 0.642500 0.430000 0.009167 0.023333
3 0.718333 0.623333 0.010833 0.013333
2 0.740000 0.316667 0.023333 0.041667
2 0.804167 0.645000 0.020833 0.080000
2 0.314167 0.278333 0.013333 0.070000
3 0.286667 0.263333 0.009167 0.016667
3 0.347500 0.388333 0.007500 0.015000
2 0.630000 0.376667 0.011667 0.025000
2 0.671667 0.325000 0.020833 0.028333
2 0.644167 0.391667 0.045833 0.021667
3 0.753333 0.311667 0.011667 0.020000
2 0.310000 0.646667 0.023333 0.041667
2 0.404167 0.678333 0.027500 0.016667
2 0.640000 0.660000 0.011667 0.066667
2 0.670833 0.341667 0.023333 0.041667
3 0.509167 0.291667 0.010833 0.023333
2 0.724167 0.628333 0.026667 0.035000
2 0.537500 0.683333 0.010833 0.091667
3 0.496667 0.768333 0.007500 0.015000
3 0.340000 0.710000 0.007500 0.018333
3 0.555000 0.820000 0.010833 0.023333
2 0.691667 0.326667 0.020833 0.080000
2 0.299167 0.628333 0.011667 0.066667
3 0.475833 0.623333 0.011667 0.030000
3 0.294167 0.716667 0.007500 0.016667
2 0.523333 0.246667 0.015833 0.068333
3 0.734167 0.586667 0.007500 0.016667
2 0.386667 0.720000 0.048333 0.043333
3 0.666667 0.615000 0.009167 0.015000
2 0.356667 0.315000 0.022500 0.023333
2 0.394167 0.340000 0.009167 0.040000
3 0.358333 0.255000 0.009167 0.023333
3 0.243333 0.373333 0.013333 0.015000
3 0.354167 0.401667 0.007500 0.015000
2 0.333333 0.415000 0.021667 0.090000
3 0.238333 0.821667 0.011667 0.030000
2 0.305000 0.391667 0.030833 0.051667
3 0.338333 0.865000 0.009167 0.023333
3 0.337500 0.256667 0.007500 0.015000
3 0.731667 0.691667 0.013333 0.015000
2 0.726667 0.775000 0.048333 0.043333
2 0.565833 0.355000 0.048333 0.043333
2 0.697500 0.390000 0.034167 0.100000
2 0.305833 0.408333 0.022500 0.023333
2 0.726667 0.651667 0.027500 0.016667
3 0.501667 0.395000 0.008333 0.016667
2 0.802500 0.395000 0.026667 0.035000
2 0.700000 0.708333 0.020833 0.080000
3 0.391667 0.381667 0.007500 0.016667
2 0.458333 0.735000 0.058333 0.076667
3 0.719167 0.395000 0.017500 0.031667
3 0.671667 0.608333 0.009167 0.023333
2 0.739167 0.623333 0.045833 0.021667
3 0.822500 0.396667 0.008333 0.016667
3 0.677500 0.670000 0.010833 0.023333
3 0.279167 0.721667 0.009167 0.016667
2 0.338333 0.380000 0.009167 0.031667
3 0.173333 0.641667 0.008333 0.021667
2 0.563333 0.241667 0.014167 0.015000
2 0.697500 0.291667 0.023333 0.041667
2 0.150833 0.383333 0.058333 0.076667
2 0.479167 0.403333 0.013333 0.070000
3 0.390833 0.386667 0.017500 0.031667
3 0.311667 0.370000 0.010833 0.013333
2 0.631667 0.435000 0.013333 0.070000
3 0.624167 0.341667 0.008333 0.016667
2 0.585000 0.595000 0.020833 0.080000
2 0.306667 0.318333 0.035000 0.105000
2 0.427500 0.653333 0.020000 0.021667
2 0.251667 0.315000 0.035000 0.105000
2 0.702500 0.395000 0.034167 0.100000
2 0.355000 0.283333 0.034167 0.038333
3 0.641667 0.646667 0.006667 0.018333
2 0.595833 0.653333 0.022500 0.023333
2 0.294167 0.375000 0.020833 0.028333
2 0.457500 0.256667 0.027500 0.016667
2 0.541667 0.453333 0.009167 0.031667
2 0.458333 0.820000 0.023333 0.106667
2 0.629167 0.348333 0.011667 0.025000
2 0.220833 0.810000 0.045833 0.021667
2 0.673333 0.430000 0.011667 0.025000
2 0.540000 0.998333 0.009167 0.001667
2 0.784167 0.340000 0.048333 0.043333
2 0.430000 0.768333 0.021667 0.090000
3 0.478333 0.370000 0.014167 0.025000
3 0.279167 0.718333 0.015833 0.051667
3 0.261667 0.375000 0.007500 0.015000
3 0.309167 0.721667 0.008333 0.016667
2 0.404167 0.410000 0.010833 0.091667
2 0.600833 0.331667 0.020833 0.028333
2 0.620833 0.398333 0.014167 0.015000
3 0.757500 0.390000 0.013333 0.031667
