4 0.774167 0.343333 0.190833 0.213333
4 0.835833 0.701667 0.087500 0.236667
4 0.802500 0.401667 0.183333 0.095000
4 0.801667 0.530000 0.096667 0.066667
4 0.909167 0.580000 0.045000 0.068333
4 0.859167 0.495000 0.098333 0.028333
4 0.815833 0.616667 0.165000 0.326667
4 0.860000 0.616667 0.103333 0.100000
4 0.785000 0.415000 0.175833 0.055000
4 0.816667 0.438333 0.100833 0.038333
4 0.608333 0.538333 0.044167 0.071667
4 0.610000 0.475000 0.038333 0.056667
4 0.770833 0.510000 0.076667 0.045000
4 0.237500 0.560000 0.040833 0.046667
4 0.733333 0.538333 0.075000 0.055000
4 0.760000 0.473333 0.106667 0.141667
4 0.600833 0.581667 0.175833 0.088333
4 0.198333 0.501667 0.059167 0.021667
4 0.713333 0.518333 0.137500 0.080000
4 0.046667 0.595000 0.094167 0.215000
3 0.391667 0.458333 0.008333 0.016667
2 0.330833 0.501667 0.023333 0.041667
2 0.180000 0.528333 0.045833 0.021667
2 0.184167 0.528333 0.009167 0.031667
3 0.821667 0.566667 0.009167 0.016667
2 0.010000 0.510000 0.020833 0.021667
2 0.127500 0.555000 0.009167 0.031667
2 0.795833 0.561667 0.010833 0.091667
3 0.698333 0.553333 0.017500 0.031667
2 0.332500 0.601667 0.009167 0.040000
2 0.156667 0.551667 0.011667 0.025000
2 0.620833 0.576667 0.026667 0.035000
3 0.176667 0.446667 0.008333 0.021667
2 0.557500 0.476667 0.020833 0.080000
3 0.238333 0.490000 0.006667 0.018333
2 0.546667 0.480000 0.020833 0.080000
3 0.520833 0.485000 0.010000 0.020000
2 0.609167 0.455000 0.023333 0.106667
3 0.547500 0.505000 0.008333 0.016667
2 0.171667 0.483333 0.017500 0.116667
3 0.170833 0.535000 0.009167 0.015000
2 0.724167 0.585000 0.020000 0.021667
3 0.557500 0.466667 0.011667 0.030000
3 0.667500 0.466667 0.009167 0.018333
3 0.662500 0.558333 0.006667 0.018333
3 0.550833 0.538333 0.015833 0.051667
2 0.505833 0.575000 0.010833 0.091667
3 0.176667 0.568333 0.007500 0.015000
3 0.222500 0.453333 0.011667 0.030000
2 0.621667 0.473333 0.023333 0.041667
3 0.216667 0.536667 0.009167 0.016667
2 0.377500 0.576667 0.030833 0.051667
2 0.420000 0.538333 0.020000 0.021667
2 0.702500 0.571667 0.015833 0.068333
2 0.820000 0.555000 0.011667 0.025000
3 0.265833 0.560000 0.009167 0.023333
3 0.152500 0.455000 0.017500 0.031667
3 0.472500 0.443333 0.009167 0.016667
3 0.755000 0.555000 0.008333 0.016667
3 0.475000 0.421667 0.008333 0.021667
2 0.787500 0.428333 0.029167 0.038333
3 0.466667 0.536667 0.010833 0.013333
3 0.657500 0.525000 0.009167 0.016667
2 0.209167 0.455000 0.017500 0.116667
2 0.140000 0.583333 0.026667 0.035000
3 0.431667 0.568333 0.009167 0.018333
3 0.559167 0.520000 0.007500 0.015000
2 0.575833 0.525000 0.097500 0.053333
3 0.430833 0.626667 0.007500 0.018333
2 0.275833 0.540000 0.019167 0.046667
3 0.465000 0.466667 0.015833 0.051667
3 0.309167 0.563333 0.007500 0.018333
2 0.431667 0.590000 0.009167 0.040000
3 0.308333 0.580000 0.010000 0.020000
2 0.038333 0.535000 0.014167 0.015000
2 0.760000 0.560000 0.023333 0.041667
2 0.208333 0.431667 0.035000 0.105000
2 0.708333 0.473333 0.009167 0.031667
3 0.467500 0.498333 0.009167 0.016667
3 0.512500 0.523333 0.009167 0.016667
2 0.309167 0.576667 0.030833 0.051667
2 0.684167 0.566667 0.048333 0.043333
3 0.220833 0.523333 0.017500 0.031667
2 0.770833 0.575000 0.034167 0.100000
2 0.469167 0.546667 0.026667 0.035000
2 0.351667 0.586667 0.030833 0.051667
2 0.303333 0.538333 0.034167 0.100000
2 0.477500 0.505000 0.045833 0.021667
2 0.262500 0.518333 0.019167 0.046667
3 0.790833 0.466667 0.011667 0.030000
3 0.729167 0.536667 0.017500 0.031667
2 0.464167 0.490000 0.011667 0.025000
2 0.798333 0.561667 0.020833 0.080000
2 0.291667 0.536667 0.023333 0.041667
3 0.677500 0.518333 0.007500 0.015000
3 0.203333 0.533333 0.007500 0.015000
2 0.658333 0.466667 0.011667 0.066667
2 0.205000 0.435000 0.058333 0.076667
2 0.261667 0.605000 0.020833 0.080000
2 0.310833 0.516667 0.048333 0.043333
3 0.729167 0.476667 0.007500 0.018333
3 0.695833 0.468333 0.007500 0.018333
3 0.430833 0.573333 0.010000 0.020000
3 0.636667 0.511667 0.007500 0.018333
3 0.478333 0.560000 0.007500 0.018333
3 0.603333 0.508333 0.014167 0.025000
3 0.380000 0.565000 0.007500 0.015000
3 0.505000 0.556667 0.008333 0.021667
2 0.365000 0.466667 0.014167 0.015000
3 0.481667 0.548333 0.007500 0.018333
2 0.247500 0.513333 0.035000 0.105000
2 0.809167 0.531667 0.035000 0.105000
2 0.150000 0.573333 0.015833 0.068333
2 0.695833 0.490000 0.034167 0.038333
2 0.246667 0.566667 0.048333 0.043333
3 0.070833 0.580000 0.017500 0.031667
2 0.350000 0.513333 0.027500 0.016667
2 0.128333 0.516667 0.027500 0.016667
3 0.461667 0.420000 0.009167 0.016667
2 0.760000 0.548333 0.011667 0.066667
2 0.278333 0.518333 0.020833 0.080000
2 0.430000 0.490000 0.009167 0.031667
3 0.278333 0.375000 0.007500 0.015000
2 0.707500 0.595000 0.015833 0.068333
2 0.466667 0.811667 0.027500 0.016667
2 0.678333 0.703333 0.034167 0.038333
3 0.380000 0.356667 0.008333 0.016667
3 0.322500 0.765000 0.013333 0.031667
2 0.601667 0.338333 0.020000 0.021667
2 0.472500 0.330000 0.022500 0.023333
2 0.638333 0.365000 0.048333 0.043333
2 0.462500 0.721667 0.017500 0.116667
2 0.580833 0.701667 0.048333 0.043333
2 0.269167 0.646667 0.011667 0.025000
2 0.519167 0.328333 0.020833 0.080000
2 0.676667 0.706667 0.027500 0.016667
3 0.270000 0.691667 0.009167 0.023333
2 0.422500 0.806667 0.048333 0.043333
2 0.335833 0.646667 0.017500 0.116667
2 0.380000 0.401667 0.030833 0.051667
2 0.311667 0.641667 0.014167 0.015000
2 0.741667 0.600000 0.034167 0.038333
3 0.440833 0.736667 0.010000 0.016667
3 0.322500 0.366667 0.013333 0.015000
2 0.690000 0.366667 0.045833 0.021667
2 0.647500 0.688333 0.026667 0.035000
3 0.262500 0.798333 0.008333 0.016667
2 0.479167 0.250000 0.058333 0.076667
3 0.691667 0.270000 0.013333 0.015000
3 0.480000 0.295000 0.014167 0.025000
2 0.793333 0.605000 0.015833 0.068333
2 0.657500 0.321667 0.097500 0.053333
3 0.529167 0.690000 0.013333 0.031667
2 0.442500 0.690000 0.034167 0.100000
3 0.455833 0.203333 0.010000 0.020000
2 0.312500 0.693333 0.027500 0.016667
3 0.380000 0.370000 0.008333 0.021667
3 0.387500 0.700000 0.008333 0.021667
3 0.662500 0.676667 0.017500 0.031667
3 0.541667 0.251667 0.008333 0.016667
3 0.635000 0.638333 0.011667 0.020000
2 0.533333 0.761667 0.013333 0.070000
2 0.382500 0.740000 0.023333 0.106667
3 0.664167 0.706667 0.014167 0.025000
3 0.311667 0.771667 0.007500 0.015000
3 0.225000 0.695000 0.009167 0.016667
3 0.537500 0.306667 0.006667 0.018333
3 0.584167 0.753333 0.006667 0.018333
2 0.807500 0.616667 0.010000 0.031667
3 0.530833 0.408333 0.011667 0.030000
3 0.771667 0.321667 0.007500 0.016667
3 0.655000 0.380000 0.007500 0.015000
3 0.548333 0.660000 0.011667 0.030000
3 0.704167 0.406667 0.007500 0.018333
2 0.698333 0.343333 0.020833 0.080000
3 0.739167 0.688333 0.007500 0.018333
2 0.309167 0.693333 0.022500 0.023333
3 0.434167 0.725000 0.009167 0.018333
2 0.292500 0.326667 0.010833 0.091667
3 0.175833 0.405000 0.007500 0.018333
3 0.723333 0.435000 0.007500 0.015000
3 0.480833 0.808333 0.013333 0.015000
3 0.515000 0.810000 0.009167 0.018333
3 0.241667 0.226667 0.009167 0.023333
3 0.518333 0.231667 0.007500 0.015000
3 0.289167 0.805000 0.007500 0.015000
2 0.681667 0.621667 0.009167 0.040000
2 0.481667 0.778333 0.034167 0.100000
2 0.655000 0.396667 0.014167 0.015000
2 0.774167 0.620000 0.026667 0.035000
3 0.294167 0.246667 0.007500 0.015000
3 0.693333 0.345000 0.010833 0.013333
3 0.626667 0.650000 0.010000 0.016667
3 0.315833 0.253333 0.009167 0.016667
3 0.357500 0.253333 0.010833 0.023333
2 0.285833 0.796667 0.023333 0.041667
3 0.528333 0.355000 0.011667 0.020000
3 0.753333 0.615000 0.008333 0.016667
3 0.520833 0.226667 0.009167 0.016667
3 0.274167 0.398333 0.011667 0.030000
2 0.511667 0.396667 0.029167 0.038333
2 0.332500 0.235000 0.023333 0.106667
2 0.426667 0.736667 0.027500 0.016667
2 0.576667 0.998333 0.058333 0.001667
2 0.364167 0.621667 0.058333 0.076667
3 0.474167 0.371667 0.011667 0.030000
2 0.320000 0.710000 0.011667 0.025000
2 0.668333 0.346667 0.029167 0.038333
2 0.708333 0.356667 0.048333 0.025000
2 0.260000 0.736667 0.030833 0.051667
3 0.801667 0.396667 0.009167 0.018333
3 0.668333 0.658333 0.010000 0.016667
3 0.779167 0.675000 0.010833 0.023333
3 0.521667 0.358333 0.009167 0.016667
3 0.640833 0.425000 0.013333 0.015000
2 0.779167 0.356667 0.022500 0.023333
3 0.323333 0.728333 0.009167 0.016667
3 0.281667 0.266667 0.013333 0.031667
2 0.780000 0.338333 0.020000 0.021667
2 0.508333 0.818333 0.023333 0.106667
3 0.685833 0.371667 0.009167 0.023333
3 0.290833 0.403333 0.009167 0.016667
3 0.771667 0.321667 0.007500 0.018333
3 0.235000 0.635000 0.007500 0.018333
3 0.392500 0.705000 0.009167 0.018333
3 0.350833 0.663333 0.011667 0.020000
3 0.696667 0.711667 0.007500 0.015000
2 0.526667 0.616667 0.097500 0.053333
3 0.444167 0.161667 0.007500 0.018333
3 0.316667 0.721667 0.017500 0.031667
3 0.535833 0.386667 0.009167 0.016667
2 0.395000 0.636667 0.019167 0.046667
2 0.737500 0.395000 0.011667 0.066667
3 0.604167 0.403333 0.013333 0.031667
2 0.303333 0.750000 0.029167 0.038333
3 0.741667 0.750000 0.008333 0.021667
3 0.340000 0.228333 0.008333 0.016667
2 0.470000 0.833333 0.021667 0.090000
2 0.771667 0.716667 0.048333 0.043333
3 0.699167 0.690000 0.008333 0.016667
3 0.706667 0.603333 0.010833 0.023333
3 0.475833 0.366667 0.007500 0.018333
2 0.387500 0.670000 0.058333 0.076667
3 0.618333 0.378333 0.007500 0.016667
2 0.714167 0.413333 0.014167 0.015000
2 0.336667 0.360000 0.045833 0.021667
3 0.678333 0.421667 0.010000 0.016667
3 0.226667 0.596667 0.017500 0.031667
2 0.588333 0.741667 0.020833 0.028333
3 0.636667 0.635000 0.007500 0.015000
3 0.338333 0.715000 0.011667 0.030000
3 0.401667 0.378333 0.009167 0.023333
3 0.518333 0.263333 0.010000 0.020000
3 0.660833 0.423333 0.008333 0.016667
3 0.470833 0.648333 0.011667 0.030000
2 0.340833 0.295000 0.023333 0.041667
3 0.699167 0.678333 0.008333 0.016667
3 0.480000 0.835000 0.015833 0.051667
3 0.355833 0.403333 0.009167 0.015000
2 0.725000 0.675000 0.030833 0.051667
2 0.458333 0.746667 0.048333 0.025000
3 0.679167 0.423333 0.008333 0.016667
3 0.516667 0.330000 0.007500 0.015000
3 0.166667 0.390000 0.013333 0.015000
3 0.455000 0.270000 0.006667 0.018333
3 0.688333 0.330000 0.008333 0.016667
2 0.692500 0.265000 0.011667 0.025000
3 0.542500 0.445000 0.008333 0.016667
2 0.228333 0.590000 0.014167 0.015000
3 0.316667 0.636667 0.009167 0.015000
3 0.658333 0.698333 0.009167 0.018333
2 0.620833 0.406667 0.009167 0.031667
2 0.200833 0.673333 0.058333 0.076667
3 0.666667 0.660000 0.013333 0.031667
2 0.632500 0.388333 0.011667 0.066667
2 0.467500 0.343333 0.013333 0.070000
2 0.655000 0.363333 0.010000 0.031667
3 0.661667 0.388333 0.009167 0.018333
3 0.325833 0.358333 0.010833 0.023333
2 0.427500 0.793333 0.009167 0.040000
3 0.535000 0.298333 0.007500 0.015000
3 0.345833 0.653333 0.008333 0.016667
2 0.270000 0.436667 0.097500 0.053333
3 0.659167 0.400000 0.006667 0.018333
3 0.482500 0.810000 0.009167 0.016667
3 0.358333 0.251667 0.010000 0.016667
3 0.422500 0.785000 0.007500 0.015000
3 0.794167 0.428333 0.008333 0.021667
3 0.748333 0.605000 0.007500 0.018333
3 0.625000 0.360000 0.007500 0.015000
2 0.787500 0.640000 0.015833 0.068333
3 0.672500 0.356667 0.007500 0.015000
2 0.720000 0.630000 0.020833 0.080000
2 0.788333 0.895000 0.048333 0.043333
2 0.327500 0.320000 0.011667 0.066667
3 0.310000 0.385000 0.007500 0.018333
3 0.774167 0.413333 0.013333 0.015000
2 0.640000 0.383333 0.020833 0.028333
3 0.760833 0.598333 0.008333 0.016667
2 0.446667 0.348333 0.027500 0.016667
3 0.778333 0.656667 0.008333 0.016667
2 0.647500 0.336667 0.058333 0.076667
3 0.297500 0.741667 0.011667 0.030000
3 0.483333 0.755000 0.008333 0.016667
2 0.316667 0.743333 0.011667 0.066667
3 0.735833 0.661667 0.010000 0.020000
3 0.648333 0.380000 0.007500 0.015000
3 0.343333 0.308333 0.007500 0.015000
2 0.728333 0.748333 0.021667 0.090000
3 0.339167 0.713333 0.009167 0.023333
2 0.460833 0.716667 0.009167 0.031667
2 0.526667 0.395000 0.020833 0.080000
3 0.311667 0.376667 0.017500 0.031667
2 0.589167 0.733333 0.019167 0.046667
2 0.753333 0.400000 0.009167 0.040000
3 0.450833 0.646667 0.009167 0.015000
2 0.342500 0.783333 0.017500 0.116667
2 0.716667 0.616667 0.017500 0.116667
3 0.343333 0.306667 0.007500 0.015000
3 0.276667 0.406667 0.008333 0.016667
