4 0.785000 0.643333 0.256667 0.068333
4 0.803333 0.536667 0.118333 0.290000
4 0.808333 0.595000 0.085833 0.028333
4 0.846667 0.433333 0.150000 0.090000
4 0.793333 0.513333 0.084167 0.186667
4 0.809167 0.633333 0.069167 0.130000
4 0.755833 0.755000 0.170000 0.411667
4 0.890000 0.640000 0.044167 0.071667
4 0.821667 0.418333 0.073333 0.116667
4 0.806667 0.396667 0.084167 0.078333
4 0.491667 0.531667 0.052500 0.060000
4 0.097500 0.566667 0.131667 0.041667
4 0.664167 0.523333 0.060000 0.021667
4 0.705000 0.488333 0.109167 0.061667
4 0.670000 0.578333 0.115000 0.165000
4 0.266667 0.418333 0.279167 0.270000
4 0.710833 0.515000 0.129167 0.055000
4 0.160000 0.466667 0.085000 0.025000
4 0.585000 0.545000 0.095000 0.030000
4 0.276667 0.533333 0.058333 0.050000
2 0.540000 0.521667 0.021667 0.090000
2 0.739167 0.515000 0.009167 0.031667
2 0.040000 0.548333 0.009167 0.031667
2 0.123333 0.551667 0.034167 0.100000
2 0.115000 0.580000 0.034167 0.100000
3 0.090000 0.483333 0.008333 0.016667
2 0.200000 0.530000 0.030833 0.051667
2 0.214167 0.536667 0.058333 0.076667
3 0.334167 0.493333 0.007500 0.016667
3 0.604167 0.560000 0.007500 0.018333
3 0.359167 0.531667 0.008333 0.016667
2 0.162500 0.508333 0.009167 0.040000
2 0.765000 0.515000 0.021667 0.090000
2 0.607500 0.483333 0.020833 0.028333
2 0.570000 0.538333 0.023333 0.106667
3 0.620833 0.495000 0.010833 0.013333
2 0.620000 0.476667 0.019167 0.046667
3 0.668333 0.568333 0.009167 0.023333
2 0.773333 0.518333 0.048333 0.025000
3 0.511667 0.491667 0.008333 0.016667
3 0.207500 0.505000 0.008333 0.016667
2 0.469167 0.461667 0.020833 0.080000
2 0.632500 0.575000 0.017500 0.116667
3 0.594167 0.563333 0.014167 0.025000
2 0.250833 0.458333 0.048333 0.025000
2 0.662500 0.453333 0.058333 0.076667
2 0.536667 0.566667 0.022500 0.023333
2 0.810833 0.455000 0.015833 0.068333
3 0.626667 0.580000 0.009167 0.016667
2 0.827500 0.493333 0.011667 0.025000
3 0.525833 0.545000 0.010000 0.016667
2 0.726667 0.545000 0.021667 0.090000
2 0.738333 0.440000 0.035000 0.105000
2 0.310000 0.468333 0.027500 0.016667
2 0.629167 0.551667 0.058333 0.076667
2 0.375833 0.591667 0.021667 0.090000
3 0.080833 0.493333 0.017500 0.031667
3 0.685833 0.593333 0.010000 0.020000
2 0.085000 0.570000 0.020833 0.028333
2 0.512500 0.533333 0.026667 0.035000
3 0.081667 0.575000 0.007500 0.018333
2 0.365000 0.551667 0.023333 0.106667
2 0.140833 0.491667 0.020000 0.021667
2 0.779167 0.478333 0.011667 0.066667
2 0.665000 0.440000 0.020833 0.080000
2 0.595833 0.508333 0.014167 0.015000
3 0.334167 0.573333 0.011667 0.030000
2 0.480833 0.530000 0.020833 0.080000
2 0.665833 0.500000 0.020833 0.028333
2 0.670000 0.463333 0.034167 0.038333
3 0.569167 0.571667 0.009167 0.023333
3 0.627500 0.470000 0.007500 0.015000
3 0.202500 0.520000 0.007500 0.015000
3 0.460000 0.453333 0.009167 0.016667
2 0.065000 0.525000 0.097500 0.053333
2 0.222500 0.445000 0.029167 0.038333
3 0.500000 0.466667 0.009167 0.016667
2 0.443333 0.490000 0.009167 0.040000
3 0.755000 0.578333 0.008333 0.021667
2 0.310000 0.436667 0.035000 0.105000
3 0.698333 0.576667 0.009167 0.018333
3 0.215833 0.498333 0.008333 0.016667
3 0.308333 0.490000 0.010833 0.023333
2 0.116667 0.540000 0.048333 0.025000
3 0.739167 0.486667 0.007500 0.015000
2 0.808333 0.571667 0.013333 0.070000
2 0.616667 0.476667 0.015833 0.068333
3 0.149167 0.585000 0.009167 0.016667
2 0.645000 0.490000 0.020833 0.028333
2 0.166667 0.530000 0.022500 0.023333
2 0.092500 0.500000 0.035000 0.105000
3 0.245000 0.500000 0.007500 0.015000
3 0.266667 0.586667 0.011667 0.020000
3 0.564167 0.565000 0.009167 0.015000
2 0.055833 0.533333 0.048333 0.043333
3 0.062500 0.575000 0.009167 0.023333
3 0.711667 0.481667 0.009167 0.015000
3 0.127500 0.441667 0.011667 0.020000
3 0.353333 0.585000 0.013333 0.015000
3 0.310000 0.528333 0.008333 0.021667
3 0.761667 0.520000 0.010833 0.023333
2 0.037500 0.548333 0.022500 0.023333
2 0.233333 0.560000 0.010833 0.091667
2 0.112500 0.508333 0.097500 0.053333
2 0.817500 0.311667 0.020833 0.080000
2 0.208333 0.498333 0.020000 0.021667
3 0.784167 0.475000 0.009167 0.015000
2 0.225000 0.611667 0.020833 0.080000
3 0.630833 0.510000 0.009167 0.016667
2 0.770000 0.536667 0.030833 0.051667
3 0.779167 0.485000 0.013333 0.015000
3 0.083333 0.456667 0.008333 0.016667
3 0.738333 0.553333 0.013333 0.015000
3 0.451667 0.491667 0.007500 0.018333
2 0.230833 0.575000 0.048333 0.043333
3 0.228333 0.510000 0.011667 0.030000
2 0.180833 0.603333 0.010000 0.031667
2 0.489167 0.418333 0.023333 0.106667
2 0.439167 0.595000 0.020833 0.028333
3 0.714167 0.503333 0.008333 0.021667
2 0.718333 0.468333 0.048333 0.025000
2 0.770000 0.451667 0.058333 0.076667
3 0.725000 0.720000 0.013333 0.015000
3 0.323333 0.345000 0.006667 0.018333
2 0.492500 0.405000 0.026667 0.035000
3 0.277500 0.646667 0.014167 0.025000
3 0.422500 0.786667 0.007500 0.018333
2 0.447500 0.760000 0.097500 0.053333
2 0.226667 0.843333 0.034167 0.100000
3 0.705000 0.283333 0.007500 0.016667
3 0.730000 0.378333 0.007500 0.018333
3 0.445833 0.381667 0.008333 0.021667
3 0.692500 0.370000 0.007500 0.018333
2 0.435833 0.690000 0.009167 0.031667
3 0.689167 0.360000 0.010833 0.023333
2 0.599167 0.668333 0.023333 0.041667
2 0.234167 0.865000 0.026667 0.035000
3 0.641667 0.348333 0.008333 0.016667
2 0.675000 0.633333 0.048333 0.025000
2 0.517500 0.765000 0.023333 0.041667
2 0.217500 0.645000 0.011667 0.066667
2 0.440833 0.665000 0.029167 0.038333
3 0.335833 0.296667 0.007500 0.018333
2 0.440000 0.328333 0.015833 0.068333
2 0.464167 0.816667 0.029167 0.038333
2 0.776667 0.395000 0.034167 0.038333
3 0.790833 0.353333 0.008333 0.016667
2 0.470000 0.335000 0.020833 0.080000
2 0.689167 0.335000 0.020833 0.028333
3 0.525000 0.758333 0.008333 0.016667
2 0.406667 0.716667 0.048333 0.043333
2 0.694167 0.626667 0.017500 0.116667
2 0.690000 0.740000 0.021667 0.090000
2 0.745000 0.715000 0.048333 0.025000
2 0.231667 0.366667 0.011667 0.066667
3 0.800000 0.398333 0.008333 0.021667
3 0.711667 0.611667 0.007500 0.018333
2 0.338333 0.796667 0.026667 0.035000
2 0.680000 0.418333 0.011667 0.025000
3 0.539167 0.266667 0.009167 0.018333
3 0.630000 0.355000 0.009167 0.016667
3 0.456667 0.201667 0.007500 0.015000
2 0.212500 0.338333 0.034167 0.038333
2 0.787500 0.596667 0.020833 0.080000
3 0.397500 0.323333 0.010000 0.016667
2 0.703333 0.695000 0.030833 0.051667
3 0.293333 0.768333 0.008333 0.021667
3 0.395000 0.360000 0.008333 0.016667
2 0.800833 0.755000 0.021667 0.090000
3 0.363333 0.703333 0.010833 0.023333
2 0.234167 0.333333 0.045833 0.021667
2 0.520000 0.623333 0.022500 0.023333
3 0.561667 0.743333 0.009167 0.016667
2 0.270000 0.648333 0.019167 0.046667
3 0.694167 0.273333 0.008333 0.016667
3 0.723333 0.648333 0.015833 0.051667
3 0.754167 0.600000 0.009167 0.016667
2 0.307500 0.401667 0.023333 0.041667
3 0.505000 0.786667 0.013333 0.031667
2 0.545833 0.435000 0.045833 0.021667
2 0.716667 0.656667 0.048333 0.043333
2 0.778333 0.390000 0.022500 0.023333
3 0.786667 0.395000 0.007500 0.015000
2 0.391667 0.663333 0.026667 0.035000
3 0.442500 0.415000 0.007500 0.016667
2 0.353333 0.303333 0.097500 0.053333
2 0.249167 0.746667 0.015833 0.068333
3 0.513333 0.198333 0.007500 0.018333
2 0.341667 0.256667 0.020833 0.080000
2 0.441667 0.413333 0.021667 0.090000
3 0.704167 0.633333 0.008333 0.016667
2 0.670833 0.598333 0.011667 0.025000
2 0.540000 0.998333 0.010000 0.001667
2 0.653333 0.706667 0.058333 0.076667
2 0.788333 0.376667 0.023333 0.041667
3 0.254167 0.641667 0.007500 0.015000
3 0.270833 0.688333 0.007500 0.015000
3 0.321667 0.290000 0.009167 0.016667
2 0.253333 0.403333 0.026667 0.035000
3 0.797500 0.378333 0.013333 0.015000
2 0.386667 0.651667 0.048333 0.025000
2 0.732500 0.725000 0.010833 0.091667
3 0.775000 0.596667 0.013333 0.031667
2 0.805000 0.355000 0.020833 0.080000
3 0.533333 0.626667 0.008333 0.021667
2 0.456667 0.356667 0.058333 0.076667
2 0.654167 0.238333 0.097500 0.053333
2 0.660000 0.676667 0.048333 0.043333
2 0.295833 0.630000 0.097500 0.053333
2 0.718333 0.435000 0.034167 0.038333
2 0.600833 0.380000 0.020000 0.021667
3 0.337500 0.645000 0.009167 0.016667
2 0.300833 0.638333 0.058333 0.076667
3 0.468333 0.783333 0.008333 0.016667
3 0.307500 0.726667 0.008333 0.016667
2 0.556667 0.643333 0.011667 0.066667
2 0.814167 0.421667 0.048333 0.025000
3 0.491667 0.350000 0.015833 0.051667
2 0.716667 0.376667 0.021667 0.090000
2 0.704167 0.320000 0.014167 0.015000
3 0.754167 0.628333 0.008333 0.021667
3 0.470833 0.245000 0.013333 0.031667
2 0.502500 0.371667 0.026667 0.035000
3 0.445000 0.356667 0.017500 0.031667
2 0.286667 0.446667 0.010833 0.091667
2 0.817500 0.695000 0.009167 0.040000
2 0.788333 0.376667 0.022500 0.023333
3 0.787500 0.641667 0.013333 0.015000
2 0.365000 0.711667 0.058333 0.076667
3 0.667500 0.445000 0.007500 0.018333
2 0.645000 0.393333 0.009167 0.031667
2 0.384167 0.681667 0.023333 0.041667
2 0.739167 0.375000 0.020833 0.028333
3 0.771667 0.716667 0.017500 0.031667
2 0.645833 0.421667 0.048333 0.025000
2 0.245833 0.348333 0.023333 0.041667
3 0.690000 0.410000 0.013333 0.015000
2 0.654167 0.591667 0.014167 0.015000
2 0.687500 0.638333 0.022500 0.023333
2 0.646667 0.345000 0.009167 0.031667
3 0.541667 0.443333 0.010000 0.020000
2 0.490833 0.711667 0.017500 0.116667
3 0.443333 0.161667 0.009167 0.016667
2 0.560833 0.256667 0.009167 0.040000
3 0.312500 0.385000 0.007500 0.018333
2 0.515833 0.788333 0.021667 0.090000
2 0.825000 0.318333 0.048333 0.043333
2 0.172500 0.643333 0.034167 0.038333
3 0.255000 0.710000 0.008333 0.021667
2 0.353333 0.685000 0.020833 0.028333
3 0.646667 0.411667 0.008333 0.016667
3 0.630000 0.335000 0.007500 0.015000
2 0.349167 0.671667 0.045833 0.021667
3 0.662500 0.338333 0.010000 0.016667
3 0.737500 0.601667 0.010000 0.016667
3 0.417500 0.716667 0.011667 0.020000
2 0.750000 0.410000 0.022500 0.023333
2 0.233333 0.378333 0.021667 0.090000
2 0.543333 0.646667 0.020833 0.028333
2 0.558333 0.625000 0.034167 0.038333
2 0.465833 0.718333 0.011667 0.025000
2 0.697500 0.700000 0.019167 0.046667
3 0.700833 0.668333 0.007500 0.018333
2 0.303333 0.266667 0.097500 0.053333
2 0.169167 0.438333 0.010833 0.091667
3 0.305000 0.661667 0.007500 0.016667
3 0.433333 0.376667 0.013333 0.015000
3 0.656667 0.403333 0.008333 0.016667
2 0.420833 0.791667 0.097500 0.053333
2 0.686667 0.673333 0.058333 0.076667
2 0.606667 0.388333 0.014167 0.015000
2 0.770000 0.413333 0.020833 0.028333
3 0.768333 0.595000 0.008333 0.016667
2 0.474167 0.806667 0.009167 0.040000
3 0.255000 0.706667 0.008333 0.016667
3 0.670000 0.361667 0.009167 0.016667
2 0.775000 0.683333 0.015833 0.068333
3 0.549167 0.415000 0.013333 0.015000
3 0.715000 0.233333 0.007500 0.016667
2 0.745000 0.598333 0.010000 0.031667
3 0.315833 0.638333 0.013333 0.015000
3 0.295833 0.285000 0.008333 0.016667
3 0.686667 0.400000 0.009167 0.015000
3 0.426667 0.381667 0.011667 0.020000
2 0.730833 0.686667 0.014167 0.015000
2 0.308333 0.720000 0.010000 0.031667
2 0.789167 0.633333 0.029167 0.038333
3 0.731667 0.443333 0.008333 0.016667
3 0.710000 0.445000 0.010833 0.013333
2 0.262500 0.341667 0.027500 0.016667
2 0.166667 0.665000 0.021667 0.090000
2 0.269167 0.600000 0.035000 0.105000
3 0.777500 0.390000 0.007500 0.018333
2 0.213333 0.378333 0.034167 0.038333
2 0.334167 0.726667 0.017500 0.116667
3 0.575833 0.743333 0.009167 0.016667
2 0.799167 0.438333 0.010833 0.091667
2 0.546667 0.648333 0.022500 0.023333
2 0.688333 0.616667 0.022500 0.023333
2 0.477500 0.808333 0.020000 0.021667
2 0.525000 0.715000 0.023333 0.041667
3 0.743333 0.805000 0.008333 0.016667
2 0.678333 0.288333 0.023333 0.106667
3 0.307500 0.691667 0.009167 0.016667
2 0.635833 0.631667 0.048333 0.043333
2 0.690833 0.648333 0.009167 0.031667
3 0.651667 0.658333 0.008333 0.021667
3 0.521667 0.760000 0.010000 0.020000
3 0.492500 0.336667 0.008333 0.016667
3 0.734167 0.371667 0.007500 0.016667
2 0.598333 0.326667 0.020000 0.021667
3 0.698333 0.348333 0.008333 0.016667
3 0.653333 0.335000 0.011667 0.020000
3 0.355000 0.281667 0.007500 0.015000
2 0.216667 0.665000 0.011667 0.025000
3 0.318333 0.733333 0.008333 0.016667
3 0.517500 0.363333 0.007500 0.018333
3 0.520000 0.370000 0.015833 0.051667
3 0.435833 0.681667 0.009167 0.016667
2 0.325000 0.628333 0.045833 0.021667
