4 0.754167 0.358333 0.310833 0.336667
4 0.878333 0.553333 0.075000 0.016667
4 0.830000 0.670000 0.062500 0.161667
4 0.854167 0.536667 0.122500 0.191667
4 0.813333 0.710000 0.130833 0.243333
4 0.860833 0.476667 0.044167 0.123333
4 0.875833 0.558333 0.047500 0.063333
4 0.864167 0.636667 0.103333 0.043333
4 0.839167 0.578333 0.100833 0.063333
4 0.751667 0.598333 0.185000 0.103333
4 0.605000 0.470000 0.104167 0.198333
4 0.140833 0.613333 0.050833 0.111667
4 0.212500 0.543333 0.050833 0.026667
4 0.019167 0.555000 0.039167 0.078333
4 0.650833 0.551667 0.176667 0.080000
4 0.430833 0.495000 0.078333 0.080000
4 0.547500 0.530000 0.049167 0.023333
4 0.117500 0.556667 0.057500 0.048333
4 0.707500 0.615000 0.183333 0.195000
4 0.563333 0.405000 0.106667 0.125000
3 0.106667 0.558333 0.007500 0.016667
2 0.230833 0.455000 0.019167 0.046667
2 0.055833 0.578333 0.023333 0.106667
2 0.206667 0.581667 0.030833 0.051667
3 0.820000 0.483333 0.013333 0.015000
3 0.595000 0.520000 0.008333 0.016667
3 0.684167 0.465000 0.007500 0.018333
2 0.022500 0.533333 0.029167 0.038333
3 0.127500 0.510000 0.008333 0.021667
3 0.241667 0.548333 0.010000 0.016667
2 0.516667 0.511667 0.035000 0.105000
3 0.555833 0.465000 0.011667 0.020000
3 0.062500 0.531667 0.010000 0.020000
3 0.408333 0.583333 0.017500 0.031667
3 0.229167 0.586667 0.009167 0.018333
3 0.220833 0.541667 0.007500 0.015000
2 0.561667 0.575000 0.013333 0.070000
3 0.777500 0.456667 0.009167 0.016667
2 0.459167 0.446667 0.097500 0.053333
2 0.436667 0.450000 0.097500 0.053333
3 0.769167 0.558333 0.009167 0.018333
3 0.752500 0.500000 0.011667 0.030000
3 0.189167 0.446667 0.007500 0.016667
2 0.200833 0.515000 0.020833 0.028333
2 0.777500 0.535000 0.009167 0.040000
2 0.631667 0.468333 0.035000 0.105000
2 0.306667 0.516667 0.020833 0.080000
2 0.349167 0.438333 0.058333 0.076667
3 0.395833 0.541667 0.010833 0.013333
2 0.697500 0.611667 0.020833 0.080000
2 0.107500 0.543333 0.014167 0.015000
2 0.686667 0.441667 0.097500 0.053333
2 0.717500 0.533333 0.029167 0.038333
3 0.067500 0.460000 0.014167 0.025000
2 0.465833 0.630000 0.034167 0.100000
2 0.558333 0.573333 0.045833 0.021667
3 0.223333 0.451667 0.008333 0.016667
2 0.490833 0.473333 0.097500 0.053333
2 0.339167 0.521667 0.020000 0.021667
2 0.482500 0.418333 0.020833 0.028333
2 0.798333 0.623333 0.020833 0.080000
3 0.587500 0.543333 0.009167 0.016667
3 0.575833 0.466667 0.013333 0.015000
2 0.133333 0.455000 0.019167 0.046667
2 0.142500 0.498333 0.030833 0.051667
2 0.484167 0.510000 0.023333 0.041667
3 0.744167 0.556667 0.007500 0.015000
2 0.386667 0.583333 0.034167 0.100000
3 0.661667 0.565000 0.014167 0.025000
2 0.175000 0.563333 0.048333 0.025000
3 0.650833 0.485000 0.007500 0.015000
3 0.186667 0.510000 0.014167 0.025000
3 0.355000 0.581667 0.008333 0.016667
2 0.525000 0.518333 0.014167 0.015000
3 0.686667 0.528333 0.009167 0.016667
3 0.219167 0.575000 0.006667 0.018333
3 0.629167 0.461667 0.017500 0.031667
3 0.612500 0.560000 0.013333 0.031667
2 0.023333 0.576667 0.009167 0.031667
2 0.553333 0.530000 0.022500 0.023333
2 0.734167 0.520000 0.011667 0.025000
2 0.139167 0.468333 0.009167 0.031667
3 0.368333 0.496667 0.009167 0.018333
2 0.783333 0.570000 0.023333 0.041667
2 0.620000 0.575000 0.020833 0.028333
3 0.761667 0.563333 0.013333 0.015000
3 0.110000 0.575000 0.017500 0.031667
3 0.816667 0.588333 0.013333 0.015000
2 0.824167 0.636667 0.017500 0.116667
2 0.515000 0.480000 0.048333 0.043333
3 0.374167 0.483333 0.009167 0.016667
3 0.781667 0.530000 0.007500 0.016667
3 0.254167 0.580000 0.008333 0.016667
3 0.706667 0.553333 0.009167 0.015000
3 0.539167 0.556667 0.010833 0.013333
3 0.387500 0.516667 0.009167 0.018333
3 0.493333 0.541667 0.008333 0.016667
3 0.153333 0.576667 0.011667 0.030000
2 0.190000 0.545000 0.014167 0.015000
2 0.027500 0.463333 0.020833 0.028333
3 0.309167 0.556667 0.009167 0.023333
2 0.616667 0.496667 0.026667 0.035000
3 0.526667 0.473333 0.006667 0.018333
3 0.742500 0.540000 0.013333 0.015000
3 0.683333 0.465000 0.008333 0.016667
3 0.791667 0.545000 0.008333 0.016667
3 0.784167 0.451667 0.010833 0.013333
3 0.505000 0.453333 0.007500 0.015000
2 0.500000 0.596667 0.020000 0.021667
2 0.152500 0.490000 0.020833 0.080000
2 0.645833 0.475000 0.048333 0.025000
3 0.518333 0.498333 0.009167 0.015000
3 0.465833 0.520000 0.009167 0.016667
2 0.432500 0.543333 0.009167 0.040000
3 0.358333 0.488333 0.009167 0.015000
3 0.179167 0.526667 0.015833 0.051667
3 0.343333 0.526667 0.009167 0.016667
3 0.824167 0.493333 0.006667 0.018333
2 0.165000 0.595000 0.045833 0.021667
3 0.215000 0.500000 0.007500 0.015000
3 0.478333 0.396667 0.007500 0.018333
3 0.330000 0.565000 0.010833 0.013333
2 0.384167 0.715000 0.019167 0.046667
3 0.570000 0.626667 0.014167 0.025000
3 0.674167 0.320000 0.009167 0.016667
2 0.470000 0.846667 0.020833 0.080000
3 0.715000 0.673333 0.007500 0.015000
3 0.223333 0.305000 0.009167 0.016667
2 0.593333 0.330000 0.048333 0.043333
3 0.314167 0.206667 0.008333 0.016667
3 0.650833 0.341667 0.015833 0.051667
3 0.303333 0.368333 0.011667 0.030000
3 0.666667 0.343333 0.009167 0.023333
2 0.737500 0.385000 0.026667 0.035000
3 0.560000 0.271667 0.007500 0.018333
3 0.738333 0.658333 0.009167 0.016667
3 0.402500 0.375000 0.007500 0.015000
3 0.550000 0.195000 0.007500 0.018333
2 0.503333 0.298333 0.023333 0.041667
3 0.514167 0.700000 0.009167 0.015000
2 0.632500 0.670000 0.034167 0.038333
2 0.664167 0.615000 0.014167 0.015000
3 0.389167 0.755000 0.007500 0.015000
3 0.690833 0.356667 0.007500 0.015000
2 0.474167 0.806667 0.009167 0.040000
3 0.307500 0.723333 0.007500 0.015000
3 0.520833 0.686667 0.017500 0.031667
3 0.708333 0.420000 0.010000 0.020000
2 0.803333 0.458333 0.010833 0.091667
3 0.783333 0.611667 0.008333 0.016667
3 0.515000 0.658333 0.008333 0.016667
3 0.755833 0.661667 0.006667 0.018333
2 0.700833 0.640000 0.048333 0.025000
2 0.790000 0.676667 0.013333 0.070000
2 0.545833 0.296667 0.009167 0.040000
3 0.313333 0.401667 0.008333 0.016667
2 0.346667 0.645000 0.019167 0.046667
2 0.551667 0.361667 0.020833 0.028333
2 0.649167 0.398333 0.019167 0.046667
2 0.387500 0.791667 0.010833 0.091667
2 0.255833 0.693333 0.034167 0.038333
2 0.488333 0.213333 0.009167 0.031667
2 0.616667 0.626667 0.011667 0.066667
2 0.618333 0.336667 0.026667 0.035000
3 0.595000 0.715000 0.013333 0.015000
2 0.726667 0.380000 0.023333 0.106667
3 0.430833 0.811667 0.011667 0.030000
3 0.705833 0.676667 0.009167 0.016667
3 0.515000 0.748333 0.010000 0.016667
2 0.701667 0.658333 0.023333 0.041667
3 0.715000 0.305000 0.007500 0.015000
3 0.387500 0.643333 0.011667 0.020000
2 0.384167 0.715000 0.019167 0.046667
2 0.474167 0.706667 0.034167 0.100000
2 0.449167 0.693333 0.011667 0.066667
3 0.383333 0.398333 0.015833 0.051667
3 0.676667 0.451667 0.015833 0.051667
3 0.622500 0.405000 0.011667 0.030000
2 0.309167 0.341667 0.029167 0.038333
2 0.695000 0.410000 0.045833 0.021667
2 0.670833 0.708333 0.058333 0.076667
2 0.739167 0.633333 0.029167 0.038333
3 0.296667 0.368333 0.010833 0.023333
2 0.584167 0.708333 0.034167 0.038333
3 0.653333 0.626667 0.013333 0.031667
2 0.733333 0.641667 0.019167 0.046667
3 0.540000 0.735000 0.007500 0.018333
2 0.421667 0.840000 0.021667 0.090000
3 0.490000 0.643333 0.006667 0.018333
3 0.730000 0.645000 0.008333 0.016667
3 0.704167 0.633333 0.007500 0.018333
3 0.733333 0.691667 0.009167 0.015000
2 0.645000 0.618333 0.015833 0.068333
2 0.636667 0.620000 0.017500 0.116667
3 0.779167 0.643333 0.009167 0.016667
3 0.475000 0.795000 0.007500 0.015000
2 0.291667 0.395000 0.021667 0.090000
3 0.725833 0.791667 0.007500 0.015000
2 0.708333 0.998333 0.030833 0.001667
3 0.522500 0.671667 0.006667 0.018333
2 0.360833 0.665000 0.010000 0.031667
3 0.357500 0.740000 0.007500 0.018333
2 0.528333 0.718333 0.014167 0.015000
2 0.694167 0.711667 0.029167 0.038333
3 0.749167 0.655000 0.010000 0.020000
2 0.432500 0.801667 0.026667 0.035000
3 0.704167 0.426667 0.009167 0.023333
2 0.412500 0.685000 0.020833 0.080000
2 0.479167 0.415000 0.020833 0.080000
2 0.616667 0.631667 0.048333 0.043333
2 0.245000 0.361667 0.020833 0.080000
3 0.400000 0.376667 0.013333 0.031667
2 0.787500 0.393333 0.034167 0.038333
2 0.420000 0.346667 0.048333 0.025000
2 0.513333 0.386667 0.020833 0.028333
3 0.620833 0.385000 0.013333 0.031667
3 0.473333 0.830000 0.011667 0.030000
3 0.610833 0.401667 0.017500 0.031667
2 0.747500 0.666667 0.014167 0.015000
2 0.308333 0.608333 0.035000 0.105000
2 0.783333 0.618333 0.029167 0.038333
3 0.347500 0.666667 0.017500 0.031667
3 0.220000 0.655000 0.010000 0.016667
2 0.508333 0.810000 0.011667 0.025000
3 0.812500 0.420000 0.009167 0.018333
2 0.689167 0.720000 0.023333 0.106667
3 0.390000 0.768333 0.013333 0.015000
2 0.418333 0.378333 0.023333 0.106667
2 0.625000 0.348333 0.035000 0.105000
2 0.786667 0.633333 0.034167 0.038333
2 0.649167 0.648333 0.011667 0.066667
2 0.295000 0.683333 0.029167 0.038333
2 0.563333 0.293333 0.017500 0.116667
3 0.275000 0.290000 0.006667 0.018333
3 0.797500 0.405000 0.013333 0.015000
2 0.651667 0.348333 0.020833 0.028333
3 0.339167 0.645000 0.006667 0.018333
2 0.702500 0.680000 0.029167 0.038333
2 0.471667 0.771667 0.021667 0.090000
3 0.665833 0.383333 0.009167 0.016667
2 0.775000 0.416667 0.045833 0.021667
3 0.641667 0.710000 0.013333 0.015000
2 0.166667 0.413333 0.026667 0.035000
3 0.670000 0.363333 0.009167 0.016667
3 0.678333 0.663333 0.007500 0.015000
3 0.421667 0.370000 0.008333 0.016667
3 0.423333 0.681667 0.007500 0.015000
2 0.437500 0.878333 0.019167 0.046667
3 0.482500 0.813333 0.009167 0.023333
2 0.462500 0.303333 0.011667 0.025000
3 0.442500 0.321667 0.010833 0.023333
3 0.572500 0.385000 0.009167 0.016667
3 0.677500 0.710000 0.007500 0.018333
2 0.768333 0.348333 0.023333 0.106667
2 0.736667 0.311667 0.021667 0.090000
2 0.586667 0.168333 0.022500 0.023333
3 0.558333 0.213333 0.007500 0.018333
3 0.826667 0.415000 0.008333 0.016667
3 0.664167 0.423333 0.011667 0.030000
2 0.560833 0.468333 0.010833 0.091667
2 0.272500 0.331667 0.009167 0.031667
2 0.780833 0.676667 0.027500 0.016667
2 0.491667 0.218333 0.035000 0.105000
2 0.471667 0.345000 0.058333 0.076667
3 0.682500 0.640000 0.007500 0.015000
3 0.629167 0.418333 0.008333 0.021667
2 0.315833 0.706667 0.011667 0.025000
2 0.282500 0.775000 0.020833 0.080000
2 0.702500 0.700000 0.017500 0.116667
2 0.712500 0.675000 0.058333 0.076667
2 0.734167 0.596667 0.034167 0.038333
3 0.316667 0.413333 0.011667 0.020000
3 0.508333 0.826667 0.008333 0.021667
3 0.339167 0.861667 0.007500 0.015000
2 0.567500 0.363333 0.045833 0.021667
3 0.715833 0.616667 0.010000 0.016667
2 0.309167 0.281667 0.030833 0.051667
3 0.755000 0.400000 0.013333 0.015000
3 0.545833 0.315000 0.009167 0.018333
3 0.423333 0.363333 0.007500 0.018333
3 0.485833 0.753333 0.009167 0.016667
3 0.708333 0.635000 0.011667 0.020000
2 0.633333 0.396667 0.034167 0.100000
2 0.376667 0.691667 0.035000 0.105000
2 0.815833 0.371667 0.019167 0.046667
3 0.737500 0.683333 0.010833 0.013333
2 0.504167 0.670000 0.011667 0.025000
2 0.309167 0.440000 0.019167 0.046667
3 0.570833 0.153333 0.008333 0.016667
2 0.246667 0.238333 0.026667 0.035000
2 0.330833 0.775000 0.034167 0.100000
2 0.292500 0.683333 0.026667 0.035000
2 0.656667 0.640000 0.009167 0.040000
2 0.667500 0.731667 0.058333 0.076667
2 0.231667 0.836667 0.010833 0.091667
2 0.662500 0.396667 0.020000 0.021667
2 0.510833 0.343333 0.009167 0.040000
2 0.648333 0.423333 0.011667 0.066667
2 0.442500 0.255000 0.097500 0.053333
2 0.702500 0.430000 0.029167 0.038333
3 0.804167 0.370000 0.007500 0.015000
2 0.668333 0.331667 0.048333 0.025000
3 0.670000 0.340000 0.009167 0.018333
2 0.349167 0.398333 0.020833 0.080000
3 0.419167 0.676667 0.011667 0.030000
3 0.754167 0.646667 0.009167 0.016667
3 0.340833 0.305000 0.007500 0.018333
2 0.691667 0.388333 0.029167 0.038333
2 0.784167 0.626667 0.019167 0.046667
2 0.737500 0.621667 0.026667 0.035000
3 0.245000 0.356667 0.008333 0.016667
2 0.697500 0.256667 0.015833 0.068333
3 0.690833 0.713333 0.009167 0.016667
3 0.730833 0.363333 0.009167 0.016667
2 0.798333 0.708333 0.048333 0.043333
3 0.440833 0.416667 0.011667 0.020000
2 0.464167 0.288333 0.009167 0.031667
2 0.675000 0.620000 0.014167 0.015000
2 0.617500 0.366667 0.019167 0.046667
2 0.701667 0.681667 0.026667 0.035000
