4 0.850000 0.521667 0.037500 0.085000
4 0.815833 0.521667 0.064167 0.020000
4 0.815000 0.591667 0.055000 0.080000
4 0.797500 0.538333 0.252500 0.108333
4 0.880000 0.538333 0.077500 0.086667
4 0.823333 0.425000 0.063333 0.116667
4 0.792500 0.486667 0.195833 0.103333
4 0.866667 0.705000 0.086667 0.193333
4 0.811667 0.568333 0.080833 0.035000
4 0.899167 0.428333 0.031667 0.078333
4 0.505833 0.666667 0.312500 0.303333
4 0.587500 0.611667 0.134167 0.195000
4 0.656667 0.578333 0.127500 0.128333
4 0.215833 0.575000 0.090833 0.105000
4 0.732500 0.591667 0.076667 0.205000
4 0.518333 0.521667 0.172500 0.056667
4 0.320833 0.596667 0.174167 0.168333
4 0.664167 0.548333 0.043333 0.073333
4 0.122500 0.588333 0.099167 0.120000
4 0.621667 0.426667 0.175000 0.161667
2 0.148333 0.585000 0.021667 0.090000
2 0.784167 0.505000 0.097500 0.053333
2 0.019167 0.470000 0.035000 0.105000
2 0.045000 0.556667 0.048333 0.025000
2 0.427500 0.525000 0.048333 0.043333
2 0.437500 0.613333 0.009167 0.031667
3 0.705000 0.580000 0.009167 0.023333
2 0.638333 0.506667 0.058333 0.076667
2 0.101667 0.596667 0.034167 0.100000
2 0.695000 0.553333 0.026667 0.035000
2 0.202500 0.573333 0.097500 0.053333
2 0.468333 0.623333 0.010833 0.091667
2 0.087500 0.536667 0.010000 0.031667
2 0.355000 0.496667 0.045833 0.021667
3 0.654167 0.460000 0.010833 0.013333
3 0.500000 0.543333 0.010833 0.023333
3 0.459167 0.463333 0.009167 0.016667
2 0.330000 0.621667 0.010000 0.031667
3 0.606667 0.553333 0.007500 0.018333
2 0.692500 0.505000 0.020000 0.021667
2 0.133333 0.453333 0.020833 0.080000
3 0.508333 0.598333 0.013333 0.031667
2 0.073333 0.561667 0.011667 0.066667
3 0.059167 0.570000 0.009167 0.015000
2 0.205000 0.533333 0.009167 0.040000
3 0.115833 0.580000 0.007500 0.015000
3 0.515833 0.526667 0.009167 0.016667
3 0.363333 0.508333 0.007500 0.015000
3 0.173333 0.523333 0.006667 0.018333
2 0.679167 0.485000 0.021667 0.090000
2 0.826667 0.656667 0.010833 0.091667
3 0.402500 0.583333 0.010833 0.023333
3 0.737500 0.498333 0.009167 0.023333
2 0.266667 0.561667 0.011667 0.025000
2 0.700833 0.590000 0.034167 0.100000
2 0.448333 0.585000 0.011667 0.066667
2 0.689167 0.473333 0.035000 0.105000
2 0.276667 0.586667 0.017500 0.116667
2 0.251667 0.581667 0.027500 0.016667
3 0.652500 0.531667 0.006667 0.018333
2 0.331667 0.545000 0.015833 0.068333
3 0.486667 0.526667 0.009167 0.018333
2 0.096667 0.558333 0.023333 0.106667
2 0.374167 0.530000 0.048333 0.025000
3 0.313333 0.553333 0.009167 0.018333
3 0.308333 0.478333 0.014167 0.025000
2 0.151667 0.521667 0.035000 0.105000
2 0.437500 0.510000 0.034167 0.100000
2 0.655000 0.470000 0.010000 0.031667
3 0.817500 0.648333 0.008333 0.021667
2 0.118333 0.570000 0.017500 0.116667
2 0.723333 0.545000 0.014167 0.015000
3 0.140000 0.450000 0.013333 0.031667
3 0.453333 0.448333 0.009167 0.016667
3 0.162500 0.506667 0.007500 0.015000
3 0.072500 0.538333 0.011667 0.020000
3 0.562500 0.531667 0.013333 0.031667
2 0.212500 0.440000 0.027500 0.016667
2 0.389167 0.481667 0.017500 0.116667
3 0.583333 0.471667 0.010833 0.023333
2 0.317500 0.436667 0.015833 0.068333
3 0.036667 0.515000 0.007500 0.016667
2 0.590833 0.490000 0.034167 0.038333
3 0.050000 0.490000 0.015833 0.051667
2 0.228333 0.441667 0.017500 0.116667
3 0.415000 0.565000 0.006667 0.018333
3 0.517500 0.526667 0.010833 0.023333
2 0.810833 0.620000 0.034167 0.100000
2 0.165833 0.458333 0.030833 0.051667
2 0.596667 0.575000 0.011667 0.066667
2 0.048333 0.568333 0.022500 0.023333
3 0.679167 0.570000 0.008333 0.016667
3 0.388333 0.526667 0.009167 0.016667
3 0.748333 0.578333 0.017500 0.031667
2 0.491667 0.570000 0.015833 0.068333
2 0.475833 0.541667 0.020000 0.021667
3 0.309167 0.546667 0.008333 0.016667
2 0.568333 0.560000 0.015833 0.068333
2 0.095000 0.553333 0.019167 0.046667
2 0.694167 0.583333 0.026667 0.035000
2 0.078333 0.501667 0.020833 0.080000
3 0.039167 0.561667 0.009167 0.015000
2 0.687500 0.573333 0.030833 0.051667
2 0.715833 0.505000 0.035000 0.105000
3 0.057500 0.518333 0.011667 0.020000
3 0.325000 0.473333 0.007500 0.018333
2 0.064167 0.556667 0.045833 0.021667
2 0.790000 0.405000 0.035000 0.105000
2 0.250000 0.565000 0.027500 0.016667
2 0.591667 0.548333 0.034167 0.038333
2 0.410833 0.531667 0.023333 0.041667
3 0.282500 0.523333 0.008333 0.016667
3 0.210833 0.441667 0.008333 0.016667
2 0.506667 0.516667 0.011667 0.066667
2 0.200833 0.581667 0.027500 0.016667
3 0.094167 0.466667 0.010000 0.020000
2 0.218333 0.460000 0.027500 0.016667
2 0.227500 0.516667 0.019167 0.046667
3 0.613333 0.493333 0.010000 0.020000
3 0.278333 0.548333 0.008333 0.016667
2 0.045833 0.541667 0.020833 0.080000
2 0.756667 0.536667 0.048333 0.025000
2 0.511667 0.323333 0.020833 0.080000
2 0.355000 0.405000 0.023333 0.041667
3 0.570000 0.696667 0.009167 0.016667
2 0.696667 0.415000 0.023333 0.106667
3 0.513333 0.421667 0.007500 0.016667
2 0.521667 0.406667 0.021667 0.090000
3 0.240000 0.760000 0.007500 0.015000
3 0.400833 0.661667 0.008333 0.016667
3 0.668333 0.338333 0.013333 0.015000
3 0.526667 0.371667 0.015833 0.051667
3 0.389167 0.651667 0.009167 0.023333
3 0.750000 0.631667 0.015833 0.051667
2 0.439167 0.171667 0.020833 0.080000
2 0.750000 0.623333 0.097500 0.053333
3 0.678333 0.726667 0.007500 0.016667
3 0.711667 0.610000 0.007500 0.015000
2 0.708333 0.665000 0.021667 0.090000
3 0.820833 0.388333 0.010000 0.020000
2 0.538333 0.443333 0.034167 0.100000
3 0.755833 0.313333 0.010000 0.016667
2 0.371667 0.390000 0.023333 0.041667
3 0.405833 0.715000 0.008333 0.016667
2 0.281667 0.161667 0.023333 0.041667
3 0.740833 0.335000 0.009167 0.016667
3 0.683333 0.400000 0.011667 0.030000
2 0.805000 0.423333 0.017500 0.116667
3 0.761667 0.601667 0.007500 0.016667
3 0.407500 0.385000 0.010833 0.013333
2 0.736667 0.325000 0.011667 0.025000
2 0.535000 0.448333 0.013333 0.070000
3 0.679167 0.353333 0.007500 0.015000
2 0.698333 0.633333 0.017500 0.116667
2 0.455000 0.401667 0.020000 0.021667
2 0.677500 0.371667 0.048333 0.025000
3 0.753333 0.715000 0.007500 0.018333
3 0.607500 0.311667 0.007500 0.015000
2 0.757500 0.673333 0.019167 0.046667
2 0.223333 0.761667 0.013333 0.070000
3 0.686667 0.643333 0.010000 0.016667
3 0.327500 0.358333 0.008333 0.016667
2 0.249167 0.198333 0.020833 0.080000
2 0.705833 0.696667 0.023333 0.106667
3 0.621667 0.385000 0.010833 0.023333
3 0.586667 0.371667 0.007500 0.018333
2 0.280000 0.790000 0.034167 0.100000
2 0.680833 0.660000 0.020000 0.021667
3 0.399167 0.655000 0.010833 0.023333
3 0.396667 0.668333 0.007500 0.018333
2 0.453333 0.253333 0.022500 0.023333
2 0.787500 0.715000 0.027500 0.016667
3 0.452500 0.746667 0.014167 0.025000
2 0.631667 0.420000 0.023333 0.106667
3 0.636667 0.636667 0.008333 0.016667
2 0.329167 0.260000 0.020833 0.080000
2 0.589167 0.351667 0.048333 0.025000
2 0.665000 0.431667 0.048333 0.025000
3 0.154167 0.640000 0.017500 0.031667
3 0.510000 0.815000 0.007500 0.015000
2 0.540000 0.711667 0.021667 0.090000
3 0.685833 0.376667 0.007500 0.015000
3 0.531667 0.720000 0.008333 0.016667
2 0.680000 0.418333 0.011667 0.025000
2 0.760000 0.376667 0.022500 0.023333
3 0.624167 0.370000 0.011667 0.030000
2 0.728333 0.355000 0.019167 0.046667
3 0.467500 0.365000 0.014167 0.025000
3 0.248333 0.648333 0.013333 0.015000
3 0.722500 0.435000 0.010000 0.016667
2 0.480000 0.328333 0.023333 0.041667
3 0.750833 0.670000 0.008333 0.016667
2 0.408333 0.688333 0.026667 0.035000
3 0.455833 0.201667 0.009167 0.015000
3 0.274167 0.763333 0.014167 0.025000
2 0.495833 0.346667 0.009167 0.040000
2 0.610833 0.345000 0.097500 0.053333
3 0.291667 0.718333 0.013333 0.031667
2 0.699167 0.403333 0.017500 0.116667
3 0.725000 0.356667 0.010000 0.016667
3 0.770000 0.333333 0.008333 0.021667
3 0.733333 0.721667 0.011667 0.020000
3 0.440000 0.733333 0.010833 0.013333
2 0.655000 0.421667 0.023333 0.106667
3 0.156667 0.618333 0.008333 0.016667
3 0.755000 0.598333 0.007500 0.015000
3 0.529167 0.291667 0.009167 0.016667
3 0.775000 0.353333 0.007500 0.018333
3 0.761667 0.325000 0.007500 0.018333
3 0.237500 0.391667 0.007500 0.018333
2 0.441667 0.186667 0.013333 0.070000
3 0.619167 0.645000 0.010000 0.016667
3 0.451667 0.673333 0.007500 0.018333
3 0.485000 0.316667 0.008333 0.021667
2 0.260000 0.730000 0.029167 0.038333
2 0.753333 0.398333 0.029167 0.038333
3 0.368333 0.678333 0.008333 0.016667
3 0.449167 0.703333 0.007500 0.015000
3 0.662500 0.396667 0.009167 0.015000
3 0.725833 0.613333 0.009167 0.018333
3 0.642500 0.671667 0.014167 0.025000
2 0.401667 0.688333 0.026667 0.035000
2 0.707500 0.716667 0.048333 0.043333
3 0.813333 0.711667 0.007500 0.015000
2 0.464167 0.825000 0.011667 0.066667
2 0.470833 0.310000 0.014167 0.015000
2 0.760000 0.703333 0.019167 0.046667
2 0.629167 0.403333 0.034167 0.100000
2 0.700833 0.618333 0.014167 0.015000
2 0.273333 0.241667 0.011667 0.066667
2 0.603333 0.386667 0.048333 0.025000
3 0.767500 0.650000 0.009167 0.023333
3 0.288333 0.805000 0.010000 0.020000
2 0.235000 0.758333 0.017500 0.116667
2 0.581667 0.665000 0.009167 0.031667
2 0.360000 0.698333 0.017500 0.116667
3 0.417500 0.836667 0.013333 0.015000
3 0.425000 0.710000 0.007500 0.016667
2 0.779167 0.340000 0.027500 0.016667
3 0.185833 0.651667 0.007500 0.015000
3 0.166667 0.390000 0.013333 0.015000
3 0.730833 0.363333 0.009167 0.016667
2 0.815000 0.405000 0.023333 0.106667
2 0.550833 0.430000 0.023333 0.106667
3 0.784167 0.396667 0.009167 0.023333
3 0.325833 0.361667 0.011667 0.030000
3 0.770833 0.345000 0.008333 0.016667
3 0.171667 0.411667 0.015833 0.051667
3 0.779167 0.645000 0.009167 0.016667
2 0.777500 0.640000 0.048333 0.043333
3 0.341667 0.746667 0.013333 0.015000
2 0.516667 0.386667 0.009167 0.040000
2 0.718333 0.326667 0.048333 0.043333
2 0.605000 0.638333 0.034167 0.038333
3 0.482500 0.331667 0.007500 0.015000
2 0.620000 0.405000 0.045833 0.021667
2 0.690833 0.400000 0.020833 0.080000
3 0.448333 0.370000 0.010833 0.013333
2 0.318333 0.793333 0.029167 0.038333
2 0.743333 0.646667 0.020833 0.028333
2 0.437500 0.650000 0.011667 0.025000
2 0.575833 0.686667 0.020833 0.080000
2 0.525000 0.290000 0.048333 0.043333
2 0.350833 0.620000 0.022500 0.023333
2 0.662500 0.665000 0.020000 0.021667
2 0.685833 0.646667 0.021667 0.090000
2 0.272500 0.755000 0.026667 0.035000
2 0.467500 0.310000 0.058333 0.076667
3 0.508333 0.820000 0.007500 0.015000
2 0.364167 0.645000 0.011667 0.066667
3 0.335833 0.381667 0.009167 0.018333
3 0.715833 0.370000 0.008333 0.016667
2 0.230000 0.813333 0.027500 0.016667
2 0.656667 0.391667 0.011667 0.025000
2 0.611667 0.353333 0.034167 0.038333
3 0.258333 0.363333 0.010000 0.020000
2 0.300833 0.740000 0.011667 0.025000
2 0.714167 0.475000 0.034167 0.100000
2 0.759167 0.740000 0.048333 0.025000
2 0.510833 0.433333 0.021667 0.090000
2 0.617500 0.363333 0.097500 0.053333
2 0.314167 0.403333 0.027500 0.016667
2 0.465000 0.821667 0.009167 0.031667
2 0.455000 0.743333 0.035000 0.105000
2 0.490000 0.161667 0.020000 0.021667
3 0.691667 0.668333 0.007500 0.018333
3 0.540000 0.648333 0.006667 0.018333
2 0.712500 0.348333 0.034167 0.038333
2 0.471667 0.648333 0.026667 0.035000
3 0.775000 0.365000 0.010833 0.023333
3 0.567500 0.736667 0.009167 0.023333
2 0.760000 0.730000 0.045833 0.021667
3 0.520833 0.226667 0.009167 0.016667
3 0.785833 0.398333 0.009167 0.016667
3 0.764167 0.703333 0.009167 0.016667
2 0.240833 0.203333 0.011667 0.066667
2 0.681667 0.361667 0.029167 0.038333
2 0.420000 0.258333 0.097500 0.053333
2 0.705000 0.428333 0.017500 0.116667
3 0.438333 0.846667 0.008333 0.016667
2 0.225833 0.368333 0.009167 0.040000
2 0.609167 0.696667 0.030833 0.051667
3 0.665000 0.711667 0.013333 0.015000
3 0.770000 0.405000 0.009167 0.016667
2 0.790000 0.375000 0.009167 0.040000
3 0.621667 0.640000 0.009167 0.016667
2 0.643333 0.390000 0.014167 0.015000
3 0.825833 0.416667 0.014167 0.025000
2 0.540833 0.635000 0.015833 0.068333
3 0.790833 0.641667 0.013333 0.015000
2 0.335000 0.285000 0.048333 0.025000
2 0.298333 0.763333 0.021667 0.090000
3 0.475833 0.368333 0.008333 0.016667
3 0.281667 0.263333 0.013333 0.015000
3 0.727500 0.671667 0.008333 0.021667
2 0.674167 0.440000 0.014167 0.015000
2 0.643333 0.610000 0.011667 0.066667
2 0.453333 0.723333 0.023333 0.041667
3 0.723333 0.780000 0.009167 0.023333
3 0.744167 0.781667 0.013333 0.031667
