4 0.868333 0.618333 0.102500 0.040000
4 0.880833 0.645000 0.046667 0.126667
4 0.807500 0.476667 0.057500 0.051667
4 0.763333 0.541667 0.170833 0.281667
4 0.851667 0.436667 0.055000 0.091667
4 0.841667 0.598333 0.069167 0.056667
4 0.880833 0.453333 0.105833 0.178333
4 0.875000 0.691667 0.045000 0.108333
4 0.861667 0.415000 0.086667 0.110000
4 0.811667 0.535000 0.056667 0.040000
4 0.747500 0.495000 0.082500 0.110000
4 0.676667 0.470000 0.049167 0.085000
4 0.315000 0.541667 0.054167 0.026667
4 0.790833 0.518333 0.049167 0.056667
4 0.675833 0.435000 0.051667 0.106667
4 0.711667 0.430000 0.088333 0.156667
4 0.200833 0.430000 0.130833 0.198333
4 0.440000 0.656667 0.082500 0.180000
4 0.250833 0.618333 0.153333 0.155000
4 0.267500 0.555000 0.123333 0.060000
2 0.607500 0.460000 0.020833 0.028333
2 0.490000 0.468333 0.013333 0.070000
2 0.255833 0.548333 0.011667 0.066667
2 0.228333 0.521667 0.058333 0.076667
2 0.229167 0.535000 0.019167 0.046667
3 0.469167 0.438333 0.009167 0.016667
3 0.088333 0.498333 0.007500 0.018333
2 0.246667 0.585000 0.010000 0.031667
3 0.278333 0.491667 0.009167 0.015000
3 0.757500 0.530000 0.008333 0.016667
2 0.665833 0.486667 0.020833 0.080000
3 0.450833 0.496667 0.006667 0.018333
2 0.475000 0.441667 0.034167 0.100000
3 0.400833 0.561667 0.017500 0.031667
3 0.222500 0.563333 0.009167 0.015000
2 0.265833 0.471667 0.048333 0.025000
3 0.600000 0.526667 0.008333 0.016667
3 0.777500 0.535000 0.008333 0.016667
2 0.363333 0.480000 0.026667 0.035000
3 0.118333 0.553333 0.007500 0.015000
3 0.185833 0.561667 0.009167 0.015000
2 0.650833 0.488333 0.010000 0.031667
3 0.500833 0.563333 0.011667 0.020000
3 0.531667 0.478333 0.008333 0.016667
2 0.378333 0.551667 0.009167 0.040000
3 0.190833 0.601667 0.009167 0.016667
2 0.122500 0.573333 0.020000 0.021667
2 0.775833 0.560000 0.023333 0.041667
2 0.331667 0.575000 0.026667 0.035000
2 0.344167 0.578333 0.020000 0.021667
2 0.685000 0.453333 0.014167 0.015000
3 0.482500 0.423333 0.007500 0.015000
2 0.773333 0.561667 0.019167 0.046667
3 0.361667 0.495000 0.009167 0.015000
2 0.461667 0.526667 0.045833 0.021667
2 0.700000 0.485000 0.019167 0.046667
3 0.372500 0.500000 0.010833 0.013333
3 0.503333 0.490000 0.014167 0.025000
2 0.312500 0.615000 0.048333 0.025000
2 0.295833 0.576667 0.022500 0.023333
3 0.618333 0.563333 0.007500 0.018333
2 0.264167 0.523333 0.020833 0.028333
2 0.678333 0.503333 0.026667 0.035000
2 0.610833 0.468333 0.021667 0.090000
3 0.298333 0.486667 0.008333 0.016667
3 0.180000 0.578333 0.010000 0.016667
3 0.780000 0.515000 0.010833 0.013333
2 0.515833 0.471667 0.035000 0.105000
2 0.454167 0.518333 0.010833 0.091667
3 0.826667 0.521667 0.010833 0.013333
3 0.357500 0.461667 0.017500 0.031667
2 0.267500 0.550000 0.010000 0.031667
3 0.790833 0.485000 0.014167 0.025000
2 0.399167 0.595000 0.014167 0.015000
2 0.154167 0.615000 0.010833 0.091667
3 0.125000 0.460000 0.006667 0.018333
2 0.708333 0.511667 0.034167 0.038333
3 0.597500 0.525000 0.009167 0.015000
3 0.141667 0.478333 0.010833 0.013333
2 0.440833 0.453333 0.029167 0.038333
3 0.308333 0.453333 0.008333 0.016667
2 0.607500 0.461667 0.034167 0.038333
3 0.532500 0.486667 0.017500 0.031667
2 0.044167 0.436667 0.088333 0.053333
3 0.487500 0.555000 0.013333 0.031667
3 0.391667 0.528333 0.009167 0.016667
2 0.680833 0.445000 0.045833 0.021667
2 0.468333 0.575000 0.058333 0.076667
3 0.164167 0.606667 0.008333 0.016667
3 0.810000 0.488333 0.007500 0.016667
3 0.397500 0.586667 0.014167 0.025000
3 0.469167 0.541667 0.014167 0.025000
3 0.746667 0.490000 0.013333 0.015000
2 0.619167 0.570000 0.030833 0.051667
2 0.414167 0.440000 0.015833 0.068333
3 0.114167 0.525000 0.007500 0.018333
2 0.584167 0.600000 0.021667 0.090000
2 0.275833 0.476667 0.023333 0.106667
2 0.641667 0.546667 0.017500 0.116667
2 0.810833 0.583333 0.019167 0.046667
2 0.460833 0.578333 0.029167 0.038333
2 0.391667 0.536667 0.022500 0.023333
3 0.324167 0.521667 0.009167 0.015000
3 0.160833 0.531667 0.015833 0.051667
3 0.460833 0.595000 0.007500 0.015000
2 0.526667 0.451667 0.011667 0.066667
2 0.528333 0.538333 0.058333 0.076667
2 0.276667 0.556667 0.023333 0.041667
3 0.466667 0.528333 0.009167 0.016667
3 0.710833 0.475000 0.010833 0.023333
2 0.621667 0.521667 0.010000 0.031667
2 0.314167 0.528333 0.029167 0.038333
3 0.695000 0.493333 0.013333 0.015000
3 0.689167 0.561667 0.010833 0.013333
2 0.435833 0.575000 0.097500 0.053333
3 0.343333 0.621667 0.006667 0.018333
2 0.040833 0.458333 0.034167 0.038333
3 0.125000 0.448333 0.007500 0.015000
3 0.700000 0.460000 0.007500 0.015000
2 0.090833 0.448333 0.058333 0.076667
3 0.100000 0.556667 0.007500 0.015000
3 0.728333 0.556667 0.014167 0.025000
2 0.740000 0.871667 0.097500 0.053333
3 0.782500 0.333333 0.014167 0.025000
2 0.518333 0.366667 0.022500 0.023333
3 0.676667 0.393333 0.007500 0.018333
2 0.287500 0.720000 0.048333 0.043333
2 0.615000 0.378333 0.022500 0.023333
3 0.715000 0.238333 0.008333 0.021667
2 0.299167 0.385000 0.011667 0.025000
2 0.564167 0.766667 0.026667 0.035000
2 0.513333 0.625000 0.048333 0.025000
2 0.480833 0.311667 0.020833 0.028333
3 0.760833 0.601667 0.010000 0.016667
2 0.442500 0.655000 0.048333 0.043333
3 0.541667 0.251667 0.007500 0.018333
2 0.754167 0.641667 0.020000 0.021667
3 0.499167 0.301667 0.007500 0.016667
3 0.541667 0.338333 0.009167 0.015000
3 0.775833 0.691667 0.007500 0.018333
2 0.702500 0.646667 0.058333 0.076667
3 0.488333 0.781667 0.010000 0.016667
2 0.316667 0.368333 0.013333 0.070000
3 0.421667 0.410000 0.007500 0.018333
3 0.705000 0.430000 0.008333 0.016667
2 0.463333 0.801667 0.097500 0.053333
2 0.518333 0.388333 0.011667 0.025000
2 0.455833 0.688333 0.021667 0.090000
2 0.283333 0.791667 0.023333 0.041667
2 0.325000 0.220000 0.029167 0.038333
2 0.430833 0.120000 0.035000 0.105000
2 0.397500 0.658333 0.026667 0.035000
2 0.491667 0.310000 0.058333 0.076667
3 0.503333 0.826667 0.017500 0.031667
2 0.659167 0.661667 0.034167 0.100000
3 0.322500 0.271667 0.009167 0.016667
2 0.318333 0.288333 0.013333 0.070000
3 0.688333 0.270000 0.007500 0.015000
3 0.635000 0.621667 0.010833 0.023333
2 0.568333 0.428333 0.021667 0.090000
2 0.643333 0.616667 0.014167 0.015000
3 0.780833 0.450000 0.011667 0.020000
2 0.709167 0.686667 0.097500 0.053333
3 0.710833 0.673333 0.007500 0.018333
3 0.690000 0.753333 0.013333 0.031667
2 0.274167 0.721667 0.045833 0.021667
2 0.645000 0.391667 0.048333 0.043333
3 0.291667 0.235000 0.008333 0.016667
2 0.696667 0.380000 0.019167 0.046667
3 0.715000 0.638333 0.008333 0.016667
3 0.653333 0.330000 0.010833 0.013333
3 0.224167 0.408333 0.010000 0.020000
3 0.435000 0.370000 0.013333 0.015000
3 0.757500 0.645000 0.013333 0.031667
3 0.230000 0.593333 0.010833 0.023333
2 0.470000 0.796667 0.020833 0.028333
3 0.532500 0.405000 0.007500 0.018333
3 0.495833 0.261667 0.007500 0.015000
3 0.761667 0.603333 0.008333 0.016667
2 0.674167 0.413333 0.020833 0.080000
3 0.576667 0.746667 0.008333 0.021667
3 0.362500 0.311667 0.011667 0.030000
2 0.348333 0.325000 0.058333 0.076667
2 0.741667 0.695000 0.020833 0.028333
3 0.677500 0.370000 0.007500 0.018333
3 0.675833 0.261667 0.008333 0.021667
3 0.765000 0.711667 0.007500 0.015000
3 0.450833 0.370000 0.008333 0.016667
3 0.767500 0.593333 0.010000 0.016667
3 0.665833 0.718333 0.011667 0.030000
2 0.774167 0.606667 0.022500 0.023333
2 0.704167 0.390000 0.035000 0.105000
2 0.728333 0.608333 0.045833 0.021667
3 0.294167 0.680000 0.011667 0.020000
3 0.776667 0.413333 0.007500 0.015000
2 0.225000 0.361667 0.034167 0.100000
2 0.700833 0.618333 0.014167 0.015000
2 0.772500 0.331667 0.022500 0.023333
3 0.779167 0.603333 0.010000 0.016667
3 0.402500 0.733333 0.015833 0.051667
2 0.704167 0.701667 0.023333 0.041667
2 0.715833 0.705000 0.021667 0.090000
2 0.661667 0.390000 0.020833 0.028333
2 0.809167 0.628333 0.010000 0.031667
3 0.730833 0.620000 0.013333 0.031667
3 0.602500 0.746667 0.008333 0.016667
2 0.531667 0.393333 0.010833 0.091667
3 0.552500 0.355000 0.013333 0.015000
2 0.215000 0.688333 0.034167 0.100000
3 0.352500 0.385000 0.010000 0.016667
2 0.618333 0.406667 0.058333 0.076667
3 0.781667 0.691667 0.017500 0.031667
2 0.281667 0.748333 0.030833 0.051667
3 0.450000 0.715000 0.009167 0.016667
2 0.644167 0.650000 0.034167 0.038333
3 0.459167 0.363333 0.006667 0.018333
2 0.475833 0.195000 0.034167 0.038333
2 0.519167 0.350000 0.020833 0.028333
2 0.396667 0.645000 0.015833 0.068333
2 0.309167 0.203333 0.017500 0.116667
3 0.303333 0.410000 0.008333 0.016667
3 0.292500 0.788333 0.009167 0.016667
3 0.544167 0.293333 0.009167 0.015000
3 0.557500 0.423333 0.009167 0.016667
3 0.285833 0.411667 0.013333 0.031667
2 0.704167 0.281667 0.010000 0.031667
3 0.332500 0.261667 0.017500 0.031667
2 0.690000 0.371667 0.023333 0.106667
2 0.722500 0.636667 0.017500 0.116667
3 0.279167 0.376667 0.006667 0.018333
2 0.658333 0.385000 0.011667 0.066667
2 0.365833 0.615000 0.010000 0.031667
2 0.617500 0.373333 0.020833 0.080000
2 0.712500 0.350000 0.048333 0.025000
3 0.309167 0.308333 0.007500 0.016667
3 0.506667 0.326667 0.008333 0.016667
2 0.269167 0.768333 0.023333 0.041667
2 0.667500 0.336667 0.027500 0.016667
2 0.665000 0.316667 0.058333 0.076667
2 0.753333 0.335000 0.020833 0.080000
3 0.348333 0.708333 0.010000 0.020000
3 0.698333 0.381667 0.015833 0.051667
2 0.684167 0.378333 0.020833 0.028333
3 0.313333 0.761667 0.009167 0.023333
2 0.430833 0.786667 0.011667 0.066667
2 0.257500 0.400000 0.010833 0.091667
3 0.247500 0.700000 0.008333 0.016667
2 0.746667 0.631667 0.023333 0.106667
2 0.742500 0.601667 0.017500 0.116667
2 0.693333 0.635000 0.013333 0.070000
2 0.408333 0.353333 0.048333 0.043333
3 0.681667 0.640000 0.010000 0.020000
3 0.275833 0.393333 0.007500 0.015000
2 0.310000 0.333333 0.045833 0.021667
3 0.542500 0.448333 0.008333 0.021667
3 0.790000 0.658333 0.011667 0.020000
2 0.762500 0.336667 0.022500 0.023333
2 0.615000 0.646667 0.023333 0.106667
2 0.619167 0.393333 0.048333 0.043333
2 0.390000 0.655000 0.035000 0.105000
2 0.688333 0.280000 0.010000 0.031667
2 0.429167 0.741667 0.014167 0.015000
3 0.614167 0.366667 0.011667 0.020000
3 0.353333 0.383333 0.007500 0.015000
3 0.675000 0.438333 0.008333 0.016667
2 0.722500 0.440000 0.021667 0.090000
3 0.810000 0.626667 0.015833 0.051667
2 0.677500 0.640000 0.022500 0.023333
2 0.550833 0.663333 0.026667 0.035000
3 0.292500 0.268333 0.007500 0.016667
3 0.735000 0.663333 0.011667 0.020000
3 0.759167 0.611667 0.007500 0.015000
3 0.787500 0.736667 0.010833 0.023333
3 0.287500 0.411667 0.009167 0.016667
3 0.657500 0.356667 0.010000 0.016667
3 0.731667 0.443333 0.007500 0.015000
3 0.705833 0.645000 0.009167 0.023333
3 0.632500 0.436667 0.007500 0.018333
2 0.569167 0.778333 0.030833 0.051667
3 0.442500 0.321667 0.010833 0.023333
2 0.560833 0.753333 0.048333 0.043333
2 0.521667 0.360000 0.011667 0.066667
3 0.719167 0.368333 0.007500 0.015000
2 0.300833 0.770000 0.019167 0.046667
3 0.705833 0.603333 0.013333 0.031667
2 0.379167 0.795000 0.097500 0.053333
3 0.253333 0.645000 0.009167 0.016667
2 0.762500 0.386667 0.011667 0.066667
2 0.704167 0.686667 0.019167 0.046667
2 0.657500 0.366667 0.034167 0.100000
2 0.360000 0.711667 0.011667 0.025000
3 0.555833 0.818333 0.009167 0.016667
2 0.229167 0.341667 0.029167 0.038333
3 0.691667 0.613333 0.008333 0.016667
2 0.647500 0.413333 0.034167 0.038333
2 0.516667 0.318333 0.034167 0.100000
2 0.260833 0.356667 0.009167 0.040000
2 0.635000 0.373333 0.034167 0.100000
2 0.520000 0.786667 0.013333 0.070000
3 0.722500 0.391667 0.011667 0.020000
2 0.569167 0.731667 0.010833 0.091667
2 0.291667 0.658333 0.026667 0.035000
2 0.668333 0.321667 0.020833 0.080000
2 0.324167 0.360000 0.020833 0.080000
3 0.705000 0.325000 0.008333 0.016667
2 0.730000 0.275000 0.034167 0.038333
3 0.774167 0.691667 0.011667 0.020000
2 0.308333 0.756667 0.020000 0.021667
3 0.543333 0.676667 0.014167 0.025000
2 0.644167 0.671667 0.011667 0.025000
2 0.425000 0.681667 0.022500 0.023333
3 0.744167 0.346667 0.006667 0.018333
3 0.302500 0.715000 0.010000 0.020000
2 0.664167 0.393333 0.020833 0.080000
3 0.274167 0.821667 0.011667 0.020000
2 0.783333 0.618333 0.029167 0.038333
3 0.599167 0.710000 0.007500 0.018333
2 0.699167 0.620000 0.029167 0.038333
2 0.759167 0.625000 0.009167 0.040000
2 0.261667 0.403333 0.009167 0.031667
