4 0.805000 0.553333 0.073333 0.020000
4 0.819167 0.526667 0.095833 0.253333
4 0.882500 0.603333 0.072500 0.090000
4 0.810000 0.665000 0.161667 0.286667
4 0.881667 0.601667 0.089167 0.045000
4 0.840833 0.713333 0.094167 0.255000
4 0.809167 0.318333 0.150000 0.175000
4 0.845833 0.771667 0.166667 0.431667
4 0.846667 0.451667 0.146667 0.045000
4 0.838333 0.436667 0.046667 0.093333
4 0.065000 0.566667 0.049167 0.035000
4 0.095000 0.488333 0.116667 0.138333
4 0.404167 0.553333 0.052500 0.026667
4 0.705833 0.605000 0.223333 0.143333
4 0.224167 0.445000 0.100833 0.100000
4 0.575000 0.626667 0.082500 0.185000
4 0.049167 0.415000 0.099167 0.240000
4 0.195833 0.605000 0.080000 0.211667
4 0.288333 0.520000 0.067500 0.028333
4 0.080000 0.648333 0.160833 0.241667
2 0.575833 0.591667 0.022500 0.023333
3 0.016667 0.550000 0.015833 0.051667
2 0.530000 0.541667 0.048333 0.025000
2 0.250000 0.546667 0.097500 0.053333
3 0.357500 0.560000 0.013333 0.031667
3 0.805833 0.508333 0.007500 0.015000
2 0.327500 0.448333 0.015833 0.068333
2 0.119167 0.463333 0.009167 0.040000
3 0.458333 0.513333 0.008333 0.016667
2 0.221667 0.505000 0.034167 0.038333
3 0.480833 0.590000 0.011667 0.020000
2 0.154167 0.483333 0.023333 0.106667
3 0.401667 0.476667 0.008333 0.016667
3 0.389167 0.540000 0.013333 0.015000
3 0.770833 0.565000 0.015833 0.051667
3 0.403333 0.493333 0.007500 0.015000
3 0.536667 0.593333 0.008333 0.016667
3 0.204167 0.516667 0.015833 0.051667
2 0.361667 0.505000 0.015833 0.068333
2 0.680833 0.576667 0.011667 0.025000
3 0.485000 0.410000 0.014167 0.025000
3 0.549167 0.526667 0.010833 0.023333
3 0.147500 0.510000 0.008333 0.016667
2 0.651667 0.453333 0.020833 0.028333
2 0.128333 0.568333 0.023333 0.041667
2 0.692500 0.601667 0.030833 0.051667
2 0.200000 0.543333 0.011667 0.025000
2 0.479167 0.580000 0.027500 0.016667
3 0.162500 0.455000 0.013333 0.031667
3 0.745000 0.476667 0.008333 0.016667
2 0.096667 0.458333 0.027500 0.016667
3 0.053333 0.520000 0.014167 0.025000
2 0.130000 0.548333 0.011667 0.066667
2 0.415000 0.548333 0.011667 0.066667
3 0.535833 0.585000 0.009167 0.016667
3 0.480000 0.420000 0.017500 0.031667
2 0.372500 0.453333 0.009167 0.040000
2 0.160833 0.603333 0.023333 0.041667
3 0.732500 0.503333 0.011667 0.020000
2 0.614167 0.480000 0.021667 0.090000
2 0.508333 0.466667 0.048333 0.043333
2 0.275000 0.551667 0.013333 0.070000
2 0.034167 0.623333 0.010833 0.091667
3 0.232500 0.535000 0.013333 0.031667
3 0.572500 0.550000 0.013333 0.031667
2 0.175000 0.586667 0.030833 0.051667
3 0.539167 0.520000 0.006667 0.018333
2 0.406667 0.473333 0.030833 0.051667
2 0.195000 0.428333 0.020833 0.080000
3 0.342500 0.563333 0.009167 0.016667
2 0.804167 0.406667 0.020833 0.080000
2 0.380833 0.496667 0.023333 0.041667
2 0.329167 0.545000 0.023333 0.041667
3 0.748333 0.485000 0.009167 0.016667
3 0.486667 0.525000 0.007500 0.018333
2 0.641667 0.510000 0.045833 0.021667
2 0.154167 0.501667 0.020833 0.080000
3 0.208333 0.580000 0.010000 0.020000
2 0.180833 0.555000 0.097500 0.053333
3 0.592500 0.510000 0.017500 0.031667
2 0.042500 0.438333 0.009167 0.040000
2 0.670000 0.486667 0.026667 0.035000
2 0.080833 0.493333 0.029167 0.038333
3 0.653333 0.573333 0.010833 0.023333
2 0.117500 0.466667 0.017500 0.116667
2 0.461667 0.556667 0.026667 0.035000
3 0.408333 0.486667 0.007500 0.015000
3 0.290833 0.460000 0.007500 0.016667
2 0.201667 0.468333 0.013333 0.070000
2 0.590000 0.543333 0.013333 0.070000
2 0.090833 0.453333 0.048333 0.043333
3 0.100833 0.516667 0.010000 0.020000
3 0.070000 0.576667 0.009167 0.018333
3 0.480833 0.458333 0.009167 0.015000
2 0.205833 0.466667 0.015833 0.068333
2 0.795000 0.498333 0.010833 0.091667
2 0.340833 0.538333 0.029167 0.038333
2 0.396667 0.523333 0.045833 0.021667
2 0.285000 0.441667 0.058333 0.076667
2 0.505000 0.551667 0.026667 0.035000
3 0.203333 0.520000 0.013333 0.015000
3 0.813333 0.536667 0.008333 0.021667
2 0.098333 0.540000 0.010000 0.031667
3 0.630833 0.488333 0.009167 0.015000
2 0.678333 0.466667 0.026667 0.035000
3 0.631667 0.531667 0.008333 0.016667
2 0.612500 0.596667 0.011667 0.066667
3 0.380833 0.591667 0.015833 0.051667
3 0.421667 0.580000 0.011667 0.030000
2 0.098333 0.616667 0.021667 0.090000
2 0.435000 0.655000 0.021667 0.090000
3 0.333333 0.550000 0.009167 0.016667
2 0.805833 0.550000 0.045833 0.021667
2 0.635000 0.470000 0.045833 0.021667
3 0.372500 0.558333 0.010833 0.013333
2 0.207500 0.488333 0.058333 0.076667
3 0.035833 0.485000 0.015833 0.051667
3 0.462500 0.515000 0.008333 0.016667
3 0.773333 0.483333 0.008333 0.021667
2 0.102500 0.548333 0.020833 0.028333
3 0.722500 0.540000 0.011667 0.020000
2 0.384167 0.486667 0.015833 0.068333
2 0.694167 0.420000 0.048333 0.025000
2 0.584167 0.410000 0.011667 0.025000
2 0.655833 0.635000 0.048333 0.043333
2 0.692500 0.686667 0.045833 0.021667
2 0.522500 0.335000 0.048333 0.043333
3 0.760833 0.368333 0.010833 0.023333
2 0.771667 0.380000 0.020833 0.080000
3 0.589167 0.630000 0.008333 0.016667
3 0.756667 0.403333 0.009167 0.016667
2 0.742500 0.370000 0.048333 0.025000
2 0.673333 0.621667 0.035000 0.105000
2 0.680833 0.643333 0.013333 0.070000
3 0.655833 0.338333 0.011667 0.020000
2 0.705833 0.435000 0.013333 0.070000
2 0.477500 0.271667 0.027500 0.016667
3 0.570000 0.630000 0.010833 0.013333
3 0.608333 0.391667 0.010833 0.023333
2 0.367500 0.693333 0.034167 0.038333
3 0.796667 0.410000 0.015833 0.051667
2 0.690000 0.776667 0.023333 0.106667
2 0.790000 0.661667 0.009167 0.040000
2 0.310833 0.768333 0.034167 0.100000
3 0.695000 0.316667 0.015833 0.051667
3 0.267500 0.725000 0.008333 0.016667
3 0.574167 0.175000 0.009167 0.016667
2 0.185833 0.381667 0.015833 0.068333
2 0.468333 0.310000 0.020000 0.021667
3 0.265000 0.800000 0.011667 0.030000
3 0.227500 0.661667 0.009167 0.016667
3 0.792500 0.423333 0.015833 0.051667
2 0.773333 0.735000 0.020000 0.021667
3 0.625000 0.648333 0.013333 0.015000
2 0.646667 0.403333 0.009167 0.040000
3 0.662500 0.393333 0.008333 0.021667
2 0.714167 0.668333 0.020833 0.080000
2 0.738333 0.670000 0.058333 0.076667
2 0.791667 0.420000 0.026667 0.035000
2 0.305833 0.720000 0.014167 0.015000
2 0.498333 0.286667 0.034167 0.100000
3 0.800833 0.615000 0.010833 0.013333
3 0.564167 0.671667 0.008333 0.016667
2 0.638333 0.330000 0.045833 0.021667
3 0.300000 0.391667 0.009167 0.016667
3 0.565833 0.243333 0.010000 0.016667
3 0.537500 0.448333 0.017500 0.031667
2 0.448333 0.396667 0.013333 0.070000
2 0.477500 0.306667 0.030833 0.051667
2 0.532500 0.228333 0.030833 0.051667
3 0.799167 0.375000 0.009167 0.023333
2 0.687500 0.641667 0.010833 0.091667
3 0.415833 0.746667 0.008333 0.016667
3 0.270000 0.738333 0.010000 0.020000
2 0.370000 0.353333 0.027500 0.016667
3 0.750833 0.613333 0.008333 0.021667
2 0.356667 0.721667 0.009167 0.040000
3 0.425833 0.728333 0.009167 0.015000
2 0.576667 0.716667 0.011667 0.066667
2 0.533333 0.641667 0.030833 0.051667
3 0.347500 0.786667 0.007500 0.015000
2 0.276667 0.748333 0.019167 0.046667
3 0.703333 0.406667 0.009167 0.018333
2 0.685000 0.671667 0.048333 0.025000
2 0.685000 0.428333 0.013333 0.070000
3 0.713333 0.631667 0.008333 0.016667
2 0.276667 0.368333 0.011667 0.025000
2 0.261667 0.676667 0.021667 0.090000
3 0.655833 0.668333 0.009167 0.016667
3 0.391667 0.373333 0.010833 0.013333
2 0.331667 0.398333 0.009167 0.040000
3 0.324167 0.743333 0.007500 0.018333
2 0.575833 0.651667 0.023333 0.041667
3 0.220000 0.658333 0.009167 0.023333
3 0.805833 0.640000 0.007500 0.015000
2 0.356667 0.675000 0.026667 0.035000
2 0.779167 0.590000 0.020833 0.028333
3 0.149167 0.666667 0.014167 0.025000
3 0.354167 0.386667 0.006667 0.018333
3 0.705833 0.678333 0.009167 0.016667
2 0.585000 0.420000 0.009167 0.040000
3 0.375000 0.320000 0.010833 0.023333
3 0.474167 0.368333 0.011667 0.020000
2 0.769167 0.693333 0.030833 0.051667
3 0.803333 0.416667 0.007500 0.015000
2 0.405000 0.355000 0.009167 0.040000
3 0.778333 0.656667 0.008333 0.016667
2 0.668333 0.618333 0.015833 0.068333
3 0.595833 0.338333 0.008333 0.021667
2 0.713333 0.998333 0.020833 0.001667
2 0.550000 0.353333 0.017500 0.116667
3 0.722500 0.615000 0.009167 0.016667
2 0.224167 0.326667 0.011667 0.066667
2 0.536667 0.731667 0.014167 0.015000
2 0.487500 0.813333 0.010833 0.091667
2 0.639167 0.626667 0.023333 0.041667
2 0.757500 0.415000 0.013333 0.070000
2 0.698333 0.421667 0.020833 0.028333
2 0.406667 0.391667 0.010833 0.091667
2 0.722500 0.581667 0.015833 0.068333
3 0.563333 0.665000 0.009167 0.023333
2 0.341667 0.661667 0.048333 0.043333
2 0.770000 0.413333 0.020833 0.028333
2 0.721667 0.400000 0.017500 0.116667
3 0.780000 0.325000 0.008333 0.016667
2 0.655000 0.705000 0.010833 0.091667
3 0.447500 0.655000 0.011667 0.020000
2 0.743333 0.615000 0.029167 0.038333
2 0.460833 0.121667 0.019167 0.046667
2 0.741667 0.568333 0.035000 0.105000
2 0.305000 0.705000 0.015833 0.068333
2 0.331667 0.231667 0.022500 0.023333
2 0.690000 0.593333 0.011667 0.066667
2 0.777500 0.405000 0.011667 0.025000
3 0.697500 0.675000 0.008333 0.021667
3 0.671667 0.628333 0.007500 0.018333
3 0.314167 0.645000 0.009167 0.016667
2 0.266667 0.721667 0.010000 0.031667
3 0.275000 0.393333 0.010000 0.016667
3 0.275833 0.821667 0.008333 0.016667
2 0.732500 0.718333 0.020833 0.080000
3 0.365833 0.666667 0.008333 0.016667
3 0.788333 0.341667 0.013333 0.015000
2 0.460000 0.290000 0.027500 0.016667
2 0.807500 0.621667 0.020833 0.028333
2 0.251667 0.388333 0.017500 0.116667
3 0.190000 0.410000 0.015833 0.051667
2 0.505000 0.346667 0.020833 0.028333
2 0.675000 0.453333 0.021667 0.090000
2 0.810000 0.365000 0.011667 0.066667
2 0.380000 0.368333 0.034167 0.038333
3 0.376667 0.318333 0.007500 0.018333
2 0.795833 0.661667 0.023333 0.041667
3 0.225000 0.413333 0.008333 0.021667
3 0.580833 0.758333 0.008333 0.016667
2 0.685000 0.608333 0.009167 0.040000
3 0.673333 0.338333 0.017500 0.031667
2 0.685833 0.646667 0.021667 0.090000
2 0.552500 0.646667 0.019167 0.046667
2 0.815000 0.445000 0.023333 0.106667
3 0.566667 0.663333 0.014167 0.025000
2 0.339167 0.711667 0.010000 0.031667
2 0.770000 0.388333 0.009167 0.031667
2 0.670000 0.598333 0.045833 0.021667
3 0.800000 0.381667 0.008333 0.016667
2 0.350000 0.686667 0.030833 0.051667
2 0.803333 0.315000 0.011667 0.066667
3 0.508333 0.345000 0.011667 0.020000
3 0.690000 0.358333 0.009167 0.016667
2 0.647500 0.616667 0.019167 0.046667
2 0.442500 0.700000 0.045833 0.021667
3 0.688333 0.605000 0.010000 0.020000
2 0.706667 0.586667 0.035000 0.105000
3 0.390833 0.706667 0.013333 0.031667
2 0.765833 0.623333 0.035000 0.105000
3 0.781667 0.598333 0.007500 0.018333
3 0.633333 0.436667 0.006667 0.018333
3 0.748333 0.703333 0.008333 0.016667
2 0.542500 0.660000 0.030833 0.051667
2 0.347500 0.383333 0.011667 0.066667
2 0.361667 0.593333 0.009167 0.040000
2 0.750833 0.325000 0.009167 0.031667
3 0.437500 0.850000 0.009167 0.023333
3 0.685000 0.640000 0.007500 0.015000
2 0.783333 0.415000 0.029167 0.038333
3 0.218333 0.633333 0.007500 0.015000
3 0.322500 0.351667 0.007500 0.015000
2 0.306667 0.385000 0.034167 0.100000
3 0.358333 0.611667 0.007500 0.016667
2 0.691667 0.385000 0.022500 0.023333
3 0.495000 0.343333 0.009167 0.016667
3 0.584167 0.615000 0.009167 0.016667
3 0.143333 0.653333 0.007500 0.015000
3 0.295833 0.863333 0.009167 0.016667
2 0.666667 0.620000 0.048333 0.025000
3 0.459167 0.693333 0.009167 0.016667
3 0.305833 0.675000 0.010833 0.023333
3 0.734167 0.401667 0.009167 0.023333
3 0.690000 0.358333 0.009167 0.018333
3 0.247500 0.673333 0.010000 0.016667
3 0.443333 0.720000 0.009167 0.016667
3 0.644167 0.388333 0.011667 0.030000
2 0.338333 0.361667 0.020833 0.028333
3 0.717500 0.630000 0.014167 0.025000
2 0.655833 0.638333 0.011667 0.066667
2 0.453333 0.115000 0.045833 0.021667
3 0.295000 0.863333 0.010833 0.023333
2 0.279167 0.638333 0.014167 0.015000
2 0.742500 0.665000 0.011667 0.025000
2 0.758333 0.383333 0.020833 0.080000
3 0.703333 0.630000 0.009167 0.015000
3 0.637500 0.688333 0.015833 0.051667
2 0.470000 0.681667 0.097500 0.053333
2 0.770833 0.613333 0.026667 0.035000
3 0.193333 0.391667 0.010000 0.016667
2 0.570000 0.613333 0.020000 0.021667
3 0.286667 0.718333 0.009167 0.016667
2 0.306667 0.380000 0.015833 0.068333
3 0.267500 0.733333 0.010000 0.020000
3 0.677500 0.728333 0.008333 0.021667
