4 0.833333 0.381667 0.174167 0.360000
4 0.877500 0.566667 0.053333 0.105000
4 0.840833 0.403333 0.046667 0.021667
4 0.807500 0.496667 0.080833 0.048333
4 0.836667 0.628333 0.127500 0.091667
4 0.796667 0.400000 0.160000 0.208333
4 0.840833 0.528333 0.076667 0.168333
4 0.817500 0.570000 0.086667 0.051667
4 0.811667 0.541667 0.132500 0.216667
4 0.797500 0.281667 0.140000 0.243333
4 0.295833 0.473333 0.128333 0.198333
4 0.677500 0.605000 0.095000 0.201667
4 0.205833 0.588333 0.094167 0.088333
4 0.768333 0.576667 0.053333 0.121667
4 0.676667 0.470000 0.083333 0.065000
4 0.325833 0.558333 0.164167 0.140000
4 0.646667 0.513333 0.051667 0.101667
4 0.570000 0.541667 0.110000 0.030000
4 0.513333 0.521667 0.060000 0.031667
4 0.022500 0.495000 0.045000 0.098333
3 0.355000 0.576667 0.009167 0.016667
2 0.280833 0.490000 0.009167 0.040000
3 0.110833 0.448333 0.008333 0.016667
3 0.272500 0.493333 0.011667 0.020000
2 0.522500 0.566667 0.020833 0.028333
2 0.297500 0.601667 0.030833 0.051667
2 0.322500 0.490000 0.020833 0.080000
3 0.163333 0.468333 0.010000 0.020000
2 0.015833 0.495000 0.032500 0.021667
2 0.162500 0.523333 0.026667 0.035000
3 0.388333 0.536667 0.008333 0.016667
3 0.050000 0.500000 0.013333 0.015000
3 0.305833 0.513333 0.010000 0.020000
2 0.792500 0.503333 0.045833 0.021667
3 0.137500 0.525000 0.013333 0.015000
3 0.610000 0.591667 0.008333 0.016667
3 0.342500 0.448333 0.007500 0.016667
2 0.820000 0.621667 0.026667 0.035000
2 0.111667 0.460000 0.027500 0.016667
2 0.416667 0.613333 0.045833 0.021667
2 0.644167 0.498333 0.021667 0.090000
2 0.245000 0.471667 0.058333 0.076667
2 0.545833 0.510000 0.014167 0.015000
3 0.221667 0.518333 0.010833 0.013333
3 0.487500 0.538333 0.011667 0.030000
2 0.477500 0.571667 0.027500 0.016667
2 0.057500 0.535000 0.010000 0.031667
3 0.393333 0.485000 0.007500 0.015000
3 0.393333 0.498333 0.008333 0.016667
2 0.298333 0.613333 0.009167 0.031667
3 0.394167 0.486667 0.008333 0.016667
2 0.098333 0.611667 0.021667 0.090000
3 0.335000 0.573333 0.007500 0.018333
2 0.137500 0.578333 0.011667 0.066667
3 0.320833 0.441667 0.009167 0.016667
2 0.380833 0.466667 0.020833 0.080000
3 0.510000 0.510000 0.007500 0.018333
2 0.266667 0.518333 0.034167 0.038333
2 0.735833 0.508333 0.020000 0.021667
2 0.215000 0.563333 0.020833 0.028333
2 0.710833 0.500000 0.011667 0.066667
3 0.326667 0.586667 0.013333 0.031667
2 0.196667 0.543333 0.023333 0.106667
2 0.380000 0.521667 0.048333 0.025000
2 0.370833 0.566667 0.027500 0.016667
2 0.399167 0.455000 0.029167 0.038333
2 0.125000 0.431667 0.035000 0.105000
3 0.192500 0.513333 0.013333 0.015000
3 0.260000 0.523333 0.006667 0.018333
3 0.226667 0.478333 0.007500 0.015000
3 0.709167 0.458333 0.008333 0.016667
3 0.425833 0.528333 0.007500 0.018333
2 0.153333 0.553333 0.020833 0.080000
3 0.400833 0.576667 0.009167 0.016667
2 0.042500 0.511667 0.011667 0.066667
2 0.197500 0.505000 0.015833 0.068333
2 0.458333 0.475000 0.023333 0.106667
2 0.615000 0.455000 0.015833 0.068333
3 0.480000 0.505000 0.008333 0.016667
2 0.431667 0.503333 0.020833 0.080000
2 0.137500 0.495000 0.020833 0.080000
2 0.706667 0.538333 0.020833 0.080000
2 0.800833 0.481667 0.011667 0.025000
2 0.244167 0.513333 0.019167 0.046667
3 0.776667 0.501667 0.015833 0.051667
3 0.545833 0.488333 0.010000 0.016667
2 0.355833 0.585000 0.013333 0.070000
2 0.392500 0.493333 0.010833 0.091667
3 0.416667 0.570000 0.010000 0.020000
2 0.141667 0.478333 0.019167 0.046667
2 0.416667 0.510000 0.030833 0.051667
2 0.043333 0.493333 0.087500 0.053333
3 0.688333 0.588333 0.008333 0.016667
2 0.645000 0.458333 0.048333 0.043333
2 0.651667 0.590000 0.009167 0.031667
3 0.336667 0.596667 0.008333 0.016667
3 0.665833 0.573333 0.009167 0.016667
3 0.550000 0.526667 0.006667 0.018333
2 0.442500 0.635000 0.034167 0.100000
2 0.660833 0.520000 0.010000 0.031667
2 0.280000 0.590000 0.034167 0.038333
2 0.340833 0.531667 0.023333 0.041667
2 0.425000 0.618333 0.027500 0.016667
3 0.788333 0.570000 0.008333 0.016667
3 0.647500 0.526667 0.009167 0.018333
2 0.686667 0.580000 0.022500 0.023333
3 0.047500 0.588333 0.015833 0.051667
3 0.675000 0.538333 0.010000 0.016667
3 0.243333 0.448333 0.011667 0.020000
3 0.760000 0.468333 0.007500 0.015000
2 0.110833 0.531667 0.030833 0.051667
2 0.243333 0.476667 0.009167 0.040000
3 0.335000 0.495000 0.013333 0.015000
3 0.784167 0.511667 0.009167 0.015000
2 0.132500 0.428333 0.009167 0.040000
2 0.630833 0.573333 0.017500 0.116667
3 0.555833 0.571667 0.008333 0.016667
3 0.348333 0.543333 0.010000 0.016667
3 0.675000 0.546667 0.007500 0.015000
2 0.020833 0.555000 0.041667 0.053333
2 0.297500 0.516667 0.010000 0.031667
2 0.347500 0.536667 0.010833 0.091667
3 0.516667 0.656667 0.014167 0.025000
2 0.423333 0.720000 0.020833 0.080000
3 0.332500 0.761667 0.011667 0.030000
2 0.337500 0.201667 0.020833 0.080000
2 0.725000 0.381667 0.026667 0.035000
2 0.733333 0.598333 0.017500 0.116667
2 0.442500 0.736667 0.020833 0.080000
2 0.538333 0.656667 0.009167 0.031667
3 0.720833 0.375000 0.010833 0.013333
2 0.722500 0.348333 0.097500 0.053333
3 0.641667 0.441667 0.011667 0.020000
3 0.330000 0.276667 0.011667 0.030000
2 0.303333 0.405000 0.022500 0.023333
2 0.597500 0.375000 0.022500 0.023333
2 0.550833 0.646667 0.009167 0.040000
2 0.255833 0.668333 0.048333 0.025000
3 0.308333 0.723333 0.017500 0.031667
3 0.219167 0.665000 0.008333 0.016667
2 0.472500 0.303333 0.023333 0.106667
2 0.380000 0.336667 0.035000 0.105000
3 0.383333 0.368333 0.014167 0.025000
3 0.767500 0.368333 0.007500 0.015000
2 0.726667 0.651667 0.011667 0.066667
2 0.444167 0.661667 0.030833 0.051667
3 0.688333 0.355000 0.010833 0.023333
2 0.701667 0.260000 0.034167 0.100000
2 0.520000 0.706667 0.010833 0.091667
3 0.735000 0.400000 0.008333 0.016667
3 0.785000 0.688333 0.010833 0.023333
2 0.598333 0.406667 0.097500 0.053333
3 0.440833 0.653333 0.010000 0.020000
2 0.421667 0.840000 0.021667 0.090000
2 0.490833 0.265000 0.022500 0.023333
3 0.768333 0.315000 0.011667 0.020000
2 0.615000 0.351667 0.026667 0.035000
3 0.785833 0.396667 0.009167 0.016667
3 0.704167 0.325000 0.009167 0.016667
3 0.725833 0.350000 0.007500 0.018333
2 0.257500 0.415000 0.058333 0.076667
2 0.578333 0.641667 0.021667 0.090000
3 0.344167 0.725000 0.011667 0.020000
2 0.760000 0.305000 0.011667 0.066667
2 0.706667 0.340000 0.048333 0.043333
2 0.775833 0.361667 0.010000 0.031667
2 0.686667 0.373333 0.017500 0.116667
3 0.386667 0.391667 0.009167 0.016667
2 0.249167 0.746667 0.015833 0.068333
3 0.789167 0.645000 0.009167 0.016667
3 0.453333 0.728333 0.007500 0.015000
2 0.740000 0.600000 0.029167 0.038333
2 0.731667 0.463333 0.013333 0.070000
2 0.430000 0.921667 0.034167 0.100000
2 0.781667 0.425000 0.022500 0.023333
2 0.677500 0.693333 0.023333 0.106667
2 0.708333 0.706667 0.020833 0.080000
2 0.565000 0.616667 0.048333 0.025000
3 0.686667 0.631667 0.013333 0.015000
2 0.799167 0.405000 0.019167 0.046667
2 0.754167 0.626667 0.019167 0.046667
3 0.681667 0.385000 0.007500 0.015000
2 0.580833 0.120000 0.035000 0.105000
2 0.458333 0.663333 0.014167 0.015000
3 0.540833 0.281667 0.009167 0.016667
2 0.746667 0.311667 0.017500 0.116667
3 0.670833 0.360000 0.015833 0.051667
3 0.661667 0.436667 0.008333 0.016667
2 0.434167 0.310000 0.011667 0.066667
2 0.357500 0.808333 0.010833 0.091667
2 0.794167 0.433333 0.020833 0.080000
2 0.588333 0.726667 0.015833 0.068333
3 0.418333 0.348333 0.010833 0.013333
3 0.566667 0.381667 0.009167 0.018333
2 0.474167 0.281667 0.058333 0.076667
2 0.524167 0.678333 0.021667 0.090000
3 0.582500 0.736667 0.009167 0.016667
3 0.585000 0.361667 0.009167 0.016667
3 0.511667 0.335000 0.017500 0.031667
2 0.709167 0.668333 0.034167 0.038333
2 0.652500 0.248333 0.097500 0.053333
3 0.573333 0.385000 0.007500 0.015000
3 0.460000 0.115000 0.009167 0.016667
2 0.740833 0.605000 0.020000 0.021667
2 0.556667 0.370000 0.020000 0.021667
2 0.648333 0.626667 0.097500 0.053333
2 0.690000 0.628333 0.048333 0.043333
2 0.566667 0.678333 0.034167 0.100000
2 0.515000 0.698333 0.021667 0.090000
3 0.704167 0.408333 0.008333 0.016667
3 0.739167 0.656667 0.007500 0.015000
2 0.332500 0.378333 0.011667 0.066667
2 0.542500 0.400000 0.026667 0.035000
3 0.790000 0.375000 0.009167 0.023333
3 0.683333 0.413333 0.010833 0.023333
3 0.819167 0.370000 0.013333 0.031667
3 0.623333 0.385000 0.007500 0.018333
2 0.440833 0.653333 0.015833 0.068333
2 0.455000 0.775000 0.034167 0.038333
2 0.472500 0.726667 0.019167 0.046667
2 0.705000 0.398333 0.019167 0.046667
3 0.682500 0.430000 0.013333 0.031667
2 0.269167 0.648333 0.015833 0.068333
2 0.311667 0.723333 0.020833 0.028333
2 0.316667 0.350000 0.020000 0.021667
2 0.280000 0.708333 0.014167 0.015000
3 0.270833 0.716667 0.010000 0.020000
3 0.807500 0.633333 0.006667 0.018333
3 0.747500 0.413333 0.009167 0.016667
2 0.635833 0.408333 0.045833 0.021667
3 0.553333 0.640000 0.010000 0.020000
3 0.299167 0.396667 0.008333 0.016667
3 0.411667 0.683333 0.013333 0.031667
2 0.230833 0.703333 0.035000 0.105000
3 0.468333 0.261667 0.006667 0.018333
3 0.266667 0.703333 0.013333 0.031667
2 0.400833 0.763333 0.021667 0.090000
3 0.298333 0.646667 0.013333 0.015000
2 0.468333 0.295000 0.019167 0.046667
3 0.461667 0.665000 0.007500 0.018333
2 0.480000 0.266667 0.022500 0.023333
2 0.613333 0.806667 0.010833 0.091667
2 0.240833 0.760000 0.097500 0.053333
3 0.711667 0.448333 0.008333 0.016667
2 0.524167 0.373333 0.019167 0.046667
3 0.578333 0.648333 0.017500 0.031667
2 0.728333 0.371667 0.011667 0.025000
2 0.689167 0.663333 0.022500 0.023333
2 0.270833 0.660000 0.030833 0.051667
2 0.303333 0.346667 0.020000 0.021667
3 0.530833 0.651667 0.008333 0.016667
2 0.431667 0.648333 0.011667 0.025000
2 0.433333 0.753333 0.020000 0.021667
3 0.676667 0.393333 0.008333 0.016667
3 0.729167 0.645000 0.009167 0.016667
2 0.615000 0.353333 0.015833 0.068333
2 0.588333 0.341667 0.023333 0.041667
2 0.534167 0.336667 0.019167 0.046667
3 0.760833 0.375000 0.009167 0.023333
3 0.238333 0.335000 0.007500 0.016667
3 0.225833 0.336667 0.009167 0.018333
3 0.435833 0.691667 0.010000 0.016667
2 0.538333 0.230000 0.020833 0.028333
3 0.339167 0.390000 0.009167 0.023333
2 0.669167 0.396667 0.097500 0.053333
3 0.343333 0.233333 0.009167 0.016667
3 0.347500 0.786667 0.007500 0.016667
3 0.693333 0.663333 0.013333 0.031667
3 0.295000 0.286667 0.009167 0.023333
3 0.635000 0.621667 0.011667 0.020000
3 0.523333 0.436667 0.011667 0.030000
2 0.778333 0.378333 0.023333 0.041667
2 0.795000 0.355000 0.026667 0.035000
3 0.535000 0.271667 0.017500 0.031667
2 0.424167 0.155000 0.048333 0.043333
3 0.747500 0.413333 0.010000 0.020000
3 0.730833 0.725000 0.009167 0.016667
2 0.290000 0.341667 0.045833 0.021667
2 0.722500 0.281667 0.030833 0.051667
3 0.684167 0.686667 0.009167 0.016667
3 0.732500 0.396667 0.013333 0.015000
2 0.734167 0.726667 0.034167 0.100000
2 0.677500 0.391667 0.010833 0.091667
3 0.720000 0.428333 0.007500 0.018333
3 0.735833 0.415000 0.008333 0.016667
3 0.620000 0.678333 0.009167 0.016667
3 0.483333 0.810000 0.007500 0.015000
2 0.258333 0.771667 0.030833 0.051667
3 0.779167 0.701667 0.008333 0.016667
2 0.262500 0.733333 0.020833 0.080000
3 0.284167 0.335000 0.009167 0.016667
3 0.340000 0.671667 0.010000 0.016667
2 0.591667 0.316667 0.015833 0.068333
2 0.809167 0.650000 0.010833 0.091667
3 0.593333 0.411667 0.009167 0.023333
3 0.295000 0.283333 0.010000 0.016667
3 0.193333 0.393333 0.009167 0.016667
3 0.692500 0.370000 0.008333 0.016667
2 0.774167 0.643333 0.020833 0.080000
3 0.621667 0.396667 0.007500 0.016667
2 0.779167 0.411667 0.013333 0.070000
3 0.695833 0.661667 0.013333 0.015000
2 0.265000 0.811667 0.029167 0.038333
2 0.360833 0.440000 0.023333 0.106667
3 0.403333 0.695000 0.007500 0.016667
2 0.292500 0.710000 0.009167 0.040000
3 0.618333 0.641667 0.010833 0.013333
2 0.719167 0.331667 0.011667 0.025000
2 0.801667 0.353333 0.035000 0.105000
3 0.360833 0.718333 0.009167 0.018333
2 0.484167 0.401667 0.013333 0.070000
2 0.680833 0.393333 0.023333 0.106667
3 0.606667 0.323333 0.009167 0.015000
2 0.710000 0.426667 0.034167 0.038333
2 0.712500 0.410000 0.030833 0.051667
3 0.242500 0.855000 0.010000 0.016667
2 0.337500 0.868333 0.020000 0.021667
2 0.762500 0.365000 0.017500 0.116667
2 0.705833 0.691667 0.023333 0.106667
3 0.756667 0.368333 0.009167 0.015000
