4 0.789167 0.530000 0.173333 0.103333
4 0.809167 0.433333 0.101667 0.106667
4 0.838333 0.685000 0.073333 0.138333
4 0.825833 0.563333 0.088333 0.046667
4 0.826667 0.446667 0.064167 0.038333
4 0.817500 0.493333 0.106667 0.053333
4 0.788333 0.668333 0.191667 0.290000
4 0.761667 0.686667 0.145833 0.246667
4 0.812500 0.463333 0.080000 0.125000
4 0.905000 0.596667 0.045833 0.036667
4 0.719167 0.448333 0.140833 0.185000
4 0.627500 0.528333 0.118333 0.040000
4 0.301667 0.541667 0.056667 0.041667
4 0.704167 0.393333 0.151667 0.331667
4 0.125833 0.641667 0.081667 0.155000
4 0.558333 0.573333 0.154167 0.110000
4 0.349167 0.560000 0.081667 0.133333
4 0.761667 0.450000 0.072500 0.065000
4 0.024167 0.523333 0.049167 0.058333
4 0.510833 0.533333 0.050000 0.061667
2 0.738333 0.586667 0.010833 0.091667
2 0.133333 0.535000 0.011667 0.066667
2 0.551667 0.570000 0.019167 0.046667
3 0.043333 0.581667 0.007500 0.015000
2 0.235000 0.558333 0.020833 0.080000
3 0.344167 0.478333 0.014167 0.025000
2 0.402500 0.548333 0.030833 0.051667
2 0.436667 0.466667 0.034167 0.038333
2 0.132500 0.538333 0.020000 0.021667
2 0.675000 0.485000 0.017500 0.116667
2 0.088333 0.606667 0.030833 0.051667
2 0.524167 0.523333 0.020833 0.028333
3 0.083333 0.543333 0.011667 0.030000
2 0.115000 0.510000 0.009167 0.040000
3 0.338333 0.443333 0.009167 0.018333
2 0.268333 0.565000 0.034167 0.100000
3 0.058333 0.543333 0.008333 0.016667
3 0.247500 0.570000 0.010000 0.020000
2 0.584167 0.586667 0.030833 0.051667
2 0.551667 0.556667 0.022500 0.023333
2 0.661667 0.540000 0.020000 0.021667
3 0.117500 0.461667 0.010833 0.023333
3 0.652500 0.553333 0.013333 0.015000
3 0.062500 0.560000 0.009167 0.016667
2 0.485833 0.596667 0.027500 0.016667
3 0.467500 0.593333 0.007500 0.015000
3 0.375000 0.561667 0.009167 0.016667
2 0.370833 0.530000 0.022500 0.023333
2 0.257500 0.580000 0.048333 0.025000
3 0.519167 0.523333 0.013333 0.015000
2 0.325833 0.621667 0.027500 0.016667
2 0.671667 0.535000 0.020833 0.080000
2 0.425833 0.566667 0.015833 0.068333
2 0.135000 0.566667 0.009167 0.040000
3 0.685000 0.548333 0.007500 0.018333
2 0.286667 0.518333 0.048333 0.043333
3 0.780000 0.501667 0.011667 0.030000
2 0.739167 0.553333 0.048333 0.025000
2 0.253333 0.576667 0.027500 0.016667
3 0.145833 0.538333 0.009167 0.016667
3 0.580833 0.510000 0.007500 0.018333
3 0.335833 0.560000 0.007500 0.018333
2 0.169167 0.603333 0.017500 0.116667
3 0.807500 0.561667 0.009167 0.015000
2 0.071667 0.615000 0.021667 0.090000
2 0.174167 0.553333 0.020833 0.080000
3 0.338333 0.553333 0.009167 0.023333
2 0.410000 0.440000 0.029167 0.038333
3 0.740000 0.553333 0.009167 0.023333
3 0.293333 0.591667 0.007500 0.018333
3 0.130833 0.441667 0.009167 0.015000
3 0.192500 0.498333 0.009167 0.018333
2 0.643333 0.476667 0.035000 0.105000
3 0.289167 0.478333 0.009167 0.016667
2 0.605000 0.476667 0.020833 0.028333
2 0.615000 0.593333 0.020000 0.021667
2 0.695833 0.551667 0.020833 0.028333
3 0.734167 0.551667 0.009167 0.015000
2 0.760000 0.588333 0.048333 0.025000
3 0.680000 0.513333 0.010833 0.013333
2 0.257500 0.495000 0.022500 0.023333
3 0.032500 0.573333 0.007500 0.015000
3 0.736667 0.521667 0.009167 0.016667
3 0.634167 0.455000 0.007500 0.015000
3 0.820000 0.525000 0.009167 0.016667
3 0.364167 0.543333 0.009167 0.018333
3 0.653333 0.543333 0.008333 0.016667
3 0.722500 0.575000 0.007500 0.015000
2 0.058333 0.498333 0.023333 0.041667
2 0.595000 0.506667 0.034167 0.100000
3 0.493333 0.463333 0.009167 0.016667
2 0.400000 0.540000 0.009167 0.031667
3 0.302500 0.516667 0.010000 0.020000
3 0.211667 0.513333 0.014167 0.025000
3 0.714167 0.531667 0.008333 0.016667
2 0.312500 0.605000 0.010833 0.091667
3 0.174167 0.500000 0.007500 0.015000
2 0.108333 0.440000 0.020833 0.028333
3 0.157500 0.480000 0.010833 0.023333
2 0.307500 0.536667 0.027500 0.016667
3 0.639167 0.475000 0.010833 0.013333
2 0.483333 0.485000 0.011667 0.025000
2 0.392500 0.526667 0.027500 0.016667
3 0.692500 0.486667 0.014167 0.025000
3 0.815833 0.490000 0.010000 0.020000
3 0.317500 0.528333 0.013333 0.031667
3 0.471667 0.476667 0.010833 0.013333
3 0.776667 0.510000 0.017500 0.031667
3 0.680833 0.560000 0.007500 0.015000
3 0.531667 0.550000 0.008333 0.021667
3 0.667500 0.553333 0.007500 0.015000
2 0.350833 0.551667 0.011667 0.066667
2 0.202500 0.513333 0.015833 0.068333
3 0.233333 0.453333 0.009167 0.016667
3 0.725000 0.501667 0.009167 0.016667
3 0.468333 0.561667 0.007500 0.018333
2 0.599167 0.556667 0.011667 0.025000
2 0.680000 0.555000 0.019167 0.046667
3 0.324167 0.491667 0.009167 0.016667
2 0.655000 0.581667 0.013333 0.070000
2 0.589167 0.533333 0.011667 0.066667
3 0.770000 0.501667 0.013333 0.015000
2 0.554167 0.650000 0.019167 0.046667
3 0.655000 0.656667 0.013333 0.015000
2 0.784167 0.411667 0.045833 0.021667
2 0.344167 0.703333 0.011667 0.066667
2 0.776667 0.645000 0.010833 0.091667
3 0.731667 0.650000 0.007500 0.015000
3 0.687500 0.401667 0.007500 0.018333
3 0.685833 0.330000 0.013333 0.031667
2 0.703333 0.405000 0.010000 0.031667
2 0.640833 0.615000 0.011667 0.066667
3 0.313333 0.238333 0.011667 0.030000
2 0.674167 0.440000 0.014167 0.015000
2 0.776667 0.701667 0.010000 0.031667
3 0.730833 0.648333 0.009167 0.015000
2 0.308333 0.708333 0.034167 0.038333
2 0.508333 0.661667 0.034167 0.038333
2 0.380833 0.373333 0.023333 0.041667
3 0.666667 0.443333 0.009167 0.018333
3 0.240833 0.351667 0.006667 0.018333
2 0.136667 0.685000 0.020833 0.080000
2 0.791667 0.768333 0.020833 0.080000
3 0.485833 0.373333 0.009167 0.015000
3 0.799167 0.631667 0.007500 0.018333
3 0.644167 0.630000 0.009167 0.018333
2 0.657500 0.710000 0.027500 0.016667
3 0.807500 0.648333 0.011667 0.030000
2 0.309167 0.685000 0.009167 0.040000
2 0.535833 0.350000 0.045833 0.021667
2 0.675833 0.431667 0.011667 0.066667
2 0.540833 0.278333 0.010000 0.031667
3 0.782500 0.423333 0.008333 0.021667
2 0.435000 0.820000 0.021667 0.090000
2 0.452500 0.330000 0.030833 0.051667
3 0.291667 0.268333 0.009167 0.018333
2 0.300000 0.393333 0.009167 0.031667
3 0.625833 0.370000 0.015833 0.051667
2 0.605000 0.606667 0.035000 0.105000
2 0.652500 0.648333 0.013333 0.070000
3 0.527500 0.415000 0.010000 0.020000
2 0.741667 0.406667 0.030833 0.051667
3 0.223333 0.305000 0.010000 0.016667
3 0.474167 0.813333 0.013333 0.015000
3 0.329167 0.336667 0.017500 0.031667
3 0.677500 0.623333 0.009167 0.016667
3 0.694167 0.356667 0.015833 0.051667
3 0.517500 0.291667 0.009167 0.018333
3 0.764167 0.411667 0.009167 0.015000
3 0.367500 0.678333 0.010000 0.016667
2 0.565000 0.681667 0.011667 0.025000
2 0.383333 0.373333 0.014167 0.015000
2 0.358333 0.673333 0.011667 0.066667
2 0.505000 0.820000 0.014167 0.015000
2 0.449167 0.363333 0.011667 0.025000
2 0.524167 0.631667 0.026667 0.035000
2 0.315000 0.760000 0.027500 0.016667
2 0.676667 0.290000 0.026667 0.035000
2 0.641667 0.650000 0.027500 0.016667
2 0.664167 0.445000 0.030833 0.051667
2 0.700000 0.468333 0.030833 0.051667
3 0.685000 0.376667 0.010000 0.016667
2 0.636667 0.628333 0.015833 0.068333
2 0.773333 0.713333 0.034167 0.100000
3 0.656667 0.403333 0.007500 0.018333
3 0.730000 0.303333 0.009167 0.016667
3 0.780833 0.650000 0.009167 0.023333
2 0.323333 0.416667 0.009167 0.031667
3 0.388333 0.645000 0.010833 0.013333
2 0.462500 0.303333 0.011667 0.025000
2 0.168333 0.411667 0.013333 0.070000
2 0.770000 0.361667 0.019167 0.046667
3 0.202500 0.661667 0.008333 0.016667
2 0.435833 0.811667 0.023333 0.041667
2 0.698333 0.240000 0.009167 0.040000
3 0.435000 0.693333 0.010833 0.023333
2 0.784167 0.660000 0.010000 0.031667
3 0.585833 0.641667 0.008333 0.016667
3 0.678333 0.663333 0.007500 0.015000
3 0.530000 0.353333 0.007500 0.018333
2 0.355833 0.638333 0.009167 0.040000
3 0.800000 0.410000 0.009167 0.018333
3 0.527500 0.410000 0.009167 0.023333
3 0.640000 0.671667 0.010000 0.016667
2 0.730833 0.405000 0.029167 0.038333
3 0.558333 0.371667 0.007500 0.018333
3 0.638333 0.673333 0.014167 0.025000
2 0.249167 0.193333 0.045833 0.021667
3 0.682500 0.406667 0.017500 0.031667
2 0.016667 0.595000 0.034167 0.043333
2 0.545000 0.445000 0.013333 0.070000
2 0.217500 0.393333 0.048333 0.025000
2 0.300833 0.670000 0.023333 0.041667
2 0.785833 0.705000 0.019167 0.046667
3 0.473333 0.296667 0.014167 0.025000
2 0.325000 0.408333 0.026667 0.035000
3 0.388333 0.363333 0.007500 0.015000
3 0.400000 0.653333 0.009167 0.018333
2 0.733333 0.625000 0.035000 0.105000
2 0.552500 0.801667 0.015833 0.068333
2 0.237500 0.665000 0.029167 0.038333
2 0.516667 0.345000 0.034167 0.038333
2 0.695000 0.643333 0.009167 0.040000
3 0.420000 0.840000 0.008333 0.016667
3 0.686667 0.370000 0.007500 0.018333
2 0.570833 0.643333 0.009167 0.031667
2 0.310833 0.671667 0.045833 0.021667
2 0.746667 0.356667 0.034167 0.038333
2 0.422500 0.771667 0.029167 0.038333
3 0.747500 0.395000 0.008333 0.016667
2 0.402500 0.723333 0.020833 0.080000
2 0.440833 0.681667 0.035000 0.105000
2 0.475833 0.195000 0.034167 0.038333
2 0.345833 0.745000 0.011667 0.066667
2 0.488333 0.320000 0.015833 0.068333
3 0.305833 0.321667 0.008333 0.016667
2 0.741667 0.613333 0.020000 0.021667
2 0.275000 0.375000 0.009167 0.040000
2 0.343333 0.213333 0.009167 0.040000
3 0.481667 0.376667 0.008333 0.016667
3 0.310000 0.385000 0.008333 0.016667
2 0.719167 0.606667 0.023333 0.041667
3 0.522500 0.405000 0.008333 0.016667
3 0.554167 0.645000 0.009167 0.015000
2 0.479167 0.436667 0.020833 0.028333
2 0.497500 0.303333 0.010833 0.091667
3 0.649167 0.715000 0.010000 0.020000
3 0.703333 0.716667 0.008333 0.016667
2 0.439167 0.378333 0.017500 0.116667
3 0.656667 0.430000 0.015833 0.051667
2 0.217500 0.373333 0.097500 0.053333
3 0.265000 0.353333 0.007500 0.015000
2 0.515000 0.633333 0.097500 0.053333
2 0.335833 0.690000 0.027500 0.016667
2 0.625000 0.640000 0.019167 0.046667
2 0.635000 0.413333 0.026667 0.035000
3 0.385000 0.761667 0.013333 0.015000
2 0.720000 0.578333 0.035000 0.105000
3 0.420000 0.840000 0.008333 0.016667
3 0.775833 0.653333 0.010833 0.023333
2 0.680000 0.645000 0.021667 0.090000
2 0.468333 0.353333 0.010833 0.091667
3 0.253333 0.341667 0.008333 0.016667
3 0.515000 0.311667 0.009167 0.016667
2 0.703333 0.436667 0.045833 0.021667
2 0.579167 0.611667 0.020000 0.021667
2 0.780000 0.383333 0.023333 0.041667
2 0.385833 0.753333 0.014167 0.015000
2 0.451667 0.703333 0.027500 0.016667
2 0.412500 0.743333 0.029167 0.038333
2 0.717500 0.641667 0.009167 0.040000
3 0.247500 0.698333 0.007500 0.015000
2 0.429167 0.656667 0.045833 0.021667
2 0.661667 0.386667 0.010000 0.031667
2 0.768333 0.698333 0.023333 0.106667
3 0.311667 0.301667 0.008333 0.016667
3 0.765000 0.668333 0.010833 0.023333
2 0.184167 0.688333 0.010833 0.091667
2 0.635833 0.401667 0.058333 0.076667
3 0.305000 0.788333 0.010833 0.023333
2 0.532500 0.658333 0.045833 0.021667
3 0.505000 0.258333 0.007500 0.015000
3 0.191667 0.648333 0.008333 0.016667
3 0.471667 0.336667 0.010000 0.020000
3 0.465833 0.850000 0.008333 0.021667
3 0.317500 0.713333 0.007500 0.015000
3 0.488333 0.641667 0.010000 0.020000
2 0.572500 0.376667 0.035000 0.105000
3 0.454167 0.646667 0.011667 0.030000
2 0.310833 0.683333 0.020833 0.080000
2 0.782500 0.411667 0.022500 0.023333
2 0.748333 0.280000 0.020833 0.080000
2 0.324167 0.381667 0.020833 0.028333
3 0.777500 0.453333 0.017500 0.031667
3 0.781667 0.648333 0.007500 0.018333
2 0.480833 0.766667 0.045833 0.021667
2 0.337500 0.636667 0.020833 0.080000
3 0.560833 0.276667 0.009167 0.016667
2 0.779167 0.593333 0.015833 0.068333
3 0.337500 0.266667 0.017500 0.031667
2 0.620833 0.363333 0.011667 0.025000
3 0.808333 0.635000 0.011667 0.030000
3 0.170833 0.401667 0.008333 0.016667
3 0.748333 0.623333 0.009167 0.023333
2 0.540000 0.721667 0.013333 0.070000
3 0.610833 0.401667 0.017500 0.031667
2 0.537500 0.641667 0.035000 0.105000
3 0.758333 0.403333 0.006667 0.018333
2 0.300000 0.681667 0.022500 0.023333
2 0.638333 0.343333 0.027500 0.016667
3 0.820833 0.386667 0.009167 0.015000
2 0.429167 0.410000 0.020833 0.080000
2 0.293333 0.356667 0.058333 0.076667
2 0.705833 0.328333 0.035000 0.105000
2 0.524167 0.696667 0.023333 0.106667
2 0.692500 0.338333 0.027500 0.016667
3 0.482500 0.831667 0.011667 0.030000
2 0.545833 0.416667 0.017500 0.116667
3 0.343333 0.871667 0.008333 0.016667
3 0.728333 0.450000 0.006667 0.018333
